6
6
6
6
7
7
7
7
7
7
7
7
7
7
7
7
7
7
7
7
14
14
14
14
14
14
14
14
14
14
14
206
206
206
206
206
206
206
206
206
207
207
207
207
207
207
207
207
207
207
207
207
390
390
390
390
390
390
390
1022
1022
1024
1024
1024
1046
1046
1046
1046
1051
1051
1051
1051
1051
1051
1051
1051
1051
1051
1051
1051
1051
1051
1051
1053
1053
1054
1054
1054
1054
1054
1054
1054
1055
1055
1055
1055
1063
1063
1063
1063
3809
3809
3809
3809
3809
3810
3810
3810
3810
3810
3810
3810
3810
3810
3810
3810
3810
3810
3810
3810
3810
3810
3810
3810
3811
3811
3811
3811
3811
3811
3811
3811
3811
3811
3811
3811
3811
3811
3811
3811
3811
3812
3812
3813
3813
3813
3813
3813
3813
3813
3813
3813
3813
3813
3813
3813
3815
3815
3815
3815
3815
3815
Inf
Inf
Inf
Inf
Inf
Inf
Inf
Inf
Inf
