1
7
7
7
14
17
18
18
51
51
51
51
67
67
67
67
67
67
72
72
72
72
73
73
73
73
73
73
73
73
73
73
73
73
73
73
73
73
73
73
74
74
74
74
74
74
74
74
74
74
524
524
524
524
524
524
524
524
524
524
524
524
525
525
525
525
525
526
526
526
526
526
526
526
1229
1229
1229
1229
1229
1229
1229
1230
1872
1872
1872
2800
2800
2800
2800
2800
2800
2800
2800
2800
2800
2800
2800
2800
4116
4116
4118
4118
4118
4118
4118
4118
4119
4119
4119
4119
4119
4119
4119
4119
4119
4119
4119
4119
4119
4119
4119
4119
4119
4119
4120
4120
4120
4120
4120
4120
4120
4120
4121
4121
4121
4121
4121
4121
4121
4121
4121
4121
4121
4121
4124
4124
4124
4124
4124
4124
4124
4124
4124
4125
4125
9121
9121
9121
9121
9121
9122
9122
9122
9122
9122
Inf
Inf
Inf
Inf
Inf
Inf
