2
2
2
2
2
2
4
4
4
4
4
4
4
4
4
4
4
4
4
4
4
52
54
54
54
54
54
54
54
54
54
488
539
539
539
539
539
539
539
539
539
539
541
578
578
578
578
578
578
578
578
578
578
578
578
578
578
580
581
581
581
581
582
582
582
582
582
582
582
582
582
582
582
582
582
582
1171
1171
1171
1171
1171
1173
1173
1174
1174
1189
1189
1189
1189
1189
1193
1193
1193
1193
1193
1193
1193
1193
1193
3619
3619
3619
3619
3619
3619
3619
3619
3619
3619
3619
3619
3619
3619
3620
3620
3620
3620
4587
4587
4587
4587
4587
4587
4587
4587
4587
4587
4587
4587
8484
8484
8484
8484
8484
8484
8484
8484
8484
8484
8484
8484
8485
8485
8485
8485
8485
8485
8485
8485
8485
8485
8485
8485
8485
8485
8486
8486
8486
8486
8486
8486
8486
8486
8486
8486
8486
8486
8486
8486
8486
8486
