1
1
1
1
1
1
1
1
13
13
13
40
40
40
40
58
58
58
65
67
67
69
69
69
69
69
69
69
69
69
70
70
70
70
70
70
70
70
70
70
70
70
70
70
70
70
73
73
73
73
73
73
73
73
73
73
73
73
73
73
73
73
73
287
287
287
287
287
287
287
287
287
287
287
287
287
287
287
293
357
357
357
357
357
357
357
357
358
358
358
358
358
358
358
358
358
358
358
358
358
358
358
359
1564
1564
1564
1564
1564
1564
1564
1564
1564
1564
1564
1564
1564
1568
1568
1568
4785
4785
13826
13826
13826
13826
13827
13827
13827
13827
13827
13827
13827
13827
13827
13827
13828
13828
13828
13828
13828
13829
13829
13829
13829
13829
13829
13829
13829
13829
13829
13831
13833
13833
13833
13833
13833
13833
13833
13833
13833
13833
13833
13833
18393
18393
18393
18393
18393
18395
18396
18396
