8
8
8
8
8
9
9
9
9
9
9
9
9
9
9
9
9
9
9
10
10
10
10
10
10
10
10
78
78
78
78
78
78
80
80
81
81
81
81
81
81
81
81
81
81
81
82
82
82
82
82
83
83
83
83
83
83
83
83
83
83
83
83
579
579
579
579
580
580
580
580
580
580
580
580
580
580
580
581
581
581
581
581
581
581
583
583
583
583
583
583
583
583
583
583
583
583
585
585
585
585
585
585
585
585
585
585
585
585
586
586
586
586
586
587
587
587
587
587
587
587
587
587
587
2243
2243
2243
2243
2243
2243
2243
2244
2244
2244
2244
2244
2244
2244
2244
2244
2244
2244
2244
2244
2244
2244
2244
2244
2244
2254
2255
2255
2255
2255
2255
2260
2260
2260
2260
2260
2260
2261
2261
2261
2261
2261
2261
2261
2261
2261
2261
