10
10
10
10
10
10
10
10
10
10
10
10
10
10
10
11
11
11
11
11
11
11
35
35
35
35
35
35
35
37
37
37
37
37
37
37
37
37
39
39
39
98
98
98
99
99
99
99
99
99
99
99
99
99
99
99
99
99
99
100
100
100
100
100
100
100
100
100
100
627
628
628
628
628
628
628
628
628
628
1746
1746
1746
1746
1746
1746
1746
2096
2096
2096
2096
2096
2096
2096
2096
2096
2096
2096
2100
2100
2100
2100
2100
2100
2104
2104
2104
2104
2104
2104
2104
2104
2104
2104
2104
2111
2111
2111
2111
2112
2112
2113
2113
2113
2113
2113
2113
2113
2113
2113
2113
2113
2113
2114
2114
2114
2114
18295
18295
Inf
Inf
Inf
Inf
Inf
Inf
Inf
Inf
Inf
Inf
Inf
Inf
Inf
Inf
Inf
Inf
Inf
Inf
Inf
Inf
Inf
Inf
Inf
Inf
Inf
Inf
Inf
Inf
Inf
Inf
Inf
Inf
Inf
