4
4
9
15
15
16
16
16
16
22
22
22
34
34
42
42
42
42
42
42
42
42
46
46
46
46
46
46
46
46
46
46
46
46
46
46
46
46
46
46
47
47
47
47
47
47
47
47
47
47
47
47
279
279
279
291
291
291
291
291
291
291
291
291
291
291
291
291
292
292
292
292
292
292
292
292
292
293
293
293
293
294
294
294
294
294
294
294
294
294
294
294
294
294
294
294
294
294
294
294
295
295
295
295
295
295
295
295
295
4488
4488
4488
4488
4488
4488
4488
4488
4488
4488
4491
4491
4493
4493
4494
4494
4494
4494
4494
4494
4494
4494
4494
4494
4494
4494
4494
4494
4494
4495
4495
4495
4500
4500
4500
4500
4500
4500
4500
4500
4504
4504
4504
4504
4504
4504
4504
4504
4504
4505
4505
4505
4505
4505
4505
4505
4505
4505
4505
4505
4505
4505
