2
2
2
2
20
20
20
26
26
26
26
26
26
26
35
35
35
35
35
35
35
35
35
35
35
36
36
36
36
36
36
36
36
36
36
36
36
36
55
55
55
55
55
55
55
55
55
209
209
209
209
209
210
210
210
210
210
210
210
830
830
830
833
833
833
833
834
834
1200
1200
1200
1200
1200
1200
1201
1201
1201
1201
1218
1218
1218
1218
1218
1218
1218
1218
1218
1218
1218
1742
1742
1742
1742
2452
2452
2452
2452
2452
2452
2452
2452
2452
2452
2452
2452
2453
2453
2453
2453
2453
2453
2453
2453
2453
2453
2453
2453
2453
2453
2453
2453
2453
2453
5663
5663
5663
5663
5663
5664
5664
5664
5664
5664
5664
5664
5665
5665
5665
5673
5673
5673
5673
5673
5673
5673
5673
5678
5678
5683
5685
5685
5685
5685
5685
5685
5685
5686
5686
5686
5686
5686
5686
5686
5686
5686
5686
5686
5686
5686
5686
5686
