4
4
4
4
4
4
4
4
4
4
4
4
4
10
10
10
10
10
10
16
16
16
21
21
21
21
21
21
22
22
22
22
22
22
22
22
22
22
22
22
22
22
22
22
22
22
22
23
23
23
23
23
23
23
23
23
23
23
23
23
23
23
23
23
23
24
24
24
24
24
24
24
24
24
24
24
24
24
27
27
27
27
27
27
27
27
27
27
27
28
30
30
30
30
30
30
30
33
33
33
33
34
34
34
34
34
34
34
34
34
34
34
34
34
34
34
34
34
53
54
54
54
54
55
55
55
55
55
56
56
56
56
56
56
56
56
56
56
56
56
56
56
56
58
58
58
58
58
58
58
59
59
59
59
59
59
61
61
61
61
61
61
61
65
65
65
65
65
65
65
65
