4
4
4
4
4
4
4
4
4
4
4
4
4
4
4
5
5
5
5
5
5
5
5
5
5
5
5
5
5
5
5
5
97
97
97
102
102
102
102
102
102
102
137
137
269
601
601
601
601
601
601
601
602
602
602
602
602
602
602
602
602
602
602
602
602
602
603
603
603
603
603
603
603
603
603
604
604
604
604
604
604
604
604
604
604
604
604
604
604
604
865
865
865
865
866
866
866
866
866
866
866
866
866
866
866
866
866
866
866
866
2265
2265
2265
2265
2265
2265
2265
2265
6583
6583
6583
6584
6584
6584
6584
6584
6584
6584
6584
6584
6584
6584
6584
19302
19302
19302
19302
19302
19302
19302
19302
19311
19311
19311
19311
19311
19311
19311
19328
19328
19328
19328
19328
19328
19328
19328
19328
19328
19328
19328
19328
19329
19329
19329
19329
19329
19329
19329
19330
Inf
Inf
