6
6
6
6
6
6
6
6
6
21
21
22
22
22
22
22
22
22
22
22
23
24
24
24
24
24
24
24
24
24
24
24
24
24
24
26
26
26
27
27
27
27
27
99
99
100
100
100
100
100
100
100
100
100
100
100
189
189
189
189
189
189
189
189
189
191
191
191
191
191
191
191
191
191
192
192
2638
2824
2824
2824
2824
2824
2824
2829
2829
2829
2829
2829
2829
2829
2830
2830
2830
2830
2830
2830
2830
2830
2830
2830
2830
2830
2830
2830
2830
2830
2830
2830
2830
2831
2831
2831
2831
2831
2831
2831
2831
2831
2831
2831
2831
2831
2831
2831
2831
2831
2831
2833
2833
2833
2833
2833
2833
2833
2833
2833
Inf
Inf
Inf
Inf
Inf
Inf
Inf
Inf
Inf
Inf
Inf
Inf
Inf
Inf
Inf
Inf
Inf
Inf
Inf
Inf
Inf
Inf
Inf
Inf
Inf
Inf
Inf
Inf
Inf
Inf
Inf
Inf
Inf
Inf
Inf
