9
9
33
33
33
62
62
70
70
70
70
70
70
70
70
70
70
70
70
143
143
143
143
143
143
143
143
143
143
143
143
143
143
143
144
144
144
144
144
144
144
144
144
144
144
144
144
144
144
258
258
258
258
421
421
421
421
421
421
421
421
421
421
425
425
425
425
425
429
429
429
429
429
430
431
431
431
431
431
431
431
431
431
431
431
431
1218
1218
1218
1218
1218
1218
1218
1218
2172
2172
2178
2178
2178
2178
2178
2178
2178
2178
2178
2178
2178
9743
9743
9743
9743
9743
17200
17200
17200
17200
17200
17200
17827
17827
17827
17827
17827
17827
17827
17827
17827
17827
17827
17827
17827
17827
17827
17827
17828
17828
17828
17828
17828
17828
17828
17828
17828
17828
17828
17828
17828
17828
17828
17828
17829
17829
Inf
Inf
Inf
Inf
Inf
Inf
Inf
Inf
Inf
Inf
Inf
Inf
Inf
Inf
Inf
Inf
Inf
Inf
Inf
