1
1
1
1
1
1
8
16
16
16
51
51
51
96
96
96
105
105
106
106
106
106
106
106
106
106
106
106
107
107
107
107
107
107
107
107
107
107
107
107
107
112
112
112
112
112
112
112
112
112
112
112
112
112
113
113
113
113
113
113
113
113
113
113
231
231
231
231
231
231
231
231
231
231
231
231
232
232
232
232
232
232
232
232
232
232
232
232
232
232
232
234
234
234
234
234
236
236
236
236
236
236
236
236
236
1661
1661
1661
1661
6113
6113
6113
6113
6113
6113
6113
11011
13525
13525
13525
13525
13525
13525
13525
13525
13527
13527
13527
13527
13527
13528
13528
13528
13528
13528
13528
13528
13528
13528
13528
13528
13528
13528
13528
13528
13528
13538
13538
13538
13538
13538
13538
Inf
Inf
Inf
Inf
Inf
Inf
Inf
Inf
Inf
Inf
Inf
Inf
Inf
Inf
Inf
Inf
Inf
Inf
Inf
