7
7
7
7
7
7
7
26
26
27
27
27
27
27
27
27
27
27
27
27
27
27
27
27
27
27
57
57
57
58
58
74
74
74
78
78
78
79
79
79
79
79
79
79
79
79
82
82
82
82
82
82
82
82
82
82
98
98
98
472
474
474
474
474
474
474
474
474
474
474
605
605
605
605
605
606
606
606
606
606
606
606
606
606
606
606
606
606
606
606
606
607
607
607
607
607
607
607
607
607
607
608
608
608
608
609
609
609
609
609
609
609
609
609
609
609
609
609
609
609
610
610
610
610
610
610
610
610
610
610
610
610
610
610
610
610
610
13799
14527
14527
14527
14527
14527
14527
14528
14528
14528
14528
Inf
Inf
Inf
Inf
Inf
Inf
Inf
Inf
Inf
Inf
Inf
Inf
Inf
Inf
Inf
Inf
Inf
Inf
Inf
Inf
Inf
Inf
Inf
