3
3
3
3
3
3
3
3
3
39
39
40
40
40
40
40
40
40
40
40
40
40
40
40
40
40
40
40
40
84
84
84
84
84
84
85
85
155
155
155
155
155
155
160
160
160
160
160
160
160
160
160
272
272
273
273
273
273
273
273
273
273
273
273
273
273
273
275
275
277
277
277
277
277
277
277
278
278
278
278
278
278
278
278
278
278
278
278
278
278
279
279
279
279
279
279
279
279
279
279
2994
2994
2994
2994
2994
2995
2995
2995
2995
2995
3322
3322
3322
3322
3322
3322
3322
3322
3322
3322
3322
3323
3323
3323
3323
3323
3323
3323
3323
3323
3323
9905
9905
9905
9905
9905
9905
9905
9907
9907
9907
9907
19435
19435
19435
19435
19435
19435
19435
19435
19435
19435
19435
Inf
Inf
Inf
Inf
Inf
Inf
Inf
Inf
Inf
Inf
Inf
Inf
Inf
Inf
Inf
Inf
Inf
Inf
