14
14
14
14
35
35
35
35
38
38
38
38
38
38
38
38
39
97
97
97
97
97
97
97
97
97
97
97
97
97
97
97
97
97
97
116
116
116
116
116
116
122
122
123
123
123
123
123
123
123
123
123
123
123
123
123
123
123
123
123
249
249
249
249
249
249
249
249
249
249
249
249
249
249
1641
1641
1641
1641
1641
1641
1653
2016
2016
2016
2016
2016
2016
2016
2016
2272
2272
2272
2272
2273
2273
2273
2273
2273
2278
2278
2278
2278
2278
2280
2280
2280
2280
5425
5425
5425
5425
5428
5428
5428
5428
5428
5428
5428
5429
5429
5429
5431
5431
5431
5431
5431
5431
5431
5431
5431
5431
5431
5431
5431
5432
17576
17576
17576
17576
17576
17578
17578
17578
17578
17578
17578
17579
17579
17579
17579
17579
17579
17579
17579
17580
17580
17580
17580
17580
17580
17580
17580
17580
17580
17582
17582
17582
17582
17582
17582
17583
