1
1
5
7
13
13
13
13
13
13
13
13
14
15
15
15
15
15
15
15
15
15
15
15
15
15
15
50
50
50
50
69
69
73
73
73
73
73
73
73
73
73
73
73
73
79
79
79
79
79
79
446
446
516
516
516
516
516
516
516
517
517
517
517
517
517
517
517
517
517
517
517
517
517
518
518
518
518
518
518
519
1261
1261
1265
1266
3063
3063
3063
3063
3064
3064
3064
3064
3064
3064
3064
3064
3064
3064
3064
3064
3064
3064
3064
3064
3064
3064
3070
3070
3070
3070
3070
5041
5041
5041
5041
5041
5041
5041
5041
5041
5041
5041
5041
5041
5041
13694
13696
13697
13697
13697
13697
13700
13700
13700
13700
13700
13700
13700
13700
13700
13700
13700
13700
13701
13701
13701
13701
13701
13701
13701
13701
13701
13701
Inf
Inf
Inf
Inf
Inf
Inf
Inf
Inf
Inf
Inf
Inf
Inf
Inf
Inf
Inf
Inf
Inf
