5
5
5
5
5
5
5
15
15
15
15
22
22
22
22
22
22
22
22
22
72
72
76
77
77
77
77
77
77
77
77
77
77
77
77
77
77
77
77
78
78
78
78
78
78
78
78
78
78
78
109
109
109
109
109
109
109
109
109
109
110
110
110
110
110
110
110
110
110
110
110
110
110
110
110
110
110
111
112
112
112
112
112
112
112
112
112
112
113
113
113
113
113
113
113
113
113
1168
1168
1168
1168
1168
1168
1177
1177
1177
1177
1177
1177
1177
1177
1177
1177
1177
1177
1177
1177
1177
1181
1181
1181
1181
1181
1181
3693
3693
3693
3694
3694
3694
3694
3694
3698
3698
3698
3698
3698
3700
3700
3700
3701
3701
3701
3701
3701
3701
3701
3701
3701
3701
3701
3703
3703
3703
3703
3703
3703
Inf
Inf
Inf
Inf
Inf
Inf
Inf
Inf
Inf
Inf
Inf
Inf
Inf
Inf
