2
2
2
2
2
2
2
2
2
9
9
9
9
9
9
9
9
9
9
9
9
9
9
10
10
10
10
10
10
11
11
11
11
11
11
24
24
24
24
24
24
24
24
24
24
25
25
25
29
29
29
29
29
29
29
30
30
30
30
30
30
30
30
30
31
31
31
31
31
31
31
31
31
32
33
33
33
33
33
33
33
33
33
33
33
33
33
36
36
36
36
36
36
37
37
37
37
37
37
37
37
37
4178
9459
9459
9459
9459
9459
9459
9459
9461
9461
9461
9461
9461
9462
9462
9462
9462
9462
9462
9462
9462
9462
9462
9462
9462
9462
9462
9462
9462
9462
9462
9462
13642
13642
17867
17867
17868
17868
17870
17870
17870
Inf
Inf
Inf
Inf
Inf
Inf
Inf
Inf
Inf
Inf
Inf
Inf
Inf
Inf
Inf
Inf
Inf
Inf
Inf
Inf
Inf
Inf
Inf
Inf
Inf
Inf
Inf
Inf
