3
3
3
3
21
21
21
26
26
30
30
30
30
30
30
52
52
101
101
101
101
101
101
106
106
107
107
107
107
107
107
107
107
107
114
114
114
114
114
114
114
171
171
171
171
172
172
172
172
172
172
172
172
172
172
172
174
174
174
174
174
174
174
174
174
174
174
174
175
502
502
502
502
502
502
502
502
502
502
502
502
840
840
840
840
841
841
841
841
841
841
841
841
841
841
841
841
841
841
841
841
844
844
844
844
844
844
846
846
846
847
847
847
847
847
847
847
847
847
847
847
847
847
847
848
859
859
859
859
859
859
859
859
859
860
860
860
860
Inf
Inf
Inf
Inf
Inf
Inf
Inf
Inf
Inf
Inf
Inf
Inf
Inf
Inf
Inf
Inf
Inf
Inf
Inf
Inf
Inf
Inf
Inf
Inf
Inf
Inf
Inf
Inf
Inf
Inf
Inf
Inf
Inf
