2
2
3
3
3
9
10
10
10
10
10
10
10
10
10
10
10
10
10
10
10
43
43
43
43
43
43
43
43
43
43
43
43
43
44
44
44
44
45
45
45
45
45
45
45
45
45
45
45
45
45
45
45
45
45
45
46
46
46
46
47
47
47
47
47
47
47
47
47
47
47
47
47
47
47
47
47
47
47
2868
2868
2868
2868
3067
3067
3067
3068
3068
3068
3068
3068
3068
3069
3069
3069
3069
3069
3069
3069
3069
3069
3069
3071
3071
3071
3071
3071
3071
3071
3071
3071
3071
3071
3071
3071
3071
3071
3071
3071
3073
3074
3074
3074
3074
3074
3074
3074
3074
3074
3074
3074
3074
3074
3074
3077
3077
3077
3080
3080
3080
3080
3080
3080
3080
3080
3080
3080
3080
3084
3084
3084
3084
3084
3084
3084
3084
3084
3085
3085
3085
3085
3085
3085
3085
3085
3085
3085
3085
3085
3085
3085
