10
10
10
10
10
10
11
11
11
11
12
12
12
12
12
12
12
12
12
12
12
12
12
12
12
14
14
14
14
15
15
15
15
15
15
16
16
16
16
16
16
16
16
17
17
17
17
17
18
18
18
18
18
18
18
18
18
18
23
23
23
23
23
23
23
23
106
106
106
106
107
107
107
107
107
107
107
107
107
107
107
107
108
108
108
108
108
108
108
108
108
108
108
3221
3221
3221
3221
3221
3221
3221
3222
3222
3222
3222
3222
3222
3222
3222
3222
3222
3222
3222
4963
4963
4963
7565
7565
7565
7565
7566
7566
7566
7566
7566
7566
7566
7566
7566
7566
7566
7566
7566
7566
7566
7566
Inf
Inf
Inf
Inf
Inf
Inf
Inf
Inf
Inf
Inf
Inf
Inf
Inf
Inf
Inf
Inf
Inf
Inf
Inf
Inf
Inf
Inf
Inf
Inf
Inf
Inf
Inf
Inf
Inf
Inf
Inf
Inf
Inf
Inf
Inf
Inf
