1
1
1
1
1
1
2
2
2
2
2
2
2
2
2
4
4
5
5
5
5
5
5
5
5
5
5
5
5
5
5
5
5
5
5
5
46
46
46
46
46
46
47
49
49
49
49
49
49
50
50
50
50
50
50
50
50
50
50
50
50
50
50
288
309
309
309
309
309
309
311
311
311
311
1560
1560
1560
1560
1561
1561
1561
1561
1561
2314
2314
2314
2314
2563
2563
2563
2563
3429
5024
5024
5024
5024
5024
5024
5024
5024
5024
5024
5024
5024
5039
5039
5039
5622
5622
5622
5622
5622
5622
5622
5622
5623
5623
5623
5623
5623
5623
5623
5623
5623
5623
17104
17104
17104
17104
17104
17104
17104
17105
17105
17105
17105
17105
17105
17105
17105
17105
17105
Inf
Inf
Inf
Inf
Inf
Inf
Inf
Inf
Inf
Inf
Inf
Inf
Inf
Inf
Inf
Inf
Inf
Inf
Inf
Inf
Inf
Inf
Inf
Inf
Inf
Inf
Inf
Inf
Inf
