8
8
8
8
8
9
9
9
9
9
9
9
9
9
9
9
9
9
47
47
47
47
47
47
48
48
48
48
48
48
48
48
48
48
48
48
48
48
402
402
402
402
402
402
402
402
402
402
402
402
402
402
402
445
445
445
445
445
445
445
445
445
445
452
452
452
452
452
452
452
452
452
452
452
453
453
453
453
453
453
453
453
453
453
453
459
459
459
459
3977
3977
3977
3977
5441
5441
5441
5441
5441
5441
5441
5441
5441
5441
5446
5446
5446
5446
5446
5446
5446
5446
5447
5447
5447
5447
5447
5447
5457
5458
5458
5458
9240
9240
9240
9240
9240
9240
9240
9240
9240
9241
9241
9241
9241
9241
9241
9241
9241
9241
Inf
Inf
Inf
Inf
Inf
Inf
Inf
Inf
Inf
Inf
Inf
Inf
Inf
Inf
Inf
Inf
Inf
Inf
Inf
Inf
Inf
Inf
Inf
Inf
Inf
Inf
Inf
Inf
Inf
Inf
Inf
Inf
