4
4
4
4
4
4
4
6
6
6
6
6
6
6
24
24
24
24
24
24
24
24
24
24
24
27
27
27
27
27
27
27
27
27
27
27
27
72
72
72
85
85
85
85
85
85
85
165
165
165
165
165
290
290
350
350
350
350
350
350
350
350
350
350
350
350
350
350
366
366
366
366
579
579
579
581
1345
1448
1448
1448
1638
1638
1638
1687
1687
1687
1687
1687
1688
1688
1688
1688
1688
1688
1688
1692
1692
1692
1693
1693
1693
1694
1694
1694
1694
1697
1697
1697
1697
1712
1712
1712
1712
1712
1712
1712
1712
1713
1713
1713
1713
1713
1717
1717
1717
1717
1717
1717
1717
1717
1718
1734
1734
1734
1734
1734
1734
1734
1735
1735
1735
1735
1735
1735
1735
1735
1735
1735
1735
1735
1735
1735
1737
1737
1737
1737
1737
1737
1737
1737
1737
1737
1737
Inf
Inf
Inf
Inf
Inf
Inf
Inf
Inf
