3
3
3
3
3
7
7
7
7
40
40
40
40
40
40
40
40
40
40
40
40
40
40
40
40
41
41
41
41
41
41
41
41
41
41
41
41
41
41
41
41
41
41
88
88
88
88
88
88
88
88
88
88
88
88
239
239
346
346
346
346
346
346
401
401
401
401
401
401
401
401
401
401
401
401
793
794
794
795
795
795
795
795
795
795
795
795
795
795
795
795
795
795
795
795
795
796
796
796
796
796
796
796
796
796
796
796
799
799
799
799
799
799
800
800
800
800
800
800
800
800
800
800
800
800
800
800
801
801
801
801
801
801
801
801
801
801
801
801
801
801
801
801
801
801
804
15986
15986
15986
15986
15986
15986
15986
15986
15986
15986
15986
15986
15986
15988
15988
15988
15988
15988
15988
15988
15988
15988
15988
15988
15988
