2
2
2
2
2
2
2
3
3
3
3
3
3
3
3
3
3
3
3
3
3
3
3
4
4
4
4
4
4
4
79
79
79
79
79
79
79
79
79
80
80
80
80
80
80
80
80
80
80
245
245
245
245
245
245
245
247
247
247
505
506
506
506
506
506
506
506
506
506
506
506
506
506
506
506
506
507
507
507
507
507
507
507
507
507
507
509
509
509
509
509
509
509
509
509
509
509
1668
1668
1668
1668
1668
1668
1668
1668
1668
10151
10151
10151
10151
10151
10158
10158
10158
10158
10158
10158
10158
10158
10160
10160
10160
10160
10160
11448
11448
11448
11448
11450
11450
11450
11450
11450
11451
11451
11451
11451
11451
11451
11451
11451
11451
11451
11451
11451
11451
11452
11452
11452
11452
Inf
Inf
Inf
Inf
Inf
Inf
Inf
Inf
Inf
Inf
Inf
Inf
Inf
Inf
Inf
Inf
Inf
Inf
Inf
Inf
Inf
