5
5
5
5
5
14
19
20
20
21
21
21
21
21
21
21
21
21
21
22
22
22
22
22
22
22
22
23
23
23
23
23
23
23
23
23
23
23
23
23
24
24
24
24
24
24
25
25
25
25
25
25
25
25
25
25
25
25
25
25
25
25
25
25
25
33
33
33
33
33
33
963
966
966
966
966
966
1326
1326
1326
3378
3378
3378
3378
3378
3378
3378
3378
3378
3378
3378
3378
3378
3378
3378
3379
3379
3379
3379
3379
3388
3388
3388
3389
3389
3389
3389
3602
3602
3602
3602
3602
3602
3602
3602
3602
3602
3602
3611
3611
3611
3611
3611
3611
3613
3613
3613
3613
3613
3613
3613
3613
3613
Inf
Inf
Inf
Inf
Inf
Inf
Inf
Inf
Inf
Inf
Inf
Inf
Inf
Inf
Inf
Inf
Inf
Inf
Inf
Inf
Inf
Inf
Inf
Inf
Inf
Inf
Inf
Inf
Inf
Inf
Inf
Inf
Inf
Inf
Inf
Inf
Inf
Inf
