1
1
1
4
4
4
4
4
5
5
5
5
5
5
5
5
5
5
5
5
5
5
5
5
6
6
6
6
6
6
6
6
6
6
6
6
6
13
13
13
13
13
13
13
13
13
13
13
14
14
14
14
14
16
16
16
16
16
16
16
16
16
16
16
799
1026
1026
1026
1026
1026
1026
1026
1026
1026
1026
1026
1805
1805
1805
1805
1805
1806
1806
1806
1806
1806
1806
1806
1806
1806
1806
1806
1807
1807
1807
1807
1807
1807
1807
1807
1807
1807
1807
1808
1808
1808
1808
1808
1808
1810
1810
1810
1810
1810
1810
1810
1810
1810
1810
1810
1810
1810
1810
1810
1823
1823
1823
1823
1828
1828
1828
1828
1828
1828
19670
19670
19670
19670
19670
19670
19670
19670
19670
19670
19670
19670
19670
19672
19672
19672
19672
19672
19672
19672
19672
19672
19672
19672
19672
Inf
Inf
Inf
Inf
Inf
Inf
Inf
Inf
Inf
Inf
Inf
Inf
