2
2
2
2
3
5
5
5
5
5
5
5
5
21
21
21
21
21
21
25
25
25
25
25
25
25
25
25
25
149
149
149
149
149
149
149
149
149
149
150
150
150
150
150
150
150
150
150
150
150
150
150
150
151
151
151
151
151
151
353
353
823
823
823
823
823
823
823
823
823
823
823
823
823
823
823
823
824
824
824
824
824
824
824
824
824
824
824
824
824
824
1697
1697
1697
1697
1697
1697
1697
1697
1699
1699
1699
1699
1699
1699
1699
1699
1699
1699
1701
1701
1701
1701
1701
1701
1701
1701
1701
1701
1701
1701
1701
1701
1701
1701
1701
1703
1703
1703
1704
1704
1704
1704
1704
1704
1704
1704
1704
1704
1704
1704
1704
1705
1705
1705
1705
1705
1705
1705
1705
1705
1705
1705
1705
1705
1705
1705
Inf
Inf
Inf
Inf
Inf
Inf
Inf
Inf
Inf
Inf
Inf
Inf
Inf
Inf
