6
6
6
6
6
9
9
9
9
9
9
10
10
10
10
10
10
10
10
10
10
10
10
10
10
10
16
16
16
22
22
22
143
146
146
146
146
146
146
146
146
146
146
146
148
148
148
148
149
149
149
149
149
149
149
149
149
149
149
149
149
149
149
149
151
151
151
151
151
151
151
151
151
152
152
152
153
153
153
153
153
153
153
153
153
153
153
153
153
153
153
153
153
153
156
156
156
156
156
156
156
156
156
156
157
157
157
157
157
157
157
157
157
157
157
157
162
162
162
162
162
162
162
162
171
171
171
171
171
171
171
171
171
171
171
173
173
173
173
173
173
174
174
174
178
179
179
179
179
179
179
179
179
179
179
179
180
180
180
180
180
180
180
180
180
180
181
181
181
181
181
