3
3
3
3
20
20
20
20
20
20
20
20
20
20
34
34
34
34
34
34
34
34
34
34
34
34
37
37
37
37
37
117
117
117
117
117
144
144
144
144
144
144
144
144
209
209
209
209
209
209
209
209
209
209
209
209
209
209
209
209
471
472
472
472
472
472
473
473
473
473
473
473
473
473
473
474
474
474
474
474
474
474
474
474
474
474
474
474
474
474
474
474
501
501
501
502
502
502
502
502
503
503
503
503
503
503
503
503
503
509
509
509
509
509
509
509
509
509
509
2345
2345
2345
2345
2346
2346
2346
2346
2347
2347
2347
2347
2347
2347
2347
2347
2348
2348
2348
2348
2348
2348
2348
2348
2349
2349
2349
2349
2349
2349
2349
2349
2349
2349
2349
2349
2352
2352
2352
Inf
Inf
Inf
Inf
Inf
Inf
Inf
Inf
Inf
Inf
Inf
Inf
Inf
