1
1
1
1
1
1
1
5
5
15
15
15
15
15
15
15
46
46
47
47
47
47
47
47
52
52
52
52
52
52
52
52
134
134
134
134
134
134
134
134
134
134
134
134
134
134
134
134
243
243
283
283
283
283
283
283
284
284
284
284
284
284
284
284
284
284
284
284
284
284
284
284
284
285
285
285
285
285
285
285
285
285
285
285
285
285
1028
1028
1028
1028
1028
1028
1028
1028
1028
1028
1028
1028
1028
1028
1028
1028
1029
1029
1030
1030
1030
1030
1030
1030
1030
1030
1030
1031
1031
1031
1031
1031
1031
1031
1031
1031
1031
1031
1032
1032
15022
15023
15023
15023
15023
15023
15023
15023
15023
15023
15023
15023
15023
15023
15023
15023
15023
15023
15025
15025
15025
15025
15025
15025
15025
Inf
Inf
Inf
Inf
Inf
Inf
Inf
Inf
Inf
Inf
Inf
Inf
Inf
Inf
Inf
Inf
Inf
Inf
Inf
Inf
