1
1
1
3
3
3
3
3
3
3
4
4
4
4
4
4
4
4
4
4
4
4
11
11
11
11
11
11
11
125
125
125
125
125
125
167
167
167
167
167
167
167
175
175
175
338
338
443
443
443
443
449
449
449
449
450
450
450
450
450
450
450
450
450
450
450
450
450
450
450
450
451
451
451
451
451
451
451
451
452
452
452
452
452
452
452
452
452
453
453
453
453
453
453
453
453
453
454
454
454
454
454
456
456
456
456
456
456
456
456
456
3623
3623
8949
8949
8949
8949
8949
8949
8951
8951
8952
8952
8952
8952
8952
8952
8952
8952
8952
8952
8952
8952
8952
8952
8952
8952
11921
11921
11921
11921
11921
11921
11921
11921
11921
11921
11923
11923
11923
11923
11923
Inf
Inf
Inf
Inf
Inf
Inf
Inf
Inf
Inf
Inf
Inf
Inf
Inf
Inf
Inf
Inf
Inf
Inf
Inf
