3
3
3
3
3
3
3
12
12
12
12
12
12
12
13
13
13
13
13
13
13
13
13
15
15
17
17
17
17
18
18
18
18
18
18
18
18
18
18
18
18
18
18
18
18
18
18
18
19
19
19
19
19
19
19
19
19
19
19
19
19
19
535
535
541
541
541
541
541
541
542
542
542
542
542
542
542
542
542
542
542
542
542
542
542
542
542
542
547
547
547
547
547
547
547
547
547
547
547
547
547
547
547
547
547
547
5641
5641
5641
5641
5642
5642
5642
5642
5642
5643
5644
5644
5644
5644
5644
5644
5644
5644
5644
5644
5644
5644
5644
5645
5645
5645
5646
5646
5646
5646
5646
5646
5646
Inf
Inf
Inf
Inf
Inf
Inf
Inf
Inf
Inf
Inf
Inf
Inf
Inf
Inf
Inf
Inf
Inf
Inf
Inf
Inf
Inf
Inf
Inf
Inf
Inf
Inf
Inf
Inf
Inf
Inf
Inf
Inf
