6
6
6
6
6
7
7
7
15
15
23
23
24
24
24
24
24
24
24
24
24
24
24
24
24
24
24
24
74
74
74
74
74
74
74
74
74
75
75
75
75
75
75
75
75
75
76
76
76
76
79
82
82
82
82
82
475
475
475
475
475
475
475
475
475
475
475
475
475
475
475
476
476
476
476
476
476
476
476
476
476
476
476
477
477
477
477
477
477
477
477
479
479
479
479
479
479
479
2306
2306
2306
5253
5253
5253
5253
5253
5254
5254
5257
5257
5257
5258
5258
5258
5258
5258
5258
5258
5258
5259
5259
5259
5259
5259
5259
5259
5259
5259
5259
5259
5259
5259
5259
5259
5267
5267
5267
5267
5267
5267
5267
5267
5267
5268
5268
5268
5268
5268
5268
5268
5268
5268
5268
5268
5268
5268
5268
5268
5268
5268
5268
5269
5269
5269
5269
5269
5269
5269
5269
5269
5269
