5
5
5
5
5
5
5
8
8
8
8
8
8
8
8
8
15
15
15
15
15
15
15
15
15
15
16
16
16
16
17
17
17
17
17
17
17
17
17
17
17
17
17
17
17
18
18
18
18
18
18
18
18
27
27
31
31
31
31
31
31
31
31
31
88
88
88
88
88
88
203
203
203
203
203
203
203
203
203
203
203
203
203
203
203
203
206
1955
1956
1956
1956
1956
1956
1956
1956
1956
1956
1956
1956
1956
1956
1956
1956
10807
10807
10807
10807
10807
10807
10807
10807
10807
10807
10807
10807
10807
10807
10807
10807
10807
17412
17412
17412
17412
17412
17414
17414
17414
17414
17414
17414
17414
17414
17414
Inf
Inf
Inf
Inf
Inf
Inf
Inf
Inf
Inf
Inf
Inf
Inf
Inf
Inf
Inf
Inf
Inf
Inf
Inf
Inf
Inf
Inf
Inf
Inf
Inf
Inf
Inf
Inf
Inf
Inf
Inf
Inf
Inf
Inf
Inf
Inf
Inf
