4
4
4
4
4
4
4
4
4
4
4
4
18
18
18
18
18
18
18
18
18
18
18
18
18
18
18
19
19
19
19
19
19
19
19
19
19
20
127
127
127
127
127
127
127
127
127
127
134
134
134
134
134
134
134
134
134
134
135
135
135
135
135
135
135
135
135
135
135
135
135
135
375
375
375
375
375
375
375
375
375
375
375
375
375
891
891
1887
1887
2262
2262
2262
2262
2262
2262
2262
2262
2263
2263
2263
2263
2263
2263
2264
2264
2264
2264
2264
2264
2264
2264
2264
2264
3835
3835
3835
3835
3835
3835
3835
3835
3835
3835
3836
3836
3836
3836
3836
3836
3836
3836
3836
3838
3838
3838
3838
3839
3839
3839
3839
3839
3839
3839
3839
3839
3839
3839
3839
3839
3840
3840
3840
3840
3840
3840
3840
3840
3840
3840
3840
3840
3841
3841
3841
3841
3841
3841
3841
3841
3841
3845
