5
5
5
5
5
6
6
6
6
6
6
6
6
6
6
7
7
7
8
8
26
26
26
26
26
27
27
27
27
27
27
52
52
52
52
52
52
52
52
52
53
53
53
53
53
53
53
53
53
53
53
53
82
82
82
82
82
83
96
96
96
96
96
96
96
96
96
96
381
381
381
458
460
460
460
460
460
460
460
460
460
460
460
460
460
460
460
460
460
460
461
461
461
461
461
461
461
461
461
461
461
461
461
461
461
461
461
464
464
464
464
464
464
464
464
1171
1171
1171
1177
3438
3438
3438
3438
4478
Inf
Inf
Inf
Inf
Inf
Inf
Inf
Inf
Inf
Inf
Inf
Inf
Inf
Inf
Inf
Inf
Inf
Inf
Inf
Inf
Inf
Inf
Inf
Inf
Inf
Inf
Inf
Inf
Inf
Inf
Inf
Inf
Inf
Inf
Inf
Inf
Inf
Inf
Inf
Inf
Inf
Inf
Inf
Inf
Inf
Inf
Inf
