2
2
2
2
2
2
2
3
3
3
3
3
3
3
3
3
3
3
5
5
5
8
10
10
10
10
11
11
11
11
44
44
48
63
63
63
63
63
63
64
64
64
64
64
64
64
64
64
64
64
64
70
70
70
70
70
70
70
70
70
237
237
237
237
237
237
238
238
238
238
238
238
238
238
238
281
281
283
283
283
283
286
287
287
287
287
287
287
291
291
293
344
344
344
344
345
345
345
345
345
2721
2721
2721
2721
2721
2721
2721
2722
2722
2722
2722
2722
2722
2722
2722
2722
2722
2722
2722
2722
2722
2722
15734
15734
15734
15734
15734
15734
15737
15737
15737
15737
15737
15737
15737
15738
15740
15740
15740
15742
15742
15745
15745
15745
15745
15745
15745
15746
15746
15746
15746
15746
15746
15746
15746
15746
15746
15746
15746
15746
15746
15746
Inf
Inf
Inf
Inf
Inf
Inf
Inf
Inf
Inf
