1
1
1
1
1
1
1
4
4
4
4
10
10
10
10
10
55
55
55
55
55
55
55
56
56
56
56
56
56
56
56
56
56
151
151
151
151
151
151
151
151
151
151
151
151
151
151
151
514
514
514
514
514
514
514
514
514
514
514
694
695
695
695
695
695
695
695
695
695
695
695
695
695
695
695
695
695
696
696
696
696
696
696
696
696
696
696
697
697
697
697
697
698
698
698
698
698
698
698
700
700
700
700
700
700
700
700
700
700
3695
3695
3695
3695
3696
3696
3696
3696
3699
3699
3699
3699
3699
3699
3699
3699
3699
3699
3699
3699
3715
3715
3715
3715
3715
3716
3716
3716
3716
3716
3716
3716
3716
3716
3716
3716
3716
Inf
Inf
Inf
Inf
Inf
Inf
Inf
Inf
Inf
Inf
Inf
Inf
Inf
Inf
Inf
Inf
Inf
Inf
Inf
Inf
Inf
Inf
Inf
Inf
Inf
