6
6
6
21
21
21
21
22
22
23
23
23
23
23
23
23
23
23
23
23
23
97
97
97
230
230
230
230
230
230
230
232
232
232
306
306
306
306
318
318
318
318
319
319
319
320
320
320
320
320
320
325
332
332
333
333
333
333
333
333
333
333
333
333
616
616
616
616
1016
1016
1016
2310
2310
2310
2318
2318
2318
2318
2318
2318
2318
2318
2319
2319
2319
2319
2319
2319
2319
2319
2319
4013
4013
4013
4013
4014
4015
4015
4015
4015
4015
4015
4015
4015
4016
4016
4016
4016
4016
4016
4016
4018
4018
4018
4018
4018
4018
4018
4019
4019
4019
4019
4030
4030
4030
4030
4030
4031
4031
4031
4031
4031
10263
10263
10263
10263
10263
10263
10263
10263
10263
10263
10263
10263
10263
10263
10263
10264
10264
10264
10264
10264
10264
10264
10264
10264
10264
10264
10264
10264
10264
10264
10264
10264
10264
10793
10793
10793
10793
10793
10793
