1
1
1
1
1
13
13
13
17
17
17
17
17
17
17
17
17
17
17
17
17
18
18
18
18
19
19
19
19
19
19
19
19
136
136
136
136
137
137
227
346
350
350
350
350
632
632
633
633
633
633
633
633
633
633
633
633
633
633
633
633
633
634
634
635
635
635
635
635
1047
1047
1047
1048
1048
1048
1048
1048
1048
1048
1072
1072
1073
1073
1073
1073
1073
1073
1073
1073
1073
1073
1073
1073
1073
1333
1333
1334
1334
1334
1334
1334
1334
1334
1334
1334
1340
1340
1340
2190
2190
2190
2191
2191
2191
2193
2193
2193
2193
2193
2193
2193
2193
2193
2193
2193
2193
2193
2193
2193
2221
2221
2221
2221
11807
11807
11807
11807
11807
11807
11807
11807
11807
11808
11808
11808
11808
11808
11808
11808
11808
11808
11808
11809
11809
11809
11809
11809
11809
11809
11809
11809
11809
11809
11809
11809
11809
11809
11809
Inf
Inf
Inf
