4
4
4
4
4
4
4
12
12
12
12
12
12
12
12
12
12
12
12
12
20
20
20
20
24
24
24
24
24
24
24
24
24
24
24
24
24
24
24
24
24
35
38
38
38
38
38
38
39
39
39
39
39
39
39
39
39
39
39
39
39
39
39
39
39
40
40
40
40
40
40
40
40
40
40
40
40
44
44
44
44
44
45
45
45
45
45
45
45
45
45
45
45
45
45
46
46
46
46
46
47
47
47
47
47
47
47
47
47
47
47
53
53
53
53
53
53
53
53
53
53
53
53
53
53
55
55
55
55
55
55
55
55
55
55
55
57
57
57
57
57
57
58
58
58
58
58
58
58
58
58
58
58
58
58
59
59
59
59
59
59
59
60
60
60
60
60
60
60
60
60
