3
3
3
3
3
3
37
37
37
37
37
37
37
37
37
37
55
72
72
72
72
73
73
73
73
73
73
73
73
73
73
73
73
73
73
73
171
171
171
171
171
171
171
178
178
178
178
387
389
389
389
389
389
389
389
389
389
389
389
389
389
611
611
611
611
611
611
611
613
613
613
613
613
613
613
613
613
613
613
613
613
613
613
846
846
846
846
846
846
846
846
846
846
846
846
846
849
849
849
1047
1047
1047
1047
1047
1047
1047
1047
1047
1048
1048
1048
1048
1048
1048
1048
1048
1048
1048
1048
1048
1048
1048
1048
1053
1053
1053
1053
1053
1053
1053
1053
1053
1053
5027
5027
5027
5027
5028
5028
5028
5028
5028
5028
5028
5028
5028
5028
5029
5029
5029
5029
5029
5029
5029
5030
5030
5030
5030
5030
5030
5030
5030
5030
5031
5032
5032
5032
5032
5032
5032
5032
