16
16
16
16
23
23
23
23
24
24
24
24
29
29
29
29
29
29
29
29
29
29
29
29
30
30
30
30
30
30
30
30
30
30
30
30
30
30
30
30
30
30
30
31
31
31
31
31
31
31
33
33
65
65
65
65
65
65
66
66
66
66
66
66
66
66
66
66
131
131
131
295
297
297
297
297
298
298
298
298
298
298
298
298
298
298
298
298
298
298
299
299
299
299
299
299
299
299
299
299
299
299
299
299
299
299
299
300
307
307
308
308
308
308
308
308
308
308
308
308
308
308
308
308
308
308
312
312
312
312
312
312
313
313
313
313
313
313
313
313
313
313
313
313
313
313
313
313
314
314
314
314
314
314
314
314
314
314
314
314
314
314
316
316
316
316
316
316
316
316
316
