15
15
15
15
15
15
15
25
25
25
30
30
30
30
30
30
30
103
103
103
103
103
140
140
140
140
140
140
140
141
141
141
141
141
141
141
141
141
141
141
141
141
144
144
144
144
144
144
144
144
144
210
210
210
210
210
210
210
210
211
211
211
211
211
211
518
518
518
518
518
518
518
518
519
519
519
519
519
519
519
519
519
519
519
519
519
519
519
519
519
519
519
1183
1183
1183
1184
1184
1186
1186
1186
1186
1186
1194
1194
1194
1194
1194
1194
1194
1194
1194
1194
1194
1196
1196
1196
1196
1196
2349
2349
2349
2349
2349
2349
2350
2350
2350
2350
2350
2350
2350
2350
2350
3908
3908
3908
3908
3908
3908
3910
3910
3910
3910
3910
3910
3910
3910
3910
3910
3910
3910
3910
3910
3910
Inf
Inf
Inf
Inf
Inf
Inf
Inf
Inf
Inf
Inf
Inf
Inf
Inf
Inf
Inf
Inf
Inf
