4
4
4
4
4
8
8
10
10
10
10
10
10
10
10
10
11
12
12
12
12
12
13
13
13
13
17
17
17
18
18
18
18
18
18
18
21
21
21
21
21
21
21
21
21
21
21
21
21
22
22
22
22
22
22
22
22
22
22
22
22
22
22
22
25
25
26
26
26
26
27
27
27
27
27
27
27
27
27
39
39
39
39
39
39
39
40
40
40
40
40
40
40
40
40
41
41
41
41
41
41
41
41
41
41
41
41
41
41
41
43
43
43
43
43
43
43
43
43
43
43
43
43
43
44
44
44
44
44
44
44
44
44
44
44
44
44
44
44
44
44
44
48
48
48
48
48
48
48
48
48
48
48
48
49
49
49
49
49
49
49
49
49
49
50
50
50
50
50
50
50
