5
5
5
5
5
9
9
9
43
43
43
43
43
43
66
66
66
66
66
66
66
66
66
66
66
66
66
66
66
66
124
124
124
124
124
124
124
124
124
124
124
124
124
124
124
124
125
125
125
125
127
127
127
127
127
469
469
469
469
469
472
475
475
475
475
507
507
507
507
508
509
509
509
509
509
509
509
509
509
509
510
510
510
510
510
510
510
510
510
1495
1496
1496
1496
1496
1496
1496
1496
1496
1496
1496
1496
1496
1496
1496
1496
1496
1496
1496
1497
1497
1497
1497
1497
1497
1497
1498
1498
1498
1498
1498
6157
6157
6157
6157
6157
6157
6157
6554
6555
6555
6555
6555
6555
6555
6555
6555
6555
6555
6557
6557
6557
6557
6557
6559
6559
6559
6559
6559
6559
6559
6559
Inf
Inf
Inf
Inf
Inf
Inf
Inf
Inf
Inf
Inf
Inf
Inf
Inf
Inf
Inf
Inf
Inf
Inf
Inf
Inf
