1
1
1
2
2
2
2
2
2
2
2
2
2
5
5
5
5
5
5
5
5
5
5
5
5
5
5
5
5
5
9
9
9
60
60
60
60
60
60
60
60
60
60
60
60
60
60
60
60
62
62
63
63
63
63
63
63
63
63
63
63
670
670
670
670
670
670
670
670
670
670
674
674
674
674
674
674
674
675
675
675
675
675
675
675
680
681
681
681
681
681
681
681
681
681
681
681
681
681
681
681
681
681
681
682
683
685
685
685
685
685
685
685
685
685
685
685
686
686
686
686
686
686
686
6615
6615
6615
6615
6615
6617
6618
6618
6618
6618
6618
6618
6618
6618
6618
6618
6618
6618
6618
6618
6618
6618
6618
6618
6618
6619
6619
6619
6619
6619
6619
6619
6619
6620
6620
6620
6620
6621
6621
6621
6621
6621
6621
6621
6621
6622
6622
