4
4
4
8
8
8
8
8
8
8
8
8
9
12
12
12
12
12
13
13
13
13
13
13
13
13
13
13
13
13
13
13
13
13
13
15
25
25
25
26
26
26
26
26
26
27
27
27
27
27
27
27
27
30
33
33
33
33
33
33
33
33
33
35
35
35
35
35
36
36
36
36
36
36
36
36
36
36
36
36
36
36
36
36
36
37
37
37
37
37
39
39
40
40
40
40
40
40
40
42
42
42
42
42
42
43
43
43
43
43
43
43
43
43
43
44
44
44
44
44
44
44
44
44
44
44
47
47
47
47
47
47
47
47
47
47
47
49
49
49
49
49
49
49
50
50
50
50
50
50
50
50
50
54
54
54
56
56
56
56
56
56
56
56
56
56
56
56
56
56
56
