3
7
7
7
7
7
7
7
7
7
7
7
7
20
20
20
20
20
20
20
21
21
21
21
21
21
21
21
21
21
21
21
21
21
21
21
21
21
78
78
78
78
78
78
78
78
78
78
78
81
81
81
81
81
81
82
82
82
86
86
86
86
86
86
86
86
86
86
86
86
86
1445
1445
1445
1445
1445
1445
1445
2345
2345
2345
2345
2345
2345
2345
2345
2345
2345
2345
2345
2345
2345
2370
2370
2370
2370
3195
3195
3195
3195
3841
3841
3841
3842
3842
3842
3842
3842
3842
3842
3842
3842
3842
3842
3842
3843
3843
3843
3843
3843
3843
3843
3843
3847
3847
3847
3847
3851
10174
10174
10174
10174
10174
10175
10175
10175
10175
10175
10175
10175
10186
10186
10187
10187
10187
10187
10187
10187
10187
10187
10187
10187
10187
10187
10187
10187
10187
10187
10188
10188
10188
10188
10188
10188
10188
10188
10188
10188
10188
10188
10188
