5
5
10
10
10
10
10
10
10
10
10
10
10
10
11
11
11
11
13
13
13
13
13
16
16
18
18
18
18
18
18
18
18
18
18
18
18
18
18
19
25
25
25
25
25
25
25
25
26
26
26
26
26
26
26
27
27
27
27
27
27
27
27
27
27
27
27
27
27
28
28
28
28
28
28
28
28
28
28
28
28
28
28
28
28
29
29
29
29
29
29
30
30
30
30
30
30
30
30
31
31
31
31
31
31
31
31
31
31
31
31
31
31
34
34
34
34
34
34
35
35
35
35
35
35
35
35
35
35
35
35
35
35
35
35
35
35
35
36
36
36
36
36
36
38
38
38
38
38
38
39
39
39
39
39
39
39
39
39
39
39
39
39
39
41
41
41
41
41
50
50
