2
2
2
2
2
2
8
8
8
41
50
50
50
50
50
50
50
50
51
51
51
51
51
51
51
51
51
51
51
51
51
51
51
76
77
77
77
77
77
77
77
77
95
95
95
95
115
115
115
115
115
115
116
116
116
116
116
116
116
116
116
116
116
116
117
117
117
117
117
117
117
117
117
117
117
118
441
441
441
441
621
621
621
621
621
621
621
621
621
621
621
621
621
621
621
2903
2903
2903
2903
2903
2903
2903
2903
6264
6264
6264
6264
6264
6264
6264
6265
6265
6265
6265
6265
6265
6265
6265
6265
6265
6265
6265
6265
6265
6265
6265
6265
7732
7732
7732
7732
7732
7732
7732
7732
7732
7732
7732
7732
7732
7732
7732
7732
7734
7734
7734
7734
7734
7734
7734
7734
7736
7736
7736
7736
7736
7736
7736
7736
7736
7736
7737
7737
7737
7737
7737
7737
7737
7737
7737
7737
