3
3
3
3
3
3
3
3
3
3
8
8
8
9
10
10
10
10
10
10
10
10
10
10
10
10
12
12
12
12
14
14
15
15
15
15
15
15
15
15
15
15
15
15
15
15
15
15
15
15
182
182
182
183
183
183
183
183
197
197
197
197
197
197
197
197
197
197
997
997
997
997
997
997
997
997
997
1439
1439
1439
1439
1440
1440
1440
1440
1441
1441
1441
1441
1441
1441
1441
1441
1441
1447
1447
1447
1447
1447
1447
1447
1447
1447
1447
1448
3555
3555
3555
3555
3555
3555
3556
3556
3556
3556
3558
14876
14876
14876
14876
14876
14876
14876
14876
14876
14876
14876
14877
14877
14877
14877
14877
14877
14877
14877
14877
14877
14877
14877
14877
14877
14877
14877
14877
14877
14881
14881
14883
14883
14884
14884
14884
14884
14884
14884
14884
14884
14884
14884
14884
14884
14884
14884
14884
14884
14884
Inf
Inf
Inf
Inf
Inf
