2
5
5
5
5
5
5
21
21
22
22
22
22
22
22
22
22
22
23
23
23
23
23
23
23
23
23
23
23
24
24
24
24
24
24
24
24
25
28
28
28
28
28
31
44
44
44
44
44
44
44
44
44
207
207
207
207
207
207
207
207
207
207
207
207
820
820
820
820
820
820
820
820
820
820
820
820
820
2400
2400
2400
2400
2400
2400
2400
2400
2400
2400
2400
2400
2400
2400
2400
2665
2665
2665
2665
2666
2666
2666
2671
2671
2671
2671
2671
3505
8900
8900
8900
8900
8900
8902
8902
8902
8902
8902
8902
8902
8902
8902
8902
10135
10135
10135
10135
10135
10135
10135
10135
10135
10135
10135
10136
10136
10136
10136
10136
10136
10136
10136
10136
10136
10136
10136
10136
10136
10136
10137
10141
10141
10141
10141
10141
10141
10141
10141
10141
10141
10141
10143
10143
10143
10143
10143
12886
12886
12886
12886
12886
12887
12887
