1
1
1
1
1
1
1
3
4
4
4
6
6
6
6
6
40
40
40
40
40
40
40
40
40
40
40
40
40
40
40
40
40
41
41
41
41
41
41
41
41
41
41
41
41
43
43
43
43
43
43
43
43
43
44
44
44
44
44
44
44
44
44
44
44
44
44
44
44
44
45
45
45
45
45
45
45
45
46
46
46
48
48
48
48
48
48
48
48
48
48
48
48
50
50
50
52
67
67
2405
2405
2405
2405
2405
2405
2405
2405
2405
2874
2874
2874
2874
2874
2874
2874
2874
2874
2874
2874
2874
2874
2874
2875
2875
2875
2875
2875
2875
2875
2875
2875
2875
2875
19634
19634
19635
19635
19635
19635
19635
19636
19636
19636
19636
Inf
Inf
Inf
Inf
Inf
Inf
Inf
Inf
Inf
Inf
Inf
Inf
Inf
Inf
Inf
Inf
Inf
Inf
Inf
Inf
Inf
Inf
Inf
Inf
Inf
Inf
Inf
