1
1
5
5
5
5
5
5
5
19
19
19
19
19
19
19
19
19
19
19
37
37
96
96
96
96
107
155
155
155
155
232
232
235
235
235
235
235
235
237
238
238
238
238
238
239
239
873
873
873
873
873
873
873
873
873
873
873
873
1126
1126
1126
1126
1126
1126
1126
1126
1126
1126
1126
1127
1127
1127
1127
1127
1127
1127
1127
1127
1130
1130
1130
1218
1218
1218
1218
1219
1219
1219
1219
1219
1220
1220
1220
1220
1220
1221
1222
1222
1739
1739
1739
1739
1739
1739
1739
1739
1744
1744
1744
1744
1744
1754
1754
3540
3541
3543
3543
3543
3545
3545
3548
3548
3548
3548
3548
3548
3548
3548
3548
3548
3548
3548
3548
3548
10198
10198
10198
10198
10198
10198
10198
10198
10198
10198
10198
10198
10376
10376
10376
10377
10377
10377
10377
10377
10378
10378
10378
10378
10378
10378
10378
10378
10378
10378
10378
10378
10378
10378
10378
10379
