1
1
1
1
1
5
5
5
5
9
11
11
11
11
11
11
11
11
11
11
14
14
14
14
14
14
14
14
14
14
14
14
14
14
15
15
15
15
15
15
15
15
15
15
15
15
15
15
15
15
15
16
16
16
16
16
16
16
16
38
38
38
38
38
39
39
39
39
39
39
41
41
41
41
41
41
54
54
54
54
54
54
54
54
55
55
55
55
55
55
55
55
55
55
55
55
55
55
55
55
56
56
56
56
56
56
56
59
59
59
83
83
83
83
83
84
84
84
84
84
84
84
84
84
84
84
84
84
84
84
84
98
98
98
98
123
123
123
123
123
123
123
123
125
125
125
125
125
125
125
125
126
126
126
126
126
126
126
130
130
130
130
130
131
131
131
131
131
131
135
135
