2
2
2
2
2
2
2
2
2
2
4
4
4
4
4
4
4
4
4
4
4
4
50
51
134
134
134
134
134
134
134
281
281
281
281
281
281
281
281
281
281
281
281
281
281
287
287
287
287
287
287
287
287
332
332
332
332
332
332
332
332
332
333
333
333
333
425
425
425
425
579
579
579
580
580
580
580
580
580
580
580
585
585
585
585
585
585
585
1957
1957
1957
1957
1957
1957
1957
1957
1970
1970
1970
1970
1970
1970
1970
1970
1970
1970
1970
1970
11283
11283
11283
11283
11283
11283
11283
11283
11283
11283
13066
14227
14227
14227
14227
14227
14227
14227
14227
18729
18730
18730
18730
18730
18730
Inf
Inf
Inf
Inf
Inf
Inf
Inf
Inf
Inf
Inf
Inf
Inf
Inf
Inf
Inf
Inf
Inf
Inf
Inf
Inf
Inf
Inf
Inf
Inf
Inf
Inf
Inf
Inf
Inf
Inf
Inf
Inf
Inf
Inf
Inf
Inf
Inf
Inf
