6
6
6
8
8
21
31
31
31
31
31
31
44
44
44
44
44
45
45
45
46
46
46
46
46
46
46
46
46
46
46
46
46
46
46
46
46
46
50
50
50
50
50
50
50
50
50
50
50
50
456
456
456
456
456
456
456
456
456
456
456
461
461
461
461
461
461
461
461
461
461
461
461
461
462
462
462
462
462
462
462
462
463
463
463
463
463
463
463
463
463
463
463
463
463
463
1275
1275
1275
1275
1275
1275
1278
1279
1279
1279
1279
1279
1279
1279
1279
1279
1279
1279
1279
3653
3653
3653
3653
3653
3653
3654
3654
3654
3654
3654
3654
3654
3654
3654
3655
3655
3655
3655
3659
3659
3659
3659
3666
3666
3666
3666
3666
3666
3666
3666
3666
3666
3666
3666
3666
3675
3675
3676
3676
3676
3676
3676
3676
3676
3676
3679
3679
6940
6940
6940
6940
6940
Inf
Inf
Inf
