4
4
4
4
4
4
4
4
5
5
5
5
5
5
5
5
5
5
5
5
5
5
5
8
66
66
66
66
66
98
98
98
98
98
98
99
99
99
99
99
99
99
100
100
100
408
408
408
409
409
409
409
409
410
410
410
410
410
410
410
410
410
410
410
410
411
411
411
411
411
411
642
642
642
642
642
642
642
642
642
642
642
642
642
642
642
642
2243
2243
2243
2244
2244
2244
2244
2244
2244
2244
3737
3737
3737
3737
3741
3741
3741
3741
3741
3741
3741
3741
3741
3741
3741
3741
3742
3742
3742
3742
3742
3742
3742
3742
3742
3742
3742
6243
6243
6243
6243
6245
6245
6245
6245
6245
9048
9048
9048
9048
9048
9048
9048
9048
9048
9048
9053
9053
9053
9053
9053
9053
9053
9053
9053
9054
9054
9054
9054
9054
9054
9056
9056
9056
9063
9063
9063
9063
9063
9064
9064
9064
9064
9064
