16
16
16
16
16
16
17
17
17
17
17
17
17
17
17
17
17
17
22
22
22
22
22
22
22
22
95
95
95
95
95
95
95
107
109
109
109
109
109
113
113
113
115
115
115
115
115
115
115
115
118
118
118
118
119
119
119
119
119
119
119
119
119
119
119
119
119
121
121
122
122
122
122
122
122
122
122
122
122
122
1034
1034
1034
1034
1034
1035
1035
1035
1035
1035
1035
1035
1035
1035
1035
1036
1036
1036
1036
1036
1036
1036
1036
1036
1040
1040
1040
1040
1040
1040
1040
1040
1040
5142
5142
5142
5142
5143
5143
5143
5143
5143
5143
5143
5143
5143
5143
5143
5143
5143
17823
17823
17823
17823
17823
17823
17823
17823
17824
17824
17824
17824
17824
17826
17827
17827
17827
17827
17827
17828
17828
17828
17828
17828
17828
17828
17828
17828
17829
17829
17829
17829
17829
17829
17829
17829
17829
Inf
Inf
Inf
Inf
