3
3
3
3
3
3
4
4
4
4
4
4
4
4
4
4
4
4
4
4
4
4
4
4
4
31
31
31
31
31
32
32
32
32
32
32
32
32
32
32
32
32
32
32
33
33
33
33
33
33
33
33
33
33
33
33
188
188
188
188
188
188
188
446
446
446
446
446
446
446
446
446
446
446
446
447
447
450
450
452
452
452
452
452
452
452
724
724
724
724
724
1292
1292
1292
1292
1292
1292
1292
1292
1292
1886
1886
1886
1886
1890
1890
1890
1890
1890
1891
1891
1891
1891
1891
1891
1891
1891
1891
1891
1891
1891
1972
1972
3484
3484
3484
19643
19643
19643
19644
19644
19644
19644
19644
19644
19644
19644
19644
19644
19645
19645
19645
19645
19645
19645
19653
19653
19653
Inf
Inf
Inf
Inf
Inf
Inf
Inf
Inf
Inf
Inf
Inf
Inf
Inf
Inf
Inf
Inf
Inf
Inf
Inf
Inf
Inf
Inf
Inf
