13
13
13
13
13
13
13
13
13
13
13
13
13
13
13
13
23
23
23
23
23
23
23
23
28
28
28
28
28
29
29
29
29
37
37
37
38
38
38
38
38
39
39
39
39
40
40
40
40
40
40
40
40
40
42
42
42
42
49
49
49
49
49
49
49
49
49
49
49
49
49
49
50
50
50
50
50
50
50
50
50
50
50
50
51
51
51
51
51
51
51
51
51
51
51
58
58
58
58
58
58
58
58
58
58
58
67
67
68
68
68
68
68
68
68
68
68
69
69
69
69
69
69
69
69
69
69
69
69
69
69
69
86
86
86
86
86
86
86
86
86
87
87
87
87
87
87
87
87
87
92
92
92
93
93
93
93
95
95
95
95
95
95
95
96
96
96
96
96
96
96
