3
3
3
3
3
3
3
3
4
4
5
5
5
10
10
10
10
10
11
11
11
11
11
11
11
11
11
11
12
12
13
13
13
13
13
13
13
13
13
13
13
13
13
13
13
13
14
14
14
14
14
14
14
14
14
14
14
14
14
14
15
15
15
15
15
15
15
15
15
15
15
15
15
15
15
15
15
18
18
18
18
18
18
23
25
25
25
25
25
25
25
25
25
28
28
28
28
28
28
28
28
28
28
28
28
28
29
29
29
30
30
30
30
31
31
31
31
31
89
89
89
89
89
89
89
89
89
90
90
90
90
90
90
90
90
90
90
91
91
91
91
91
91
91
91
91
91
91
91
92
92
92
92
92
93
93
93
93
93
93
93
93
93
93
93
93
93
93
93
97
97
