7
7
7
7
7
8
8
8
12
12
12
12
12
12
12
12
12
12
12
12
12
12
13
13
13
13
13
13
13
13
42
42
42
42
42
42
42
103
103
106
106
106
106
106
108
109
109
109
109
109
109
109
109
109
109
109
109
109
109
109
111
111
111
111
111
111
111
111
111
111
115
131
283
283
283
283
283
283
283
283
283
283
284
284
284
284
284
284
285
285
285
285
285
285
285
285
287
287
287
3256
3256
3257
3257
3257
3257
3257
3257
3258
3259
3259
3259
3259
3259
3259
3259
11005
11005
18384
18384
18385
18385
18385
18385
18385
18385
18385
18385
18385
18385
18385
18385
Inf
Inf
Inf
Inf
Inf
Inf
Inf
Inf
Inf
Inf
Inf
Inf
Inf
Inf
Inf
Inf
Inf
Inf
Inf
Inf
Inf
Inf
Inf
Inf
Inf
Inf
Inf
Inf
Inf
Inf
Inf
Inf
Inf
Inf
Inf
Inf
Inf
Inf
Inf
Inf
