6
6
18
18
18
19
19
19
19
19
19
19
19
19
24
24
24
24
45
45
45
45
45
45
45
45
46
46
46
46
46
46
46
46
46
46
46
46
46
46
46
46
46
46
47
53
53
53
53
53
53
53
53
53
53
53
53
53
54
54
54
54
54
55
55
55
55
55
55
55
55
55
55
55
55
55
55
55
55
55
55
57
57
58
58
58
58
58
58
58
58
58
58
58
58
58
58
58
843
844
844
844
844
844
844
844
844
844
844
844
844
844
846
846
846
846
846
846
846
846
846
846
846
847
847
847
847
847
847
847
847
847
847
849
849
849
849
849
849
850
850
850
850
850
853
853
856
857
857
857
857
857
857
857
857
857
857
857
857
857
857
857
857
857
857
861
861
861
861
861
861
