2
2
2
4
4
4
4
4
8
8
11
11
11
11
11
11
11
12
12
12
12
12
18
18
18
18
18
18
18
18
22
22
22
22
22
24
24
26
26
26
26
27
27
27
27
27
27
27
27
27
27
27
27
27
27
27
27
27
27
30
30
31
31
33
33
35
36
36
38
50
51
51
51
51
51
51
51
51
51
52
52
52
52
52
52
52
52
52
52
52
52
52
52
54
54
54
54
54
54
54
54
54
55
55
55
55
55
97
97
97
97
97
97
97
97
101
101
101
101
102
102
102
102
102
102
102
109
109
109
109
109
109
109
109
109
109
110
110
110
110
110
110
110
110
110
110
110
110
124
124
124
125
125
125
125
125
125
125
125
127
127
127
127
127
127
129
129
129
129
131
131
