2
2
7
7
7
7
11
11
11
11
11
11
11
11
11
11
11
11
12
12
12
12
12
12
12
12
12
12
12
12
12
12
12
24
24
24
24
24
24
24
24
24
174
174
174
174
174
174
174
174
174
174
174
174
182
182
182
182
182
182
182
182
182
182
182
182
182
182
420
420
420
420
420
420
991
991
991
991
991
992
992
992
992
992
992
992
992
992
992
992
992
992
992
992
992
992
992
1037
1037
1037
1037
1037
1037
1037
1037
1038
1038
1038
1038
1039
1039
1039
4957
4957
4957
4957
4957
4957
4966
4968
4969
4969
4969
4969
4969
4969
4969
4969
7409
7409
Inf
Inf
Inf
Inf
Inf
Inf
Inf
Inf
Inf
Inf
Inf
Inf
Inf
Inf
Inf
Inf
Inf
Inf
Inf
Inf
Inf
Inf
Inf
Inf
Inf
Inf
Inf
Inf
Inf
Inf
Inf
Inf
Inf
Inf
Inf
Inf
Inf
Inf
Inf
Inf
Inf
