1
1
11
11
12
12
12
12
12
12
12
12
14
14
14
14
15
15
15
15
15
15
15
15
15
15
15
15
15
15
24
24
24
24
24
24
24
31
31
31
31
31
31
32
32
32
32
32
32
32
32
32
32
32
32
32
32
32
37
37
38
38
38
38
38
38
38
38
38
38
38
38
38
38
38
40
40
40
40
40
40
40
40
40
66
66
66
66
66
76
79
79
79
79
79
81
81
81
81
81
81
81
81
102
102
102
102
102
102
102
102
102
102
103
103
103
103
103
103
103
103
103
106
106
106
106
106
106
106
106
106
106
107
107
107
121
121
121
121
121
121
121
121
122
122
122
122
122
122
122
122
122
122
122
122
122
124
124
124
124
124
124
124
124
124
124
124
126
126
126
133
