10
10
10
10
10
10
10
31
31
31
31
31
31
31
31
31
31
31
31
31
119
120
120
120
120
120
120
120
120
120
120
120
120
120
120
120
120
120
164
164
166
166
166
167
167
167
167
167
167
476
476
718
718
946
950
950
950
950
950
950
950
950
950
950
950
950
950
950
951
952
952
952
952
952
952
952
952
952
953
953
953
953
953
953
953
953
954
954
954
954
954
954
954
954
954
954
954
954
954
957
979
979
979
979
979
979
979
979
979
979
979
979
979
980
980
980
980
980
980
980
980
980
980
984
984
984
984
984
984
984
1804
1804
1808
1815
1815
1815
1815
1832
1832
1832
1832
1832
1832
1832
1832
1832
Inf
Inf
Inf
Inf
Inf
Inf
Inf
Inf
Inf
Inf
Inf
Inf
Inf
Inf
Inf
Inf
Inf
Inf
Inf
Inf
Inf
Inf
Inf
Inf
Inf
