3
3
10
10
10
10
10
10
10
10
10
10
11
11
11
11
11
11
11
11
11
12
12
12
12
12
12
12
12
12
12
12
12
12
12
12
14
14
14
14
15
15
15
15
15
15
15
15
15
15
15
15
15
15
15
15
15
15
15
16
16
16
16
16
16
16
16
16
16
16
16
16
16
16
16
16
16
18
18
18
18
18
18
18
18
18
21
21
21
71
71
71
71
71
71
71
71
71
71
71
72
72
72
72
72
72
72
72
72
90
90
90
90
90
90
90
90
90
90
92
92
92
92
92
93
94
94
94
94
94
94
94
94
94
94
96
96
96
96
96
100
100
100
100
100
100
100
100
100
100
101
101
101
101
102
102
102
102
102
102
102
102
102
102
102
102
102
102
102
124
124
