3
3
3
3
3
3
3
3
3
3
3
17
17
17
17
17
17
17
17
18
18
21
21
21
21
21
21
21
21
23
23
23
23
23
23
24
24
24
24
24
24
24
38
38
38
38
38
38
38
38
40
40
40
40
40
40
40
42
42
42
42
42
42
42
42
42
42
42
42
42
42
42
43
43
43
43
43
43
43
43
43
43
43
55
55
55
58
58
58
58
68
68
69
69
69
69
69
69
69
69
69
69
69
69
69
69
69
72
74
74
74
75
75
75
75
75
75
75
75
75
75
75
76
76
76
76
76
76
76
76
76
81
81
86
86
86
86
86
86
86
86
86
86
86
86
86
87
87
87
87
87
87
87
88
88
88
88
88
88
88
88
88
88
88
88
88
88
88
88
88
88
