6
6
6
6
6
6
6
30
30
48
48
88
88
88
88
88
88
88
88
88
91
91
91
91
91
91
91
91
91
91
94
97
97
97
97
97
97
97
97
97
98
98
98
98
98
98
99
99
99
99
99
99
99
99
99
99
99
99
99
99
99
99
264
264
264
264
264
264
264
264
264
264
264
264
264
264
264
265
265
265
266
266
268
268
268
268
268
268
269
269
269
269
269
269
274
274
274
274
274
274
274
274
1856
1856
1856
1856
1856
1856
1856
1856
1858
1858
1859
1859
1859
1859
1859
1859
1859
1859
1859
1859
1859
1859
1859
1859
1859
7206
7206
7206
7206
7206
7206
7206
7206
7206
7206
7206
7206
7206
7206
7206
7206
7207
7207
7207
7207
7207
7207
7207
7207
7211
7212
7212
7212
7212
7212
7212
7212
7212
7212
7212
7212
7212
7212
7212
7212
7212
7212
7212
7214
