5
5
5
5
5
5
5
5
5
7
7
11
11
11
11
13
13
13
13
13
13
13
13
13
13
13
13
13
14
14
14
14
14
14
14
14
14
14
14
14
16
16
16
17
17
17
17
17
17
17
17
17
17
26
26
26
26
28
28
28
28
28
28
28
29
29
29
29
29
29
29
29
29
29
31
31
31
31
31
31
31
31
31
31
32
32
32
32
32
32
32
32
32
32
32
32
32
32
32
32
33
33
33
33
33
33
33
34
34
34
34
34
34
34
35
35
35
35
35
35
35
35
35
35
35
35
50
50
50
50
50
50
50
50
50
50
51
51
51
51
51
51
51
51
51
51
51
51
51
56
63
63
63
63
64
64
64
64
64
64
64
64
64
64
64
64
64
64
64
65
65
