1
1
1
1
1
1
1
1
11
11
11
11
11
14
14
14
14
15
15
15
15
15
15
15
15
16
16
16
16
16
16
16
16
16
16
16
16
257
257
257
257
257
257
258
258
258
258
258
258
258
258
258
258
258
258
258
258
258
258
258
259
259
259
259
259
259
259
259
259
259
259
259
259
259
260
260
260
260
260
260
260
260
260
260
260
260
260
260
260
260
260
260
4329
4329
4331
4331
4332
4332
4699
4699
4699
4700
4700
4700
4700
4700
4700
4700
4700
4700
4700
4700
4700
4700
4700
4700
4700
4701
4701
4701
4702
4702
4702
4702
4702
4702
4702
4702
4702
4702
4705
4705
4705
4706
4706
4706
4706
4706
4706
4706
4706
4706
4706
4706
4706
4706
4711
4711
4711
4711
4716
4716
4716
4716
4716
4716
4716
4716
4716
4716
4716
Inf
Inf
Inf
Inf
Inf
Inf
Inf
Inf
Inf
Inf
