6
6
6
7
7
7
7
7
7
7
7
7
7
7
7
7
7
7
7
7
8
8
8
8
8
8
8
8
8
8
8
8
91
91
91
91
91
91
91
93
93
93
93
93
93
94
94
94
94
94
94
94
94
94
94
94
94
94
94
94
94
94
94
95
95
95
95
95
95
95
95
95
95
95
95
95
95
95
95
95
95
95
1974
1974
1974
1974
1974
1974
1974
1974
4665
4665
4667
4667
4668
4668
4668
4668
4668
4668
4668
4668
4668
4668
4668
4668
4682
4682
4682
4682
4682
4682
4682
4682
4682
4682
4682
4682
4682
6704
6704
6704
6704
6704
16784
16784
16784
16784
16784
Inf
Inf
Inf
Inf
Inf
Inf
Inf
Inf
Inf
Inf
Inf
Inf
Inf
Inf
Inf
Inf
Inf
Inf
Inf
Inf
Inf
Inf
Inf
Inf
Inf
Inf
Inf
Inf
Inf
Inf
Inf
Inf
Inf
Inf
Inf
Inf
Inf
Inf
Inf
Inf
Inf
Inf
