1
1
1
1
1
1
15
15
15
15
15
15
15
15
17
17
17
25
27
27
27
27
27
29
29
29
29
29
29
29
29
29
29
29
30
30
30
30
30
30
30
30
30
30
30
30
30
30
30
30
30
30
30
33
33
33
33
47
47
49
49
49
49
49
49
50
50
50
50
50
50
50
50
50
50
57
57
57
57
57
57
57
57
57
57
59
60
60
60
61
61
62
62
62
62
62
62
62
62
62
62
62
62
62
62
62
62
65
65
65
65
65
65
65
65
65
65
65
69
69
69
69
69
70
70
70
70
70
70
70
71
71
71
71
71
71
71
71
71
71
71
71
71
73
73
73
73
73
73
73
73
73
73
74
74
74
74
74
74
74
74
74
74
74
74
74
75
75
75
75
75
