10 11 11 11 11 11 11 11 11 11 11 13 13 13 13 14 14 14 14 14 14 14 57 57 57 58 59 59 149 149 149 149 151 234 234 234 234 236 236 236 236
52 52 53 53 53 53 53 53 53 53 53 53 86 86 86 97 97 97 97 97 97 97 99 99 99 99 99 99 99 100 100 100 100 100 102 102 102 334 334 336 336
5 5 19 19 23 23 23 23 23 90 91 91 91 91 91 91 91 91 91 91 92 92 92 92 92 92 92 92 92 92 92 93 93 93 93 93 94 94 94 94 94
3 4 4 4 4 4 4 4 5 5 148 164 164 164 164 164 164 164 164 164 181 181 181 181 183 183 183 183 183 183 184 184 184 184 184 184 184 184 184 184 184
15 15 15 15 15 15 15 15 28 28 28 28 28 28 28 28 81 81 81 81 85 85 85 85 85 85 85 85 85 85 85 88 88 88 88 88 89 91 91 92 92
2 2 2 2 2 2 2 2 25 26 26 26 26 26 26 27 27 42 42 42 42 42 42 43 43 43 43 44 44 44 45 45 45 45 60 60 60 61 61 61 104
18 18 18 18 18 18 18 18 18 61 61 61 61 65 65 105 105 250 250 252 252 252 252 252 253 253 255 255 255 255 655 655 655 655 655 655 655 655 655 655 655
4 4 4 5 5 5 5 5 5 16 16 16 16 52 52 52 52 52 52 52 52 52 53 53 53 53 53 53 53 56 56 87 87 87 87 91 91 91 168 168 174
8 8 10 10 10 10 10 10 10 66 66 68 68 68 68 68 68 68 68 68 68 68 258 259 259 259 259 259 259 259 259 279 279 279 281 281 281 282 282 282 282
5 5 9 9 9 9 12 12 12 12 15 15 15 15 15 15 15 15 15 24 24 24 24 24 24 48 48 48 48 48 138 138 138 138 138 138 139 139 139 139 139
38 40 41 41 41 41 41 41 41 41 52 52 52 52 52 52 83 83 126 157 157 157 157 158 158 158 158 158 158 158 158 158 158 158 158 158 159 258 258 258 258
3 3 3 4 4 4 5 5 5 5 5 5 5 5 5 5 9 9 9 9 9 9 9 9 9 9 9 11 16 16 16 16 16 16 16 16 16 18 18 18 18
6 37 37 37 37 37 37 81 81 81 81 83 83 83 83 83 84 84 84 84 84 84 84 84 104 104 104 104 104 104 104 104 219 219 219 219 219 219 219 239 239
10 11 11 65 65 65 65 65 65 65 65 66 66 67 67 67 67 67 67 67 67 67 67 68 68 68 68 68 68 68 68 68 68 68 351 351 351 351 351 351 351
1 2 2 2 2 2 3 3 3 3 3 3 3 3 16 25 25 25 25 25 25 25 25 129 129 129 129 129 130 130 133 133 133 133 134 134 134 134 136 138 138
7 7 7 7 7 7 7 7 7 7 14 14 14 16 16 17 17 46 47 47 47 48 48 48 48 113 114 114 114 114 114 114 114 114 114 114 117 117 117 117 740
2 2 2 2 2 2 13 13 13 13 13 13 13 13 13 13 13 14 14 14 14 14 14 14 14 14 14 14 14 122 122 123 123 123 123 123 123 123 126 126 126
8 8 8 8 8 10 10 10 12 12 13 13 13 13 13 13 13 13 13 13 13 32 32 32 32 32 39 123 123 123 123 123 123 123 123 123 123 123 244 244 244
39 75 75 75 75 75 76 76 76 76 76 76 76 76 76 76 78 78 78 78 78 78 78 78 78 78 89 89 89 89 89 240 241 241 241 241 241 241 241 246 246
4 4 4 4 4 5 5 5 5 18 19 19 19 19 19 19 19 19 19 20 20 20 20 20 20 20 20 20 20 20 20 24 24 24 24 24 27 27 27 27 27
41 42 42 42 42 42 42 42 43 43 94 94 94 94 94 94 101 101 101 101 108 108 109 109 109 109 110 110 110 110 111 111 111 111 111 111 111 118 118 118 120
24 34 34 39 39 39 39 39 39 39 40 40 40 40 40 40 40 40 43 43 43 43 43 43 43 45 45 45 45 45 45 47 47 48 48 48 48 48 48 50 50
38 38 40 40 40 40 40 46 48 48 48 48 48 48 48 48 48 73 73 73 73 73 73 344 344 345 347 348 348 348 418 418 418 418 418 418 418 418 418 418 420
1 1 4 4 4 21 21 21 32 32 33 33 33 33 33 33 33 33 33 34 35 35 35 35 35 35 35 35 40 48 48 48 48 49 49 49 49 171 171 171 533
1 2 2 2 2 3 3 3 3 3 3 5 5 5 5 5 5 5 5 6 6 6 6 9 9 9 9 9 10 10 10 10 10 10 10 10 10 10 10 10 10
25 25 30 30 73 73 77 77 77 77 85 163 194 194 194 194 194 198 198 198 198 198 310 310 310 419 419 419 419 419 419 419 696 696 696 696 696 696 696 696 698
9 9 9 9 9 9 9 9 9 34 34 35 35 35 35 35 35 35 35 35 36 36 36 36 36 36 36 36 37 37 37 37 37 37 37 37 37 37 37 37 37
6 19 20 21 21 23 23 23 23 23 23 23 23 23 23 25 25 25 25 25 25 25 25 27 278 278 278 278 278 278 278 278 281 285 285 285 285 285 285 300 300
8 11 11 12 12 12 12 12 12 17 17 17 17 17 17 17 17 19 19 19 19 19 202 202 202 202 202 202 203 203 203 204 204 204 204 204 204 204 205 205 205
22 22 22 22 22 25 25 25 25 25 25 26 26 26 29 29 139 139 139 139 139 246 246 247 247 247 247 297 297 297 314 423 423 423 423 423 423 426 426 426 427
5 5 12 12 12 13 13 13 31 31 31 31 32 34 34 34 34 35 35 35 35 37 68 68 68 251 251 251 251 251 251 252 252 252 252 252 252 252 252 252 254
4 4 4 4 4 4 4 4 4 15 15 15 15 15 15 15 164 164 227 227 227 227 227 227 227 227 227 227 227 227 227 229 231 232 232 232 232 232 232 232 232
11 11 11 45 45 45 45 45 45 57 57 57 57 58 58 58 58 58 58 58 58 59 59 59 60 60 60 60 60 60 61 61 61 61 61 61 61 87 87 87 87
7 7 7 7 7 69 69 69 69 70 70 70 70 71 71 71 71 71 71 71 71 72 72 72 82 82 186 186 186 186 233 234 234 234 234 234 234 234 234 234 681
27 27 27 27 27 28 28 28 28 28 28 28 28 30 30 30 33 33 33 33 33 33 33 33 33 33 33 33 34 34 34 34 34 34 35 35 35 35 35 35 35
3 16 20 21 21 21 21 21 23 23 36 36 36 36 36 42 43 43 46 46 46 46 46 46 46 46 47 47 47 47 47 47 47 47 162 180 181 181 181 181 181
8 8 8 9 17 18 18 18 18 18 18 18 18 18 18 26 26 28 28 28 28 28 29 29 29 29 29 29 29 29 29 29 30 30 30 30 30 30 30 30 30
18 18 20 20 20 20 20 20 25 25 32 32 126 126 126 126 126 126 126 127 127 128 128 128 128 128 128 128 128 128 128 128 508 508 508 508 508 508 509 510 510
20 22 22 22 22 26 26 28 28 28 28 50 50 50 50 50 50 50 161 161 161 161 161 161 161 161 162 162 162 162 162 176 176 176 176 176 176 177 177 177 177
2 10 10 10 10 10 10 18 18 18 18 18 18 18 23 23 23 23 23 23 23 252 252 252 252 253 254 256 256 256 256 256 256 256 257 257 257 257 257 257 257
5 5 6 6 6 6 6 6 6 6 6 6 12 12 13 13 13 13 13 15 15 47 47 47 47 49 49 49 49 49 49 51 51 51 51 51 372 372 372 372 372
2 2 2 2 2 2 2 4 4 4 4 5 5 5 5 5 5 5 6 6 143 143 143 143 143 143 143 143 148 149 149 149 149 149 149 149 149 149 149 149 149
27 27 27 27 27 27 28 28 28 28 28 28 28 28 28 28 28 29 29 29 29 29 29 29 30 30 30 30 30 30 30 30 32 32 32 32 32 35 35 35 35
3 3 23 23 23 23 23 23 23 23 42 42 42 42 42 42 42 42 43 43 43 43 43 43 43 43 44 44 44 44 44 44 44 44 47 47 47 47 47 47 47
11 11 11 11 11 28 31 31 31 32 32 33 34 34 35 35 35 35 35 35 36 36 37 37 84 85 85 85 87 87 87 87 246 246 246 247 247 248 248 248 248
7 7 7 7 7 9 13 13 13 13 15 15 15 15 16 16 16 16 18 18 18 18 18 18 19 19 19 19 19 19 19 19 19 19 19 21 21 21 21 21 21
17 17 17 17 17 22 24 24 24 24 24 24 26 26 26 26 26 26 26 102 102 105 105 105 105 105 105 105 108 108 108 108 108 109 109 109 109 109 109 109 109
7 13 13 13 14 48 48 48 48 48 48 48 73 73 73 73 73 73 73 136 136 136 136 136 136 140 141 141 141 141 141 141 141 141 141 141 141 141 150 150 150
26 27 27 27 31 31 81 81 82 82 82 82 180 181 181 181 181 181 181 181 181 184 184 184 184 184 193 193 197 197 197 198 198 198 198 199 200 200 200 200 200
3 3 11 11 11 11 11 11 11 11 12 12 12 12 12 13 13 13 14 14 14 14 14 20 20 26 26 26 26 26 26 26 26 406 406 406 406 406 406 410 413
3 3 18 18 18 18 18 20 20 20 21 21 35 35 35 35 35 35 35 46 167 167 287 287 287 287 287 287 287 287 287 287 287 287 288 288 288 288 288 288 288
21 47 56 59 59 59 59 59 60 60 60 73 74 74 74 74 74 74 74 74 74 74 74 74 74 75 75 75 75 75 75 75 75 75 192 195 195 578 578 578 578
25 26 26 26 26 26 26 26 60 60 61 61 61 169 169 169 169 169 169 169 234 234 236 236 236 237 237 237 237 237 237 255 265 265 265 265 265 271 271 272 272
8 9 9 9 9 9 9 46 48 48 48 48 48 48 48 48 48 48 49 49 49 140 140 140 140 140 140 140 140 140 144 144 146 146 146 146 146 321 321 321 321
3 7 9 9 9 31 31 31 31 31 31 31 33 33 33 33 33 33 34 35 35 35 35 37 37 37 37 38 38 38 38 38 38 38 38 38 38 38 39 39 40
4 4 10 10 10 10 22 27 27 27 27 29 29 84 84 84 84 84 84 84 84 84 84 84 113 113 113 113 113 113 115 115 115 220 220 220 220 220 220 220 220
3 3 3 3 3 3 3 3 3 3 3 8 8 8 8 8 8 8 8 11 11 11 11 11 13 13 13 13 13 13 14 14 14 14 14 15 15 15 15 15 15
7 7 7 13 13 13 13 13 13 13 13 15 15 15 15 15 15 91 93 93 93 93 93 93 198 198 198 219 241 241 244 244 246 326 326 326 598 858 862 864 864
25 25 25 25 25 25 26 26 26 26 26 26 55 56 56 56 56 58 58 58 58 59 59 59 59 59 59 59 59 59 59 59 59 271 271 271 271 271 271 290 293
3 3 3 3 3 3 3 3 3 3 4 4 4 4 4 4 4 4 4 4 4 4 11 11 16 16 16 16 16 20 146 146 146 146 146 146 146 146 536 536 536
4 4 4 4 4 4 47 47 48 48 48 48 48 48 48 48 48 48 177 177 177 177 178 178 178 180 181 181 181 181 182 182 182 182 182 182 182 184 184 184 184
2 2 2 3 3 3 3 3 3 3 3 3 3 6 6 6 6 6 68 69 69 69 69 106 106 362 364 364 364 365 365 365 366 366 366 366 366 366 366 366 366
5 5 5 5 5 5 5 5 5 5 15 16 16 16 16 16 16 16 16 17 17 17 17 17 17 17 17 17 17 17 19 20 20 20 20 20 20 20 26 26 26
8 8 8 8 9 9 11 11 20 21 21 23 23 23 23 35 35 35 35 35 118 118 118 118 118 118 118 118 118 124 124 124 124 124 124 124 125 125 125 130 131
11 35 35 35 35 35 36 36 36 36 36 36 36 36 36 36 36 114 114 114 114 114 116 116 116 116 116 116 116 129 129 129 129 129 129 129 129 129 129 129 129
3 4 4 4 4 50 50 50 50 50 50 55 55 55 55 55 55 57 57 57 247 247 247 248 248 248 248 248 248 248 248 249 249 249 249 249 249 249 249 249 249
8 8 8 33 33 35 35 35 35 35 35 35 35 35 36 36 36 36 36 36 36 36 36 40 40 40 40 40 42 42 57 57 125 125 125 125 125 127 127 127 127
10 35 35 35 35 35 35 37 37 37 37 38 38 38 38 38 38 38 38 41 41 41 41 41 41 42 42 42 42 42 42 50 50 52 52 52 52 52 239 239 250
6 19 22 22 37 37 37 37 37 37 37 63 63 87 88 88 88 88 88 88 89 89 89 89 89 89 89 89 90 90 90 90 90 90 90 90 91 91 91 91 91
3 5 10 10 10 20 23 23 23 23 23 23 28 28 28 29 29 29 29 29 29 29 29 29 29 29 29 31 31 31 31 31 31 31 32 32 32 50 51 51 51
9 9 9 9 43 52 52 53 54 54 54 55 55 55 55 55 55 55 55 55 55 56 56 63 63 63 63 63 63 63 63 65 65 65 65 65 66 66 66 66 476
12 12 12 12 12 12 12 12 12 13 13 13 22 22 22 22 22 22 22 22 22 22 23 23 23 24 24 24 24 24 24 24 24 24 26 26 26 68 148 153 153
15 15 15 15 15 39 39 39 39 39 43 43 43 43 43 47 49 49 83 83 83 83 83 85 85 85 85 85 85 85 529 529 529 529 529 538 538 538 538 538 538
2 8 8 8 8 42 42 42 42 42 42 42 48 68 68 147 147 151 151 151 151 154 154 154 154 155 155 155 155 155 155 156 156 156 156 156 156 156 156 156 157
5 5 5 34 34 34 34 41 41 64 64 64 64 67 68 88 93 95 95 95 270 270 271 271 271 271 271 271 271 271 271 271 271 271 272 272 272 272 350 350 350
2 31 31 31 61 62 62 62 62 62 84 84 86 87 87 87 87 87 87 87 87 87 90 90 90 90 90 104 104 104 104 104 109 109 136 139 139 139 299 325 326
12 12 12 12 12 12 18 18 18 18 18 18 18 53 53 53 54 54 54 54 54 54 55 55 55 55 55 55 55 55 55 55 126 126 126 126 126 126 126 126 126
6 6 6 7 7 7 7 7 13 13 14 14 14 14 14 14 14 14 14 14 15 15 15 16 16 16 16 188 190 190 190 190 190 190 191 191 191 191 192 192 192
5 6 6 6 6 6 6 6 6 9 9 9 13 13 92 92 92 92 92 94 94 198 198 198 198 198 198 198 198 198 198 246 246 246 246 246 246 246 246 255 255
2 2 2 3 3 3 3 5 37 37 37 39 39 39 39 39 39 39 39 39 79 79 79 80 80 80 80 80 80 80 80 80 80 80 80 81 81 81 81 81 83
1 1 3 3 3 4 4 4 4 4 4 8 8 8 8 9 9 9 9 9 9 9 197 197 197 197 197 197 197 197 200 200 200 200 200 200 200 200 200 200 206
3 3 3 3 3 3 3 3 3 3 4 5 5 5 5 5 5 5 5 5 5 6 6 6 6 6 7 7 13 13 13 13 13 143 143 143 148 148 148 148 148
9 9 9 9 9 9 12 12 12 12 14 15 15 15 15 16 16 16 16 16 16 29 32 32 32 32 364 364 364 364 366 366 366 366 366 366 366 370 370 370 370
7 7 7 55 55 55 55 55 77 77 97 108 108 108 197 197 197 197 197 259 259 335 335 335 335 335 335 335 335 335 826 826 826 826 826 964 965 1205 1205 1310 1310
2 2 2 2 2 3 3 3 3 3 3 3 3 3 3 3 17 17 17 17 102 102 103 103 103 103 103 103 103 103 104 104 104 104 104 104 104 104 105 106 106
5 14 14 14 14 27 27 27 75 133 210 212 222 224 224 224 224 224 224 224 225 225 225 225 226 226 226 226 226 226 226 226 226 226 226 226 242 242 242 242 247
5 5 5 5 5 5 7 7 7 20 20 20 22 22 22 22 22 22 22 60 60 60 60 60 60 60 60 62 62 62 62 62 63 63 63 63 64 64 64 174 174
4 4 4 4 19 19 19 19 19 19 40 40 40 86 86 86 86 86 86 86 86 86 86 87 87 87 87 91 91 91 91 91 91 160 161 161 161 161 161 161 161
20 20 20 20 20 23 23 23 23 84 84 84 84 84 84 84 85 85 85 87 96 96 96 96 96 97 97 97 97 97 97 97 97 97 97 97 97 392 392 392 393
12 12 12 12 12 12 12 12 14 14 14 14 14 15 15 15 16 17 17 17 17 17 20 20 20 20 21 21 21 21 21 21 21 21 21 21 492 492 492 492 497
5 5 6 6 6 6 6 6 10 10 10 10 14 14 14 15 15 15 15 15 15 15 19 19 20 20 20 20 20 20 20 21 21 21 21 21 23 23 23 23 24
16 16 36 36 36 36 36 36 36 37 37 37 37 37 37 37 37 37 37 38 38 38 38 38 38 38 135 143 143 143 147 178 179 179 180 180 180 180 180 180 180
4 35 35 35 35 46 46 46 76 76 76 76 76 76 76 76 76 77 77 77 78 78 78 78 78 78 78 78 89 89 89 89 89 90 90 90 90 114 114 115 115
3 3 3 3 3 3 3 34 34 34 34 34 34 34 34 35 75 75 75 75 75 75 75 75 78 78 78 78 78 78 78 78 137 137 137 137 137 168 168 168 168
23 23 30 30 31 31 40 40 41 41 41 41 41 41 41 41 241 241 241 241 327 333 333 333 333 333 333 333 333 333 333 334 334 334 334 334 334 334 334 334 334
13 13 21 21 22 22 22 22 22 44 44 44 112 112 112 112 116 116 116 116 116 116 116 116 116 116 116 117 117 117 117 117 117 117 117 117 117 118 122 122 122
8 8 8 8 8 8 9 9 9 9 9 10 24 24 24 24 24 24 24 24 45 92 94 94 94 94 94 94 94 94 303 303 303 303 303 303 304 304 304 304 304
18 20 20 20 20 21 21 24 25 25 25 40 41 41 60 60 60 60 61 63 63 63 101 101 101 101 101 101 503 503 503 503 503 503 505 505 575 576 576 576 576
10 10 10 10 11 11 14 15 15 15 15 15 15 15 15 15 15 15 15 17 17 17 17 17 118 118 118 118 118 118 118 118 119 119 119 119 119 119 119 119 124
3 3 4 4 4 26 49 49 49 49 50 50 50 50 50 53 134 134 134 134 134 134 134 182 182 182 320 320 320 320 335 336 336 336 336 336 336 336 336 336 338
3 3 4 4 4 5 5 5 5 21 21 21 24 69 69 69 69 69 69 69 71 71 71 159 159 159 159 159 159 159 160 160 160 160 160 160 160 160 261 261 261
6 6 6 6 6 6 6 6 7 7 7 7 7 8 8 8 8 8 8 8 8 8 8 8 8 8 17 17 23 23 81 81 81 82 82 82 82 82 82 82 82
3 5 5 5 30 30 51 51 51 51 52 52 52 52 52 52 72 72 72 72 75 160 160 160 166 166 166 206 206 209 209 308 687 687 687 687 687 687 687 688 688
14 14 14 14 14 14 15 15 15 15 15 26 26 26 26 26 26 26 26 26 26 189 189 401 401 401 401 401 401 402 402 402 402 402 402 402 403 403 403 403 403
5 5 5 5 5 9 9 9 9 9 9 9 52 52 53 53 53 53 53 53 53 53 53 53 53 336 336 336 336 336 336 336 336 337 337 495 495 495 495 495 495
1 15 15 15 17 59 59 60 68 68 68 68 68 109 109 109 109 109 109 109 112 129 129 129 129 129 129 129 131 131 131 131 131 131 131 131 131 133 133 133 142
11 12 12 12 12 12 12 12 13 76 76 78 79 79 79 79 79 79 79 79 112 112 112 117 117 117 117 117 117 117 117 118 118 118 118 118 118 118 118 118 118
13 13 19 19 19 19 19 34 34 34 34 35 35 35 35 35 35 35 35 35 35 35 35 36 36 36 36 36 36 36 36 36 36 36 133 133 133 133 133 137 137
28 29 29 29 29 29 30 30 30 30 30 33 33 33 33 33 33 34 91 91 91 91 91 91 91 91 91 91 93 93 125 125 126 126 126 126 126 126 126 126 126
12 17 17 17 17 17 17 19 19 19 20 20 20 20 20 20 20 20 20 20 21 21 21 66 66 76 76 85 85 85 86 86 86 279 279 279 279 282 286 286 286
2 10 10 10 10 10 10 10 12 12 12 12 12 13 13 13 13 13 13 13 13 13 15 15 15 15 15 15 15 16 16 16 16 120 120 120 120 120 120 120 120
3 3 3 4 4 4 4 5 5 5 5 5 5 9 9 10 10 10 13 13 13 13 88 88 88 685 712 712 712 713 713 713 713 713 715 715 715 715 715 716 716
24 24 24 24 24 24 24 24 24 24 32 32 43 43 43 43 43 43 44 44 44 44 70 70 70 70 74 74 74 74 81 81 83 83 83 83 83 83 83 87 90
10 22 32 32 32 33 33 33 33 33 33 33 56 56 56 56 56 56 56 57 57 57 57 57 57 57 57 57 61 61 61 61 61 61 61 61 61 61 73 73 73
3 3 3 3 3 3 3 3 3 3 3 5 5 5 5 5 5 5 5 5 94 94 94 94 104 104 104 108 108 108 108 108 108 108 108 108 108 108 108 373 373
8 9 9 9 9 9 9 9 9 9 9 10 10 10 10 10 10 10 10 11 11 11 11 11 11 11 11 11 11 11 12 12 12 12 12 12 12 12 12 12 14
20 21 28 28 28 28 29 29 29 29 29 37 37 37 41 41 41 41 41 42 42 42 42 42 42 44 44 44 44 44 96 96 96 96 96 96 96 287 288 288 288
3 3 3 3 3 3 3 3 3 31 31 32 32 32 32 32 32 32 32 32 245 245 245 245 246 246 247 247 247 247 247 247 247 247 247 247 247 247 373 373 373
10 10 10 10 10 10 10 10 10 10 12 12 12 12 12 14 14 14 14 14 14 14 14 14 20 20 20 20 20 20 20 20 20 20 20 259 259 259 259 259 259
6 7 7 7 7 7 7 8 8 8 8 8 8 8 8 8 8 8 55 55 82 82 82 82 83 83 83 83 83 83 87 87 87 87 87 88 99 99 99 99 99
6 6 6 6 49 49 49 49 53 53 53 53 53 55 55 57 57 57 58 58 58 58 58 58 59 59 59 59 59 59 59 59 93 93 93 93 93 103 103 103 341
32 34 34 34 34 34 34 34 37 37 37 38 38 38 38 38 38 38 39 39 39 39 39 39 40 40 40 40 41 42 42 44 44 44 44 44 44 50 51 51 51
18 18 41 44 44 44 57 57 57 57 57 85 85 85 85 86 86 86 86 86 86 86 87 87 87 87 87 87 87 87 87 87 88 88 88 88 88 88 88 88 88
7 7 7 7 7 9 9 9 9 9 9 9 20 20 20 20 20 20 20 20 20 20 20 70 70 70 70 70 70 72 72 72 72 72 72 72 72 73 73 73 79
4 5 5 5 5 5 5 5 5 5 5 5 28 28 29 29 151 151 151 151 154 154 321 321 321 321 322 324 324 324 324 325 325 325 325 325 325 325 325 325 325
5 5 7 7 8 8 8 8 11 11 11 11 11 11 11 13 13 13 13 13 13 79 79 80 80 80 80 181 181 182 182 182 184 184 441 441 441 441 441 441 441
4 4 4 4 4 4 5 5 5 5 5 5 5 5 5 5 5 5 25 25 25 25 25 178 178 178 198 198 198 198 198 198 198 198 198 201 201 201 201 203 203
3 3 4 4 4 4 38 38 38 38 38 38 38 38 38 39 88 88 88 90 90 90 90 90 90 90 91 91 91 91 92 92 216 216 216 216 216 216 216 216 217
33 33 33 33 34 36 36 36 40 40 40 40 41 41 41 41 41 41 41 41 123 123 123 123 123 127 127 127 127 127 127 127 129 129 129 129 139 139 139 139 139
3 4 4 6 6 9 9 9 9 9 9 122 122 122 123 123 123 123 124 124 124 125 125 125 125 125 125 125 125 125 125 125 127 127 127 128 128 341 341 341 341
16 18 18 18 18 18 18 18 19 29 29 29 30 30 30 30 30 30 30 30 31 31 118 118 118 118 118 118 119 121 121 121 121 121 462 463 464 464 469 469 469
18 18 18 18 18 18 18 18 43 43 43 45 45 45 45 45 45 45 45 48 48 48 49 49 49 49 49 49 49 49 49 288 289 289 289 289 296 296 296 296 296
18 19 19 19 19 44 47 50 50 51 51 51 51 51 51 51 51 52 52 52 52 52 52 52 52 80 80 80 80 80 80 80 81 81 81 81 81 81 81 82 82
13 13 13 33 33 33 34 34 34 34 34 34 34 34 34 36 36 36 36 36 38 40 40 40 303 303 303 303 303 303 303 303 303 305 306 306 306 306 306 306 306
8 8 8 8 8 8 8 8 8 9 9 9 9 9 9 9 9 37 126 126 127 127 258 258 258 258 259 259 259 262 262 262 262 262 267 267 267 267 267 267 267
13 13 13 13 17 17 17 23 23 23 23 23 23 23 31 31 31 31 31 31 35 35 35 35 35 35 35 35 35 35 37 37 37 37 37 37 37 37 100 100 100
7 7 7 7 7 7 7 7 17 17 17 17 17 17 17 22 22 22 26 117 117 117 117 117 117 117 117 117 118 118 118 118 118 118 124 124 124 124 403 404 404
3 26 26 26 26 39 39 39 39 39 39 39 39 42 42 42 42 42 42 42 42 42 42 44 45 320 321 321 321 321 321 428 428 428 446 446 446 446 446 446 447
5 5 5 5 5 5 5 6 6 6 6 6 6 6 6 6 60 66 66 66 66 66 66 66 66 66 70 74 74 74 74 74 75 76 76 76 76 76 76 76 76
11 11 12 20 20 20 27 27 27 27 43 43 43 43 43 43 43 50 50 50 50 50 50 50 50 50 51 51 51 51 51 52 52 52 52 52 52 415 415 415 415
8 8 8 8 8 8 8 8 8 8 39 39 39 39 39 39 39 39 39 47 47 47 47 47 47 47 47 47 49 49 51 51 51 323 323 323 329 329 329 334 334
3 5 5 5 5 5 5 5 5 6 6 6 6 6 6 6 46 46 46 46 46 46 46 46 105 105 105 105 105 105 105 212 212 213 213 213 213 213 213 213 213
6 6 6 6 14 14 14 14 14 37 37 39 42 42 42 42 43 43 43 43 43 43 43 44 44 44 44 44 44 44 44 218 218 218 218 219 219 219 219 219 219
12 19 20 21 21 21 21 21 21 21 21 21 21 21 25 25 25 25 25 25 25 26 26 26 26 26 26 26 26 26 26 26 26 27 27 27 27 75 75 75 75
5 5 5 5 5 5 5 5 6 6 6 6 6 6 6 6 6 6 8 16 17 17 17 17 17 17 17 17 36 36 36 36 88 88 88 88 88 88 88 88 88
7 19 19 19 19 19 19 19 19 19 29 30 30 30 30 30 30 57 57 403 403 403 403 458 458 458 458 458 458 458 458 458 458 458 459 459 459 459 459 460 460
16 16 16 38 38 38 38 38 38 38 38 38 38 40 40 40 46 46 46 46 46 46 46 46 46 98 98 98 200 203 205 205 205 205 205 206 207 207 207 207 207
6 6 25 25 25 28 28 28 28 29 29 29 29 29 29 29 29 31 31 31 31 31 31 31 31 100 100 100 100 100 100 100 102 102 102 102 102 102 102 102 102
10 10 10 22 24 28 28 86 86 136 136 137 137 137 137 137 137 142 142 142 142 142 147 147 147 147 151 151 151 370 371 371 372 372 372 372 372 372 372 372 374
11 11 11 11 11 12 12 12 12 12 12 12 12 12 12 12 13 13 13 13 13 13 13 13 13 13 13 13 13 35 35 54 54 54 54 54 57 57 57 57 57
15 15 15 15 15 31 31 31 31 31 33 33 33 33 33 33 34 34 34 34 34 34 34 34 34 34 34 35 35 35 175 175 175 176 176 176 567 567 567 572 572
59 59 95 95 96 96 96 96 96 96 96 97 97 97 97 97 97 97 97 99 109 109 109 109 178 178 179 179 179 179 179 180 180 180 180 180 183 183 183 183 183
14 14 14 14 14 14 14 14 14 57 64 64 65 65 65 65 65 65 65 65 65 65 66 66 66 66 66 66 66 66 66 637 637 637 637 637 638 638 638 638 638
39 39 39 44 44 44 44 44 44 44 44 44 44 45 45 114 114 114 114 114 114 114 114 116 117 117 117 117 117 117 117 117 117 642 642 642 644 644 644 644 644
6 6 6 6 6 6 7 7 7 7 7 12 12 12 12 14 14 14 40 40 40 40 40 40 43 43 43 43 43 44 44 44 44 44 44 44 44 44 49 49 49
7 8 10 10 10 10 11 44 44 148 148 148 159 159 159 168 168 170 170 170 171 171 171 171 171 171 171 171 171 171 485 485 485 487 487 487 488 488 488 488 488
31 31 31 31 31 32 32 32 32 32 32 32 32 32 32 33 33 33 33 33 33 33 33 33 33 34 34 34 34 34 34 34 34 39 39 39 39 39 39 39 39
2 5 5 5 5 5 5 9 10 10 10 10 10 10 10 10 10 11 11 12 12 12 12 12 12 12 12 12 12 12 12 12 13 13 13 13 303 303 303 303 303
16 16 16 16 16 16 16 18 18 18 18 18 19 19 19 19 21 21 67 67 67 67 96 96 96 307 308 308 308 308 308 308 308 308 308 308 308 308 529 531 536
3 3 3 3 3 21 21 21 35 35 59 59 59 59 59 59 59 59 59 62 62 62 62 70 70 70 113 113 113 113 114 114 114 114 120 120 120 121 121 121 121
2 2 2 23 23 23 23 23 23 23 23 23 58 58 58 86 87 87 87 87 91 91 91 91 91 92 92 92 92 94 94 94 94 100 100 100 100 100 100 100 100
13 13 66 66 66 66 66 66 66 67 67 67 67 67 68 68 68 68 68 68 68 68 118 119 119 119 119 119 119 119 119 324 324 324 324 324 324 324 324 324 326
8 8 9 10 10 10 10 10 10 10 10 39 39 39 41 41 41 41 41 41 41 41 113 277 277 277 277 277 277 277 277 277 277 277 278 278 278 278 278 278 278
10 23 23 23 23 26 26 26 27 27 27 27 27 27 27 27 27 27 66 66 66 234 234 234 234 234 234 234 236 236 236 236 236 236 236 236 236 236 360 360 360
2 2 2 2 3 3 3 3 3 3 3 3 3 147 147 148 148 148 148 148 149 149 149 149 149 149 149 149 149 149 149 149 208 208 208 208 208 208 208 209 209
12 21 21 21 21 21 36 36 36 36 36 80 80 80 80 161 162 162 162 162 162 162 162 190 190 191 204 206 207 207 207 207 207 207 207 207 208 208 208 208 208
4 4 4 4 4 4 4 4 4 60 60 66 133 133 133 133 133 134 134 134 134 134 134 134 134 134 134 134 136 136 136 136 136 136 136 150 150 150 150 150 150
13 24 25 25 27 27 27 27 64 65 65 65 65 65 65 65 65 65 65 65 65 101 101 101 102 102 102 102 102 103 103 103 103 104 104 104 105 105 105 105 105
15 15 15 15 18 18 46 46 67 67 67 67 67 67 67 67 67 68 68 68 68 68 68 68 68 69 69 69 69 69 69 69 69 69 69 69 69 74 75 75 75
10 10 10 10 10 10 10 32 32 32 42 42 42 42 42 42 42 42 43 43 43 43 44 44 44 44 44 44 44 45 45 45 45 45 45 45 45 108 108 108 108
27 27 28 49 49 49 49 49 50 50 50 50 50 50 65 65 97 97 97 97 97 97 97 97 625 625 625 625 626 626 626 626 626 626 626 626 626 626 626 657 657
15 16 16 16 16 16 16 16 16 16 18 18 18 18 18 18 18 18 18 18 115 116 116 116 116 116 116 116 116 116 116 116 177 338 340 340 341 341 341 341 341
3 4 4 4 4 4 4 5 5 5 5 5 5 5 5 5 5 5 6 7 7 7 7 7 7 7 7 7 7 20 20 20 20 20 20 20 20 20 20 20 20
2 2 5 5 5 5 5 5 5 9 9 9 9 9 9 10 10 10 10 10 10 10 70 70 70 70 71 72 77 77 77 77 77 78 78 78 320 320 320 412 412
8 8 8 8 11 11 12 12 12 12 12 12 12 21 78 78 78 78 78 102 120 120 121 121 121 121 121 121 121 121 272 465 465 465 465 465 465 466 467 467 467
12 12 12 16 17 17 17 17 17 17 17 17 17 17 81 81 81 81 81 82 82 82 82 130 130 130 130 130 130 130 130 136 136 136 136 136 136 136 140 140 140
17 17 17 17 17 17 18 18 18 18 18 19 19 19 21 21 21 21 21 23 25 25 25 25 25 26 26 26 26 26 26 26 26 26 26 173 173 173 173 173 463
25 25 25 25 25 25 25 25 26 52 52 52 53 53 53 53 53 53 53 63 65 65 65 67 72 72 72 72 72 72 72 72 72 72 72 202 202 202 202 202 202
1 2 15 15 15 15 15 33 33 33 33 34 34 34 34 35 35 36 36 36 36 36 36 36 36 36 473 476 476 476 476 494 708 708 708 708 717 717 718 719 719
2 2 13 13 13 13 13 13 13 13 13 14 14 14 14 14 14 17 17 17 17 17 17 17 17 18 18 18 18 18 18 18 18 18 18 18 18 19 19 358 358
25 25 25 25 31 31 31 31 31 31 31 32 32 32 32 32 32 36 36 36 36 36 36 325 325 326 326 326 326 326 326 326 326 326 326 408 408 408 409 409 409
3 3 5 6 6 6 6 6 7 7 7 7 7 7 7 7 7 7 44 44 44 164 164 164 164 164 181 184 184 184 184 184 184 185 185 185 185 492 492 493 493
6 6 10 10 10 10 10 10 10 12 12 12 12 12 12 14 14 14 14 14 14 14 14 155 155 155 161 161 161 161 161 161 161 161 161 161 166 166 166 166 167
3 21 21 21 22 22 22 22 22 27 31 31 135 135 135 136 136 136 136 136 136 136 136 136 137 137 137 137 141 141 141 143 143 149 149 149 149 149 149 149 149
3 3 3 3 3 3 3 3 3 32 32 32 32 32 37 37 37 37 37 37 37 37 42 42 42 43 43 44 44 44 44 44 44 51 51 51 189 189 189 189 189
7 7 7 8 15 15 15 15 15 15 15 15 16 16 16 16 16 16 16 16 16 16 16 34 35 35 35 35 35 35 35 35 35 35 35 35 38 38 38 38 40
3 3 3 8 8 8 65 65 65 74 75 79 79 79 79 79 79 79 79 79 79 153 154 154 154 154 154 154 154 155 155 156 156 156 156 156 156 156 156 156 156
19 19 19 19 19 19 19 19 19 19 78 78 79 79 79 79 79 79 79 79 79 79 80 80 80 80 80 80 80 80 80 80 80 80 82 82 82 151 151 151 151
16 16 16 17 17 17 17 17 17 17 17 17 17 18 19 19 19 19 19 19 19 19 19 19 19 19 20 22 32 32 32 32 32 32 32 33 33 33 33 33 33
5 8 8 8 8 8 8 8 24 24 32 32 59 59 59 59 59 60 62 62 62 62 62 62 188 188 188 188 188 188 188 189 189 189 189 189 189 194 194 196 198
6 6 6 6 6 6 7 7 7 7 7 7 7 7 8 8 8 21 21 21 21 21 21 21 21 21 21 22 22 22 22 22 22 22 91 91 91 93 93 93 93
17 18 46 46 70 70 70 70 70 70 117 117 117 117 117 118 118 118 118 118 118 118 118 118 119 119 119 125 132 132 132 132 132 132 132 132 132 133 133 133 133
26 26 26 26 26 26 26 27 27 27 27 27 27 27 27 27 27 27 28 28 28 28 28 28 28 29 30 30 30 30 30 30 30 30 30 30 30 30 31 190 654
3 5 5 5 5 5 5 5 5 13 13 13 13 43 44 113 113 139 139 139 139 139 139 139 140 142 142 142 142 268 268 268 268 269 269 269 269 272 273 273 273
10 10 14 19 19 19 19 19 63 64 64 64 64 64 65 65 65 65 66 66 66 66 66 66 66 294 294 294 294 294 294 294 294 294 294 294 295 295 295 295 295
10 10 10 10 10 10 11 11 11 11 11 11 11 19 19 19 19 19 19 19 19 77 77 77 77 77 77 77 77 77 77 79 79 79 79 79 80 80 80 80 80
4 4 4 8 8 8 8 10 11 11 11 11 11 11 11 11 11 13 13 13 13 14 14 249 249 249 249 249 249 249 249 317 319 701 701 701 702 702 702 702 702
3 3 3 3 24 24 24 24 24 25 25 55 55 55 58 58 58 58 58 58 58 67 219 219 219 219 219 219 219 294 294 294 300 300 300 300 300 300 300 300 300
27 27 27 30 30 30 30 30 30 55 55 55 56 56 56 56 56 56 56 56 57 60 60 61 65 66 66 66 66 66 66 66 66 66 66 66 307 308 310 310 310
7 7 7 7 7 7 11 11 11 11 11 12 12 12 12 12 12 12 12 12 15 15 15 15 15 15 15 15 20 21 21 21 21 21 21 21 22 22 22 22 22
1 3 3 3 4 4 4 4 4 4 7 8 8 10 10 10 10 10 10 26 26 26 26 26 28 29 99 102 102 102 102 102 102 102 102 102 102 106 106 106 106
25 49 51 51 51 53 53 53 64 64 64 64 64 79 81 81 81 82 82 82 82 82 83 83 83 83 83 83 83 83 83 83 136 136 136 136 141 141 141 141 142
3 8 8 8 8 9 9 9 9 9 9 10 10 10 10 10 10 108 108 108 108 108 108 108 129 129 304 304 304 304 304 304 926 926 926 1294 1295 1295 1295 1295 1295
4 4 4 4 4 4 4 31 31 31 31 31 31 31 31 31 31 33 50 50 50 50 50 50 50 309 309 309 309 309 309 309 309 310 310 312 312 312 312 312 312
5 24 24 24 24 24 24 24 24 24 24 26 26 27 27 27 27 27 27 27 27 27 27 92 94 100 100 100 100 100 100 101 101 101 101 101 101 101 101 101 101
10 11 11 11 11 11 11 11 11 11 11 63 63 65 65 65 65 65 65 65 65 65 65 65 65 66 418 418 531 531 531 531 531 532 532 532 532 532 532 532 532
14 14 14 14 14 21 22 22 22 22 22 22 22 22 22 24 24 171 171 171 171 171 171 171 171 172 172 172 172 172 172 173 173 173 173 173 173 173 173 173 173
4 4 4 4 4 4 4 4 4 4 4 91 91 91 91 93 93 93 93 93 93 93 159 159 167 167 167 167 239 239 239 239 240 241 241 241 241 241 241 241 241
10 10 10 10 15 15 15 15 15 15 15 16 16 16 64 64 65 75 75 75 75 75 91 92 92 92 222 222 222 222 222 222 223 223 223 223 223 223 223 241 241
8 8 8 35 35 35 35 35 35 39 39 39 122 122 122 122 122 122 122 122 123 123 123 123 123 123 123 123 123 123 636 636 636 636 636 636 638 638 640 640 790
5 5 5 10 10 10 10 10 10 11 11 11 11 11 11 62 143 335 335 335 335 335 335 335 335 335 335 335 485 485 485 529 529 529 531 531 531 532 532 532 532
10 10 11 11 11 11 11 11 11 11 11 11 13 13 13 14 14 14 14 14 17 17 17 17 17 17 17 18 18 18 18 18 18 18 18 18 18 18 18 20 20
10 29 29 29 29 56 56 56 56 56 58 58 58 58 58 58 58 58 97 97 97 97 193 193 203 203 203 203 203 203 203 203 203 338 338 339 339 339 339 342 342
11 11 11 12 12 12 12 12 12 35 35 61 61 61 61 61 61 95 95 95 103 103 103 104 105 105 105 110 110 111 111 111 112 112 112 112 112 637 637 637 637
3 3 5 5 5 5 5 5 5 6 6 6 6 8 8 8 8 9 9 9 9 9 9 9 9 9 9 9 9 9 10 10 10 10 10 10 34 34 35 35 35
12 109 109 109 109 109 109 109 109 146 148 148 148 149 149 149 149 150 151 151 151 151 179 179 182 183 183 183 183 183 183 183 184 184 184 184 184 184 609 609 609
13 14 14 14 14 14 14 14 14 14 14 17 17 17 17 17 17 17 17 17 17 18 19 19 19 19 19 71 71 71 71 73 73 73 104 104 105 105 105 105 105
3 3 3 3 3 3 3 3 3 3 4 4 4 4 4 4 4 4 4 4 4 5 5 5 6 6 6 6 6 6 6 6 6 6 6 6 244 244 244 244 244
7 7 7 7 7 7 7 7 7 8 8 8 8 8 8 8 8 8 9 9 9 9 9 10 10 10 10 10 10 10 10 10 10 10 10 10 12 12 13 13 13
14 14 15 15 15 40 40 40 56 56 56 56 56 102 102 102 102 102 106 106 106 106 106 530 530 530 530 531 555 579 579 579 579 579 579 579 579 579 584 586 586
7 26 30 30 30 31 31 31 31 31 31 38 38 43 43 43 43 43 43 43 43 43 43 43 44 44 44 44 44 44 44 44 44 86 87 87 87 87 87 87 632
3 3 3 17 17 17 17 35 35 36 36 36 36 36 36 37 38 39 84 84 85 85 85 85 85 85 85 85 85 86 86 89 89 137 137 137 137 137 138 138 138
27 27 28 28 37 37 37 38 38 38 38 38 38 38 38 38 38 38 38 50 58 58 58 58 58 59 59 59 313 313 313 314 314 314 314 314 314 314 314 316 316
14 17 17 17 17 17 18 53 53 55 56 56 56 56 56 56 56 56 56 57 57 57 57 57 57 58 58 58 66 66 66 66 66 66 91 91 91 101 101 145 145
2 2 2 2 2 2 2 2 2 2 2 2 6 6 6 90 90 90 93 93 95 95 96 96 96 96 96 96 96 96 96 96 160 160 160 161 161 166 166 166 166
7 7 7 7 7 7 7 7 7 22 22 22 22 22 22 22 22 22 22 23 23 23 24 24 24 24 24 24 24 24 24 24 24 24 25 29 29 29 29 29 29
3 3 40 40 40 40 40 40 44 63 103 103 103 103 103 103 103 105 105 105 105 105 105 219 219 219 219 219 219 219 219 612 612 612 612 612 612 612 612 612 612
5 7 7 7 7 7 7 7 7 7 7 7 8 8 8 8 13 14 14 14 45 71 71 71 72 72 72 72 72 73 73 73 73 122 126 126 126 126 126 126 126
15 21 21 21 23 23 23 23 23 23 23 69 69 69 99 99 100 100 100 100 100 100 100 100 100 100 100 100 100 110 111 113 113 113 113 113 113 131 131 131 131
14 14 14 15 15 15 15 15 15 62 62 62 63 63 63 63 63 63 63 63 63 63 63 70 70 70 70 70 70 70 70 71 71 71 72 72 72 72 72 72 72
4 5 5 5 6 7 7 7 7 7 7 7 8 8 8 8 8 152 154 154 154 154 154 327 330 330 330 330 330 330 330 331 331 331 331 331 331 331 331 331 332
2 2 2 2 2 2 4 4 55 56 56 56 56 56 56 56 56 56 56 56 56 56 123 123 368 368 368 377 377 377 517 517 517 517 517 517 517 517 794 798 798
16 16 16 16 16 16 16 16 16 30 102 102 106 108 108 108 108 167 167 170 170 417 417 417 417 417 417 455 455 455 455 470 470 470 704 704 704 704 704 704 708
2 3 3 3 3 3 3 3 3 3 3 3 3 53 53 53 53 53 55 55 55 55 55 55 55 55 279 279 279 279 279 293 294 294 294 295 297 297 442 442 442
1 3 3 3 3 3 3 3 3 3 3 10 12 12 118 120 120 120 120 120 120 120 120 120 158 160 160 161 161 163 163 163 163 163 163 163 163 251 262 262 262
3 3 4 4 4 4 4 4 4 4 4 4 6 6 11 11 56 56 61 61 103 103 103 103 103 103 103 103 103 168 168 168 168 259 259 259 259 259 259 259 261
6 6 6 6 9 9 9 9 9 9 11 11 11 11 23 23 23 23 25 25 27 27 28 28 28 28 28 28 41 41 41 41 41 41 41 366 636 636 636 770 772
4 4 21 27 50 50 50 52 52 52 52 52 52 55 55 154 440 440 440 442 442 442 442 442 442 442 442 442 444 446 446 446 446 447 447 447 845 846 846 846 846
1 2 2 2 3 3 3 3 3 3 3 3 6 50 50 50 50 131 131 131 131 131 131 131 131 131 131 131 131 132 132 132 765 765 766 766 766 766 766 766 766
34 34 34 61 61 61 61 61 61 61 61 61 61 61 62 98 98 98 98 98 98 98 98 98 98 98 117 167 167 167 167 167 167 168 168 168 168 168 168 168 168
3 15 15 15 15 15 15 16 16 16 16 16 16 16 16 16 16 53 53 53 55 55 55 56 56 56 56 58 58 259 259 259 259 259 262 262 262 262 262 262 267
28 28 31 31 31 34 34 34 34 34 34 34 34 34 34 35 83 83 83 84 84 84 84 84 84 84 84 84 84 84 90 90 348 348 351 351 352 352 352 353 356
8 8 8 8 8 8 8 8 75 75 78 78 78 78 79 79 79 79 79 79 79 79 79 79 80 80 80 80 81 81 81 81 81 81 81 81 81 82 82 82 82
8 8 9 9 9 9 9 9 9 9 9 9 10 10 10 11 11 11 11 11 11 11 11 128 166 166 166 166 173 173 173 173 173 173 173 173 173 173 175 175 182
9 9 16 16 16 16 16 16 16 18 18 18 18 18 19 19 19 19 19 19 19 19 19 20 20 20 20 25 25 25 25 25 25 25 27 27 27 27 27 27 751
7 7 11 39 39 39 39 39 39 47 48 48 48 48 48 48 48 48 48 48 48 48 49 49 49 49 49 49 49 49 108 108 108 108 108 424 712 712 712 712 712
52 55 55 55 55 55 55 56 56 56 56 56 56 56 56 57 57 57 57 57 57 57 57 57 57 58 58 58 58 58 58 58 58 58 58 58 58 58 59 59 59
7 29 29 29 29 29 29 31 31 31 31 31 31 31 61 61 61 79 79 81 82 82 82 82 82 82 82 82 82 82 82 243 243 244 244 244 246 246 250 250 250
10 10 10 10 11 11 12 13 13 13 13 13 13 13 13 13 13 13 14 14 14 14 14 14 14 14 14 16 16 18 18 18 18 28 371 371 371 371 371 371 371
6 7 7 7 7 7 7 7 7 7 7 8 8 8 8 8 8 9 9 9 9 9 9 9 9 11 11 11 104 104 107 107 107 107 108 108 108 108 108 108 108
4 4 7 7 7 26 26 26 26 26 26 26 27 27 45 45 45 45 48 48 48 48 48 48 48 139 139 139 182 182 182 182 182 182 182 182 184 184 185 188 198
6 6 6 6 6 6 6 6 6 6 7 7 7 7 7 20 20 20 20 20 20 20 81 82 82 82 82 129 129 132 133 133 134 134 134 134 134 134 134 135 135
2 2 2 2 2 2 2 2 2 31 31 33 33 33 33 33 33 33 33 33 33 33 39 39 39 39 39 101 777 777 777 777 777 784 784 784 784 784 784 785 785
13 13 14 14 14 14 14 14 14 14 14 14 14 14 15 15 15 15 15 15 15 15 178 179 179 179 179 179 179 180 180 180 180 180 180 180 180 180 180 180 604
3 3 3 3 4 4 4 4 29 29 29 29 29 33 33 33 37 37 37 37 37 37 37 37 37 130 132 133 133 133 621 622 622 622 622 886 886 886 886 886 887
17 17 45 45 45 45 46 46 46 46 46 46 46 46 46 46 46 46 243 243 245 245 356 356 356 357 358 358 358 358 358 358 358 358 359 359 359 359 359 359 359
1 2 2 30 30 30 30 31 31 31 31 31 31 31 33 33 33 33 33 33 42 42 45 45 45 45 45 45 45 45 45 45 45 69 69 69 69 69 71 71 71
42 42 50 51 51 51 61 62 62 62 62 87 107 107 107 107 107 112 112 114 114 114 114 114 114 114 114 114 114 114 114 234 234 234 234 234 236 236 237 238 238
24 64 64 80 80 80 80 80 85 85 85 85 85 105 105 105 105 105 105 105 181 181 181 181 181 181 181 181 181 182 182 182 182 182 183 183 183 183 183 183 183
21 21 21 21 21 21 21 21 21 21 23 39 39 39 39 42 43 43 43 43 43 43 43 43 43 43 44 44 44 44 44 44 44 44 44 45 45 46 46 46 46
4 5 5 5 5 5 5 5 7 7 7 8 8 56 56 56 56 56 56 56 57 144 144 144 144 156 156 428 428 531 531 531 531 531 531 531 531 531 533 533 533
5 5 5 5 5 5 5 5 5 6 6 6 6 9 50 50 50 50 50 50 50 50 51 51 51 51 51 51 51 51 51 51 51 812 812 812 1538 1538 1538 1541 1542
2 2 2 2 2 2 2 2 2 3 3 3 3 3 45 45 47 47 47 47 47 47 47 47 49 49 56 183 183 183 296 297 572 572 641 641 641 641 641 713 713
5 6 6 6 6 6 6 20 20 23 24 25 25 25 25 25 25 25 25 25 25 25 60 60 60 60 60 60 62 62 62 62 62 62 62 62 62 62 62 64 64
10 10 61 61 71 71 71 71 71 75 78 78 79 80 80 80 80 80 80 80 80 80 80 80 202 202 202 202 202 202 202 202 202 202 203 275 275 275 278 279 412
1 1 4 4 4 36 36 36 36 36 36 36 36 36 38 38 38 38 38 38 71 71 71 71 71 71 71 71 71 71 71 71 72 72 72 72 72 72 72 72 72
2 2 2 2 2 2 8 91 215 216 216 216 216 216 216 216 216 259 260 260 260 260 260 602 602 602 602 651 651 653 653 653 653 804 804 804 804 804 804 805 805
7 40 40 40 45 45 45 45 46 46 46 46 46 46 46 46 46 46 46 47 47 47 47 91 91 91 91 91 91 91 91 91 94 94 94 134 134 134 181 181 181
4 4 4 4 4 6 6 6 6 20 20 20 82 82 82 82 83 83 83 83 83 83 83 135 135 135 135 137 137 137 137 137 137 137 137 681 681 681 681 681 681
15 15 15 15 15 15 15 15 16 16 16 19 20 20 20 20 20 20 20 20 20 20 20 21 21 21 21 21 21 21 21 21 21 21 22 22 22 22 22 22 22
4 4 33 33 34 34 34 34 34 34 34 34 34 34 35 35 35 35 35 35 35 35 35 35 35 36 36 36 36 36 36 36 36 36 36 36 36 37 37 37 37
2 2 2 2 2 3 3 3 3 3 3 30 30 30 30 31 31 31 31 31 31 31 31 149 149 149 149 160 161 161 161 161 161 161 162 162 162 162 162 162 162
8 8 8 8 8 13 13 13 13 13 13 15 133 166 214 281 281 281 283 283 283 283 283 283 283 563 563 563 563 563 599 599 606 606 606 606 606 607 607 607 607
5 6 6 6 6 7 7 7 7 7 7 7 7 7 7 65 65 67 67 67 67 67 277 277 278 278 278 278 280 280 280 280 280 280 280 280 280 281 281 281 282
14 41 41 41 41 50 50 51 51 51 51 51 51 51 51 51 51 58 58 58 58 58 58 58 58 108 108 108 108 108 109 109 109 109 109 109 267 267 271 271 271
2 2 67 67 67 69 69 69 69 69 69 69 73 73 73 73 73 75 75 75 75 75 75 75 75 75 75 76 76 76 76 76 76 76 76 76 76 76 76 348 348
27 27 27 65 65 65 65 65 66 66 66 66 66 66 66 66 66 66 142 142 142 142 142 142 144 185 185 185 188 188 188 188 188 188 188 188 188 188 189 189 215
4 4 4 5 5 5 5 12 13 13 13 13 13 13 14 14 14 14 14 14 14 14 14 34 34 34 34 34 34 34 34 34 35 35 35 35 35 36 36 36 36
2 2 2 2 2 2 2 2 2 2 2 2 3 3 138 138 140 140 140 141 141 141 144 144 144 144 144 144 144 144 145 145 145 160 160 160 160 160 160 160 160
14 14 25 25 25 25 95 95 95 95 95 95 95 95 95 95 99 121 121 121 121 121 121 121 121 146 146 146 147 147 147 147 147 147 147 147 188 188 188 189 189
9 10 10 10 10 10 10 10 10 10 11 11 11 11 11 11 11 11 11 11 11 18 21 21 21 21 21 21 21 21 21 22 22 22 22 22 23 23 23 23 23
3 3 3 3 3 3 3 3 3 3 5 5 6 7 7 7 7 8 8 8 9 9 9 9 9 9 9 9 9 9 9 9 10 10 10 10 10 10 70 70 70
4 4 4 4 4 5 5 5 5 8 8 15 15 15 15 15 17 17 17 17 17 19 21 21 21 23 23 23 23 23 23 23 101 101 101 101 101 101 101 101 101
11 18 18 21 21 21 21 21 21 21 21 24 24 25 25 67 67 67 67 108 109 109 109 109 109 110 111 111 111 111 111 111 111 111 111 131 131 131 131 131 131
8 8 8 8 23 23 23 23 23 23 23 23 23 23 23 133 133 133 133 133 133 133 133 133 133 133 196 196 196 196 196 196 196 236 236 237 237 237 237 237 237
24 24 24 24 24 24 24 24 27 27 27 27 27 28 28 28 28 28 28 110 129 129 130 130 130 130 130 130 130 130 130 131 131 131 131 131 131 131 131 131 131
10 10 11 11 11 28 28 59 59 59 59 60 60 62 62 62 62 77 77 77 77 77 77 88 88 88 88 98 98 98 98 98 98 213 213 213 214 214 214 214 214
4 9 9 9 9 9 9 9 9 9 9 19 19 19 49 49 49 49 49 49 181 181 181 181 181 182 182 187 187 188 188 188 188 188 188 188 188 190 190 190 190
10 10 10 10 10 21 21 21 21 28 28 28 28 28 28 28 31 31 31 31 31 69 69 69 70 70 70 70 70 70 70 70 70 70 70 70 70 71 71 71 71
10 22 22 22 22 22 22 22 22 24 24 36 52 52 52 65 77 77 77 77 77 77 77 80 80 80 80 80 80 80 80 81 81 81 82 82 82 82 82 82 82
13 13 13 23 36 36 46 49 49 57 57 57 57 57 57 196 196 196 196 199 199 200 200 201 201 201 201 201 201 201 201 471 471 471 471 471 471 471 736 736 736
7 7 10 10 10 10 11 11 11 11 11 11 11 11 11 11 30 30 30 30 30 178 178 183 183 329 330 330 330 330 330 330 330 330 330 330 367 367 367 367 367
15 15 15 15 15 15 15 15 15 15 19 19 20 20 20 20 20 20 20 20 20 20 20 28 28 28 70 72 72 72 72 72 72 72 73 73 73 73 73 355 355
12 12 12 12 12 12 12 13 43 43 43 43 48 48 48 48 50 50 156 156 287 287 287 287 287 287 287 287 288 290 290 290 291 291 291 291 291 291 291 291 291
22 22 22 22 22 22 25 25 25 25 25 25 25 25 25 26 26 26 26 26 26 26 26 26 26 107 107 107 107 107 107 107 107 107 107 107 108 108 108 108 108
3 3 3 3 12 12 14 14 14 14 14 14 14 14 15 15 15 15 15 15 15 15 15 15 15 15 23 23 23 23 23 41 170 170 170 170 170 170 287 287 548
5 5 5 5 5 5 15 15 15 15 15 15 15 15 15 24 24 24 25 25 25 25 25 25 28 28 28 28 29 29 29 30 30 30 30 30 30 30 30 30 30
10 10 10 10 10 10 10 10 10 49 49 92 92 92 92 92 92 92 92 92 92 94 95 95 95 95 95 95 95 95 95 95 95 198 198 356 356 356 356 845 845
14 14 14 14 14 14 14 16 16 16 16 16 16 16 34 34 34 34 36 36 36 39 39 39 39 43 43 102 102 102 102 146 146 146 146 148 148 148 148 148 150
2 2 4 4 4 4 5 5 5 5 5 5 5 5 5 10 10 10 10 10 11 11 11 11 11 11 11 11 11 11 11 11 11 12 110 151 151 153 153 153 153
21 51 53 53 53 53 53 78 78 78 78 170 170 170 170 170 170 170 170 182 182 182 183 183 183 183 184 184 184 184 184 184 184 184 184 200 200 200 200 326 326
5 5 5 5 5 5 6 6 6 12 12 12 18 47 48 48 48 48 49 49 49 49 49 49 49 49 49 49 49 49 53 53 53 53 53 56 56 56 56 56 56
16 16 16 16 16 20 20 20 20 20 20 20 20 23 23 23 23 23 23 23 23 23 23 47 47 47 47 47 47 47 48 48 48 48 48 48 48 48 48 56 56
2 4 6 6 6 6 6 6 7 7 7 7 7 7 7 7 7 7 95 95 95 95 114 114 114 114 115 115 115 115 115 115 119 119 119 119 121 121 121 122 324
2 24 24 24 24 26 26 26 27 27 27 27 27 27 27 54 54 54 61 61 61 63 63 78 78 83 88 91 92 92 93 93 164 165 165 165 165 165 165 166 166
4 4 4 6 6 6 6 10 10 11 11 11 11 11 11 11 11 12 12 12 12 12 12 12 12 12 12 12 12 12 13 13 13 13 13 13 13 13 13 350 350
31 31 81 81 81 81 83 83 83 84 98 98 147 149 151 151 151 162 168 168 168 168 168 168 168 168 168 168 168 169 169 169 169 169 169 176 176 177 177 177 177
5 5 6 7 7 7 7 8 8 8 8 8 9 9 9 9 11 11 12 12 12 12 12 14 14 14 16 16 16 17 17 17 18 18 18 18 18 18 18 358 358
2 3 3 3 3 3 3 3 4 4 4 4 4 6 6 6 6 6 6 6 7 12 154 154 154 154 154 160 161 161 161 161 161 161 161 161 161 161 166 166 166
11 11 11 11 11 11 11 14 14 14 14 14 14 14 14 14 14 14 185 187 187 195 195 195 195 195 195 195 197 197 199 199 199 199 199 199 200 200 200 200 235
11 11 11 11 11 11 11 11 11 11 93 93 93 93 93 93 93 164 164 167 167 167 167 167 167 167 167 167 167 539 655 655 655 655 655 655 655 655 655 655 656
13 13 14 14 14 14 16 16 19 20 20 20 20 20 20 20 20 20 20 20 132 207 207 208 366 366 366 366 366 366 391 391 391 391 391 391 395 419 419 419 421
5 5 5 5 5 5 6 6 6 7 7 7 7 32 32 32 32 32 32 32 32 32 32 32 33 33 33 33 33 33 33 33 33 33 33 40 40 40 41 41 41
3 12 12 16 16 16 16 16 16 16 16 16 17 17 17 17 142 143 143 143 143 143 143 143 143 143 143 143 190 190 190 190 190 191 191 191 191 191 192 192 192
15 24 24 24 24 75 75 75 83 83 83 83 83 83 83 83 84 84 84 84 84 84 84 84 84 84 85 85 85 85 85 85 85 85 85 85 313 313 313 313 313
3 3 12 12 12 12 14 14 14 14 14 14 14 14 14 69 69 69 69 69 69 69 121 121 121 121 171 171 171 171 171 171 171 171 171 172 172 172 172 172 172
2 9 9 9 9 9 28 28 28 28 28 28 28 28 28 28 30 30 30 30 31 31 31 31 31 31 31 31 31 31 31 31 31 33 33 44 44 44 44 44 44
13 13 14 14 33 33 33 33 33 33 33 33 33 33 34 34 34 34 34 34 34 34 34 34 36 36 36 36 51 51 51 53 53 53 53 53 53 53 53 53 56
9 10 14 14 37 37 37 37 37 37 37 37 39 39 39 39 53 53 53 53 53 53 53 54 54 54 54 54 54 54 54 323 323 323 323 323 323 323 323 324 324
3 3 3 3 3 3 3 4 4 4 4 4 4 4 11 11 11 11 12 19 20 20 20 20 20 20 20 20 20 20 20 20 22 28 28 28 33 33 33 34 34
2 2 2 3 3 8 8 8 13 13 13 13 13 13 15 15 16 16 16 16 17 17 17 17 17 17 17 17 17 18 18 18 18 18 18 18 23 23 23 23 31
4 4 4 4 4 4 4 5 5 5 5 5 5 5 5 5 8 8 8 9 10 10 10 10 10 10 10 10 10 12 12 12 12 12 14 14 14 15 15 15 15
6 6 6 6 6 6 6 9 9 10 10 10 10 10 10 10 54 54 55 55 55 55 55 55 55 55 55 55 55 55 57 57 57 57 57 57 74 74 75 75 75
14 16 16 16 16 16 28 28 30 32 32 32 32 32 32 32 32 32 32 32 33 33 33 33 33 33 33 33 33 33 33 33 124 125 125 125 125 372 372 403 403
22 22 22 22 22 22 24 24 24 24 24 25 25 25 25 25 25 25 25 25 25 130 130 130 133 133 134 134 134 134 134 134 134 134 134 134 134 137 137 137 137
8 16 16 16 16 16 24 24 24 24 24 24 24 24 25 25 25 25 25 25 25 25 25 25 25 76 76 76 76 76 76 76 76 76 76 77 78 78 78 78 78
2 2 2 2 2 2 2 2 2 2 3 3 3 3 3 3 3 3 3 3 3 3 4 4 4 4 4 4 4 4 4 4 4 4 5 5 5 5 5 5 5
5 5 5 5 5 5 5 5 5 5 8 8 8 8 8 8 8 137 137 137 137 203 203 204 204 204 204 204 204 204 323 323 323 325 325 325 325 325 325 456 456
8 9 9 9 9 9 9 9 9 9 9 9 12 12 12 16 16 16 16 16 17 17 17 17 17 17 17 17 17 17 21 21 21 24 24 24 24 24 24 24 24
29 29 29 29 29 29 29 29 31 31 31 39 39 45 45 45 45 114 120 121 121 122 122 122 122 122 122 149 149 149 149 151 151 151 151 304 304 304 304 304 304
5 5 5 5 5 5 5 5 5 111 111 115 115 115 115 115 115 115 116 116 116 116 116 116 116 116 117 117 117 117 117 118 118 118 118 118 118 118 118 118 118
3 3 3 3 3 3 3 3 4 4 64 64 64 64 64 94 94 94 96 96 96 96 97 97 98 98 98 98 99 99 99 99 99 99 99 99 662 662 662 662 662
10 10 10 10 10 10 11 13 13 13 13 13 13 14 169 169 169 169 169 169 171 171 172 172 172 172 172 172 172 172 172 172 349 349 349 349 349 349 349 349 349
10 10 10 10 12 30 30 31 31 31 31 31 31 31 31 31 31 31 32 32 32 32 32 32 32 32 562 562 562 562 562 562 562 677 677 677 677 677 677 677 677
5 5 5 5 5 5 14 14 14 36 36 36 36 36 36 36 36 36 36 36 36 56 56 56 56 56 56 56 56 60 60 60 60 60 60 62 62 62 62 62 62
15 15 15 15 15 15 31 31 34 35 35 35 35 35 35 35 36 80 80 80 80 80 80 80 305 305 305 305 305 305 305 308 308 308 314 314 314 314 314 314 314
6 6 6 8 8 8 8 10 10 10 10 93 93 93 93 94 94 94 94 94 94 94 94 94 94 94 225 232 232 232 232 232 233 233 233 233 233 233 233 233 233
11 11 74 74 76 76 76 76 79 79 79 79 79 82 82 82 82 82 84 128 128 128 128 128 128 128 128 128 130 130 130 132 132 132 132 194 194 195 195 195 195
5 15 15 15 15 15 17 17 17 18 18 19 19 19 19 19 19 19 19 19 21 21 21 21 21 23 23 23 23 23 23 50 50 50 50 50 50 50 50 50 52
16 17 17 17 17 17 17 17 17 17 17 21 21 43 43 43 44 50 50 50 50 50 51 51 51 51 51 52 52 52 54 54 54 54 55 55 55 55 122 122 122
13 17 18 18 18 18 18 18 18 62 62 62 62 62 62 62 62 62 63 63 65 65 65 65 65 65 65 70 72 72 72 72 72 72 73 73 73 73 73 73 73
5 5 20 20 20 20 20 20 20 20 20 107 107 107 107 107 107 110 213 213 213 213 213 213 544 544 544 544 544 545 545 545 545 545 545 545 949 973 973 973 974
2 2 2 2 2 2 3 3 35 36 36 36 36 36 36 36 36 36 36 36 37 37 37 37 37 37 37 37 37 37 37 37 39 39 39 39 39 39 40 40 40
31 31 31 31 31 31 32 32 32 32 32 35 35 35 35 62 116 116 116 116 120 120 122 122 122 122 122 127 127 127 127 127 127 127 130 130 130 130 130 130 130
3 3 3 3 3 3 3 3 3 39 39 39 39 39 39 39 39 39 39 39 39 191 272 272 272 272 272 274 274 274 274 274 274 274 274 283 283 283 283 283 283
11 11 11 11 11 11 11 11 11 11 39 39 39 39 39 39 39 39 40 40 40 40 40 40 41 41 41 41 41 41 41 41 373 373 373 373 374 374 374 375 375
28 28 37 37 37 37 67 67 67 101 101 101 101 101 101 191 191 191 191 191 191 191 191 191 191 191 366 366 366 367 367 367 367 367 367 367 367 367 367 367 368
1 1 6 6 6 6 7 7 7 7 18 19 19 19 19 19 19 19 19 19 19 19 22 58 58 58 58 82 82 82 82 82 82 88 88 88 94 94 95 95 95
9 9 9 9 9 9 28 28 28 102 102 102 102 103 103 103 149 149 149 149 150 150 150 150 270 270 270 270 579 579 579 579 579 579 579 731 731 731 734 734 735
16 16 16 16 16 16 16 17 17 17 17 17 17 17 17 17 17 17 17 20 20 20 20 87 87 87 87 87 87 87 87 87 87 87 89 89 89 89 90 90 90
44 45 45 45 45 45 45 45 45 45 45 45 45 46 92 92 96 96 96 96 96 96 96 109 109 109 109 109 110 110 111 111 111 113 113 113 113 113 116 116 118
3 3 3 3 3 4 4 4 4 4 4 47 47 48 48 48 48 48 48 48 48 48 48 48 141 141 143 143 143 143 143 146 146 146 146 146 146 147 147 147 147
24 24 24 24 24 25 25 25 26 26 26 27 27 27 27 81 81 81 82 82 82 82 82 82 82 83 83 83 83 83 83 83 83 83 83 83 93 94 94 94 94
14 14 14 14 14 14 14 14 14 14 14 15 15 15 17 17 18 18 18 21 21 22 22 22 22 22 22 22 22 22 25 25 25 25 25 25 26 26 26 26 26
13 18 18 18 59 59 59 59 61 61 61 63 63 63 63 93 93 93 94 94 94 94 94 94 94 94 94 113 113 113 113 113 113 113 114 114 114 114 114 114 114
9 9 9 19 19 20 20 20 20 20 20 20 20 20 21 21 21 21 21 22 22 22 22 22 22 22 22 22 22 23 23 23 120 120 120 429 429 429 429 429 429
4 4 5 5 5 5 5 5 6 6 6 6 6 6 6 7 7 7 7 7 7 7 7 7 7 7 7 7 8 8 8 8 8 8 8 9 9 9 9 9 9
8 8 8 8 10 10 27 27 27 27 27 27 98 98 98 100 101 101 101 101 101 101 101 101 103 103 104 104 104 104 104 104 104 104 105 105 105 105 105 105 105
10 10 10 10 32 32 32 63 73 74 74 74 74 74 76 76 76 76 77 77 77 77 77 77 77 233 233 233 241 241 241 241 241 241 241 241 241 241 241 677 677
7 7 7 7 7 7 7 7 7 28 28 34 34 34 34 34 34 182 182 182 182 182 182 182 182 185 185 185 185 186 186 186 186 186 186 186 186 186 187 187 187
2 2 2 2 2 2 2 2 2 2 2 3 3 3 3 3 4 12 12 12 13 13 13 13 13 13 13 13 13 13 13 13 82 82 82 82 369 369 370 370 370
42 51 78 78 78 78 80 80 81 81 81 81 81 81 81 81 81 81 81 83 83 83 83 86 86 86 87 87 87 87 87 88 94 94 94 94 99 113 114 114 114
4 4 6 6 6 6 6 20 20 20 21 21 21 29 34 34 34 34 34 63 63 63 63 63 63 63 63 63 65 65 65 174 174 174 174 174 768 768 768 768 769
2 2 2 2 2 2 2 2 3 3 3 3 4 4 4 4 4 4 4 4 4 4 4 4 331 331 331 331 331 331 331 331 331 331 334 340 340 477 477 701 701
12 13 13 13 13 13 13 13 13 15 15 15 15 15 15 16 16 17 17 17 17 21 21 21 21 21 21 21 22 22 22 22 22 23 23 23 23 23 23 23 23
2 2 2 2 2 2 2 3 3 42 42 42 43 43 44 44 44 44 44 44 44 45 46 46 46 46 46 46 46 46 46 46 46 46 51 51 51 51 227 227 227
8 12 12 12 12 12 14 14 15 15 15 15 15 15 15 15 15 15 15 15 29 29 29 29 29 31 31 31 31 31 32 32 32 32 32 32 32 32 32 33 33
13 18 19 19 19 19 32 32 32 32 32 85 85 85 85 85 85 87 90 90 90 90 213 214 214 214 214 214 214 214 214 214 214 214 214 335 335 777 777 777 778
9 14 14 14 15 15 15 17 17 22 60 60 60 60 60 60 60 60 60 62 62 62 62 62 63 63 63 63 63 63 63 72 72 72 72 74 74 74 74 74 74
13 13 13 13 13 13 13 13 13 15 15 15 17 17 21 21 110 110 110 132 133 138 138 138 138 141 191 319 319 319 319 319 320 320 320 320 320 320 320 320 320
12 12 12 12 12 12 13 13 13 13 13 13 13 13 32 32 32 32 32 39 39 39 40 40 40 40 40 40 40 40 40 45 46 46 46 46 46 46 46 46 46
3 3 3 46 46 50 50 50 50 50 50 50 50 50 50 115 115 115 115 132 132 132 133 133 133 133 133 133 133 133 133 134 134 134 134 134 143 143 143 143 143
4 4 18 18 18 18 18 18 19 19 19 19 19 19 20 20 20 62 62 64 64 64 64 64 64 64 64 64 64 64 77 77 77 77 79 82 82 82 82 82 83
18 18 18 18 18 18 20 21 21 21 61 61 61 61 61 61 61 61 61 62 62 62 62 62 62 62 64 64 64 64 64 64 64 64 64 64 65 65 65 65 65
28 32 32 32 32 32 32 33 33 33 33 35 35 35 35 35 35 35 35 35 36 36 36 36 36 36 36 36 36 36 36 36 36 108 108 108 108 108 108 356 356
19 19 19 20 20 20 20 20 20 20 20 20 20 20 25 25 25 25 25 68 68 68 68 68 83 83 83 83 85 85 85 85 85 89 90 90 90 90 90 90 90
6 16 32 32 32 32 32 33 33 33 33 33 34 34 34 34 34 34 44 44 44 44 44 44 44 44 44 44 45 45 45 45 45 45 46 46 46 46 46 46 46
9 9 9 9 9 9 9 9 9 17 17 17 17 17 17 21 21 61 62 62 62 62 62 62 62 62 62 62 62 62 96 96 104 104 104 104 104 104 106 106 106
32 32 32 33 33 33 33 33 33 33 33 33 36 36 36 36 36 36 36 37 37 37 37 37 37 37 37 37 37 38 38 38 39 39 39 39 39 39 39 39 39
2 2 3 3 6 6 11 12 44 44 45 45 53 55 55 146 146 146 149 149 149 149 149 150 150 150 150 152 152 156 261 261 261 261 261 261 261 261 282 282 282
7 7 7 7 7 7 7 8 8 8 8 8 8 11 11 12 12 12 12 12 27 27 27 80 80 81 81 81 141 152 155 155 155 155 155 155 155 155 155 155 636
6 16 52 52 56 56 56 56 56 59 59 60 60 60 60 61 61 61 61 93 95 109 109 109 132 132 132 132 132 144 144 144 145 145 145 145 148 148 148 149 511
9 9 14 14 14 15 16 16 16 31 31 31 33 33 33 33 97 108 108 108 108 108 108 108 108 108 109 109 109 109 109 591 803 803 803 803 803 803 806 806 1170
27 27 27 27 43 43 43 43 43 43 43 61 61 61 62 62 62 138 146 146 146 146 147 147 147 147 147 147 147 153 153 153 158 158 158 158 158 299 299 299 299
8 14 14 14 14 14 14 14 15 15 15 15 15 15 15 15 15 15 22 24 24 25 25 25 25 27 27 27 27 27 27 176 179 179 776 776 776 776 776 779 779
35 64 64 67 93 118 118 118 175 176 176 176 176 176 178 178 178 179 179 179 179 179 179 179 179 179 179 179 182 182 182 182 182 182 182 182 182 182 182 182 185
4 5 5 5 5 5 5 5 5 5 5 5 5 6 6 7 7 7 7 7 7 7 10 10 10 10 11 12 12 12 12 12 12 13 13 13 13 13 13 13 13
7 7 7 8 8 8 8 8 9 9 9 10 10 10 10 10 10 10 91 91 91 92 92 92 92 92 92 92 92 121 121 121 122 122 122 122 122 122 122 122 122
2 6 6 7 7 7 7 7 7 7 7 7 7 7 7 8 8 8 8 8 8 8 92 92 92 94 94 94 94 94 95 95 95 95 95 95 95 95 95 95 96
4 20 20 20 20 20 20 20 20 64 68 68 68 68 68 68 68 68 68 68 68 69 69 77 77 138 138 138 139 139 139 139 139 139 139 139 139 139 139 139 154
19 19 19 19 20 20 20 20 21 21 21 21 21 21 21 21 21 21 22 22 22 22 22 22 22 22 22 60 60 60 60 60 60 60 60 60 61 61 61 61 61
13 13 26 26 26 26 26 26 26 26 27 27 27 27 27 32 32 32 32 32 36 36 36 36 36 36 36 38 38 38 38 38 38 38 38 40 40 40 517 517 517
10 10 10 10 10 10 10 10 42 42 42 42 46 46 46 46 95 139 139 139 168 168 168 171 171 171 171 172 172 172 172 172 172 172 172 172 172 190 190 190 190
3 3 4 4 4 4 4 4 4 5 5 5 5 5 5 5 5 5 5 5 5 11 11 11 13 13 13 13 13 13 13 13 632 632 634 636 636 636 636 636 636
6 6 6 6 6 6 6 6 95 95 95 95 97 98 98 98 188 188 188 188 188 188 188 188 188 188 189 189 189 189 189 189 190 190 190 190 190 190 190 190 191
39 43 44 44 44 44 44 44 44 44 44 44 44 45 45 45 45 45 45 45 45 45 45 45 45 45 52 52 52 52 52 52 52 52 52 52 156 157 157 157 157
3 3 3 3 3 4 4 4 4 4 12 12 14 14 27 27 27 27 27 27 30 30 31 31 31 31 31 31 31 31 31 34 34 34 152 152 152 154 154 154 154
1 24 24 24 24 24 24 24 24 24 24 25 25 25 26 26 26 26 26 26 27 27 27 27 27 27 27 27 27 27 174 174 315 317 317 317 317 317 317 318 318
14 15 15 15 15 16 16 16 16 16 16 16 29 41 41 45 45 45 46 46 46 46 46 46 46 46 46 46 49 297 297 298 298 298 298 301 303 303 303 305 305
3 3 3 3 3 3 3 114 118 118 119 119 119 120 120 120 120 120 120 120 120 120 120 120 121 121 121 121 121 121 121 121 121 121 288 289 290 291 291 291 291
11 11 11 19 19 19 19 19 19 50 50 50 50 50 50 50 51 51 51 51 51 51 51 51 51 51 51 51 53 53 53 53 53 53 53 53 53 53 53 53 765
16 22 22 22 22 22 22 22 44 104 104 159 169 169 169 208 209 209 209 209 209 209 209 209 211 212 212 212 212 212 212 212 656 656 656 656 657 657 657 1050 1050
3 7 13 13 13 13 13 13 70 70 74 74 74 183 185 185 185 185 219 219 219 219 219 219 219 220 220 220 220 220 220 220 220 220 220 220 226 226 226 227 227
15 16 16 16 16 16 16 16 16 16 16 16 16 28 28 30 30 30 30 32 33 33 35 35 59 59 59 59 59 59 59 302 319 319 319 319 319 319 319 319 322
3 3 9 9 9 39 39 39 39 39 49 49 49 49 104 104 104 104 104 104 104 104 104 104 475 475 475 499 499 499 499 499 500 500 500 500 500 500 500 500 500
35 35 35 41 56 56 56 56 106 106 106 106 117 117 117 163 163 163 163 163 163 185 185 450 450 450 458 458 458 458 458 458 458 460 461 461 461 461 461 461 464
36 36 36 36 36 37 37 37 37 108 108 108 108 184 185 185 185 185 185 185 185 185 185 186 186 186 186 186 186 186 186 192 192 192 192 192 192 192 192 192 533
24 43 43 43 43 43 61 61 61 61 61 61 61 65 65 65 65 65 65 65 65 65 65 106 106 106 106 106 106 106 106 107 107 108 108 108 108 108 109 109 109
5 5 5 5 5 5 5 5 5 5 5 6 6 6 9 9 9 10 10 11 11 11 11 11 11 11 11 11 11 11 11 12 12 12 12 12 12 12 12 12 12
14 14 14 16 16 16 16 126 126 128 128 128 129 129 129 129 129 129 131 133 133 133 134 134 134 134 134 134 134 134 134 134 136 136 136 136 136 136 136 136 136
8 8 8 8 8 9 9 9 9 9 9 9 9 9 9 9 26 26 26 26 34 34 247 247 253 253 253 253 253 253 253 313 315 315 315 317 317 317 317 317 317
20 21 21 21 21 31 31 31 42 42 42 42 43 124 124 126 126 126 126 126 126 126 126 126 126 126 127 127 127 127 127 127 127 127 127 127 127 127 127 129 129
1 8 27 27 58 60 60 61 61 84 84 84 84 84 84 132 132 133 133 133 133 133 133 133 133 133 133 133 133 133 134 134 134 134 134 249 249 249 249 250 250
4 4 9 9 11 12 12 14 14 14 14 14 14 14 15 15 15 15 15 15 15 15 17 17 17 21 21 21 21 21 123 123 123 123 123 123 123 123 123 124 124
8 8 8 8 30 30 30 30 30 38 38 38 38 38 39 39 39 39 39 39 39 40 40 40 40 40 40 40 40 40 40 40 41 42 42 42 42 43 43 43 45
15 28 28 28 28 28 28 28 62 62 65 65 65 97 97 97 97 97 97 97 97 97 146 303 303 303 320 320 320 320 320 320 621 621 623 623 623 842 842 842 842
13 13 13 13 13 13 13 31 31 32 32 32 32 32 32 32 32 33 35 35 35 35 35 35 35 39 39 39 39 39 39 270 270 270 270 328 328 328 328 328 328
3 3 25 25 25 25 25 25 25 86 86 86 86 88 88 88 92 92 92 92 92 92 92 92 92 173 174 174 175 175 175 175 175 175 175 175 175 175 175 985 985
6 6 6 6 33 33 33 33 33 33 33 37 37 37 39 39 39 39 40 46 49 49 49 49 49 52 56 56 56 56 58 58 58 58 59 59 233 233 233 233 233
2 2 2 2 10 15 15 15 15 15 15 15 38 38 38 38 39 39 39 40 40 40 40 47 47 47 47 47 187 187 334 334 334 336 336 337 337 337 337 337 337
28 28 28 28 28 28 28 29 29 29 29 29 29 29 29 29 29 29 29 30 30 30 30 30 30 30 30 30 30 30 34 34 34 34 34 34 36 37 37 37 37
18 18 18 21 21 21 21 41 41 44 44 44 44 44 44 44 44 45 45 45 45 45 45 45 45 45 157 157 159 159 159 163 163 163 163 164 164 164 164 164 1183
7 7 7 7 8 8 8 8 8 8 8 8 8 8 8 8 9 9 9 9 9 9 9 10 10 10 10 10 10 10 10 10 10 10 10 10 453 453 453 453 455
2 2 2 3 3 3 3 3 3 3 15 15 15 15 15 15 15 15 21 21 21 31 31 31 31 32 32 32 480 480 480 480 483 484 484 486 486 486 486 486 486
17 17 18 18 18 45 45 45 120 120 120 120 120 120 128 128 128 129 131 131 131 131 132 132 142 142 142 142 142 142 142 142 142 142 142 358 358 358 358 360 360
7 7 7 12 12 12 17 17 17 17 17 18 18 18 18 18 18 18 18 23 28 28 28 28 28 28 28 28 30 30 30 33 33 33 33 34 34 34 34 34 34
9 16 16 16 16 16 16 16 18 18 18 18 36 36 36 37 37 37 37 37 37 37 37 37 37 37 37 37 38 38 38 38 38 38 38 38 38 38 38 38 38
9 29 29 29 29 30 30 30 30 50 50 51 51 51 51 51 51 51 82 82 82 82 94 157 346 346 346 346 346 346 346 346 346 346 346 738 738 745 745 745 745
4 7 7 7 7 7 7 7 7 22 22 22 22 35 35 35 35 35 35 35 35 37 37 37 37 37 50 50 50 50 50 444 447 447 447 447 447 447 447 447 447
5 5 5 5 5 5 5 5 5 6 6 6 6 6 6 6 8 8 8 8 8 18 18 78 78 78 87 87 87 87 87 87 87 87 107 107 107 107 107 107 107
8 8 8 8 8 8 26 26 26 26 26 55 55 88 88 88 88 88 88 89 89 89 89 89 303 303 303 303 303 303 304 318 318 318 318 318 318 318 318 346 347
21 21 23 23 23 51 51 52 52 53 53 53 53 53 53 53 53 53 53 53 57 57 57 57 57 57 59 59 59 59 60 60 60 60 60 60 60 60 60 61 61
3 3 3 3 4 4 4 4 4 40 40 40 40 41 41 41 41 94 94 94 94 94 94 95 95 95 95 95 95 95 95 104 104 104 104 104 104 104 501 501 509
32 59 59 59 59 59 60 61 61 61 61 61 61 61 61 61 61 61 102 102 102 102 102 108 226 226 420 420 420 420 420 420 420 420 420 501 501 501 501 501 501
17 25 25 25 25 31 32 32 32 32 32 32 32 32 33 33 33 33 33 33 33 33 33 33 33 33 33 37 37 37 37 37 37 37 37 42 42 42 43 43 43
6 30 30 34 34 34 34 34 34 34 37 37 37 37 37 47 47 47 47 47 47 47 47 48 48 48 48 48 48 48 48 48 48 48 48 49 49 49 49 49 49
3 3 3 3 5 5 5 5 7 8 8 8 8 8 8 8 11 64 64 64 65 65 66 66 66 66 66 66 66 68 68 68 68 105 105 105 105 127 127 127 127
14 37 37 37 37 37 37 37 37 49 49 49 49 49 49 49 49 49 51 51 51 51 51 52 52 52 52 52 52 52 52 52 52 52 88 90 94 94 94 98 98
2 2 38 39 39 39 39 39 39 39 39 39 39 43 50 131 131 171 171 171 171 171 171 171 171 171 171 171 171 173 173 173 173 173 174 174 174 174 174 176 176
4 4 4 4 4 4 5 5 5 5 11 11 11 11 12 12 12 12 12 12 12 12 12 12 12 26 114 116 116 117 117 117 117 117 117 117 117 118 118 118 118
9 9 12 12 18 18 18 18 18 18 18 18 162 162 178 178 178 179 179 179 179 179 179 376 376 376 377 377 377 377 377 377 466 466 466 466 466 467 467 634 634
3 4 4 4 4 4 4 4 4 4 4 4 5 5 5 5 5 8 8 8 8 8 39 39 39 39 39 66 66 67 67 67 67 67 67 78 78 79 79 79 79
4 4 5 5 5 5 5 5 5 5 5 46 59 65 67 67 67 71 72 72 72 73 73 73 73 73 73 73 73 73 73 73 73 78 78 79 79 79 79 79 79
8 8 8 8 8 8 8 8 8 8 48 48 48 48 48 48 60 74 75 75 75 75 75 75 75 75 75 80 437 437 437 437 437 437 438 438 439 439 439 439 439
10 11 11 13 13 58 58 58 60 60 60 60 60 61 61 61 61 61 61 125 125 235 235 235 235 235 235 265 265 265 265 265 265 265 266 266 266 266 266 266 266
14 14 14 39 39 39 54 54 54 55 55 55 55 55 55 55 55 56 116 123 123 207 207 207 207 207 378 378 378 378 378 379 379 379 379 379 379 379 388 388 493
17 17 17 17 17 20 20 27 27 29 41 41 41 41 41 41 56 56 56 56 56 56 56 56 56 56 223 223 223 223 223 241 241 244 244 244 244 244 244 244 244
8 8 8 14 15 15 15 15 15 15 15 15 15 15 15 94 94 94 94 99 99 99 99 99 100 100 155 326 326 326 617 618 618 618 618 618 618 618 619 619 619
30 30 46 46 46 46 47 48 48 48 48 60 60 106 106 107 107 107 107 107 107 107 107 107 107 107 107 109 109 109 109 109 109 111 111 111 111 111 111 112 112
15 15 16 16 16 16 16 16 16 16 16 16 16 16 18 18 21 21 21 21 21 24 24 25 25 25 25 25 25 25 25 25 25 25 25 26 26 26 26 26 26
2 4 59 78 78 79 79 79 79 79 79 79 79 79 79 79 79 81 81 81 81 109 109 110 143 143 143 143 143 143 143 143 143 143 296 297 297 297 297 297 297
6 6 6 6 10 10 11 12 12 12 12 12 12 12 12 12 12 13 13 13 13 13 13 206 206 206 206 216 216 216 216 216 216 216 216 316 316 316 316 316 319
3 3 34 34 34 36 36 36 36 89 89 152 152 153 175 206 206 206 206 207 216 235 236 237 238 238 239 239 492 492 492 492 492 492 1220 1401 1401 1401 1500 1500 1500
6 6 6 6 6 6 6 6 6 21 21 21 43 43 43 43 44 44 44 44 44 45 45 45 45 45 45 45 45 46 46 46 46 46 46 46 46 46 46 93 93
10 10 10 10 10 10 10 12 13 13 13 13 13 13 13 13 13 13 13 16 16 138 138 138 138 177 202 202 202 202 202 202 202 342 342 342 343 343 343 343 343
8 8 26 26 55 55 55 55 55 55 62 63 63 63 63 63 63 63 63 63 63 63 63 64 64 64 64 64 64 64 64 64 64 64 64 65 65 66 66 66 69
41 41 41 47 47 47 142 142 143 143 143 143 143 143 143 143 143 278 280 280 280 280 280 280 280 281 285 503 503 503 503 503 518 518 518 518 518 520 520 520 520
3 3 3 3 5 5 19 19 32 32 33 33 33 34 34 34 34 34 34 34 35 35 35 35 36 36 36 36 36 36 36 36 36 36 37 37 37 37 37 40 40
8 9 9 9 9 9 37 37 37 43 44 44 44 44 44 44 44 73 73 73 73 73 73 76 76 76 76 81 81 283 400 400 400 400 400 400 400 904 904 904 904
4 4 4 10 10 10 11 11 11 12 12 12 12 12 12 13 13 13 13 36 37 37 38 38 38 38 38 39 39 39 39 39 39 39 39 39 39 39 46 47 47
68 68 68 68 68 68 69 69 69 69 69 69 69 69 69 69 75 75 75 75 75 75 76 76 77 78 78 79 79 79 79 85 85 87 87 87 87 87 87 421 422
4 4 10 10 10 10 10 10 11 11 11 11 11 11 12 13 13 13 13 46 46 116 116 119 119 119 137 137 137 137 138 139 139 139 139 139 139 139 139 139 139
7 7 7 7 7 7 7 7 7 7 8 8 8 8 8 8 8 8 8 8 8 8 12 12 12 12 12 12 20 21 21 21 21 21 21 21 21 21 40 87 87
6 6 10 10 10 10 10 10 10 34 39 39 39 39 157 157 157 158 158 158 159 160 160 160 160 160 243 243 243 243 243 243 243 248 248 248 248 248 330 331 331
7 7 7 7 34 34 34 34 34 34 34 34 35 35 35 35 36 36 36 36 36 36 36 36 36 36 36 36 37 37 37 37 37 37 37 37 37 37 38 38 38
14 18 18 19 19 19 19 19 19 19 19 19 20 20 20 20 20 20 20 20 25 25 25 25 25 73 142 281 281 281 281 288 288 288 288 288 288 288 288 288 288
8 8 8 8 8 8 18 18 18 18 19 19 19 19 19 19 19 19 19 20 20 20 20 20 20 20 20 22 22 22 22 22 22 22 22 25 26 26 26 26 26
2 35 36 36 36 36 36 40 40 40 41 42 42 42 42 42 42 42 43 43 43 44 44 44 53 53 53 53 53 53 53 53 54 54 54 54 54 56 56 56 56
5 6 6 6 14 14 14 14 14 14 14 14 14 15 15 15 15 15 19 19 19 19 20 184 184 184 184 184 184 286 286 287 287 287 287 287 289 289 289 289 289
7 7 7 7 7 7 9 14 15 15 15 15 15 15 15 15 15 34 34 34 34 36 37 37 37 37 37 37 37 37 206 206 206 377 377 377 377 377 378 379 379
3 6 17 17 17 17 17 40 44 44 44 44 45 45 45 45 45 45 45 115 115 116 116 116 121 126 126 126 126 126 126 126 126 126 140 145 145 145 145 145 145
25 25 25 25 25 25 25 25 25 25 25 26 26 26 26 27 27 27 27 27 27 27 27 27 27 27 27 27 142 142 142 143 143 143 143 143 143 143 143 143 143
3 3 3 3 3 3 4 4 4 4 4 4 4 4 4 4 4 106 106 106 106 107 107 107 107 107 107 107 107 107 107 112 112 112 112 112 113 115 115 115 115
5 5 24 25 25 25 25 25 25 31 31 31 31 31 31 31 31 31 32 32 32 32 32 32 32 32 32 32 32 32 61 61 61 61 62 62 62 62 62 62 62
34 34 46 46 46 46 46 46 46 90 90 90 90 90 90 90 90 95 95 95 118 118 118 118 118 118 120 121 121 121 121 121 121 121 121 121 1035 1226 1226 1226 1226
44 88 99 99 99 99 106 107 107 107 107 107 107 107 108 108 108 108 108 108 378 378 388 388 480 482 483 483 483 483 558 558 558 615 615 615 615 615 615 615 615
17 17 17 17 17 26 26 26 26 26 26 26 30 30 41 41 41 41 41 41 41 41 41 44 77 77 77 77 77 77 83 83 83 83 149 149 151 151 151 151 159
7 7 7 7 7 7 7 7 7 7 7 8 8 8 8 8 51 51 51 51 101 101 101 101 101 101 101 101 460 460 460 460 460 460 460 460 460 460 462 462 467
8 8 8 8 8 8 8 8 47 47 47 50 50 50 50 50 50 50 50 50 51 56 56 56 56 56 56 56 56 60 60 60 61 61 61 61 61 61 61 61 61
13 22 22 39 39 39 47 47 47 47 47 66 67 67 67 67 67 67 67 67 72 72 72 72 72 77 77 77 77 172 172 172 172 172 172 173 173 173 177 177 177
2 4 4 4 4 4 4 4 4 34 34 34 34 34 34 34 34 34 34 35 35 35 35 35 35 35 124 124 124 124 129 129 129 129 129 130 130 134 263 263 263
11 11 49 49 49 49 49 49 50 50 50 50 50 50 68 70 70 70 70 70 70 70 123 123 123 123 123 123 123 123 123 234 238 238 238 238 238 238 238 238 248
9 10 10 10 10 10 10 10 10 10 10 12 12 12 12 12 12 13 13 13 13 13 13 17 17 17 17 20 21 21 21 21 21 21 21 21 21 21 21 21 22
16 16 16 16 16 16 16 35 35 35 35 35 35 35 43 43 43 43 43 43 43 43 43 43 43 43 83 83 83 83 326 326 789 789 789 789 789 789 789 789 791
26 27 27 27 27 27 27 27 27 105 105 105 105 105 105 105 105 105 107 107 107 107 107 108 108 108 108 108 108 196 229 229 229 231 231 231 231 231 231 231 231
23 23 23 23 23 23 23 23 25 25 25 25 34 35 35 35 35 35 35 125 125 126 126 126 126 126 126 126 126 126 126 126 126 126 138 138 262 262 262 262 265
17 20 27 29 29 29 29 29 31 31 31 31 31 31 32 32 32 32 32 36 36 36 38 38 38 38 38 38 38 205 205 205 205 205 205 205 205 205 205 205 205
22 22 22 22 40 40 82 82 88 88 88 93 94 94 94 94 94 164 164 164 164 168 168 169 169 169 169 169 169 169 169 169 169 170 170 194 205 205 205 205 543
2 2 3 3 3 3 3 3 3 3 3 3 3 43 92 92 92 92 92 92 95 95 121 121 121 121 121 237 237 237 259 259 259 259 259 260 260 260 260 260 260
17 17 17 17 19 19 20 20 20 23 24 24 24 24 24 24 24 24 26 26 26 26 26 26 39 39 39 40 40 40 42 42 42 42 43 43 43 43 43 43 43
2 2 8 8 9 9 9 9 9 9 9 9 9 10 10 10 10 11 11 73 73 73 73 79 79 79 79 79 79 81 81 164 164 164 164 164 164 164 164 164 164
15 15 15 15 15 15 34 44 44 44 47 121 121 121 125 125 125 125 125 125 125 125 125 125 125 126 182 182 182 182 182 182 182 182 182 182 182 187 187 192 193
3 3 3 3 3 3 49 49 49 55 66 66 68 68 68 68 68 68 68 68 68 68 68 68 77 77 78 78 78 78 78 464 465 465 465 465 465 465 465 465 465
19 19 19 19 19 19 19 19 24 24 30 39 43 43 43 43 46 46 46 46 46 46 46 46 46 46 47 47 47 47 48 48 48 48 48 48 48 48 49 49 49
3 4 4 4 4 4 4 5 5 5 16 79 79 79 79 79 79 79 188 188 336 336 336 336 336 336 336 501 501 501 501 501 911 911 911 911 911 911 911 1288 1288
7 7 7 7 7 7 7 9 9 9 9 11 11 11 11 11 11 11 11 12 12 12 12 12 12 12 12 12 12 138 138 138 227 227 229 229 229 229 229 229 229
4 4 4 4 4 4 4 10 10 10 10 10 10 10 16 43 43 110 110 110 110 114 114 224 224 224 224 227 227 227 287 287 287 287 287 291 291 291 291 291 291
2 2 2 2 2 2 2 2 2 3 3 3 3 3 3 3 3 3 5 5 5 5 5 5 12 15 15 15 15 15 576 576 653 1341 1341 1341 1414 1414 1414 1414 1415
6 6 6 6 6 6 6 6 7 8 8 8 8 8 8 8 8 8 8 10 10 89 89 91 91 91 91 91 91 91 187 187 190 190 190 190 190 190 190 190 190
8 8 8 8 13 13 13 13 14 14 14 14 14 14 75 76 76 76 76 76 76 76 76 83 83 83 94 94 279 279 279 279 279 280 280 280 280 280 280 280 280
