4 5 5 5 5 5 5 7 7 7 7 7 7 8 8 8 8 8 13 13 13 13 14 14 14 14 14 14 14 14 14 14 15 15 15 15 15 15 15 15 15
2 3 3 3 3 3 4 4 4 4 4 11 11 19 19 19 19 19 19 19 21 21 23 23 24 24 24 24 24 24 24 24 24 28 29 29 29 29 29 29 29
4 10 10 10 10 10 10 10 10 10 10 10 11 11 11 11 11 11 11 11 14 14 14 15 15 15 15 18 18 18 18 18 18 18 18 19 19 19 19 19 19
2 2 2 2 2 2 3 3 3 3 3 3 3 3 3 3 3 28 28 52 53 53 53 53 53 53 53 53 53 56 57 57 57 57 57 57 57 57 57 59 59
12 12 12 12 12 13 13 13 13 13 13 14 14 14 14 14 14 14 14 14 14 14 15 15 15 15 15 15 15 15 15 16 16 16 16 16 16 16 17 37 37
8 8 8 8 9 9 9 9 11 11 11 11 13 13 13 13 48 48 48 48 48 49 49 49 49 49 49 49 49 49 49 49 49 51 51 51 51 51 56 58 58
10 10 10 10 10 10 10 10 10 16 16 16 16 16 17 17 17 17 17 17 17 17 17 17 18 18 18 18 18 18 26 26 26 26 26 26 29 30 30 30 30
6 6 6 7 12 12 12 12 12 12 12 12 13 13 13 13 13 13 13 13 13 13 42 48 48 48 48 48 52 52 52 52 52 52 52 52 52 52 52 52 53
7 7 24 24 24 24 25 25 25 25 25 25 25 25 32 32 32 32 33 33 56 56 56 56 56 56 56 56 56 140 140 140 140 140 140 140 140 141 141 141 141
15 15 15 15 16 16 16 16 16 16 16 16 16 16 16 19 19 19 19 19 19 19 20 20 59 59 59 59 60 60 60 60 61 61 61 61 61 61 61 61 61
11 11 11 11 11 11 11 11 49 49 49 49 50 50 50 50 50 50 50 50 50 50 50 50 51 51 51 51 53 53 53 53 54 54 54 54 54 54 54 54 54
4 8 13 13 13 13 16 16 16 16 16 16 17 18 19 19 19 19 19 19 19 19 19 20 20 20 20 20 20 20 20 20 20 20 72 72 72 85 85 86 86
6 6 7 7 7 7 7 7 7 7 7 7 7 7 8 8 8 12 12 12 22 22 22 24 24 24 28 28 28 28 28 28 28 28 28 31 31 31 32 86 86
5 5 5 5 5 5 5 5 5 5 5 5 28 28 29 29 29 29 29 29 29 29 29 29 29 30 30 30 30 30 30 40 40 41 41 41 41 41 41 41 41
3 3 3 3 3 3 3 3 3 3 4 4 4 5 5 5 5 5 5 5 5 5 5 5 6 6 6 6 6 6 6 7 7 7 7 7 7 7 7 7 17
4 4 4 5 8 8 8 8 8 8 8 8 8 19 19 21 21 21 21 21 21 21 21 40 40 40 41 41 41 42 42 42 42 42 42 42 42 42 42 42 42
11 22 22 22 22 32 32 32 32 32 32 32 32 33 33 33 33 33 33 33 33 33 33 34 38 38 38 38 39 39 39 39 39 39 39 39 39 39 39 39 41
4 4 4 4 4 4 4 4 6 6 6 6 9 19 19 20 20 20 20 22 22 22 22 22 22 22 27 27 27 27 27 27 27 55 55 55 56 56 56 56 56
3 6 6 11 11 11 11 11 11 42 42 42 42 42 42 42 46 46 46 46 46 55 55 55 55 55 57 57 57 57 57 57 57 57 57 57 57 57 86 86 86
8 8 8 8 8 8 8 8 8 8 50 50 50 50 50 50 50 80 80 80 80 80 82 82 82 82 82 82 83 83 83 83 83 83 83 83 83 84 84 84 84
3 9 9 9 9 9 9 9 12 12 12 12 12 12 12 16 16 17 17 17 17 18 18 18 18 18 18 18 18 18 18 18 18 26 26 26 26 29 29 54 54
3 3 3 3 3 4 4 4 4 6 6 6 6 7 7 123 123 124 124 124 124 124 124 131 137 137 137 139 139 139 141 141 141 141 141 154 154 154 154 154 154
5 5 5 5 5 5 5 5 5 6 6 6 6 6 6 6 6 36 36 38 38 38 38 38 40 40 40 40 40 55 57 57 57 57 57 57 58 60 60 74 74
11 11 16 16 16 16 17 17 17 17 17 17 17 17 17 17 17 17 19 19 19 20 20 20 20 20 20 20 20 20 21 21 21 21 21 21 21 21 21 21 21
3 3 3 4 4 4 4 4 4 4 4 4 4 5 5 5 5 5 5 5 5 5 15 15 17 17 24 24 25 25 25 25 25 25 25 25 25 25 25 25 26
4 4 4 4 25 25 25 25 25 25 25 25 25 25 49 49 49 49 49 49 49 52 52 52 52 91 91 91 91 91 92 92 92 92 92 92 92 94 94 94 94
14 16 16 16 16 16 16 16 24 24 24 24 24 24 24 24 25 25 25 25 25 25 25 25 25 28 28 28 28 29 29 29 29 29 29 29 29 30 30 30 30
6 6 6 6 6 6 7 7 8 8 8 8 8 8 8 8 8 8 8 9 9 9 9 9 9 9 9 10 10 10 10 10 10 12 12 12 12 12 12 12 12
3 28 28 28 29 29 29 29 29 29 29 29 29 29 29 34 44 47 49 49 52 52 52 58 58 59 59 59 59 74 74 84 84 84 92 92 92 92 92 93 93
2 2 2 2 3 3 3 3 3 3 3 3 21 21 21 21 21 21 21 21 21 22 22 22 22 22 22 22 23 23 23 23 23 23 23 27 28 28 28 28 28
7 7 7 7 7 7 9 9 9 9 9 10 10 10 10 10 10 11 11 11 11 11 11 11 11 11 11 11 11 11 13 13 13 13 13 19 19 25 25 28 29
1 3 3 3 3 3 3 3 3 3 3 4 6 6 6 6 6 6 6 6 6 6 7 7 7 7 7 7 7 7 7 62 62 62 62 62 63 63 63 63 63
2 2 2 2 2 2 2 2 2 2 2 3 3 3 3 3 3 3 3 8 11 19 19 19 19 19 19 19 20 20 20 20 20 20 20 20 20 23 23 23 23
7 8 8 8 8 8 8 14 15 15 15 15 15 15 46 46 46 46 46 48 65 65 66 66 66 66 66 66 66 71 71 71 71 71 71 71 111 111 111 111 111
5 5 5 5 6 7 7 7 7 7 7 7 7 53 57 60 60 94 94 94 94 98 100 100 100 102 102 102 102 102 102 102 207 214 214 214 214 214 215 215 215
8 8 8 8 8 8 8 8 8 8 9 9 9 9 9 9 9 9 9 9 10 10 10 10 35 35 35 35 35 37 37 37 37 37 187 187 187 194 194 196 196
21 21 21 21 21 25 28 28 28 28 28 28 28 28 33 33 33 33 33 33 33 35 35 35 35 35 35 35 35 35 35 36 36 36 36 36 36 36 36 36 36
3 3 3 3 3 3 3 4 4 4 4 4 4 4 4 10 34 34 35 35 35 35 49 49 49 49 49 49 49 49 50 50 50 50 50 50 50 50 50 50 50
5 5 5 5 12 14 14 14 14 14 15 15 15 15 15 15 15 32 32 32 32 32 32 32 32 33 33 33 33 34 34 34 34 34 34 34 34 34 50 50 50
7 7 10 10 31 31 31 32 32 32 32 32 36 43 43 43 43 43 43 44 44 44 44 44 44 44 44 45 45 45 47 47 49 49 49 49 104 104 104 104 104
13 14 14 14 14 14 14 17 17 17 17 17 17 17 17 17 17 20 20 20 20 37 37 37 37 37 37 37 37 37 69 69 69 69 108 108 109 109 109 109 110
2 3 3 3 3 3 3 3 3 3 3 3 5 11 11 11 11 11 11 15 16 16 16 16 16 16 16 16 16 16 16 17 17 18 18 18 18 19 19 19 20
9 9 9 9 9 11 11 11 11 11 12 12 12 12 12 12 12 12 12 12 12 23 23 24 24 24 24 24 24 24 24 24 25 26 26 26 26 26 26 26 27
6 6 7 7 7 7 7 7 7 7 7 9 9 9 13 13 13 13 13 13 13 13 13 13 55 57 57 57 57 57 104 105 108 108 108 108 108 110 112 112 112
3 3 3 3 3 3 3 6 6 6 6 6 17 17 17 17 17 17 20 20 20 20 20 20 20 21 34 34 34 34 36 36 36 36 36 36 36 36 36 52 52
5 5 5 5 5 5 5 5 18 18 18 18 18 18 18 18 18 18 18 19 20 20 20 20 21 21 21 21 21 21 21 21 21 21 21 23 23 23 23 23 23
2 2 4 4 4 7 7 7 7 7 7 8 8 8 8 8 8 8 8 8 8 8 9 9 9 9 9 9 9 9 9 9 9 13 14 15 15 15 15 16 16
5 5 6 6 6 6 6 7 17 17 21 21 42 42 42 42 46 46 65 65 89 89 93 93 93 93 94 94 94 94 94 94 95 95 95 95 95 95 95 95 95
12 12 12 12 12 12 12 12 12 12 12 13 13 13 13 13 13 13 13 13 13 14 14 14 14 14 14 14 14 14 22 22 22 22 22 22 22 46 46 55 57
2 2 2 2 2 2 2 2 2 2 7 7 7 7 7 7 9 10 10 11 11 18 18 18 19 19 19 19 20 20 20 20 20 20 20 20 20 21 21 21 21
8 8 8 8 10 10 10 20 20 20 20 20 20 20 20 21 21 21 21 55 55 56 56 56 56 56 56 56 56 56 57 57 57 57 57 57 57 57 57 57 66
4 9 9 10 16 16 16 17 17 17 17 17 17 17 17 17 29 29 29 29 29 29 29 31 31 31 31 31 32 32 32 32 32 32 32 32 32 32 63 63 63
2 13 14 14 14 14 14 14 14 14 14 16 17 17 17 17 18 18 18 18 18 18 19 19 19 19 19 19 19 19 19 19 21 22 22 22 22 22 47 47 47
2 4 4 4 4 5 6 6 6 6 6 6 6 6 6 6 9 9 9 12 12 12 12 12 13 13 13 13 13 13 13 13 31 31 31 31 111 113 113 114 114
5 8 8 9 9 9 9 9 9 9 9 11 11 11 11 11 26 26 26 26 26 26 27 27 27 27 27 27 27 27 27 27 28 28 56 56 59 59 60 60 60
17 17 17 18 18 18 18 18 18 18 18 18 19 19 19 19 19 19 43 43 43 43 54 55 55 55 55 55 55 55 56 56 56 56 56 56 56 56 56 56 56
14 15 15 15 15 15 15 15 15 15 34 34 34 72 72 72 72 72 72 74 74 78 78 78 78 78 78 78 78 81 81 81 81 96 96 98 98 98 98 98 99
5 6 6 6 6 6 6 6 9 10 10 10 10 10 10 10 10 10 10 11 11 11 11 11 11 11 11 11 15 15 15 15 15 16 16 16 16 16 16 16 16
10 10 10 10 11 11 11 11 11 11 11 12 12 12 12 19 19 19 19 19 19 20 20 20 22 26 26 26 26 26 26 26 26 26 27 27 27 27 27 27 27
5 6 6 6 6 6 6 6 6 6 23 23 23 23 23 23 23 24 24 24 24 24 24 24 24 24 25 25 25 25 25 26 26 26 26 26 26 26 26 26 26
5 5 5 5 5 5 5 5 6 6 6 26 26 26 26 26 26 26 26 26 26 27 27 27 27 27 27 27 27 27 27 27 27 27 31 31 36 36 36 36 36
12 22 22 22 22 22 22 22 22 22 54 58 58 58 58 59 59 59 59 59 59 59 59 59 59 59 60 60 60 60 60 60 60 60 60 60 60 79 79 79 79
10 10 11 12 12 12 12 12 12 34 34 34 34 34 34 34 34 36 36 37 37 37 38 38 38 38 38 39 39 39 39 39 39 39 39 39 39 39 41 41 41
2 2 9 9 9 9 9 9 10 16 16 16 17 17 17 17 17 17 17 17 18 18 18 18 18 18 18 18 18 18 18 18 19 19 19 19 19 20 20 20 20
3 4 4 4 4 4 5 5 5 5 5 5 5 7 7 7 7 7 7 7 7 9 9 9 9 9 9 11 11 50 51 51 51 52 52 52 52 52 58 66 66
6 6 6 6 6 6 6 6 6 6 8 8 8 8 8 8 8 8 9 9 9 9 9 9 9 9 9 11 11 11 11 11 11 11 11 11 12 12 12 12 12
4 4 4 4 4 4 4 12 12 13 13 13 13 13 13 13 13 13 13 14 14 14 14 14 14 14 15 15 15 15 15 15 17 17 17 17 19 19 19 19 19
3 16 16 16 17 17 17 17 17 17 17 17 17 19 19 19 38 38 38 38 38 38 38 38 38 38 39 39 39 39 39 39 39 39 41 41 41 41 41 41 41
10 11 11 11 11 11 11 11 11 11 11 11 12 12 12 12 12 12 12 12 12 12 12 12 34 34 34 34 34 34 34 34 34 34 34 34 35 35 35 35 35
4 10 10 10 10 10 10 17 22 22 22 46 48 48 48 48 48 48 48 50 50 50 50 50 51 51 51 51 51 51 51 51 51 51 52 52 52 52 53 53 69
6 6 6 6 6 7 7 7 7 7 8 8 8 8 8 8 8 8 8 8 8 8 47 47 47 47 47 47 47 47 47 47 48 48 48 48 48 48 48 48 48
3 4 4 4 4 4 4 5 5 5 5 5 5 5 5 5 5 5 7 7 9 9 9 9 17 17 35 35 35 35 35 35 37 37 37 37 37 37 55 58 92
8 10 10 10 10 12 12 12 12 12 12 13 13 13 13 88 88 88 100 105 105 106 106 106 106 106 106 106 106 108 108 108 108 108 110 111 111 111 111 111 111
6 6 6 6 6 7 7 7 7 8 8 8 8 8 8 8 8 21 21 21 21 21 21 21 21 22 22 22 22 22 22 22 22 22 22 22 38 38 38 38 38
1 1 2 2 2 3 3 3 3 3 3 3 3 3 9 10 10 10 10 10 10 10 10 10 10 10 12 12 12 15 15 15 15 15 15 15 15 15 15 15 28
4 4 4 17 17 17 17 40 47 47 47 51 53 53 54 54 54 54 54 54 54 54 54 57 57 57 57 57 68 68 68 68 68 68 68 83 83 83 84 84 84
10 15 38 38 38 38 39 39 41 41 41 41 41 41 41 42 42 42 42 42 42 42 52 52 52 52 52 52 52 53 53 53 53 53 53 53 53 53 54 54 54
10 10 10 23 35 37 37 38 38 38 38 38 40 54 55 55 67 67 67 67 68 68 68 68 68 68 68 69 69 69 69 69 69 69 69 69 69 69 69 69 72
7 7 7 7 7 8 8 8 8 8 8 28 28 28 30 30 48 48 48 48 48 50 50 60 60 61 61 61 61 61 61 61 61 61 61 64 64 64 66 67 67
21 22 22 22 22 22 22 22 22 32 32 33 33 33 33 33 33 33 38 38 39 39 39 39 39 39 39 39 39 79 79 79 80 80 80 80 80 80 80 80 80
6 7 7 7 7 7 8 8 8 8 8 8 8 8 8 12 12 12 12 13 32 32 32 32 32 36 36 43 46 47 47 48 48 48 48 48 48 49 49 49 52
2 3 3 3 3 3 3 8 8 8 9 9 9 9 9 9 9 10 10 10 10 10 10 10 10 10 10 13 13 15 17 17 17 17 17 17 17 17 17 17 21
5 5 5 5 5 17 17 17 17 17 17 17 17 17 35 35 35 35 35 35 35 35 35 35 35 43 52 52 52 52 52 52 53 53 53 53 53 53 53 53 53
2 2 2 2 2 2 2 2 2 2 3 3 3 3 3 3 3 3 3 4 4 4 4 4 4 4 4 4 4 4 5 5 5 5 5 5 9 9 9 9 9
6 6 6 6 6 6 6 7 7 7 7 7 7 7 14 14 14 14 14 14 14 14 14 15 15 15 15 15 15 15 15 15 15 15 15 16 16 16 16 16 16
10 10 10 10 12 12 14 28 28 28 28 30 30 30 30 30 30 33 33 33 33 33 33 34 34 34 34 44 44 44 44 44 44 48 48 48 48 48 48 48 48
4 4 4 4 6 6 6 6 6 18 18 20 29 29 29 31 31 32 32 32 32 32 32 32 32 32 32 35 35 35 35 35 35 70 70 70 70 71 71 71 71
4 4 4 4 4 4 4 6 6 6 6 6 6 6 6 13 13 13 13 13 13 13 15 15 16 16 18 18 20 20 21 21 21 21 21 21 21 21 21 46 46
6 6 6 6 6 6 6 7 9 9 9 21 21 29 29 29 72 73 73 73 73 73 73 73 73 74 74 74 74 74 74 74 74 74 74 74 76 76 76 76 78
8 22 22 22 22 22 29 29 29 29 29 29 29 29 29 29 35 35 35 48 48 48 48 48 48 50 50 50 50 50 50 50 50 50 50 51 51 51 53 53 53
10 10 10 10 17 17 17 19 19 19 19 19 19 19 21 21 21 21 21 21 21 21 24 24 24 26 26 28 28 28 28 29 29 29 29 29 31 31 177 177 177
6 6 6 6 6 6 6 6 6 7 7 7 7 7 7 7 9 9 9 9 9 9 9 9 9 9 9 9 19 19 19 20 20 20 20 20 20 20 20 20 20
2 2 2 4 4 4 4 4 4 6 6 10 30 30 30 30 30 30 30 30 31 32 32 32 32 32 32 32 32 32 32 32 87 87 87 87 87 87 87 88 88
4 4 4 5 5 5 5 9 14 14 14 14 14 14 14 14 14 20 35 36 36 36 36 36 37 37 37 37 37 37 38 38 38 38 38 38 38 38 38 38 46
3 3 3 3 5 5 5 5 5 5 5 5 5 5 5 7 7 7 10 10 10 10 10 10 10 23 23 23 23 23 26 27 27 27 27 27 27 27 28 31 31
7 7 7 7 7 7 7 7 17 17 18 18 18 18 18 18 18 40 40 40 40 40 40 45 55 57 57 57 57 58 58 58 58 58 70 70 70 70 70 71 79
7 8 8 8 8 8 8 8 8 8 8 9 9 9 9 9 9 9 9 9 9 9 10 10 10 10 10 10 10 12 12 12 14 16 16 16 16 16 16 16 16
2 2 2 2 2 3 3 3 3 3 3 3 3 3 3 3 3 32 32 35 35 35 35 35 36 36 36 36 36 36 36 36 36 36 36 36 36 39 39 39 39
13 13 13 49 49 49 49 49 49 49 49 49 50 50 50 73 73 73 77 78 78 78 78 80 80 80 80 105 105 105 105 105 105 108 109 109 109 109 109 109 109
10 10 10 10 10 10 15 15 15 15 15 15 47 47 47 47 48 48 48 48 52 52 52 52 61 61 61 61 61 61 61 61 61 61 71 72 72 72 72 72 72
6 6 9 10 10 10 10 10 11 11 11 11 11 11 11 11 11 11 17 17 17 18 19 19 19 19 19 19 19 28 28 28 28 28 28 28 28 28 28 28 29
1 5 5 5 5 5 5 5 5 5 6 6 6 6 6 6 6 6 6 6 29 29 29 29 73 73 73 73 73 75 75 75 75 75 75 75 75 82 83 83 83
1 17 17 17 17 17 20 20 20 20 20 20 20 20 20 20 21 21 21 21 21 21 21 21 21 22 22 22 22 22 22 22 22 22 22 22 22 23 23 23 23
3 3 3 3 3 3 3 3 3 5 5 5 5 5 5 5 5 11 11 12 12 12 12 12 57 57 57 57 57 57 59 59 59 59 59 59 59 59 60 60 60
3 3 4 4 4 4 12 12 12 13 13 13 13 13 13 13 13 13 13 13 39 39 39 39 39 40 40 40 40 40 40 40 40 40 40 42 42 45 45 45 45
3 3 6 6 6 6 6 7 7 7 7 7 7 7 7 7 7 14 14 17 17 17 17 17 17 17 17 17 17 17 77 77 77 77 77 77 77 78 78 78 78
3 4 4 4 4 4 4 4 4 4 5 5 5 5 5 5 6 6 6 6 6 6 6 6 6 6 6 8 8 8 8 11 11 11 11 13 13 13 13 13 13
2 3 3 3 3 3 3 3 3 3 3 7 7 8 8 8 8 8 8 9 9 9 9 12 12 12 12 12 12 15 15 15 15 15 15 15 15 15 15 15 16
5 5 6 6 8 25 25 25 25 25 25 26 26 26 26 26 26 26 26 26 26 27 27 34 34 34 34 34 35 35 35 36 36 36 36 38 38 38 38 38 38
8 8 8 11 13 13 13 20 20 20 20 20 20 20 20 24 24 24 24 24 30 30 30 30 30 30 30 30 30 31 31 31 31 31 55 55 56 56 56 56 56
11 17 17 17 17 17 17 17 17 70 72 72 73 79 79 80 80 80 80 80 89 89 89 90 92 92 92 92 92 92 92 92 92 93 93 93 93 94 94 94 94
6 6 6 7 8 8 8 9 9 9 9 9 9 9 9 9 9 14 14 14 14 14 31 33 33 33 33 33 33 33 33 33 33 35 35 35 35 35 37 37 37
2 2 2 2 2 3 4 4 4 4 6 6 6 6 7 7 7 7 7 7 7 7 7 8 8 8 8 8 10 10 10 10 10 12 16 16 16 16 16 16 16
4 4 4 4 5 5 5 5 6 6 6 6 12 14 14 56 56 56 56 57 57 57 57 57 57 57 57 57 91 92 92 92 92 92 92 92 92 92 92 92 92
2 2 4 4 4 4 4 4 4 4 6 7 7 7 7 7 7 7 7 7 7 7 10 10 10 10 10 10 12 12 13 14 14 14 14 14 14 14 14 14 14
2 2 2 2 2 10 10 10 11 11 11 11 11 11 11 11 11 11 11 11 13 13 13 13 13 13 14 14 14 14 14 14 14 15 15 15 15 15 15 15 15
2 2 2 2 2 2 2 2 2 2 2 3 3 3 3 3 3 3 4 4 4 4 4 4 4 4 4 50 50 50 70 70 70 71 71 71 71 71 71 72 72
2 2 2 2 2 2 2 2 2 2 3 3 3 3 3 3 3 3 3 3 4 4 4 4 4 4 5 5 5 5 5 5 5 5 5 5 5 5 5 14 14
4 4 4 4 4 4 4 4 4 4 7 7 7 7 7 7 7 9 9 9 9 9 9 9 9 24 24 25 25 25 25 25 25 25 74 74 74 74 74 75 75
6 6 6 6 6 6 6 6 6 6 14 14 14 15 15 15 15 15 17 17 17 17 17 73 82 82 82 82 82 82 88 88 88 89 93 93 93 94 94 94 94
5 5 6 6 6 6 6 6 6 6 6 7 7 7 7 7 9 21 21 22 62 62 62 62 88 88 88 88 88 88 90 91 92 92 92 92 92 92 92 92 92
6 6 6 6 11 11 11 11 11 11 11 22 22 22 23 23 23 23 23 23 23 26 26 26 26 26 27 27 27 27 27 27 27 27 27 27 27 27 29 29 29
8 8 8 9 9 9 9 9 9 9 9 9 9 9 9 11 11 18 18 18 23 23 23 23 23 23 23 23 24 27 27 27 27 27 27 27 27 27 27 27 28
6 6 6 6 6 8 8 8 8 8 8 8 8 8 8 8 9 9 9 9 9 9 9 9 9 10 10 10 12 12 12 12 12 12 12 12 12 12 12 13 13
4 27 27 27 27 28 28 28 28 28 28 28 28 28 28 29 29 29 29 29 29 29 29 29 29 30 30 31 31 31 31 31 31 31 31 46 46 46 46 46 46
2 2 2 3 3 3 3 3 3 3 3 3 3 10 10 10 10 11 11 11 11 11 12 12 12 12 12 12 12 12 13 13 13 13 13 13 13 13 15 15 15
21 25 26 26 26 26 26 26 26 26 26 26 29 29 29 30 30 30 88 88 88 88 88 88 88 88 96 96 96 97 97 97 97 97 97 104 117 117 117 117 117
2 4 4 4 4 4 13 13 13 13 13 13 15 17 17 19 19 19 19 19 20 20 20 20 20 20 20 20 20 20 20 22 22 54 54 54 55 55 55 55 57
16 16 16 46 46 46 48 48 49 49 49 49 49 49 49 50 50 75 75 75 75 75 75 75 75 75 121 121 121 121 121 121 122 122 122 122 122 122 122 122 122
16 16 18 18 18 20 22 22 25 25 25 25 25 26 26 26 26 26 26 26 26 26 26 28 28 29 31 31 31 31 31 31 31 52 52 52 52 52 52 53 53
6 17 17 18 18 18 18 18 18 18 18 18 18 18 18 19 19 19 19 19 19 19 19 19 19 19 22 22 22 23 23 65 65 65 65 65 99 99 99 99 99
11 16 16 16 16 16 16 16 18 20 20 22 22 22 22 22 22 22 23 23 23 23 23 23 23 23 23 23 23 25 25 25 26 26 26 26 26 26 26 27 27
6 6 10 10 10 25 25 25 25 46 46 46 46 46 46 46 47 48 48 48 48 48 48 48 48 50 50 50 50 50 50 51 51 51 51 51 51 51 53 53 53
4 4 4 4 4 4 4 4 4 7 7 7 10 10 10 10 10 10 10 10 10 10 53 56 56 56 56 58 58 58 58 58 58 61 61 61 61 61 61 61 61
2 2 5 5 5 5 5 5 6 6 6 6 8 8 8 8 8 8 8 8 8 23 23 23 23 23 77 77 77 77 77 77 77 77 77 90 90 90 96 96 98
7 7 7 7 17 19 19 33 33 33 33 47 47 48 48 48 48 48 48 48 48 48 49 49 49 49 49 49 49 49 49 49 49 49 49 49 50 50 50 50 50
6 7 7 7 7 7 7 7 7 7 7 17 17 18 18 18 18 18 18 18 18 18 18 18 18 19 19 19 19 19 19 19 19 20 20 20 20 20 20 21 21
10 11 11 11 11 11 11 11 12 13 13 13 13 13 13 13 13 13 13 18 19 19 19 19 19 19 19 19 19 57 58 58 58 58 58 59 59 59 59 59 59
4 4 4 4 4 4 4 6 6 6 10 10 10 10 10 10 11 11 11 11 11 11 11 11 11 11 16 16 17 17 17 18 18 18 19 19 19 19 19 19 19
2 2 2 2 2 9 9 9 9 9 9 9 70 70 70 70 70 70 70 70 70 70 71 71 72 72 72 72 72 72 72 74 74 74 74 74 74 75 75 75 75
8 12 12 15 15 15 36 36 36 36 36 36 37 37 37 37 37 37 37 37 37 38 38 38 38 38 38 38 38 38 38 38 43 43 43 44 44 44 44 44 44
3 3 14 15 15 15 15 15 15 15 15 16 16 16 16 16 16 16 16 22 22 24 24 24 24 31 31 31 32 32 32 32 32 32 43 43 43 43 43 43 43
13 13 13 13 13 14 14 14 25 25 25 32 32 33 33 33 33 33 33 33 33 33 35 35 35 35 36 36 36 36 36 36 36 36 39 39 47 47 47 48 48
4 4 4 4 4 4 4 6 6 6 6 9 9 9 9 9 10 10 10 10 10 10 10 10 10 10 10 10 11 11 11 11 11 11 11 11 11 11 11 11 12
13 13 13 13 13 13 13 51 51 51 52 52 52 52 52 52 52 52 52 74 74 77 77 77 77 77 77 77 77 77 78 78 78 78 78 117 124 124 124 124 129
2 2 9 9 9 9 9 10 10 10 10 10 10 16 16 16 21 21 23 23 25 25 25 25 25 30 30 30 30 30 30 30 30 31 31 31 31 31 31 32 32
1 2 2 2 2 2 2 2 2 2 3 3 3 3 3 3 3 3 4 4 5 5 5 5 5 5 5 5 5 7 7 7 7 7 7 7 7 7 8 8 8
2 2 4 5 5 5 5 5 5 5 5 5 6 9 10 10 15 17 17 17 18 18 18 18 18 18 18 22 22 22 22 23 27 27 27 28 28 38 38 38 39
5 5 5 5 5 5 5 7 7 7 7 7 7 7 7 7 9 9 9 9 9 9 9 9 10 10 10 10 10 10 10 10 13 13 13 13 13 13 13 14 14
5 9 9 9 9 9 9 9 9 9 13 13 13 15 15 15 15 15 15 15 16 16 16 16 16 32 32 32 32 32 32 33 33 33 33 33 33 33 33 33 33
9 9 9 9 9 9 9 9 9 9 9 10 10 10 10 10 10 12 12 12 14 14 14 14 14 49 49 49 49 51 51 54 54 54 54 54 54 55 55 55 55
4 5 7 7 7 7 8 18 19 19 19 19 19 19 19 19 19 19 19 19 20 20 20 20 20 20 20 20 20 20 20 20 20 23 23 23 23 24 24 24 24
4 4 5 5 5 5 5 5 5 5 5 5 19 19 22 22 23 23 23 23 23 23 23 23 23 23 23 24 24 24 24 24 24 24 24 24 24 24 25 25 25
6 6 7 7 7 7 8 8 8 8 8 8 8 8 9 9 9 9 9 9 9 9 10 10 10 11 17 17 17 17 17 17 17 23 23 23 25 25 25 25 25
9 10 10 11 11 11 11 15 15 15 15 15 15 15 15 15 15 15 17 18 18 18 18 18 46 46 47 48 48 49 49 49 49 49 49 49 49 49 49 50 50
10 10 10 11 11 11 11 11 11 11 11 11 11 11 13 13 13 14 14 14 14 14 14 14 14 14 14 14 14 18 18 18 18 18 18 18 18 31 31 31 31
8 8 8 8 8 8 8 9 9 9 9 11 11 11 20 20 20 20 20 21 21 21 21 21 21 21 21 21 22 23 26 26 26 26 26 26 26 27 27 27 27
5 5 5 5 13 13 19 46 46 46 52 52 52 52 52 52 53 53 53 53 53 53 53 53 60 60 60 60 60 60 60 61 61 61 61 62 62 62 62 62 62
4 4 4 4 4 4 5 5 5 5 5 5 5 5 5 5 6 6 6 6 6 10 10 15 15 15 15 15 15 17 17 24 24 24 24 24 24 30 32 33 33
2 2 2 2 2 2 2 5 5 11 11 19 41 42 42 42 42 42 42 46 46 46 105 105 105 105 105 105 105 105 108 108 110 110 110 110 110 111 111 111 111
3 3 10 10 10 10 10 20 21 21 22 22 22 22 22 22 22 22 22 22 22 68 68 68 71 71 71 71 71 71 71 72 72 72 72 72 72 72 72 72 72
13 13 13 13 13 13 13 13 15 15 15 15 15 16 16 16 17 17 17 17 17 18 18 18 18 20 20 20 20 20 23 23 23 23 23 23 23 43 44 45 45
3 3 3 3 3 4 4 4 4 4 5 5 5 5 5 5 5 5 5 8 8 8 9 9 9 9 17 17 17 17 17 17 17 17 46 48 48 48 48 48 48
8 8 8 8 22 22 22 22 22 28 28 28 28 28 28 28 28 29 29 29 29 29 29 29 29 32 35 36 36 36 36 36 36 36 36 36 36 36 36 36 37
5 5 5 5 5 5 9 9 9 10 13 13 13 13 13 13 13 15 15 15 15 15 15 15 15 15 15 77 77 77 77 77 77 77 77 85 85 85 85 85 85
2 2 2 3 3 3 6 6 6 6 36 36 36 36 36 36 36 36 36 36 37 37 37 39 39 40 59 62 62 62 62 62 62 70 71 71 71 71 71 71 71
13 13 13 13 13 13 15 15 15 15 16 16 16 16 16 21 35 35 35 35 35 35 36 36 36 36 36 36 36 36 36 36 47 47 47 47 47 50 50 50 50
8 8 8 8 9 9 9 9 9 9 9 9 10 10 10 10 11 11 12 12 12 12 12 12 12 12 12 12 12 12 13 13 13 13 13 13 13 13 13 13 13
1 7 7 7 16 16 16 16 16 18 18 18 18 18 18 20 20 20 20 20 20 20 21 21 21 21 30 30 30 30 30 31 31 31 31 31 31 31 31 31 31
19 19 19 19 19 20 20 20 20 20 20 20 20 20 23 24 24 24 24 24 25 25 25 25 25 25 25 25 25 25 25 26 26 31 31 31 31 31 31 31 31
4 4 4 4 4 4 4 36 36 36 36 38 38 38 38 38 38 38 38 38 38 38 43 43 43 43 46 52 52 52 53 53 53 53 53 53 55 55 65 65 65
3 3 3 3 3 3 3 3 3 5 5 5 37 37 37 37 38 38 38 38 38 38 39 39 39 39 39 39 39 39 40 40 40 40 40 41 41 41 41 42 42
7 7 7 7 20 20 20 21 21 21 58 58 58 58 58 58 58 58 62 63 63 63 63 63 63 63 63 63 63 63 131 134 134 134 134 183 183 183 183 183 183
11 11 12 12 12 12 12 12 12 12 12 12 30 30 30 30 30 30 30 30 30 30 30 44 44 44 44 44 45 45 45 45 45 45 45 45 45 45 45 45 45
1 2 2 2 2 2 2 2 2 2 2 2 6 6 6 6 12 12 12 13 13 13 13 13 13 13 13 13 13 33 33 33 33 33 33 33 33 33 34 34 34
2 2 2 2 3 3 3 3 3 3 3 3 3 7 7 7 7 12 12 12 12 12 12 12 12 12 12 12 48 48 48 48 48 48 48 48 49 49 49 50 50
14 30 32 32 32 32 32 37 37 37 37 48 48 48 50 50 50 50 57 57 57 57 57 57 58 58 58 58 74 74 74 86 93 93 93 93 93 96 96 135 135
10 10 10 10 11 11 11 11 11 11 11 11 12 12 12 12 12 12 12 12 13 13 13 13 13 13 13 13 13 13 14 14 14 14 14 14 14 14 14 14 14
5 5 5 6 6 6 6 6 6 6 24 24 24 24 24 25 25 25 25 25 25 25 25 25 25 25 25 98 98 98 98 98 98 98 98 102 102 103 103 103 103
15 15 16 16 16 16 16 16 16 16 18 18 18 18 18 18 19 19 19 19 19 19 19 19 19 19 19 19 19 20 108 108 108 109 109 109 109 109 109 109 111
4 6 6 6 6 6 6 6 6 6 7 7 7 13 13 13 13 13 14 14 15 15 15 15 19 19 19 20 20 20 20 20 20 20 20 20 20 21 21 23 23
9 9 9 9 12 12 12 17 37 37 37 37 37 37 37 37 37 38 38 38 38 38 38 38 38 38 38 38 40 40 40 41 41 41 41 41 41 41 41 41 41
4 6 6 29 29 30 30 30 30 30 30 30 30 30 30 30 31 31 31 31 31 31 60 60 60 61 61 61 62 62 62 62 62 63 63 63 63 63 63 63 64
5 5 5 5 5 5 5 5 8 8 8 8 8 9 10 10 10 10 10 10 10 10 10 12 12 12 12 14 14 14 19 21 21 21 21 21 21 21 21 53 53
6 6 6 6 6 6 7 7 7 7 7 7 7 7 7 7 19 19 19 19 19 19 19 19 21 22 22 22 22 22 22 22 22 53 53 202 202 202 202 202 202
3 3 3 4 4 4 4 4 12 12 13 13 13 13 13 13 17 17 17 17 18 18 18 18 20 142 142 142 142 142 148 148 148 150 150 218 218 218 218 218 218
12 12 12 18 18 19 20 20 20 20 20 20 20 20 20 21 21 22 22 22 22 22 22 22 22 22 22 22 23 23 23 23 23 23 23 23 23 23 48 49 49
5 6 6 6 6 6 6 6 6 6 34 34 34 34 34 34 58 58 59 59 59 59 59 59 59 59 59 59 59 59 60 60 60 61 61 61 62 62 62 62 62
1 1 2 9 9 9 9 11 11 11 11 11 11 11 11 11 11 50 64 64 64 64 64 64 64 64 65 65 65 65 65 65 65 65 65 65 75 76 76 76 76
3 3 3 5 5 5 5 7 7 7 7 7 7 7 7 7 45 45 45 45 45 45 45 45 45 45 45 45 46 46 46 46 46 46 46 46 46 46 56 56 56
7 7 7 7 26 26 26 26 26 26 26 27 27 27 27 27 28 28 28 29 29 29 29 29 29 29 29 29 29 29 31 31 31 31 31 31 31 31 38 40 40
4 4 4 4 4 4 4 4 4 4 4 6 7 7 7 7 7 7 8 8 8 8 8 8 8 9 9 21 21 21 21 21 21 21 21 22 22 22 22 22 22
3 4 8 8 8 8 8 8 8 8 8 9 9 9 9 9 9 9 9 12 12 12 12 15 15 15 84 84 85 85 85 85 85 85 85 85 85 85 85 85 85
4 4 4 4 4 4 4 4 5 5 5 5 5 5 5 5 5 5 5 6 6 6 6 6 6 6 6 6 6 7 7 7 7 7 7 7 7 7 7 7 7
4 4 4 4 4 4 5 5 5 5 5 5 5 5 5 5 10 12 12 12 12 12 13 13 13 13 13 15 15 15 15 15 15 15 22 22 22 64 64 64 82
15 15 16 16 16 16 16 16 16 17 17 17 17 17 17 17 17 17 17 17 17 19 19 19 19 19 19 19 19 21 22 22 22 22 22 22 22 22 22 22 22
3 3 3 6 7 8 8 21 21 21 21 21 24 24 24 24 24 24 24 24 24 24 24 25 32 32 32 32 32 32 32 32 40 40 40 40 42 42 42 42 42
10 10 10 10 11 11 11 11 11 12 12 12 12 12 12 12 25 25 25 25 25 25 28 31 31 36 36 36 38 38 38 38 39 39 39 39 39 39 39 39 40
4 7 7 7 7 7 10 10 10 17 17 17 17 18 18 18 18 18 18 18 18 18 18 20 20 20 25 25 25 25 25 25 31 31 31 31 31 31 68 68 68
4 4 4 4 33 33 33 33 33 33 33 33 33 34 34 34 34 34 34 34 34 34 34 34 35 35 35 35 35 35 35 35 35 35 35 42 42 42 42 43 43
4 5 5 5 5 5 5 5 5 6 6 6 6 6 6 6 6 6 6 6 10 10 12 12 12 12 12 12 14 14 14 20 20 40 40 40 48 48 48 48 48
8 10 10 10 10 10 10 10 13 13 13 13 17 18 18 18 18 18 18 18 18 18 18 18 19 19 19 19 19 19 19 19 19 19 20 20 21 21 21 21 21
11 13 13 29 29 29 29 29 29 29 29 30 30 30 30 30 30 30 30 30 30 30 30 30 31 31 31 31 32 32 32 32 46 46 46 46 46 46 47 47 47
1 2 2 2 2 2 2 2 2 2 2 3 3 3 3 3 3 3 3 3 4 4 4 4 4 4 4 4 4 4 94 94 94 98 98 98 98 98 106 106 106
2 2 2 30 30 30 30 30 30 30 30 30 31 31 31 32 32 32 32 51 51 51 51 51 51 51 51 51 51 51 62 62 62 62 62 64 64 64 64 64 64
15 23 23 23 23 23 23 24 24 24 33 33 33 33 33 33 35 35 35 35 35 35 35 35 35 36 36 36 36 36 36 36 37 37 37 37 37 37 37 38 46
10 10 10 10 12 12 12 12 12 12 13 13 13 13 13 13 13 13 13 13 13 13 14 14 14 14 14 14 14 14 14 14 14 14 17 17 17 18 18 18 18
4 7 9 9 9 9 9 9 10 10 10 10 10 10 10 10 10 10 10 55 55 55 55 55 57 57 57 57 57 57 57 57 57 57 57 59 59 59 59 59 60
4 11 11 11 11 11 11 11 13 13 13 13 13 13 14 125 125 125 127 127 127 127 127 127 128 128 128 128 128 128 128 128 130 130 130 130 130 130 130 130 130
7 18 18 18 18 19 19 19 19 19 19 19 19 19 20 20 20 20 20 20 20 20 21 21 21 21 21 21 21 21 21 22 22 30 30 30 30 30 30 30 30
13 13 14 14 14 14 14 14 14 14 14 14 14 15 15 15 15 15 15 15 15 15 15 15 16 16 16 17 17 22 23 23 23 23 23 23 23 23 23 23 23
23 23 23 23 28 28 28 35 35 36 36 36 36 36 36 36 37 37 37 37 37 37 37 38 38 38 38 38 40 40 77 77 77 77 77 77 77 78 78 78 78
7 7 7 7 7 7 12 12 12 12 12 12 13 13 13 13 13 13 13 13 13 13 13 15 16 16 16 16 16 16 16 16 16 16 16 27 27 27 27 27 27
4 4 4 4 4 4 13 13 15 32 32 32 32 41 41 41 41 41 41 41 41 45 45 45 51 51 51 51 51 55 55 56 58 58 58 58 58 74 74 74 74
7 7 7 7 7 7 7 7 9 10 10 10 10 10 10 10 10 53 53 53 53 53 53 53 53 53 53 53 53 54 54 54 54 54 54 54 54 54 55 55 55
3 3 3 3 4 4 5 5 5 5 5 5 7 7 7 7 7 8 8 8 8 8 8 8 8 8 8 8 8 15 15 15 15 16 16 16 16 16 16 16 16
15 15 15 15 15 17 17 17 17 17 18 18 18 18 18 18 18 20 20 20 20 21 21 21 21 21 21 21 21 21 21 21 21 43 43 43 43 43 67 67 67
1 14 14 15 15 15 31 31 31 31 31 32 32 32 34 34 34 34 34 35 35 35 35 35 35 35 35 35 35 36 36 36 36 36 36 36 36 36 36 36 36
14 14 14 14 17 18 18 18 18 18 18 18 19 19 19 19 19 19 19 19 19 19 19 19 78 78 78 78 78 78 78 78 78 79 79 79 79 79 79 79 80
6 7 9 9 9 9 16 16 16 16 16 16 22 23 23 23 23 23 23 23 23 24 24 24 24 24 24 24 24 24 24 24 24 38 40 40 40 41 41 41 41
3 3 3 3 3 3 3 3 7 7 8 8 8 11 11 12 12 12 12 12 12 12 15 15 15 15 15 20 20 20 20 20 21 21 21 21 21 39 39 40 40
2 2 2 2 2 2 2 2 2 2 2 5 5 5 5 5 5 5 5 7 7 7 7 7 7 7 7 7 7 7 7 7 8 8 8 8 8 8 10 10 10
3 3 3 3 4 25 25 26 26 26 26 26 26 26 30 30 30 30 30 30 30 30 30 31 31 31 31 31 31 32 32 32 32 32 36 36 36 36 38 38 38
1 3 3 3 11 11 11 12 12 12 12 12 12 12 17 17 17 17 17 17 17 17 17 17 17 17 18 18 28 28 28 28 28 28 28 28 30 30 30 30 33
1 1 5 5 6 7 7 7 8 8 8 8 8 8 8 8 8 8 8 8 13 13 52 52 52 53 53 53 53 53 55 55 55 55 55 55 55 55 104 104 104
11 11 11 11 11 11 11 18 18 18 18 18 53 53 53 53 63 66 77 77 77 77 77 77 78 88 88 148 149 149 149 150 150 150 160 161 161 161 161 161 161
3 3 3 3 3 4 4 65 65 66 67 67 67 67 67 69 71 71 71 71 71 71 71 72 73 73 73 73 73 78 78 78 78 78 78 78 78 78 78 78 79
12 12 12 12 12 12 12 12 13 13 13 13 13 13 13 15 15 15 15 19 19 19 21 21 21 21 21 21 21 21 22 22 22 22 22 22 25 25 25 25 25
4 4 4 4 4 4 4 4 4 5 5 5 5 5 5 10 18 19 19 19 19 19 19 19 19 19 23 24 24 24 24 24 24 24 24 24 24 24 24 25 25
5 7 7 7 7 9 9 12 12 12 12 16 16 18 21 21 21 21 21 21 21 22 22 22 22 25 25 25 25 25 25 25 95 291 291 291 291 291 292 292 292
3 3 3 3 3 5 5 5 8 12 12 12 12 12 12 12 12 12 12 12 13 13 13 14 14 14 14 14 15 15 15 15 15 15 15 15 15 15 15 16 16
2 3 3 3 3 3 3 3 4 14 14 14 14 14 14 14 14 22 22 22 64 64 64 64 64 65 65 65 65 65 67 67 67 67 67 67 67 67 67 67 67
5 5 5 5 5 5 5 5 8 8 8 8 8 8 8 11 11 11 11 11 13 13 13 13 13 13 13 13 13 99 99 99 99 99 99 99 99 99 101 101 101
3 3 3 3 3 5 5 5 5 6 6 6 6 7 7 7 7 7 7 7 7 7 7 7 8 8 9 9 9 9 9 9 9 9 9 9 9 23 23 23 23
9 9 9 9 9 9 9 9 9 10 10 10 10 10 10 10 10 10 10 10 10 19 19 19 19 19 20 20 20 20 20 22 22 22 22 22 22 23 23 23 23
18 18 18 18 18 21 21 21 21 24 24 24 24 27 27 27 28 28 28 30 30 31 31 31 31 31 31 31 31 31 31 43 43 43 43 43 44 44 44 49 49
4 4 4 4 4 4 4 6 6 6 7 7 7 7 8 8 8 8 8 8 8 8 14 14 14 14 14 14 14 16 16 16 21 21 21 21 21 21 21 21 21
2 3 3 3 3 3 3 3 3 3 4 4 4 4 4 8 8 8 8 8 8 11 11 11 11 11 12 12 12 12 12 12 12 29 31 31 31 31 42 42 42
2 2 2 2 2 2 2 2 2 3 3 3 3 3 3 3 3 7 8 8 10 10 10 10 10 10 11 11 11 11 43 43 43 43 43 43 45 45 45 45 45
2 5 5 5 5 6 6 6 6 6 6 6 6 7 10 10 14 14 14 14 14 14 15 15 16 16 16 16 16 16 16 16 16 17 17 17 17 17 17 17 17
8 9 9 9 9 11 11 13 13 14 14 14 14 14 14 14 17 18 18 18 18 18 18 18 18 18 18 18 18 28 28 28 34 34 34 34 34 44 44 46 46
4 4 9 9 9 9 9 17 17 17 17 17 17 17 58 58 58 58 59 59 59 59 59 59 60 60 60 60 60 60 60 60 60 61 61 61 61 61 61 61 61
6 6 6 19 19 21 21 21 22 22 24 24 24 25 25 25 25 25 25 25 31 31 31 31 31 54 54 54 54 54 54 54 54 54 54 55 55 80 131 135 135
2 2 2 3 3 3 3 3 4 4 4 4 4 4 4 4 4 4 7 9 9 11 11 11 11 11 11 11 27 27 27 27 27 27 29 29 29 30 30 30 30
3 3 3 3 3 3 3 3 3 4 4 4 4 4 4 4 27 27 27 27 27 27 27 28 28 42 42 42 42 42 42 44 44 44 44 44 45 45 45 45 45
6 6 6 6 6 6 6 6 6 8 8 8 8 8 11 12 12 12 12 12 12 12 12 12 12 12 12 13 13 14 14 14 14 17 17 18 18 18 18 18 18
12 12 13 13 13 13 32 32 32 32 32 32 32 44 44 44 44 44 44 44 44 44 44 44 47 47 47 47 47 47 47 47 47 47 48 48 48 48 48 48 48
5 5 5 5 5 6 6 6 6 7 7 7 7 7 9 9 9 11 12 12 12 13 13 13 13 13 13 13 13 13 14 14 14 14 14 14 14 14 15 15 16
2 2 2 3 3 3 3 3 3 3 3 3 6 6 7 7 7 7 7 11 11 12 12 14 14 14 14 14 14 14 14 14 14 17 17 17 33 33 33 33 34
9 9 9 9 9 9 10 10 10 10 10 10 10 10 12 12 12 12 12 12 12 12 12 12 12 16 16 24 24 24 24 24 24 24 24 63 63 64 64 64 64
9 9 9 9 9 9 11 11 11 11 11 11 11 12 12 12 12 12 12 12 12 13 13 13 13 13 13 13 13 22 22 22 22 22 22 22 22 22 22 23 23
9 9 9 9 9 9 9 9 9 9 9 10 10 10 10 10 10 10 11 11 11 11 11 11 11 11 11 11 15 15 15 22 22 22 24 24 24 24 30 30 33
9 9 9 9 9 9 9 9 9 10 10 10 11 11 11 13 13 13 13 13 51 51 51 51 51 51 51 51 51 52 52 52 52 52 52 52 52 52 52 52 64
5 6 6 6 6 6 6 6 6 6 6 6 47 47 47 47 49 49 50 50 50 50 50 50 50 50 50 50 50 50 53 54 54 54 54 54 54 54 54 54 55
16 18 35 36 36 36 36 36 36 37 37 37 37 37 37 37 37 37 37 37 45 45 45 45 45 45 45 45 45 45 45 47 47 47 48 49 49 49 49 49 49
25 27 27 27 27 27 29 29 29 34 36 36 36 37 37 37 37 37 41 41 41 41 41 41 41 46 48 52 52 53 53 53 53 53 53 53 53 53 53 53 68
6 6 7 7 7 7 7 7 7 7 7 7 8 8 8 8 8 8 8 8 8 8 8 8 12 13 13 13 13 13 13 13 13 14 14 14 14 14 14 14 16
3 3 3 3 6 6 6 6 6 6 6 6 6 9 11 11 19 19 19 19 20 20 20 20 20 20 20 20 20 20 22 22 22 22 22 22 22 22 22 22 22
16 16 16 16 16 16 16 16 16 26 27 27 27 28 28 28 28 28 28 28 28 28 29 29 29 29 29 29 29 29 30 30 30 30 30 34 34 34 34 34 50
5 9 9 9 9 9 9 10 10 10 10 10 10 10 10 10 10 10 10 11 11 11 11 11 11 11 11 12 12 12 12 12 12 12 12 12 12 12 12 13 13
10 10 10 13 13 13 13 13 13 13 13 14 16 16 16 16 16 16 16 16 16 43 43 43 43 43 43 44 47 47 47 47 47 47 47 47 125 125 127 127 130
17 17 17 17 17 17 25 26 26 26 26 26 27 27 27 27 27 27 27 37 37 101 101 101 102 103 103 103 103 103 103 103 104 104 104 104 105 105 105 105 105
1 3 3 3 3 3 3 13 13 13 13 15 15 15 15 15 16 16 16 16 16 16 16 16 16 16 17 17 17 17 17 17 17 17 17 17 17 17 20 20 20
8 8 8 8 8 8 8 8 9 9 9 9 9 11 11 11 11 11 11 12 12 12 12 15 15 15 15 15 15 15 15 15 15 15 67 67 67 67 67 67 73
11 11 12 12 12 12 12 12 12 12 12 17 20 20 20 20 20 20 20 21 21 21 21 21 21 21 21 21 21 27 31 31 31 31 31 31 31 31 31 31 35
2 5 5 5 8 8 8 23 23 27 27 27 27 27 27 27 27 27 27 27 28 28 28 28 28 28 28 28 30 30 30 30 30 68 68 68 69 69 69 69 69
5 5 9 9 11 11 11 11 13 13 13 13 13 14 14 14 14 14 16 16 19 19 19 20 20 20 20 20 20 20 20 20 22 22 22 22 22 22 63 63 63
8 8 8 8 8 8 25 25 25 25 25 25 25 25 25 27 27 27 27 27 27 35 35 35 35 35 37 37 37 37 37 37 37 39 39 39 39 39 39 41 41
3 3 3 3 3 3 5 5 5 6 6 6 6 6 6 6 6 6 6 6 12 12 12 12 13 13 13 13 13 13 13 13 13 13 27 27 27 27 27 28 28
6 6 6 6 6 6 7 7 8 9 9 9 9 9 9 9 9 9 11 11 20 20 20 24 25 26 28 67 68 68 68 68 68 68 68 68 68 68 75 75 75
3 3 3 3 3 3 3 3 3 7 7 7 7 24 25 25 25 25 27 27 27 27 27 27 57 57 57 57 57 57 57 57 57 58 58 58 58 58 59 59 61
6 6 9 9 32 32 32 32 32 32 33 33 33 33 33 34 34 34 34 34 34 34 35 35 35 35 35 36 36 36 63 63 63 63 126 126 126 127 127 127 127
2 22 22 22 23 34 34 34 35 35 71 71 71 74 74 74 74 74 74 74 74 76 76 76 76 76 77 77 77 77 77 77 77 77 77 77 77 77 102 102 103
6 6 6 6 6 6 13 13 23 36 36 37 37 37 37 37 37 37 37 37 37 44 44 44 54 54 54 55 55 55 55 55 55 55 55 55 55 56 56 56 56
2 2 2 2 2 2 2 43 43 43 43 43 43 43 49 49 49 50 50 50 50 50 50 50 50 50 50 51 51 53 53 53 53 53 55 55 55 57 57 58 58
8 8 8 40 40 40 40 40 40 40 55 56 56 56 56 56 56 56 56 56 56 56 72 72 84 84 84 84 84 85 85 86 86 86 87 87 87 87 87 87 87
2 2 2 3 3 3 3 3 3 3 3 3 3 18 24 25 25 25 25 25 25 25 25 26 30 30 30 30 30 30 30 30 31 31 31 31 31 31 31 31 31
3 3 4 4 4 4 4 4 4 4 10 10 10 17 49 49 49 49 51 51 51 51 51 51 51 57 57 57 57 57 57 57 58 68 68 69 69 69 69 69 69
4 4 4 4 4 4 4 4 4 5 5 5 5 5 5 5 5 7 7 7 9 9 9 9 9 9 9 38 47 47 47 111 111 113 113 113 113 113 113 113 113
17 17 17 17 17 17 38 40 40 40 40 46 46 46 47 47 47 47 47 47 48 48 48 48 48 49 49 49 49 49 49 49 49 49 65 65 65 65 65 65 65
7 12 13 13 13 13 13 13 13 13 13 13 15 15 15 15 15 15 16 16 16 16 16 16 16 16 16 16 16 16 31 31 31 31 31 31 31 31 31 32 32
3 4 5 6 8 8 8 8 8 9 9 9 9 9 9 9 9 9 9 10 10 10 10 10 10 10 10 10 10 12 12 12 12 12 12 12 12 12 12 12 12
1 3 3 3 3 3 3 3 3 3 4 4 4 4 4 4 4 4 4 4 6 6 6 6 6 6 6 6 6 7 7 7 7 7 8 8 8 8 8 8 8
8 8 8 14 14 14 14 14 14 14 14 43 43 43 43 43 43 43 43 44 44 44 44 45 45 45 45 45 45 45 45 45 45 45 160 160 160 161 161 161 161
1 2 2 2 2 2 2 2 2 2 2 2 2 3 3 3 4 4 4 4 4 4 4 4 4 4 4 4 25 25 25 25 25 25 25 25 26 26 26 26 26
7 7 7 7 7 7 7 8 9 9 9 9 9 9 9 9 9 10 10 10 11 11 11 11 11 11 11 11 11 14 14 14 14 14 14 55 61 61 61 61 61
6 6 6 6 6 6 6 6 6 6 6 9 9 10 10 10 10 10 10 10 10 10 10 10 13 34 34 41 41 41 41 55 55 56 56 56 116 116 116 116 116
4 6 6 6 6 6 6 8 14 14 14 14 14 14 14 14 18 18 18 19 19 19 19 19 19 19 19 19 19 47 47 47 52 54 54 54 54 54 55 55 55
3 5 5 5 5 5 6 6 6 6 6 6 6 6 6 6 6 6 6 7 7 7 7 7 7 7 7 21 21 22 22 22 22 22 25 25 25 25 25 25 25
8 8 8 10 10 10 16 16 16 16 17 17 17 17 17 17 17 42 42 44 44 44 44 45 45 45 45 46 46 46 46 47 47 47 47 47 47 49 49 49 49
5 13 13 13 13 13 13 13 14 14 14 14 14 16 32 32 32 32 32 32 33 33 33 33 33 33 33 33 33 33 33 33 34 34 34 34 34 34 34 35 62
4 4 4 6 6 9 9 9 10 12 12 22 22 23 23 23 23 23 23 23 23 23 86 87 87 87 88 88 88 88 88 88 88 88 88 88 96 97 97 97 97
7 7 11 11 13 13 13 13 13 13 13 13 13 13 14 14 19 19 19 19 19 19 19 19 21 21 21 21 21 21 21 21 22 22 22 22 22 22 22 22 22
4 5 5 5 5 5 5 5 5 5 5 5 6 6 6 6 6 6 6 6 6 6 6 6 8 8 8 8 8 8 8 8 9 9 9 9 9 9 9 9 9
4 4 4 4 4 4 4 4 4 4 4 16 16 16 19 19 19 19 19 19 19 19 19 19 19 19 34 34 34 34 35 35 35 35 35 35 35 35 35 35 36
2 2 2 2 2 6 6 6 6 6 7 7 7 7 7 18 18 18 18 18 19 19 19 19 19 19 24 27 27 27 27 27 27 29 29 29 29 29 30 30 31
2 3 4 4 4 4 4 4 4 4 4 9 9 12 12 12 12 12 12 18 18 21 21 21 21 21 26 26 26 26 26 26 26 26 28 29 29 42 42 42 42
3 3 3 3 3 5 5 5 5 5 5 5 9 9 9 9 9 9 9 9 9 9 11 11 11 11 11 11 11 12 12 12 12 17 17 17 18 18 18 18 18
3 3 3 3 14 14 14 17 17 17 17 17 33 33 33 33 33 33 37 37 37 37 37 40 40 40 40 41 41 41 41 41 41 41 41 41 41 41 41 42 42
1 2 2 2 3 3 3 3 3 3 3 3 3 3 3 3 3 4 4 4 4 4 4 4 4 5 5 6 6 6 6 6 6 7 7 7 7 7 7 7 7
7 9 9 9 9 9 9 11 11 11 11 11 11 11 11 12 12 13 13 13 13 13 13 13 16 16 16 16 16 16 16 16 16 16 24 24 24 24 24 25 25
14 14 14 14 34 34 34 34 34 45 56 56 56 56 56 56 56 56 69 70 70 71 71 71 71 71 71 71 71 71 71 71 132 132 132 132 132 133 138 138 138
3 3 3 4 4 4 4 4 4 4 4 10 10 10 12 12 12 12 12 12 12 12 12 12 12 13 13 13 13 13 13 13 13 13 13 15 15 86 86 91 91
1 32 32 32 32 32 50 50 50 50 50 50 50 51 51 51 51 51 51 51 51 51 51 66 66 68 69 69 69 69 69 69 69 69 69 73 73 73 73 112 112
2 2 2 2 2 2 2 2 2 10 19 19 19 19 19 19 19 19 19 19 20 20 20 20 20 20 20 20 20 20 20 20 20 24 24 24 24 25 25 25 25
3 3 3 3 5 5 5 8 8 8 8 9 9 9 9 9 9 9 10 11 11 11 11 11 11 12 12 22 22 22 22 22 22 22 22 22 22 26 26 26 26
3 26 28 28 28 28 28 30 30 30 30 30 31 31 31 31 31 31 32 32 32 32 32 34 34 34 36 36 36 36 36 91 91 91 91 91 95 95 95 95 259
6 6 11 11 11 11 11 11 11 11 11 15 15 23 23 23 23 23 23 23 45 45 46 46 46 46 46 46 46 46 46 46 46 47 47 47 47 70 70 70 70
9 9 9 9 9 9 9 9 9 9 9 36 36 36 36 36 36 36 36 36 36 37 37 37 37 37 37 37 37 37 37 37 37 38 38 38 38 38 38 70 71
2 4 4 4 5 5 5 5 5 5 5 5 5 6 7 7 7 7 7 7 7 7 7 7 7 9 9 10 10 10 10 10 10 10 10 10 10 10 10 11 11
18 18 20 20 24 24 24 24 24 24 24 24 30 30 30 31 31 31 31 31 31 31 31 31 142 142 142 142 142 152 152 152 154 155 164 165 165 165 167 175 175
5 5 5 7 8 23 23 23 23 23 23 23 23 23 23 23 24 24 24 24 24 24 24 24 24 24 25 25 25 25 25 25 25 25 25 25 25 25 30 30 30
1 6 6 6 6 9 9 9 9 12 12 12 12 12 12 12 15 15 15 16 17 17 17 17 17 17 18 18 18 18 18 18 18 18 18 18 20 20 20 79 79
6 6 6 6 7 7 7 7 7 7 7 7 7 8 8 8 8 8 8 8 8 21 22 22 22 22 22 22 23 23 23 23 23 24 24 24 24 24 24 24 25
2 3 3 3 3 3 3 5 5 5 5 5 6 6 6 15 15 17 17 17 17 17 17 27 27 27 27 27 28 28 28 28 28 28 28 29 29 30 30 30 30
4 4 4 4 16 18 18 18 18 18 18 18 19 19 19 19 19 19 19 19 19 20 20 20 20 20 20 20 20 20 20 20 20 20 23 23 25 134 136 136 137
4 5 5 5 5 5 5 5 5 5 5 5 5 6 6 6 6 6 10 10 10 10 10 10 23 23 28 28 28 28 29 29 29 29 29 29 29 30 30 30 30
5 5 5 6 6 6 6 6 6 6 6 6 6 6 7 7 7 7 7 8 8 8 8 8 8 8 48 49 50 50 50 50 50 50 50 53 53 53 53 53 53
18 20 20 20 20 21 21 21 21 21 24 24 28 28 28 28 28 28 28 28 29 29 29 29 82 82 82 83 83 83 83 83 83 83 83 92 92 92 104 104 104
9 9 9 9 11 11 11 11 11 11 11 11 11 12 12 12 12 12 12 12 12 12 12 12 12 15 15 15 15 15 15 15 15 16 16 16 16 16 16 16 16
4 7 7 7 7 7 7 7 7 16 16 17 18 18 18 18 18 18 18 18 18 18 18 21 21 22 22 22 22 22 22 22 22 22 22 22 22 22 23 23 23
3 17 17 17 17 17 17 18 18 18 18 18 18 18 24 24 24 24 24 24 24 24 24 25 25 25 25 25 25 25 25 26 26 26 26 26 26 26 26 26 26
11 11 13 13 13 13 13 13 13 13 13 43 43 43 43 99 99 99 99 99 99 99 99 101 102 102 111 243 262 262 301 301 301 301 301 301 303 315 315 315 315
6 6 6 8 8 8 9 9 9 9 9 29 33 33 33 33 33 33 33 33 33 33 33 33 39 39 39 39 39 39 39 39 40 40 40 40 40 40 40 40 40
25 26 26 26 26 26 27 28 28 28 28 28 28 28 28 34 34 77 77 77 77 80 80 83 84 84 84 84 84 84 84 84 86 86 86 86 86 86 88 89 89
3 3 5 5 5 5 5 5 5 6 6 6 6 6 7 7 7 7 7 7 7 7 7 7 7 13 13 13 13 13 13 13 13 13 81 81 81 81 81 87 87
4 4 4 4 4 4 12 12 12 12 12 19 19 19 19 19 19 20 20 20 20 20 20 20 21 21 21 21 21 21 21 21 21 21 21 21 21 23 23 43 43
15 15 17 17 19 19 19 20 20 20 20 24 29 29 29 29 29 29 29 29 30 30 30 30 30 30 30 30 31 31 31 31 31 31 31 31 33 33 33 33 33
1 4 4 4 4 4 4 18 20 20 21 21 21 21 21 21 21 21 21 23 23 23 23 23 26 28 32 32 57 57 57 58 58 58 58 58 63 63 64 64 64
9 9 9 10 10 11 11 12 12 12 12 12 12 12 12 12 12 12 12 12 13 13 13 13 13 13 13 13 13 13 13 15 15 15 15 15 15 15 18 18 18
2 2 2 3 3 3 3 3 4 37 37 37 38 38 38 38 38 38 38 38 40 40 40 40 40 40 40 40 40 41 41 41 41 41 41 41 41 41 41 41 41
1 4 4 4 4 8 8 8 8 8 8 13 13 14 14 14 35 35 35 35 35 35 35 35 35 35 36 36 36 36 36 36 36 36 37 37 37 37 37 37 37
3 3 3 3 3 3 3 3 7 7 7 7 24 24 48 74 76 76 76 76 76 76 76 76 76 76 76 93 93 93 93 93 93 93 93 93 93 93 95 95 95
3 3 3 3 3 3 3 10 10 10 10 10 14 14 14 49 49 49 49 50 50 50 50 51 51 51 51 52 52 52 53 53 53 53 53 53 53 53 54 54 54
1 1 2 2 2 2 2 2 2 3 3 3 3 3 3 5 5 5 5 5 5 6 6 6 6 6 6 6 6 6 6 6 6 8 8 8 8 8 8 8 9
26 26 26 26 26 26 26 27 27 27 27 27 27 27 27 82 82 82 82 82 82 100 100 100 103 103 103 103 107 138 138 139 139 139 140 143 144 144 144 144 144
10 11 11 11 11 11 11 11 11 11 22 22 22 22 22 22 23 23 23 23 23 23 23 23 23 23 24 24 24 24 24 24 24 24 24 24 24 29 29 29 29
8 8 25 25 37 37 38 38 38 38 38 39 39 39 39 39 39 39 50 50 50 50 50 50 50 51 51 51 51 51 51 52 52 52 52 52 52 52 52 52 52
4 4 4 4 4 21 22 22 27 27 27 27 27 32 32 32 32 32 32 33 33 33 33 33 33 33 33 33 38 38 38 38 38 38 39 39 39 39 39 39 39
9 9 10 10 10 10 10 10 10 10 12 12 12 12 12 13 21 21 21 21 21 32 33 33 33 33 33 34 34 34 34 34 34 34 34 34 34 34 47 47 47
6 28 33 37 37 37 38 53 53 53 53 53 53 53 53 53 54 54 54 54 54 54 54 54 54 54 54 54 54 55 55 55 55 55 55 55 55 56 56 58 58
4 5 5 8 9 9 9 9 9 9 10 10 10 10 10 10 10 10 10 13 13 13 13 14 14 14 14 14 17 18 19 19 19 19 19 19 19 19 20 20 20
10 15 15 18 18 19 19 19 19 19 19 19 19 19 19 20 20 20 20 20 20 20 20 20 20 20 20 21 21 21 21 21 21 21 21 21 22 22 22 23 23
6 6 6 6 6 6 6 17 17 17 17 17 17 17 17 17 17 42 44 44 44 44 46 46 46 46 46 46 46 46 46 72 72 72 80 80 82 83 83 83 83
8 9 9 9 9 9 9 14 14 18 18 18 18 18 18 18 18 19 19 19 19 19 19 20 20 20 20 20 20 46 46 46 46 56 56 62 62 62 62 62 62
2 4 4 4 4 4 4 4 4 4 5 5 5 5 5 8 8 8 8 8 8 8 8 8 8 8 9 9 9 9 9 9 9 9 9 9 10 10 10 10 10
5 5 5 5 5 5 5 5 6 6 7 7 7 7 7 7 7 7 7 7 22 22 22 24 24 24 24 24 24 24 42 42 42 42 42 42 42 42 42 42 42
2 2 3 3 3 3 5 5 5 5 5 14 14 18 18 18 19 19 19 19 20 20 20 20 20 20 20 20 20 20 20 20 21 21 21 21 21 21 21 23 23
1 7 7 7 43 44 44 44 44 44 44 44 44 70 70 70 72 72 72 76 76 76 82 82 82 82 82 82 86 92 92 92 92 92 92 92 92 96 96 98 98
9 10 10 10 10 10 10 10 10 10 11 11 11 11 11 11 25 25 25 29 29 29 29 29 31 31 31 31 31 31 32 32 32 32 32 32 33 33 33 33 34
7 7 7 7 7 7 7 7 23 27 27 27 27 27 32 32 32 33 33 33 33 33 33 33 33 33 33 33 67 123 123 123 123 123 123 123 123 124 124 124 124
9 9 10 12 12 12 12 12 12 15 15 42 42 42 42 42 42 42 42 42 45 46 46 46 46 46 46 46 46 46 46 46 46 59 59 59 64 64 64 64 66
4 5 6 6 6 6 6 6 6 6 6 6 6 7 7 7 7 7 9 10 14 14 14 14 16 16 16 16 16 16 16 16 16 22 22 22 22 22 22 22 22
3 3 3 3 3 3 5 5 5 5 5 5 5 5 6 6 6 6 6 6 6 6 6 6 9 9 9 9 9 9 9 9 12 19 19 19 19 19 38 85 92
10 10 10 12 12 12 12 12 12 12 15 15 30 30 30 30 30 30 30 30 30 32 32 33 33 33 33 36 36 36 36 36 36 37 38 38 38 38 38 45 45
12 12 12 12 12 12 12 12 12 13 13 13 13 13 13 13 13 17 17 17 17 17 17 17 17 17 26 26 26 26 29 29 29 29 29 29 31 31 31 31 31
3 3 11 11 11 11 11 11 11 11 12 12 12 12 12 12 12 12 12 12 36 36 36 36 36 36 38 38 38 38 38 38 38 39 39 42 42 42 42 44 44
6 6 6 6 7 7 7 7 7 7 7 7 7 7 9 9 9 9 9 9 9 16 17 17 17 17 17 17 17 17 17 17 17 18 18 18 18 18 18 18 19
5 5 6 6 6 6 6 6 6 6 6 6 8 8 8 8 8 8 15 22 72 72 72 72 72 72 74 74 74 74 74 74 74 74 74 74 75 75 75 75 75
2 2 2 2 2 2 2 2 2 4 4 4 4 5 5 5 10 10 10 10 10 10 11 11 11 11 11 11 11 11 11 12 12 12 12 12 12 12 12 13 14
2 2 3 3 3 8 8 8 37 37 38 38 38 38 38 38 40 40 40 40 40 55 55 57 57 57 57 57 57 57 57 57 57 58 58 58 58 58 58 58 58
4 5 5 5 5 5 5 5 5 6 6 6 27 27 27 28 28 28 28 29 29 61 61 61 61 61 80 85 85 85 111 111 111 111 111 111 128 128 129 129 135
4 4 4 6 6 14 14 14 14 14 14 14 14 15 15 36 36 36 36 41 41 41 41 41 41 43 43 43 43 44 45 45 45 45 45 46 46 46 46 46 46
8 10 10 10 10 12 12 15 15 15 17 17 17 17 18 18 18 18 18 18 18 18 18 18 18 19 19 19 19 19 19 19 19 19 19 19 34 35 35 35 35
1 4 4 4 4 7 23 23 23 23 23 23 24 24 24 24 24 24 24 24 24 24 24 24 47 47 47 47 47 47 47 47 47 47 47 47 49 49 49 49 49
10 18 18 18 18 18 18 18 18 18 25 25 25 25 25 25 25 25 25 25 28 28 28 28 30 73 74 74 74 74 74 74 74 74 103 103 103 103 106 106 106
19 19 23 23 27 27 27 27 27 27 27 27 29 29 29 30 30 30 30 30 30 30 30 30 32 32 32 32 33 33 33 33 33 34 34 34 34 34 35 35 35
3 7 7 18 19 19 19 19 19 19 19 20 20 20 20 21 21 21 21 21 24 24 24 24 30 30 30 30 30 35 35 35 35 35 35 35 65 86 87 87 100
7 7 20 20 20 21 21 21 21 21 22 22 22 22 25 25 27 27 27 29 29 29 29 29 30 30 30 30 30 31 31 31 31 31 31 31 31 31 31 33 33
26 26 26 26 26 26 26 26 26 37 37 37 37 37 58 58 63 63 63 63 63 63 63 63 63 63 65 65 66 66 66 66 66 66 66 66 66 66 66 66 68
16 17 17 17 17 17 17 17 17 17 17 17 18 18 18 18 18 18 18 18 20 20 20 20 20 20 20 21 21 21 21 21 21 21 21 23 23 23 23 91 92
15 15 15 15 15 15 15 15 15 15 15 15 17 17 17 17 17 17 17 17 17 17 17 18 18 18 18 18 18 18 18 18 18 18 18 18 36 36 36 37 37
3 3 9 9 9 9 9 9 12 12 12 12 12 12 24 24 26 26 26 26 26 26 71 80 80 83 83 83 83 83 83 83 83 84 84 85 85 85 85 85 85
3 3 3 3 3 7 7 7 7 7 8 8 8 8 8 8 8 8 8 8 9 9 9 9 9 9 9 9 9 9 40 40 40 40 40 40 40 44 44 44 44
12 12 13 13 13 13 13 13 13 13 14 14 14 14 14 14 14 14 15 15 15 15 15 15 15 15 15 15 15 15 16 16 16 17 17 17 17 17 17 17 17
10 10 10 15 20 20 20 20 20 20 20 20 49 49 51 51 51 51 51 51 51 51 51 52 52 52 52 52 52 76 76 76 76 76 76 76 126 126 126 126 126
8 8 8 8 8 8 8 9 9 9 9 10 10 10 10 10 10 10 10 10 10 38 38 38 41 41 41 41 41 41 41 41 43 43 43 43 43 43 43 43 43
7 8 8 8 8 8 8 8 9 9 9 9 9 10 10 10 10 11 11 11 11 11 11 11 11 12 12 12 12 13 13 13 13 13 15 15 15 15 15 15 18
3 3 4 4 4 4 4 4 5 5 5 5 5 5 5 8 8 12 12 12 12 12 12 24 24 25 40 42 42 42 42 44 44 44 44 44 45 46 46 46 46
5 5 5 5 5 5 5 6 6 6 6 6 6 6 6 8 8 8 8 8 8 8 8 13 13 13 13 13 13 27 27 27 27 27 27 32 32 32 32 32 32
2 2 2 2 2 2 2 2 3 3 3 12 19 19 19 20 20 20 21 21 21 21 21 21 28 28 32 32 32 32 32 32 32 34 34 35 35 35 35 35 35
7 7 7 7 7 8 8 8 8 8 8 8 8 8 8 8 8 9 9 9 9 9 9 9 9 9 9 9 9 12 18 51 51 51 51 51 51 51 51 51 51
1 2 3 3 3 3 3 3 3 3 13 13 13 13 13 13 13 13 14 14 14 14 14 14 14 14 15 15 15 15 15 15 17 17 19 19 19 19 19 19 19
6 6 6 31 31 31 31 31 31 31 31 36 36 36 45 45 47 47 47 50 50 50 50 50 50 50 53 53 53 53 53 53 53 54 54 54 54 54 54 54 54
5 6 6 6 6 6 6 6 6 7 7 7 7 7 7 7 7 7 7 7 37 37 37 37 37 37 37 38 38 42 50 50 50 50 50 51 51 51 51 51 51
8 9 9 9 9 9 9 9 11 11 11 11 11 12 12 12 12 12 12 12 13 13 13 13 13 13 13 13 13 13 13 13 13 14 14 14 14 16 16 16 16
11 11 12 12 12 12 17 17 18 18 18 18 18 18 23 28 29 29 29 29 29 29 33 33 33 33 33 33 33 33 33 34 34 34 34 34 34 34 34 34 34
2 2 2 2 2 2 2 3 3 9 9 10 11 12 12 12 12 12 12 15 19 19 19 19 19 51 51 51 56 56 56 56 57 57 57 57 57 57 57 57 57
32 32 33 33 33 33 33 33 33 33 33 33 33 46 48 48 52 52 52 52 53 53 53 53 53 54 54 54 54 69 69 77 77 77 77 78 78 78 78 78 78
3 3 3 3 3 6 6 6 8 8 8 8 8 8 32 32 32 32 32 32 33 39 39 39 39 41 43 43 43 43 45 45 46 122 122 124 124 124 125 125 125
6 6 6 6 6 8 8 8 8 8 8 8 8 8 26 26 30 30 30 30 30 30 30 30 30 32 32 32 32 32 32 32 32 33 33 33 33 33 33 33 33
6 20 20 20 21 22 22 22 22 22 22 22 22 22 22 22 39 42 42 42 42 42 42 42 42 42 43 43 43 43 43 43 43 43 43 43 43 44 44 51 51
4 4 4 9 9 10 10 10 10 11 11 11 15 15 15 15 15 16 16 16 16 16 45 45 45 45 45 47 47 47 47 47 47 51 51 51 51 51 51 51 52
7 7 7 7 7 7 19 19 19 19 30 51 75 75 75 75 80 80 80 80 80 80 80 80 80 80 83 84 84 84 84 84 84 84 84 84 84 85 85 85 85
2 26 26 33 34 34 34 34 34 34 34 34 34 34 62 67 69 71 71 71 71 71 103 103 121 121 124 124 124 125 125 125 125 125 125 125 125 125 127 128 128
11 12 12 12 12 12 12 12 12 12 12 12 12 13 13 13 13 13 13 13 13 18 18 18 18 18 18 18 18 18 18 19 19 19 19 19 19 19 19 19 19
2 2 3 3 3 3 3 3 3 3 4 6 6 6 6 6 6 40 40 40 40 40 40 40 40 40 40 41 42 42 42 42 42 42 42 42 42 42 42 43 43
25 27 27 27 30 41 41 41 41 41 57 67 67 67 67 67 67 67 67 68 68 68 68 68 68 68 68 68 72 72 72 76 76 76 76 76 76 76 76 76 77
11 13 13 13 13 13 13 13 13 13 14 14 14 14 14 14 14 14 14 14 14 14 15 15 17 17 17 17 18 18 18 18 18 18 18 18 18 18 18 19 19
5 5 5 5 6 6 6 6 23 23 23 23 23 23 24 24 24 24 24 24 24 24 24 32 32 32 32 32 97 106 106 106 160 160 163 163 163 164 164 164 164
3 3 3 3 31 31 31 31 32 33 35 35 35 35 35 35 41 41 41 41 42 42 42 42 42 42 42 42 42 44 44 44 44 98 98 102 102 102 102 102 102
10 10 10 10 10 30 31 31 31 31 31 31 31 31 74 76 76 77 77 77 77 77 77 77 77 77 77 78 78 78 78 78 78 78 78 78 78 78 78 170 170
21 23 23 23 23 35 35 35 35 43 43 43 69 69 69 70 70 70 70 70 70 70 70 70 70 70 72 72 74 74 74 74 74 74 74 74 74 74 74 75 75
1 8 8 8 8 8 8 9 9 9 9 9 9 9 9 9 9 10 10 10 10 10 10 10 10 10 10 10 10 23 23 25 25 28 28 28 28 29 29 29 29
17 17 17 17 17 17 17 17 17 17 17 35 35 35 35 35 35 36 36 36 36 36 36 50 50 50 50 50 50 50 50 50 53 53 53 53 53 53 53 53 53
10 11 11 11 11 11 11 12 12 13 13 13 14 14 14 14 14 14 14 14 14 14 14 14 14 15 15 15 15 15 15 15 15 16 16 16 16 16 16 16 16
2 2 2 2 2 3 3 3 3 3 3 3 4 4 4 4 4 4 9 9 9 9 9 9 10 20 20 20 21 21 21 21 21 21 21 21 21 22 22 22 22
3 5 5 5 5 5 5 27 29 29 29 29 29 29 29 30 30 30 30 30 30 30 30 30 31 31 31 31 31 31 31 31 31 31 31 31 32 32 32 37 37
10 10 10 10 10 10 10 10 10 52 54 54 54 54 54 57 57 57 57 57 64 64 64 64 64 64 70 74 74 74 74 99 99 99 99 99 108 108 108 108 109
3 3 14 15 16 16 33 33 33 33 33 33 33 33 35 35 35 35 35 35 36 36 36 36 36 36 36 36 36 36 36 38 38 38 38 38 101 101 101 101 101
1 1 16 16 16 16 16 16 16 16 25 25 25 29 29 29 30 30 30 30 30 30 30 30 30 30 30 30 32 32 32 32 32 32 32 33 56 56 56 56 56
3 3 3 3 3 3 4 4 7 7 7 7 7 7 7 7 7 8 8 8 8 8 8 8 8 8 8 10 10 10 10 10 11 11 11 11 11 11 11 11 12
1 1 15 15 20 20 20 20 20 20 29 29 46 46 47 47 47 47 47 47 47 47 48 48 48 48 48 48 48 48 48 48 48 48 49 49 49 49 50 50 50
6 6 6 6 6 6 6 6 6 6 6 6 10 10 10 10 10 10 10 10 15 15 15 15 15 15 15 37 37 37 37 37 37 37 37 37 37 52 52 52 55
12 29 30 30 41 41 42 42 43 43 43 43 43 44 44 44 44 44 44 44 44 44 46 46 46 46 46 46 46 46 46 51 51 51 51 51 52 53 53 53 53
5 5 5 6 6 6 6 6 6 6 6 6 6 7 7 7 7 7 7 37 37 37 37 37 92 92 92 92 92 92 92 92 92 94 95 95 95 95 95 95 96
9 10 10 10 10 10 10 10 11 11 11 11 11 11 43 43 43 43 43 44 44 44 44 45 45 45 45 46 46 46 48 48 48 48 48 48 49 49 49 49 49
3 3 3 3 3 3 3 3 3 4 41 41 41 41 41 41 43 44 44 44 44 44 44 44 44 44 44 44 45 45 45 45 45 45 45 45 45 45 45 45 45
9 9 9 9 10 10 10 10 10 10 10 10 26 26 26 26 26 26 26 26 27 27 27 27 27 27 27 27 27 27 28 28 28 28 28 73 73 73 73 73 73
3 4 4 4 4 4 4 5 6 6 6 6 6 6 6 6 6 6 6 7 7 7 7 8 30 30 30 30 30 30 34 34 37 37 37 37 38 38 40 40 40
4 4 4 4 4 4 4 4 5 5 5 5 5 5 8 8 8 9 9 9 9 9 9 30 30 30 30 30 30 30 31 33 33 33 33 33 33 40 40 40 40
1 2 2 2 2 2 2 9 9 9 9 9 9 10 13 13 13 13 13 13 13 13 13 58 102 102 105 105 105 107 107 107 107 109 109 109 110 110 110 110 110
11 11 11 11 12 12 13 14 14 14 14 14 14 14 14 14 16 16 16 16 16 16 16 17 17 17 17 17 17 17 17 17 17 17 17 17 18 18 18 18 18
1 2 2 2 2 2 2 41 41 41 41 41 65 85 95 95 95 95 95 95 95 95 95 96 96 96 96 96 96 96 96 96 96 96 96 98 101 101 101 101 101
5 5 5 5 7 24 24 24 24 24 24 24 24 24 27 27 27 27 27 27 27 27 27 29 29 29 29 29 29 29 29 53 54 54 54 54 54 54 54 54 54
5 5 5 5 5 5 5 5 5 8 8 8 8 8 8 8 27 27 27 28 28 28 28 28 28 28 28 29 29 29 29 29 30 30 30 30 30 30 30 30 30
7 7 7 7 8 8 8 8 8 8 8 8 8 8 15 15 24 25 25 25 25 25 25 25 25 25 28 28 28 28 28 28 28 28 31 34 34 34 35 35 35
6 6 6 6 6 6 6 6 15 15 26 27 27 27 27 27 27 27 28 28 28 28 28 28 28 28 28 28 28 28 29 29 29 29 29 29 29 29 29 29 29
6 6 6 6 24 24 24 24 31 31 32 32 32 32 34 34 34 34 34 34 34 35 35 35 35 35 35 35 35 35 58 58 76 76 76 76 76 76 76 76 76
18 18 18 18 18 18 18 20 20 20 20 21 21 49 49 49 49 49 49 49 49 50 50 50 50 50 50 50 50 50 51 51 51 51 51 54 54 54 54 54 54
4 4 4 4 4 4 4 4 4 4 6 6 6 7 7 7 7 7 9 9 9 9 10 10 10 10 75 75 75 75 75 77 77 77 77 77 77 77 78 78 78
2 2 2 4 4 4 4 4 20 26 27 27 27 27 27 27 37 98 98 98 98 98 98 98 98 119 119 119 161 161 161 161 161 162 162 162 162 162 163 163 164
13 13 13 13 13 13 13 13 15 15 16 16 16 16 16 16 16 16 16 16 16 65 66 66 66 119 164 164 164 164 179 179 179 180 180 180 180 180 180 180 181
2 2 2 2 3 3 3 3 3 3 5 6 6 6 6 6 6 6 6 6 6 6 28 28 28 28 28 29 29 29 29 29 29 29 29 29 29 36 36 36 37
2 3 3 3 3 3 3 3 3 3 3 3 6 6 8 8 8 8 10 10 10 10 11 11 12 12 12 12 12 12 12 12 13 13 13 14 14 14 14 15 15
5 5 5 5 5 5 5 5 5 5 5 6 6 6 6 6 6 6 6 6 6 6 42 42 42 42 42 43 43 43 43 43 43 43 43 43 43 43 44 45 45
9 9 9 9 9 9 9 22 22 22 22 22 23 24 25 25 25 25 25 25 25 25 25 25 26 26 26 26 26 27 27 27 27 27 27 27 27 27 27 80 80
1 1 2 2 2 4 5 5 5 5 6 6 9 9 9 9 9 9 106 106 106 106 106 106 106 108 108 108 108 108 108 109 109 109 109 109 109 109 109 109 109
22 25 25 25 25 26 26 26 26 26 26 26 26 26 26 26 26 28 29 29 29 29 29 29 29 30 30 30 30 30 30 30 30 30 32 32 33 33 33 33 33
7 8 8 10 10 10 10 10 10 10 10 30 30 31 31 31 31 31 31 56 56 56 56 56 56 58 58 58 58 58 58 59 59 59 59 59 59 59 59 140 180
4 4 4 4 4 5 5 5 5 5 5 5 9 9 9 9 9 9 9 16 16 16 16 16 16 26 26 26 26 27 27 27 27 43 43 43 45 45 45 45 46
2 16 16 19 19 19 19 20 20 20 23 23 23 23 23 23 24 30 31 31 31 31 31 31 31 31 31 34 34 34 36 36 36 36 36 36 36 36 36 37 37
5 6 7 7 7 7 7 7 7 7 7 8 8 8 8 8 8 9 9 9 9 9 9 9 9 9 9 11 11 11 11 11 11 11 11 11 11 11 11 11 13
3 3 6 6 6 7 7 7 7 7 7 7 7 8 8 87 87 88 88 88 88 88 88 88 88 88 88 88 91 91 91 91 91 91 92 92 92 92 92 92 92
3 3 3 3 3 3 4 4 4 4 4 5 5 5 5 5 5 5 5 5 5 5 7 9 9 9 9 9 12 13 13 13 13 13 13 13 13 13 13 13 13
4 21 21 22 22 22 22 22 22 22 22 22 22 23 23 23 23 24 24 24 24 24 24 24 24 24 24 24 24 25 25 25 25 25 25 25 25 25 25 65 65
4 4 9 26 26 26 28 28 28 29 29 29 29 29 29 29 33 33 33 33 33 33 33 33 33 34 34 34 34 34 34 34 34 34 34 34 34 48 48 48 48
17 17 17 17 17 17 17 17 17 17 17 18 18 21 22 22 22 22 22 22 22 22 22 34 34 34 34 34 34 34 34 34 34 37 38 38 38 38 38 38 38
2 7 7 7 7 7 7 7 7 7 12 13 13 13 13 13 13 13 13 26 28 28 28 28 29 29 29 81 82 127 127 127 128 128 128 128 128 128 128 128 128
8 8 8 8 8 8 8 9 9 9 9 9 9 9 9 9 10 10 10 10 10 10 10 10 10 10 10 10 16 16 16 16 16 16 16 16 16 16 17 17 17
3 3 3 3 3 3 3 3 3 3 5 5 5 5 5 5 5 5 10 10 10 10 10 10 10 10 10 10 33 34 34 34 34 34 34 34 43 44 44 52 52
15 15 15 15 15 15 15 15 18 18 18 18 20 20 22 22 22 22 22 22 22 40 40 40 40 43 43 43 43 43 43 46 71 72 72 72 74 74 82 82 82
4 4 4 4 4 4 8 33 33 33 33 33 33 33 33 35 35 35 35 35 35 35 35 35 35 37 37 37 37 37 37 38 38 38 38 38 38 38 38 38 38
5 5 5 5 7 7 7 7 7 7 9 9 9 9 9 9 9 9 9 15 15 15 15 15 15 15 15 16 16 16 16 16 16 16 16 16 16 16 18 18 18
7 7 9 9 9 9 9 9 9 10 10 10 10 10 62 62 62 62 67 67 67 77 77 77 77 92 92 92 92 92 92 93 93 93 93 93 96 96 96 96 96
3 3 3 3 3 3 3 3 19 19 44 44 44 45 47 47 47 47 47 47 47 48 48 48 48 48 48 48 48 48 48 48 48 48 56 56 63 63 63 63 63
7 7 7 7 7 7 7 7 17 17 26 26 26 27 27 27 27 27 27 27 27 28 28 28 28 28 28 28 28 28 28 28 30 30 30 30 30 30 30 30 33
3 4 14 14 14 14 14 14 15 15 15 15 15 15 15 15 15 15 16 17 17 17 17 17 17 17 17 17 57 57 57 57 57 57 57 57 57 57 57 58 58
7 7 7 7 7 7 7 7 7 8 8 8 12 12 12 12 12 12 12 12 12 12 12 13 13 13 13 13 13 15 17 17 17 18 18 18 18 18 18 18 18
12 12 12 12 12 12 12 12 12 12 12 13 13 13 13 13 13 13 13 13 13 13 13 14 14 14 14 14 14 14 14 14 14 14 14 14 33 33 33 60 60
5 5 5 7 7 7 14 14 14 14 14 14 14 14 14 14 14 14 15 15 15 15 16 16 16 16 16 16 17 17 17 17 17 17 19 19 19 19 19 19 71
2 2 2 3 3 3 3 3 3 3 3 14 14 14 14 14 14 15 15 15 15 27 27 27 28 28 28 28 28 28 28 29 29 29 29 29 29 29 29 29 29
5 5 8 8 8 12 12 12 13 15 15 15 15 15 16 16 16 17 17 17 17 17 17 17 28 28 28 28 28 28 28 31 34 34 34 34 34 34 34 34 34
13 21 21 21 21 21 21 25 25 26 26 26 26 26 26 26 26 26 26 29 29 29 29 29 29 29 29 29 30 30 30 30 30 30 30 30 30 30 30 30 30
11 11 11 11 11 11 11 11 11 11 11 13 13 13 13 13 13 13 13 13 13 13 14 14 14 14 14 14 14 14 14 14 14 14 105 105 110 110 110 110 110
7 12 12 12 12 12 12 12 12 12 12 12 17 17 17 20 20 20 20 54 54 54 55 55 55 55 55 55 55 55 55 55 55 75 75 75 75 76 76 76 76
9 9 11 11 11 11 11 11 12 12 12 12 12 12 12 12 12 13 13 13 13 13 13 13 37 37 37 37 37 37 37 37 37 37 43 43 43 43 43 45 45
7 7 7 7 8 8 8 8 8 18 18 18 18 18 18 18 18 18 18 29 29 29 37 43 46 46 48 48 48 48 48 48 49 49 49 49 49 49 49 49 50
4 4 4 4 4 4 4 4 4 5 5 5 5 5 5 5 5 5 5 5 5 6 6 6 6 7 7 7 7 7 7 7 7 8 8 8 8 8 8 12 12
6 16 16 16 17 17 17 17 17 17 17 17 17 17 17 19 19 19 19 19 20 20 20 20 20 20 20 20 20 20 20 21 21 21 21 22 22 22 22 25 25
10 10 10 10 10 12 12 12 12 12 12 12 32 32 32 32 33 33 33 33 33 33 33 33 39 39 39 39 40 40 40 40 40 40 40 41 41 41 41 46 46
2 2 14 15 15 15 15 15 15 15 15 15 15 15 17 17 17 17 22 22 22 22 22 24 24 24 40 40 42 42 42 42 43 43 43 43 43 43 43 43 43
1 2 2 3 3 3 3 3 3 3 3 3 3 3 3 21 21 21 21 21 21 21 21 21 21 21 21 29 29 29 36 36 36 36 36 36 36 36 36 38 38
12 12 12 12 12 12 12 12 12 13 13 15 15 15 15 15 16 16 16 17 17 17 17 17 17 17 17 18 18 18 18 18 18 18 21 21 21 21 21 21 21
7 7 7 7 7 7 13 13 13 13 13 13 13 13 13 27 27 27 27 27 28 28 28 28 28 28 28 28 28 28 28 29 29 29 29 29 29 29 29 29 31
6 6 6 6 6 7 7 7 7 7 7 7 7 7 7 68 68 68 68 68 68 68 68 69 73 81 83 83 83 85 85 166 168 168 168 168 168 168 168 170 170
3 3 3 5 5 5 5 8 9 9 9 9 9 9 9 9 9 9 9 9 38 38 38 38 38 38 39 39 39 39 39 39 39 39 39 39 39 40 40 40 40
3 3 3 3 5 5 5 5 5 5 5 6 6 6 101 101 101 102 102 102 102 102 102 103 103 103 103 156 157 157 157 157 157 158 158 158 158 158 158 158 159
1 2 2 2 3 3 3 3 4 4 27 27 27 27 27 27 28 28 29 29 32 76 76 76 78 78 78 78 78 198 198 198 198 198 198 198 198 198 198 198 198
13 13 13 13 13 13 13 13 13 16 21 21 23 23 23 23 23 23 27 27 27 27 27 28 28 28 28 29 29 30 30 30 30 30 30 30 30 30 30 54 54
5 5 5 5 5 5 6 6 6 6 6 6 6 6 7 7 7 7 7 7 7 7 7 7 8 8 8 8 8 8 8 9 9 9 11 11 11 11 11 11 18
2 2 2 2 2 23 41 41 41 42 42 42 42 42 42 42 42 42 42 43 43 43 43 43 43 43 44 44 44 44 44 44 44 44 44 44 44 44 47 47 47
4 4 4 5 5 5 5 5 5 6 6 6 6 6 6 7 7 7 7 7 7 7 7 7 7 7 9 15 15 15 17 17 17 17 17 17 17 18 18 18 18
9 10 10 10 10 10 10 10 10 10 10 10 10 11 11 11 11 11 11 11 11 11 11 11 11 11 12 12 12 12 12 12 12 12 12 12 13 13 13 13 13
7 7 7 7 7 7 7 8 8 8 8 8 8 8 8 8 8 17 19 19 19 19 19 19 19 21 21 21 21 21 21 21 21 21 52 52 52 52 52 52 53
4 5 21 23 23 23 23 23 24 24 24 25 25 25 25 25 25 25 25 25 25 25 25 26 26 26 26 26 26 26 26 28 47 47 47 47 95 95 95 96 96
4 4 4 4 4 4 4 4 4 4 5 5 5 5 5 5 5 6 6 6 6 6 6 6 6 6 6 6 6 7 7 7 17 39 39 39 40 40 40 40 40
4 4 4 4 4 4 5 5 5 5 5 16 16 16 16 16 16 16 16 16 16 16 18 18 18 19 19 19 19 19 21 21 21 24 24 24 24 24 25 25 26
8 9 9 9 9 9 9 9 9 9 9 9 35 35 35 35 35 40 43 43 43 43 43 43 44 44 44 44 44 44 44 44 44 44 46 46 47 47 47 47 47
6 6 7 7 7 7 7 8 8 8 8 8 8 8 8 8 8 11 11 11 13 13 17 17 17 17 17 17 48 48 82 82 82 82 82 82 82 82 82 86 86
10 10 10 10 10 10 10 10 10 10 10 11 11 11 13 13 13 13 13 13 13 13 42 42 42 42 44 44 45 45 45 45 45 46 46 46 46 46 46 46 46
10 10 10 14 14 14 14 14 16 16 16 18 19 20 20 20 20 33 33 33 33 35 35 35 68 68 68 68 68 199 199 199 199 202 203 203 203 203 203 203 203
7 7 7 7 7 7 7 10 10 10 10 11 11 11 11 11 11 11 12 12 34 34 34 34 34 35 35 35 73 73 73 73 73 73 73 73 74 74 74 74 74
3 3 3 3 3 19 19 19 19 19 19 19 19 19 32 33 33 33 33 34 38 38 83 83 83 83 84 86 86 86 86 86 86 86 87 87 87 87 87 87 87
4 4 4 4 5 5 5 5 5 5 5 5 7 7 7 7 9 9 9 9 9 12 12 12 12 12 12 12 12 12 14 14 14 14 14 15 15 15 15 24 24
3 3 3 4 4 4 4 4 4 4 4 4 4 4 5 5 5 5 5 5 7 9 9 9 10 10 10 11 11 11 11 11 20 20 20 20 20 20 20 21 21
12 12 12 13 13 13 13 13 13 13 13 13 25 25 25 25 59 59 59 63 63 64 64 64 64 64 64 64 64 64 64 64 65 65 65 66 66 66 66 68 68
15 15 15 15 32 32 32 32 32 33 33 33 33 33 33 33 33 33 33 33 34 34 34 34 167 167 167 167 167 167 167 167 169 179 179 179 179 180 181 182 182
8 8 8 8 8 8 8 9 9 9 9 9 9 9 9 23 58 58 58 58 61 61 61 61 61 61 61 61 61 62 62 62 62 62 62 62 63 63 63 63 63
5 5 5 12 12 12 12 12 12 12 12 12 14 14 14 14 14 14 14 14 14 14 14 14 42 42 42 42 42 42 49 49 49 49 50 50 50 50 50 50 50
