76 6
Inf 6
Inf 6
95 6
56 6
1 6
25 6
39 6
Inf 6
Inf 6
1 6
52 6
76 6
58 6
100 6
72 6
45 6
64 6
91 6
247 6
147 6
88 6
24 6
34 6
97 6
Inf 6
93 6
Inf 6
Inf 6
126 6
14 6
116 6
87 6
Inf 6
Inf 6
Inf 6
Inf 6
Inf 6
43 6
152 6
62 6
170 6
63 6
Inf 6
87 6
53 6
Inf 6
70 6
Inf 6
66 6
Inf 6
Inf 6
Inf 6
Inf 6
114 6
92 6
96 6
48 6
Inf 6
153 6
125 6
Inf 6
Inf 6
148 6
62 6
Inf 6
104 6
100 6
252 6
267 6
Inf 6
25 6
65 6
153 6
66 6
99 6
Inf 6
24 6
113 6
116 6
Inf 6
229 6
1 6
Inf 6
Inf 6
Inf 6
Inf 6
Inf 6
Inf 6
9 6
88 6
Inf 6
217 6
40 6
89 6
296 6
94 6
Inf 6
5 6
75 6
79 6
49 6
143 6
73 6
Inf 6
Inf 6
43 6
71 6
Inf 6
99 6
170 6
69 6
120 6
102 6
96 6
38 6
Inf 6
113 6
25 6
47 6
99 6
127 6
Inf 6
234 6
21 6
50 6
144 6
75 6
102 6
Inf 6
98 6
128 6
80 6
106 6
Inf 6
Inf 6
31 6
97 6
Inf 6
41 6
Inf 6
51 6
269 6
209 6
37 6
Inf 6
Inf 6
296 6
122 6
68 6
Inf 6
Inf 6
Inf 6
112 6
Inf 6
97 6
106 6
42 6
Inf 6
Inf 6
Inf 6
Inf 6
86 6
155 6
Inf 6
1 6
Inf 6
160 6
Inf 6
85 6
125 6
117 6
Inf 6
137 6
48 6
61 6
215 6
167 6
Inf 6
60 6
80 6
12 6
54 6
56 6
Inf 6
30 6
Inf 6
86 6
49 6
Inf 6
47 6
89 6
13 6
130 6
48 6
86 6
59 6
Inf 6
Inf 6
81 6
Inf 6
92 6
14 6
52 6
85 6
57 6
129 6
43 6
130 6
2 6
Inf 6
176 6
Inf 6
295 6
Inf 6
72 6
Inf 6
85 6
119 6
95 6
118 6
83 6
88 6
Inf 6
84 6
162 6
Inf 6
Inf 6
Inf 6
112 6
Inf 6
83 6
58 6
105 6
103 6
88 6
232 6
Inf 6
136 6
Inf 6
Inf 6
275 6
Inf 6
Inf 6
94 6
103 6
42 6
78 6
Inf 6
53 6
73 6
144 6
99 6
Inf 6
Inf 6
128 6
138 6
Inf 6
18 6
Inf 6
91 6
185 6
Inf 6
85 6
Inf 6
58 6
108 6
Inf 6
48 6
1 6
67 6
50 6
86 6
28 6
Inf 6
106 6
Inf 6
199 6
61 6
62 6
58 6
55 6
Inf 6
Inf 6
198 6
145 6
103 6
Inf 6
77 6
50 6
58 6
43 6
46 6
92 6
56 6
37 6
41 6
72 6
95 6
15 6
279 6
63 6
52 6
148 6
53 6
37 6
Inf 6
64 6
280 6
57 6
294 6
133 6
77 6
61 6
159 6
Inf 6
Inf 6
Inf 6
100 6
53 6
93 6
Inf 6
59 6
249 6
29 6
212 6
107 6
134 6
Inf 6
45 6
79 6
26 6
60 6
Inf 6
32 6
104 6
Inf 6
254 6
13 6
1 6
256 6
17 6
42 6
108 6
44 6
98 6
101 6
49 6
Inf 6
100 6
Inf 6
3 6
Inf 6
124 6
58 6
118 6
51 6
Inf 6
Inf 6
65 6
Inf 6
69 6
102 6
54 6
123 6
53 6
99 6
269 6
68 6
27 6
101 6
106 6
Inf 6
81 6
Inf 6
Inf 6
Inf 6
Inf 6
Inf 6
Inf 6
223 6
73 6
70 6
111 6
78 6
64 6
Inf 6
73 6
Inf 6
29 6
84 6
126 6
27 6
Inf 6
23 6
148 6
290 6
81 6
112 6
83 6
71 6
48 6
Inf 6
25 6
1 6
187 6
87 6
Inf 6
41 6
67 6
Inf 6
225 6
Inf 6
31 6
64 6
289 6
3 6
39 6
137 6
Inf 6
Inf 6
133 6
4 6
43 6
54 6
43 6
64 6
Inf 6
17 6
62 6
Inf 6
Inf 6
67 6
257 6
60 6
Inf 6
Inf 6
195 6
60 6
143 6
102 6
36 6
117 6
129 6
63 6
Inf 6
3 6
Inf 6
8 6
Inf 6
Inf 6
12 6
123 6
Inf 6
49 6
52 6
84 6
Inf 6
Inf 6
178 6
67 6
Inf 6
2 6
99 6
108 6
91 6
74 6
44 6
28 6
150 6
Inf 6
60 6
143 6
90 6
Inf 6
144 6
Inf 6
62 6
104 6
62 6
10 6
290 6
52 6
43 6
Inf 6
62 6
84 6
58 6
Inf 6
15 6
43 6
34 6
68 6
Inf 6
114 6
Inf 6
103 6
79 6
122 6
Inf 6
Inf 6
95 6
70 6
Inf 6
202 6
80 6
Inf 6
95 6
56 6
70 6
256 6
295 6
82 6
117 6
2 6
71 6
59 6
61 6
Inf 6
144 6
Inf 6
Inf 6
26 6
Inf 6
9 6
Inf 6
90 6
57 6
73 6
56 6
98 6
48 6
Inf 6
119 6
91 6
69 6
68 6
115 6
1 6
92 6
28 6
56 6
54 6
139 6
108 6
Inf 6
1 6
91 6
63 6
1 6
33 6
63 6
Inf 6
238 6
Inf 6
Inf 6
113 6
62 6
184 6
51 6
1 6
Inf 6
17 6
Inf 6
116 6
Inf 6
151 6
Inf 6
29 6
35 6
7 6
109 6
70 6
295 6
56 6
Inf 6
67 6
80 6
265 6
Inf 6
35 6
124 6
Inf 6
53 6
214 6
91 6
Inf 6
116 6
136 6
91 6
Inf 6
285 6
76 6
62 6
Inf 6
92 6
148 6
1 6
143 6
33 6
28 6
14 6
9 6
Inf 6
Inf 6
60 6
Inf 6
Inf 6
Inf 6
Inf 6
105 6
Inf 6
Inf 6
Inf 6
58 6
54 6
13 6
1 6
Inf 6
Inf 6
Inf 6
Inf 6
56 6
104 6
Inf 6
Inf 6
53 6
265 6
149 6
68 6
220 6
1 6
52 6
130 6
187 6
Inf 6
Inf 6
91 6
113 6
58 6
65 6
262 6
215 6
Inf 6
Inf 6
Inf 6
73 6
87 6
Inf 6
Inf 6
58 6
Inf 6
61 6
Inf 6
91 6
Inf 6
Inf 6
95 6
Inf 6
150 6
97 6
25 6
14 6
1 6
Inf 6
60 6
134 6
96 6
Inf 6
69 6
19 6
59 6
45 6
Inf 6
Inf 6
229 6
61 6
52 6
3 6
8 6
161 6
163 6
Inf 6
Inf 6
Inf 6
Inf 6
Inf 6
61 6
123 6
Inf 6
35 6
83 6
43 6
Inf 6
85 6
107 6
124 6
Inf 6
2 6
65 6
76 6
Inf 6
Inf 6
94 6
Inf 6
124 6
Inf 6
93 6
Inf 6
32 6
1 6
77 6
Inf 6
Inf 6
34 6
56 6
261 6
82 6
Inf 6
50 6
Inf 6
Inf 6
101 6
Inf 6
Inf 6
Inf 6
Inf 6
216 6
100 6
114 6
Inf 6
62 6
94 6
43 6
Inf 6
85 6
Inf 6
38 6
1 6
93 6
18 6
45 6
100 6
58 6
Inf 6
78 6
Inf 6
Inf 6
Inf 6
Inf 6
284 6
184 6
Inf 6
45 6
17 6
60 6
65 6
51 6
17 6
Inf 6
59 6
Inf 6
Inf 6
56 6
Inf 6
Inf 6
66 6
Inf 6
235 6
Inf 6
184 6
102 6
31 6
25 6
82 6
96 6
96 6
98 6
140 6
Inf 6
41 6
66 6
75 6
56 6
55 6
62 6
47 6
90 6
136 6
65 6
Inf 6
210 6
1 6
135 6
79 6
59 6
43 6
114 6
106 6
195 6
Inf 6
75 6
51 6
130 6
Inf 6
4 6
190 6
65 6
81 6
262 6
61 6
77 6
100 6
Inf 6
Inf 6
59 6
114 6
102 6
93 6
Inf 6
88 6
1 6
Inf 6
7 6
36 6
46 6
28 6
67 6
1 6
90 6
87 6
73 6
3 6
140 6
Inf 6
Inf 6
92 6
71 6
57 6
212 6
Inf 6
Inf 6
66 6
68 6
23 6
64 6
97 6
Inf 6
118 6
Inf 6
Inf 6
291 6
35 6
Inf 6
64 6
70 6
1 6
57 6
76 6
Inf 6
41 6
5 6
29 6
81 6
67 6
Inf 6
105 6
42 6
97 6
151 6
Inf 6
111 6
43 6
49 6
96 6
Inf 6
Inf 6
Inf 6
Inf 6
52 6
Inf 6
Inf 6
Inf 6
47 6
289 6
141 6
46 6
Inf 6
130 6
Inf 6
14 6
34 6
Inf 6
1 6
Inf 6
48 6
Inf 6
30 6
134 6
62 6
135 6
116 6
Inf 6
70 6
Inf 6
92 6
46 6
Inf 6
75 6
109 6
72 6
89 6
Inf 6
25 6
51 6
Inf 6
Inf 6
190 6
108 6
17 6
67 6
43 6
Inf 6
Inf 6
68 6
Inf 6
Inf 6
73 6
207 6
39 6
66 6
54 6
138 6
Inf 6
108 6
61 6
35 6
34 6
1 6
Inf 6
Inf 6
114 6
213 6
Inf 6
78 6
75 6
298 6
280 6
72 6
Inf 6
83 6
60 6
105 6
50 6
Inf 6
Inf 6
71 6
Inf 6
60 6
1 6
Inf 6
Inf 6
124 6
68 6
82 6
Inf 6
86 6
Inf 6
Inf 6
Inf 6
97 6
Inf 6
Inf 6
26 6
150 6
1 6
62 6
Inf 6
Inf 6
133 6
251 6
66 6
42 6
36 6
79 6
Inf 6
96 6
1 6
134 6
78 6
Inf 6
44 6
80 6
36 6
Inf 6
81 6
Inf 6
72 6
Inf 6
Inf 6
