62 9
53 9
Inf 9
95 9
20 9
1 9
18 9
96 9
Inf 9
109 9
1 9
60 9
73 9
49 9
53 9
89 9
Inf 9
60 9
94 9
63 9
Inf 9
88 9
29 9
33 9
102 9
Inf 9
77 9
Inf 9
87 9
126 9
55 9
Inf 9
74 9
109 9
Inf 9
98 9
144 9
74 9
63 9
Inf 9
46 9
59 9
65 9
39 9
118 9
48 9
178 9
70 9
Inf 9
56 9
Inf 9
297 9
73 9
76 9
80 9
54 9
28 9
50 9
92 9
61 9
56 9
37 9
81 9
168 9
44 9
63 9
98 9
80 9
280 9
Inf 9
Inf 9
22 9
48 9
94 9
66 9
Inf 9
137 9
20 9
103 9
73 9
Inf 9
70 9
1 9
Inf 9
289 9
Inf 9
153 9
Inf 9
85 9
13 9
60 9
50 9
142 9
75 9
84 9
81 9
91 9
Inf 9
10 9
76 9
51 9
49 9
88 9
60 9
Inf 9
113 9
74 9
64 9
66 9
57 9
136 9
67 9
106 9
19 9
108 9
40 9
Inf 9
Inf 9
27 9
42 9
58 9
113 9
83 9
Inf 9
30 9
52 9
77 9
54 9
84 9
106 9
70 9
123 9
65 9
100 9
54 9
Inf 9
31 9
75 9
60 9
19 9
66 9
17 9
269 9
Inf 9
37 9
Inf 9
Inf 9
53 9
126 9
73 9
129 9
125 9
27 9
96 9
Inf 9
55 9
54 9
44 9
Inf 9
57 9
216 9
110 9
223 9
Inf 9
60 9
1 9
91 9
73 9
Inf 9
83 9
93 9
5 9
Inf 9
90 9
53 9
45 9
51 9
172 9
102 9
66 9
76 9
12 9
49 9
54 9
64 9
87 9
Inf 9
88 9
Inf 9
Inf 9
22 9
Inf 9
7 9
123 9
39 9
63 9
69 9
116 9
131 9
21 9
37 9
66 9
18 9
56 9
49 9
60 9
125 9
43 9
122 9
2 9
62 9
92 9
140 9
147 9
Inf 9
72 9
Inf 9
69 9
Inf 9
72 9
17 9
Inf 9
57 9
44 9
62 9
Inf 9
97 9
Inf 9
Inf 9
92 9
67 9
59 9
57 9
99 9
67 9
88 9
Inf 9
90 9
88 9
52 9
Inf 9
Inf 9
Inf 9
Inf 9
63 9
58 9
39 9
50 9
Inf 9
48 9
51 9
Inf 9
276 9
Inf 9
92 9
135 9
59 9
104 9
38 9
Inf 9
73 9
73 9
56 9
84 9
Inf 9
77 9
129 9
128 9
Inf 9
1 9
51 9
40 9
25 9
45 9
Inf 9
102 9
Inf 9
Inf 9
62 9
63 9
59 9
35 9
55 9
Inf 9
65 9
74 9
64 9
99 9
77 9
63 9
65 9
228 9
48 9
77 9
87 9
42 9
43 9
83 9
92 9
17 9
61 9
57 9
66 9
Inf 9
52 9
36 9
38 9
61 9
Inf 9
52 9
124 9
64 9
66 9
69 9
91 9
Inf 9
101 9
Inf 9
103 9
43 9
65 9
Inf 9
4 9
Inf 9
29 9
Inf 9
62 9
92 9
Inf 9
35 9
77 9
61 9
57 9
64 9
17 9
104 9
52 9
40 9
14 9
1 9
287 9
15 9
51 9
109 9
38 9
100 9
101 9
61 9
72 9
100 9
Inf 9
3 9
Inf 9
188 9
67 9
61 9
50 9
Inf 9
Inf 9
60 9
61 9
95 9
85 9
53 9
70 9
46 9
Inf 9
121 9
68 9
19 9
93 9
55 9
75 9
75 9
Inf 9
Inf 9
Inf 9
124 9
78 9
Inf 9
Inf 9
51 9
58 9
121 9
77 9
65 9
Inf 9
55 9
120 9
29 9
61 9
87 9
29 9
84 9
23 9
138 9
290 9
Inf 9
118 9
59 9
260 9
59 9
40 9
25 9
Inf 9
143 9
87 9
108 9
42 9
82 9
Inf 9
Inf 9
Inf 9
27 9
38 9
Inf 9
42 9
39 9
96 9
Inf 9
Inf 9
76 9
3 9
44 9
53 9
42 9
62 9
Inf 9
17 9
61 9
86 9
Inf 9
69 9
Inf 9
85 9
123 9
61 9
174 9
43 9
87 9
68 9
35 9
Inf 9
101 9
48 9
93 9
3 9
184 9
10 9
69 9
69 9
40 9
68 9
74 9
49 9
60 9
74 9
61 9
Inf 9
39 9
60 9
64 9
2 9
43 9
41 9
85 9
80 9
48 9
27 9
Inf 9
135 9
47 9
88 9
48 9
Inf 9
155 9
131 9
47 9
Inf 9
51 9
9 9
Inf 9
51 9
Inf 9
24 9
58 9
74 9
49 9
Inf 9
8 9
45 9
34 9
65 9
60 9
104 9
105 9
75 9
71 9
103 9
Inf 9
28 9
95 9
71 9
52 9
137 9
119 9
Inf 9
70 9
74 9
45 9
Inf 9
178 9
58 9
116 9
2 9
53 9
55 9
50 9
Inf 9
111 9
68 9
87 9
76 9
132 9
127 9
Inf 9
96 9
62 9
68 9
48 9
Inf 9
59 9
96 9
164 9
63 9
62 9
45 9
118 9
3 9
91 9
Inf 9
56 9
54 9
64 9
114 9
83 9
1 9
64 9
39 9
1 9
32 9
64 9
106 9
Inf 9
Inf 9
Inf 9
105 9
101 9
Inf 9
71 9
1 9
263 9
76 9
Inf 9
80 9
134 9
123 9
169 9
31 9
39 9
7 9
64 9
52 9
66 9
55 9
49 9
55 9
73 9
93 9
114 9
154 9
107 9
Inf 9
49 9
12 9
Inf 9
128 9
122 9
127 9
74 9
14 9
Inf 9
74 9
Inf 9
142 9
21 9
54 9
1 9
169 9
34 9
13 9
16 9
9 9
Inf 9
Inf 9
99 9
Inf 9
262 9
Inf 9
Inf 9
92 9
264 9
Inf 9
Inf 9
58 9
55 9
13 9
1 9
Inf 9
76 9
Inf 9
Inf 9
50 9
73 9
Inf 9
Inf 9
54 9
73 9
107 9
46 9
Inf 9
1 9
45 9
60 9
67 9
Inf 9
98 9
58 9
64 9
51 9
65 9
64 9
Inf 9
58 9
Inf 9
Inf 9
70 9
88 9
106 9
260 9
36 9
Inf 9
55 9
79 9
Inf 9
Inf 9
26 9
96 9
45 9
149 9
88 9
28 9
55 9
1 9
Inf 9
55 9
130 9
98 9
Inf 9
78 9
Inf 9
142 9
44 9
Inf 9
115 9
Inf 9
63 9
51 9
16 9
1 9
82 9
75 9
Inf 9
Inf 9
17 9
Inf 9
212 9
41 9
58 9
47 9
22 9
Inf 9
35 9
83 9
40 9
56 9
99 9
74 9
3 9
59 9
77 9
184 9
5 9
68 9
71 9
102 9
Inf 9
71 9
Inf 9
17 9
10 9
75 9
Inf 9
Inf 9
38 9
49 9
32 9
84 9
Inf 9
50 9
110 9
291 9
100 9
Inf 9
Inf 9
45 9
103 9
99 9
94 9
181 9
124 9
60 9
63 9
43 9
93 9
66 9
Inf 9
39 9
1 9
47 9
65 9
70 9
107 9
68 9
Inf 9
80 9
239 9
Inf 9
198 9
Inf 9
50 9
177 9
253 9
80 9
25 9
56 9
59 9
46 9
49 9
106 9
49 9
Inf 9
86 9
46 9
69 9
69 9
61 9
36 9
Inf 9
79 9
177 9
80 9
117 9
23 9
84 9
104 9
112 9
97 9
38 9
Inf 9
114 9
70 9
Inf 9
72 9
54 9
62 9
31 9
22 9
72 9
75 9
Inf 9
Inf 9
1 9
107 9
68 9
47 9
46 9
114 9
92 9
Inf 9
101 9
75 9
20 9
95 9
140 9
3 9
65 9
82 9
51 9
Inf 9
81 9
86 9
76 9
Inf 9
Inf 9
52 9
Inf 9
Inf 9
67 9
65 9
77 9
1 9
296 9
91 9
36 9
27 9
26 9
84 9
1 9
77 9
60 9
71 9
2 9
147 9
42 9
144 9
Inf 9
237 9
55 9
Inf 9
Inf 9
55 9
58 9
77 9
31 9
95 9
104 9
33 9
93 9
Inf 9
Inf 9
Inf 9
35 9
68 9
68 9
70 9
1 9
56 9
62 9
Inf 9
18 9
6 9
29 9
43 9
Inf 9
Inf 9
65 9
30 9
101 9
102 9
151 9
98 9
32 9
29 9
105 9
Inf 9
Inf 9
103 9
163 9
56 9
Inf 9
Inf 9
Inf 9
Inf 9
Inf 9
75 9
31 9
51 9
124 9
77 9
14 9
234 9
Inf 9
1 9
Inf 9
59 9
29 9
30 9
134 9
Inf 9
126 9
120 9
Inf 9
61 9
76 9
91 9
45 9
Inf 9
75 9
Inf 9
70 9
55 9
120 9
32 9
53 9
68 9
Inf 9
Inf 9
69 9
18 9
81 9
3 9
66 9
98 9
55 9
68 9
112 9
64 9
83 9
123 9
61 9
57 9
100 9
46 9
75 9
68 9
29 9
38 9
1 9
Inf 9
Inf 9
56 9
28 9
115 9
71 9
50 9
Inf 9
271 9
61 9
112 9
74 9
33 9
50 9
Inf 9
Inf 9
91 9
68 9
Inf 9
53 9
1 9
Inf 9
Inf 9
43 9
63 9
46 9
Inf 9
87 9
35 9
112 9
Inf 9
68 9
255 9
80 9
40 9
149 9
97 9
67 9
98 9
24 9
114 9
144 9
Inf 9
36 9
38 9
100 9
22 9
58 9
1 9
116 9
Inf 9
Inf 9
158 9
69 9
36 9
Inf 9
103 9
Inf 9
68 9
Inf 9
Inf 9
