147.545 15.445 0 0 "KDE LDA" 146 3000 2.5
149.455 15.48 0 0 "KDE LDA" 146 3000 2.51010101010101
151.58 15.545 0 0 "KDE LDA" 146 3000 2.52020202020202
151.895 15.7 0 0 "KDE LDA" 146 3000 2.53030303030303
154.475 15.835 0 0 "KDE LDA" 146 3000 2.54040404040404
155.48 15.84 0 0 "KDE LDA" 146 3000 2.55050505050505
155.875 15.85 0 0 "KDE LDA" 146 3000 2.56060606060606
156.385 15.98 0 0 "KDE LDA" 146 3000 2.57070707070707
156.745 16.02 0 0 "KDE LDA" 146 3000 2.58080808080808
156.75 16.05 0 0 "KDE LDA" 146 3000 2.59090909090909
156.98 16.175 0 0 "KDE LDA" 146 3000 2.6010101010101
156.98 16.195 0 0 "KDE LDA" 146 3000 2.61111111111111
157.51 16.275 0 0 "KDE LDA" 146 3000 2.62121212121212
157.855 16.3 0 0 "KDE LDA" 146 3000 2.63131313131313
158.685 16.33 0 0 "KDE LDA" 146 3000 2.64141414141414
159.155 16.37 0 0 "KDE LDA" 146 3000 2.65151515151515
162.795 16.975 0 0 "KDE LDA" 146 3000 2.66161616161616
172.55 17.245 0 0 "KDE LDA" 146 3000 2.67171717171717
172.935 17.32 0 0 "KDE LDA" 146 3000 2.68181818181818
173.85 17.36 0 0 "KDE LDA" 146 3000 2.69191919191919
173.985 17.395 0 0 "KDE LDA" 146 3000 2.7020202020202
174.015 17.415 0 0 "KDE LDA" 146 3000 2.71212121212121
175.67 17.43 0 0 "KDE LDA" 146 3000 2.72222222222222
178.06 17.58 0 0 "KDE LDA" 146 3000 2.73232323232323
182.83 17.6 0 0 "KDE LDA" 146 3000 2.74242424242424
182.91 17.63 0 0 "KDE LDA" 146 3000 2.75252525252525
182.915 17.75 0 0 "KDE LDA" 146 3000 2.76262626262626
183.32 17.755 0 0 "KDE LDA" 146 3000 2.77272727272727
187.935 17.825 0 0 "KDE LDA" 146 3000 2.78282828282828
195.145 17.92 0 0 "KDE LDA" 146 3000 2.79292929292929
222.825 18.46 0 0 "KDE LDA" 146 3000 2.8030303030303
223.62 18.75 0 0 "KDE LDA" 146 3000 2.81313131313131
227.165 18.83 0 0 "KDE LDA" 146 3000 2.82323232323232
229.045 18.965 0 0 "KDE LDA" 146 3000 2.83333333333333
229.05 18.965 0 0 "KDE LDA" 146 3000 2.84343434343434
229.05 19 0 0 "KDE LDA" 146 3000 2.85353535353535
231.24 19.01 0 0 "KDE LDA" 146 3000 2.86363636363636
234.755 19.055 0 0 "KDE LDA" 146 3000 2.87373737373737
234.765 19.055 0 0 "KDE LDA" 146 3000 2.88383838383838
234.905 19.08 0 0 "KDE LDA" 146 3000 2.89393939393939
234.905 19.085 0 0 "KDE LDA" 146 3000 2.9040404040404
235.395 19.1 0 0 "KDE LDA" 146 3000 2.91414141414141
235.425 19.225 0 0 "KDE LDA" 146 3000 2.92424242424242
239.36 19.53 0 0 "KDE LDA" 146 3000 2.93434343434343
245.4 19.62 0 0 "KDE LDA" 146 3000 2.94444444444444
254.29 19.625 0 0 "KDE LDA" 146 3000 2.95454545454545
262.545 19.785 0 0 "KDE LDA" 146 3000 2.96464646464646
266.715 19.8 0 0 "KDE LDA" 146 3000 2.97474747474747
266.935 19.85 0 0 "KDE LDA" 146 3000 2.98484848484848
266.935 19.85 0 0 "KDE LDA" 146 3000 2.99494949494949
268.28 19.86 0 0 "KDE LDA" 146 3000 3.00505050505051
272.16 19.88 0 0 "KDE LDA" 146 3000 3.01515151515152
273 19.905 0 0 "KDE LDA" 146 3000 3.02525252525253
273.405 20.025 0 0 "KDE LDA" 146 3000 3.03535353535354
273.455 20.095 0 0 "KDE LDA" 146 3000 3.04545454545455
274.08 20.145 0 0 "KDE LDA" 146 3000 3.05555555555556
277.16 20.16 0 0 "KDE LDA" 146 3000 3.06565656565657
292.31 20.16 0 0 "KDE LDA" 146 3000 3.07575757575758
303.695 20.195 0 0 "KDE LDA" 146 3000 3.08585858585859
323.495 20.385 0 0 "KDE LDA" 146 3000 3.0959595959596
324.815 20.4 0 0 "KDE LDA" 146 3000 3.10606060606061
330.08 20.43 0 0 "KDE LDA" 146 3000 3.11616161616162
332.885 20.435 0 0 "KDE LDA" 146 3000 3.12626262626263
332.905 20.51 0 0 "KDE LDA" 146 3000 3.13636363636364
332.94 20.53 0 0 "KDE LDA" 146 3000 3.14646464646465
338.945 20.585 0 0 "KDE LDA" 146 3000 3.15656565656566
339.73 20.605 0 0 "KDE LDA" 146 3000 3.16666666666667
342.95 20.745 0 0 "KDE LDA" 146 3000 3.17676767676768
342.955 20.76 0 0 "KDE LDA" 146 3000 3.18686868686869
346.245 20.825 0 0 "KDE LDA" 146 3000 3.1969696969697
350.645 20.84 0 0 "KDE LDA" 146 3000 3.20707070707071
352.715 20.87 0 0 "KDE LDA" 146 3000 3.21717171717172
375.24 21.205 0 0 "KDE LDA" 146 3000 3.22727272727273
375.71 21.28 0 0 "KDE LDA" 146 3000 3.23737373737374
375.745 21.285 0 0 "KDE LDA" 146 3000 3.24747474747475
376.97 21.335 0 0 "KDE LDA" 146 3000 3.25757575757576
378.375 21.365 0 0 "KDE LDA" 146 3000 3.26767676767677
383.605 21.395 0 0 "KDE LDA" 146 3000 3.27777777777778
388.19 21.49 0 0 "KDE LDA" 146 3000 3.28787878787879
395.4 21.525 0 0 "KDE LDA" 146 3000 3.2979797979798
398.31 21.545 0 0 "KDE LDA" 146 3000 3.30808080808081
398.665 21.625 0 0 "KDE LDA" 146 3000 3.31818181818182
399.215 21.645 0 0 "KDE LDA" 146 3000 3.32828282828283
411.115 21.71 0 0 "KDE LDA" 146 3000 3.33838383838384
419.765 21.95 0 0 "KDE LDA" 146 3000 3.34848484848485
477.035 22.11 0 0 "KDE LDA" 146 3000 3.35858585858586
488.645 22.27 0 0 "KDE LDA" 146 3000 3.36868686868687
488.675 22.285 0 0 "KDE LDA" 146 3000 3.37878787878788
488.715 22.35 0 0 "KDE LDA" 146 3000 3.38888888888889
490.105 22.36 0 0 "KDE LDA" 146 3000 3.3989898989899
490.105 22.365 0 0 "KDE LDA" 146 3000 3.40909090909091
500.93 22.47 0 0 "KDE LDA" 146 3000 3.41919191919192
500.93 22.655 0 0 "KDE LDA" 146 3000 3.42929292929293
503.15 22.71 0 0 "KDE LDA" 146 3000 3.43939393939394
505.425 22.795 0 0 "KDE LDA" 146 3000 3.44949494949495
505.445 22.82 0 0 "KDE LDA" 146 3000 3.45959595959596
505.455 22.9 0 0 "KDE LDA" 146 3000 3.46969696969697
508.88 22.925 0 0 "KDE LDA" 146 3000 3.47979797979798
512.645 23.03 0 0 "KDE LDA" 146 3000 3.48989898989899
517.81 23.05 0 0 "KDE LDA" 146 3000 3.5
106.485 12.41 0 0 "KDE QDA" 146 3000 2.7
106.485 12.415 0 0 "KDE QDA" 146 3000 2.71010101010101
106.5 12.415 0 0 "KDE QDA" 146 3000 2.72020202020202
106.5 12.415 0 0 "KDE QDA" 146 3000 2.73030303030303
106.505 12.44 0 0 "KDE QDA" 146 3000 2.74040404040404
106.505 12.44 0 0 "KDE QDA" 146 3000 2.75050505050505
106.51 12.5 0 0 "KDE QDA" 146 3000 2.76060606060606
106.51 12.5 0 0 "KDE QDA" 146 3000 2.77070707070707
106.67 12.5 0 0 "KDE QDA" 146 3000 2.78080808080808
106.67 12.505 0 0 "KDE QDA" 146 3000 2.79090909090909
132.3 13.595 0 0 "KDE QDA" 146 3000 2.8010101010101
132.915 13.595 0 0 "KDE QDA" 146 3000 2.81111111111111
132.93 13.62 0 0 "KDE QDA" 146 3000 2.82121212121212
140.04 13.78 0 0 "KDE QDA" 146 3000 2.83131313131313
140.04 13.78 0 0 "KDE QDA" 146 3000 2.84141414141414
140.04 13.78 0 0 "KDE QDA" 146 3000 2.85151515151515
140.04 13.8 0 0 "KDE QDA" 146 3000 2.86161616161616
140.04 13.8 0 0 "KDE QDA" 146 3000 2.87171717171717
140.04 13.8 0 0 "KDE QDA" 146 3000 2.88181818181818
140.04 13.8 0 0 "KDE QDA" 146 3000 2.89191919191919
140.04 13.8 0 0 "KDE QDA" 146 3000 2.9020202020202
140.04 13.8 0 0 "KDE QDA" 146 3000 2.91212121212121
140.04 13.8 0 0 "KDE QDA" 146 3000 2.92222222222222
140.04 13.8 0 0 "KDE QDA" 146 3000 2.93232323232323
142.45 13.805 0 0 "KDE QDA" 146 3000 2.94242424242424
142.455 13.805 0 0 "KDE QDA" 146 3000 2.95252525252525
152.11 14.09 0 0 "KDE QDA" 146 3000 2.96262626262626
155.25 14.09 0 0 "KDE QDA" 146 3000 2.97272727272727
155.795 14.145 0 0 "KDE QDA" 146 3000 2.98282828282828
156.205 14.145 0 0 "KDE QDA" 146 3000 2.99292929292929
156.205 14.175 0 0 "KDE QDA" 146 3000 3.0030303030303
156.22 14.175 0 0 "KDE QDA" 146 3000 3.01313131313131
156.225 14.175 0 0 "KDE QDA" 146 3000 3.02323232323232
156.225 14.18 0 0 "KDE QDA" 146 3000 3.03333333333333
157.055 14.18 0 0 "KDE QDA" 146 3000 3.04343434343434
157.055 14.18 0 0 "KDE QDA" 146 3000 3.05353535353535
157.88 14.18 0 0 "KDE QDA" 146 3000 3.06363636363636
157.88 14.185 0 0 "KDE QDA" 146 3000 3.07373737373737
157.88 14.185 0 0 "KDE QDA" 146 3000 3.08383838383838
163.99 14.76 0 0 "KDE QDA" 146 3000 3.09393939393939
165.79 14.76 0 0 "KDE QDA" 146 3000 3.1040404040404
165.79 14.76 0 0 "KDE QDA" 146 3000 3.11414141414141
167.09 14.785 0 0 "KDE QDA" 146 3000 3.12424242424242
169.965 14.795 0 0 "KDE QDA" 146 3000 3.13434343434343
169.97 14.82 0 0 "KDE QDA" 146 3000 3.14444444444444
169.97 14.845 0 0 "KDE QDA" 146 3000 3.15454545454545
170 14.85 0 0 "KDE QDA" 146 3000 3.16464646464646
170.005 14.85 0 0 "KDE QDA" 146 3000 3.17474747474748
170.005 14.865 0 0 "KDE QDA" 146 3000 3.18484848484849
170.005 14.865 0 0 "KDE QDA" 146 3000 3.19494949494949
170.395 14.865 0 0 "KDE QDA" 146 3000 3.20505050505051
170.4 15.105 0 0 "KDE QDA" 146 3000 3.21515151515152
193.525 15.76 0 0 "KDE QDA" 146 3000 3.22525252525253
193.525 15.78 0 0 "KDE QDA" 146 3000 3.23535353535354
193.96 15.78 0 0 "KDE QDA" 146 3000 3.24545454545455
199.5 15.91 0 0 "KDE QDA" 146 3000 3.25555555555556
199.52 15.915 0 0 "KDE QDA" 146 3000 3.26565656565657
200.81 15.93 0 0 "KDE QDA" 146 3000 3.27575757575758
203.495 15.935 0 0 "KDE QDA" 146 3000 3.28585858585859
203.91 15.94 0 0 "KDE QDA" 146 3000 3.2959595959596
203.91 15.94 0 0 "KDE QDA" 146 3000 3.30606060606061
203.945 15.94 0 0 "KDE QDA" 146 3000 3.31616161616162
204.88 15.94 0 0 "KDE QDA" 146 3000 3.32626262626263
204.88 15.94 0 0 "KDE QDA" 146 3000 3.33636363636364
204.985 15.975 0 0 "KDE QDA" 146 3000 3.34646464646465
208.595 15.975 0 0 "KDE QDA" 146 3000 3.35656565656566
235 16.46 0 0 "KDE QDA" 146 3000 3.36666666666667
235 16.46 0 0 "KDE QDA" 146 3000 3.37676767676768
244.55 16.645 0 0 "KDE QDA" 146 3000 3.38686868686869
244.56 16.65 0 0 "KDE QDA" 146 3000 3.3969696969697
245.99 16.65 0 0 "KDE QDA" 146 3000 3.40707070707071
247.575 16.72 0 0 "KDE QDA" 146 3000 3.41717171717172
247.575 16.735 0 0 "KDE QDA" 146 3000 3.42727272727273
248.725 16.74 0 0 "KDE QDA" 146 3000 3.43737373737374
248.73 16.745 0 0 "KDE QDA" 146 3000 3.44747474747475
248.9 16.745 0 0 "KDE QDA" 146 3000 3.45757575757576
248.9 16.745 0 0 "KDE QDA" 146 3000 3.46767676767677
249.365 16.745 0 0 "KDE QDA" 146 3000 3.47777777777778
249.365 16.745 0 0 "KDE QDA" 146 3000 3.48787878787879
249.38 16.75 0 0 "KDE QDA" 146 3000 3.4979797979798
249.405 16.75 0 0 "KDE QDA" 146 3000 3.50808080808081
265.44 17.04 0 0 "KDE QDA" 146 3000 3.51818181818182
283.96 17.045 0 0 "KDE QDA" 146 3000 3.52828282828283
286.195 17.055 0 0 "KDE QDA" 146 3000 3.53838383838384
288.295 17.08 0 0 "KDE QDA" 146 3000 3.54848484848485
288.325 17.08 0 0 "KDE QDA" 146 3000 3.55858585858586
288.325 17.09 0 0 "KDE QDA" 146 3000 3.56868686868687
291.015 17.095 0 0 "KDE QDA" 146 3000 3.57878787878788
291.015 17.095 0 0 "KDE QDA" 146 3000 3.58888888888889
291.015 17.1 0 0 "KDE QDA" 146 3000 3.5989898989899
291.025 17.105 0 0 "KDE QDA" 146 3000 3.60909090909091
291.025 17.105 0 0 "KDE QDA" 146 3000 3.61919191919192
291.025 17.11 0 0 "KDE QDA" 146 3000 3.62929292929293
291.03 17.11 0 0 "KDE QDA" 146 3000 3.63939393939394
291.055 17.11 0 0 "KDE QDA" 146 3000 3.64949494949495
306.015 17.81 0 0 "KDE QDA" 146 3000 3.65959595959596
306.715 17.81 0 0 "KDE QDA" 146 3000 3.66969696969697
314.125 17.905 0 0 "KDE QDA" 146 3000 3.67979797979798
316.835 17.93 0 0 "KDE QDA" 146 3000 3.68989898989899
316.85 17.93 0 0 "KDE QDA" 146 3000 3.7
