169.125 14.96 0 0 "KDE LDA" 27 800 2.4
169.35 14.98 0 0 "KDE LDA" 27 800 2.41010101010101
169.355 14.985 0 0 "KDE LDA" 27 800 2.42020202020202
170.09 14.995 0 0 "KDE LDA" 27 800 2.43030303030303
170.095 15.14 0 0 "KDE LDA" 27 800 2.44040404040404
170.61 15.155 0 0 "KDE LDA" 27 800 2.45050505050505
172.405 15.18 0 0 "KDE LDA" 27 800 2.46060606060606
175 15.185 0 0 "KDE LDA" 27 800 2.47070707070707
175.07 15.195 0 0 "KDE LDA" 27 800 2.48080808080808
177.725 15.205 0 0 "KDE LDA" 27 800 2.49090909090909
177.985 15.255 0 0 "KDE LDA" 27 800 2.5010101010101
178.615 15.58 0 0 "KDE LDA" 27 800 2.51111111111111
181.595 15.58 0 0 "KDE LDA" 27 800 2.52121212121212
186.77 15.88 0 0 "KDE LDA" 27 800 2.53131313131313
191.09 15.915 0 0 "KDE LDA" 27 800 2.54141414141414
191.98 15.995 0 0 "KDE LDA" 27 800 2.55151515151515
192.35 16.055 0 0 "KDE LDA" 27 800 2.56161616161616
192.35 16.06 0 0 "KDE LDA" 27 800 2.57171717171717
192.715 16.065 0 0 "KDE LDA" 27 800 2.58181818181818
194.81 16.085 0 0 "KDE LDA" 27 800 2.59191919191919
194.83 16.085 0 0 "KDE LDA" 27 800 2.6020202020202
195.7 16.2 0 0 "KDE LDA" 27 800 2.61212121212121
195.705 16.225 0 0 "KDE LDA" 27 800 2.62222222222222
196.415 16.225 0 0 "KDE LDA" 27 800 2.63232323232323
199.775 16.26 0 0 "KDE LDA" 27 800 2.64242424242424
204.885 16.355 0 0 "KDE LDA" 27 800 2.65252525252525
208.885 16.595 0 0 "KDE LDA" 27 800 2.66262626262626
218.33 16.805 0 0 "KDE LDA" 27 800 2.67272727272727
218.44 16.83 0 0 "KDE LDA" 27 800 2.68282828282828
220.315 16.89 0 0 "KDE LDA" 27 800 2.69292929292929
220.315 16.905 0 0 "KDE LDA" 27 800 2.7030303030303
220.84 16.92 0 0 "KDE LDA" 27 800 2.71313131313131
221.025 16.93 0 0 "KDE LDA" 27 800 2.72323232323232
221.025 16.935 0 0 "KDE LDA" 27 800 2.73333333333333
221.03 16.95 0 0 "KDE LDA" 27 800 2.74343434343434
221.755 16.985 0 0 "KDE LDA" 27 800 2.75353535353535
227.07 16.99 0 0 "KDE LDA" 27 800 2.76363636363636
227.52 17.095 0 0 "KDE LDA" 27 800 2.77373737373737
231.01 17.365 0 0 "KDE LDA" 27 800 2.78383838383838
236.86 17.48 0 0 "KDE LDA" 27 800 2.79393939393939
281.63 18.05 0 0 "KDE LDA" 27 800 2.8040404040404
281.69 18.075 0 0 "KDE LDA" 27 800 2.81414141414141
282.315 18.135 0 0 "KDE LDA" 27 800 2.82424242424242
282.32 18.19 0 0 "KDE LDA" 27 800 2.83434343434343
284.885 18.225 0 0 "KDE LDA" 27 800 2.84444444444444
284.89 18.285 0 0 "KDE LDA" 27 800 2.85454545454545
284.89 18.33 0 0 "KDE LDA" 27 800 2.86464646464646
284.895 18.53 0 0 "KDE LDA" 27 800 2.87474747474747
286.97 18.535 0 0 "KDE LDA" 27 800 2.88484848484848
286.975 18.535 0 0 "KDE LDA" 27 800 2.89494949494949
288.015 18.535 0 0 "KDE LDA" 27 800 2.90505050505051
288.9 18.575 0 0 "KDE LDA" 27 800 2.91515151515152
293.33 18.685 0 0 "KDE LDA" 27 800 2.92525252525253
293.44 18.695 0 0 "KDE LDA" 27 800 2.93535353535354
293.65 18.715 0 0 "KDE LDA" 27 800 2.94545454545455
299.97 18.89 0 0 "KDE LDA" 27 800 2.95555555555556
303.39 19.03 0 0 "KDE LDA" 27 800 2.96565656565657
309.275 19.1 0 0 "KDE LDA" 27 800 2.97575757575758
310.785 19.125 0 0 "KDE LDA" 27 800 2.98585858585859
310.785 19.175 0 0 "KDE LDA" 27 800 2.9959595959596
310.79 19.175 0 0 "KDE LDA" 27 800 3.00606060606061
310.835 19.19 0 0 "KDE LDA" 27 800 3.01616161616162
316.08 19.21 0 0 "KDE LDA" 27 800 3.02626262626263
320.845 19.33 0 0 "KDE LDA" 27 800 3.03636363636364
321.66 19.385 0 0 "KDE LDA" 27 800 3.04646464646465
323.42 19.555 0 0 "KDE LDA" 27 800 3.05656565656566
323.425 19.575 0 0 "KDE LDA" 27 800 3.06666666666667
335.39 19.59 0 0 "KDE LDA" 27 800 3.07676767676768
339.5 19.745 0 0 "KDE LDA" 27 800 3.08686868686869
355.825 20.155 0 0 "KDE LDA" 27 800 3.0969696969697
359.935 20.175 0 0 "KDE LDA" 27 800 3.10707070707071
360.08 20.275 0 0 "KDE LDA" 27 800 3.11717171717172
363.605 20.51 0 0 "KDE LDA" 27 800 3.12727272727273
369.505 20.515 0 0 "KDE LDA" 27 800 3.13737373737374
369.51 20.525 0 0 "KDE LDA" 27 800 3.14747474747475
369.52 20.525 0 0 "KDE LDA" 27 800 3.15757575757576
372.26 20.555 0 0 "KDE LDA" 27 800 3.16767676767677
373.605 20.58 0 0 "KDE LDA" 27 800 3.17777777777778
374.615 20.7 0 0 "KDE LDA" 27 800 3.18787878787879
377.225 20.765 0 0 "KDE LDA" 27 800 3.1979797979798
395.685 20.89 0 0 "KDE LDA" 27 800 3.20808080808081
405.12 21.145 0 0 "KDE LDA" 27 800 3.21818181818182
435.885 21.37 0 0 "KDE LDA" 27 800 3.22828282828283
441.475 21.39 0 0 "KDE LDA" 27 800 3.23838383838384
442.54 21.605 0 0 "KDE LDA" 27 800 3.24848484848485
443.11 21.675 0 0 "KDE LDA" 27 800 3.25858585858586
443.11 21.725 0 0 "KDE LDA" 27 800 3.26868686868687
443.195 21.88 0 0 "KDE LDA" 27 800 3.27878787878788
443.205 21.885 0 0 "KDE LDA" 27 800 3.28888888888889
445.72 21.895 0 0 "KDE LDA" 27 800 3.2989898989899
446.115 21.93 0 0 "KDE LDA" 27 800 3.30909090909091
455.635 21.96 0 0 "KDE LDA" 27 800 3.31919191919192
461.42 21.96 0 0 "KDE LDA" 27 800 3.32929292929293
467.27 22.06 0 0 "KDE LDA" 27 800 3.33939393939394
473.375 22.145 0 0 "KDE LDA" 27 800 3.34949494949495
559.72 23.05 0 0 "KDE LDA" 27 800 3.35959595959596
559.74 23.1 0 0 "KDE LDA" 27 800 3.36969696969697
568.225 23.335 0 0 "KDE LDA" 27 800 3.37979797979798
571.44 23.405 0 0 "KDE LDA" 27 800 3.38989898989899
576.955 23.415 0 0 "KDE LDA" 27 800 3.4
124.815 16.535 0 0 "KDE QDA" 27 800 4.3
127.03 16.61 0 0 "KDE QDA" 27 800 4.31010101010101
127.715 16.62 0 0 "KDE QDA" 27 800 4.32020202020202
127.78 16.62 0 0 "KDE QDA" 27 800 4.33030303030303
127.895 16.665 0 0 "KDE QDA" 27 800 4.34040404040404
129.005 16.91 0 0 "KDE QDA" 27 800 4.35050505050505
130.615 16.93 0 0 "KDE QDA" 27 800 4.36060606060606
131.03 17 0 0 "KDE QDA" 27 800 4.37070707070707
131.255 17.03 0 0 "KDE QDA" 27 800 4.38080808080808
131.305 17.06 0 0 "KDE QDA" 27 800 4.39090909090909
131.615 17.065 0 0 "KDE QDA" 27 800 4.4010101010101
133.215 17.095 0 0 "KDE QDA" 27 800 4.41111111111111
133.255 17.1 0 0 "KDE QDA" 27 800 4.42121212121212
134.195 17.125 0 0 "KDE QDA" 27 800 4.43131313131313
134.225 17.15 0 0 "KDE QDA" 27 800 4.44141414141414
134.24 17.2 0 0 "KDE QDA" 27 800 4.45151515151515
135.165 17.21 0 0 "KDE QDA" 27 800 4.46161616161616
135.605 17.25 0 0 "KDE QDA" 27 800 4.47171717171717
137.455 17.61 0 0 "KDE QDA" 27 800 4.48181818181818
137.68 17.65 0 0 "KDE QDA" 27 800 4.49191919191919
138.135 17.66 0 0 "KDE QDA" 27 800 4.5020202020202
139.38 17.715 0 0 "KDE QDA" 27 800 4.51212121212121
140.725 17.72 0 0 "KDE QDA" 27 800 4.52222222222222
141.62 17.735 0 0 "KDE QDA" 27 800 4.53232323232323
142.265 17.75 0 0 "KDE QDA" 27 800 4.54242424242424
142.43 17.77 0 0 "KDE QDA" 27 800 4.55252525252525
142.505 17.77 0 0 "KDE QDA" 27 800 4.56262626262626
142.895 17.77 0 0 "KDE QDA" 27 800 4.57272727272727
143.225 17.775 0 0 "KDE QDA" 27 800 4.58282828282828
144.025 17.855 0 0 "KDE QDA" 27 800 4.59292929292929
147.57 17.855 0 0 "KDE QDA" 27 800 4.6030303030303
147.625 17.875 0 0 "KDE QDA" 27 800 4.61313131313131
147.66 17.88 0 0 "KDE QDA" 27 800 4.62323232323232
147.68 17.92 0 0 "KDE QDA" 27 800 4.63333333333333
149.475 18.02 0 0 "KDE QDA" 27 800 4.64343434343434
150.015 18.075 0 0 "KDE QDA" 27 800 4.65353535353535
150.745 18.105 0 0 "KDE QDA" 27 800 4.66363636363636
151.355 18.135 0 0 "KDE QDA" 27 800 4.67373737373737
151.42 18.145 0 0 "KDE QDA" 27 800 4.68383838383838
152.905 18.155 0 0 "KDE QDA" 27 800 4.69393939393939
153 18.185 0 0 "KDE QDA" 27 800 4.7040404040404
153.05 18.195 0 0 "KDE QDA" 27 800 4.71414141414141
153.1 18.195 0 0 "KDE QDA" 27 800 4.72424242424242
153.315 18.205 0 0 "KDE QDA" 27 800 4.73434343434343
153.405 18.235 0 0 "KDE QDA" 27 800 4.74444444444444
153.59 18.235 0 0 "KDE QDA" 27 800 4.75454545454545
155.245 18.255 0 0 "KDE QDA" 27 800 4.76464646464646
158.415 18.365 0 0 "KDE QDA" 27 800 4.77474747474747
159.54 18.39 0 0 "KDE QDA" 27 800 4.78484848484849
161.23 18.42 0 0 "KDE QDA" 27 800 4.79494949494949
162.38 18.525 0 0 "KDE QDA" 27 800 4.80505050505051
162.415 18.54 0 0 "KDE QDA" 27 800 4.81515151515152
165.28 18.545 0 0 "KDE QDA" 27 800 4.82525252525252
165.31 18.58 0 0 "KDE QDA" 27 800 4.83535353535354
165.665 18.605 0 0 "KDE QDA" 27 800 4.84545454545455
169.575 18.615 0 0 "KDE QDA" 27 800 4.85555555555556
169.595 18.63 0 0 "KDE QDA" 27 800 4.86565656565657
170.455 18.645 0 0 "KDE QDA" 27 800 4.87575757575758
171.48 18.65 0 0 "KDE QDA" 27 800 4.88585858585859
171.485 18.655 0 0 "KDE QDA" 27 800 4.8959595959596
173.435 18.84 0 0 "KDE QDA" 27 800 4.90606060606061
173.435 18.86 0 0 "KDE QDA" 27 800 4.91616161616162
173.45 18.91 0 0 "KDE QDA" 27 800 4.92626262626263
173.56 18.975 0 0 "KDE QDA" 27 800 4.93636363636364
173.625 18.985 0 0 "KDE QDA" 27 800 4.94646464646465
174.91 18.99 0 0 "KDE QDA" 27 800 4.95656565656566
175.015 19 0 0 "KDE QDA" 27 800 4.96666666666667
175.04 19.015 0 0 "KDE QDA" 27 800 4.97676767676768
176.53 19.03 0 0 "KDE QDA" 27 800 4.98686868686869
176.53 19.03 0 0 "KDE QDA" 27 800 4.9969696969697
176.68 19.045 0 0 "KDE QDA" 27 800 5.00707070707071
176.87 19.08 0 0 "KDE QDA" 27 800 5.01717171717172
176.885 19.08 0 0 "KDE QDA" 27 800 5.02727272727273
180.025 19.325 0 0 "KDE QDA" 27 800 5.03737373737374
182.43 19.34 0 0 "KDE QDA" 27 800 5.04747474747475
182.935 19.395 0 0 "KDE QDA" 27 800 5.05757575757576
187.51 19.435 0 0 "KDE QDA" 27 800 5.06767676767677
187.52 19.455 0 0 "KDE QDA" 27 800 5.07777777777778
187.56 19.47 0 0 "KDE QDA" 27 800 5.08787878787879
189.22 19.505 0 0 "KDE QDA" 27 800 5.0979797979798
192.7 19.51 0 0 "KDE QDA" 27 800 5.10808080808081
192.8 19.62 0 0 "KDE QDA" 27 800 5.11818181818182
195.79 19.62 0 0 "KDE QDA" 27 800 5.12828282828283
196.445 19.625 0 0 "KDE QDA" 27 800 5.13838383838384
196.53 19.65 0 0 "KDE QDA" 27 800 5.14848484848485
198.285 19.65 0 0 "KDE QDA" 27 800 5.15858585858586
199.545 19.67 0 0 "KDE QDA" 27 800 5.16868686868687
199.625 19.68 0 0 "KDE QDA" 27 800 5.17878787878788
199.92 19.735 0 0 "KDE QDA" 27 800 5.18888888888889
203.36 19.77 0 0 "KDE QDA" 27 800 5.1989898989899
203.39 19.8 0 0 "KDE QDA" 27 800 5.20909090909091
203.4 19.835 0 0 "KDE QDA" 27 800 5.21919191919192
203.6 19.875 0 0 "KDE QDA" 27 800 5.22929292929293
204.925 19.89 0 0 "KDE QDA" 27 800 5.23939393939394
207.515 19.9 0 0 "KDE QDA" 27 800 5.24949494949495
207.59 19.91 0 0 "KDE QDA" 27 800 5.25959595959596
208.34 19.92 0 0 "KDE QDA" 27 800 5.26969696969697
212.36 19.925 0 0 "KDE QDA" 27 800 5.27979797979798
212.365 19.935 0 0 "KDE QDA" 27 800 5.28989898989899
212.37 19.96 0 0 "KDE QDA" 27 800 5.3
