147.325 14.665 0 0 "KDE LDA" 8 3000 2.5
149.385 14.7 0 0 "KDE LDA" 8 3000 2.51010101010101
149.4 14.735 0 0 "KDE LDA" 8 3000 2.52020202020202
155.115 14.77 0 0 "KDE LDA" 8 3000 2.53030303030303
158.21 14.8 0 0 "KDE LDA" 8 3000 2.54040404040404
158.215 14.875 0 0 "KDE LDA" 8 3000 2.55050505050505
158.6 14.925 0 0 "KDE LDA" 8 3000 2.56060606060606
158.695 14.925 0 0 "KDE LDA" 8 3000 2.57070707070707
158.7 14.94 0 0 "KDE LDA" 8 3000 2.58080808080808
160 15.065 0 0 "KDE LDA" 8 3000 2.59090909090909
160.02 15.07 0 0 "KDE LDA" 8 3000 2.6010101010101
163.165 15.09 0 0 "KDE LDA" 8 3000 2.61111111111111
166.855 15.1 0 0 "KDE LDA" 8 3000 2.62121212121212
169.605 15.185 0 0 "KDE LDA" 8 3000 2.63131313131313
169.61 15.2 0 0 "KDE LDA" 8 3000 2.64141414141414
171.99 15.34 0 0 "KDE LDA" 8 3000 2.65151515151515
175.26 15.455 0 0 "KDE LDA" 8 3000 2.66161616161616
180.04 15.66 0 0 "KDE LDA" 8 3000 2.67171717171717
180.365 15.69 0 0 "KDE LDA" 8 3000 2.68181818181818
181.365 15.88 0 0 "KDE LDA" 8 3000 2.69191919191919
181.365 15.905 0 0 "KDE LDA" 8 3000 2.7020202020202
185.335 15.945 0 0 "KDE LDA" 8 3000 2.71212121212121
187.985 15.95 0 0 "KDE LDA" 8 3000 2.72222222222222
187.995 15.985 0 0 "KDE LDA" 8 3000 2.73232323232323
188.61 16.015 0 0 "KDE LDA" 8 3000 2.74242424242424
190.9 16.035 0 0 "KDE LDA" 8 3000 2.75252525252525
193.45 16.09 0 0 "KDE LDA" 8 3000 2.76262626262626
195.67 16.215 0 0 "KDE LDA" 8 3000 2.77272727272727
203.5 16.27 0 0 "KDE LDA" 8 3000 2.78282828282828
208.46 16.325 0 0 "KDE LDA" 8 3000 2.79292929292929
238.165 16.81 0 0 "KDE LDA" 8 3000 2.8030303030303
238.175 16.89 0 0 "KDE LDA" 8 3000 2.81313131313131
239.41 16.915 0 0 "KDE LDA" 8 3000 2.82323232323232
239.415 16.985 0 0 "KDE LDA" 8 3000 2.83333333333333
243.77 17.065 0 0 "KDE LDA" 8 3000 2.84343434343434
243.785 17.145 0 0 "KDE LDA" 8 3000 2.85353535353535
244.495 17.15 0 0 "KDE LDA" 8 3000 2.86363636363636
245.315 17.155 0 0 "KDE LDA" 8 3000 2.87373737373737
246.78 17.2 0 0 "KDE LDA" 8 3000 2.88383838383838
248.47 17.31 0 0 "KDE LDA" 8 3000 2.89393939393939
250.5 17.345 0 0 "KDE LDA" 8 3000 2.9040404040404
255.655 17.44 0 0 "KDE LDA" 8 3000 2.91414141414141
257.005 17.47 0 0 "KDE LDA" 8 3000 2.92424242424242
262.005 17.485 0 0 "KDE LDA" 8 3000 2.93434343434343
263.375 17.505 0 0 "KDE LDA" 8 3000 2.94444444444444
263.85 17.57 0 0 "KDE LDA" 8 3000 2.95454545454545
265.28 17.615 0 0 "KDE LDA" 8 3000 2.96464646464646
266.52 17.62 0 0 "KDE LDA" 8 3000 2.97474747474747
267.99 17.66 0 0 "KDE LDA" 8 3000 2.98484848484848
268.095 17.845 0 0 "KDE LDA" 8 3000 2.99494949494949
271.25 17.85 0 0 "KDE LDA" 8 3000 3.00505050505051
271.255 17.855 0 0 "KDE LDA" 8 3000 3.01515151515152
271.825 17.965 0 0 "KDE LDA" 8 3000 3.02525252525253
274.71 18 0 0 "KDE LDA" 8 3000 3.03535353535354
280.405 18.015 0 0 "KDE LDA" 8 3000 3.04545454545455
280.64 18.065 0 0 "KDE LDA" 8 3000 3.05555555555556
291.01 18.1 0 0 "KDE LDA" 8 3000 3.06565656565657
293.48 18.135 0 0 "KDE LDA" 8 3000 3.07575757575758
299.885 18.14 0 0 "KDE LDA" 8 3000 3.08585858585859
312.785 18.165 0 0 "KDE LDA" 8 3000 3.0959595959596
314.695 18.29 0 0 "KDE LDA" 8 3000 3.10606060606061
321.095 18.33 0 0 "KDE LDA" 8 3000 3.11616161616162
325.78 18.345 0 0 "KDE LDA" 8 3000 3.12626262626263
327.745 18.365 0 0 "KDE LDA" 8 3000 3.13636363636364
332.495 18.365 0 0 "KDE LDA" 8 3000 3.14646464646465
334.215 18.43 0 0 "KDE LDA" 8 3000 3.15656565656566
335.015 18.51 0 0 "KDE LDA" 8 3000 3.16666666666667
335.02 18.53 0 0 "KDE LDA" 8 3000 3.17676767676768
344.49 18.615 0 0 "KDE LDA" 8 3000 3.18686868686869
346.585 18.63 0 0 "KDE LDA" 8 3000 3.1969696969697
351.645 18.76 0 0 "KDE LDA" 8 3000 3.20707070707071
364.075 18.875 0 0 "KDE LDA" 8 3000 3.21717171717172
391.055 19.305 0 0 "KDE LDA" 8 3000 3.22727272727273
395.415 19.42 0 0 "KDE LDA" 8 3000 3.23737373737374
396.37 19.445 0 0 "KDE LDA" 8 3000 3.24747474747475
396.37 19.49 0 0 "KDE LDA" 8 3000 3.25757575757576
400.18 19.52 0 0 "KDE LDA" 8 3000 3.26767676767677
405.445 19.535 0 0 "KDE LDA" 8 3000 3.27777777777778
416.73 19.695 0 0 "KDE LDA" 8 3000 3.28787878787879
419.97 19.735 0 0 "KDE LDA" 8 3000 3.2979797979798
428.49 19.745 0 0 "KDE LDA" 8 3000 3.30808080808081
428.87 20.035 0 0 "KDE LDA" 8 3000 3.31818181818182
428.895 20.115 0 0 "KDE LDA" 8 3000 3.32828282828283
440.835 20.195 0 0 "KDE LDA" 8 3000 3.33838383838384
448.62 20.235 0 0 "KDE LDA" 8 3000 3.34848484848485
486.13 20.72 0 0 "KDE LDA" 8 3000 3.35858585858586
496.225 20.82 0 0 "KDE LDA" 8 3000 3.36868686868687
496.24 20.825 0 0 "KDE LDA" 8 3000 3.37878787878788
502.87 20.85 0 0 "KDE LDA" 8 3000 3.38888888888889
502.875 20.86 0 0 "KDE LDA" 8 3000 3.3989898989899
505.615 20.89 0 0 "KDE LDA" 8 3000 3.40909090909091
505.615 21.14 0 0 "KDE LDA" 8 3000 3.41919191919192
507.84 21.16 0 0 "KDE LDA" 8 3000 3.42929292929293
507.84 21.18 0 0 "KDE LDA" 8 3000 3.43939393939394
513.44 21.21 0 0 "KDE LDA" 8 3000 3.44949494949495
513.45 21.225 0 0 "KDE LDA" 8 3000 3.45959595959596
514.38 21.245 0 0 "KDE LDA" 8 3000 3.46969696969697
517.555 21.445 0 0 "KDE LDA" 8 3000 3.47979797979798
523.46 21.455 0 0 "KDE LDA" 8 3000 3.48989898989899
526.07 21.47 0 0 "KDE LDA" 8 3000 3.5
104.85 11.31 0 0 "KDE QDA" 8 3000 2.7
104.85 11.31 0 0 "KDE QDA" 8 3000 2.71010101010101
105.13 11.315 0 0 "KDE QDA" 8 3000 2.72020202020202
105.13 11.315 0 0 "KDE QDA" 8 3000 2.73030303030303
105.135 11.32 0 0 "KDE QDA" 8 3000 2.74040404040404
105.185 11.32 0 0 "KDE QDA" 8 3000 2.75050505050505
105.185 11.325 0 0 "KDE QDA" 8 3000 2.76060606060606
105.28 11.325 0 0 "KDE QDA" 8 3000 2.77070707070707
105.7 11.325 0 0 "KDE QDA" 8 3000 2.78080808080808
105.7 11.325 0 0 "KDE QDA" 8 3000 2.79090909090909
128.125 12.625 0 0 "KDE QDA" 8 3000 2.8010101010101
128.17 12.625 0 0 "KDE QDA" 8 3000 2.81111111111111
128.17 12.64 0 0 "KDE QDA" 8 3000 2.82121212121212
130.86 12.77 0 0 "KDE QDA" 8 3000 2.83131313131313
131.2 12.77 0 0 "KDE QDA" 8 3000 2.84141414141414
131.205 12.78 0 0 "KDE QDA" 8 3000 2.85151515151515
134.56 12.78 0 0 "KDE QDA" 8 3000 2.86161616161616
134.56 12.78 0 0 "KDE QDA" 8 3000 2.87171717171717
135.21 12.785 0 0 "KDE QDA" 8 3000 2.88181818181818
135.225 12.785 0 0 "KDE QDA" 8 3000 2.89191919191919
135.225 12.785 0 0 "KDE QDA" 8 3000 2.9020202020202
135.23 12.785 0 0 "KDE QDA" 8 3000 2.91212121212121
135.235 12.785 0 0 "KDE QDA" 8 3000 2.92222222222222
135.24 12.785 0 0 "KDE QDA" 8 3000 2.93232323232323
135.4 12.785 0 0 "KDE QDA" 8 3000 2.94242424242424
135.4 12.785 0 0 "KDE QDA" 8 3000 2.95252525252525
139.985 12.93 0 0 "KDE QDA" 8 3000 2.96262626262626
143.9 12.935 0 0 "KDE QDA" 8 3000 2.97272727272727
143.905 12.935 0 0 "KDE QDA" 8 3000 2.98282828282828
144.11 12.94 0 0 "KDE QDA" 8 3000 2.99292929292929
144.125 12.965 0 0 "KDE QDA" 8 3000 3.0030303030303
144.665 12.97 0 0 "KDE QDA" 8 3000 3.01313131313131
145.985 12.985 0 0 "KDE QDA" 8 3000 3.02323232323232
145.985 12.985 0 0 "KDE QDA" 8 3000 3.03333333333333
146.02 12.985 0 0 "KDE QDA" 8 3000 3.04343434343434
146.02 12.985 0 0 "KDE QDA" 8 3000 3.05353535353535
146.02 12.985 0 0 "KDE QDA" 8 3000 3.06363636363636
147.39 12.99 0 0 "KDE QDA" 8 3000 3.07373737373737
147.39 12.995 0 0 "KDE QDA" 8 3000 3.08383838383838
158.635 13.35 0 0 "KDE QDA" 8 3000 3.09393939393939
159.5 13.36 0 0 "KDE QDA" 8 3000 3.1040404040404
159.505 13.36 0 0 "KDE QDA" 8 3000 3.11414141414141
160.795 13.405 0 0 "KDE QDA" 8 3000 3.12424242424242
160.795 13.405 0 0 "KDE QDA" 8 3000 3.13434343434343
161.085 13.405 0 0 "KDE QDA" 8 3000 3.14444444444444
161.145 13.465 0 0 "KDE QDA" 8 3000 3.15454545454545
161.145 13.465 0 0 "KDE QDA" 8 3000 3.16464646464646
163.18 13.465 0 0 "KDE QDA" 8 3000 3.17474747474748
163.18 13.465 0 0 "KDE QDA" 8 3000 3.18484848484849
163.21 13.465 0 0 "KDE QDA" 8 3000 3.19494949494949
164.375 13.465 0 0 "KDE QDA" 8 3000 3.20505050505051
164.375 13.465 0 0 "KDE QDA" 8 3000 3.21515151515152
183.58 13.99 0 0 "KDE QDA" 8 3000 3.22525252525253
188.05 14.065 0 0 "KDE QDA" 8 3000 3.23535353535354
188.05 14.075 0 0 "KDE QDA" 8 3000 3.24545454545455
195.935 14.245 0 0 "KDE QDA" 8 3000 3.25555555555556
195.935 14.26 0 0 "KDE QDA" 8 3000 3.26565656565657
199.38 14.265 0 0 "KDE QDA" 8 3000 3.27575757575758
199.835 14.27 0 0 "KDE QDA" 8 3000 3.28585858585859
200.995 14.29 0 0 "KDE QDA" 8 3000 3.2959595959596
202.6 14.29 0 0 "KDE QDA" 8 3000 3.30606060606061
203.355 14.315 0 0 "KDE QDA" 8 3000 3.31616161616162
203.355 14.315 0 0 "KDE QDA" 8 3000 3.32626262626263
205.56 14.315 0 0 "KDE QDA" 8 3000 3.33636363636364
205.56 14.33 0 0 "KDE QDA" 8 3000 3.34646464646465
205.56 14.335 0 0 "KDE QDA" 8 3000 3.35656565656566
236.27 15.09 0 0 "KDE QDA" 8 3000 3.36666666666667
236.275 15.09 0 0 "KDE QDA" 8 3000 3.37676767676768
246.185 15.265 0 0 "KDE QDA" 8 3000 3.38686868686869
246.185 15.265 0 0 "KDE QDA" 8 3000 3.3969696969697
246.185 15.27 0 0 "KDE QDA" 8 3000 3.40707070707071
246.425 15.295 0 0 "KDE QDA" 8 3000 3.41717171717172
248.1 15.295 0 0 "KDE QDA" 8 3000 3.42727272727273
248.125 15.385 0 0 "KDE QDA" 8 3000 3.43737373737374
250.81 15.39 0 0 "KDE QDA" 8 3000 3.44747474747475
250.81 15.47 0 0 "KDE QDA" 8 3000 3.45757575757576
251.11 15.47 0 0 "KDE QDA" 8 3000 3.46767676767677
253.045 15.47 0 0 "KDE QDA" 8 3000 3.47777777777778
253.05 15.475 0 0 "KDE QDA" 8 3000 3.48787878787879
253.91 15.49 0 0 "KDE QDA" 8 3000 3.4979797979798
253.91 15.49 0 0 "KDE QDA" 8 3000 3.50808080808081
266.265 15.975 0 0 "KDE QDA" 8 3000 3.51818181818182
266.54 15.98 0 0 "KDE QDA" 8 3000 3.52828282828283
266.995 15.985 0 0 "KDE QDA" 8 3000 3.53838383838384
272.055 16.13 0 0 "KDE QDA" 8 3000 3.54848484848485
272.11 16.13 0 0 "KDE QDA" 8 3000 3.55858585858586
272.31 16.13 0 0 "KDE QDA" 8 3000 3.56868686868687
272.31 16.17 0 0 "KDE QDA" 8 3000 3.57878787878788
273.645 16.17 0 0 "KDE QDA" 8 3000 3.58888888888889
273.645 16.17 0 0 "KDE QDA" 8 3000 3.5989898989899
273.65 16.185 0 0 "KDE QDA" 8 3000 3.60909090909091
273.655 16.185 0 0 "KDE QDA" 8 3000 3.61919191919192
275.25 16.19 0 0 "KDE QDA" 8 3000 3.62929292929293
275.25 16.24 0 0 "KDE QDA" 8 3000 3.63939393939394
275.25 16.315 0 0 "KDE QDA" 8 3000 3.64949494949495
294.015 16.765 0 0 "KDE QDA" 8 3000 3.65959595959596
298.015 16.79 0 0 "KDE QDA" 8 3000 3.66969696969697
298.135 16.935 0 0 "KDE QDA" 8 3000 3.67979797979798
298.825 16.935 0 0 "KDE QDA" 8 3000 3.68989898989899
298.825 16.95 0 0 "KDE QDA" 8 3000 3.7
