127.5 13.33 0 0 "KDE LDA" 132 3000 2.5
130.335 13.34 0 0 "KDE LDA" 132 3000 2.51010101010101
130.39 13.4 0 0 "KDE LDA" 132 3000 2.52020202020202
134.895 13.505 0 0 "KDE LDA" 132 3000 2.53030303030303
141.115 13.565 0 0 "KDE LDA" 132 3000 2.54040404040404
141.78 13.58 0 0 "KDE LDA" 132 3000 2.55050505050505
143.595 13.6 0 0 "KDE LDA" 132 3000 2.56060606060606
143.7 13.615 0 0 "KDE LDA" 132 3000 2.57070707070707
143.71 13.62 0 0 "KDE LDA" 132 3000 2.58080808080808
145.405 13.68 0 0 "KDE LDA" 132 3000 2.59090909090909
145.415 13.695 0 0 "KDE LDA" 132 3000 2.6010101010101
146.74 13.715 0 0 "KDE LDA" 132 3000 2.61111111111111
148.33 13.785 0 0 "KDE LDA" 132 3000 2.62121212121212
152.175 13.85 0 0 "KDE LDA" 132 3000 2.63131313131313
152.59 14.045 0 0 "KDE LDA" 132 3000 2.64141414141414
159.42 14.29 0 0 "KDE LDA" 132 3000 2.65151515151515
162.18 14.355 0 0 "KDE LDA" 132 3000 2.66161616161616
165.32 14.695 0 0 "KDE LDA" 132 3000 2.67171717171717
167.48 14.7 0 0 "KDE LDA" 132 3000 2.68181818181818
167.48 14.725 0 0 "KDE LDA" 132 3000 2.69191919191919
169.18 14.73 0 0 "KDE LDA" 132 3000 2.7020202020202
170.325 14.755 0 0 "KDE LDA" 132 3000 2.71212121212121
171.4 14.875 0 0 "KDE LDA" 132 3000 2.72222222222222
171.4 14.875 0 0 "KDE LDA" 132 3000 2.73232323232323
171.415 14.915 0 0 "KDE LDA" 132 3000 2.74242424242424
171.45 15.065 0 0 "KDE LDA" 132 3000 2.75252525252525
177.89 15.16 0 0 "KDE LDA" 132 3000 2.76262626262626
180.32 15.285 0 0 "KDE LDA" 132 3000 2.77272727272727
183.96 15.29 0 0 "KDE LDA" 132 3000 2.78282828282828
193.02 15.555 0 0 "KDE LDA" 132 3000 2.79292929292929
232.985 15.86 0 0 "KDE LDA" 132 3000 2.8030303030303
237.58 15.97 0 0 "KDE LDA" 132 3000 2.81313131313131
243.03 15.98 0 0 "KDE LDA" 132 3000 2.82323232323232
243.28 16.05 0 0 "KDE LDA" 132 3000 2.83333333333333
244.215 16.055 0 0 "KDE LDA" 132 3000 2.84343434343434
254.535 16.06 0 0 "KDE LDA" 132 3000 2.85353535353535
254.555 16.085 0 0 "KDE LDA" 132 3000 2.86363636363636
254.565 16.15 0 0 "KDE LDA" 132 3000 2.87373737373737
257.335 16.195 0 0 "KDE LDA" 132 3000 2.88383838383838
261.835 16.22 0 0 "KDE LDA" 132 3000 2.89393939393939
263.645 16.23 0 0 "KDE LDA" 132 3000 2.9040404040404
263.66 16.25 0 0 "KDE LDA" 132 3000 2.91414141414141
264.675 16.26 0 0 "KDE LDA" 132 3000 2.92424242424242
264.68 16.26 0 0 "KDE LDA" 132 3000 2.93434343434343
265.205 16.32 0 0 "KDE LDA" 132 3000 2.94444444444444
270.1 16.34 0 0 "KDE LDA" 132 3000 2.95454545454545
276.355 16.515 0 0 "KDE LDA" 132 3000 2.96464646464646
280.98 16.525 0 0 "KDE LDA" 132 3000 2.97474747474747
286.22 16.59 0 0 "KDE LDA" 132 3000 2.98484848484848
289.56 16.65 0 0 "KDE LDA" 132 3000 2.99494949494949
294.085 16.655 0 0 "KDE LDA" 132 3000 3.00505050505051
297.855 16.78 0 0 "KDE LDA" 132 3000 3.01515151515152
297.875 16.8 0 0 "KDE LDA" 132 3000 3.02525252525253
299.56 16.99 0 0 "KDE LDA" 132 3000 3.03535353535354
300.84 17.01 0 0 "KDE LDA" 132 3000 3.04545454545455
309.4 17.06 0 0 "KDE LDA" 132 3000 3.05555555555556
309.895 17.165 0 0 "KDE LDA" 132 3000 3.06565656565657
311.865 17.18 0 0 "KDE LDA" 132 3000 3.07575757575758
312.545 17.29 0 0 "KDE LDA" 132 3000 3.08585858585859
319.035 17.395 0 0 "KDE LDA" 132 3000 3.0959595959596
320.33 17.41 0 0 "KDE LDA" 132 3000 3.10606060606061
320.335 17.415 0 0 "KDE LDA" 132 3000 3.11616161616162
327.005 17.545 0 0 "KDE LDA" 132 3000 3.12626262626263
328.715 17.545 0 0 "KDE LDA" 132 3000 3.13636363636364
332.23 17.565 0 0 "KDE LDA" 132 3000 3.14646464646465
333.545 17.635 0 0 "KDE LDA" 132 3000 3.15656565656566
342.515 17.665 0 0 "KDE LDA" 132 3000 3.16666666666667
345.725 17.69 0 0 "KDE LDA" 132 3000 3.17676767676768
346.925 17.735 0 0 "KDE LDA" 132 3000 3.18686868686869
347.025 17.855 0 0 "KDE LDA" 132 3000 3.1969696969697
349.625 17.885 0 0 "KDE LDA" 132 3000 3.20707070707071
362.285 17.945 0 0 "KDE LDA" 132 3000 3.21717171717172
374.415 18.345 0 0 "KDE LDA" 132 3000 3.22727272727273
384.815 18.355 0 0 "KDE LDA" 132 3000 3.23737373737374
391.075 18.49 0 0 "KDE LDA" 132 3000 3.24747474747475
396.775 18.675 0 0 "KDE LDA" 132 3000 3.25757575757576
398.355 18.705 0 0 "KDE LDA" 132 3000 3.26767676767677
398.37 18.8 0 0 "KDE LDA" 132 3000 3.27777777777778
399.095 18.835 0 0 "KDE LDA" 132 3000 3.28787878787879
399.56 18.845 0 0 "KDE LDA" 132 3000 3.2979797979798
403.385 19.06 0 0 "KDE LDA" 132 3000 3.30808080808081
407.19 19.075 0 0 "KDE LDA" 132 3000 3.31818181818182
417.09 19.14 0 0 "KDE LDA" 132 3000 3.32828282828283
422.455 19.225 0 0 "KDE LDA" 132 3000 3.33838383838384
431.48 19.7 0 0 "KDE LDA" 132 3000 3.34848484848485
470.475 20.055 0 0 "KDE LDA" 132 3000 3.35858585858586
470.485 20.09 0 0 "KDE LDA" 132 3000 3.36868686868687
476.41 20.12 0 0 "KDE LDA" 132 3000 3.37878787878788
478.11 20.14 0 0 "KDE LDA" 132 3000 3.38888888888889
478.875 20.205 0 0 "KDE LDA" 132 3000 3.3989898989899
483.11 20.22 0 0 "KDE LDA" 132 3000 3.40909090909091
483.205 20.225 0 0 "KDE LDA" 132 3000 3.41919191919192
490.71 20.265 0 0 "KDE LDA" 132 3000 3.42929292929293
491.84 20.37 0 0 "KDE LDA" 132 3000 3.43939393939394
493.05 20.39 0 0 "KDE LDA" 132 3000 3.44949494949495
493.39 20.41 0 0 "KDE LDA" 132 3000 3.45959595959596
507.1 20.57 0 0 "KDE LDA" 132 3000 3.46969696969697
512 20.58 0 0 "KDE LDA" 132 3000 3.47979797979798
525.405 20.595 0 0 "KDE LDA" 132 3000 3.48989898989899
531.86 20.6 0 0 "KDE LDA" 132 3000 3.5
107.825 12.075 0 0 "KDE QDA" 132 3000 2.7
107.84 12.075 0 0 "KDE QDA" 132 3000 2.71010101010101
107.84 12.125 0 0 "KDE QDA" 132 3000 2.72020202020202
107.845 12.145 0 0 "KDE QDA" 132 3000 2.73030303030303
107.845 12.145 0 0 "KDE QDA" 132 3000 2.74040404040404
107.85 12.15 0 0 "KDE QDA" 132 3000 2.75050505050505
107.85 12.185 0 0 "KDE QDA" 132 3000 2.76060606060606
107.85 12.19 0 0 "KDE QDA" 132 3000 2.77070707070707
108.81 12.19 0 0 "KDE QDA" 132 3000 2.78080808080808
109.065 12.19 0 0 "KDE QDA" 132 3000 2.79090909090909
133.645 13.435 0 0 "KDE QDA" 132 3000 2.8010101010101
133.645 13.45 0 0 "KDE QDA" 132 3000 2.81111111111111
133.645 13.45 0 0 "KDE QDA" 132 3000 2.82121212121212
141.575 13.56 0 0 "KDE QDA" 132 3000 2.83131313131313
141.61 13.58 0 0 "KDE QDA" 132 3000 2.84141414141414
142.06 13.65 0 0 "KDE QDA" 132 3000 2.85151515151515
142.06 13.65 0 0 "KDE QDA" 132 3000 2.86161616161616
142.07 13.65 0 0 "KDE QDA" 132 3000 2.87171717171717
142.07 13.65 0 0 "KDE QDA" 132 3000 2.88181818181818
142.07 13.67 0 0 "KDE QDA" 132 3000 2.89191919191919
142.075 13.705 0 0 "KDE QDA" 132 3000 2.9020202020202
142.075 13.73 0 0 "KDE QDA" 132 3000 2.91212121212121
142.075 13.73 0 0 "KDE QDA" 132 3000 2.92222222222222
142.575 13.745 0 0 "KDE QDA" 132 3000 2.93232323232323
142.685 13.745 0 0 "KDE QDA" 132 3000 2.94242424242424
147.325 13.745 0 0 "KDE QDA" 132 3000 2.95252525252525
151.565 13.94 0 0 "KDE QDA" 132 3000 2.96262626262626
152.885 13.96 0 0 "KDE QDA" 132 3000 2.97272727272727
155.605 13.975 0 0 "KDE QDA" 132 3000 2.98282828282828
155.605 13.99 0 0 "KDE QDA" 132 3000 2.99292929292929
155.61 13.995 0 0 "KDE QDA" 132 3000 3.0030303030303
155.625 13.995 0 0 "KDE QDA" 132 3000 3.01313131313131
155.91 13.995 0 0 "KDE QDA" 132 3000 3.02323232323232
155.945 14.02 0 0 "KDE QDA" 132 3000 3.03333333333333
155.945 14.02 0 0 "KDE QDA" 132 3000 3.04343434343434
155.945 14.02 0 0 "KDE QDA" 132 3000 3.05353535353535
155.945 14.025 0 0 "KDE QDA" 132 3000 3.06363636363636
155.945 14.025 0 0 "KDE QDA" 132 3000 3.07373737373737
156.26 14.045 0 0 "KDE QDA" 132 3000 3.08383838383838
169.75 14.375 0 0 "KDE QDA" 132 3000 3.09393939393939
170.025 14.38 0 0 "KDE QDA" 132 3000 3.1040404040404
170.025 14.385 0 0 "KDE QDA" 132 3000 3.11414141414141
173.34 14.455 0 0 "KDE QDA" 132 3000 3.12424242424242
173.36 14.46 0 0 "KDE QDA" 132 3000 3.13434343434343
179.135 14.46 0 0 "KDE QDA" 132 3000 3.14444444444444
179.135 14.465 0 0 "KDE QDA" 132 3000 3.15454545454545
179.135 14.465 0 0 "KDE QDA" 132 3000 3.16464646464646
179.14 14.465 0 0 "KDE QDA" 132 3000 3.17474747474748
179.525 14.465 0 0 "KDE QDA" 132 3000 3.18484848484849
179.53 14.465 0 0 "KDE QDA" 132 3000 3.19494949494949
179.53 14.47 0 0 "KDE QDA" 132 3000 3.20505050505051
179.535 14.475 0 0 "KDE QDA" 132 3000 3.21515151515152
203.975 15.115 0 0 "KDE QDA" 132 3000 3.22525252525253
208.305 15.165 0 0 "KDE QDA" 132 3000 3.23535353535354
208.79 15.17 0 0 "KDE QDA" 132 3000 3.24545454545455
216.56 15.215 0 0 "KDE QDA" 132 3000 3.25555555555556
216.595 15.225 0 0 "KDE QDA" 132 3000 3.26565656565657
217.785 15.255 0 0 "KDE QDA" 132 3000 3.27575757575758
217.85 15.27 0 0 "KDE QDA" 132 3000 3.28585858585859
217.85 15.28 0 0 "KDE QDA" 132 3000 3.2959595959596
217.855 15.285 0 0 "KDE QDA" 132 3000 3.30606060606061
218.48 15.29 0 0 "KDE QDA" 132 3000 3.31616161616162
218.5 15.3 0 0 "KDE QDA" 132 3000 3.32626262626263
218.5 15.3 0 0 "KDE QDA" 132 3000 3.33636363636364
223.62 15.3 0 0 "KDE QDA" 132 3000 3.34646464646465
225.31 15.305 0 0 "KDE QDA" 132 3000 3.35656565656566
256.68 15.915 0 0 "KDE QDA" 132 3000 3.36666666666667
256.685 15.915 0 0 "KDE QDA" 132 3000 3.37676767676768
261.225 16.39 0 0 "KDE QDA" 132 3000 3.38686868686869
261.255 16.425 0 0 "KDE QDA" 132 3000 3.3969696969697
261.255 16.485 0 0 "KDE QDA" 132 3000 3.40707070707071
263.28 16.49 0 0 "KDE QDA" 132 3000 3.41717171717172
265.715 16.495 0 0 "KDE QDA" 132 3000 3.42727272727273
267.82 16.5 0 0 "KDE QDA" 132 3000 3.43737373737374
267.82 16.51 0 0 "KDE QDA" 132 3000 3.44747474747475
267.82 16.51 0 0 "KDE QDA" 132 3000 3.45757575757576
267.915 16.51 0 0 "KDE QDA" 132 3000 3.46767676767677
268.02 16.51 0 0 "KDE QDA" 132 3000 3.47777777777778
268.02 16.51 0 0 "KDE QDA" 132 3000 3.48787878787879
268.02 16.51 0 0 "KDE QDA" 132 3000 3.4979797979798
268.02 16.515 0 0 "KDE QDA" 132 3000 3.50808080808081
281.005 16.73 0 0 "KDE QDA" 132 3000 3.51818181818182
282.355 16.735 0 0 "KDE QDA" 132 3000 3.52828282828283
282.355 16.735 0 0 "KDE QDA" 132 3000 3.53838383838384
285.455 16.865 0 0 "KDE QDA" 132 3000 3.54848484848485
286.13 16.865 0 0 "KDE QDA" 132 3000 3.55858585858586
286.135 16.94 0 0 "KDE QDA" 132 3000 3.56868686868687
286.73 16.945 0 0 "KDE QDA" 132 3000 3.57878787878788
286.73 16.945 0 0 "KDE QDA" 132 3000 3.58888888888889
286.73 16.95 0 0 "KDE QDA" 132 3000 3.5989898989899
286.735 16.955 0 0 "KDE QDA" 132 3000 3.60909090909091
286.735 16.96 0 0 "KDE QDA" 132 3000 3.61919191919192
286.765 16.96 0 0 "KDE QDA" 132 3000 3.62929292929293
286.77 16.965 0 0 "KDE QDA" 132 3000 3.63939393939394
289.87 16.965 0 0 "KDE QDA" 132 3000 3.64949494949495
308.355 17.39 0 0 "KDE QDA" 132 3000 3.65959595959596
310.635 17.395 0 0 "KDE QDA" 132 3000 3.66969696969697
314.46 17.455 0 0 "KDE QDA" 132 3000 3.67979797979798
318.03 17.485 0 0 "KDE QDA" 132 3000 3.68989898989899
318.48 17.485 0 0 "KDE QDA" 132 3000 3.7
