91.212 19.87 0 0 84.5456742064727 14.695613667386 "LDA" 50 1000 1.5
95.793 20.515 0 0 87.2367032469327 15.0786319054528 "LDA" 50 1000 1.53535353535354
101.313 21.24 0 0 92.2567956702776 15.5537236158522 "LDA" 50 1000 1.57070707070707
107.802 22.003 0 0 97.972023115343 16.649149683548 "LDA" 50 1000 1.60606060606061
114.338 22.881 0 0 101.006683472462 17.1661153006297 "LDA" 50 1000 1.64141414141414
121.453 23.407 0 0 107.897078600723 17.5103959111428 "LDA" 50 1000 1.67676767676768
129.086 24.154 0 0 116.95093897069 18.1034808813118 "LDA" 50 1000 1.71212121212121
136.42 24.848 0 0 124.16992296756 18.5152291292792 "LDA" 50 1000 1.74747474747475
145.231 25.43 0 0 133.130820828441 18.7032861527838 "LDA" 50 1000 1.78282828282828
154.233 25.971 0 0 140.854494779896 19.2944145657087 "LDA" 50 1000 1.81818181818182
162.984 26.454 0 0 149.147862300567 19.4802300644362 "LDA" 50 1000 1.85353535353535
169.651 27.32 0 0 151.944122016007 20.3103449037703 "LDA" 50 1000 1.88888888888889
180.337 27.785 0 0 168.860941157061 20.3879484854029 "LDA" 50 1000 1.92424242424242
191.892 28.432 0 0 181.251506047383 20.5982441888541 "LDA" 50 1000 1.95959595959596
202.669 29.07 0 0 193.848989860329 21.1572382112772 "LDA" 50 1000 1.99494949494949
215.051 30.096 0 0 208.661448281658 21.9036196221664 "LDA" 50 1000 2.03030303030303
227.391 30.661 0 0 225.028913989139 22.0435477407108 "LDA" 50 1000 2.06565656565657
243.292 31.343 0 0 234.43656549105 22.5214245900557 "LDA" 50 1000 2.1010101010101
252.744 32.211 0 0 242.673362412987 23.6480804868114 "LDA" 50 1000 2.13636363636364
267.846 33.248 0 0 258.728720544965 24.560694691391 "LDA" 50 1000 2.17171717171717
283.25 34.022 0 0 270.762393573727 25.3796304473025 "LDA" 50 1000 2.20707070707071
299.13 34.914 0 0 282.094232936897 26.2262544108079 "LDA" 50 1000 2.24242424242424
319.286 35.726 0 0 302.046824993226 26.7914670502887 "LDA" 50 1000 2.27777777777778
342.675 36.455 0 0 326.250334337998 26.8721060783312 "LDA" 50 1000 2.31313131313131
359.825 37.342 0 0 344.221778811289 27.3604025487131 "LDA" 50 1000 2.34848484848485
384.683 37.996 0 0 366.077072395874 27.7577462427423 "LDA" 50 1000 2.38383838383838
402.524 38.798 0 0 384.932100695884 28.0851913643823 "LDA" 50 1000 2.41919191919192
428.027 40.001 0 0 401.8275023099 29.3668761091883 "LDA" 50 1000 2.45454545454545
450.135 40.925 0 0 417.273742465484 29.8956706920271 "LDA" 50 1000 2.48989898989899
475.605 41.566 0 0 447.138651817251 30.0402073571082 "LDA" 50 1000 2.52525252525253
504.948 42.52 0 0 472.35497511778 30.7030662683433 "LDA" 50 1000 2.56060606060606
533.557 43.045 0 0 495.258057273473 30.7455405427074 "LDA" 50 1000 2.5959595959596
566.179 44.254 0 0 527.522404117442 31.4650843878661 "LDA" 50 1000 2.63131313131313
607.338 45.379 0 0 593.323650894443 32.7683555297504 "LDA" 50 1000 2.66666666666667
640.592 46.361 0 0 622.551480507341 33.389212607046 "LDA" 50 1000 2.7020202020202
682.49 47.158 0 0 668.648335447338 33.6617312113942 "LDA" 50 1000 2.73737373737374
717.67 48.194 0 0 716.466520763793 34.289387952049 "LDA" 50 1000 2.77272727272727
763.783 48.977 0 0 753.447877171749 34.8416476563812 "LDA" 50 1000 2.80808080808081
813.152 49.726 0 0 805.594839818343 35.4743760389856 "LDA" 50 1000 2.84343434343434
851.8 50.429 0 0 845.287453402024 35.7070294333056 "LDA" 50 1000 2.87878787878788
900.407 51.284 0 0 908.503293106076 36.0212558758697 "LDA" 50 1000 2.91414141414141
963.115 52.348 0 0 971.904147252416 36.6284935882237 "LDA" 50 1000 2.94949494949495
1004.534 52.927 0 0 997.993588178825 37.2537986857249 "LDA" 50 1000 2.98484848484848
1062.973 54.065 0 0 1045.04976497882 38.0263695319416 "LDA" 50 1000 3.02020202020202
1120.084 55.402 0 0 1088.65080145633 39.8972704353091 "LDA" 50 1000 3.05555555555556
1167.13413413413 55.878 1 0 1131.83113557852 40.1320781881489 "LDA" 50 1000 3.09090909090909
1213.78778778779 56.765 1 0 1165.46107530329 40.2721196191437 "LDA" 50 1000 3.12626262626263
1267.89289289289 57.441 1 0 1197.83852241908 40.5256319610916 "LDA" 50 1000 3.16161616161616
1321.75275275275 58.01 1 0 1249.29744582554 40.6995374955583 "LDA" 50 1000 3.1969696969697
1373.75875875876 59.155 1 0 1294.71379713582 41.7318646063595 "LDA" 50 1000 3.23232323232323
1452.04604604605 60.403 1 0 1375.29138974083 42.5626617021442 "LDA" 50 1000 3.26767676767677
1530.81663326653 61.36 2 0 1466.7155330221 42.8630334862063 "LDA" 50 1000 3.3030303030303
1632.33867735471 62.104 2 0 1555.98932833639 43.4764693528279 "LDA" 50 1000 3.33838383838384
1711.75125376128 63.135 3 0 1640.5501716723 43.9558516228715 "LDA" 50 1000 3.37373737373737
1797.37085427136 64.338 5 0 1714.61037808788 45.5814372680746 "LDA" 50 1000 3.40909090909091
1901.14271356784 65.036 5 0 1807.00234381642 46.068460002555 "LDA" 50 1000 3.44444444444444
1994.17824773414 66.087 7 0 1891.47663169177 46.7329583955521 "LDA" 50 1000 3.47979797979798
2059.03935418769 66.627 9 0 1960.01563368976 46.9609966483486 "LDA" 50 1000 3.51515151515152
2126.84584178499 67.466 14 0 1980.83210033401 47.3735273659783 "LDA" 50 1000 3.55050505050505
2221.66768292683 68.576 16 0 2030.11722404634 48.2029433514982 "LDA" 50 1000 3.58585858585859
2328.00305188199 69.452 17 0 2101.16563590837 48.6939091960462 "LDA" 50 1000 3.62121212121212
2425.69011213048 70.396 19 0 2157.19117821804 49.3447473201362 "LDA" 50 1000 3.65656565656566
2530.67213114754 71.061 24 0 2210.8743231818 49.780230517248 "LDA" 50 1000 3.69191919191919
2578.26212590299 72.222 31 0 2220.00211530594 50.685537776961 "LDA" 50 1000 3.72727272727273
2652.51090342679 72.976 37 0 2280.28220721198 51.185636592636 "LDA" 50 1000 3.76262626262626
2743.32567849687 73.868 42 0 2308.92860441835 51.7043897548353 "LDA" 50 1000 3.7979797979798
2827.83175604627 75.058 49 0 2346.40999268445 52.4887769690598 "LDA" 50 1000 3.83333333333333
2942.8689217759 75.951 54 0 2398.46394798514 53.122901291643 "LDA" 50 1000 3.86868686868687
3049.60725720384 76.614 63 0 2432.99609216233 53.2517300258945 "LDA" 50 1000 3.9040404040404
3158.57605177994 77.407 73 0 2490.79605540483 53.5920839533458 "LDA" 50 1000 3.93939393939394
3261.42122538293 78.245 86 0 2525.26388258757 53.9957082693756 "LDA" 50 1000 3.97474747474747
3319.65926748058 78.787 99 0 2526.28804471768 54.0326490018596 "LDA" 50 1000 4.01010101010101
3409.801578354 79.472 113 0 2558.54906617316 54.2930654223258 "LDA" 50 1000 4.04545454545454
3477.22298850575 80.178 130 0 2574.04006993565 54.8938945207539 "LDA" 50 1000 4.08080808080808
3553.63071512309 81.44 147 0 2615.86166395014 55.4329072592013 "LDA" 50 1000 4.11616161616162
3591.59546539379 81.904 162 0 2617.09219877653 55.3812772502573 "LDA" 50 1000 4.15151515151515
3683.57926829268 82.856 180 0 2650.4832019315 55.9137694455812 "LDA" 50 1000 4.18686868686869
3811.15049751244 83.832 196 0 2690.30100830834 56.1319389525301 "LDA" 50 1000 4.22222222222222
3887.05037783375 84.742 206 0 2705.9303327937 57.1606400836692 "LDA" 50 1000 4.25757575757576
3950.85897435897 85.737 220 0 2728.55758809244 57.9557650428471 "LDA" 50 1000 4.29292929292929
4001.75032509753 86.5 231 0 2738.61684886239 58.0358696166617 "LDA" 50 1000 4.32828282828283
4071.7190412783 87.527 249 0 2743.44907144704 58.6663533212353 "LDA" 50 1000 4.36363636363636
4154.1241473397 88.465 267 0 2779.99572318109 59.2747861681109 "LDA" 50 1000 4.3989898989899
4225.01836158192 89.925 292 0 2768.23019119774 59.8531183044858 "LDA" 50 1000 4.43434343434343
4265.68859649123 90.803 316 0 2765.83271231117 60.3995720125507 "LDA" 50 1000 4.46969696969697
4328.00903614458 91.159 336 0 2775.42098554022 60.4008939253964 "LDA" 50 1000 4.50505050505051
4407.09523809524 91.966 349 0 2782.68904868743 60.7027319456519 "LDA" 50 1000 4.54040404040404
4442.44670846395 92.669 362 0 2804.80865447313 60.8871635542804 "LDA" 50 1000 4.57575757575758
4469.44904458599 93.75 372 0 2791.88930028091 61.8270173959579 "LDA" 50 1000 4.61111111111111
4488.64579901153 95.022 393 0 2799.46641451863 62.6881753070172 "LDA" 50 1000 4.64646464646465
4547.6323777403 96.23 407 0 2818.28071207572 64.7796689209316 "LDA" 50 1000 4.68181818181818
4545.15679442509 97.911 426 0 2805.97786394143 65.9033711833722 "LDA" 50 1000 4.71717171717172
4565.74100719424 98.819 444 0 2779.38446705107 66.4471328234745 "LDA" 50 1000 4.75252525252525
4575.88311688312 99.532 461 0 2775.70365559991 66.7041109258973 "LDA" 50 1000 4.78787878787879
4593.5945945946 100.175 482 0 2773.33396233904 67.0334383487589 "LDA" 50 1000 4.82323232323232
4595.93625498008 101.243 498 0 2764.66973117502 67.7512818121339 "LDA" 50 1000 4.85858585858586
4629.37160751566 102.214 521 0 2775.14913536978 68.3226916492185 "LDA" 50 1000 4.89393939393939
4645.35217391304 103.037 540 0 2803.60063422489 68.9234943910934 "LDA" 50 1000 4.92929292929293
4654.31685393258 103.948 555 0 2826.64169324484 69.3611726275462 "LDA" 50 1000 4.96464646464646
4644.09345794393 105.028 572 0 2822.67751551337 70.1372971852812 "LDA" 50 1000 5
28.774 14.808 0 0 22.874837314879 9.54527360782541 "uLSIF" 50 1000 1.5
30.121 15.171 0 0 24.1941256240996 9.73974443307532 "uLSIF" 50 1000 1.53535353535354
31.368 15.479 0 0 25.268974991026 9.89208837467662 "uLSIF" 50 1000 1.57070707070707
32.193 16.024 0 0 26.2923760820516 10.2371002838803 "uLSIF" 50 1000 1.60606060606061
32.979 16.494 0 0 26.5722155952725 10.5395942543841 "uLSIF" 50 1000 1.64141414141414
34.104 16.961 0 0 27.8501492781424 10.8289771329404 "uLSIF" 50 1000 1.67676767676768
35.403 17.387 0 0 29.6277639283729 11.1927882812778 "uLSIF" 50 1000 1.71212121212121
36.86 17.89 0 0 30.1547626372636 11.6642168169986 "uLSIF" 50 1000 1.74747474747475
37.934 18.39 0 0 30.8263183968814 12.2850650312818 "uLSIF" 50 1000 1.78282828282828
38.749 18.97 0 0 31.1415123716366 12.7120689384811 "uLSIF" 50 1000 1.81818181818182
39.957 19.457 0 0 31.8194536192661 13.1437022146695 "uLSIF" 50 1000 1.85353535353535
40.729 19.951 0 0 32.1751270051541 13.4414013506877 "uLSIF" 50 1000 1.88888888888889
41.808 20.517 0 0 32.8920206284293 13.9703572567734 "uLSIF" 50 1000 1.92424242424242
42.892 20.935 0 0 33.6970596317813 14.2050892133615 "uLSIF" 50 1000 1.95959595959596
44.283 21.251 0 0 34.8085125155262 14.245382758281 "uLSIF" 50 1000 1.99494949494949
45.68 21.922 0 0 35.7278053632752 14.7589885745516 "uLSIF" 50 1000 2.03030303030303
46.972 22.374 0 0 36.7777353546656 14.8779527313901 "uLSIF" 50 1000 2.06565656565657
48.148 22.793 0 0 38.0371518508014 15.0294389461162 "uLSIF" 50 1000 2.1010101010101
49.31 23.295 0 0 38.6927257637276 15.2942436520702 "uLSIF" 50 1000 2.13636363636364
50.698 23.638 0 0 39.7397539504719 15.3020622502037 "uLSIF" 50 1000 2.17171717171717
52.011 24.081 0 0 40.1647368357504 15.6301868748183 "uLSIF" 50 1000 2.20707070707071
53.406 24.648 0 0 41.6397770771535 16.0699825868089 "uLSIF" 50 1000 2.24242424242424
54.435 25.135 0 0 42.1858912958399 16.2520430686084 "uLSIF" 50 1000 2.27777777777778
55.914 25.584 0 0 43.6069968488335 16.4745973048313 "uLSIF" 50 1000 2.31313131313131
57.715 26.177 0 0 44.8651608451107 17.0836038504913 "uLSIF" 50 1000 2.34848484848485
58.92 26.591 0 0 45.8753544743596 17.2703208708751 "uLSIF" 50 1000 2.38383838383838
60.121 27.017 0 0 46.1065523887134 17.3710812981077 "uLSIF" 50 1000 2.41919191919192
61.265 27.513 0 0 46.6877770248651 17.6364643813854 "uLSIF" 50 1000 2.45454545454545
62.809 27.87 0 0 47.7907781635482 17.7690979186013 "uLSIF" 50 1000 2.48989898989899
64.548 28.363 0 0 48.2607583528978 18.1082616542875 "uLSIF" 50 1000 2.52525252525253
66.497 28.851 0 0 49.9573991790279 18.4445927578248 "uLSIF" 50 1000 2.56060606060606
67.419 29.356 0 0 50.3690826150674 18.758175101356 "uLSIF" 50 1000 2.5959595959596
68.863 29.987 0 0 50.9281642012444 19.3239811438339 "uLSIF" 50 1000 2.63131313131313
70.458 30.509 0 0 52.1347894622417 19.5988784126805 "uLSIF" 50 1000 2.66666666666667
72.378 30.998 0 0 55.4903621928736 19.7279798557579 "uLSIF" 50 1000 2.7020202020202
73.267 31.54 0 0 55.8270397689988 19.9245925777515 "uLSIF" 50 1000 2.73737373737374
74.736 31.85 0 0 56.5856009443589 19.9447560349404 "uLSIF" 50 1000 2.77272727272727
76.419 32.213 0 0 57.6171430580706 20.0188007478816 "uLSIF" 50 1000 2.80808080808081
78.086 32.781 0 0 58.3510363870895 20.3325958365737 "uLSIF" 50 1000 2.84343434343434
80.658 33.149 0 0 61.3593677282288 20.5689056315322 "uLSIF" 50 1000 2.87878787878788
82.565 33.788 0 0 62.1092370934657 20.8852879140138 "uLSIF" 50 1000 2.91414141414141
84.478 34.223 0 0 63.3956033058959 20.9763981722383 "uLSIF" 50 1000 2.94949494949495
85.321 34.707 0 0 63.5543634703088 21.305470519894 "uLSIF" 50 1000 2.98484848484848
86.394 35.107 0 0 64.2484757066705 21.3836107757743 "uLSIF" 50 1000 3.02020202020202
88.085 35.473 0 0 65.7290352970518 21.5867380180114 "uLSIF" 50 1000 3.05555555555556
89.977 35.813 0 0 67.3654107800848 21.7177275673743 "uLSIF" 50 1000 3.09090909090909
91.286 36.274 0 0 68.5113714065921 21.7517369895386 "uLSIF" 50 1000 3.12626262626263
93.463 36.854 0 0 69.5951155693495 22.2484083852233 "uLSIF" 50 1000 3.16161616161616
95.287 37.226 0 0 70.2120670922411 22.2170772722814 "uLSIF" 50 1000 3.1969696969697
96.527 37.659 0 0 70.8717297169546 22.4913000419624 "uLSIF" 50 1000 3.23232323232323
98.538 38.082 0 0 72.018464404729 22.5891466316359 "uLSIF" 50 1000 3.26767676767677
99.736 38.52 0 0 72.4205705793806 22.7584170263563 "uLSIF" 50 1000 3.3030303030303
101.222 39.044 0 0 73.0585673981517 23.6469287908862 "uLSIF" 50 1000 3.33838383838384
102.823 39.518 0 0 73.6632740851841 23.9978660212439 "uLSIF" 50 1000 3.37373737373737
104.058 39.812 0 0 74.5704055331697 24.0749716564789 "uLSIF" 50 1000 3.40909090909091
105.843 40.324 0 0 76.3000921038439 24.2270091421119 "uLSIF" 50 1000 3.44444444444444
107.469 40.763 0 0 77.0496053246263 24.3991423855255 "uLSIF" 50 1000 3.47979797979798
108.973 41.204 0 0 77.79109026569 24.510225113922 "uLSIF" 50 1000 3.51515151515152
110.201 41.839 0 0 77.8061848531426 24.7797723176811 "uLSIF" 50 1000 3.55050505050505
111.307 42.321 0 0 78.5627192238905 24.8036122002054 "uLSIF" 50 1000 3.58585858585859
113.481 42.887 0 0 80.8121292829192 25.0677606423794 "uLSIF" 50 1000 3.62121212121212
115.256 43.389 0 0 81.6854146771073 25.5460031566051 "uLSIF" 50 1000 3.65656565656566
117.735 43.817 0 0 83.679154966909 25.9063824501155 "uLSIF" 50 1000 3.69191919191919
119.669 44.333 0 0 85.2300980206441 26.0606459679776 "uLSIF" 50 1000 3.72727272727273
121.617 44.619 0 0 86.4308081392023 26.0331243334826 "uLSIF" 50 1000 3.76262626262626
123.627 44.955 0 0 87.3690518560332 26.0744482559431 "uLSIF" 50 1000 3.7979797979798
124.976 45.518 0 0 88.293471792433 26.1621890547434 "uLSIF" 50 1000 3.83333333333333
126.722 45.931 0 0 89.5275147197324 26.4775243989747 "uLSIF" 50 1000 3.86868686868687
128.074 46.344 0 0 89.7979297767615 26.7179249102828 "uLSIF" 50 1000 3.9040404040404
131.151 47.033 0 0 91.2511642335262 27.3774256356297 "uLSIF" 50 1000 3.93939393939394
132.247 47.699 0 0 91.55318660198 27.8289570384851 "uLSIF" 50 1000 3.97474747474747
135.016 48.131 0 0 93.7453782324224 27.9859795978996 "uLSIF" 50 1000 4.01010101010101
137.472 48.685 0 0 96.0315743871737 28.0908681224321 "uLSIF" 50 1000 4.04545454545454
139.553 49.408 0 0 97.7821790795518 28.6705691875403 "uLSIF" 50 1000 4.08080808080808
141.323 50.12 0 0 100.794842483489 28.839336110724 "uLSIF" 50 1000 4.11616161616162
144.016 50.54 0 0 103.752804243492 28.9083048636562 "uLSIF" 50 1000 4.15151515151515
147.634 51.112 0 0 107.528016434408 29.332095523979 "uLSIF" 50 1000 4.18686868686869
150.381 51.806 0 0 110.149538173157 29.4742446060131 "uLSIF" 50 1000 4.22222222222222
152.066 52.458 0 0 111.118941063453 29.8676130668373 "uLSIF" 50 1000 4.25757575757576
154.436 52.864 0 0 113.380267194027 29.9206408478954 "uLSIF" 50 1000 4.29292929292929
156.768 53.307 0 0 114.007288529453 30.1309579274477 "uLSIF" 50 1000 4.32828282828283
159.171 53.872 0 0 115.353231975212 30.6700875491132 "uLSIF" 50 1000 4.36363636363636
161.86 54.298 0 0 121.122834928601 30.8461777645575 "uLSIF" 50 1000 4.3989898989899
163.697 54.77 0 0 122.843598696638 31.0960457946676 "uLSIF" 50 1000 4.43434343434343
165.76 55.424 0 0 123.171773088178 31.3919683944744 "uLSIF" 50 1000 4.46969696969697
167.157 55.772 0 0 123.630331269514 31.4463493730018 "uLSIF" 50 1000 4.50505050505051
169.741 56.379 0 0 124.297762863427 31.64773195567 "uLSIF" 50 1000 4.54040404040404
172.288 56.97 0 0 130.493669017518 31.9741684402808 "uLSIF" 50 1000 4.57575757575758
174.789 57.572 0 0 132.153134393135 32.0885414204275 "uLSIF" 50 1000 4.61111111111111
177.105 58.077 0 0 134.145200845613 32.1424985216024 "uLSIF" 50 1000 4.64646464646465
179.926 58.476 0 0 136.203810526732 32.1805377675857 "uLSIF" 50 1000 4.68181818181818
182.724 58.832 0 0 138.712071799331 32.2402731255678 "uLSIF" 50 1000 4.71717171717172
184.607 59.632 0 0 139.57529801084 32.9404257356769 "uLSIF" 50 1000 4.75252525252525
186.172 60.116 0 0 140.33834567668 33.1691232132345 "uLSIF" 50 1000 4.78787878787879
188.247 60.568 0 0 141.514799330068 33.2923377934887 "uLSIF" 50 1000 4.82323232323232
191.161 61.073 0 0 145.027570051611 33.4973094552494 "uLSIF" 50 1000 4.85858585858586
193.935 61.505 0 0 146.856704534273 33.5326469789281 "uLSIF" 50 1000 4.89393939393939
196.126 61.993 0 0 148.76344539801 33.5837284680813 "uLSIF" 50 1000 4.92929292929293
198.174 62.524 0 0 149.530415197274 33.7327930258573 "uLSIF" 50 1000 4.96464646464646
200.66 62.877 0 0 152.392946063819 34.0810708515796 "uLSIF" 50 1000 5
