134.535 15.335 0 0 "KDE LDA" 77 800 2.4
134.54 15.335 0 0 "KDE LDA" 77 800 2.41010101010101
137.245 15.36 0 0 "KDE LDA" 77 800 2.42020202020202
137.4 15.37 0 0 "KDE LDA" 77 800 2.43030303030303
137.985 15.4 0 0 "KDE LDA" 77 800 2.44040404040404
139.045 15.405 0 0 "KDE LDA" 77 800 2.45050505050505
139.145 15.435 0 0 "KDE LDA" 77 800 2.46060606060606
139.155 15.48 0 0 "KDE LDA" 77 800 2.47070707070707
139.485 15.49 0 0 "KDE LDA" 77 800 2.48080808080808
141.03 15.62 0 0 "KDE LDA" 77 800 2.49090909090909
143.335 15.65 0 0 "KDE LDA" 77 800 2.5010101010101
143.855 15.67 0 0 "KDE LDA" 77 800 2.51111111111111
150.74 15.795 0 0 "KDE LDA" 77 800 2.52121212121212
153.795 16.18 0 0 "KDE LDA" 77 800 2.53131313131313
155.3 16.2 0 0 "KDE LDA" 77 800 2.54141414141414
155.34 16.205 0 0 "KDE LDA" 77 800 2.55151515151515
155.37 16.225 0 0 "KDE LDA" 77 800 2.56161616161616
156.325 16.235 0 0 "KDE LDA" 77 800 2.57171717171717
156.325 16.245 0 0 "KDE LDA" 77 800 2.58181818181818
156.57 16.26 0 0 "KDE LDA" 77 800 2.59191919191919
156.775 16.265 0 0 "KDE LDA" 77 800 2.6020202020202
157.555 16.27 0 0 "KDE LDA" 77 800 2.61212121212121
157.58 16.285 0 0 "KDE LDA" 77 800 2.62222222222222
158.665 16.33 0 0 "KDE LDA" 77 800 2.63232323232323
159.46 16.36 0 0 "KDE LDA" 77 800 2.64242424242424
160.805 16.405 0 0 "KDE LDA" 77 800 2.65252525252525
164.15 16.53 0 0 "KDE LDA" 77 800 2.66262626262626
172.065 16.75 0 0 "KDE LDA" 77 800 2.67272727272727
176.03 16.765 0 0 "KDE LDA" 77 800 2.68282828282828
180.405 16.8 0 0 "KDE LDA" 77 800 2.69292929292929
181.175 16.895 0 0 "KDE LDA" 77 800 2.7030303030303
181.185 17.1 0 0 "KDE LDA" 77 800 2.71313131313131
183.215 17.19 0 0 "KDE LDA" 77 800 2.72323232323232
185.025 17.26 0 0 "KDE LDA" 77 800 2.73333333333333
190.045 17.29 0 0 "KDE LDA" 77 800 2.74343434343434
190.315 17.305 0 0 "KDE LDA" 77 800 2.75353535353535
190.51 17.325 0 0 "KDE LDA" 77 800 2.76363636363636
191.81 17.47 0 0 "KDE LDA" 77 800 2.77373737373737
196.96 17.71 0 0 "KDE LDA" 77 800 2.78383838383838
201.345 17.935 0 0 "KDE LDA" 77 800 2.79393939393939
233.425 18.325 0 0 "KDE LDA" 77 800 2.8040404040404
233.435 18.345 0 0 "KDE LDA" 77 800 2.81414141414141
237.3 18.35 0 0 "KDE LDA" 77 800 2.82424242424242
237.325 18.455 0 0 "KDE LDA" 77 800 2.83434343434343
237.335 18.515 0 0 "KDE LDA" 77 800 2.84444444444444
237.355 18.525 0 0 "KDE LDA" 77 800 2.85454545454545
237.75 18.54 0 0 "KDE LDA" 77 800 2.86464646464646
237.755 18.645 0 0 "KDE LDA" 77 800 2.87474747474747
237.805 18.74 0 0 "KDE LDA" 77 800 2.88484848484848
237.835 18.755 0 0 "KDE LDA" 77 800 2.89494949494949
238.73 18.82 0 0 "KDE LDA" 77 800 2.90505050505051
242.18 18.88 0 0 "KDE LDA" 77 800 2.91515151515152
244.42 18.975 0 0 "KDE LDA" 77 800 2.92525252525253
245.005 19.025 0 0 "KDE LDA" 77 800 2.93535353535354
245.095 19.05 0 0 "KDE LDA" 77 800 2.94545454545455
251.315 19.28 0 0 "KDE LDA" 77 800 2.95555555555556
252.915 19.29 0 0 "KDE LDA" 77 800 2.96565656565657
253.4 19.315 0 0 "KDE LDA" 77 800 2.97575757575758
262.65 19.32 0 0 "KDE LDA" 77 800 2.98585858585859
262.675 19.36 0 0 "KDE LDA" 77 800 2.9959595959596
264.63 19.36 0 0 "KDE LDA" 77 800 3.00606060606061
264.65 19.4 0 0 "KDE LDA" 77 800 3.01616161616162
267.75 19.42 0 0 "KDE LDA" 77 800 3.02626262626263
267.755 19.525 0 0 "KDE LDA" 77 800 3.03636363636364
271.885 19.615 0 0 "KDE LDA" 77 800 3.04646464646465
274.075 19.625 0 0 "KDE LDA" 77 800 3.05656565656566
278.045 19.76 0 0 "KDE LDA" 77 800 3.06666666666667
280.115 19.84 0 0 "KDE LDA" 77 800 3.07676767676768
294.62 19.905 0 0 "KDE LDA" 77 800 3.08686868686869
308.565 20.135 0 0 "KDE LDA" 77 800 3.0969696969697
308.595 20.295 0 0 "KDE LDA" 77 800 3.10707070707071
319.635 20.3 0 0 "KDE LDA" 77 800 3.11717171717172
321.235 20.35 0 0 "KDE LDA" 77 800 3.12727272727273
321.33 20.45 0 0 "KDE LDA" 77 800 3.13737373737374
323.12 20.655 0 0 "KDE LDA" 77 800 3.14747474747475
323.72 20.67 0 0 "KDE LDA" 77 800 3.15757575757576
323.95 20.69 0 0 "KDE LDA" 77 800 3.16767676767677
326.735 20.91 0 0 "KDE LDA" 77 800 3.17777777777778
344.155 20.95 0 0 "KDE LDA" 77 800 3.18787878787879
362.815 21.065 0 0 "KDE LDA" 77 800 3.1979797979798
368.025 21.195 0 0 "KDE LDA" 77 800 3.20808080808081
370.315 21.475 0 0 "KDE LDA" 77 800 3.21818181818182
391.415 21.69 0 0 "KDE LDA" 77 800 3.22828282828283
401.52 21.77 0 0 "KDE LDA" 77 800 3.23838383838384
407.22 21.775 0 0 "KDE LDA" 77 800 3.24848484848485
408.54 21.825 0 0 "KDE LDA" 77 800 3.25858585858586
409.255 21.93 0 0 "KDE LDA" 77 800 3.26868686868687
411.24 21.96 0 0 "KDE LDA" 77 800 3.27878787878788
414.605 21.97 0 0 "KDE LDA" 77 800 3.28888888888889
414.645 22.015 0 0 "KDE LDA" 77 800 3.2989898989899
421.36 22.21 0 0 "KDE LDA" 77 800 3.30909090909091
423.78 22.335 0 0 "KDE LDA" 77 800 3.31919191919192
430.68 22.385 0 0 "KDE LDA" 77 800 3.32929292929293
438.865 22.43 0 0 "KDE LDA" 77 800 3.33939393939394
463.4 22.56 0 0 "KDE LDA" 77 800 3.34949494949495
509.495 22.875 0 0 "KDE LDA" 77 800 3.35959595959596
512.74 23.02 0 0 "KDE LDA" 77 800 3.36969696969697
515.875 23.095 0 0 "KDE LDA" 77 800 3.37979797979798
519.41 23.29 0 0 "KDE LDA" 77 800 3.38989898989899
521.425 23.395 0 0 "KDE LDA" 77 800 3.4
145.395 17.45 0 0 "KDE QDA" 77 800 4.3
147.045 17.48 0 0 "KDE QDA" 77 800 4.31010101010101
147.105 17.49 0 0 "KDE QDA" 77 800 4.32020202020202
147.47 17.505 0 0 "KDE QDA" 77 800 4.33030303030303
148.8 17.525 0 0 "KDE QDA" 77 800 4.34040404040404
150.43 17.92 0 0 "KDE QDA" 77 800 4.35050505050505
150.455 17.935 0 0 "KDE QDA" 77 800 4.36060606060606
152.6 18 0 0 "KDE QDA" 77 800 4.37070707070707
152.61 18.035 0 0 "KDE QDA" 77 800 4.38080808080808
152.935 18.09 0 0 "KDE QDA" 77 800 4.39090909090909
153.74 18.095 0 0 "KDE QDA" 77 800 4.4010101010101
156.945 18.13 0 0 "KDE QDA" 77 800 4.41111111111111
156.945 18.16 0 0 "KDE QDA" 77 800 4.42121212121212
157.03 18.16 0 0 "KDE QDA" 77 800 4.43131313131313
157.1 18.185 0 0 "KDE QDA" 77 800 4.44141414141414
157.255 18.2 0 0 "KDE QDA" 77 800 4.45151515151515
158.925 18.22 0 0 "KDE QDA" 77 800 4.46161616161616
160.86 18.235 0 0 "KDE QDA" 77 800 4.47171717171717
162.005 18.575 0 0 "KDE QDA" 77 800 4.48181818181818
162.035 18.58 0 0 "KDE QDA" 77 800 4.49191919191919
162.17 18.65 0 0 "KDE QDA" 77 800 4.5020202020202
163.725 18.83 0 0 "KDE QDA" 77 800 4.51212121212121
163.935 18.9 0 0 "KDE QDA" 77 800 4.52222222222222
166.43 18.92 0 0 "KDE QDA" 77 800 4.53232323232323
166.845 18.92 0 0 "KDE QDA" 77 800 4.54242424242424
167.78 18.93 0 0 "KDE QDA" 77 800 4.55252525252525
167.815 18.995 0 0 "KDE QDA" 77 800 4.56262626262626
167.895 19.025 0 0 "KDE QDA" 77 800 4.57272727272727
168.315 19.035 0 0 "KDE QDA" 77 800 4.58282828282828
168.325 19.05 0 0 "KDE QDA" 77 800 4.59292929292929
169.825 19.065 0 0 "KDE QDA" 77 800 4.6030303030303
170.125 19.09 0 0 "KDE QDA" 77 800 4.61313131313131
173.275 19.125 0 0 "KDE QDA" 77 800 4.62323232323232
174.645 19.145 0 0 "KDE QDA" 77 800 4.63333333333333
176.74 19.255 0 0 "KDE QDA" 77 800 4.64343434343434
176.755 19.38 0 0 "KDE QDA" 77 800 4.65353535353535
178.855 19.39 0 0 "KDE QDA" 77 800 4.66363636363636
178.915 19.405 0 0 "KDE QDA" 77 800 4.67373737373737
181.605 19.42 0 0 "KDE QDA" 77 800 4.68383838383838
185.645 19.425 0 0 "KDE QDA" 77 800 4.69393939393939
186.27 19.435 0 0 "KDE QDA" 77 800 4.7040404040404
186.27 19.465 0 0 "KDE QDA" 77 800 4.71414141414141
186.575 19.47 0 0 "KDE QDA" 77 800 4.72424242424242
186.68 19.5 0 0 "KDE QDA" 77 800 4.73434343434343
188.11 19.515 0 0 "KDE QDA" 77 800 4.74444444444444
192.845 19.54 0 0 "KDE QDA" 77 800 4.75454545454545
192.875 19.64 0 0 "KDE QDA" 77 800 4.76464646464646
197.855 19.835 0 0 "KDE QDA" 77 800 4.77474747474747
197.875 19.855 0 0 "KDE QDA" 77 800 4.78484848484849
199.33 19.885 0 0 "KDE QDA" 77 800 4.79494949494949
199.52 19.95 0 0 "KDE QDA" 77 800 4.80505050505051
199.56 19.96 0 0 "KDE QDA" 77 800 4.81515151515152
199.675 20.135 0 0 "KDE QDA" 77 800 4.82525252525252
199.695 20.145 0 0 "KDE QDA" 77 800 4.83535353535354
205.585 20.155 0 0 "KDE QDA" 77 800 4.84545454545455
205.64 20.165 0 0 "KDE QDA" 77 800 4.85555555555556
206.295 20.175 0 0 "KDE QDA" 77 800 4.86565656565657
206.33 20.18 0 0 "KDE QDA" 77 800 4.87575757575758
206.49 20.235 0 0 "KDE QDA" 77 800 4.88585858585859
207.185 20.235 0 0 "KDE QDA" 77 800 4.8959595959596
214.655 20.455 0 0 "KDE QDA" 77 800 4.90606060606061
224.98 20.47 0 0 "KDE QDA" 77 800 4.91616161616162
225 20.545 0 0 "KDE QDA" 77 800 4.92626262626263
227.145 20.66 0 0 "KDE QDA" 77 800 4.93636363636364
227.175 20.665 0 0 "KDE QDA" 77 800 4.94646464646465
228.4 20.7 0 0 "KDE QDA" 77 800 4.95656565656566
230.56 20.71 0 0 "KDE QDA" 77 800 4.96666666666667
230.565 20.75 0 0 "KDE QDA" 77 800 4.97676767676768
230.58 20.76 0 0 "KDE QDA" 77 800 4.98686868686869
230.595 20.795 0 0 "KDE QDA" 77 800 4.9969696969697
230.645 20.825 0 0 "KDE QDA" 77 800 5.00707070707071
233.235 20.835 0 0 "KDE QDA" 77 800 5.01717171717172
233.245 20.86 0 0 "KDE QDA" 77 800 5.02727272727273
233.29 21.11 0 0 "KDE QDA" 77 800 5.03737373737374
236.345 21.22 0 0 "KDE QDA" 77 800 5.04747474747475
238.86 21.235 0 0 "KDE QDA" 77 800 5.05757575757576
238.87 21.325 0 0 "KDE QDA" 77 800 5.06767676767677
239.73 21.38 0 0 "KDE QDA" 77 800 5.07777777777778
241.175 21.41 0 0 "KDE QDA" 77 800 5.08787878787879
243.205 21.42 0 0 "KDE QDA" 77 800 5.0979797979798
248.645 21.42 0 0 "KDE QDA" 77 800 5.10808080808081
250.01 21.44 0 0 "KDE QDA" 77 800 5.11818181818182
250.5 21.45 0 0 "KDE QDA" 77 800 5.12828282828283
250.97 21.5 0 0 "KDE QDA" 77 800 5.13838383838384
252.88 21.52 0 0 "KDE QDA" 77 800 5.14848484848485
252.92 21.54 0 0 "KDE QDA" 77 800 5.15858585858586
253.02 21.56 0 0 "KDE QDA" 77 800 5.16868686868687
255.935 21.57 0 0 "KDE QDA" 77 800 5.17878787878788
257.67 21.57 0 0 "KDE QDA" 77 800 5.18888888888889
257.695 21.68 0 0 "KDE QDA" 77 800 5.1989898989899
259.405 21.725 0 0 "KDE QDA" 77 800 5.20909090909091
259.49 21.74 0 0 "KDE QDA" 77 800 5.21919191919192
259.595 21.825 0 0 "KDE QDA" 77 800 5.22929292929293
260.52 21.845 0 0 "KDE QDA" 77 800 5.23939393939394
260.555 21.865 0 0 "KDE QDA" 77 800 5.24949494949495
260.71 21.87 0 0 "KDE QDA" 77 800 5.25959595959596
260.72 21.89 0 0 "KDE QDA" 77 800 5.26969696969697
260.76 21.925 0 0 "KDE QDA" 77 800 5.27979797979798
261.115 21.93 0 0 "KDE QDA" 77 800 5.28989898989899
263.625 21.945 0 0 "KDE QDA" 77 800 5.3
