153.225 15.67 0 0 "KDE LDA" 61 800 2.4
153.705 15.675 0 0 "KDE LDA" 61 800 2.41010101010101
155.4 15.69 0 0 "KDE LDA" 61 800 2.42020202020202
156.7 15.76 0 0 "KDE LDA" 61 800 2.43030303030303
157.715 15.855 0 0 "KDE LDA" 61 800 2.44040404040404
163.795 15.865 0 0 "KDE LDA" 61 800 2.45050505050505
163.8 15.895 0 0 "KDE LDA" 61 800 2.46060606060606
163.805 15.94 0 0 "KDE LDA" 61 800 2.47070707070707
163.815 15.94 0 0 "KDE LDA" 61 800 2.48080808080808
163.97 15.945 0 0 "KDE LDA" 61 800 2.49090909090909
163.97 15.955 0 0 "KDE LDA" 61 800 2.5010101010101
165.475 16.055 0 0 "KDE LDA" 61 800 2.51111111111111
167.9 16.085 0 0 "KDE LDA" 61 800 2.52121212121212
182.86 16.145 0 0 "KDE LDA" 61 800 2.53131313131313
183.985 16.235 0 0 "KDE LDA" 61 800 2.54141414141414
184.375 16.245 0 0 "KDE LDA" 61 800 2.55151515151515
184.54 16.285 0 0 "KDE LDA" 61 800 2.56161616161616
189.365 16.29 0 0 "KDE LDA" 61 800 2.57171717171717
191.87 16.385 0 0 "KDE LDA" 61 800 2.58181818181818
194.135 16.4 0 0 "KDE LDA" 61 800 2.59191919191919
194.16 16.41 0 0 "KDE LDA" 61 800 2.6020202020202
195.875 16.435 0 0 "KDE LDA" 61 800 2.61212121212121
195.95 16.44 0 0 "KDE LDA" 61 800 2.62222222222222
197.18 16.49 0 0 "KDE LDA" 61 800 2.63232323232323
198.72 16.515 0 0 "KDE LDA" 61 800 2.64242424242424
202.78 16.6 0 0 "KDE LDA" 61 800 2.65252525252525
209.395 16.765 0 0 "KDE LDA" 61 800 2.66262626262626
222.165 17.005 0 0 "KDE LDA" 61 800 2.67272727272727
222.495 17.02 0 0 "KDE LDA" 61 800 2.68282828282828
225.765 17.035 0 0 "KDE LDA" 61 800 2.69292929292929
227.22 17.035 0 0 "KDE LDA" 61 800 2.7030303030303
228.215 17.055 0 0 "KDE LDA" 61 800 2.71313131313131
228.64 17.115 0 0 "KDE LDA" 61 800 2.72323232323232
230.13 17.325 0 0 "KDE LDA" 61 800 2.73333333333333
233.94 17.455 0 0 "KDE LDA" 61 800 2.74343434343434
235.815 17.505 0 0 "KDE LDA" 61 800 2.75353535353535
238.325 17.525 0 0 "KDE LDA" 61 800 2.76363636363636
243.055 17.595 0 0 "KDE LDA" 61 800 2.77373737373737
247.23 17.72 0 0 "KDE LDA" 61 800 2.78383838383838
261.58 17.84 0 0 "KDE LDA" 61 800 2.79393939393939
301.93 18.605 0 0 "KDE LDA" 61 800 2.8040404040404
305.9 18.64 0 0 "KDE LDA" 61 800 2.81414141414141
309.43 18.715 0 0 "KDE LDA" 61 800 2.82424242424242
309.45 18.805 0 0 "KDE LDA" 61 800 2.83434343434343
311.63 19.02 0 0 "KDE LDA" 61 800 2.84444444444444
316.355 19.04 0 0 "KDE LDA" 61 800 2.85454545454545
316.395 19.04 0 0 "KDE LDA" 61 800 2.86464646464646
319.215 19.06 0 0 "KDE LDA" 61 800 2.87474747474747
321.685 19.16 0 0 "KDE LDA" 61 800 2.88484848484848
322.51 19.245 0 0 "KDE LDA" 61 800 2.89494949494949
330.995 19.25 0 0 "KDE LDA" 61 800 2.90505050505051
331.745 19.315 0 0 "KDE LDA" 61 800 2.91515151515152
334.35 19.425 0 0 "KDE LDA" 61 800 2.92525252525253
336.41 19.465 0 0 "KDE LDA" 61 800 2.93535353535354
340.31 19.565 0 0 "KDE LDA" 61 800 2.94545454545455
344.755 19.595 0 0 "KDE LDA" 61 800 2.95555555555556
352.595 19.815 0 0 "KDE LDA" 61 800 2.96565656565657
354.76 19.82 0 0 "KDE LDA" 61 800 2.97575757575758
357.36 19.985 0 0 "KDE LDA" 61 800 2.98585858585859
361.07 19.99 0 0 "KDE LDA" 61 800 2.9959595959596
361.08 19.995 0 0 "KDE LDA" 61 800 3.00606060606061
365.225 20.08 0 0 "KDE LDA" 61 800 3.01616161616162
373.425 20.245 0 0 "KDE LDA" 61 800 3.02626262626263
375.635 20.275 0 0 "KDE LDA" 61 800 3.03636363636364
380.61 20.28 0 0 "KDE LDA" 61 800 3.04646464646465
380.615 20.315 0 0 "KDE LDA" 61 800 3.05656565656566
381.21 20.365 0 0 "KDE LDA" 61 800 3.06666666666667
382.62 20.455 0 0 "KDE LDA" 61 800 3.07676767676768
385.93 20.49 0 0 "KDE LDA" 61 800 3.08686868686869
401.47 20.595 0 0 "KDE LDA" 61 800 3.0969696969697
403.12 20.61 0 0 "KDE LDA" 61 800 3.10707070707071
403.165 20.665 0 0 "KDE LDA" 61 800 3.11717171717172
405.64 20.735 0 0 "KDE LDA" 61 800 3.12727272727273
405.645 20.745 0 0 "KDE LDA" 61 800 3.13737373737374
410.315 20.775 0 0 "KDE LDA" 61 800 3.14747474747475
410.63 20.89 0 0 "KDE LDA" 61 800 3.15757575757576
414.235 20.91 0 0 "KDE LDA" 61 800 3.16767676767677
414.37 21.23 0 0 "KDE LDA" 61 800 3.17777777777778
416.07 21.24 0 0 "KDE LDA" 61 800 3.18787878787879
417.9 21.445 0 0 "KDE LDA" 61 800 3.1979797979798
423.75 21.47 0 0 "KDE LDA" 61 800 3.20808080808081
441.36 21.57 0 0 "KDE LDA" 61 800 3.21818181818182
473.585 21.65 0 0 "KDE LDA" 61 800 3.22828282828283
475.68 21.715 0 0 "KDE LDA" 61 800 3.23838383838384
491.585 21.74 0 0 "KDE LDA" 61 800 3.24848484848485
497.77 21.775 0 0 "KDE LDA" 61 800 3.25858585858586
499.89 21.78 0 0 "KDE LDA" 61 800 3.26868686868687
502.825 21.97 0 0 "KDE LDA" 61 800 3.27878787878788
514.66 22.025 0 0 "KDE LDA" 61 800 3.28888888888889
523.115 22.095 0 0 "KDE LDA" 61 800 3.2989898989899
534.39 22.27 0 0 "KDE LDA" 61 800 3.30909090909091
545.995 22.28 0 0 "KDE LDA" 61 800 3.31919191919192
550.825 22.335 0 0 "KDE LDA" 61 800 3.32929292929293
553.86 22.375 0 0 "KDE LDA" 61 800 3.33939393939394
570.135 22.555 0 0 "KDE LDA" 61 800 3.34949494949495
652.14 23.165 0 0 "KDE LDA" 61 800 3.35959595959596
675.44 23.435 0 0 "KDE LDA" 61 800 3.36969696969697
684.235 23.47 0 0 "KDE LDA" 61 800 3.37979797979798
684.3 23.505 0 0 "KDE LDA" 61 800 3.38989898989899
695.025 23.53 0 0 "KDE LDA" 61 800 3.4
160.52 17.105 0 0 "KDE QDA" 61 800 4.3
162.09 17.12 0 0 "KDE QDA" 61 800 4.31010101010101
163.83 17.18 0 0 "KDE QDA" 61 800 4.32020202020202
165.24 17.2 0 0 "KDE QDA" 61 800 4.33030303030303
166.595 17.22 0 0 "KDE QDA" 61 800 4.34040404040404
169.685 17.585 0 0 "KDE QDA" 61 800 4.35050505050505
170.025 17.59 0 0 "KDE QDA" 61 800 4.36060606060606
176.62 17.65 0 0 "KDE QDA" 61 800 4.37070707070707
176.685 17.655 0 0 "KDE QDA" 61 800 4.38080808080808
176.71 17.675 0 0 "KDE QDA" 61 800 4.39090909090909
178.015 17.695 0 0 "KDE QDA" 61 800 4.4010101010101
180.215 17.72 0 0 "KDE QDA" 61 800 4.41111111111111
181.5 17.74 0 0 "KDE QDA" 61 800 4.42121212121212
181.525 17.77 0 0 "KDE QDA" 61 800 4.43131313131313
181.565 17.77 0 0 "KDE QDA" 61 800 4.44141414141414
181.7 17.775 0 0 "KDE QDA" 61 800 4.45151515151515
181.975 17.78 0 0 "KDE QDA" 61 800 4.46161616161616
183.9 17.845 0 0 "KDE QDA" 61 800 4.47171717171717
187.445 18.115 0 0 "KDE QDA" 61 800 4.48181818181818
187.465 18.14 0 0 "KDE QDA" 61 800 4.49191919191919
188.845 18.2 0 0 "KDE QDA" 61 800 4.5020202020202
189.97 18.4 0 0 "KDE QDA" 61 800 4.51212121212121
197.75 18.415 0 0 "KDE QDA" 61 800 4.52222222222222
198.915 18.515 0 0 "KDE QDA" 61 800 4.53232323232323
198.97 18.515 0 0 "KDE QDA" 61 800 4.54242424242424
198.975 18.545 0 0 "KDE QDA" 61 800 4.55252525252525
199.66 18.545 0 0 "KDE QDA" 61 800 4.56262626262626
199.66 18.555 0 0 "KDE QDA" 61 800 4.57272727272727
200.685 18.605 0 0 "KDE QDA" 61 800 4.58282828282828
201.255 18.62 0 0 "KDE QDA" 61 800 4.59292929292929
203.755 18.62 0 0 "KDE QDA" 61 800 4.6030303030303
204.16 18.63 0 0 "KDE QDA" 61 800 4.61313131313131
204.28 18.645 0 0 "KDE QDA" 61 800 4.62323232323232
206.645 18.68 0 0 "KDE QDA" 61 800 4.63333333333333
207.015 18.71 0 0 "KDE QDA" 61 800 4.64343434343434
207.28 18.81 0 0 "KDE QDA" 61 800 4.65353535353535
208.675 18.86 0 0 "KDE QDA" 61 800 4.66363636363636
208.77 18.865 0 0 "KDE QDA" 61 800 4.67373737373737
209.135 18.87 0 0 "KDE QDA" 61 800 4.68383838383838
209.47 18.87 0 0 "KDE QDA" 61 800 4.69393939393939
212.69 18.89 0 0 "KDE QDA" 61 800 4.7040404040404
212.775 18.895 0 0 "KDE QDA" 61 800 4.71414141414141
212.8 18.905 0 0 "KDE QDA" 61 800 4.72424242424242
213.695 18.91 0 0 "KDE QDA" 61 800 4.73434343434343
213.755 18.965 0 0 "KDE QDA" 61 800 4.74444444444444
217.195 18.99 0 0 "KDE QDA" 61 800 4.75454545454545
217.23 19.01 0 0 "KDE QDA" 61 800 4.76464646464646
219.76 19.205 0 0 "KDE QDA" 61 800 4.77474747474747
220.09 19.24 0 0 "KDE QDA" 61 800 4.78484848484849
220.875 19.315 0 0 "KDE QDA" 61 800 4.79494949494949
220.995 19.345 0 0 "KDE QDA" 61 800 4.80505050505051
221.03 19.36 0 0 "KDE QDA" 61 800 4.81515151515152
222.505 19.375 0 0 "KDE QDA" 61 800 4.82525252525252
222.935 19.41 0 0 "KDE QDA" 61 800 4.83535353535354
223.04 19.42 0 0 "KDE QDA" 61 800 4.84545454545455
223.455 19.44 0 0 "KDE QDA" 61 800 4.85555555555556
223.515 19.46 0 0 "KDE QDA" 61 800 4.86565656565657
223.53 19.465 0 0 "KDE QDA" 61 800 4.87575757575758
223.575 19.49 0 0 "KDE QDA" 61 800 4.88585858585859
227.38 19.525 0 0 "KDE QDA" 61 800 4.8959595959596
232.76 19.865 0 0 "KDE QDA" 61 800 4.90606060606061
232.77 19.87 0 0 "KDE QDA" 61 800 4.91616161616162
233.3 19.89 0 0 "KDE QDA" 61 800 4.92626262626263
233.32 19.92 0 0 "KDE QDA" 61 800 4.93636363636364
233.325 19.935 0 0 "KDE QDA" 61 800 4.94646464646465
233.34 19.955 0 0 "KDE QDA" 61 800 4.95656565656566
233.46 19.97 0 0 "KDE QDA" 61 800 4.96666666666667
233.485 20 0 0 "KDE QDA" 61 800 4.97676767676768
233.495 20.005 0 0 "KDE QDA" 61 800 4.98686868686869
233.495 20.01 0 0 "KDE QDA" 61 800 4.9969696969697
234.24 20.015 0 0 "KDE QDA" 61 800 5.00707070707071
234.265 20.025 0 0 "KDE QDA" 61 800 5.01717171717172
234.3 20.075 0 0 "KDE QDA" 61 800 5.02727272727273
235.535 20.275 0 0 "KDE QDA" 61 800 5.03737373737374
235.54 20.3 0 0 "KDE QDA" 61 800 5.04747474747475
235.79 20.305 0 0 "KDE QDA" 61 800 5.05757575757576
236.445 20.435 0 0 "KDE QDA" 61 800 5.06767676767677
236.66 20.45 0 0 "KDE QDA" 61 800 5.07777777777778
238.06 20.52 0 0 "KDE QDA" 61 800 5.08787878787879
240.32 20.53 0 0 "KDE QDA" 61 800 5.0979797979798
241.41 20.54 0 0 "KDE QDA" 61 800 5.10808080808081
241.43 20.565 0 0 "KDE QDA" 61 800 5.11818181818182
241.735 20.715 0 0 "KDE QDA" 61 800 5.12828282828283
241.745 20.715 0 0 "KDE QDA" 61 800 5.13838383838384
241.755 20.73 0 0 "KDE QDA" 61 800 5.14848484848485
241.785 20.735 0 0 "KDE QDA" 61 800 5.15858585858586
241.785 20.765 0 0 "KDE QDA" 61 800 5.16868686868687
244.8 20.78 0 0 "KDE QDA" 61 800 5.17878787878788
245.02 20.81 0 0 "KDE QDA" 61 800 5.18888888888889
245.23 20.905 0 0 "KDE QDA" 61 800 5.1989898989899
251.015 20.94 0 0 "KDE QDA" 61 800 5.20909090909091
251.06 20.96 0 0 "KDE QDA" 61 800 5.21919191919192
256.865 20.98 0 0 "KDE QDA" 61 800 5.22929292929293
256.865 20.985 0 0 "KDE QDA" 61 800 5.23939393939394
259.63 20.985 0 0 "KDE QDA" 61 800 5.24949494949495
260.09 20.99 0 0 "KDE QDA" 61 800 5.25959595959596
261.775 21.005 0 0 "KDE QDA" 61 800 5.26969696969697
261.97 21.03 0 0 "KDE QDA" 61 800 5.27979797979798
263.12 21.115 0 0 "KDE QDA" 61 800 5.28989898989899
263.38 21.115 0 0 "KDE QDA" 61 800 5.3
