42.275 0 36.9918879590482 "LDA" 46 2 3 1.5
44.225 0 38.5532972874141 "LDA" 46 2 3 1.53535353535354
45.987 0 39.7984264229849 "LDA" 46 2 3 1.57070707070707
47.979 0 41.7553837375622 "LDA" 46 2 3 1.60606060606061
49.761 0 43.0077847435618 "LDA" 46 2 3 1.64141414141414
51.593 0 44.7346010995464 "LDA" 46 2 3 1.67676767676768
54.526 0 48.8319760596055 "LDA" 46 2 3 1.71212121212121
57.176 0 51.1310806790881 "LDA" 46 2 3 1.74747474747475
59.942 0 53.9931096705116 "LDA" 46 2 3 1.78282828282828
62.63 0 56.6596983880202 "LDA" 46 2 3 1.81818181818182
63.813 0 57.0106327209517 "LDA" 46 2 3 1.85353535353535
65.965 0 58.6222683401568 "LDA" 46 2 3 1.88888888888889
68.72 0 61.0663466952027 "LDA" 46 2 3 1.92424242424242
70.108 0 61.8717742791691 "LDA" 46 2 3 1.95959595959596
72.23 0 64.1561307211486 "LDA" 46 2 3 1.99494949494949
75.649 0 67.7528172347338 "LDA" 46 2 3 2.03030303030303
77.851 0 69.1065736201522 "LDA" 46 2 3 2.06565656565657
81.748 0 72.7080942052738 "LDA" 46 2 3 2.1010101010101
84.619 0 74.5063422403357 "LDA" 46 2 3 2.13636363636364
88.176 0 78.2790305933245 "LDA" 46 2 3 2.17171717171717
90.882 0 80.0308378752279 "LDA" 46 2 3 2.20707070707071
95.605 0 84.7109255994521 "LDA" 46 2 3 2.24242424242424
99.581 0 87.9514462410704 "LDA" 46 2 3 2.27777777777778
102.075 0 89.2790463833655 "LDA" 46 2 3 2.31313131313131
104.581 0 91.7978119416649 "LDA" 46 2 3 2.34848484848485
108.421 0 97.4922381294813 "LDA" 46 2 3 2.38383838383838
113.166 0 102.381719366596 "LDA" 46 2 3 2.41919191919192
117.417 0 105.852216806276 "LDA" 46 2 3 2.45454545454545
119.882 0 106.494681525385 "LDA" 46 2 3 2.48989898989899
125.087 0 113.512979996244 "LDA" 46 2 3 2.52525252525253
130.125 0 117.976335723698 "LDA" 46 2 3 2.56060606060606
136.448 0 127.009262058515 "LDA" 46 2 3 2.5959595959596
141.515 0 131.680611931136 "LDA" 46 2 3 2.63131313131313
146.003 0 136.537384801557 "LDA" 46 2 3 2.66666666666667
151.255 0 144.477443591402 "LDA" 46 2 3 2.7020202020202
156.772 0 149.935575140434 "LDA" 46 2 3 2.73737373737374
160.767 0 152.219958043046 "LDA" 46 2 3 2.77272727272727
167.19 0 158.766352400799 "LDA" 46 2 3 2.80808080808081
171.965 0 161.34603285274 "LDA" 46 2 3 2.84343434343434
176.436 0 164.988245111659 "LDA" 46 2 3 2.87878787878788
182.364 0 170.32622971383 "LDA" 46 2 3 2.91414141414141
188.6 0 176.253764185022 "LDA" 46 2 3 2.94949494949495
192.856 0 179.54465056232 "LDA" 46 2 3 2.98484848484848
198.065 0 182.78489295369 "LDA" 46 2 3 3.02020202020202
201.782 0 184.51546393848 "LDA" 46 2 3 3.05555555555556
206.435 0 187.668727619511 "LDA" 46 2 3 3.09090909090909
209.798 0 188.92465090538 "LDA" 46 2 3 3.12626262626263
217.051 0 196.323007113589 "LDA" 46 2 3 3.16161616161616
225.616 0 209.808556008029 "LDA" 46 2 3 3.1969696969697
232.023 0 217.121726953604 "LDA" 46 2 3 3.23232323232323
237.963 0 221.041228859812 "LDA" 46 2 3 3.26767676767677
243.185 0 225.491221705117 "LDA" 46 2 3 3.3030303030303
253.435 0 234.872567359191 "LDA" 46 2 3 3.33838383838384
259.36 0 237.959183418024 "LDA" 46 2 3 3.37373737373737
266.439 0 246.035700346199 "LDA" 46 2 3 3.40909090909091
271.029 0 247.840996040442 "LDA" 46 2 3 3.44444444444444
277.654 0 254.338853769015 "LDA" 46 2 3 3.47979797979798
283.777 0 259.119698767364 "LDA" 46 2 3 3.51515151515152
290.293 0 264.043898492905 "LDA" 46 2 3 3.55050505050505
296.916833667335 2 269.539062132449 "LDA" 46 2 3 3.58585858585859
304.016032064128 2 272.511436811496 "LDA" 46 2 3 3.62121212121212
310.031062124248 2 277.654609693277 "LDA" 46 2 3 3.65656565656566
316.527054108216 2 282.437482576643 "LDA" 46 2 3 3.69191919191919
322.113226452906 2 288.344178545909 "LDA" 46 2 3 3.72727272727273
326.894684052156 3 290.42619275053 "LDA" 46 2 3 3.76262626262626
335.149448345035 3 297.765993828239 "LDA" 46 2 3 3.7979797979798
341.973921765296 3 303.189526332088 "LDA" 46 2 3 3.83333333333333
352.822467402207 3 312.5635414544 "LDA" 46 2 3 3.86868686868687
360.263791374122 3 315.559418508315 "LDA" 46 2 3 3.9040404040404
369.091273821464 3 319.769427307622 "LDA" 46 2 3 3.93939393939394
377.648946840522 3 327.809645658178 "LDA" 46 2 3 3.97474747474747
387.487951807229 4 338.610380532617 "LDA" 46 2 3 4.01010101010101
399.825125628141 5 354.403905652732 "LDA" 46 2 3 4.04545454545454
410.137688442211 5 368.427500432764 "LDA" 46 2 3 4.08080808080808
415.482376636455 7 370.03312289293 "LDA" 46 2 3 4.11616161616162
424.534813319879 9 378.068491668995 "LDA" 46 2 3 4.15151515151515
435.211111111111 10 382.532774328644 "LDA" 46 2 3 4.18686868686869
444.218181818182 10 388.226840584183 "LDA" 46 2 3 4.22222222222222
446.4216380182 11 389.165648536658 "LDA" 46 2 3 4.25757575757576
452.991911021234 11 394.08802364427 "LDA" 46 2 3 4.29292929292929
458.128412537917 11 396.956710806939 "LDA" 46 2 3 4.32828282828283
464.099290780142 13 400.385342114348 "LDA" 46 2 3 4.36363636363636
470.376649746193 15 402.808874143008 "LDA" 46 2 3 4.3989898989899
476.47662601626 16 405.442284480993 "LDA" 46 2 3 4.43434343434343
484.587398373984 16 408.968198356894 "LDA" 46 2 3 4.46969696969697
494.650712830957 18 415.202397367004 "LDA" 46 2 3 4.50505050505051
503.033604887984 18 420.637635354099 "LDA" 46 2 3 4.54040404040404
510.956077630235 21 423.470650375424 "LDA" 46 2 3 4.57575757575758
517.990788126919 23 427.034007981134 "LDA" 46 2 3 4.61111111111111
531.267418032787 24 435.956670634434 "LDA" 46 2 3 4.64646464646465
539.399588053553 29 439.958197358011 "LDA" 46 2 3 4.68181818181818
548.014418125644 29 447.435595547602 "LDA" 46 2 3 4.71717171717172
560.376676986584 31 453.545763763014 "LDA" 46 2 3 4.75252525252525
566.103305785124 32 455.276973631605 "LDA" 46 2 3 4.78787878787879
573.108808290155 35 454.466373020673 "LDA" 46 2 3 4.82323232323232
581.188992731049 37 455.923113301508 "LDA" 46 2 3 4.85858585858586
586.933194154489 42 456.575055517972 "LDA" 46 2 3 4.89393939393939
594.704092339979 47 461.003069853019 "LDA" 46 2 3 4.92929292929293
605.186119873817 49 467.218400476674 "LDA" 46 2 3 4.96464646464646
610.715644820296 54 466.152056973461 "LDA" 46 2 3 5
81.87 0 73.7838271788144 "uLSIF" 46 2 3 1.5
85.65 0 76.865869291005 "uLSIF" 46 2 3 1.53535353535354
90.128 0 79.177362109827 "uLSIF" 46 2 3 1.57070707070707
95.253 0 83.3900527154881 "uLSIF" 46 2 3 1.60606060606061
100.028 0 87.02283717617 "uLSIF" 46 2 3 1.64141414141414
107.773 0 94.6829569317168 "uLSIF" 46 2 3 1.67676767676768
115.152 0 102.997997473172 "uLSIF" 46 2 3 1.71212121212121
121.604 0 106.67993153256 "uLSIF" 46 2 3 1.74747474747475
127.686 0 112.595297881861 "uLSIF" 46 2 3 1.78282828282828
133.348 0 117.948042105991 "uLSIF" 46 2 3 1.81818181818182
141.504 0 126.480121778899 "uLSIF" 46 2 3 1.85353535353535
144.86 0 127.033956192925 "uLSIF" 46 2 3 1.88888888888889
151.486 0 133.439776595954 "uLSIF" 46 2 3 1.92424242424242
158.774 0 140.487799277182 "uLSIF" 46 2 3 1.95959595959596
168.389 0 150.177684813743 "uLSIF" 46 2 3 1.99494949494949
177.37 0 155.642859777761 "uLSIF" 46 2 3 2.03030303030303
187.973 0 167.256668220027 "uLSIF" 46 2 3 2.06565656565657
198.274 0 173.807617819277 "uLSIF" 46 2 3 2.1010101010101
209.1001001001 1 184.965560326792 "uLSIF" 46 2 3 2.13636363636364
216.346346346346 1 189.456892173783 "uLSIF" 46 2 3 2.17171717171717
226.291291291291 1 196.01990674908 "uLSIF" 46 2 3 2.20707070707071
238.238238238238 1 202.405284262774 "uLSIF" 46 2 3 2.24242424242424
249.175175175175 1 215.09491856464 "uLSIF" 46 2 3 2.27777777777778
259.946946946947 1 225.978589326192 "uLSIF" 46 2 3 2.31313131313131
273.428428428428 1 238.575940932476 "uLSIF" 46 2 3 2.34848484848485
291.214214214214 1 257.255314331233 "uLSIF" 46 2 3 2.38383838383838
303.713713713714 1 268.985651445368 "uLSIF" 46 2 3 2.41919191919192
320.580580580581 1 286.391748712711 "uLSIF" 46 2 3 2.45454545454545
339.64964964965 1 306.512788569238 "uLSIF" 46 2 3 2.48989898989899
353.36873747495 2 318.446095992348 "uLSIF" 46 2 3 2.52525252525253
365.530591775326 3 327.214795519055 "uLSIF" 46 2 3 2.56060606060606
384.058232931727 4 341.908637216885 "uLSIF" 46 2 3 2.5959595959596
398.651256281407 5 348.57345092544 "uLSIF" 46 2 3 2.63131313131313
418.306841046278 6 371.289944617816 "uLSIF" 46 2 3 2.66666666666667
435.172205438066 7 380.225346426817 "uLSIF" 46 2 3 2.7020202020202
450.847935548842 7 388.876550865143 "uLSIF" 46 2 3 2.73737373737374
466.693239152371 9 395.25209542018 "uLSIF" 46 2 3 2.77272727272727
487.181174089069 12 404.51769293882 "uLSIF" 46 2 3 2.80808080808081
505.807302231237 14 414.759517366528 "uLSIF" 46 2 3 2.84343434343434
517.539165818922 17 423.213133848694 "uLSIF" 46 2 3 2.87878787878788
534.819387755102 20 428.037891070005 "uLSIF" 46 2 3 2.91414141414141
551.70431211499 26 439.344128151617 "uLSIF" 46 2 3 2.94949494949495
564.388429752066 32 442.997928183396 "uLSIF" 46 2 3 2.98484848484848
581.281412253375 37 451.12163142342 "uLSIF" 46 2 3 3.02020202020202
593.089379600421 49 452.918144577018 "uLSIF" 46 2 3 3.05555555555556
617.504772004242 57 470.739394151906 "uLSIF" 46 2 3 3.09090909090909
626.366197183099 77 470.996325044443 "uLSIF" 46 2 3 3.12626262626263
630.47426067908 87 467.852507644374 "uLSIF" 46 2 3 3.16161616161616
641.711581291759 102 474.264627385177 "uLSIF" 46 2 3 3.1969696969697
663.950338600451 114 482.86610397409 "uLSIF" 46 2 3 3.23232323232323
679.27023945268 123 487.874014064697 "uLSIF" 46 2 3 3.26767676767677
697.825635103926 134 495.374650851498 "uLSIF" 46 2 3 3.3030303030303
706.52526439483 149 502.476870063881 "uLSIF" 46 2 3 3.33838383838384
726.238095238095 160 509.784801615571 "uLSIF" 46 2 3 3.37373737373737
738.496954933009 179 511.074834912618 "uLSIF" 46 2 3 3.40909090909091
749.902864259029 197 512.535906440503 "uLSIF" 46 2 3 3.44444444444444
757.991128010139 211 514.206698817708 "uLSIF" 46 2 3 3.47979797979798
770.205391527599 221 515.023751090018 "uLSIF" 46 2 3 3.51515151515152
784.596879063719 231 515.948975281872 "uLSIF" 46 2 3 3.55050505050505
789.464190981432 246 515.951521772731 "uLSIF" 46 2 3 3.58585858585859
807.321138211382 262 519.443064776525 "uLSIF" 46 2 3 3.62121212121212
820.12 275 525.877909175805 "uLSIF" 46 2 3 3.65656565656566
832.376237623762 293 532.714484754649 "uLSIF" 46 2 3 3.69191919191919
841.48115942029 310 537.199538669743 "uLSIF" 46 2 3 3.72727272727273
853.722551928783 326 544.197907686057 "uLSIF" 46 2 3 3.76262626262626
866.488514548239 347 543.898122288753 "uLSIF" 46 2 3 3.7979797979798
880.673501577287 366 547.555734017977 "uLSIF" 46 2 3 3.83333333333333
893.85346215781 379 546.170048648233 "uLSIF" 46 2 3 3.86868686868687
902.763636363636 395 542.386087164548 "uLSIF" 46 2 3 3.9040404040404
915.068376068376 415 539.003099441106 "uLSIF" 46 2 3 3.93939393939394
933.215167548501 433 538.031101320937 "uLSIF" 46 2 3 3.97474747474747
943.027272727273 450 536.126946795234 "uLSIF" 46 2 3 4.01010101010101
946.018656716418 464 537.43078287371 "uLSIF" 46 2 3 4.04545454545454
943.46875 488 537.429898036318 "uLSIF" 46 2 3 4.08080808080808
943.322580645161 504 536.337547089869 "uLSIF" 46 2 3 4.11616161616162
948.091476091476 519 538.404885547446 "uLSIF" 46 2 3 4.15151515151515
960.175588865096 533 545.783595439517 "uLSIF" 46 2 3 4.18686868686869
962.085714285714 545 543.370882127822 "uLSIF" 46 2 3 4.22222222222222
966.809633027523 564 543.51890745177 "uLSIF" 46 2 3 4.25757575757576
968.018957345972 578 538.112368613626 "uLSIF" 46 2 3 4.29292929292929
967.750605326877 587 534.784348407671 "uLSIF" 46 2 3 4.32828282828283
972.349875930521 597 535.595213761023 "uLSIF" 46 2 3 4.36363636363636
980.785340314136 618 539.792456465904 "uLSIF" 46 2 3 4.3989898989899
976.32044198895 638 534.214796012829 "uLSIF" 46 2 3 4.43434343434343
974.1875 648 534.998739581016 "uLSIF" 46 2 3 4.46969696969697
969.952522255193 663 530.568280356174 "uLSIF" 46 2 3 4.50505050505051
984.015290519878 673 531.73939291167 "uLSIF" 46 2 3 4.54040404040404
996.288401253919 681 532.145779274474 "uLSIF" 46 2 3 4.57575757575758
993.88255033557 702 531.081036158524 "uLSIF" 46 2 3 4.61111111111111
995.763440860215 721 531.17851998878 "uLSIF" 46 2 3 4.64646464646465
1000.45895522388 732 528.701959854473 "uLSIF" 46 2 3 4.68181818181818
1002.1711026616 737 532.853915289753 "uLSIF" 46 2 3 4.71717171717172
1006.05882352941 745 540.005271619234 "uLSIF" 46 2 3 4.75252525252525
1014.68548387097 752 540.542977380815 "uLSIF" 46 2 3 4.78787878787879
1012.96680497925 759 539.819436379887 "uLSIF" 46 2 3 4.82323232323232
1032.04385964912 772 538.745972363098 "uLSIF" 46 2 3 4.85858585858586
1048.39170506912 783 536.894334494561 "uLSIF" 46 2 3 4.89393939393939
1049.1756097561 795 536.777365020432 "uLSIF" 46 2 3 4.92929292929293
1064.47 800 534.827233739783 "uLSIF" 46 2 3 4.96464646464646
1063.20618556701 806 532.18993138761 "uLSIF" 46 2 3 5
