124.345 15.275 0 0 "KDE LDA" 64 2000 2.5
125.565 15.315 0 0 "KDE LDA" 64 2000 2.51010101010101
125.725 15.52 0 0 "KDE LDA" 64 2000 2.52020202020202
129.505 15.685 0 0 "KDE LDA" 64 2000 2.53030303030303
129.695 15.705 0 0 "KDE LDA" 64 2000 2.54040404040404
130.05 15.735 0 0 "KDE LDA" 64 2000 2.55050505050505
130.31 15.88 0 0 "KDE LDA" 64 2000 2.56060606060606
130.815 15.88 0 0 "KDE LDA" 64 2000 2.57070707070707
131.405 15.9 0 0 "KDE LDA" 64 2000 2.58080808080808
137.48 16.055 0 0 "KDE LDA" 64 2000 2.59090909090909
138.395 16.06 0 0 "KDE LDA" 64 2000 2.6010101010101
140.99 16.09 0 0 "KDE LDA" 64 2000 2.61111111111111
142.975 16.105 0 0 "KDE LDA" 64 2000 2.62121212121212
143.885 16.315 0 0 "KDE LDA" 64 2000 2.63131313131313
146.905 16.46 0 0 "KDE LDA" 64 2000 2.64141414141414
148.49 16.655 0 0 "KDE LDA" 64 2000 2.65151515151515
150.76 16.86 0 0 "KDE LDA" 64 2000 2.66161616161616
169.56 17.48 0 0 "KDE LDA" 64 2000 2.67171717171717
171.565 17.495 0 0 "KDE LDA" 64 2000 2.68181818181818
171.565 17.525 0 0 "KDE LDA" 64 2000 2.69191919191919
171.98 17.525 0 0 "KDE LDA" 64 2000 2.7020202020202
171.995 17.64 0 0 "KDE LDA" 64 2000 2.71212121212121
173.475 17.765 0 0 "KDE LDA" 64 2000 2.72222222222222
174.135 17.77 0 0 "KDE LDA" 64 2000 2.73232323232323
175.235 17.78 0 0 "KDE LDA" 64 2000 2.74242424242424
180.355 17.815 0 0 "KDE LDA" 64 2000 2.75252525252525
180.83 17.835 0 0 "KDE LDA" 64 2000 2.76262626262626
183.475 17.89 0 0 "KDE LDA" 64 2000 2.77272727272727
184.545 17.915 0 0 "KDE LDA" 64 2000 2.78282828282828
197.435 18.005 0 0 "KDE LDA" 64 2000 2.79292929292929
240.6 18.465 0 0 "KDE LDA" 64 2000 2.8030303030303
240.62 18.475 0 0 "KDE LDA" 64 2000 2.81313131313131
240.625 18.51 0 0 "KDE LDA" 64 2000 2.82323232323232
245.86 18.56 0 0 "KDE LDA" 64 2000 2.83333333333333
246.945 18.565 0 0 "KDE LDA" 64 2000 2.84343434343434
248.05 18.595 0 0 "KDE LDA" 64 2000 2.85353535353535
248.185 18.6 0 0 "KDE LDA" 64 2000 2.86363636363636
248.185 18.63 0 0 "KDE LDA" 64 2000 2.87373737373737
248.19 18.665 0 0 "KDE LDA" 64 2000 2.88383838383838
250.01 18.685 0 0 "KDE LDA" 64 2000 2.89393939393939
251.09 18.685 0 0 "KDE LDA" 64 2000 2.9040404040404
251.535 18.685 0 0 "KDE LDA" 64 2000 2.91414141414141
253.025 18.725 0 0 "KDE LDA" 64 2000 2.92424242424242
254.365 18.785 0 0 "KDE LDA" 64 2000 2.93434343434343
254.58 19 0 0 "KDE LDA" 64 2000 2.94444444444444
256.245 19.06 0 0 "KDE LDA" 64 2000 2.95454545454545
261.5 19.095 0 0 "KDE LDA" 64 2000 2.96464646464646
262.9 19.095 0 0 "KDE LDA" 64 2000 2.97474747474747
265.135 19.335 0 0 "KDE LDA" 64 2000 2.98484848484848
266.025 19.39 0 0 "KDE LDA" 64 2000 2.99494949494949
271.26 19.405 0 0 "KDE LDA" 64 2000 3.00505050505051
274.155 19.5 0 0 "KDE LDA" 64 2000 3.01515151515152
275.365 19.56 0 0 "KDE LDA" 64 2000 3.02525252525253
280.11 19.57 0 0 "KDE LDA" 64 2000 3.03535353535354
282.15 19.61 0 0 "KDE LDA" 64 2000 3.04545454545455
285.695 19.7 0 0 "KDE LDA" 64 2000 3.05555555555556
286.425 19.7 0 0 "KDE LDA" 64 2000 3.06565656565657
290.33 19.735 0 0 "KDE LDA" 64 2000 3.07575757575758
297.505 19.79 0 0 "KDE LDA" 64 2000 3.08585858585859
307.125 19.86 0 0 "KDE LDA" 64 2000 3.0959595959596
308.98 20 0 0 "KDE LDA" 64 2000 3.10606060606061
309.99 20.075 0 0 "KDE LDA" 64 2000 3.11616161616162
310.4 20.085 0 0 "KDE LDA" 64 2000 3.12626262626263
320.045 20.14 0 0 "KDE LDA" 64 2000 3.13636363636364
326.18 20.185 0 0 "KDE LDA" 64 2000 3.14646464646465
327.765 20.325 0 0 "KDE LDA" 64 2000 3.15656565656566
327.785 20.335 0 0 "KDE LDA" 64 2000 3.16666666666667
327.825 20.37 0 0 "KDE LDA" 64 2000 3.17676767676768
333.53 20.65 0 0 "KDE LDA" 64 2000 3.18686868686869
344.345 20.71 0 0 "KDE LDA" 64 2000 3.1969696969697
345.43 20.775 0 0 "KDE LDA" 64 2000 3.20707070707071
353.4 20.99 0 0 "KDE LDA" 64 2000 3.21717171717172
368.08 21.16 0 0 "KDE LDA" 64 2000 3.22727272727273
371.19 21.275 0 0 "KDE LDA" 64 2000 3.23737373737374
381.565 21.285 0 0 "KDE LDA" 64 2000 3.24747474747475
385.97 21.305 0 0 "KDE LDA" 64 2000 3.25757575757576
386.165 21.34 0 0 "KDE LDA" 64 2000 3.26767676767677
388.595 21.395 0 0 "KDE LDA" 64 2000 3.27777777777778
391.205 21.405 0 0 "KDE LDA" 64 2000 3.28787878787879
400.83 21.415 0 0 "KDE LDA" 64 2000 3.2979797979798
402.46 21.455 0 0 "KDE LDA" 64 2000 3.30808080808081
410.26 21.47 0 0 "KDE LDA" 64 2000 3.31818181818182
426.76 21.495 0 0 "KDE LDA" 64 2000 3.32828282828283
438.475 21.63 0 0 "KDE LDA" 64 2000 3.33838383838384
449.5 21.92 0 0 "KDE LDA" 64 2000 3.34848484848485
510.59 22.16 0 0 "KDE LDA" 64 2000 3.35858585858586
514.44 22.165 0 0 "KDE LDA" 64 2000 3.36868686868687
520.945 22.18 0 0 "KDE LDA" 64 2000 3.37878787878788
528.14 22.47 0 0 "KDE LDA" 64 2000 3.38888888888889
529.855 22.47 0 0 "KDE LDA" 64 2000 3.3989898989899
530.685 22.48 0 0 "KDE LDA" 64 2000 3.40909090909091
530.745 22.545 0 0 "KDE LDA" 64 2000 3.41919191919192
532.44 22.555 0 0 "KDE LDA" 64 2000 3.42929292929293
534.18 22.615 0 0 "KDE LDA" 64 2000 3.43939393939394
541.595 22.655 0 0 "KDE LDA" 64 2000 3.44949494949495
545.845 22.695 0 0 "KDE LDA" 64 2000 3.45959595959596
545.865 22.705 0 0 "KDE LDA" 64 2000 3.46969696969697
547.57 22.77 0 0 "KDE LDA" 64 2000 3.47979797979798
548.15 22.79 0 0 "KDE LDA" 64 2000 3.48989898989899
560.09 22.83 0 0 "KDE LDA" 64 2000 3.5
94.36 11.45 0 0 "KDE QDA" 64 2000 2.7
94.8 11.475 0 0 "KDE QDA" 64 2000 2.71010101010101
95.415 11.48 0 0 "KDE QDA" 64 2000 2.72020202020202
97.03 11.48 0 0 "KDE QDA" 64 2000 2.73030303030303
97.03 11.48 0 0 "KDE QDA" 64 2000 2.74040404040404
97.03 11.485 0 0 "KDE QDA" 64 2000 2.75050505050505
97.035 11.49 0 0 "KDE QDA" 64 2000 2.76060606060606
97.06 11.49 0 0 "KDE QDA" 64 2000 2.77070707070707
97.145 11.505 0 0 "KDE QDA" 64 2000 2.78080808080808
98.035 11.51 0 0 "KDE QDA" 64 2000 2.79090909090909
119.46 12.555 0 0 "KDE QDA" 64 2000 2.8010101010101
119.465 12.57 0 0 "KDE QDA" 64 2000 2.81111111111111
121.12 12.57 0 0 "KDE QDA" 64 2000 2.82121212121212
125.84 12.585 0 0 "KDE QDA" 64 2000 2.83131313131313
125.87 12.635 0 0 "KDE QDA" 64 2000 2.84141414141414
126.52 12.65 0 0 "KDE QDA" 64 2000 2.85151515151515
126.525 12.67 0 0 "KDE QDA" 64 2000 2.86161616161616
126.525 12.69 0 0 "KDE QDA" 64 2000 2.87171717171717
126.525 12.695 0 0 "KDE QDA" 64 2000 2.88181818181818
127.23 12.7 0 0 "KDE QDA" 64 2000 2.89191919191919
127.23 12.7 0 0 "KDE QDA" 64 2000 2.9020202020202
127.37 12.705 0 0 "KDE QDA" 64 2000 2.91212121212121
127.37 12.705 0 0 "KDE QDA" 64 2000 2.92222222222222
127.375 12.705 0 0 "KDE QDA" 64 2000 2.93232323232323
127.5 12.705 0 0 "KDE QDA" 64 2000 2.94242424242424
127.5 12.73 0 0 "KDE QDA" 64 2000 2.95252525252525
135.3 12.83 0 0 "KDE QDA" 64 2000 2.96262626262626
136.435 12.83 0 0 "KDE QDA" 64 2000 2.97272727272727
136.44 12.83 0 0 "KDE QDA" 64 2000 2.98282828282828
136.795 12.835 0 0 "KDE QDA" 64 2000 2.99292929292929
136.82 12.835 0 0 "KDE QDA" 64 2000 3.0030303030303
136.85 12.835 0 0 "KDE QDA" 64 2000 3.01313131313131
136.85 12.835 0 0 "KDE QDA" 64 2000 3.02323232323232
136.86 12.84 0 0 "KDE QDA" 64 2000 3.03333333333333
136.86 12.875 0 0 "KDE QDA" 64 2000 3.04343434343434
136.86 12.875 0 0 "KDE QDA" 64 2000 3.05353535353535
137.295 12.875 0 0 "KDE QDA" 64 2000 3.06363636363636
137.3 12.88 0 0 "KDE QDA" 64 2000 3.07373737373737
137.555 12.895 0 0 "KDE QDA" 64 2000 3.08383838383838
154.67 13.325 0 0 "KDE QDA" 64 2000 3.09393939393939
155.025 13.325 0 0 "KDE QDA" 64 2000 3.1040404040404
157.39 13.33 0 0 "KDE QDA" 64 2000 3.11414141414141
157.625 13.365 0 0 "KDE QDA" 64 2000 3.12424242424242
157.625 13.37 0 0 "KDE QDA" 64 2000 3.13434343434343
157.63 13.38 0 0 "KDE QDA" 64 2000 3.14444444444444
157.63 13.39 0 0 "KDE QDA" 64 2000 3.15454545454545
157.635 13.395 0 0 "KDE QDA" 64 2000 3.16464646464646
157.64 13.395 0 0 "KDE QDA" 64 2000 3.17474747474748
157.69 13.395 0 0 "KDE QDA" 64 2000 3.18484848484849
157.7 13.41 0 0 "KDE QDA" 64 2000 3.19494949494949
157.98 13.41 0 0 "KDE QDA" 64 2000 3.20505050505051
158.465 13.42 0 0 "KDE QDA" 64 2000 3.21515151515152
173.605 13.915 0 0 "KDE QDA" 64 2000 3.22525252525253
176.665 13.965 0 0 "KDE QDA" 64 2000 3.23535353535354
176.68 14.005 0 0 "KDE QDA" 64 2000 3.24545454545455
182.67 14.015 0 0 "KDE QDA" 64 2000 3.25555555555556
182.69 14.015 0 0 "KDE QDA" 64 2000 3.26565656565657
182.69 14.05 0 0 "KDE QDA" 64 2000 3.27575757575758
182.79 14.055 0 0 "KDE QDA" 64 2000 3.28585858585859
183.9 14.06 0 0 "KDE QDA" 64 2000 3.2959595959596
185.745 14.06 0 0 "KDE QDA" 64 2000 3.30606060606061
188.77 14.08 0 0 "KDE QDA" 64 2000 3.31616161616162
189.18 14.08 0 0 "KDE QDA" 64 2000 3.32626262626263
191.035 14.1 0 0 "KDE QDA" 64 2000 3.33636363636364
195.765 14.105 0 0 "KDE QDA" 64 2000 3.34646464646465
195.78 14.125 0 0 "KDE QDA" 64 2000 3.35656565656566
224.23 15.135 0 0 "KDE QDA" 64 2000 3.36666666666667
225.57 15.135 0 0 "KDE QDA" 64 2000 3.37676767676768
237.125 15.185 0 0 "KDE QDA" 64 2000 3.38686868686869
239.145 15.215 0 0 "KDE QDA" 64 2000 3.3969696969697
240.605 15.22 0 0 "KDE QDA" 64 2000 3.40707070707071
241.19 15.23 0 0 "KDE QDA" 64 2000 3.41717171717172
241.19 15.275 0 0 "KDE QDA" 64 2000 3.42727272727273
241.19 15.29 0 0 "KDE QDA" 64 2000 3.43737373737374
241.195 15.29 0 0 "KDE QDA" 64 2000 3.44747474747475
242.36 15.31 0 0 "KDE QDA" 64 2000 3.45757575757576
242.37 15.315 0 0 "KDE QDA" 64 2000 3.46767676767677
242.37 15.32 0 0 "KDE QDA" 64 2000 3.47777777777778
242.37 15.32 0 0 "KDE QDA" 64 2000 3.48787878787879
242.57 15.325 0 0 "KDE QDA" 64 2000 3.4979797979798
242.575 15.34 0 0 "KDE QDA" 64 2000 3.50808080808081
244.675 15.435 0 0 "KDE QDA" 64 2000 3.51818181818182
247.11 15.445 0 0 "KDE QDA" 64 2000 3.52828282828283
247.13 15.45 0 0 "KDE QDA" 64 2000 3.53838383838384
248.915 15.46 0 0 "KDE QDA" 64 2000 3.54848484848485
248.925 15.465 0 0 "KDE QDA" 64 2000 3.55858585858586
248.925 15.465 0 0 "KDE QDA" 64 2000 3.56868686868687
251.05 15.475 0 0 "KDE QDA" 64 2000 3.57878787878788
251.55 15.475 0 0 "KDE QDA" 64 2000 3.58888888888889
251.555 15.48 0 0 "KDE QDA" 64 2000 3.5989898989899
251.56 15.49 0 0 "KDE QDA" 64 2000 3.60909090909091
251.995 15.525 0 0 "KDE QDA" 64 2000 3.61919191919192
252.01 15.53 0 0 "KDE QDA" 64 2000 3.62929292929293
252.51 15.535 0 0 "KDE QDA" 64 2000 3.63939393939394
256.775 15.535 0 0 "KDE QDA" 64 2000 3.64949494949495
280.255 15.97 0 0 "KDE QDA" 64 2000 3.65959595959596
283.295 15.98 0 0 "KDE QDA" 64 2000 3.66969696969697
287.17 16.005 0 0 "KDE QDA" 64 2000 3.67979797979798
287.985 16.02 0 0 "KDE QDA" 64 2000 3.68989898989899
289.055 16.03 0 0 "KDE QDA" 64 2000 3.7
