27.634 0 22.2396188061901 "LDA" 41 2 1 1.5
28.949 0 23.2170073099103 "LDA" 41 2 1 1.53535353535354
30.128 0 23.8536498803142 "LDA" 41 2 1 1.57070707070707
31.594 0 25.3904674994345 "LDA" 41 2 1 1.60606060606061
32.554 0 25.9918575838792 "LDA" 41 2 1 1.64141414141414
33.597 0 26.8075593114374 "LDA" 41 2 1 1.67676767676768
35.064 0 28.5678144775554 "LDA" 41 2 1 1.71212121212121
36.242 0 29.6686984491681 "LDA" 41 2 1 1.74747474747475
36.87 0 29.9529343851029 "LDA" 41 2 1 1.78282828282828
38.213 0 30.9905153723368 "LDA" 41 2 1 1.81818181818182
39.322 0 31.5845199092514 "LDA" 41 2 1 1.85353535353535
40.567 0 32.7841472561254 "LDA" 41 2 1 1.88888888888889
42.25 0 34.2557872330933 "LDA" 41 2 1 1.92424242424242
43.592 0 35.1428022865644 "LDA" 41 2 1 1.95959595959596
44.905 0 36.1962448762733 "LDA" 41 2 1 1.99494949494949
47.171 0 38.1928848799807 "LDA" 41 2 1 2.03030303030303
48.932 0 39.7729463739269 "LDA" 41 2 1 2.06565656565657
49.979 0 40.6083932285014 "LDA" 41 2 1 2.1010101010101
51.177 0 41.4626919751459 "LDA" 41 2 1 2.13636363636364
52.699 0 43.0947044606707 "LDA" 41 2 1 2.17171717171717
54.859 0 45.9000646506618 "LDA" 41 2 1 2.20707070707071
56.351 0 46.9557093188639 "LDA" 41 2 1 2.24242424242424
58.416 0 48.4839936643181 "LDA" 41 2 1 2.27777777777778
60.982 0 51.9694381199037 "LDA" 41 2 1 2.31313131313131
62.954 0 53.1976491386027 "LDA" 41 2 1 2.34848484848485
64.701 0 54.3075584970445 "LDA" 41 2 1 2.38383838383838
66.81 0 56.7935507554107 "LDA" 41 2 1 2.41919191919192
69.398 0 60.1595941872348 "LDA" 41 2 1 2.45454545454545
71.338 0 61.9617867642551 "LDA" 41 2 1 2.48989898989899
73.125 0 62.6989356491124 "LDA" 41 2 1 2.52525252525253
74.691 0 63.8882871286454 "LDA" 41 2 1 2.56060606060606
76.751 0 64.7807652513194 "LDA" 41 2 1 2.5959595959596
78.985 0 67.6807317961062 "LDA" 41 2 1 2.63131313131313
80.691 0 68.9862204908895 "LDA" 41 2 1 2.66666666666667
83.34 0 72.0627465438241 "LDA" 41 2 1 2.7020202020202
85.442 0 73.6001468586688 "LDA" 41 2 1 2.73737373737374
87.147 0 74.1682973198612 "LDA" 41 2 1 2.77272727272727
89.121 0 75.9362408318431 "LDA" 41 2 1 2.80808080808081
90.988 0 77.0489090798201 "LDA" 41 2 1 2.84343434343434
94.718 0 82.9437166766485 "LDA" 41 2 1 2.87878787878788
96.682 0 84.7127920277282 "LDA" 41 2 1 2.91414141414141
98.513 0 85.1263197919499 "LDA" 41 2 1 2.94949494949495
101.067 0 86.9987430500711 "LDA" 41 2 1 2.98484848484848
103.955 0 90.4118647096734 "LDA" 41 2 1 3.02020202020202
107.183 0 92.9023592776812 "LDA" 41 2 1 3.05555555555556
110.793 0 96.5813963303343 "LDA" 41 2 1 3.09090909090909
112.596 0 97.5676289874169 "LDA" 41 2 1 3.12626262626263
114.673 0 99.1448625737853 "LDA" 41 2 1 3.16161616161616
117.711 0 101.499239280768 "LDA" 41 2 1 3.1969696969697
121.652 0 106.920947362923 "LDA" 41 2 1 3.23232323232323
126.254 0 111.672844990661 "LDA" 41 2 1 3.26767676767677
128.788 0 112.712391240445 "LDA" 41 2 1 3.3030303030303
131.366 0 113.877838960029 "LDA" 41 2 1 3.33838383838384
132.881 0 115.51102820353 "LDA" 41 2 1 3.37373737373737
136.328 0 117.086137435563 "LDA" 41 2 1 3.40909090909091
138.508 0 117.800462159046 "LDA" 41 2 1 3.44444444444444
140.768 0 118.904964431964 "LDA" 41 2 1 3.47979797979798
143.809 0 120.886260621325 "LDA" 41 2 1 3.51515151515152
147.504 0 124.188537219732 "LDA" 41 2 1 3.55050505050505
151.004 0 128.298497608072 "LDA" 41 2 1 3.58585858585859
154.375 0 130.74166037173 "LDA" 41 2 1 3.62121212121212
158.213 0 134.214854834546 "LDA" 41 2 1 3.65656565656566
161.72 0 137.299522063111 "LDA" 41 2 1 3.69191919191919
165.217 0 139.783959975623 "LDA" 41 2 1 3.72727272727273
168.099 0 142.600814132287 "LDA" 41 2 1 3.76262626262626
171.268 0 146.153820049683 "LDA" 41 2 1 3.7979797979798
173.839 0 148.538677851319 "LDA" 41 2 1 3.83333333333333
177.703 0 152.400363062762 "LDA" 41 2 1 3.86868686868687
180.092 0 154.147127358485 "LDA" 41 2 1 3.9040404040404
182.587 0 156.630071858537 "LDA" 41 2 1 3.93939393939394
185.032 0 158.985620115165 "LDA" 41 2 1 3.97474747474747
189.596 0 165.017876860914 "LDA" 41 2 1 4.01010101010101
192.363 0 167.232748057978 "LDA" 41 2 1 4.04545454545454
196.65 0 174.275090897429 "LDA" 41 2 1 4.08080808080808
199.372 0 176.992672226909 "LDA" 41 2 1 4.11616161616162
205.312 0 181.818427549566 "LDA" 41 2 1 4.15151515151515
210.08 0 184.965520689246 "LDA" 41 2 1 4.18686868686869
212.94 0 186.712195219926 "LDA" 41 2 1 4.22222222222222
215.422 0 188.840219615803 "LDA" 41 2 1 4.25757575757576
218.397 0 193.101065280367 "LDA" 41 2 1 4.29292929292929
222.04 0 195.370350805781 "LDA" 41 2 1 4.32828282828283
226.101 0 197.890569448058 "LDA" 41 2 1 4.36363636363636
232.165 0 202.908569712229 "LDA" 41 2 1 4.3989898989899
236.021 0 204.87074115056 "LDA" 41 2 1 4.43434343434343
240.177 0 209.084853940086 "LDA" 41 2 1 4.46969696969697
244.278 0 212.205140695832 "LDA" 41 2 1 4.50505050505051
247.988 0 216.406093845468 "LDA" 41 2 1 4.54040404040404
250.711 0 217.776183144404 "LDA" 41 2 1 4.57575757575758
255.975 0 225.120958199855 "LDA" 41 2 1 4.61111111111111
260.263 0 228.244801738223 "LDA" 41 2 1 4.64646464646465
263.255 0 230.641369698535 "LDA" 41 2 1 4.68181818181818
268.93 0 234.938543494292 "LDA" 41 2 1 4.71717171717172
274.078 0 239.150891834141 "LDA" 41 2 1 4.75252525252525
277.987 0 242.985874004984 "LDA" 41 2 1 4.78787878787879
284.705 0 251.076584783262 "LDA" 41 2 1 4.82323232323232
287.473 0 253.19799465141 "LDA" 41 2 1 4.85858585858586
291.347 0 257.372977292567 "LDA" 41 2 1 4.89393939393939
295.402 0 258.958985463243 "LDA" 41 2 1 4.92929292929293
300.92 0 266.561461229137 "LDA" 41 2 1 4.96464646464646
305.354 0 269.493876801744 "LDA" 41 2 1 5
24.905 0 19.4300669711276 "uLSIF" 41 2 1 1.5
25.949 0 20.0313667695106 "uLSIF" 41 2 1 1.53535353535354
27.042 0 21.3354033342573 "uLSIF" 41 2 1 1.57070707070707
27.883 0 22.0664051725069 "uLSIF" 41 2 1 1.60606060606061
28.716 0 23.0010955042232 "uLSIF" 41 2 1 1.64141414141414
29.428 0 23.2679654077062 "uLSIF" 41 2 1 1.67676767676768
30.482 0 24.160409793739 "uLSIF" 41 2 1 1.71212121212121
31.332 0 24.5220534847126 "uLSIF" 41 2 1 1.74747474747475
31.991 0 24.692359782565 "uLSIF" 41 2 1 1.78282828282828
33.007 0 25.060386548774 "uLSIF" 41 2 1 1.81818181818182
34.388 0 26.4305132002394 "uLSIF" 41 2 1 1.85353535353535
35.22 0 27.0079438134233 "uLSIF" 41 2 1 1.88888888888889
36.195 0 27.5696401873521 "uLSIF" 41 2 1 1.92424242424242
37.383 0 28.5490693431565 "uLSIF" 41 2 1 1.95959595959596
38.455 0 29.3656656201987 "uLSIF" 41 2 1 1.99494949494949
39.744 0 30.1821043571091 "uLSIF" 41 2 1 2.03030303030303
40.517 0 30.6837286228744 "uLSIF" 41 2 1 2.06565656565657
41.452 0 31.2904584304671 "uLSIF" 41 2 1 2.1010101010101
42.633 0 32.0522020250506 "uLSIF" 41 2 1 2.13636363636364
43.336 0 32.4391337954854 "uLSIF" 41 2 1 2.17171717171717
44.322 0 33.8155853092891 "uLSIF" 41 2 1 2.20707070707071
45.323 0 34.7352444673736 "uLSIF" 41 2 1 2.24242424242424
46.815 0 35.840609988173 "uLSIF" 41 2 1 2.27777777777778
48.188 0 37.6657851022299 "uLSIF" 41 2 1 2.31313131313131
49.593 0 38.669013998855 "uLSIF" 41 2 1 2.34848484848485
50.764 0 39.4239591181879 "uLSIF" 41 2 1 2.38383838383838
52.253 0 40.0711453253796 "uLSIF" 41 2 1 2.41919191919192
53.176 0 40.6562166458212 "uLSIF" 41 2 1 2.45454545454545
54.335 0 41.3714681075421 "uLSIF" 41 2 1 2.48989898989899
55.259 0 41.7048103965263 "uLSIF" 41 2 1 2.52525252525253
56.308 0 42.4798030794596 "uLSIF" 41 2 1 2.56060606060606
57.959 0 43.9982632176108 "uLSIF" 41 2 1 2.5959595959596
59.186 0 44.5952928473863 "uLSIF" 41 2 1 2.63131313131313
60.166 0 45.068765654693 "uLSIF" 41 2 1 2.66666666666667
61.567 0 46.0603850404018 "uLSIF" 41 2 1 2.7020202020202
62.471 0 46.2467936718312 "uLSIF" 41 2 1 2.73737373737374
63.836 0 47.0968493342943 "uLSIF" 41 2 1 2.77272727272727
65.36 0 48.3904953481574 "uLSIF" 41 2 1 2.80808080808081
66.247 0 48.5758129175478 "uLSIF" 41 2 1 2.84343434343434
68.168 0 51.273411615951 "uLSIF" 41 2 1 2.87878787878788
69.269 0 52.5773431814124 "uLSIF" 41 2 1 2.91414141414141
70.705 0 54.4360106386779 "uLSIF" 41 2 1 2.94949494949495
71.815 0 55.5878474469356 "uLSIF" 41 2 1 2.98484848484848
72.517 0 55.9362903630512 "uLSIF" 41 2 1 3.02020202020202
73.586 0 56.4893410268667 "uLSIF" 41 2 1 3.05555555555556
74.836 0 57.2572047125206 "uLSIF" 41 2 1 3.09090909090909
76.671 0 58.5467033698352 "uLSIF" 41 2 1 3.12626262626263
79.112 0 60.3709044333618 "uLSIF" 41 2 1 3.16161616161616
80.373 0 60.7965302388968 "uLSIF" 41 2 1 3.1969696969697
82.327 0 62.0124956812788 "uLSIF" 41 2 1 3.23232323232323
84.411 0 64.0287729287604 "uLSIF" 41 2 1 3.26767676767677
86.522 0 66.434004794179 "uLSIF" 41 2 1 3.3030303030303
87.541 0 66.3549643983048 "uLSIF" 41 2 1 3.33838383838384
88.793 0 67.0133340309071 "uLSIF" 41 2 1 3.37373737373737
90.812 0 68.751781529379 "uLSIF" 41 2 1 3.40909090909091
92.427 0 70.2398911823852 "uLSIF" 41 2 1 3.44444444444444
93.756 0 70.9239499088331 "uLSIF" 41 2 1 3.47979797979798
95.341 0 72.1272143788602 "uLSIF" 41 2 1 3.51515151515152
96.662 0 73.7805348538713 "uLSIF" 41 2 1 3.55050505050505
98.031 0 75.1989422792629 "uLSIF" 41 2 1 3.58585858585859
99.077 0 75.1666355113364 "uLSIF" 41 2 1 3.62121212121212
100.259 0 75.6385027753862 "uLSIF" 41 2 1 3.65656565656566
101.504 0 76.50187266022 "uLSIF" 41 2 1 3.69191919191919
102.489 0 77.0296270433815 "uLSIF" 41 2 1 3.72727272727273
104.655 0 80.5243077532439 "uLSIF" 41 2 1 3.76262626262626
105.851 0 81.292134983713 "uLSIF" 41 2 1 3.7979797979798
108.243 0 83.8930867294856 "uLSIF" 41 2 1 3.83333333333333
109.652 0 84.4046150102886 "uLSIF" 41 2 1 3.86868686868687
110.356 0 84.413677404393 "uLSIF" 41 2 1 3.9040404040404
112.383 0 85.9038985773684 "uLSIF" 41 2 1 3.93939393939394
113.687 0 86.6816632382059 "uLSIF" 41 2 1 3.97474747474747
115.648 0 91.4791808912637 "uLSIF" 41 2 1 4.01010101010101
117.412 0 92.1013621881724 "uLSIF" 41 2 1 4.04545454545454
119.11 0 93.1594685825686 "uLSIF" 41 2 1 4.08080808080808
120.749 0 94.0784606366184 "uLSIF" 41 2 1 4.11616161616162
122.126 0 94.6804018923795 "uLSIF" 41 2 1 4.15151515151515
124.633 0 98.0015235065742 "uLSIF" 41 2 1 4.18686868686869
126.981 0 100.178202775411 "uLSIF" 41 2 1 4.22222222222222
128.232 0 100.435080431995 "uLSIF" 41 2 1 4.25757575757576
129.717 0 101.0322841147 "uLSIF" 41 2 1 4.29292929292929
131.197 0 101.932430616617 "uLSIF" 41 2 1 4.32828282828283
132.566 0 102.372299630963 "uLSIF" 41 2 1 4.36363636363636
134.449 0 103.340876402979 "uLSIF" 41 2 1 4.3989898989899
135.885 0 103.83695820318 "uLSIF" 41 2 1 4.43434343434343
137.97 0 105.053421273756 "uLSIF" 41 2 1 4.46969696969697
140.845 0 107.278813000139 "uLSIF" 41 2 1 4.50505050505051
142.521 0 108.282559406728 "uLSIF" 41 2 1 4.54040404040404
146.601 0 112.426569513316 "uLSIF" 41 2 1 4.57575757575758
148.888 0 115.999410857639 "uLSIF" 41 2 1 4.61111111111111
150.59 0 117.218087256106 "uLSIF" 41 2 1 4.64646464646465
153.439 0 121.948167819917 "uLSIF" 41 2 1 4.68181818181818
155.637 0 123.059297990123 "uLSIF" 41 2 1 4.71717171717172
157.472 0 124.736178915062 "uLSIF" 41 2 1 4.75252525252525
159.744 0 126.807233778434 "uLSIF" 41 2 1 4.78787878787879
162.39 0 128.729791653911 "uLSIF" 41 2 1 4.82323232323232
164.523 0 129.985913886116 "uLSIF" 41 2 1 4.85858585858586
166.635 0 130.724828382965 "uLSIF" 41 2 1 4.89393939393939
168.578 0 132.55899744568 "uLSIF" 41 2 1 4.92929292929293
171.449 0 134.725492603877 "uLSIF" 41 2 1 4.96464646464646
173.62 0 136.932502022384 "uLSIF" 41 2 1 5
