125.885 15.4 0 0 "KDE LDA" 23 1500 2.5
127.32 15.49 0 0 "KDE LDA" 23 1500 2.51010101010101
130.625 15.545 0 0 "KDE LDA" 23 1500 2.52020202020202
137.985 15.655 0 0 "KDE LDA" 23 1500 2.53030303030303
138.415 15.73 0 0 "KDE LDA" 23 1500 2.54040404040404
138.43 15.74 0 0 "KDE LDA" 23 1500 2.55050505050505
138.445 15.82 0 0 "KDE LDA" 23 1500 2.56060606060606
138.825 15.84 0 0 "KDE LDA" 23 1500 2.57070707070707
138.83 15.84 0 0 "KDE LDA" 23 1500 2.58080808080808
138.845 15.845 0 0 "KDE LDA" 23 1500 2.59090909090909
141.33 15.905 0 0 "KDE LDA" 23 1500 2.6010101010101
145.62 16.005 0 0 "KDE LDA" 23 1500 2.61111111111111
147.455 16.075 0 0 "KDE LDA" 23 1500 2.62121212121212
150.115 16.08 0 0 "KDE LDA" 23 1500 2.63131313131313
151.55 16.3 0 0 "KDE LDA" 23 1500 2.64141414141414
156.145 16.335 0 0 "KDE LDA" 23 1500 2.65151515151515
161.19 16.455 0 0 "KDE LDA" 23 1500 2.66161616161616
172.9 16.81 0 0 "KDE LDA" 23 1500 2.67171717171717
174.76 16.875 0 0 "KDE LDA" 23 1500 2.68181818181818
175.1 16.98 0 0 "KDE LDA" 23 1500 2.69191919191919
180.94 17.065 0 0 "KDE LDA" 23 1500 2.7020202020202
181.6 17.105 0 0 "KDE LDA" 23 1500 2.71212121212121
182.045 17.185 0 0 "KDE LDA" 23 1500 2.72222222222222
182.465 17.2 0 0 "KDE LDA" 23 1500 2.73232323232323
183.16 17.225 0 0 "KDE LDA" 23 1500 2.74242424242424
184.52 17.255 0 0 "KDE LDA" 23 1500 2.75252525252525
184.545 17.26 0 0 "KDE LDA" 23 1500 2.76262626262626
186.655 17.29 0 0 "KDE LDA" 23 1500 2.77272727272727
187.345 17.345 0 0 "KDE LDA" 23 1500 2.78282828282828
195.745 17.43 0 0 "KDE LDA" 23 1500 2.79292929292929
230.645 17.9 0 0 "KDE LDA" 23 1500 2.8030303030303
232.765 17.92 0 0 "KDE LDA" 23 1500 2.81313131313131
235.715 17.93 0 0 "KDE LDA" 23 1500 2.82323232323232
235.85 18.065 0 0 "KDE LDA" 23 1500 2.83333333333333
237.665 18.07 0 0 "KDE LDA" 23 1500 2.84343434343434
237.98 18.105 0 0 "KDE LDA" 23 1500 2.85353535353535
238.23 18.11 0 0 "KDE LDA" 23 1500 2.86363636363636
239.06 18.14 0 0 "KDE LDA" 23 1500 2.87373737373737
239.06 18.17 0 0 "KDE LDA" 23 1500 2.88383838383838
239.065 18.235 0 0 "KDE LDA" 23 1500 2.89393939393939
242.305 18.24 0 0 "KDE LDA" 23 1500 2.9040404040404
242.59 18.245 0 0 "KDE LDA" 23 1500 2.91414141414141
242.59 18.25 0 0 "KDE LDA" 23 1500 2.92424242424242
244.345 18.285 0 0 "KDE LDA" 23 1500 2.93434343434343
244.475 18.295 0 0 "KDE LDA" 23 1500 2.94444444444444
249.26 18.375 0 0 "KDE LDA" 23 1500 2.95454545454545
251.2 18.44 0 0 "KDE LDA" 23 1500 2.96464646464646
251.225 18.44 0 0 "KDE LDA" 23 1500 2.97474747474747
251.23 18.46 0 0 "KDE LDA" 23 1500 2.98484848484848
252.735 18.5 0 0 "KDE LDA" 23 1500 2.99494949494949
252.735 18.585 0 0 "KDE LDA" 23 1500 3.00505050505051
257.21 18.59 0 0 "KDE LDA" 23 1500 3.01515151515152
262.095 18.605 0 0 "KDE LDA" 23 1500 3.02525252525253
264.86 18.62 0 0 "KDE LDA" 23 1500 3.03535353535354
269.185 18.68 0 0 "KDE LDA" 23 1500 3.04545454545455
271.555 18.725 0 0 "KDE LDA" 23 1500 3.05555555555556
274.8 18.78 0 0 "KDE LDA" 23 1500 3.06565656565657
275.915 18.79 0 0 "KDE LDA" 23 1500 3.07575757575758
286.175 18.94 0 0 "KDE LDA" 23 1500 3.08585858585859
292.87 18.985 0 0 "KDE LDA" 23 1500 3.0959595959596
295.3 19.12 0 0 "KDE LDA" 23 1500 3.10606060606061
297.54 19.215 0 0 "KDE LDA" 23 1500 3.11616161616162
297.54 19.275 0 0 "KDE LDA" 23 1500 3.12626262626263
297.545 19.295 0 0 "KDE LDA" 23 1500 3.13636363636364
304.905 19.3 0 0 "KDE LDA" 23 1500 3.14646464646465
305.11 19.33 0 0 "KDE LDA" 23 1500 3.15656565656566
305.12 19.34 0 0 "KDE LDA" 23 1500 3.16666666666667
311.06 19.45 0 0 "KDE LDA" 23 1500 3.17676767676768
321.72 19.465 0 0 "KDE LDA" 23 1500 3.18686868686869
328.665 19.48 0 0 "KDE LDA" 23 1500 3.1969696969697
332.24 19.54 0 0 "KDE LDA" 23 1500 3.20707070707071
342.49 19.8 0 0 "KDE LDA" 23 1500 3.21717171717172
373.315 20.175 0 0 "KDE LDA" 23 1500 3.22727272727273
374.08 20.265 0 0 "KDE LDA" 23 1500 3.23737373737374
375.885 20.505 0 0 "KDE LDA" 23 1500 3.24747474747475
379.03 20.635 0 0 "KDE LDA" 23 1500 3.25757575757576
383.02 20.665 0 0 "KDE LDA" 23 1500 3.26767676767677
386.115 20.755 0 0 "KDE LDA" 23 1500 3.27777777777778
386.365 20.765 0 0 "KDE LDA" 23 1500 3.28787878787879
386.785 20.895 0 0 "KDE LDA" 23 1500 3.2979797979798
386.83 20.955 0 0 "KDE LDA" 23 1500 3.30808080808081
394.225 21.13 0 0 "KDE LDA" 23 1500 3.31818181818182
394.65 21.16 0 0 "KDE LDA" 23 1500 3.32828282828283
401.925 21.23 0 0 "KDE LDA" 23 1500 3.33838383838384
414.4 21.27 0 0 "KDE LDA" 23 1500 3.34848484848485
472.53 21.535 0 0 "KDE LDA" 23 1500 3.35858585858586
476.935 21.63 0 0 "KDE LDA" 23 1500 3.36868686868687
483.295 21.64 0 0 "KDE LDA" 23 1500 3.37878787878788
496.315 21.7 0 0 "KDE LDA" 23 1500 3.38888888888889
496.315 21.705 0 0 "KDE LDA" 23 1500 3.3989898989899
507.04 21.705 0 0 "KDE LDA" 23 1500 3.40909090909091
510.875 21.71 0 0 "KDE LDA" 23 1500 3.41919191919192
511.135 21.72 0 0 "KDE LDA" 23 1500 3.42929292929293
511.18 21.73 0 0 "KDE LDA" 23 1500 3.43939393939394
511.205 21.8 0 0 "KDE LDA" 23 1500 3.44949494949495
513.14 21.92 0 0 "KDE LDA" 23 1500 3.45959595959596
514.665 21.98 0 0 "KDE LDA" 23 1500 3.46969696969697
515.09 22.005 0 0 "KDE LDA" 23 1500 3.47979797979798
515.14 22.555 0 0 "KDE LDA" 23 1500 3.48989898989899
521.815 22.775 0 0 "KDE LDA" 23 1500 3.5
110.02 11.995 0 0 "KDE QDA" 23 1500 2.8
110.02 12 0 0 "KDE QDA" 23 1500 2.81010101010101
110.785 12 0 0 "KDE QDA" 23 1500 2.82020202020202
112.53 12.135 0 0 "KDE QDA" 23 1500 2.83030303030303
112.53 12.14 0 0 "KDE QDA" 23 1500 2.84040404040404
112.54 12.14 0 0 "KDE QDA" 23 1500 2.85050505050505
112.63 12.14 0 0 "KDE QDA" 23 1500 2.86060606060606
114.115 12.15 0 0 "KDE QDA" 23 1500 2.87070707070707
114.12 12.155 0 0 "KDE QDA" 23 1500 2.88080808080808
114.135 12.16 0 0 "KDE QDA" 23 1500 2.89090909090909
114.3 12.165 0 0 "KDE QDA" 23 1500 2.9010101010101
114.305 12.17 0 0 "KDE QDA" 23 1500 2.91111111111111
115.15 12.17 0 0 "KDE QDA" 23 1500 2.92121212121212
115.74 12.17 0 0 "KDE QDA" 23 1500 2.93131313131313
116.07 12.17 0 0 "KDE QDA" 23 1500 2.94141414141414
116.075 12.175 0 0 "KDE QDA" 23 1500 2.95151515151515
118.96 12.345 0 0 "KDE QDA" 23 1500 2.96161616161616
119.37 12.345 0 0 "KDE QDA" 23 1500 2.97171717171717
119.715 12.345 0 0 "KDE QDA" 23 1500 2.98181818181818
119.87 12.35 0 0 "KDE QDA" 23 1500 2.99191919191919
122.005 12.35 0 0 "KDE QDA" 23 1500 3.0020202020202
122.015 12.385 0 0 "KDE QDA" 23 1500 3.01212121212121
123.22 12.385 0 0 "KDE QDA" 23 1500 3.02222222222222
123.225 12.39 0 0 "KDE QDA" 23 1500 3.03232323232323
124.495 12.395 0 0 "KDE QDA" 23 1500 3.04242424242424
125.165 12.435 0 0 "KDE QDA" 23 1500 3.05252525252525
125.42 12.44 0 0 "KDE QDA" 23 1500 3.06262626262626
125.42 12.44 0 0 "KDE QDA" 23 1500 3.07272727272727
125.795 12.45 0 0 "KDE QDA" 23 1500 3.08282828282828
143.705 12.585 0 0 "KDE QDA" 23 1500 3.09292929292929
145.045 12.625 0 0 "KDE QDA" 23 1500 3.1030303030303
145.44 12.66 0 0 "KDE QDA" 23 1500 3.11313131313131
146.23 12.705 0 0 "KDE QDA" 23 1500 3.12323232323232
148.81 12.71 0 0 "KDE QDA" 23 1500 3.13333333333333
148.825 12.825 0 0 "KDE QDA" 23 1500 3.14343434343434
148.92 12.83 0 0 "KDE QDA" 23 1500 3.15353535353535
148.92 12.83 0 0 "KDE QDA" 23 1500 3.16363636363636
149.375 12.835 0 0 "KDE QDA" 23 1500 3.17373737373737
149.62 12.835 0 0 "KDE QDA" 23 1500 3.18383838383838
150.635 12.84 0 0 "KDE QDA" 23 1500 3.19393939393939
151.145 12.84 0 0 "KDE QDA" 23 1500 3.2040404040404
153.325 12.85 0 0 "KDE QDA" 23 1500 3.21414141414141
159.815 13.2 0 0 "KDE QDA" 23 1500 3.22424242424242
159.94 13.25 0 0 "KDE QDA" 23 1500 3.23434343434343
161.05 13.305 0 0 "KDE QDA" 23 1500 3.24444444444444
161.055 13.39 0 0 "KDE QDA" 23 1500 3.25454545454545
161.675 13.415 0 0 "KDE QDA" 23 1500 3.26464646464646
162.165 13.42 0 0 "KDE QDA" 23 1500 3.27474747474747
163.37 13.43 0 0 "KDE QDA" 23 1500 3.28484848484848
164.945 13.46 0 0 "KDE QDA" 23 1500 3.29494949494949
164.945 13.49 0 0 "KDE QDA" 23 1500 3.30505050505051
165.54 13.53 0 0 "KDE QDA" 23 1500 3.31515151515151
165.55 13.53 0 0 "KDE QDA" 23 1500 3.32525252525252
165.565 13.545 0 0 "KDE QDA" 23 1500 3.33535353535354
165.58 13.545 0 0 "KDE QDA" 23 1500 3.34545454545455
165.6 13.58 0 0 "KDE QDA" 23 1500 3.35555555555556
186.24 14.575 0 0 "KDE QDA" 23 1500 3.36565656565657
186.24 14.58 0 0 "KDE QDA" 23 1500 3.37575757575758
194.095 14.625 0 0 "KDE QDA" 23 1500 3.38585858585859
194.155 14.63 0 0 "KDE QDA" 23 1500 3.3959595959596
194.43 14.635 0 0 "KDE QDA" 23 1500 3.40606060606061
196.045 14.635 0 0 "KDE QDA" 23 1500 3.41616161616162
196.09 14.69 0 0 "KDE QDA" 23 1500 3.42626262626263
199.415 14.695 0 0 "KDE QDA" 23 1500 3.43636363636364
199.865 14.695 0 0 "KDE QDA" 23 1500 3.44646464646465
199.875 14.715 0 0 "KDE QDA" 23 1500 3.45656565656566
199.88 14.73 0 0 "KDE QDA" 23 1500 3.46666666666667
199.895 14.74 0 0 "KDE QDA" 23 1500 3.47676767676768
199.9 14.81 0 0 "KDE QDA" 23 1500 3.48686868686869
200.995 14.81 0 0 "KDE QDA" 23 1500 3.4969696969697
202.365 14.815 0 0 "KDE QDA" 23 1500 3.50707070707071
203.225 14.93 0 0 "KDE QDA" 23 1500 3.51717171717172
203.23 14.95 0 0 "KDE QDA" 23 1500 3.52727272727273
204.92 14.96 0 0 "KDE QDA" 23 1500 3.53737373737374
206.38 14.98 0 0 "KDE QDA" 23 1500 3.54747474747475
206.905 15 0 0 "KDE QDA" 23 1500 3.55757575757576
206.91 15 0 0 "KDE QDA" 23 1500 3.56767676767677
209.785 15 0 0 "KDE QDA" 23 1500 3.57777777777778
209.965 15.01 0 0 "KDE QDA" 23 1500 3.58787878787879
211.39 15.02 0 0 "KDE QDA" 23 1500 3.5979797979798
211.415 15.02 0 0 "KDE QDA" 23 1500 3.60808080808081
211.425 15.025 0 0 "KDE QDA" 23 1500 3.61818181818182
211.445 15.03 0 0 "KDE QDA" 23 1500 3.62828282828283
220.72 15.045 0 0 "KDE QDA" 23 1500 3.63838383838384
221.795 15.055 0 0 "KDE QDA" 23 1500 3.64848484848485
229.74 15.445 0 0 "KDE QDA" 23 1500 3.65858585858586
231.435 15.47 0 0 "KDE QDA" 23 1500 3.66868686868687
237.085 15.51 0 0 "KDE QDA" 23 1500 3.67878787878788
237.155 15.51 0 0 "KDE QDA" 23 1500 3.68888888888889
237.365 15.535 0 0 "KDE QDA" 23 1500 3.6989898989899
237.375 15.54 0 0 "KDE QDA" 23 1500 3.70909090909091
238.115 15.54 0 0 "KDE QDA" 23 1500 3.71919191919192
238.605 15.545 0 0 "KDE QDA" 23 1500 3.72929292929293
238.615 15.55 0 0 "KDE QDA" 23 1500 3.73939393939394
238.625 15.55 0 0 "KDE QDA" 23 1500 3.74949494949495
239.105 15.56 0 0 "KDE QDA" 23 1500 3.75959595959596
239.145 15.56 0 0 "KDE QDA" 23 1500 3.76969696969697
241.365 15.58 0 0 "KDE QDA" 23 1500 3.77979797979798
264.77 16.105 0 0 "KDE QDA" 23 1500 3.78989898989899
268.745 16.13 0 0 "KDE QDA" 23 1500 3.8
