25.326 8.234 0 0 22.6143125283775 5.01341982865772 "LDA" 42 200 1.5
26.259 8.44 0 0 23.0356367300659 5.05370556522043 "LDA" 42 200 1.53535353535354
27.741 8.756 0 0 24.4155696030021 5.24919213003468 "LDA" 42 200 1.57070707070707
29.141 8.99 0 0 25.5231767527389 5.31697001779869 "LDA" 42 200 1.60606060606061
30.746 9.209 0 0 26.8514894649531 5.39763406072081 "LDA" 42 200 1.64141414141414
32.15 9.483 0 0 28.3324235854652 5.59490965199743 "LDA" 42 200 1.67676767676768
32.909 9.631 0 0 28.7408203389144 5.64080292668142 "LDA" 42 200 1.71212121212121
34.24 9.872 0 0 29.3253196806851 5.78957123931774 "LDA" 42 200 1.74747474747475
35.599 10.172 0 0 30.6934241375133 6.14997871851913 "LDA" 42 200 1.78282828282828
36.748 10.394 0 0 31.5671186359949 6.35918258923293 "LDA" 42 200 1.81818181818182
37.646 10.698 0 0 31.929675666818 6.55146683710738 "LDA" 42 200 1.85353535353535
39.021 10.899 0 0 32.8391682289605 6.65560636577135 "LDA" 42 200 1.88888888888889
40.931 11.253 0 0 34.0029769496943 6.87358983626731 "LDA" 42 200 1.92424242424242
42.765 11.454 0 0 35.25806157329 7.01406309360567 "LDA" 42 200 1.95959595959596
44.426 11.678 0 0 36.9848131048462 7.06641707304701 "LDA" 42 200 1.99494949494949
46.717 12.027 0 0 39.801118577749 7.26698562542132 "LDA" 42 200 2.03030303030303
48.351 12.318 0 0 40.8620301074788 7.40159845301403 "LDA" 42 200 2.06565656565657
50.039 12.525 0 0 42.4306474006565 7.47684948880732 "LDA" 42 200 2.1010101010101
51.944 12.798 0 0 44.1810686927199 7.57499680373375 "LDA" 42 200 2.13636363636364
54.539 13.137 0 0 47.1237002167924 7.75528048334652 "LDA" 42 200 2.17171717171717
56.93 13.461 0 0 48.6088667006537 8.19277734352647 "LDA" 42 200 2.20707070707071
57.771 13.605 0 0 49.1511382715944 8.19683860785139 "LDA" 42 200 2.24242424242424
60.479 13.805 0 0 52.0713643568707 8.32503941619986 "LDA" 42 200 2.27777777777778
62.418 13.956 0 0 53.8934855412394 8.35666787050305 "LDA" 42 200 2.31313131313131
65.072 14.264 0 0 56.1845487613767 8.62894911114689 "LDA" 42 200 2.34848484848485
68.036 14.535 0 0 58.713337155709 8.86709650338826 "LDA" 42 200 2.38383838383838
70.035 14.704 0 0 60.4685225321176 8.90053951193991 "LDA" 42 200 2.41919191919192
72.652 14.99 0 0 63.5845255379632 9.03822933928928 "LDA" 42 200 2.45454545454545
75.162 15.197 0 0 65.5843049597772 9.09213164543155 "LDA" 42 200 2.48989898989899
77.921 15.341 0 0 67.4736500602454 9.12480032554033 "LDA" 42 200 2.52525252525253
81.087 15.633 0 0 70.2795179383129 9.27525424672237 "LDA" 42 200 2.56060606060606
84.28 15.912 0 0 76.6467894326327 9.36888638163747 "LDA" 42 200 2.5959595959596
86.168 16.053 0 0 78.6258978187709 9.39736673230866 "LDA" 42 200 2.63131313131313
89.31 16.25 0 0 81.8534415030052 9.42116013335185 "LDA" 42 200 2.66666666666667
91.353 16.556 0 0 82.9853538882613 9.57342752176641 "LDA" 42 200 2.7020202020202
94.326 16.825 0 0 86.3541241560515 9.63676513370759 "LDA" 42 200 2.73737373737374
96.645 17.139 0 0 87.9548693025806 9.82538636478064 "LDA" 42 200 2.77272727272727
98.45 17.377 0 0 88.0948363991908 9.97990327956486 "LDA" 42 200 2.80808080808081
101.144 17.645 0 0 89.357954923488 10.0857670852394 "LDA" 42 200 2.84343434343434
104.09 17.92 0 0 91.7389772121967 10.1972341143853 "LDA" 42 200 2.87878787878788
108.09 18.129 0 0 98.0398169403927 10.2433043635481 "LDA" 42 200 2.91414141414141
113.123 18.36 0 0 103.114540582206 10.3402766559373 "LDA" 42 200 2.94949494949495
116.077 18.574 0 0 105.505670546741 10.3795114652983 "LDA" 42 200 2.98484848484848
118.685 18.771 0 0 107.367954495988 10.5506338612841 "LDA" 42 200 3.02020202020202
121.261 19.014 0 0 110.089075223128 10.6463678853001 "LDA" 42 200 3.05555555555556
123.675 19.192 0 0 111.952993920877 10.6924957547555 "LDA" 42 200 3.09090909090909
126.604 19.507 0 0 113.510800745506 10.7561910845172 "LDA" 42 200 3.12626262626263
133.088 19.76 0 0 121.663421965044 10.9058395980015 "LDA" 42 200 3.16161616161616
137.035 20.068 0 0 124.834399916058 10.9870875163572 "LDA" 42 200 3.1969696969697
142.073 20.37 0 0 135.122691702071 11.1038008985389 "LDA" 42 200 3.23232323232323
146.866 20.557 0 0 139.009350921597 11.1345736213709 "LDA" 42 200 3.26767676767677
150.91 20.76 0 0 141.409711853913 11.1762833405971 "LDA" 42 200 3.3030303030303
154.703 21.042 0 0 143.862654133219 11.3983401492567 "LDA" 42 200 3.33838383838384
161.495 21.282 0 0 150.62748292929 11.5251596650678 "LDA" 42 200 3.37373737373737
166.009 21.489 0 0 153.238947706169 11.5628533925921 "LDA" 42 200 3.40909090909091
171.667 21.806 0 0 161.898991332233 11.6632068657979 "LDA" 42 200 3.44444444444444
176.364 22.062 0 0 166.705885787984 11.8198081145112 "LDA" 42 200 3.47979797979798
181.518 22.372 0 0 170.352063390795 12.0068222182133 "LDA" 42 200 3.51515151515152
190.598 22.563 0 0 190.844145532117 12.0705314186546 "LDA" 42 200 3.55050505050505
195.902 22.781 0 0 195.029189560898 12.0847457598445 "LDA" 42 200 3.58585858585859
203.435 22.989 0 0 202.69483706294 12.1493409486065 "LDA" 42 200 3.62121212121212
211.956 23.355 0 0 209.297643483073 12.3375520339405 "LDA" 42 200 3.65656565656566
215.607 23.658 0 0 211.917955281686 12.4371105051663 "LDA" 42 200 3.69191919191919
222.572 23.836 0 0 219.567107123382 12.4129442593281 "LDA" 42 200 3.72727272727273
226.528 23.994 0 0 222.591325334376 12.4348135727315 "LDA" 42 200 3.76262626262626
233.354 24.194 0 0 227.05786477891 12.4242797266774 "LDA" 42 200 3.7979797979798
238.65 24.42 0 0 231.658894375639 12.4688841951906 "LDA" 42 200 3.83333333333333
253.05 24.666 0 0 246.185712227385 12.5491005225045 "LDA" 42 200 3.86868686868687
256.237 24.845 0 0 248.203589524513 12.5786007248897 "LDA" 42 200 3.9040404040404
262.878 25.05 0 0 253.736499793245 12.6281023502729 "LDA" 42 200 3.93939393939394
274.913 25.254 0 0 263.841892001583 12.6573967976711 "LDA" 42 200 3.97474747474747
289.139 25.468 0 0 284.83825324122 12.7278817945083 "LDA" 42 200 4.01010101010101
297.65 25.746 0 0 289.753858988623 12.8518735853826 "LDA" 42 200 4.04545454545454
305.658 26.061 0 0 293.24187257592 12.9438333511299 "LDA" 42 200 4.08080808080808
310.319 26.249 0 0 297.687801675289 12.9784220319128 "LDA" 42 200 4.11616161616162
316.809 26.532 0 0 304.04038066032 12.9977658817936 "LDA" 42 200 4.15151515151515
331.78 26.816 0 0 322.745807806169 13.0614986409197 "LDA" 42 200 4.18686868686869
338.731 27.124 0 0 331.450494145158 13.222611748874 "LDA" 42 200 4.22222222222222
346.674 27.31 0 0 336.76696350995 13.2142542928656 "LDA" 42 200 4.25757575757576
354.717 27.48 0 0 344.607137172157 13.1672691541176 "LDA" 42 200 4.29292929292929
360.151 27.737 0 0 346.465586460765 13.29648929709 "LDA" 42 200 4.32828282828283
369.541 28.047 0 0 352.616716659701 13.3356150825385 "LDA" 42 200 4.36363636363636
378.77 28.252 0 0 360.140395129739 13.3694142443578 "LDA" 42 200 4.3989898989899
383.131 28.59 0 0 364.953568205527 13.6163616765017 "LDA" 42 200 4.43434343434343
389.868 28.783 0 0 371.942277287261 13.6725582774348 "LDA" 42 200 4.46969696969697
404.652 29.066 0 0 388.097408512985 13.7703764388366 "LDA" 42 200 4.50505050505051
413.814 29.242 0 0 400.391274351198 13.8053621475144 "LDA" 42 200 4.54040404040404
421.104 29.556 0 0 406.077216659455 13.9437187038211 "LDA" 42 200 4.57575757575758
433.218 29.836 0 0 416.661492431536 14.2084124019182 "LDA" 42 200 4.61111111111111
441.828 30.084 0 0 424.884347940855 14.4503202648161 "LDA" 42 200 4.64646464646465
452.681 30.336 0 0 434.185211674738 14.5151573809516 "LDA" 42 200 4.68181818181818
464.312 30.482 0 0 460.419326932105 14.5272405059157 "LDA" 42 200 4.71717171717172
478.199 30.706 0 0 468.981241419957 14.5752530681975 "LDA" 42 200 4.75252525252525
495.043 30.903 0 0 489.793011735922 14.6762728233017 "LDA" 42 200 4.78787878787879
514.492 31.133 0 0 503.733259903625 14.645060217998 "LDA" 42 200 4.82323232323232
523.932 31.346 0 0 508.348389848401 14.727701422462 "LDA" 42 200 4.85858585858586
531.176 31.581 0 0 512.653692889101 14.8988393646758 "LDA" 42 200 4.89393939393939
542.988 31.874 0 0 524.991767756612 14.954054558806 "LDA" 42 200 4.92929292929293
552.153 32.12 0 0 533.977832795442 14.9503549494021 "LDA" 42 200 4.96464646464646
561.84 32.314 0 0 540.476900227641 14.9664758510278 "LDA" 42 200 5
14.69 8.767 0 0 7.48023086902095 3.04302004117143 "uLSIF" 42 200 1.5
14.954 8.962 0 0 7.51414308796062 3.04661087732546 "uLSIF" 42 200 1.53535353535354
15.323 9.154 0 0 7.64035640831277 3.08249668057985 "uLSIF" 42 200 1.57070707070707
15.74 9.34 0 0 7.7339649736868 3.15187790600054 "uLSIF" 42 200 1.60606060606061
16.068 9.543 0 0 7.92200316423404 3.17588369390903 "uLSIF" 42 200 1.64141414141414
16.399 9.729 0 0 8.06603123350386 3.18743136690325 "uLSIF" 42 200 1.67676767676768
16.702 9.923 0 0 8.18328553590562 3.25232972631138 "uLSIF" 42 200 1.71212121212121
17.027 10.126 0 0 8.29464116596204 3.2843432997954 "uLSIF" 42 200 1.74747474747475
17.376 10.339 0 0 8.3606533551227 3.34324038266115 "uLSIF" 42 200 1.78282828282828
17.837 10.536 0 0 8.77595854869703 3.35051189073102 "uLSIF" 42 200 1.81818181818182
18.177 10.716 0 0 8.9315980901765 3.35478741481463 "uLSIF" 42 200 1.85353535353535
18.513 10.87 0 0 9.05670220636932 3.42941115366193 "uLSIF" 42 200 1.88888888888889
18.824 11.067 0 0 9.09922083586391 3.45925967187742 "uLSIF" 42 200 1.92424242424242
19.227 11.235 0 0 9.22065569748115 3.47963832644758 "uLSIF" 42 200 1.95959595959596
19.69 11.453 0 0 9.44230147035441 3.53189258971239 "uLSIF" 42 200 1.99494949494949
20.061 11.676 0 0 9.51650370897016 3.55410405807929 "uLSIF" 42 200 2.03030303030303
20.45 11.838 0 0 9.68500383579167 3.59870903334886 "uLSIF" 42 200 2.06565656565657
20.799 12.042 0 0 9.71333866124043 3.62510377470458 "uLSIF" 42 200 2.1010101010101
21.138 12.244 0 0 9.74042256946955 3.65839416244995 "uLSIF" 42 200 2.13636363636364
21.464 12.444 0 0 9.81249147714223 3.68244815637972 "uLSIF" 42 200 2.17171717171717
21.744 12.623 0 0 9.87390287363401 3.71384755525367 "uLSIF" 42 200 2.20707070707071
22.024 12.807 0 0 9.9084611116763 3.69830074878023 "uLSIF" 42 200 2.24242424242424
22.38 13.017 0 0 10.0009809328695 3.77822524288666 "uLSIF" 42 200 2.27777777777778
22.826 13.209 0 0 10.2286044184116 3.78598106871292 "uLSIF" 42 200 2.31313131313131
23.115 13.436 0 0 10.2656299445362 3.82106065176994 "uLSIF" 42 200 2.34848484848485
23.555 13.662 0 0 10.2907178502704 3.87488977530597 "uLSIF" 42 200 2.38383838383838
23.878 13.873 0 0 10.3162755654132 3.9245730052164 "uLSIF" 42 200 2.41919191919192
24.331 14.117 0 0 10.5939450003609 3.9732981385869 "uLSIF" 42 200 2.45454545454545
24.737 14.292 0 0 10.7103007213403 3.97070554215526 "uLSIF" 42 200 2.48989898989899
25.144 14.502 0 0 10.7410723223817 4.01074582616277 "uLSIF" 42 200 2.52525252525253
25.551 14.687 0 0 10.8217609246143 4.00363085961482 "uLSIF" 42 200 2.56060606060606
25.887 14.862 0 0 10.8035618176575 4.0676161939767 "uLSIF" 42 200 2.5959595959596
26.214 15.059 0 0 10.8910430546766 4.10857632269371 "uLSIF" 42 200 2.63131313131313
26.57 15.264 0 0 11.0001865486047 4.12180704221987 "uLSIF" 42 200 2.66666666666667
26.881 15.434 0 0 11.1898190803538 4.14038485974273 "uLSIF" 42 200 2.7020202020202
27.183 15.616 0 0 11.252383175449 4.14894658410515 "uLSIF" 42 200 2.73737373737374
27.661 15.879 0 0 11.4479314347237 4.23465362117037 "uLSIF" 42 200 2.77272727272727
28.052 16.101 0 0 11.5317074310909 4.27634026780916 "uLSIF" 42 200 2.80808080808081
28.566 16.282 0 0 11.7720102031991 4.30476561580384 "uLSIF" 42 200 2.84343434343434
28.946 16.471 0 0 11.8040001024406 4.37930786053428 "uLSIF" 42 200 2.87878787878788
29.339 16.684 0 0 11.841549784606 4.43077597896528 "uLSIF" 42 200 2.91414141414141
29.865 16.9 0 0 11.9605112277373 4.47168827133511 "uLSIF" 42 200 2.94949494949495
30.28 17.095 0 0 12.2503743482259 4.49512860563312 "uLSIF" 42 200 2.98484848484848
30.643 17.291 0 0 12.2872506089657 4.49961837999242 "uLSIF" 42 200 3.02020202020202
31.027 17.491 0 0 12.3530104779308 4.49155798060017 "uLSIF" 42 200 3.05555555555556
31.35 17.71 0 0 12.4154598643644 4.55089118861467 "uLSIF" 42 200 3.09090909090909
31.653 17.92 0 0 12.4929045327203 4.56469456113292 "uLSIF" 42 200 3.12626262626263
32.077 18.156 0 0 12.6851876211976 4.58483202360617 "uLSIF" 42 200 3.16161616161616
32.568 18.356 0 0 12.8646366009645 4.5762655305616 "uLSIF" 42 200 3.1969696969697
32.859 18.547 0 0 12.8784693956221 4.59770920458547 "uLSIF" 42 200 3.23232323232323
33.288 18.714 0 0 12.9507829407638 4.61296905295098 "uLSIF" 42 200 3.26767676767677
33.602 18.91 0 0 13.0581818072851 4.62918236077704 "uLSIF" 42 200 3.3030303030303
33.94 19.158 0 0 13.1746716077469 4.70863113942972 "uLSIF" 42 200 3.33838383838384
34.37 19.319 0 0 13.2790599604578 4.70205788441065 "uLSIF" 42 200 3.37373737373737
34.727 19.545 0 0 13.339805898941 4.73818798966709 "uLSIF" 42 200 3.40909090909091
35.068 19.742 0 0 13.4331614233518 4.7793596096421 "uLSIF" 42 200 3.44444444444444
35.454 19.945 0 0 13.5575695348278 4.79363681915453 "uLSIF" 42 200 3.47979797979798
35.804 20.132 0 0 13.5939832418751 4.77528840797908 "uLSIF" 42 200 3.51515151515152
36.096 20.334 0 0 13.6434206461183 4.82200121274308 "uLSIF" 42 200 3.55050505050505
36.397 20.534 0 0 13.6637509158023 4.86255986991302 "uLSIF" 42 200 3.58585858585859
36.754 20.749 0 0 13.7246438879065 4.8887522844688 "uLSIF" 42 200 3.62121212121212
37.049 20.932 0 0 13.7203807471895 4.90850990316506 "uLSIF" 42 200 3.65656565656566
37.38 21.108 0 0 13.7629582219456 4.94396387312638 "uLSIF" 42 200 3.69191919191919
37.7 21.297 0 0 13.7644273204322 4.98293293358647 "uLSIF" 42 200 3.72727272727273
37.987 21.466 0 0 13.8667630728342 4.97348766758093 "uLSIF" 42 200 3.76262626262626
38.358 21.659 0 0 13.9022699264943 4.95451978160006 "uLSIF" 42 200 3.7979797979798
38.795 21.851 0 0 14.049639403464 4.97509301928623 "uLSIF" 42 200 3.83333333333333
39.12 22.05 0 0 14.0409668024944 4.97274855871763 "uLSIF" 42 200 3.86868686868687
39.512 22.226 0 0 14.3957317665026 4.97269058474903 "uLSIF" 42 200 3.9040404040404
39.862 22.464 0 0 14.4898209412991 5.00857163169199 "uLSIF" 42 200 3.93939393939394
40.314 22.691 0 0 14.6957602514933 5.03675370530344 "uLSIF" 42 200 3.97474747474747
40.697 22.891 0 0 14.8045386745202 5.05100303223346 "uLSIF" 42 200 4.01010101010101
40.994 23.058 0 0 14.9005365671841 5.07270818876548 "uLSIF" 42 200 4.04545454545454
41.296 23.261 0 0 14.9422104674527 5.04483194262498 "uLSIF" 42 200 4.08080808080808
41.622 23.486 0 0 15.0239420537632 5.13694385721629 "uLSIF" 42 200 4.11616161616162
41.953 23.692 0 0 15.0016612693675 5.17512491809791 "uLSIF" 42 200 4.15151515151515
42.311 23.906 0 0 15.0512730298742 5.19828685108721 "uLSIF" 42 200 4.18686868686869
42.719 24.091 0 0 15.1197435707635 5.18551912624075 "uLSIF" 42 200 4.22222222222222
43.045 24.293 0 0 15.184582527898 5.24696880891069 "uLSIF" 42 200 4.25757575757576
43.41 24.52 0 0 15.3073909016598 5.27289326683211 "uLSIF" 42 200 4.29292929292929
43.712 24.705 0 0 15.3676029106435 5.31735359452888 "uLSIF" 42 200 4.32828282828283
44.034 24.887 0 0 15.4180595588602 5.34422976599919 "uLSIF" 42 200 4.36363636363636
44.407 25.071 0 0 15.4505686326126 5.37632438231399 "uLSIF" 42 200 4.3989898989899
44.857 25.287 0 0 15.6362093245787 5.38791802653499 "uLSIF" 42 200 4.43434343434343
45.197 25.499 0 0 15.7260134331145 5.40566556681231 "uLSIF" 42 200 4.46969696969697
45.53 25.68 0 0 15.7709804331825 5.41524929480859 "uLSIF" 42 200 4.50505050505051
45.88 25.869 0 0 15.8221344938014 5.43261929020913 "uLSIF" 42 200 4.54040404040404
46.209 26.087 0 0 15.7901440033854 5.47589412027081 "uLSIF" 42 200 4.57575757575758
46.568 26.28 0 0 15.7579087345906 5.49051416041756 "uLSIF" 42 200 4.61111111111111
46.989 26.46 0 0 15.8482189865311 5.51859174562269 "uLSIF" 42 200 4.64646464646465
47.281 26.653 0 0 15.9165126323066 5.52296062760673 "uLSIF" 42 200 4.68181818181818
47.623 26.848 0 0 15.959748888519 5.53728792438659 "uLSIF" 42 200 4.71717171717172
48.081 27.031 0 0 16.2571440829481 5.58544861548616 "uLSIF" 42 200 4.75252525252525
48.53 27.218 0 0 16.514776348405 5.58315749801559 "uLSIF" 42 200 4.78787878787879
48.888 27.42 0 0 16.5615742531241 5.57428674116005 "uLSIF" 42 200 4.82323232323232
49.157 27.598 0 0 16.6218120442879 5.60748070347459 "uLSIF" 42 200 4.85858585858586
49.641 27.795 0 0 16.660422824427 5.67390237562898 "uLSIF" 42 200 4.89393939393939
50.104 27.961 0 0 16.7730891764314 5.66158392435655 "uLSIF" 42 200 4.92929292929293
50.46 28.182 0 0 16.872554136321 5.68939761708085 "uLSIF" 42 200 4.96464646464646
50.772 28.417 0 0 16.9710940729829 5.71101801141677 "uLSIF" 42 200 5
