37.39 10.344 0 0 32.9057242237074 6.82365197135861 "LDA" 5 200 1.5
39.834 10.601 0 0 35.6204612724381 6.92226239871884 "LDA" 5 200 1.53535353535354
41.363 10.937 0 0 36.9117014604408 7.22324069972794 "LDA" 5 200 1.57070707070707
43.856 11.217 0 0 38.9817757784691 7.33578385209956 "LDA" 5 200 1.60606060606061
45.484 11.498 0 0 40.5942562148592 7.44159750143565 "LDA" 5 200 1.64141414141414
48.281 11.73 0 0 43.8763395484648 7.52314413644307 "LDA" 5 200 1.67676767676768
51.387 11.99 0 0 47.2277216122977 7.77279334064121 "LDA" 5 200 1.71212121212121
52.749 12.252 0 0 48.343677043747 7.90588382149643 "LDA" 5 200 1.74747474747475
56.13 12.481 0 0 52.4539657082143 7.97102102469791 "LDA" 5 200 1.78282828282828
57.789 12.813 0 0 54.1046929276638 8.22104717275218 "LDA" 5 200 1.81818181818182
60.537 13.062 0 0 55.9665693775122 8.30163074781534 "LDA" 5 200 1.85353535353535
63.579 13.455 0 0 59.2288089599209 8.606628204416 "LDA" 5 200 1.88888888888889
65.998 13.786 0 0 61.2138966014837 8.72469623106297 "LDA" 5 200 1.92424242424242
68.825 14.143 0 0 63.9189174110686 8.94542182189144 "LDA" 5 200 1.95959595959596
71.583 14.555 0 0 65.6935975553155 9.32061418839171 "LDA" 5 200 1.99494949494949
75.021 14.865 0 0 69.4491738377552 9.44891830089863 "LDA" 5 200 2.03030303030303
77.912 15.239 0 0 72.0301089308672 9.64203546186426 "LDA" 5 200 2.06565656565657
80.546 15.594 0 0 74.2697777287901 9.84835794202029 "LDA" 5 200 2.1010101010101
84.884 15.952 0 0 80.1229319747363 10.0479180259722 "LDA" 5 200 2.13636363636364
88.669 16.221 0 0 85.0660076920544 10.2192265652344 "LDA" 5 200 2.17171717171717
92.234 16.563 0 0 87.7147257712017 10.481597917059 "LDA" 5 200 2.20707070707071
95.34 16.784 0 0 89.7208796002148 10.555034474257 "LDA" 5 200 2.24242424242424
99.629 17.031 0 0 94.8524662270273 10.5852769017672 "LDA" 5 200 2.27777777777778
104.812 17.324 0 0 99.0173373156898 10.7380785213338 "LDA" 5 200 2.31313131313131
109.222 17.632 0 0 102.705497102809 10.8474071667953 "LDA" 5 200 2.34848484848485
113.985 17.957 0 0 106.603325670656 10.9785098569286 "LDA" 5 200 2.38383838383838
117.504 18.248 0 0 109.429167623293 11.2409454608967 "LDA" 5 200 2.41919191919192
121.835 18.538 0 0 111.900238777397 11.5603718884039 "LDA" 5 200 2.45454545454545
126.007 18.828 0 0 115.483207966883 11.7291939190206 "LDA" 5 200 2.48989898989899
131.322 19.132 0 0 119.853590681294 11.8070310401041 "LDA" 5 200 2.52525252525253
138.402 19.366 0 0 129.123713272696 11.9052836916967 "LDA" 5 200 2.56060606060606
144.149 19.721 0 0 134.234092504813 12.0803598495282 "LDA" 5 200 2.5959595959596
151.818 20.037 0 0 141.78730025822 12.1016561296825 "LDA" 5 200 2.63131313131313
158.472 20.424 0 0 148.15802379897 12.2575066987732 "LDA" 5 200 2.66666666666667
165.338 20.648 0 0 154.440044947816 12.3445730782593 "LDA" 5 200 2.7020202020202
168.931 21.028 0 0 156.124485888966 12.625157844978 "LDA" 5 200 2.73737373737374
175.857 21.295 0 0 161.923827390773 12.7870827198577 "LDA" 5 200 2.77272727272727
185.215 21.591 0 0 170.055648829137 12.806237492672 "LDA" 5 200 2.80808080808081
193.357 21.881 0 0 182.523511864591 12.8269782244444 "LDA" 5 200 2.84343434343434
201.594 22.221 0 0 191.420058517395 13.0122818321184 "LDA" 5 200 2.87878787878788
211.081 22.569 0 0 202.842523965091 13.1740196520953 "LDA" 5 200 2.91414141414141
217.527 22.759 0 0 207.63787891365 13.1377135955431 "LDA" 5 200 2.94949494949495
224.069 23.014 0 0 213.783960625723 13.2056121475754 "LDA" 5 200 2.98484848484848
232.926 23.238 0 0 223.434924955097 13.2264240932421 "LDA" 5 200 3.02020202020202
243.277 23.58 0 0 237.38452705407 13.4581098494819 "LDA" 5 200 3.05555555555556
251.779 23.989 0 0 244.297801002331 13.7610408489055 "LDA" 5 200 3.09090909090909
261.816 24.247 0 0 251.389424572289 13.8305196675423 "LDA" 5 200 3.12626262626263
274.365 24.475 0 0 260.468773093353 13.8935382608393 "LDA" 5 200 3.16161616161616
284.727 24.747 0 0 266.388448090897 14.0212548149795 "LDA" 5 200 3.1969696969697
294.348 25.011 0 0 275.366416905838 14.0603190423109 "LDA" 5 200 3.23232323232323
307.127 25.351 0 0 290.168289975847 14.2700186556442 "LDA" 5 200 3.26767676767677
320.451 25.593 0 0 302.708715046602 14.274351407616 "LDA" 5 200 3.3030303030303
328.471 25.936 0 0 305.858880554111 14.4743016898712 "LDA" 5 200 3.33838383838384
344.024 26.254 0 0 321.875487189151 14.4863155197358 "LDA" 5 200 3.37373737373737
355.99 26.656 0 0 330.856194927225 14.8244874929769 "LDA" 5 200 3.40909090909091
371.168 26.877 0 0 345.852800965867 14.8435238808445 "LDA" 5 200 3.44444444444444
388.126 27.117 0 0 358.899720163074 14.8985663162023 "LDA" 5 200 3.47979797979798
405.658 27.412 0 0 378.184325984592 14.9249123618536 "LDA" 5 200 3.51515151515152
421.667 27.677 0 0 398.871709640771 15.0227945254988 "LDA" 5 200 3.55050505050505
437.069 28.029 0 0 409.712460805794 15.1453471581387 "LDA" 5 200 3.58585858585859
453.72 28.381 0 0 419.430809316392 15.2747883179492 "LDA" 5 200 3.62121212121212
471.948 28.639 0 0 445.938830711945 15.4125346788004 "LDA" 5 200 3.65656565656566
488.291 28.951 0 0 454.529571590728 15.4907896365409 "LDA" 5 200 3.69191919191919
505.109 29.213 0 0 467.893885199205 15.5457808521252 "LDA" 5 200 3.72727272727273
527.915 29.613 0 0 491.948858576229 15.9963468990302 "LDA" 5 200 3.76262626262626
547.092 29.959 0 0 509.914408739585 16.3852309960768 "LDA" 5 200 3.7979797979798
572.597 30.337 0 0 540.956780926009 16.5044790535427 "LDA" 5 200 3.83333333333333
590.161 30.602 0 0 556.879040137393 16.5570447765213 "LDA" 5 200 3.86868686868687
614.238 31.059 0 0 582.296847814733 16.8589365839825 "LDA" 5 200 3.9040404040404
635.767 31.344 0 0 608.982313510966 16.9800467015255 "LDA" 5 200 3.93939393939394
650.903 31.637 0 0 617.459216041412 17.096886691282 "LDA" 5 200 3.97474747474747
666.947 31.918 0 0 629.648477641609 17.1240915236549 "LDA" 5 200 4.01010101010101
693.375 32.302 0 0 658.994356528898 17.1667554736908 "LDA" 5 200 4.04545454545454
717.147 32.634 0 0 670.130270895869 17.2945987853765 "LDA" 5 200 4.08080808080808
742.107 32.978 0 0 684.273035518818 17.4814506582582 "LDA" 5 200 4.11616161616162
762.515 33.334 0 0 701.50073203957 17.593862224878 "LDA" 5 200 4.15151515151515
797.33 33.64 0 0 753.402192699201 17.897561921187 "LDA" 5 200 4.18686868686869
831.14 33.923 0 0 798.445360305509 17.969751889856 "LDA" 5 200 4.22222222222222
861.473 34.26 0 0 824.804672646208 18.1156445255634 "LDA" 5 200 4.25757575757576
888.257 34.538 0 0 860.217963015709 18.2864690673446 "LDA" 5 200 4.29292929292929
912.798 34.757 0 0 891.428360395673 18.2774181714764 "LDA" 5 200 4.32828282828283
943.96 35.055 0 0 924.738743723947 18.3833054949571 "LDA" 5 200 4.36363636363636
975.027 35.445 0 0 945.394573270955 18.4975981180297 "LDA" 5 200 4.3989898989899
1005.177 35.808 0 0 976.76161417304 18.7781723220274 "LDA" 5 200 4.43434343434343
1044.667 36.067 0 0 992.810872996736 18.8474331604263 "LDA" 5 200 4.46969696969697
1083.625 36.337 0 0 1035.13490166241 18.928912666467 "LDA" 5 200 4.50505050505051
1134.363 36.7 0 0 1081.55758054346 18.9960746169005 "LDA" 5 200 4.54040404040404
1161.81 36.959 0 0 1109.15780073303 19.0628095964291 "LDA" 5 200 4.57575757575758
1225.003 37.312 0 0 1171.38395129537 19.0906025862755 "LDA" 5 200 4.61111111111111
1273.228 37.637 0 0 1215.74033847141 19.2207353570998 "LDA" 5 200 4.64646464646465
1319.992 37.996 0 0 1278.58595564865 19.3860724182028 "LDA" 5 200 4.68181818181818
1352.589 38.267 0 0 1318.93335133519 19.4805853147231 "LDA" 5 200 4.71717171717172
1417.625 38.679 0 0 1379.36152570441 19.6503968686919 "LDA" 5 200 4.75252525252525
1473.592 38.944 0 0 1437.95637070812 19.7947138068398 "LDA" 5 200 4.78787878787879
1543.192 39.297 0 0 1509.36758665596 19.8987122636051 "LDA" 5 200 4.82323232323232
1631.09209209209 39.608 1 0 1614.29315997442 19.921526126359 "LDA" 5 200 4.85858585858586
1692.04404404404 39.926 1 0 1659.62121618896 20.0637254037498 "LDA" 5 200 4.89393939393939
1770.64864864865 40.234 1 0 1733.94559035059 20.2443838898367 "LDA" 5 200 4.92929292929293
1825.37337337337 40.406 1 0 1783.94362002014 20.2550099834443 "LDA" 5 200 4.96464646464646
1894.45745745746 40.773 1 0 1823.23398176055 20.3910093978759 "LDA" 5 200 5
142.803 32.347 0 0 142.27341253697 28.3515149401121 "uLSIF" 5 200 1.5
154.967 34.213 0 0 157.598671479972 29.6699163284114 "uLSIF" 5 200 1.53535353535354
166.841 36.354 0 0 165.859353200367 31.5286018836347 "uLSIF" 5 200 1.57070707070707
182.726 38.257 0 0 178.618076748523 33.122168241663 "uLSIF" 5 200 1.60606060606061
206.886 40.19 0 0 207.525718714399 35.52728652864 "uLSIF" 5 200 1.64141414141414
225.568 42.501 0 0 228.601005675381 39.0544395459498 "uLSIF" 5 200 1.67676767676768
247.4 45.314 0 0 255.585049871306 41.9253758616562 "uLSIF" 5 200 1.71212121212121
264.485 47.202 0 0 270.366717509639 43.2870299623682 "uLSIF" 5 200 1.74747474747475
289.539 50.772 0 0 297.32330488313 48.9403430022019 "uLSIF" 5 200 1.78282828282828
320.375 53.069 0 0 326.666238240511 51.2809904250979 "uLSIF" 5 200 1.81818181818182
357.152 55.499 0 0 365.98917876759 53.1798843464246 "uLSIF" 5 200 1.85353535353535
382.223 58.855 0 0 381.166981175624 55.975505645168 "uLSIF" 5 200 1.88888888888889
403.865 61.705 0 0 403.96497183973 57.8803603229205 "uLSIF" 5 200 1.92424242424242
431.656 64.56 0 0 433.785197144003 59.4009838039479 "uLSIF" 5 200 1.95959595959596
461.492 67.911 0 0 455.00366841848 61.7916765453915 "uLSIF" 5 200 1.99494949494949
505.085 70.258 0 0 493.186070641979 63.2400089716529 "uLSIF" 5 200 2.03030303030303
551.38 74.811 0 0 532.923755643647 70.3846665139523 "uLSIF" 5 200 2.06565656565657
608.473 78.099 0 0 594.963547533707 72.8527605772336 "uLSIF" 5 200 2.1010101010101
649.551 81.472 0 0 631.722239902465 75.3052993095712 "uLSIF" 5 200 2.13636363636364
698.864 85.02 0 0 683.071277301186 78.5435464483791 "uLSIF" 5 200 2.17171717171717
768.066 89.13 0 0 755.83915648402 82.205187140428 "uLSIF" 5 200 2.20707070707071
833.861 94.379 0 0 819.924923733606 87.392028959887 "uLSIF" 5 200 2.24242424242424
924.594 98.648 0 0 933.833433780375 91.0881284424219 "uLSIF" 5 200 2.27777777777778
1008.151 103.504 0 0 1023.91484206588 95.6591901735775 "uLSIF" 5 200 2.31313131313131
1105.006 109.628 0 0 1097.0953122168 104.262103384702 "uLSIF" 5 200 2.34848484848485
1197.167 115.192 0 0 1213.0755893581 108.629901922038 "uLSIF" 5 200 2.38383838383838
1295.68568568569 118.204 1 0 1299.30429484648 110.431786925521 "uLSIF" 5 200 2.41919191919192
1397.01803607214 124.65 2 0 1383.31961278973 116.586207777094 "uLSIF" 5 200 2.45454545454545
1514.36345381526 130.959 4 0 1473.70993253625 122.875439745674 "uLSIF" 5 200 2.48989898989899
1658.84104627767 137.471 6 0 1597.59578584508 129.534691860503 "uLSIF" 5 200 2.52525252525253
1804.34747474747 143.236 10 0 1691.71520718863 133.029828381605 "uLSIF" 5 200 2.56060606060606
1978.59229208925 153.29 14 0 1835.97777158874 141.691143972657 "uLSIF" 5 200 2.5959595959596
2077.6226993865 159.27 22 0 1869.06271996222 147.231757071259 "uLSIF" 5 200 2.63131313131313
2243.03798767967 166.773 26 0 2006.92571201841 153.725440256263 "uLSIF" 5 200 2.66666666666667
2380.57053941909 173.957 36 0 2114.24238784538 158.839280620595 "uLSIF" 5 200 2.7020202020202
2588.79249217935 181.078 41 0 2250.6878233531 165.543579134295 "uLSIF" 5 200 2.73737373737374
2747.4478398314 193.445 51 0 2337.59280523097 179.141208401494 "uLSIF" 5 200 2.77272727272727
2920.848452508 203.928 63 0 2434.52276086355 193.507989907802 "uLSIF" 5 200 2.80808080808081
2988.2573932092 211.766 87 0 2455.45976518794 198.656254750641 "uLSIF" 5 200 2.84343434343434
3155.5199556541 222.736 98 0 2523.42958694897 211.139926049936 "uLSIF" 5 200 2.87878787878788
3240.89717514124 229.717 115 0 2532.48291450619 216.208420261543 "uLSIF" 5 200 2.91414141414141
3339.13969732247 237.408 141 0 2585.53216518351 222.679203257878 "uLSIF" 5 200 2.94949494949495
3430.30852340936 247.493 167 0 2597.74675886787 230.934958172005 "uLSIF" 5 200 2.98484848484848
3527.85217391304 261.463 195 0 2625.32956457806 243.372489817152 "uLSIF" 5 200 3.02020202020202
3597.64461738003 274.793 229 0 2656.90484719451 256.240170886956 "uLSIF" 5 200 3.05555555555556
3691.29866666667 287.205 250 0 2680.62028050398 267.629304111899 "uLSIF" 5 200 3.09090909090909
3845.26111111111 301.677 280 0 2746.76644053967 280.870316704713 "uLSIF" 5 200 3.12626262626263
3889.20381231672 318.438877755511 318 2 2773.57270742849 298.509167263527 "uLSIF" 5 200 3.16161616161616
3962.40185471406 335.496993987976 353 2 2774.67772192625 313.7429863366 "uLSIF" 5 200 3.1969696969697
3997.23557692308 350.11122244489 376 2 2778.93090647064 324.088869664835 "uLSIF" 5 200 3.23232323232323
4039.02838063439 366.809428284855 401 3 2786.39728928024 338.677195515765 "uLSIF" 5 200 3.26767676767677
4060.65658362989 380.622110552764 438 5 2778.94254908664 340.701666663921 "uLSIF" 5 200 3.3030303030303
4158.99445471349 388.621594349142 459 9 2797.92562478366 348.008276776473 "uLSIF" 5 200 3.33838383838384
4163.69306930693 401.356565656566 495 10 2761.40472197451 357.239770917942 "uLSIF" 5 200 3.37373737373737
4157.07112970711 418.077935222672 522 12 2765.41448043484 370.482167550799 "uLSIF" 5 200 3.40909090909091
4163.74107142857 431.10233029382 552 13 2771.22260872772 377.397448779767 "uLSIF" 5 200 3.44444444444444
4198.75299760192 448.567650050865 583 17 2795.73486690972 392.606161458976 "uLSIF" 5 200 3.47979797979798
4274.19696969697 470.163784333672 604 17 2796.67831571868 408.218521298436 "uLSIF" 5 200 3.51515151515152
4318.62803234501 490.566191446029 629 18 2826.05782953228 424.463483620408 "uLSIF" 5 200 3.55050505050505
4396.38150289017 501.815950920245 654 22 2856.29894085702 431.837962037463 "uLSIF" 5 200 3.58585858585859
4416.58024691358 518.843076923077 676 25 2834.05495953489 439.528965472693 "uLSIF" 5 200 3.62121212121212
4476.53333333333 529.765979381443 700 30 2841.53738633661 444.748153914134 "uLSIF" 5 200 3.65656565656566
4545.53597122302 547.157291666667 722 40 2904.98803140397 455.487316811088 "uLSIF" 5 200 3.69191919191919
4514.96551724138 564.962264150943 739 46 2932.52176770048 468.320964010922 "uLSIF" 5 200 3.72727272727273
4543.54811715481 580.910052910053 761 55 2938.89508563264 474.763298912385 "uLSIF" 5 200 3.76262626262626
4598.83720930233 592.53085106383 785 60 2928.15710064976 474.289794834164 "uLSIF" 5 200 3.7979797979798
4641.53333333333 604.546336206897 805 72 2903.00054914155 478.88100871131 "uLSIF" 5 200 3.83333333333333
4627.47093023256 621.309289617486 828 85 2863.1912356288 484.867627800723 "uLSIF" 5 200 3.86868686868687
4640.1320754717 632.153083700441 841 92 2855.02606366699 489.832826737087 "uLSIF" 5 200 3.9040404040404
4651.10204081633 652.228982300885 853 96 2869.02286056557 495.293815952043 "uLSIF" 5 200 3.93939393939394
4848.13970588235 660.083705357143 864 104 2850.37262066453 499.155047756374 "uLSIF" 5 200 3.97474747474747
4831.66666666667 676.960451977401 874 115 2897.016619904 501.389792025433 "uLSIF" 5 200 4.01010101010101
4963.70085470085 689.580387685291 883 123 2952.99543790578 500.399807713915 "uLSIF" 5 200 4.04545454545454
5032.99082568807 706.792824074074 891 136 2995.38489610951 508.235381179914 "uLSIF" 5 200 4.08080808080808
5044.32608695652 712.696470588235 908 150 2961.34156600025 513.762755798315 "uLSIF" 5 200 4.11616161616162
5050.64197530864 718.67458432304 919 158 2972.58394880886 513.082265548226 "uLSIF" 5 200 4.15151515151515
5091.10256410256 735.462378640777 922 176 2912.99482877345 517.257395935275 "uLSIF" 5 200 4.18686868686869
5077.54794520548 747.785093167702 927 195 2976.8440131991 520.878670449989 "uLSIF" 5 200 4.22222222222222
5144.98591549296 761.375156838143 929 203 2984.06920875772 530.872886047909 "uLSIF" 5 200 4.25757575757576
5109.40909090909 768.362134688691 934 213 3060.49490707365 534.152359104986 "uLSIF" 5 200 4.29292929292929
5034 782.586340206186 941 224 3028.2198993172 537.777970991874 "uLSIF" 5 200 4.32828282828283
5107.92727272727 789.97375328084 945 238 3058.39740080969 540.25691736518 "uLSIF" 5 200 4.36363636363636
4908.56862745098 806.524128686327 949 254 2932.80730532984 550.39720137624 "uLSIF" 5 200 4.3989898989899
4844.15555555556 811.118131868132 955 272 2885.43620426598 550.899566759362 "uLSIF" 5 200 4.43434343434343
5107.5 812.442253521127 958 290 2804.52289103538 550.159719253282 "uLSIF" 5 200 4.46969696969697
4983.61538461538 818.81974248927 961 301 2795.79977838359 554.844686814668 "uLSIF" 5 200 4.50505050505051
4983.71794871795 830.091851851852 961 325 2795.82261643404 560.592623456257 "uLSIF" 5 200 4.54040404040404
4955.25714285714 840.463901689708 965 349 2779.97437930277 563.460098787551 "uLSIF" 5 200 4.57575757575758
5165 844.941548183254 972 367 2970.31661861405 564.768832004118 "uLSIF" 5 200 4.61111111111111
5706.375 854.421221864952 976 378 2781.04091886317 568.805675394068 "uLSIF" 5 200 4.64646464646465
5763.63636363636 854.385761589404 978 396 2543.50619543845 567.125487527145 "uLSIF" 5 200 4.68181818181818
5637.35 867.551194539249 980 414 2571.70136751611 569.881977531146 "uLSIF" 5 200 4.71717171717172
5339.76470588235 873.586267605634 983 432 2477.34539198241 572.019489087343 "uLSIF" 5 200 4.75252525252525
5579.8125 878.323636363636 984 450 2345.52627268026 566.45521029388 "uLSIF" 5 200 4.78787878787879
5542.06666666667 879.425330812854 985 471 2422.83754737134 563.575885731768 "uLSIF" 5 200 4.82323232323232
5542.13333333333 886.336538461538 985 480 2422.71237803142 562.594684141108 "uLSIF" 5 200 4.85858585858586
5542.13333333333 890.296812749004 985 498 2422.71237803142 564.126521345726 "uLSIF" 5 200 4.89393939393939
5396.46153846154 897.411885245902 987 512 2524.977082912 567.488798451292 "uLSIF" 5 200 4.92929292929293
5727.91666666667 904.754201680672 988 524 2323.15539566862 572.799474863029 "uLSIF" 5 200 4.96464646464646
5751.36363636364 909.894849785408 989 534 2435.02062712936 572.378094919181 "uLSIF" 5 200 5
