139.75 14.59 0 0 "KDE LDA" 66 3000 2.5
140.225 14.67 0 0 "KDE LDA" 66 3000 2.51010101010101
146.535 14.68 0 0 "KDE LDA" 66 3000 2.52020202020202
151.695 14.845 0 0 "KDE LDA" 66 3000 2.53030303030303
156.255 14.91 0 0 "KDE LDA" 66 3000 2.54040404040404
156.945 14.955 0 0 "KDE LDA" 66 3000 2.55050505050505
157.17 15.335 0 0 "KDE LDA" 66 3000 2.56060606060606
157.18 15.355 0 0 "KDE LDA" 66 3000 2.57070707070707
157.185 15.37 0 0 "KDE LDA" 66 3000 2.58080808080808
157.88 15.375 0 0 "KDE LDA" 66 3000 2.59090909090909
157.975 15.4 0 0 "KDE LDA" 66 3000 2.6010101010101
158.45 15.41 0 0 "KDE LDA" 66 3000 2.61111111111111
158.865 15.42 0 0 "KDE LDA" 66 3000 2.62121212121212
160.485 15.44 0 0 "KDE LDA" 66 3000 2.63131313131313
162.935 15.545 0 0 "KDE LDA" 66 3000 2.64141414141414
168.285 15.595 0 0 "KDE LDA" 66 3000 2.65151515151515
175.085 15.815 0 0 "KDE LDA" 66 3000 2.66161616161616
177.24 16.005 0 0 "KDE LDA" 66 3000 2.67171717171717
177.7 16.01 0 0 "KDE LDA" 66 3000 2.68181818181818
177.88 16.06 0 0 "KDE LDA" 66 3000 2.69191919191919
177.88 16.08 0 0 "KDE LDA" 66 3000 2.7020202020202
178.86 16.1 0 0 "KDE LDA" 66 3000 2.71212121212121
182.345 16.135 0 0 "KDE LDA" 66 3000 2.72222222222222
183.21 16.16 0 0 "KDE LDA" 66 3000 2.73232323232323
184.4 16.27 0 0 "KDE LDA" 66 3000 2.74242424242424
190.47 16.43 0 0 "KDE LDA" 66 3000 2.75252525252525
197.315 16.54 0 0 "KDE LDA" 66 3000 2.76262626262626
203.295 16.76 0 0 "KDE LDA" 66 3000 2.77272727272727
206.59 16.835 0 0 "KDE LDA" 66 3000 2.78282828282828
217.435 17.11 0 0 "KDE LDA" 66 3000 2.79292929292929
236.055 18.02 0 0 "KDE LDA" 66 3000 2.8030303030303
236.57 18.03 0 0 "KDE LDA" 66 3000 2.81313131313131
237.5 18.075 0 0 "KDE LDA" 66 3000 2.82323232323232
237.515 18.085 0 0 "KDE LDA" 66 3000 2.83333333333333
237.52 18.105 0 0 "KDE LDA" 66 3000 2.84343434343434
237.54 18.15 0 0 "KDE LDA" 66 3000 2.85353535353535
238.205 18.17 0 0 "KDE LDA" 66 3000 2.86363636363636
238.3 18.18 0 0 "KDE LDA" 66 3000 2.87373737373737
238.82 18.2 0 0 "KDE LDA" 66 3000 2.88383838383838
239.69 18.28 0 0 "KDE LDA" 66 3000 2.89393939393939
241.445 18.31 0 0 "KDE LDA" 66 3000 2.9040404040404
244.125 18.375 0 0 "KDE LDA" 66 3000 2.91414141414141
250.125 18.385 0 0 "KDE LDA" 66 3000 2.92424242424242
250.13 18.43 0 0 "KDE LDA" 66 3000 2.93434343434343
252.115 18.455 0 0 "KDE LDA" 66 3000 2.94444444444444
261.495 18.455 0 0 "KDE LDA" 66 3000 2.95454545454545
264.955 18.505 0 0 "KDE LDA" 66 3000 2.96464646464646
266.505 18.535 0 0 "KDE LDA" 66 3000 2.97474747474747
268.69 18.585 0 0 "KDE LDA" 66 3000 2.98484848484848
268.7 18.635 0 0 "KDE LDA" 66 3000 2.99494949494949
269.65 18.65 0 0 "KDE LDA" 66 3000 3.00505050505051
270.385 18.67 0 0 "KDE LDA" 66 3000 3.01515151515152
270.39 18.85 0 0 "KDE LDA" 66 3000 3.02525252525253
272.385 18.85 0 0 "KDE LDA" 66 3000 3.03535353535354
276.085 18.9 0 0 "KDE LDA" 66 3000 3.04545454545455
281.435 18.95 0 0 "KDE LDA" 66 3000 3.05555555555556
282.03 19.015 0 0 "KDE LDA" 66 3000 3.06565656565657
284.775 19.175 0 0 "KDE LDA" 66 3000 3.07575757575758
292.79 19.22 0 0 "KDE LDA" 66 3000 3.08585858585859
295.32 19.615 0 0 "KDE LDA" 66 3000 3.0959595959596
295.695 19.625 0 0 "KDE LDA" 66 3000 3.10606060606061
296.2 19.645 0 0 "KDE LDA" 66 3000 3.11616161616162
296.81 19.705 0 0 "KDE LDA" 66 3000 3.12626262626263
299.22 19.755 0 0 "KDE LDA" 66 3000 3.13636363636364
299.23 19.77 0 0 "KDE LDA" 66 3000 3.14646464646465
305.745 19.8 0 0 "KDE LDA" 66 3000 3.15656565656566
310.77 19.81 0 0 "KDE LDA" 66 3000 3.16666666666667
313.26 19.885 0 0 "KDE LDA" 66 3000 3.17676767676768
315.415 19.915 0 0 "KDE LDA" 66 3000 3.18686868686869
322.88 19.95 0 0 "KDE LDA" 66 3000 3.1969696969697
333.7 20.075 0 0 "KDE LDA" 66 3000 3.20707070707071
342.69 20.2 0 0 "KDE LDA" 66 3000 3.21717171717172
354.025 20.265 0 0 "KDE LDA" 66 3000 3.22727272727273
355.46 20.305 0 0 "KDE LDA" 66 3000 3.23737373737374
367.57 20.34 0 0 "KDE LDA" 66 3000 3.24747474747475
370.84 20.345 0 0 "KDE LDA" 66 3000 3.25757575757576
370.98 20.355 0 0 "KDE LDA" 66 3000 3.26767676767677
371.2 20.375 0 0 "KDE LDA" 66 3000 3.27777777777778
371.625 20.445 0 0 "KDE LDA" 66 3000 3.28787878787879
378.875 20.5 0 0 "KDE LDA" 66 3000 3.2979797979798
379.89 20.575 0 0 "KDE LDA" 66 3000 3.30808080808081
384.44 20.66 0 0 "KDE LDA" 66 3000 3.31818181818182
396.525 20.715 0 0 "KDE LDA" 66 3000 3.32828282828283
400.54 20.735 0 0 "KDE LDA" 66 3000 3.33838383838384
420.68 20.825 0 0 "KDE LDA" 66 3000 3.34848484848485
444.97 21.005 0 0 "KDE LDA" 66 3000 3.35858585858586
456.38 21.045 0 0 "KDE LDA" 66 3000 3.36868686868687
465.395 21.075 0 0 "KDE LDA" 66 3000 3.37878787878788
466.08 21.105 0 0 "KDE LDA" 66 3000 3.38888888888889
470.36 21.15 0 0 "KDE LDA" 66 3000 3.3989898989899
478.78 21.16 0 0 "KDE LDA" 66 3000 3.40909090909091
481.25 21.18 0 0 "KDE LDA" 66 3000 3.41919191919192
482.61 21.335 0 0 "KDE LDA" 66 3000 3.42929292929293
485.615 21.425 0 0 "KDE LDA" 66 3000 3.43939393939394
488.33 21.51 0 0 "KDE LDA" 66 3000 3.44949494949495
491.73 21.545 0 0 "KDE LDA" 66 3000 3.45959595959596
500.935 21.675 0 0 "KDE LDA" 66 3000 3.46969696969697
504.63 21.715 0 0 "KDE LDA" 66 3000 3.47979797979798
505.31 21.775 0 0 "KDE LDA" 66 3000 3.48989898989899
505.465 21.825 0 0 "KDE LDA" 66 3000 3.5
107.2 11.72 0 0 "KDE QDA" 66 3000 2.7
107.22 11.72 0 0 "KDE QDA" 66 3000 2.71010101010101
107.22 11.72 0 0 "KDE QDA" 66 3000 2.72020202020202
107.225 11.72 0 0 "KDE QDA" 66 3000 2.73030303030303
107.225 11.72 0 0 "KDE QDA" 66 3000 2.74040404040404
107.225 11.72 0 0 "KDE QDA" 66 3000 2.75050505050505
107.605 11.72 0 0 "KDE QDA" 66 3000 2.76060606060606
107.605 11.72 0 0 "KDE QDA" 66 3000 2.77070707070707
107.985 11.735 0 0 "KDE QDA" 66 3000 2.78080808080808
107.99 11.75 0 0 "KDE QDA" 66 3000 2.79090909090909
126.655 12.82 0 0 "KDE QDA" 66 3000 2.8010101010101
126.655 12.82 0 0 "KDE QDA" 66 3000 2.81111111111111
126.655 12.82 0 0 "KDE QDA" 66 3000 2.82121212121212
128.9 12.96 0 0 "KDE QDA" 66 3000 2.83131313131313
128.9 12.985 0 0 "KDE QDA" 66 3000 2.84141414141414
128.955 13.03 0 0 "KDE QDA" 66 3000 2.85151515151515
128.99 13.035 0 0 "KDE QDA" 66 3000 2.86161616161616
128.995 13.04 0 0 "KDE QDA" 66 3000 2.87171717171717
129.53 13.04 0 0 "KDE QDA" 66 3000 2.88181818181818
129.53 13.04 0 0 "KDE QDA" 66 3000 2.89191919191919
129.53 13.04 0 0 "KDE QDA" 66 3000 2.9020202020202
129.53 13.04 0 0 "KDE QDA" 66 3000 2.91212121212121
129.53 13.04 0 0 "KDE QDA" 66 3000 2.92222222222222
129.545 13.04 0 0 "KDE QDA" 66 3000 2.93232323232323
129.545 13.04 0 0 "KDE QDA" 66 3000 2.94242424242424
129.545 13.045 0 0 "KDE QDA" 66 3000 2.95252525252525
145.71 13.21 0 0 "KDE QDA" 66 3000 2.96262626262626
145.945 13.21 0 0 "KDE QDA" 66 3000 2.97272727272727
146.36 13.215 0 0 "KDE QDA" 66 3000 2.98282828282828
146.365 13.235 0 0 "KDE QDA" 66 3000 2.99292929292929
146.365 13.235 0 0 "KDE QDA" 66 3000 3.0030303030303
146.515 13.24 0 0 "KDE QDA" 66 3000 3.01313131313131
146.52 13.255 0 0 "KDE QDA" 66 3000 3.02323232323232
146.52 13.33 0 0 "KDE QDA" 66 3000 3.03333333333333
146.525 13.33 0 0 "KDE QDA" 66 3000 3.04343434343434
146.525 13.33 0 0 "KDE QDA" 66 3000 3.05353535353535
146.525 13.33 0 0 "KDE QDA" 66 3000 3.06363636363636
146.98 13.33 0 0 "KDE QDA" 66 3000 3.07373737373737
146.985 13.33 0 0 "KDE QDA" 66 3000 3.08383838383838
161 13.615 0 0 "KDE QDA" 66 3000 3.09393939393939
164.99 13.62 0 0 "KDE QDA" 66 3000 3.1040404040404
164.99 13.625 0 0 "KDE QDA" 66 3000 3.11414141414141
165.805 13.725 0 0 "KDE QDA" 66 3000 3.12424242424242
167.11 13.725 0 0 "KDE QDA" 66 3000 3.13434343434343
167.145 13.725 0 0 "KDE QDA" 66 3000 3.14444444444444
167.145 13.725 0 0 "KDE QDA" 66 3000 3.15454545454545
167.145 13.725 0 0 "KDE QDA" 66 3000 3.16464646464646
167.225 13.725 0 0 "KDE QDA" 66 3000 3.17474747474748
167.225 13.73 0 0 "KDE QDA" 66 3000 3.18484848484849
167.23 13.735 0 0 "KDE QDA" 66 3000 3.19494949494949
167.245 13.735 0 0 "KDE QDA" 66 3000 3.20505050505051
167.265 13.735 0 0 "KDE QDA" 66 3000 3.21515151515152
190.375 14.3 0 0 "KDE QDA" 66 3000 3.22525252525253
190.825 14.335 0 0 "KDE QDA" 66 3000 3.23535353535354
191.43 14.335 0 0 "KDE QDA" 66 3000 3.24545454545455
196.355 14.55 0 0 "KDE QDA" 66 3000 3.25555555555556
196.375 14.55 0 0 "KDE QDA" 66 3000 3.26565656565657
197.145 14.56 0 0 "KDE QDA" 66 3000 3.27575757575758
197.28 14.585 0 0 "KDE QDA" 66 3000 3.28585858585859
197.28 14.585 0 0 "KDE QDA" 66 3000 3.2959595959596
197.285 14.585 0 0 "KDE QDA" 66 3000 3.30606060606061
197.29 14.585 0 0 "KDE QDA" 66 3000 3.31616161616162
197.295 14.585 0 0 "KDE QDA" 66 3000 3.32626262626263
198.115 14.59 0 0 "KDE QDA" 66 3000 3.33636363636364
198.125 14.62 0 0 "KDE QDA" 66 3000 3.34646464646465
200.885 14.625 0 0 "KDE QDA" 66 3000 3.35656565656566
226.47 15.14 0 0 "KDE QDA" 66 3000 3.36666666666667
226.475 15.14 0 0 "KDE QDA" 66 3000 3.37676767676768
245.3 15.34 0 0 "KDE QDA" 66 3000 3.38686868686869
245.85 15.35 0 0 "KDE QDA" 66 3000 3.3969696969697
245.855 15.35 0 0 "KDE QDA" 66 3000 3.40707070707071
245.865 15.52 0 0 "KDE QDA" 66 3000 3.41717171717172
245.875 15.545 0 0 "KDE QDA" 66 3000 3.42727272727273
246.145 15.575 0 0 "KDE QDA" 66 3000 3.43737373737374
246.145 15.58 0 0 "KDE QDA" 66 3000 3.44747474747475
246.145 15.58 0 0 "KDE QDA" 66 3000 3.45757575757576
246.735 15.58 0 0 "KDE QDA" 66 3000 3.46767676767677
246.735 15.58 0 0 "KDE QDA" 66 3000 3.47777777777778
246.735 15.58 0 0 "KDE QDA" 66 3000 3.48787878787879
246.74 15.58 0 0 "KDE QDA" 66 3000 3.4979797979798
246.74 15.58 0 0 "KDE QDA" 66 3000 3.50808080808081
260.68 15.845 0 0 "KDE QDA" 66 3000 3.51818181818182
260.7 15.89 0 0 "KDE QDA" 66 3000 3.52828282828283
260.7 15.895 0 0 "KDE QDA" 66 3000 3.53838383838384
265.47 15.955 0 0 "KDE QDA" 66 3000 3.54848484848485
265.47 15.965 0 0 "KDE QDA" 66 3000 3.55858585858586
265.495 15.97 0 0 "KDE QDA" 66 3000 3.56868686868687
265.515 16 0 0 "KDE QDA" 66 3000 3.57878787878788
265.515 16 0 0 "KDE QDA" 66 3000 3.58888888888889
267.975 16.015 0 0 "KDE QDA" 66 3000 3.5989898989899
267.98 16.015 0 0 "KDE QDA" 66 3000 3.60909090909091
267.98 16.015 0 0 "KDE QDA" 66 3000 3.61919191919192
268.125 16.015 0 0 "KDE QDA" 66 3000 3.62929292929293
268.865 16.085 0 0 "KDE QDA" 66 3000 3.63939393939394
269.125 16.085 0 0 "KDE QDA" 66 3000 3.64949494949495
288.885 16.715 0 0 "KDE QDA" 66 3000 3.65959595959596
289.52 16.72 0 0 "KDE QDA" 66 3000 3.66969696969697
290.67 16.79 0 0 "KDE QDA" 66 3000 3.67979797979798
291.5 16.79 0 0 "KDE QDA" 66 3000 3.68989898989899
291.505 16.79 0 0 "KDE QDA" 66 3000 3.7
