143.455 14.675 0 0 "KDE LDA" 116 1500 2.5
143.46 14.755 0 0 "KDE LDA" 116 1500 2.51010101010101
146.025 14.76 0 0 "KDE LDA" 116 1500 2.52020202020202
150.23 14.865 0 0 "KDE LDA" 116 1500 2.53030303030303
156.475 15.03 0 0 "KDE LDA" 116 1500 2.54040404040404
156.48 15.105 0 0 "KDE LDA" 116 1500 2.55050505050505
159.185 15.135 0 0 "KDE LDA" 116 1500 2.56060606060606
159.195 15.14 0 0 "KDE LDA" 116 1500 2.57070707070707
159.85 15.32 0 0 "KDE LDA" 116 1500 2.58080808080808
160.505 15.35 0 0 "KDE LDA" 116 1500 2.59090909090909
161.465 15.37 0 0 "KDE LDA" 116 1500 2.6010101010101
163 15.47 0 0 "KDE LDA" 116 1500 2.61111111111111
163.16 15.51 0 0 "KDE LDA" 116 1500 2.62121212121212
167.295 15.54 0 0 "KDE LDA" 116 1500 2.63131313131313
169.57 15.765 0 0 "KDE LDA" 116 1500 2.64141414141414
173.125 15.79 0 0 "KDE LDA" 116 1500 2.65151515151515
183.47 15.95 0 0 "KDE LDA" 116 1500 2.66161616161616
190.465 16.375 0 0 "KDE LDA" 116 1500 2.67171717171717
191.815 16.425 0 0 "KDE LDA" 116 1500 2.68181818181818
192.785 16.45 0 0 "KDE LDA" 116 1500 2.69191919191919
192.79 16.45 0 0 "KDE LDA" 116 1500 2.7020202020202
199.055 16.48 0 0 "KDE LDA" 116 1500 2.71212121212121
200.605 16.595 0 0 "KDE LDA" 116 1500 2.72222222222222
200.9 16.615 0 0 "KDE LDA" 116 1500 2.73232323232323
203.415 16.625 0 0 "KDE LDA" 116 1500 2.74242424242424
211.49 16.825 0 0 "KDE LDA" 116 1500 2.75252525252525
215.215 16.92 0 0 "KDE LDA" 116 1500 2.76262626262626
219.285 17.11 0 0 "KDE LDA" 116 1500 2.77272727272727
223.85 17.255 0 0 "KDE LDA" 116 1500 2.78282828282828
224.69 17.445 0 0 "KDE LDA" 116 1500 2.79292929292929
261.795 17.985 0 0 "KDE LDA" 116 1500 2.8030303030303
261.855 18 0 0 "KDE LDA" 116 1500 2.81313131313131
264.905 18.03 0 0 "KDE LDA" 116 1500 2.82323232323232
268.165 18.065 0 0 "KDE LDA" 116 1500 2.83333333333333
268.28 18.07 0 0 "KDE LDA" 116 1500 2.84343434343434
268.58 18.29 0 0 "KDE LDA" 116 1500 2.85353535353535
270.74 18.295 0 0 "KDE LDA" 116 1500 2.86363636363636
278.76 18.315 0 0 "KDE LDA" 116 1500 2.87373737373737
278.76 18.32 0 0 "KDE LDA" 116 1500 2.88383838383838
280.015 18.345 0 0 "KDE LDA" 116 1500 2.89393939393939
280.015 18.35 0 0 "KDE LDA" 116 1500 2.9040404040404
280.615 18.36 0 0 "KDE LDA" 116 1500 2.91414141414141
280.62 18.42 0 0 "KDE LDA" 116 1500 2.92424242424242
281.075 18.535 0 0 "KDE LDA" 116 1500 2.93434343434343
281.085 18.54 0 0 "KDE LDA" 116 1500 2.94444444444444
285.28 18.59 0 0 "KDE LDA" 116 1500 2.95454545454545
286.035 18.925 0 0 "KDE LDA" 116 1500 2.96464646464646
288.19 18.93 0 0 "KDE LDA" 116 1500 2.97474747474747
289.57 18.94 0 0 "KDE LDA" 116 1500 2.98484848484848
292.965 18.96 0 0 "KDE LDA" 116 1500 2.99494949494949
292.985 18.965 0 0 "KDE LDA" 116 1500 3.00505050505051
296.63 18.985 0 0 "KDE LDA" 116 1500 3.01515151515152
296.635 18.995 0 0 "KDE LDA" 116 1500 3.02525252525253
296.9 19.005 0 0 "KDE LDA" 116 1500 3.03535353535354
296.905 19.01 0 0 "KDE LDA" 116 1500 3.04545454545455
296.96 19.075 0 0 "KDE LDA" 116 1500 3.05555555555556
300.75 19.125 0 0 "KDE LDA" 116 1500 3.06565656565657
306.51 19.2 0 0 "KDE LDA" 116 1500 3.07575757575758
309.455 19.33 0 0 "KDE LDA" 116 1500 3.08585858585859
331.305 19.635 0 0 "KDE LDA" 116 1500 3.0959595959596
333.295 19.655 0 0 "KDE LDA" 116 1500 3.10606060606061
338.76 19.715 0 0 "KDE LDA" 116 1500 3.11616161616162
340.375 19.73 0 0 "KDE LDA" 116 1500 3.12626262626263
342.31 19.74 0 0 "KDE LDA" 116 1500 3.13636363636364
348.12 19.825 0 0 "KDE LDA" 116 1500 3.14646464646465
348.49 19.84 0 0 "KDE LDA" 116 1500 3.15656565656566
352.21 19.86 0 0 "KDE LDA" 116 1500 3.16666666666667
363.785 19.885 0 0 "KDE LDA" 116 1500 3.17676767676768
366.22 19.89 0 0 "KDE LDA" 116 1500 3.18686868686869
373.7 19.955 0 0 "KDE LDA" 116 1500 3.1969696969697
374.305 19.96 0 0 "KDE LDA" 116 1500 3.20707070707071
382.225 20 0 0 "KDE LDA" 116 1500 3.21717171717172
395.15 20.26 0 0 "KDE LDA" 116 1500 3.22727272727273
397.51 20.42 0 0 "KDE LDA" 116 1500 3.23737373737374
397.55 20.505 0 0 "KDE LDA" 116 1500 3.24747474747475
398.62 20.52 0 0 "KDE LDA" 116 1500 3.25757575757576
400.645 20.53 0 0 "KDE LDA" 116 1500 3.26767676767677
411.14 20.565 0 0 "KDE LDA" 116 1500 3.27777777777778
416.615 20.565 0 0 "KDE LDA" 116 1500 3.28787878787879
417.495 20.735 0 0 "KDE LDA" 116 1500 3.2979797979798
418 20.75 0 0 "KDE LDA" 116 1500 3.30808080808081
418.55 20.79 0 0 "KDE LDA" 116 1500 3.31818181818182
419.22 20.845 0 0 "KDE LDA" 116 1500 3.32828282828283
426.08 20.845 0 0 "KDE LDA" 116 1500 3.33838383838384
433.705 20.915 0 0 "KDE LDA" 116 1500 3.34848484848485
482.695 21.655 0 0 "KDE LDA" 116 1500 3.35858585858586
487.705 21.7 0 0 "KDE LDA" 116 1500 3.36868686868687
491.945 21.74 0 0 "KDE LDA" 116 1500 3.37878787878788
493.67 21.875 0 0 "KDE LDA" 116 1500 3.38888888888889
493.68 22.125 0 0 "KDE LDA" 116 1500 3.3989898989899
495.81 22.135 0 0 "KDE LDA" 116 1500 3.40909090909091
501.225 22.185 0 0 "KDE LDA" 116 1500 3.41919191919192
501.9 22.185 0 0 "KDE LDA" 116 1500 3.42929292929293
501.92 22.205 0 0 "KDE LDA" 116 1500 3.43939393939394
501.925 22.205 0 0 "KDE LDA" 116 1500 3.44949494949495
502.655 22.32 0 0 "KDE LDA" 116 1500 3.45959595959596
502.66 22.335 0 0 "KDE LDA" 116 1500 3.46969696969697
503.48 22.345 0 0 "KDE LDA" 116 1500 3.47979797979798
510.17 22.41 0 0 "KDE LDA" 116 1500 3.48989898989899
517.955 22.45 0 0 "KDE LDA" 116 1500 3.5
106.395 13.2 0 0 "KDE QDA" 116 1500 2.8
106.395 13.205 0 0 "KDE QDA" 116 1500 2.81010101010101
107.02 13.205 0 0 "KDE QDA" 116 1500 2.82020202020202
110.485 13.25 0 0 "KDE QDA" 116 1500 2.83030303030303
111.37 13.26 0 0 "KDE QDA" 116 1500 2.84040404040404
111.79 13.265 0 0 "KDE QDA" 116 1500 2.85050505050505
112.025 13.265 0 0 "KDE QDA" 116 1500 2.86060606060606
112.365 13.265 0 0 "KDE QDA" 116 1500 2.87070707070707
112.695 13.27 0 0 "KDE QDA" 116 1500 2.88080808080808
112.7 13.275 0 0 "KDE QDA" 116 1500 2.89090909090909
113.625 13.285 0 0 "KDE QDA" 116 1500 2.9010101010101
114.12 13.305 0 0 "KDE QDA" 116 1500 2.91111111111111
114.12 13.31 0 0 "KDE QDA" 116 1500 2.92121212121212
114.13 13.31 0 0 "KDE QDA" 116 1500 2.93131313131313
115.11 13.31 0 0 "KDE QDA" 116 1500 2.94141414141414
115.35 13.315 0 0 "KDE QDA" 116 1500 2.95151515151515
116.815 13.58 0 0 "KDE QDA" 116 1500 2.96161616161616
117.98 13.645 0 0 "KDE QDA" 116 1500 2.97171717171717
120.34 13.68 0 0 "KDE QDA" 116 1500 2.98181818181818
120.355 13.685 0 0 "KDE QDA" 116 1500 2.99191919191919
120.455 13.685 0 0 "KDE QDA" 116 1500 3.0020202020202
120.54 13.69 0 0 "KDE QDA" 116 1500 3.01212121212121
120.54 13.69 0 0 "KDE QDA" 116 1500 3.02222222222222
122.72 13.69 0 0 "KDE QDA" 116 1500 3.03232323232323
122.72 13.69 0 0 "KDE QDA" 116 1500 3.04242424242424
123.18 13.69 0 0 "KDE QDA" 116 1500 3.05252525252525
123.185 13.69 0 0 "KDE QDA" 116 1500 3.06262626262626
123.185 13.715 0 0 "KDE QDA" 116 1500 3.07272727272727
123.19 13.72 0 0 "KDE QDA" 116 1500 3.08282828282828
129.3 13.885 0 0 "KDE QDA" 116 1500 3.09292929292929
129.335 13.905 0 0 "KDE QDA" 116 1500 3.1030303030303
132.03 13.935 0 0 "KDE QDA" 116 1500 3.11313131313131
132.315 13.955 0 0 "KDE QDA" 116 1500 3.12323232323232
132.41 13.955 0 0 "KDE QDA" 116 1500 3.13333333333333
132.445 13.97 0 0 "KDE QDA" 116 1500 3.14343434343434
132.775 13.97 0 0 "KDE QDA" 116 1500 3.15353535353535
132.78 13.97 0 0 "KDE QDA" 116 1500 3.16363636363636
132.785 13.975 0 0 "KDE QDA" 116 1500 3.17373737373737
133.65 13.975 0 0 "KDE QDA" 116 1500 3.18383838383838
134.78 13.99 0 0 "KDE QDA" 116 1500 3.19393939393939
134.825 13.99 0 0 "KDE QDA" 116 1500 3.2040404040404
135.07 13.995 0 0 "KDE QDA" 116 1500 3.21414141414141
144.565 14.38 0 0 "KDE QDA" 116 1500 3.22424242424242
148.115 14.465 0 0 "KDE QDA" 116 1500 3.23434343434343
148.125 14.48 0 0 "KDE QDA" 116 1500 3.24444444444444
152.325 14.525 0 0 "KDE QDA" 116 1500 3.25454545454545
153.63 14.525 0 0 "KDE QDA" 116 1500 3.26464646464646
154.615 14.55 0 0 "KDE QDA" 116 1500 3.27474747474747
156.83 14.56 0 0 "KDE QDA" 116 1500 3.28484848484848
156.84 14.56 0 0 "KDE QDA" 116 1500 3.29494949494949
156.95 14.57 0 0 "KDE QDA" 116 1500 3.30505050505051
156.97 14.575 0 0 "KDE QDA" 116 1500 3.31515151515151
156.985 14.575 0 0 "KDE QDA" 116 1500 3.32525252525252
157.55 14.595 0 0 "KDE QDA" 116 1500 3.33535353535354
158.31 14.595 0 0 "KDE QDA" 116 1500 3.34545454545455
158.58 14.605 0 0 "KDE QDA" 116 1500 3.35555555555556
175.55 15.715 0 0 "KDE QDA" 116 1500 3.36565656565657
175.55 15.715 0 0 "KDE QDA" 116 1500 3.37575757575758
180.295 15.77 0 0 "KDE QDA" 116 1500 3.38585858585859
181.055 15.8 0 0 "KDE QDA" 116 1500 3.3959595959596
181.07 15.9 0 0 "KDE QDA" 116 1500 3.40606060606061
181.135 15.925 0 0 "KDE QDA" 116 1500 3.41616161616162
182.9 15.93 0 0 "KDE QDA" 116 1500 3.42626262626263
182.905 15.93 0 0 "KDE QDA" 116 1500 3.43636363636364
182.905 15.94 0 0 "KDE QDA" 116 1500 3.44646464646465
183.35 15.945 0 0 "KDE QDA" 116 1500 3.45656565656566
183.375 15.95 0 0 "KDE QDA" 116 1500 3.46666666666667
183.38 15.96 0 0 "KDE QDA" 116 1500 3.47676767676768
183.39 15.96 0 0 "KDE QDA" 116 1500 3.48686868686869
183.405 15.965 0 0 "KDE QDA" 116 1500 3.4969696969697
187.37 15.965 0 0 "KDE QDA" 116 1500 3.50707070707071
191.84 16.225 0 0 "KDE QDA" 116 1500 3.51717171717172
196.5 16.25 0 0 "KDE QDA" 116 1500 3.52727272727273
196.95 16.285 0 0 "KDE QDA" 116 1500 3.53737373737374
200.245 16.32 0 0 "KDE QDA" 116 1500 3.54747474747475
200.825 16.325 0 0 "KDE QDA" 116 1500 3.55757575757576
200.825 16.38 0 0 "KDE QDA" 116 1500 3.56767676767677
200.88 16.4 0 0 "KDE QDA" 116 1500 3.57777777777778
200.89 16.405 0 0 "KDE QDA" 116 1500 3.58787878787879
200.895 16.405 0 0 "KDE QDA" 116 1500 3.5979797979798
204.92 16.41 0 0 "KDE QDA" 116 1500 3.60808080808081
205.495 16.415 0 0 "KDE QDA" 116 1500 3.61818181818182
205.53 16.435 0 0 "KDE QDA" 116 1500 3.62828282828283
205.58 16.435 0 0 "KDE QDA" 116 1500 3.63838383838384
207 16.44 0 0 "KDE QDA" 116 1500 3.64848484848485
215.295 16.82 0 0 "KDE QDA" 116 1500 3.65858585858586
216.24 16.89 0 0 "KDE QDA" 116 1500 3.66868686868687
216.25 16.915 0 0 "KDE QDA" 116 1500 3.67878787878788
216.42 16.945 0 0 "KDE QDA" 116 1500 3.68888888888889
216.655 16.945 0 0 "KDE QDA" 116 1500 3.6989898989899
216.7 16.965 0 0 "KDE QDA" 116 1500 3.70909090909091
216.7 16.97 0 0 "KDE QDA" 116 1500 3.71919191919192
216.74 16.975 0 0 "KDE QDA" 116 1500 3.72929292929293
217.285 16.98 0 0 "KDE QDA" 116 1500 3.73939393939394
218.24 16.98 0 0 "KDE QDA" 116 1500 3.74949494949495
218.245 16.98 0 0 "KDE QDA" 116 1500 3.75959595959596
218.65 16.985 0 0 "KDE QDA" 116 1500 3.76969696969697
219.255 16.985 0 0 "KDE QDA" 116 1500 3.77979797979798
240.71 17.37 0 0 "KDE QDA" 116 1500 3.78989898989899
242.32 17.39 0 0 "KDE QDA" 116 1500 3.8
