41.262 0 37.0966510283276 "LDA" 3 3 1 1.5
43.407 0 38.4265526810687 "LDA" 3 3 1 1.53535353535354
45.944 0 41.1381235499288 "LDA" 3 3 1 1.57070707070707
48.046 0 43.0945591116213 "LDA" 3 3 1 1.60606060606061
50.291 0 45.0873506450333 "LDA" 3 3 1 1.64141414141414
52.176 0 46.3279538000903 "LDA" 3 3 1 1.67676767676768
54.325 0 47.8203948662615 "LDA" 3 3 1 1.71212121212121
57.748 0 51.3416055110907 "LDA" 3 3 1 1.74747474747475
60.642 0 54.0343182018941 "LDA" 3 3 1 1.78282828282828
62.632 0 54.6899402592978 "LDA" 3 3 1 1.81818181818182
65.645 0 56.6534075196151 "LDA" 3 3 1 1.85353535353535
68.856 0 60.5408991051873 "LDA" 3 3 1 1.88888888888889
71.537 0 63.1108834878313 "LDA" 3 3 1 1.92424242424242
74.291 0 65.1449628535099 "LDA" 3 3 1 1.95959595959596
78.162 0 70.2974643176373 "LDA" 3 3 1 1.99494949494949
81.735 0 74.5260820915196 "LDA" 3 3 1 2.03030303030303
85.61 0 76.1186833435389 "LDA" 3 3 1 2.06565656565657
89.456 0 80.5965251351686 "LDA" 3 3 1 2.1010101010101
92.878 0 83.6373261069381 "LDA" 3 3 1 2.13636363636364
96.122 0 85.3005820924178 "LDA" 3 3 1 2.17171717171717
101.584 0 92.0598390068001 "LDA" 3 3 1 2.20707070707071
105.349 0 94.2551708726701 "LDA" 3 3 1 2.24242424242424
110 0 97.6966972043817 "LDA" 3 3 1 2.27777777777778
113.827 0 102.210126606814 "LDA" 3 3 1 2.31313131313131
119.133 0 106.038518843289 "LDA" 3 3 1 2.34848484848485
124.325 0 114.224448344475 "LDA" 3 3 1 2.38383838383838
129.012 0 117.030312098832 "LDA" 3 3 1 2.41919191919192
134.595 0 121.033731410459 "LDA" 3 3 1 2.45454545454545
139.769 0 123.578717173866 "LDA" 3 3 1 2.48989898989899
148.026 0 130.083577215039 "LDA" 3 3 1 2.52525252525253
154.284 0 138.026166238748 "LDA" 3 3 1 2.56060606060606
159.511 0 143.060925158854 "LDA" 3 3 1 2.5959595959596
166.619 0 154.073243632382 "LDA" 3 3 1 2.63131313131313
172.439 0 161.622876577647 "LDA" 3 3 1 2.66666666666667
177.355 0 164.071632147289 "LDA" 3 3 1 2.7020202020202
188.23 0 176.477492631229 "LDA" 3 3 1 2.73737373737374
196.172 0 182.839987083999 "LDA" 3 3 1 2.77272727272727
203.457 0 192.41781821798 "LDA" 3 3 1 2.80808080808081
208.817817817818 1 192.663898014233 "LDA" 3 3 1 2.84343434343434
216.471471471471 1 197.929540855385 "LDA" 3 3 1 2.87878787878788
225.906906906907 1 209.540613915543 "LDA" 3 3 1 2.91414141414141
235.875875875876 1 220.359913758815 "LDA" 3 3 1 2.94949494949495
241.983983983984 1 223.531999618512 "LDA" 3 3 1 2.98484848484848
253.244244244244 1 233.008593002985 "LDA" 3 3 1 3.02020202020202
263.502502502503 1 242.798698843433 "LDA" 3 3 1 3.05555555555556
275.099099099099 1 255.346385803039 "LDA" 3 3 1 3.09090909090909
284.092092092092 1 262.793783550664 "LDA" 3 3 1 3.12626262626263
296.732732732733 1 270.034306511276 "LDA" 3 3 1 3.16161616161616
308.108108108108 1 283.626812310909 "LDA" 3 3 1 3.1969696969697
320.127127127127 1 299.323138995185 "LDA" 3 3 1 3.23232323232323
332.639278557114 2 312.477199393336 "LDA" 3 3 1 3.26767676767677
344.493987975952 2 324.073903838887 "LDA" 3 3 1 3.3030303030303
355.176352705411 2 328.921640057047 "LDA" 3 3 1 3.33838383838384
368.944889779559 2 337.154099231827 "LDA" 3 3 1 3.37373737373737
376.255511022044 2 342.493877336118 "LDA" 3 3 1 3.40909090909091
387.50501002004 2 354.688914618726 "LDA" 3 3 1 3.44444444444444
397.136546184739 4 362.702715358406 "LDA" 3 3 1 3.47979797979798
406.051204819277 4 369.963434820354 "LDA" 3 3 1 3.51515151515152
421.552763819096 5 383.124486574767 "LDA" 3 3 1 3.55050505050505
434.445674044266 6 390.848378210331 "LDA" 3 3 1 3.58585858585859
444.888217522659 7 398.190160379092 "LDA" 3 3 1 3.62121212121212
461.96273917422 7 414.536888924962 "LDA" 3 3 1 3.65656565656566
475.116044399596 9 421.580433936006 "LDA" 3 3 1 3.69191919191919
483.274747474747 10 428.768164391244 "LDA" 3 3 1 3.72727272727273
501.954545454545 10 437.686561065861 "LDA" 3 3 1 3.76262626262626
513.092105263158 12 444.110176252338 "LDA" 3 3 1 3.7979797979798
526.47614213198 15 449.576860328493 "LDA" 3 3 1 3.83333333333333
541.11848825332 21 456.457021559583 "LDA" 3 3 1 3.86868686868687
553.112255406797 29 463.273877230173 "LDA" 3 3 1 3.9040404040404
557.249742002064 31 466.49803969103 "LDA" 3 3 1 3.93939393939394
570.568911917098 35 473.225596753356 "LDA" 3 3 1 3.97474747474747
580.479123173278 42 476.273973341841 "LDA" 3 3 1 4.01010101010101
590.540398740818 47 482.219292550416 "LDA" 3 3 1 4.04545454545454
603.402528977871 51 488.222318101428 "LDA" 3 3 1 4.08080808080808
612.374603174603 55 492.419740288206 "LDA" 3 3 1 4.11616161616162
621.925373134328 62 494.517788231521 "LDA" 3 3 1 4.15151515151515
626.155172413793 72 493.469706567767 "LDA" 3 3 1 4.18686868686869
641.970652173913 80 502.894553234704 "LDA" 3 3 1 4.22222222222222
656.413830954995 89 510.261778307861 "LDA" 3 3 1 4.25757575757576
666.927392739274 91 513.778030638166 "LDA" 3 3 1 4.29292929292929
678.80577136515 99 521.772171450325 "LDA" 3 3 1 4.32828282828283
690.771396396396 112 527.448456629417 "LDA" 3 3 1 4.36363636363636
701.084186575654 121 528.600156094377 "LDA" 3 3 1 4.3989898989899
714.310423825888 127 534.398561098851 "LDA" 3 3 1 4.43434343434343
726.806004618938 134 535.775344828178 "LDA" 3 3 1 4.46969696969697
732.269859813084 144 538.827050405231 "LDA" 3 3 1 4.50505050505051
737.095744680851 154 541.127480900223 "LDA" 3 3 1 4.54040404040404
743.550415183867 157 541.854391182621 "LDA" 3 3 1 4.57575757575758
754.496402877698 166 545.67981378343 "LDA" 3 3 1 4.61111111111111
765.881562881563 181 550.303583154573 "LDA" 3 3 1 4.64646464646465
768.239157372986 193 549.292340641238 "LDA" 3 3 1 4.68181818181818
771.157035175879 204 550.843747743797 "LDA" 3 3 1 4.71717171717172
779.248407643312 215 551.104145126999 "LDA" 3 3 1 4.75252525252525
788.420439844761 227 552.246948540547 "LDA" 3 3 1 4.78787878787879
788.656992084433 242 552.099397577769 "LDA" 3 3 1 4.82323232323232
790.739189189189 260 547.817046521394 "LDA" 3 3 1 4.85858585858586
792.528925619835 274 550.087718262137 "LDA" 3 3 1 4.89393939393939
803.35393258427 288 549.367198693173 "LDA" 3 3 1 4.92929292929293
808.155049786629 297 545.726432540317 "LDA" 3 3 1 4.96464646464646
810.150072150072 307 545.28316660343 "LDA" 3 3 1 5
33.474 0 28.2140276344118 "uLSIF" 3 3 1 1.5
35.077 0 29.9657306938445 "uLSIF" 3 3 1 1.53535353535354
36.612 0 30.9445151685887 "uLSIF" 3 3 1 1.57070707070707
38.082 0 31.4594496609997 "uLSIF" 3 3 1 1.60606060606061
39.611 0 32.4755344734977 "uLSIF" 3 3 1 1.64141414141414
41.179 0 33.5386015927438 "uLSIF" 3 3 1 1.67676767676768
42.748 0 34.5984038005447 "uLSIF" 3 3 1 1.71212121212121
44.504 0 36.0433781589505 "uLSIF" 3 3 1 1.74747474747475
46.11 0 37.5001888550466 "uLSIF" 3 3 1 1.78282828282828
48.597 0 39.907508068034 "uLSIF" 3 3 1 1.81818181818182
50.872 0 41.853976768897 "uLSIF" 3 3 1 1.85353535353535
53.327 0 44.3173792219384 "uLSIF" 3 3 1 1.88888888888889
55.068 0 45.466213307824 "uLSIF" 3 3 1 1.92424242424242
56.61 0 46.5657413585167 "uLSIF" 3 3 1 1.95959595959596
58.961 0 48.1750382803513 "uLSIF" 3 3 1 1.99494949494949
61.853 0 50.9423449942532 "uLSIF" 3 3 1 2.03030303030303
64.027 0 54.1108330489677 "uLSIF" 3 3 1 2.06565656565657
67.215 0 57.5597767794742 "uLSIF" 3 3 1 2.1010101010101
69.158 0 59.0357370941894 "uLSIF" 3 3 1 2.13636363636364
71.786 0 61.6968451762706 "uLSIF" 3 3 1 2.17171717171717
73.677 0 62.7216763143308 "uLSIF" 3 3 1 2.20707070707071
75.831 0 64.8111944800428 "uLSIF" 3 3 1 2.24242424242424
78.251 0 66.244881941048 "uLSIF" 3 3 1 2.27777777777778
80.643 0 68.1747412635086 "uLSIF" 3 3 1 2.31313131313131
83.841 0 70.4464933650173 "uLSIF" 3 3 1 2.34848484848485
86.249 0 72.2178538688143 "uLSIF" 3 3 1 2.38383838383838
89.125 0 74.6852144420585 "uLSIF" 3 3 1 2.41919191919192
92.39 0 78.4807691802975 "uLSIF" 3 3 1 2.45454545454545
94.562 0 79.6095964306053 "uLSIF" 3 3 1 2.48989898989899
97.89 0 82.4281280649773 "uLSIF" 3 3 1 2.52525252525253
101.107 0 85.4001565439885 "uLSIF" 3 3 1 2.56060606060606
105.357 0 90.3175886404072 "uLSIF" 3 3 1 2.5959595959596
109.776 0 95.2633976873539 "uLSIF" 3 3 1 2.63131313131313
113.942 0 98.6355595594693 "uLSIF" 3 3 1 2.66666666666667
117.023 0 101.433610052331 "uLSIF" 3 3 1 2.7020202020202
119.77 0 102.832502758727 "uLSIF" 3 3 1 2.73737373737374
123.324 0 106.574589688008 "uLSIF" 3 3 1 2.77272727272727
128.498 0 109.607005668852 "uLSIF" 3 3 1 2.80808080808081
132.544 0 114.001141767635 "uLSIF" 3 3 1 2.84343434343434
137.535 0 118.038739060187 "uLSIF" 3 3 1 2.87878787878788
144.37 0 126.734433824106 "uLSIF" 3 3 1 2.91414141414141
147.144 0 128.691930115594 "uLSIF" 3 3 1 2.94949494949495
152.208 0 133.02004009572 "uLSIF" 3 3 1 2.98484848484848
156.042 0 136.213686553167 "uLSIF" 3 3 1 3.02020202020202
160.524 0 139.039791022166 "uLSIF" 3 3 1 3.05555555555556
165.299 0 141.797878112605 "uLSIF" 3 3 1 3.09090909090909
174.027 0 151.885857092043 "uLSIF" 3 3 1 3.12626262626263
179.923 0 162.11519486898 "uLSIF" 3 3 1 3.16161616161616
184.714 0 166.88372713474 "uLSIF" 3 3 1 3.1969696969697
190.048 0 168.279712852613 "uLSIF" 3 3 1 3.23232323232323
195.697 0 172.646152244656 "uLSIF" 3 3 1 3.26767676767677
202.658 0 177.789364400951 "uLSIF" 3 3 1 3.3030303030303
208.584 0 185.215992581386 "uLSIF" 3 3 1 3.33838383838384
215.888 0 192.803445572491 "uLSIF" 3 3 1 3.37373737373737
221.864 0 196.515209924656 "uLSIF" 3 3 1 3.40909090909091
226.616 0 198.32377786051 "uLSIF" 3 3 1 3.44444444444444
231.503 0 200.974721867776 "uLSIF" 3 3 1 3.47979797979798
238.556 0 210.765996235563 "uLSIF" 3 3 1 3.51515151515152
245.928 0 221.644280329999 "uLSIF" 3 3 1 3.55050505050505
254.431 0 229.694398616413 "uLSIF" 3 3 1 3.58585858585859
264.613 0 239.574867939749 "uLSIF" 3 3 1 3.62121212121212
269.851 0 243.447726616197 "uLSIF" 3 3 1 3.65656565656566
277.387 0 253.65715283071 "uLSIF" 3 3 1 3.69191919191919
284.433433433433 1 255.651322156495 "uLSIF" 3 3 1 3.72727272727273
294.038076152305 2 266.422953447102 "uLSIF" 3 3 1 3.76262626262626
303.675350701403 2 277.320114943153 "uLSIF" 3 3 1 3.7979797979798
313.168336673347 2 283.284776352309 "uLSIF" 3 3 1 3.83333333333333
321.527054108216 2 293.760576999939 "uLSIF" 3 3 1 3.86868686868687
327.897693079238 3 295.659659238623 "uLSIF" 3 3 1 3.9040404040404
335.369107321966 3 302.362757490028 "uLSIF" 3 3 1 3.93939393939394
342.204613841525 3 305.439932668685 "uLSIF" 3 3 1 3.97474747474747
351.040120361083 3 312.946824965856 "uLSIF" 3 3 1 4.01010101010101
359.638916750251 3 317.867009538647 "uLSIF" 3 3 1 4.04545454545454
367.367101303912 3 321.45563698139 "uLSIF" 3 3 1 4.08080808080808
376.060240963855 4 327.787402582836 "uLSIF" 3 3 1 4.11616161616162
384.610441767068 4 334.381632618433 "uLSIF" 3 3 1 4.15151515151515
395.554325955734 6 348.269862095916 "uLSIF" 3 3 1 4.18686868686869
402.664314516129 8 353.581218847422 "uLSIF" 3 3 1 4.22222222222222
410.147325933401 9 358.431003588907 "uLSIF" 3 3 1 4.25757575757576
421.18668012109 9 365.983783468333 "uLSIF" 3 3 1 4.29292929292929
434.126135216953 9 373.430695141463 "uLSIF" 3 3 1 4.32828282828283
443.113131313131 10 381.70410210859 "uLSIF" 3 3 1 4.36363636363636
452.85020242915 12 388.430630148613 "uLSIF" 3 3 1 4.3989898989899
465.507099391481 14 391.558723513728 "uLSIF" 3 3 1 4.43434343434343
474.053807106599 15 397.717042228629 "uLSIF" 3 3 1 4.46969696969697
487.377032520325 16 407.781404151358 "uLSIF" 3 3 1 4.50505050505051
494.886178861789 16 413.742204337537 "uLSIF" 3 3 1 4.54040404040404
499.833843017329 19 415.71906221656 "uLSIF" 3 3 1 4.57575757575758
510.673135852911 21 425.571860427836 "uLSIF" 3 3 1 4.61111111111111
519.477993858751 23 427.861047059736 "uLSIF" 3 3 1 4.64646464646465
534.473305954825 26 438.453667455988 "uLSIF" 3 3 1 4.68181818181818
541.176107106076 29 440.471222465547 "uLSIF" 3 3 1 4.71717171717172
551.801652892562 32 442.465894919441 "uLSIF" 3 3 1 4.75252525252525
558.020703933747 34 445.996295885919 "uLSIF" 3 3 1 4.78787878787879
568.764522821577 36 451.165562796703 "uLSIF" 3 3 1 4.82323232323232
572.059436913451 41 452.067941126853 "uLSIF" 3 3 1 4.85858585858586
580.457112970711 44 459.483260001498 "uLSIF" 3 3 1 4.89393939393939
586.456842105263 50 460.496375941831 "uLSIF" 3 3 1 4.92929292929293
596.693769799366 53 464.611567051552 "uLSIF" 3 3 1 4.96464646464646
606.165961945032 54 463.949038142794 "uLSIF" 3 3 1 5
