41.569 0 36.6207908341876 "LDA" 20 3 1 1.5
43.4 0 38.1398301863897 "LDA" 20 3 1 1.53535353535354
45.065 0 39.3032252940966 "LDA" 20 3 1 1.57070707070707
47.678 0 42.5866403692277 "LDA" 20 3 1 1.60606060606061
50.386 0 45.0505777827384 "LDA" 20 3 1 1.64141414141414
52.568 0 46.4015568756101 "LDA" 20 3 1 1.67676767676768
55.342 0 49.659874538093 "LDA" 20 3 1 1.71212121212121
57.451 0 52.891881703624 "LDA" 20 3 1 1.74747474747475
60.971 0 56.3462426259113 "LDA" 20 3 1 1.78282828282828
64.357 0 59.8323111408581 "LDA" 20 3 1 1.81818181818182
66.692 0 60.9697338393768 "LDA" 20 3 1 1.85353535353535
69.932 0 63.3025638547965 "LDA" 20 3 1 1.88888888888889
73.074 0 66.3538646904561 "LDA" 20 3 1 1.92424242424242
74.918 0 67.3708847508485 "LDA" 20 3 1 1.95959595959596
78.389 0 70.5126918981166 "LDA" 20 3 1 1.99494949494949
81.993 0 75.7008425882339 "LDA" 20 3 1 2.03030303030303
84.784 0 77.4219445732378 "LDA" 20 3 1 2.06565656565657
87.914 0 79.9643602044242 "LDA" 20 3 1 2.1010101010101
91.216 0 82.8993464729707 "LDA" 20 3 1 2.13636363636364
93.723 0 84.516526870869 "LDA" 20 3 1 2.17171717171717
99.319 0 89.4775249236727 "LDA" 20 3 1 2.20707070707071
101.917 0 91.3103372498902 "LDA" 20 3 1 2.24242424242424
105.778 0 94.5900840469021 "LDA" 20 3 1 2.27777777777778
110.396 0 100.484129315252 "LDA" 20 3 1 2.31313131313131
114.278 0 102.339239962177 "LDA" 20 3 1 2.34848484848485
119.674 0 107.420346558996 "LDA" 20 3 1 2.38383838383838
125.096 0 112.225644927438 "LDA" 20 3 1 2.41919191919192
131.48 0 117.405552098969 "LDA" 20 3 1 2.45454545454545
136.189 0 119.599570803312 "LDA" 20 3 1 2.48989898989899
142.609 0 125.293665528715 "LDA" 20 3 1 2.52525252525253
146.987 0 129.189437423273 "LDA" 20 3 1 2.56060606060606
152.531 0 133.353155579848 "LDA" 20 3 1 2.5959595959596
156.831 0 134.652076183847 "LDA" 20 3 1 2.63131313131313
163.779 0 141.687775000473 "LDA" 20 3 1 2.66666666666667
168.191 0 145.931808087242 "LDA" 20 3 1 2.7020202020202
174.455 0 153.600687323157 "LDA" 20 3 1 2.73737373737374
180.216 0 157.868647469515 "LDA" 20 3 1 2.77272727272727
186.324 0 163.01129318457 "LDA" 20 3 1 2.80808080808081
197.13 0 179.210366484351 "LDA" 20 3 1 2.84343434343434
203.981 0 190.05151990768 "LDA" 20 3 1 2.87878787878788
211.312 0 194.487964214304 "LDA" 20 3 1 2.91414141414141
218.605 0 200.616963742205 "LDA" 20 3 1 2.94949494949495
228.498 0 211.869541696532 "LDA" 20 3 1 2.98484848484848
238.508 0 224.944588741325 "LDA" 20 3 1 3.02020202020202
245.876 0 232.106768915032 "LDA" 20 3 1 3.05555555555556
252.47 0 236.220725871654 "LDA" 20 3 1 3.09090909090909
263.73 0 250.074245431688 "LDA" 20 3 1 3.12626262626263
275.867 0 262.509303540742 "LDA" 20 3 1 3.16161616161616
287.248 0 270.270869386323 "LDA" 20 3 1 3.1969696969697
300.094 0 282.001510662649 "LDA" 20 3 1 3.23232323232323
305.398 0 283.54830141483 "LDA" 20 3 1 3.26767676767677
316.345035105316 3 291.681256045769 "LDA" 20 3 1 3.3030303030303
323.799196787149 4 295.769090021962 "LDA" 20 3 1 3.33838383838384
331.122489959839 4 299.723723801222 "LDA" 20 3 1 3.37373737373737
343.994974874372 5 313.46124912514 "LDA" 20 3 1 3.40909090909091
353.359798994975 5 320.101670832846 "LDA" 20 3 1 3.44444444444444
361.435175879397 5 327.603720606736 "LDA" 20 3 1 3.47979797979798
372.198994974874 5 333.183776877025 "LDA" 20 3 1 3.51515151515152
387.262575452716 6 342.662180665177 "LDA" 20 3 1 3.55050505050505
399.517102615694 6 351.81740521976 "LDA" 20 3 1 3.58585858585859
408.368951612903 8 357.796235698801 "LDA" 20 3 1 3.62121212121212
420.590312815338 9 360.089486166255 "LDA" 20 3 1 3.65656565656566
432.048484848485 10 365.96435713102 "LDA" 20 3 1 3.69191919191919
436.514227642276 16 367.243131453828 "LDA" 20 3 1 3.72727272727273
448.22629969419 19 376.216394202597 "LDA" 20 3 1 3.76262626262626
462.724489795918 20 385.688307435667 "LDA" 20 3 1 3.7979797979798
481.513817809621 23 401.018329861232 "LDA" 20 3 1 3.83333333333333
493.858316221766 26 410.354405829896 "LDA" 20 3 1 3.86868686868687
502.252066115702 32 412.364614736687 "LDA" 20 3 1 3.9040404040404
511.659420289855 34 415.331850526089 "LDA" 20 3 1 3.93939393939394
518.190871369295 36 412.90385294322 "LDA" 20 3 1 3.97474747474747
539.720083246618 39 422.355147385854 "LDA" 20 3 1 4.01010101010101
552.39057591623 45 430.201451171819 "LDA" 20 3 1 4.04545454545454
566.454736842105 50 442.089346225434 "LDA" 20 3 1 4.08080808080808
578.129374337222 57 448.706496943717 "LDA" 20 3 1 4.11616161616162
591.433439829606 61 456.541504814541 "LDA" 20 3 1 4.15151515151515
605.13397642015 67 462.745844940395 "LDA" 20 3 1 4.18686868686869
615.651564185545 73 466.522406749312 "LDA" 20 3 1 4.22222222222222
628.6586695747 83 469.59574290088 "LDA" 20 3 1 4.25757575757576
643.660087719298 88 478.692624311171 "LDA" 20 3 1 4.29292929292929
661.0706401766 94 480.84848520369 "LDA" 20 3 1 4.32828282828283
673.487804878049 98 484.143844675568 "LDA" 20 3 1 4.36363636363636
677.653243847875 106 483.000268369268 "LDA" 20 3 1 4.3989898989899
682.350282485876 115 483.217374490545 "LDA" 20 3 1 4.43434343434343
703.497155858931 121 491.03936968162 "LDA" 20 3 1 4.46969696969697
713.50228832952 126 489.401100319168 "LDA" 20 3 1 4.50505050505051
716.463583815029 135 488.982680124438 "LDA" 20 3 1 4.54040404040404
721.809133489461 146 490.718292925218 "LDA" 20 3 1 4.57575757575758
739.985815602837 154 502.140577489888 "LDA" 20 3 1 4.61111111111111
752.771531100478 164 507.086737861973 "LDA" 20 3 1 4.64646464646465
766.67671893848 171 511.968370853551 "LDA" 20 3 1 4.68181818181818
774.416058394161 178 513.917655394542 "LDA" 20 3 1 4.71717171717172
783.197788697789 186 513.664610709388 "LDA" 20 3 1 4.75252525252525
793.057213930348 196 518.550200603233 "LDA" 20 3 1 4.78787878787879
803.109159347553 203 523.149890969143 "LDA" 20 3 1 4.82323232323232
807.089987325729 211 523.90796094035 "LDA" 20 3 1 4.85858585858586
812.783610755442 219 525.056852147897 "LDA" 20 3 1 4.89393939393939
810.82637075718 234 523.581432270766 "LDA" 20 3 1 4.92929292929293
826.657789613848 249 527.006083522042 "LDA" 20 3 1 4.96464646464646
836.715646258503 265 531.008779272945 "LDA" 20 3 1 5
65.017 0 59.2267550986842 "uLSIF" 20 3 1 1.5
68.787 0 62.9503485087841 "uLSIF" 20 3 1 1.53535353535354
71.967 0 64.9768720769545 "uLSIF" 20 3 1 1.57070707070707
75.629 0 67.2173603508241 "uLSIF" 20 3 1 1.60606060606061
79.039 0 69.6383297902526 "uLSIF" 20 3 1 1.64141414141414
82.894 0 72.5324321784243 "uLSIF" 20 3 1 1.67676767676768
86.666 0 75.1255901693844 "uLSIF" 20 3 1 1.71212121212121
90.97 0 79.8326145528652 "uLSIF" 20 3 1 1.74747474747475
95.876 0 85.6788508880079 "uLSIF" 20 3 1 1.78282828282828
101.796 0 95.2671518111789 "uLSIF" 20 3 1 1.81818181818182
107.487 0 100.76599434639 "uLSIF" 20 3 1 1.85353535353535
113.078 0 103.441820005867 "uLSIF" 20 3 1 1.88888888888889
117.319 0 106.463137463813 "uLSIF" 20 3 1 1.92424242424242
123.722 0 112.123647944706 "uLSIF" 20 3 1 1.95959595959596
131.004 0 121.687393783439 "uLSIF" 20 3 1 1.99494949494949
137.757 0 126.570296637841 "uLSIF" 20 3 1 2.03030303030303
143.16 0 130.161808901446 "uLSIF" 20 3 1 2.06565656565657
153.666 0 140.146707216201 "uLSIF" 20 3 1 2.1010101010101
165.133 0 153.08298308666 "uLSIF" 20 3 1 2.13636363636364
171.312 0 156.494566056478 "uLSIF" 20 3 1 2.17171717171717
178.284 0 160.03642398217 "uLSIF" 20 3 1 2.20707070707071
187.235 0 170.485222192382 "uLSIF" 20 3 1 2.24242424242424
194.441 0 176.198537007103 "uLSIF" 20 3 1 2.27777777777778
204.34 0 187.709102355499 "uLSIF" 20 3 1 2.31313131313131
214.098 0 197.041543248539 "uLSIF" 20 3 1 2.34848484848485
226.804 0 209.373816364365 "uLSIF" 20 3 1 2.38383838383838
238.229 0 223.995161535671 "uLSIF" 20 3 1 2.41919191919192
249.244 0 231.907359709621 "uLSIF" 20 3 1 2.45454545454545
262.164164164164 1 251.153238034128 "uLSIF" 20 3 1 2.48989898989899
274.594594594595 1 264.696311052838 "uLSIF" 20 3 1 2.52525252525253
288.067067067067 1 278.341582555798 "uLSIF" 20 3 1 2.56060606060606
297.244244244244 1 283.753425384151 "uLSIF" 20 3 1 2.5959595959596
308.988988988989 1 291.844062458813 "uLSIF" 20 3 1 2.63131313131313
321.666666666667 1 300.1379208682 "uLSIF" 20 3 1 2.66666666666667
335.298298298298 1 317.749906551259 "uLSIF" 20 3 1 2.7020202020202
350.5 4 328.750757111687 "uLSIF" 20 3 1 2.73737373737374
367.475327291037 7 344.741344199857 "uLSIF" 20 3 1 2.77272727272727
375.59375 8 346.589375250568 "uLSIF" 20 3 1 2.80808080808081
396.450505050505 10 363.603072334475 "uLSIF" 20 3 1 2.84343434343434
416.416161616162 10 374.907776379879 "uLSIF" 20 3 1 2.87878787878788
439.985829959514 12 386.257650336383 "uLSIF" 20 3 1 2.91414141414141
459.157894736842 12 397.637566910448 "uLSIF" 20 3 1 2.94949494949495
468.230925737538 17 405.206005513408 "uLSIF" 20 3 1 2.98484848484848
487.428134556575 19 420.888249485036 "uLSIF" 20 3 1 3.02020202020202
501.544342507645 19 429.385114854097 "uLSIF" 20 3 1 3.05555555555556
518.933537832311 22 438.686254826796 "uLSIF" 20 3 1 3.09090909090909
538.022587268994 26 452.447072081394 "uLSIF" 20 3 1 3.12626262626263
553.40350877193 31 463.195948606913 "uLSIF" 20 3 1 3.16161616161616
568.143153526971 36 469.880621860946 "uLSIF" 20 3 1 3.1969696969697
595.889937106918 46 485.120581329618 "uLSIF" 20 3 1 3.23232323232323
610.945320715037 49 493.119288607232 "uLSIF" 20 3 1 3.26767676767677
627.786694825766 53 502.962789439367 "uLSIF" 20 3 1 3.3030303030303
642.016129032258 70 510.248512404754 "uLSIF" 20 3 1 3.33838383838384
662.46645021645 76 520.377713015879 "uLSIF" 20 3 1 3.37373737373737
672.714285714286 90 524.47324059834 "uLSIF" 20 3 1 3.40909090909091
685.592880978865 101 526.799640086806 "uLSIF" 20 3 1 3.44444444444444
694.440811724915 113 524.879490245718 "uLSIF" 20 3 1 3.47979797979798
705.86803185438 121 524.317322378681 "uLSIF" 20 3 1 3.51515151515152
716.718714121699 129 525.095352134531 "uLSIF" 20 3 1 3.55050505050505
721.220657276995 148 525.029194551067 "uLSIF" 20 3 1 3.58585858585859
738.329761904762 160 529.299689861676 "uLSIF" 20 3 1 3.62121212121212
747.261131167268 169 528.527162829726 "uLSIF" 20 3 1 3.65656565656566
757.83859223301 176 534.290912804237 "uLSIF" 20 3 1 3.69191919191919
768.628853267571 189 538.513859519749 "uLSIF" 20 3 1 3.72727272727273
770.716267339218 207 538.408148896514 "uLSIF" 20 3 1 3.76262626262626
789.289575289575 223 539.379920144037 "uLSIF" 20 3 1 3.7979797979798
796.702523240372 247 538.152722634814 "uLSIF" 20 3 1 3.83333333333333
802.497282608696 264 535.724291963141 "uLSIF" 20 3 1 3.86868686868687
805.567081604426 277 536.580717449575 "uLSIF" 20 3 1 3.9040404040404
812.104519774011 292 536.587467894006 "uLSIF" 20 3 1 3.93939393939394
824.978354978355 307 537.143960148376 "uLSIF" 20 3 1 3.97474747474747
836.230428360414 323 542.030919625571 "uLSIF" 20 3 1 4.01010101010101
848.989425981873 338 544.448812765357 "uLSIF" 20 3 1 4.04545454545454
855.428792569659 354 547.533797370286 "uLSIF" 20 3 1 4.08080808080808
858.544444444444 370 546.053152102789 "uLSIF" 20 3 1 4.11616161616162
870.554471544715 385 544.99635106988 "uLSIF" 20 3 1 4.15151515151515
882.641666666667 400 548.818992998312 "uLSIF" 20 3 1 4.18686868686869
885.712068965517 420 549.931157436746 "uLSIF" 20 3 1 4.22222222222222
888.303730017762 437 549.68231695845 "uLSIF" 20 3 1 4.25757575757576
902.481884057971 448 555.629127601237 "uLSIF" 20 3 1 4.29292929292929
898.834896810507 467 552.601073446214 "uLSIF" 20 3 1 4.32828282828283
900.980769230769 480 549.822041288008 "uLSIF" 20 3 1 4.36363636363636
902.336633663366 495 549.598321526148 "uLSIF" 20 3 1 4.3989898989899
905 517 550.140551637503 "uLSIF" 20 3 1 4.43434343434343
905.771551724138 536 547.941464343241 "uLSIF" 20 3 1 4.46969696969697
906.215555555556 550 544.585104106738 "uLSIF" 20 3 1 4.50505050505051
908.183908045977 565 540.986101015178 "uLSIF" 20 3 1 4.54040404040404
922.047732696897 581 543.468615903549 "uLSIF" 20 3 1 4.57575757575758
934.320987654321 595 545.064593936699 "uLSIF" 20 3 1 4.61111111111111
939.895140664962 609 551.63765211662 "uLSIF" 20 3 1 4.64646464646465
935.721784776903 619 548.325864766147 "uLSIF" 20 3 1 4.68181818181818
936.940379403794 631 557.109530563264 "uLSIF" 20 3 1 4.71717171717172
931.653631284916 642 555.010614000709 "uLSIF" 20 3 1 4.75252525252525
927.710227272727 648 553.237584247898 "uLSIF" 20 3 1 4.78787878787879
941.532934131737 666 553.672638662936 "uLSIF" 20 3 1 4.82323232323232
939.840978593272 673 550.970141962347 "uLSIF" 20 3 1 4.85858585858586
946.003215434084 689 550.680268444534 "uLSIF" 20 3 1 4.89393939393939
949.092105263158 696 556.101711560784 "uLSIF" 20 3 1 4.92929292929293
955.648275862069 710 556.197439876385 "uLSIF" 20 3 1 4.96464646464646
962.712230215827 722 555.131086670336 "uLSIF" 20 3 1 5
