135.155 15.235 0 0 "KDE LDA" 162 600 2.3
135.795 15.285 0 0 "KDE LDA" 162 600 2.31010101010101
135.795 15.43 0 0 "KDE LDA" 162 600 2.32020202020202
139.2 15.495 0 0 "KDE LDA" 162 600 2.33030303030303
139.735 15.5 0 0 "KDE LDA" 162 600 2.34040404040404
139.735 15.505 0 0 "KDE LDA" 162 600 2.35050505050505
140.15 15.515 0 0 "KDE LDA" 162 600 2.36060606060606
140.17 15.53 0 0 "KDE LDA" 162 600 2.37070707070707
141.585 15.555 0 0 "KDE LDA" 162 600 2.38080808080808
142.615 15.65 0 0 "KDE LDA" 162 600 2.39090909090909
147.055 15.69 0 0 "KDE LDA" 162 600 2.4010101010101
147.555 15.69 0 0 "KDE LDA" 162 600 2.41111111111111
147.86 15.695 0 0 "KDE LDA" 162 600 2.42121212121212
147.92 15.815 0 0 "KDE LDA" 162 600 2.43131313131313
149.02 15.82 0 0 "KDE LDA" 162 600 2.44141414141414
149.02 15.85 0 0 "KDE LDA" 162 600 2.45151515151515
149.575 15.85 0 0 "KDE LDA" 162 600 2.46161616161616
151.09 15.855 0 0 "KDE LDA" 162 600 2.47171717171717
151.095 15.88 0 0 "KDE LDA" 162 600 2.48181818181818
151.52 15.885 0 0 "KDE LDA" 162 600 2.49191919191919
151.52 15.905 0 0 "KDE LDA" 162 600 2.5020202020202
154.235 15.925 0 0 "KDE LDA" 162 600 2.51212121212121
155.395 16.025 0 0 "KDE LDA" 162 600 2.52222222222222
161.215 16.175 0 0 "KDE LDA" 162 600 2.53232323232323
162.79 16.21 0 0 "KDE LDA" 162 600 2.54242424242424
163.465 16.24 0 0 "KDE LDA" 162 600 2.55252525252525
163.94 16.26 0 0 "KDE LDA" 162 600 2.56262626262626
163.955 16.285 0 0 "KDE LDA" 162 600 2.57272727272727
164.065 16.335 0 0 "KDE LDA" 162 600 2.58282828282828
164.685 16.435 0 0 "KDE LDA" 162 600 2.59292929292929
167.06 16.575 0 0 "KDE LDA" 162 600 2.6030303030303
167.515 16.59 0 0 "KDE LDA" 162 600 2.61313131313131
168.655 16.61 0 0 "KDE LDA" 162 600 2.62323232323232
169.32 16.625 0 0 "KDE LDA" 162 600 2.63333333333333
169.4 16.665 0 0 "KDE LDA" 162 600 2.64343434343434
170.88 16.89 0 0 "KDE LDA" 162 600 2.65353535353535
173.66 17.055 0 0 "KDE LDA" 162 600 2.66363636363636
180.35 17.555 0 0 "KDE LDA" 162 600 2.67373737373737
180.73 17.555 0 0 "KDE LDA" 162 600 2.68383838383838
182.545 17.565 0 0 "KDE LDA" 162 600 2.69393939393939
185.94 17.57 0 0 "KDE LDA" 162 600 2.7040404040404
185.94 17.57 0 0 "KDE LDA" 162 600 2.71414141414141
186.975 17.57 0 0 "KDE LDA" 162 600 2.72424242424242
189.59 17.61 0 0 "KDE LDA" 162 600 2.73434343434343
190.075 17.64 0 0 "KDE LDA" 162 600 2.74444444444444
190.345 17.66 0 0 "KDE LDA" 162 600 2.75454545454545
190.35 17.76 0 0 "KDE LDA" 162 600 2.76464646464646
190.765 17.845 0 0 "KDE LDA" 162 600 2.77474747474747
204.125 17.895 0 0 "KDE LDA" 162 600 2.78484848484848
213.81 18.16 0 0 "KDE LDA" 162 600 2.79494949494949
263.37 18.775 0 0 "KDE LDA" 162 600 2.80505050505051
264.315 18.785 0 0 "KDE LDA" 162 600 2.81515151515151
270.295 19.06 0 0 "KDE LDA" 162 600 2.82525252525252
275.025 19.065 0 0 "KDE LDA" 162 600 2.83535353535354
276.35 19.075 0 0 "KDE LDA" 162 600 2.84545454545455
277.075 19.16 0 0 "KDE LDA" 162 600 2.85555555555556
280.995 19.2 0 0 "KDE LDA" 162 600 2.86565656565657
281.62 19.21 0 0 "KDE LDA" 162 600 2.87575757575758
283.145 19.215 0 0 "KDE LDA" 162 600 2.88585858585859
283.155 19.29 0 0 "KDE LDA" 162 600 2.8959595959596
283.55 19.315 0 0 "KDE LDA" 162 600 2.90606060606061
283.57 19.32 0 0 "KDE LDA" 162 600 2.91616161616162
285.24 19.325 0 0 "KDE LDA" 162 600 2.92626262626263
285.255 19.37 0 0 "KDE LDA" 162 600 2.93636363636364
288.82 19.38 0 0 "KDE LDA" 162 600 2.94646464646465
292.55 19.64 0 0 "KDE LDA" 162 600 2.95656565656566
302.13 19.705 0 0 "KDE LDA" 162 600 2.96666666666667
303.665 19.765 0 0 "KDE LDA" 162 600 2.97676767676768
310.29 19.795 0 0 "KDE LDA" 162 600 2.98686868686869
310.295 19.815 0 0 "KDE LDA" 162 600 2.9969696969697
313.19 19.83 0 0 "KDE LDA" 162 600 3.00707070707071
314.54 19.87 0 0 "KDE LDA" 162 600 3.01717171717172
315.805 19.88 0 0 "KDE LDA" 162 600 3.02727272727273
317.075 19.92 0 0 "KDE LDA" 162 600 3.03737373737374
319.885 19.945 0 0 "KDE LDA" 162 600 3.04747474747475
321.385 19.95 0 0 "KDE LDA" 162 600 3.05757575757576
321.825 20.02 0 0 "KDE LDA" 162 600 3.06767676767677
333.14 20.075 0 0 "KDE LDA" 162 600 3.07777777777778
335.535 20.215 0 0 "KDE LDA" 162 600 3.08787878787879
353.305 20.4 0 0 "KDE LDA" 162 600 3.0979797979798
353.355 20.485 0 0 "KDE LDA" 162 600 3.10808080808081
353.38 20.585 0 0 "KDE LDA" 162 600 3.11818181818182
353.39 20.63 0 0 "KDE LDA" 162 600 3.12828282828283
356.475 20.645 0 0 "KDE LDA" 162 600 3.13838383838384
356.91 20.655 0 0 "KDE LDA" 162 600 3.14848484848485
356.935 20.735 0 0 "KDE LDA" 162 600 3.15858585858586
357.485 20.74 0 0 "KDE LDA" 162 600 3.16868686868687
367.51 20.76 0 0 "KDE LDA" 162 600 3.17878787878788
369.115 20.78 0 0 "KDE LDA" 162 600 3.18888888888889
372.85 20.805 0 0 "KDE LDA" 162 600 3.1989898989899
372.86 20.825 0 0 "KDE LDA" 162 600 3.20909090909091
374.78 20.925 0 0 "KDE LDA" 162 600 3.21919191919192
405.3 21.345 0 0 "KDE LDA" 162 600 3.22929292929293
405.59 21.36 0 0 "KDE LDA" 162 600 3.23939393939394
410.365 21.39 0 0 "KDE LDA" 162 600 3.24949494949495
414.69 21.415 0 0 "KDE LDA" 162 600 3.25959595959596
414.69 21.42 0 0 "KDE LDA" 162 600 3.26969696969697
419.97 21.43 0 0 "KDE LDA" 162 600 3.27979797979798
421.795 21.44 0 0 "KDE LDA" 162 600 3.28989898989899
426.4 21.45 0 0 "KDE LDA" 162 600 3.3
1020.69387755102 29.855 4 0 "KDE QDA" 162 600 4.5
1048.02051282051 30.12 5 0 "KDE QDA" 162 600 4.51010101010101
1048.02564102564 30.125 5 0 "KDE QDA" 162 600 4.52020202020202
1069.41025641026 30.355 5 0 "KDE QDA" 162 600 4.53030303030303
1069.42051282051 30.46 5 0 "KDE QDA" 162 600 4.54040404040404
1069.4358974359 30.535 5 0 "KDE QDA" 162 600 4.55050505050505
1069.46666666667 30.56 5 0 "KDE QDA" 162 600 4.56060606060606
1070.60824742268 30.565 6 0 "KDE QDA" 162 600 4.57070707070707
1070.60824742268 30.615 6 0 "KDE QDA" 162 600 4.58080808080808
1070.61855670103 30.62 6 0 "KDE QDA" 162 600 4.59090909090909
1068.73056994819 30.635 7 0 "KDE QDA" 162 600 4.6010101010101
1068.77202072539 30.64 7 0 "KDE QDA" 162 600 4.61111111111111
1072.9481865285 30.64 7 0 "KDE QDA" 162 600 4.62121212121212
1079.87046632124 30.65 7 0 "KDE QDA" 162 600 4.63131313131313
1127.0310880829 31.145 7 0 "KDE QDA" 162 600 4.64141414141414
1144.42487046632 31.195 7 0 "KDE QDA" 162 600 4.65151515151515
1149.49222797927 31.22 7 0 "KDE QDA" 162 600 4.66161616161616
1154.97916666667 31.35 8 0 "KDE QDA" 162 600 4.67171717171717
1154.97916666667 31.38 8 0 "KDE QDA" 162 600 4.68181818181818
1154.99479166667 31.43 8 0 "KDE QDA" 162 600 4.69191919191919
1155 31.435 8 0 "KDE QDA" 162 600 4.7020202020202
1155.0625 31.46 8 0 "KDE QDA" 162 600 4.71212121212121
1160.39267015707 31.565 9 0 "KDE QDA" 162 600 4.72222222222222
1166.89528795812 31.57 9 0 "KDE QDA" 162 600 4.73232323232323
1166.9057591623 31.59 9 0 "KDE QDA" 162 600 4.74242424242424
1173.61256544503 31.605 9 0 "KDE QDA" 162 600 4.75252525252525
1173.61780104712 31.98 9 0 "KDE QDA" 162 600 4.76262626262626
1182.87894736842 32.58 10 0 "KDE QDA" 162 600 4.77272727272727
1182.96842105263 32.59 10 0 "KDE QDA" 162 600 4.78282828282828
1196.72631578947 32.91 10 0 "KDE QDA" 162 600 4.79292929292929
1210.73684210526 33.1 10 0 "KDE QDA" 162 600 4.8030303030303
1212.08421052632 33.135 10 0 "KDE QDA" 162 600 4.81313131313131
1219.20526315789 33.245 10 0 "KDE QDA" 162 600 4.82323232323232
1216.48148148148 33.25 11 0 "KDE QDA" 162 600 4.83333333333333
1216.48677248677 33.26 11 0 "KDE QDA" 162 600 4.84343434343434
1230.24867724868 33.265 11 0 "KDE QDA" 162 600 4.85353535353535
1232.36507936508 33.265 11 0 "KDE QDA" 162 600 4.86363636363636
1232.38095238095 33.275 11 0 "KDE QDA" 162 600 4.87373737373737
1225.80319148936 33.425 12 0 "KDE QDA" 162 600 4.88383838383838
1229.90322580645 33.445 14 0 "KDE QDA" 162 600 4.89393939393939
1299.25945945946 34.02 15 0 "KDE QDA" 162 600 4.9040404040404
1305.02173913043 34.14 16 0 "KDE QDA" 162 600 4.91414141414141
1319.34239130435 34.205 16 0 "KDE QDA" 162 600 4.92424242424242
1317.34254143646 34.485 19 0 "KDE QDA" 162 600 4.93434343434343
1322.70165745856 34.495 19 0 "KDE QDA" 162 600 4.94444444444444
1322.70718232044 34.545 19 0 "KDE QDA" 162 600 4.95454545454546
1322.7182320442 34.735 19 0 "KDE QDA" 162 600 4.96464646464646
1325.10497237569 34.755 19 0 "KDE QDA" 162 600 4.97474747474747
1325.12154696133 34.9 19 0 "KDE QDA" 162 600 4.98484848484848
1328.48888888889 34.91 20 0 "KDE QDA" 162 600 4.99494949494949
1329.89444444444 35 20 0 "KDE QDA" 162 600 5.00505050505051
1329.89444444444 35.005 20 0 "KDE QDA" 162 600 5.01515151515152
1324.79775280899 35.03 22 0 "KDE QDA" 162 600 5.02525252525253
1336.89325842697 35.035 22 0 "KDE QDA" 162 600 5.03535353535354
1359.95480225989 35.35 23 0 "KDE QDA" 162 600 5.04545454545455
1360.03389830508 35.46 23 0 "KDE QDA" 162 600 5.05555555555556
1387.49710982659 35.95 27 0 "KDE QDA" 162 600 5.06565656565657
1387.50289017341 35.965 27 0 "KDE QDA" 162 600 5.07575757575758
1387.53757225434 35.965 27 0 "KDE QDA" 162 600 5.08585858585859
1392.05780346821 36.02 27 0 "KDE QDA" 162 600 5.0959595959596
1394.67052023121 36.05 27 0 "KDE QDA" 162 600 5.10606060606061
1405.03468208092 36.1 27 0 "KDE QDA" 162 600 5.11616161616162
1408.05202312139 36.1 27 0 "KDE QDA" 162 600 5.12626262626263
1414.71676300578 36.18 27 0 "KDE QDA" 162 600 5.13636363636364
1416.52906976744 36.3 28 0 "KDE QDA" 162 600 5.14646464646465
1416.52906976744 36.43 28 0 "KDE QDA" 162 600 5.15656565656566
1426.93604651163 36.465 28 0 "KDE QDA" 162 600 5.16666666666667
1428.40697674419 36.475 28 0 "KDE QDA" 162 600 5.17676767676768
1439.19298245614 36.76 29 0 "KDE QDA" 162 600 5.18686868686869
1484.89940828402 37.33 31 0 "KDE QDA" 162 600 5.1969696969697
1485.03550295858 37.33 31 0 "KDE QDA" 162 600 5.20707070707071
1485.12426035503 37.345 31 0 "KDE QDA" 162 600 5.21717171717172
1531.30357142857 37.715 32 0 "KDE QDA" 162 600 5.22727272727273
1531.31547619048 37.73 32 0 "KDE QDA" 162 600 5.23737373737374
1531.33333333333 37.75 32 0 "KDE QDA" 162 600 5.24747474747475
1537.44311377246 37.81 33 0 "KDE QDA" 162 600 5.25757575757576
1537.46706586826 37.83 33 0 "KDE QDA" 162 600 5.26767676767677
1537.59638554217 37.865 34 0 "KDE QDA" 162 600 5.27777777777778
1538.88484848485 37.915 35 0 "KDE QDA" 162 600 5.28787878787879
1563.12883435583 38.02 37 0 "KDE QDA" 162 600 5.2979797979798
1606.38888888889 38.03 38 0 "KDE QDA" 162 600 5.30808080808081
1606.3950617284 38.065 38 0 "KDE QDA" 162 600 5.31818181818182
1619.39751552795 38.09 39 0 "KDE QDA" 162 600 5.32828282828283
1658.35220125786 38.565 41 0 "KDE QDA" 162 600 5.33838383838384
1660.64779874214 38.61 41 0 "KDE QDA" 162 600 5.34848484848485
1666.26451612903 38.685 45 0 "KDE QDA" 162 600 5.35858585858586
1666.27096774194 38.695 45 0 "KDE QDA" 162 600 5.36868686868687
1666.27096774194 38.715 45 0 "KDE QDA" 162 600 5.37878787878788
1666.4 38.785 45 0 "KDE QDA" 162 600 5.38888888888889
1657.6038961039 38.79 46 0 "KDE QDA" 162 600 5.3989898989899
1670.49350649351 38.805 46 0 "KDE QDA" 162 600 5.40909090909091
1679.33116883117 38.81 46 0 "KDE QDA" 162 600 5.41919191919192
1679.3961038961 38.825 46 0 "KDE QDA" 162 600 5.42929292929293
1679.3961038961 38.83 46 0 "KDE QDA" 162 600 5.43939393939394
1679.48051948052 38.83 46 0 "KDE QDA" 162 600 5.44949494949495
1679.56862745098 38.86 47 0 "KDE QDA" 162 600 5.45959595959596
1688.62666666667 39.285 50 0 "KDE QDA" 162 600 5.46969696969697
1690.24161073826 39.29 51 0 "KDE QDA" 162 600 5.47979797979798
1698.43055555556 39.57 56 0 "KDE QDA" 162 600 5.48989898989899
1698.43055555556 39.6 56 0 "KDE QDA" 162 600 5.5
