64.209 14.302 0 0 57.6775174137637 10.263436760371 "LDA" 11 1000 1.5
69.019 14.864 0 0 61.400608088794 10.5694473468208 "LDA" 11 1000 1.53535353535354
73.619 15.213 0 0 64.8602859668048 10.7744010839916 "LDA" 11 1000 1.57070707070707
77.544 15.698 0 0 67.3182279015707 10.906224907902 "LDA" 11 1000 1.60606060606061
82.672 16.172 0 0 72.5078741090084 11.1430958258728 "LDA" 11 1000 1.64141414141414
86.018 16.736 0 0 74.3153042141418 11.831072575142 "LDA" 11 1000 1.67676767676768
90.16 17.317 0 0 78.3449572871945 12.5976669352786 "LDA" 11 1000 1.71212121212121
95.158 17.773 0 0 86.0147869821206 13.106916581037 "LDA" 11 1000 1.74747474747475
102.11 18.439 0 0 93.4704799957218 13.4958666790028 "LDA" 11 1000 1.78282828282828
107.477 18.852 0 0 98.0463081892916 13.7420864842622 "LDA" 11 1000 1.81818181818182
114.598 19.525 0 0 104.623862232994 14.2822742712202 "LDA" 11 1000 1.85353535353535
120.425 19.922 0 0 109.420433220702 14.4493840941647 "LDA" 11 1000 1.88888888888889
127.721 20.402 0 0 115.196933520352 14.8961166177729 "LDA" 11 1000 1.92424242424242
134.578 20.99 0 0 122.653290806834 15.244352734383 "LDA" 11 1000 1.95959595959596
145.01 21.539 0 0 136.637006596206 15.6025612935479 "LDA" 11 1000 1.99494949494949
153.341 22.198 0 0 145.831737336612 16.1962685552912 "LDA" 11 1000 2.03030303030303
162.961 22.622 0 0 151.895865094587 16.3696390027722 "LDA" 11 1000 2.06565656565657
174.031 23.09 0 0 165.437479425306 17.2985299704668 "LDA" 11 1000 2.1010101010101
180.161 23.574 0 0 170.998753365785 17.832849871362 "LDA" 11 1000 2.13636363636364
191.231 24.091 0 0 183.630443496657 18.1249892202515 "LDA" 11 1000 2.17171717171717
201.94 24.445 0 0 194.323297481141 18.239837353076 "LDA" 11 1000 2.20707070707071
214.708 24.895 0 0 206.588347884099 18.3963148320363 "LDA" 11 1000 2.24242424242424
224.081 25.33 0 0 215.407931646019 18.5652300758102 "LDA" 11 1000 2.27777777777778
235.316 25.723 0 0 225.249744931246 18.8101060893098 "LDA" 11 1000 2.31313131313131
248.627 26.36 0 0 238.075020921109 19.2310747030486 "LDA" 11 1000 2.34848484848485
265.022 27.093 0 0 253.275980381556 20.1580430026751 "LDA" 11 1000 2.38383838383838
283.036 27.601 0 0 269.877866389163 20.3280355181712 "LDA" 11 1000 2.41919191919192
300.575 27.967 0 0 291.692644703246 20.5084008519803 "LDA" 11 1000 2.45454545454545
321.951 28.883 0 0 322.438560386664 22.2862735554643 "LDA" 11 1000 2.48989898989899
338.821 29.356 0 0 340.354021305491 22.3519769791147 "LDA" 11 1000 2.52525252525253
351.352 29.987 0 0 355.266035601564 22.5844833877131 "LDA" 11 1000 2.56060606060606
366.207 30.782 0 0 364.832743982886 22.9389771496611 "LDA" 11 1000 2.5959595959596
383.542 31.264 0 0 383.613033140423 23.25909046565 "LDA" 11 1000 2.63131313131313
404.822 31.682 0 0 399.712434565584 23.4444133327434 "LDA" 11 1000 2.66666666666667
423.027 32.476 0 0 415.752607329769 24.049611385796 "LDA" 11 1000 2.7020202020202
455.54 33.193 0 0 457.963681019721 24.4569804942249 "LDA" 11 1000 2.73737373737374
483.397 33.726 0 0 485.119707414079 24.5662456314437 "LDA" 11 1000 2.77272727272727
510.403 34.131 0 0 498.617336079321 24.8306342931348 "LDA" 11 1000 2.80808080808081
539.645 34.744 0 0 521.576597559862 25.0298813213119 "LDA" 11 1000 2.84343434343434
564.589 35.594 0 0 533.748700939641 25.8475387466439 "LDA" 11 1000 2.87878787878788
593.548 36.051 0 0 556.068870091003 26.0248283508401 "LDA" 11 1000 2.91414141414141
623.607 36.614 0 0 595.922632843673 26.4141005659611 "LDA" 11 1000 2.94949494949495
662.709 37.272 0 0 633.779767042237 26.8716970826947 "LDA" 11 1000 2.98484848484848
705.984 37.664 0 0 692.30096516643 26.9609346276422 "LDA" 11 1000 3.02020202020202
732.221 38.149 0 0 710.482652679683 27.0642804130144 "LDA" 11 1000 3.05555555555556
761.598 38.803 0 0 732.691111356389 27.9814072224781 "LDA" 11 1000 3.09090909090909
803.714 39.309 0 0 768.500357191201 28.3072573701484 "LDA" 11 1000 3.12626262626263
841.247 39.876 0 0 791.783885736956 28.8513608868806 "LDA" 11 1000 3.16161616161616
889.496 40.548 0 0 845.763838464648 29.4565337978416 "LDA" 11 1000 3.1969696969697
938.471 41.084 0 0 880.624443545357 29.6119538668392 "LDA" 11 1000 3.23232323232323
995.148 41.46 0 0 936.946753724733 29.6200903062389 "LDA" 11 1000 3.26767676767677
1024.387 41.93 0 0 951.235706121043 29.8948289976845 "LDA" 11 1000 3.3030303030303
1080.902 42.594 0 0 1002.82006285997 30.2131428023964 "LDA" 11 1000 3.33838383838384
1135.481 43.431 0 0 1061.22920854643 31.1351672171138 "LDA" 11 1000 3.37373737373737
1197.074 44.365 0 0 1139.78496142136 31.8015898362977 "LDA" 11 1000 3.40909090909091
1265.496 45.136 0 0 1205.03252045717 32.636277830516 "LDA" 11 1000 3.44444444444444
1334.82782782783 46.247 1 0 1267.55760933077 33.5383782227736 "LDA" 11 1000 3.47979797979798
1403.79279279279 46.908 1 0 1323.54589477633 34.208123768072 "LDA" 11 1000 3.51515151515152
1465.28628628629 47.708 1 0 1374.5816423571 34.5138804532893 "LDA" 11 1000 3.55050505050505
1526.38677354709 48.602 2 0 1421.59192792236 35.5827166715208 "LDA" 11 1000 3.58585858585859
1571.66198595787 49.178 3 0 1455.75238109699 35.7877224348949 "LDA" 11 1000 3.62121212121212
1681.12738214644 49.795 3 0 1556.16324239148 35.8834306553261 "LDA" 11 1000 3.65656565656566
1765.51907630522 50.493 4 0 1646.40921741635 36.4055396102614 "LDA" 11 1000 3.69191919191919
1843.62914572864 50.933 5 0 1709.42629019341 36.6367132772546 "LDA" 11 1000 3.72727272727273
1901.50704225352 51.393 6 0 1745.77310512932 36.6502358899747 "LDA" 11 1000 3.76262626262626
2029.95060483871 52.075 8 0 1850.06639981738 37.1005097380457 "LDA" 11 1000 3.7979797979798
2103.29566094854 52.67 9 0 1894.07022961624 38.2209620750439 "LDA" 11 1000 3.83333333333333
2158.25607287449 53.134 12 0 1920.43254536852 38.3562673789727 "LDA" 11 1000 3.86868686868687
2231.22819472617 53.999 14 0 1978.34062847896 39.6840247558236 "LDA" 11 1000 3.9040404040404
2335.53516819572 54.674 19 0 2053.35150674246 40.0259390870445 "LDA" 11 1000 3.93939393939394
2416.08427543679 55.188 27 0 2113.87719593043 40.2631317184316 "LDA" 11 1000 3.97474747474747
2501.59358841779 55.785 33 0 2165.90638849581 40.3875962757495 "LDA" 11 1000 4.01010101010101
2536.85849056604 56.306 46 0 2170.544752948 40.5784545661238 "LDA" 11 1000 4.04545454545454
2630.08860759494 57.06 52 0 2252.48305473914 40.8683082426789 "LDA" 11 1000 4.08080808080808
2708.35638297872 57.467 60 0 2317.45137581044 40.9559067449043 "LDA" 11 1000 4.11616161616162
2766.65591397849 58.21 70 0 2344.73019967099 41.2677953243317 "LDA" 11 1000 4.15151515151515
2895.43492407809 58.566 78 0 2410.12698306112 41.3674619829512 "LDA" 11 1000 4.18686868686869
2982.96149614961 59.219 91 0 2436.31474416931 41.3298826298624 "LDA" 11 1000 4.22222222222222
3098.85904550499 59.811 99 0 2481.02421482625 41.6015861593157 "LDA" 11 1000 4.25757575757576
3182.7530726257 60.5 105 0 2524.90557566576 41.9411380277057 "LDA" 11 1000 4.29292929292929
3264.41873589165 61.11 114 0 2549.73161624074 42.0158211776139 "LDA" 11 1000 4.32828282828283
3314.77445339471 61.593 131 0 2560.82575108326 42.2142558195024 "LDA" 11 1000 4.36363636363636
3388.71893147503 62.296 139 0 2581.52392166292 42.8296481746321 "LDA" 11 1000 4.3989898989899
3421.90200708383 62.963 153 0 2584.73596258809 43.017230421229 "LDA" 11 1000 4.43434343434343
3479.99639855942 63.448 167 0 2610.19149178467 43.2226965551375 "LDA" 11 1000 4.46969696969697
3533.73838630807 64.066 182 0 2601.48971304292 43.5313521800394 "LDA" 11 1000 4.50505050505051
3607.5215782984 64.727 189 0 2643.18840534282 44.0696562909856 "LDA" 11 1000 4.54040404040404
3652.62641509434 65.481 205 0 2649.69918021819 44.5075562299433 "LDA" 11 1000 4.57575757575758
3680.1552393273 65.954 227 0 2669.68214215068 44.8138166435549 "LDA" 11 1000 4.61111111111111
3734.04993429698 66.82 239 0 2691.39007668374 45.3709833057002 "LDA" 11 1000 4.64646464646465
3807.29238985314 67.768 251 0 2721.53224403147 46.0868329587982 "LDA" 11 1000 4.68181818181818
3835.91917808219 68.363 270 0 2731.98760614922 46.0821309597744 "LDA" 11 1000 4.71717171717172
3879.38959212377 69.24 289 0 2756.39358968266 47.093292284339 "LDA" 11 1000 4.75252525252525
3901.35755813953 69.938 312 0 2762.66798142757 47.3847176573573 "LDA" 11 1000 4.78787878787879
3954.16240601504 70.484 335 0 2776.94858712081 47.4706141018125 "LDA" 11 1000 4.82323232323232
3994.03692307692 70.933 350 0 2796.86936119585 47.5877831812757 "LDA" 11 1000 4.85858585858586
4028.75118858954 71.893 369 0 2790.65185248969 48.7432400898263 "LDA" 11 1000 4.89393939393939
4062.08646003263 72.705 387 0 2777.84778342369 49.2705750378922 "LDA" 11 1000 4.92929292929293
4041.68971332209 73.336 407 0 2771.15666006825 49.5053925132191 "LDA" 11 1000 4.96464646464646
4122.86355785838 74.251 421 0 2799.32231425172 50.0705008368606 "LDA" 11 1000 5
38.414 13.605 0 0 34.6098316153726 9.94705579148518 "uLSIF" 11 1000 1.5
40.381 13.977 0 0 36.4665277569259 10.1210130869348 "uLSIF" 11 1000 1.53535353535354
42.246 14.454 0 0 38.0096068673989 10.6256665103319 "uLSIF" 11 1000 1.57070707070707
43.725 14.923 0 0 39.3301950063719 11.0403333264879 "uLSIF" 11 1000 1.60606060606061
46.172 15.411 0 0 43.1170441414471 11.3489593301711 "uLSIF" 11 1000 1.64141414141414
48.229 15.755 0 0 45.2049560009414 11.4869022771121 "uLSIF" 11 1000 1.67676767676768
50.67 16.229 0 0 47.2346929302628 11.8649625509875 "uLSIF" 11 1000 1.71212121212121
52.715 16.797 0 0 48.9576820287647 12.4675270294566 "uLSIF" 11 1000 1.74747474747475
54.982 17.248 0 0 52.2145577021968 12.879377872179 "uLSIF" 11 1000 1.78282828282828
58.054 17.784 0 0 54.3809007498622 13.2627766793099 "uLSIF" 11 1000 1.81818181818182
61.237 18.244 0 0 57.6001962983948 13.532316416179 "uLSIF" 11 1000 1.85353535353535
63.396 18.676 0 0 58.9259149054764 13.8941019886163 "uLSIF" 11 1000 1.88888888888889
65.818 19.034 0 0 61.4012295234142 14.0521994117757 "uLSIF" 11 1000 1.92424242424242
69.206 19.417 0 0 65.9265187149289 14.2473892029066 "uLSIF" 11 1000 1.95959595959596
71.874 19.82 0 0 68.9410109222877 14.4062882499671 "uLSIF" 11 1000 1.99494949494949
74.507 20.29 0 0 71.3127019012213 14.6953684490677 "uLSIF" 11 1000 2.03030303030303
77.344 20.783 0 0 73.5414985978394 14.9292596532378 "uLSIF" 11 1000 2.06565656565657
80.592 21.459 0 0 76.7508842570184 15.6218552471005 "uLSIF" 11 1000 2.1010101010101
83.985 22.003 0 0 80.09860524105 16.0832727596924 "uLSIF" 11 1000 2.13636363636364
87.465 22.355 0 0 82.5075649457265 16.2624549943249 "uLSIF" 11 1000 2.17171717171717
91.409 22.621 0 0 86.1809890978392 16.3087502382719 "uLSIF" 11 1000 2.20707070707071
94.705 23.114 0 0 88.8514296539541 16.6323070449543 "uLSIF" 11 1000 2.24242424242424
97.997 23.545 0 0 92.5719750332765 16.7711432599643 "uLSIF" 11 1000 2.27777777777778
104.966 24.125 0 0 99.2139317245731 17.1042079304751 "uLSIF" 11 1000 2.31313131313131
108.059 24.719 0 0 101.244288357047 17.7960877650044 "uLSIF" 11 1000 2.34848484848485
112.303 25.231 0 0 104.082699808371 18.0192767150442 "uLSIF" 11 1000 2.38383838383838
116.032 25.654 0 0 108.236112421096 18.5964004611137 "uLSIF" 11 1000 2.41919191919192
119.983 26.008 0 0 111.612813471981 18.6959748468882 "uLSIF" 11 1000 2.45454545454545
127.497 26.482 0 0 119.417630865637 18.969119734545 "uLSIF" 11 1000 2.48989898989899
133.55 27.03 0 0 124.972595594593 19.4069505520504 "uLSIF" 11 1000 2.52525252525253
137.304 27.424 0 0 130.830555369219 19.6771800676676 "uLSIF" 11 1000 2.56060606060606
141.081 28.069 0 0 133.477333797307 20.3236140557797 "uLSIF" 11 1000 2.5959595959596
146.158 28.497 0 0 137.329678061505 20.3954398080788 "uLSIF" 11 1000 2.63131313131313
150.535 28.91 0 0 138.659031808614 20.6780918724017 "uLSIF" 11 1000 2.66666666666667
158.655 29.446 0 0 146.931142838187 20.9266578556875 "uLSIF" 11 1000 2.7020202020202
167.529 30.03 0 0 153.08778863786 21.4670429713534 "uLSIF" 11 1000 2.73737373737374
174.311 30.607 0 0 157.614245959969 21.7793225305538 "uLSIF" 11 1000 2.77272727272727
177.847 31.278 0 0 159.378609393269 22.5807131110735 "uLSIF" 11 1000 2.80808080808081
181.029 31.749 0 0 161.536243973658 22.7565344211033 "uLSIF" 11 1000 2.84343434343434
187.259 32.127 0 0 167.620752401472 22.8197197750238 "uLSIF" 11 1000 2.87878787878788
193.227 32.577 0 0 176.817798891981 23.1955621855799 "uLSIF" 11 1000 2.91414141414141
198.442 33.18 0 0 180.058550804225 23.5291993748879 "uLSIF" 11 1000 2.94949494949495
204.947 33.632 0 0 185.891850200516 23.8764038049841 "uLSIF" 11 1000 2.98484848484848
211.185 33.975 0 0 190.941308674572 24.0066802306295 "uLSIF" 11 1000 3.02020202020202
216.295 34.543 0 0 195.1635231691 24.2162048136279 "uLSIF" 11 1000 3.05555555555556
224.056 35.048 0 0 204.408453053389 24.8038893911606 "uLSIF" 11 1000 3.09090909090909
229.459 35.448 0 0 210.316897838753 24.9706393356043 "uLSIF" 11 1000 3.12626262626263
235.388 35.932 0 0 214.721728935096 25.1160146159814 "uLSIF" 11 1000 3.16161616161616
245.731 36.311 0 0 226.399720566242 25.2291257832646 "uLSIF" 11 1000 3.1969696969697
250.729 36.856 0 0 229.182940855945 25.5713738222873 "uLSIF" 11 1000 3.23232323232323
259.956 37.312 0 0 235.581711528732 26.3004633109451 "uLSIF" 11 1000 3.26767676767677
273.004 37.849 0 0 246.449709765387 26.6508248552548 "uLSIF" 11 1000 3.3030303030303
281.014 38.568 0 0 249.997645242163 27.2483733431897 "uLSIF" 11 1000 3.33838383838384
289.602 39.094 0 0 264.547464468962 27.4338072053038 "uLSIF" 11 1000 3.37373737373737
303.4 39.742 0 0 274.451703834641 27.9488564090657 "uLSIF" 11 1000 3.40909090909091
309.48 40.23 0 0 283.305099458833 27.9293599845959 "uLSIF" 11 1000 3.44444444444444
318.47 40.777 0 0 291.924557115442 28.2264060943118 "uLSIF" 11 1000 3.47979797979798
329.214 41.429 0 0 302.144931719471 28.654738753879 "uLSIF" 11 1000 3.51515151515152
340.539 41.969 0 0 312.748832629814 28.806663514938 "uLSIF" 11 1000 3.55050505050505
349.718 42.558 0 0 322.411925843207 28.9936763669127 "uLSIF" 11 1000 3.58585858585859
363.143 42.897 0 0 339.919198652581 29.0049595531295 "uLSIF" 11 1000 3.62121212121212
374.24 43.338 0 0 348.917984862002 29.0400599359072 "uLSIF" 11 1000 3.65656565656566
382.488 43.713 0 0 355.321081455811 29.0655369198031 "uLSIF" 11 1000 3.69191919191919
394.791 44.054 0 0 371.371199592654 29.1370563381418 "uLSIF" 11 1000 3.72727272727273
405.932 44.547 0 0 385.456934591174 29.2705407458686 "uLSIF" 11 1000 3.76262626262626
416.714 44.85 0 0 393.808999048691 29.2473059426831 "uLSIF" 11 1000 3.7979797979798
424.669 45.322 0 0 400.132627460644 29.3748736031187 "uLSIF" 11 1000 3.83333333333333
438.054 45.852 0 0 422.444600538964 29.6229913684897 "uLSIF" 11 1000 3.86868686868687
447.385 46.482 0 0 430.903544473284 30.7416447953704 "uLSIF" 11 1000 3.9040404040404
460.297 47.011 0 0 451.740066718549 30.8563931138426 "uLSIF" 11 1000 3.93939393939394
474.312 47.581 0 0 471.785831205778 31.1675930712953 "uLSIF" 11 1000 3.97474747474747
484.415 48.222 0 0 475.885048466911 31.6610666140473 "uLSIF" 11 1000 4.01010101010101
500.193 48.757 0 0 486.884055843724 31.9574596961371 "uLSIF" 11 1000 4.04545454545454
517.313 49.181 0 0 501.995384836751 32.1320510971165 "uLSIF" 11 1000 4.08080808080808
537.336 49.787 0 0 525.161481532762 32.920257811481 "uLSIF" 11 1000 4.11616161616162
552.324 50.607 0 0 543.907008465471 33.7963421651477 "uLSIF" 11 1000 4.15151515151515
571.297 51.059 0 0 557.052322570404 33.9782878180029 "uLSIF" 11 1000 4.18686868686869
583.839 51.946 0 0 566.433171359708 34.5833643981191 "uLSIF" 11 1000 4.22222222222222
599.421 52.592 0 0 579.413852243085 35.0357394532931 "uLSIF" 11 1000 4.25757575757576
623.787 53.111 0 0 604.687153977315 35.148116152492 "uLSIF" 11 1000 4.29292929292929
637.996 53.548 0 0 612.037582167947 35.1847362028147 "uLSIF" 11 1000 4.32828282828283
652.578 53.837 0 0 627.411792584004 35.2943355387394 "uLSIF" 11 1000 4.36363636363636
668.157 54.61 0 0 644.590986510741 35.7905694962355 "uLSIF" 11 1000 4.3989898989899
699.715 55.097 0 0 683.763069864636 35.8370183313691 "uLSIF" 11 1000 4.43434343434343
722.892 55.669 0 0 699.67500845282 36.3971728736339 "uLSIF" 11 1000 4.46969696969697
743.441 56.048 0 0 712.054492380407 36.4414554549578 "uLSIF" 11 1000 4.50505050505051
765.273 56.428 0 0 735.149490406029 36.4408939895107 "uLSIF" 11 1000 4.54040404040404
795.215 56.915 0 0 769.095653933826 36.4159566247668 "uLSIF" 11 1000 4.57575757575758
818.112 57.312 0 0 798.687699603229 36.5423041965883 "uLSIF" 11 1000 4.61111111111111
842.602 57.833 0 0 809.437876103702 36.6400819677932 "uLSIF" 11 1000 4.64646464646465
872.253 58.546 0 0 838.079092661639 37.0162408421775 "uLSIF" 11 1000 4.68181818181818
899.768 59.103 0 0 855.869773531724 37.5683346818936 "uLSIF" 11 1000 4.71717171717172
933.646 59.742 0 0 887.486782703536 37.9532064769485 "uLSIF" 11 1000 4.75252525252525
968.596 60.289 0 0 922.845922882786 38.0128722600313 "uLSIF" 11 1000 4.78787878787879
1011.168 60.806 0 0 978.429866050081 38.2488606279892 "uLSIF" 11 1000 4.82323232323232
1030.784 61.394 0 0 1012.33889552036 38.6334739482396 "uLSIF" 11 1000 4.85858585858586
1067.328 61.963 0 0 1054.94510169183 38.8087328928522 "uLSIF" 11 1000 4.89393939393939
1090.51851851852 62.522 1 0 1067.24760778371 39.2024533460388 "uLSIF" 11 1000 4.92929292929293
1128.58358358358 63.041 1 0 1099.40868182406 39.3091914382824 "uLSIF" 11 1000 4.96464646464646
1164.26326326326 63.687 1 0 1156.21505277274 39.5948833283517 "uLSIF" 11 1000 5
