44.139 13.042 0 0 36.3103031812889 8.70666652870328 "LDA" 22 200 1.5
45.942 13.3 0 0 37.7436248552947 8.79325430778169 "LDA" 22 200 1.53535353535354
48.162 13.61 0 0 39.5714753030217 8.91815190683773 "LDA" 22 200 1.57070707070707
50.413 13.974 0 0 41.7050565608385 9.09164352479693 "LDA" 22 200 1.60606060606061
53.25 14.328 0 0 45.5653344078555 9.24629168423265 "LDA" 22 200 1.64141414141414
56.456 14.712 0 0 48.2413649609264 9.44109051911855 "LDA" 22 200 1.67676767676768
58.679 15.098 0 0 49.9347317649393 9.83061732736236 "LDA" 22 200 1.71212121212121
60.687 15.343 0 0 51.839505836431 9.94365260994305 "LDA" 22 200 1.74747474747475
64.02 15.676 0 0 55.3822787252095 10.1183697009649 "LDA" 22 200 1.78282828282828
66.848 16.135 0 0 58.5230710561728 10.7798413708171 "LDA" 22 200 1.81818181818182
69.899 16.641 0 0 61.4105858876062 11.0261368889877 "LDA" 22 200 1.85353535353535
73.215 16.898 0 0 64.0624755670258 11.0757513635991 "LDA" 22 200 1.88888888888889
77.446 17.255 0 0 67.430526914447 11.315476791325 "LDA" 22 200 1.92424242424242
80.227 17.627 0 0 69.4683908574852 11.5630261858466 "LDA" 22 200 1.95959595959596
84.57 17.884 0 0 72.6606266602943 11.6834518463957 "LDA" 22 200 1.99494949494949
89.234 18.147 0 0 78.2208011831747 11.78568170677 "LDA" 22 200 2.03030303030303
93.357 18.558 0 0 81.3704165879449 12.031100672149 "LDA" 22 200 2.06565656565657
96.8 19.039 0 0 84.2442466468369 12.5110353290607 "LDA" 22 200 2.1010101010101
100.02 19.431 0 0 88.452300192869 12.6740629188461 "LDA" 22 200 2.13636363636364
104.551 19.777 0 0 92.610723704899 12.9104589752243 "LDA" 22 200 2.17171717171717
108.325 20.17 0 0 96.2211717289334 13.1792561547605 "LDA" 22 200 2.20707070707071
113.192 20.739 0 0 99.9634524605259 13.7044040253376 "LDA" 22 200 2.24242424242424
118.913 21.027 0 0 107.70054242128 13.9258824209169 "LDA" 22 200 2.27777777777778
125.119 21.359 0 0 112.072856500422 14.1185499415646 "LDA" 22 200 2.31313131313131
129.779 21.726 0 0 115.814961314436 14.30228930904 "LDA" 22 200 2.34848484848485
136.867 22.122 0 0 121.504241043643 14.6285033106299 "LDA" 22 200 2.38383838383838
144.21 22.506 0 0 127.835197569909 14.7196002197964 "LDA" 22 200 2.41919191919192
150.466 22.868 0 0 132.841649145694 15.0262558331863 "LDA" 22 200 2.45454545454545
159.878 23.337 0 0 147.18053956698 15.2081793690014 "LDA" 22 200 2.48989898989899
167.662 23.627 0 0 153.642056864771 15.4610774500329 "LDA" 22 200 2.52525252525253
174.711 24.052 0 0 162.605196500385 15.7584143752988 "LDA" 22 200 2.56060606060606
183.088 24.5 0 0 170.0478948489 15.9451010108511 "LDA" 22 200 2.5959595959596
191.165 24.857 0 0 179.210804047321 16.0985625046063 "LDA" 22 200 2.63131313131313
197.15 25.267 0 0 182.928998571901 16.1833127205344 "LDA" 22 200 2.66666666666667
204.737 25.572 0 0 191.567256713784 16.4851015943055 "LDA" 22 200 2.7020202020202
213.795 25.992 0 0 200.868781153872 16.598718428043 "LDA" 22 200 2.73737373737374
224.671 26.408 0 0 211.548731087248 16.7855679466407 "LDA" 22 200 2.77272727272727
233.712 26.874 0 0 220.191574283362 17.1672023590577 "LDA" 22 200 2.80808080808081
241.611 27.274 0 0 228.234600163323 17.3901506992131 "LDA" 22 200 2.84343434343434
252.042 27.647 0 0 243.721448338837 17.5854382555181 "LDA" 22 200 2.87878787878788
260.07 28.06 0 0 249.562121229069 17.629384424738 "LDA" 22 200 2.91414141414141
271.476 28.347 0 0 265.827014100195 17.7168981336881 "LDA" 22 200 2.94949494949495
280.512 28.698 0 0 272.876707605383 17.7697090172731 "LDA" 22 200 2.98484848484848
290.624 29.001 0 0 283.446323741273 17.8000517089373 "LDA" 22 200 3.02020202020202
298.745 29.311 0 0 290.679198380915 17.8486092413905 "LDA" 22 200 3.05555555555556
309.688 29.785 0 0 301.861406882306 18.0711189565101 "LDA" 22 200 3.09090909090909
324.426 30.268 0 0 315.233793982924 18.244808824678 "LDA" 22 200 3.12626262626263
338.185 30.653 0 0 330.753743461527 18.3081342244036 "LDA" 22 200 3.16161616161616
346.606 31.101 0 0 347.096163203384 18.9081547835138 "LDA" 22 200 3.1969696969697
359.192 31.449 0 0 354.712827969791 19.1133649502049 "LDA" 22 200 3.23232323232323
368.066 31.761 0 0 360.50796334566 19.1789914414891 "LDA" 22 200 3.26767676767677
379.796 32 0 0 369.109555888558 19.1846305685059 "LDA" 22 200 3.3030303030303
394.056 32.338 0 0 376.391226278216 19.2389160789243 "LDA" 22 200 3.33838383838384
407.45 32.682 0 0 384.328002510243 19.4668907593338 "LDA" 22 200 3.37373737373737
427.467 32.967 0 0 412.403605276002 19.4988747654093 "LDA" 22 200 3.40909090909091
443.543 33.298 0 0 426.548594951214 19.6591881744817 "LDA" 22 200 3.44444444444444
459.944 33.832 0 0 436.736886433894 20.0783195241762 "LDA" 22 200 3.47979797979798
482.856 34.269 0 0 459.29395837982 20.1922848476186 "LDA" 22 200 3.51515151515152
496.122 34.712 0 0 477.795353174888 20.5769401628733 "LDA" 22 200 3.55050505050505
517.534 35.137 0 0 495.235351016965 20.780280341012 "LDA" 22 200 3.58585858585859
538.775 35.445 0 0 513.818109280341 20.9099545958666 "LDA" 22 200 3.62121212121212
557.036 35.744 0 0 529.722040455317 21.0015601689382 "LDA" 22 200 3.65656565656566
567.598 36.001 0 0 534.448041539217 20.9714759090008 "LDA" 22 200 3.69191919191919
586.628 36.437 0 0 560.357612842255 21.1028282550079 "LDA" 22 200 3.72727272727273
604.515 36.951 0 0 576.18409374512 21.4128725328974 "LDA" 22 200 3.76262626262626
624.281 37.183 0 0 588.895868879536 21.414903901468 "LDA" 22 200 3.7979797979798
654.983 37.596 0 0 624.271661873914 21.4952746163158 "LDA" 22 200 3.83333333333333
670.178 38.182 0 0 640.798933823699 21.8365682219462 "LDA" 22 200 3.86868686868687
695.539 38.763 0 0 657.834596867507 22.3089784956981 "LDA" 22 200 3.9040404040404
721.531 39.12 0 0 709.403508856122 22.3928792485701 "LDA" 22 200 3.93939393939394
748.46 39.415 0 0 733.335114930951 22.4426479597985 "LDA" 22 200 3.97474747474747
768.148 39.702 0 0 740.308260399961 22.5628960969172 "LDA" 22 200 4.01010101010101
789.299 40.054 0 0 762.789517131985 22.5521547459147 "LDA" 22 200 4.04545454545454
812.385 40.471 0 0 781.230027027975 22.8418674785997 "LDA" 22 200 4.08080808080808
835.078 40.795 0 0 818.171954581226 22.9371115462712 "LDA" 22 200 4.11616161616162
871.15 41.166 0 0 837.309584825613 22.9860131558476 "LDA" 22 200 4.15151515151515
906.472 41.502 0 0 872.506198420551 23.0012402503224 "LDA" 22 200 4.18686868686869
933.397 41.884 0 0 905.442754663691 23.1202744596835 "LDA" 22 200 4.22222222222222
977.622 42.216 0 0 959.024893244102 23.2595862463706 "LDA" 22 200 4.25757575757576
1018.412 42.507 0 0 1006.69134381781 23.3011779937388 "LDA" 22 200 4.29292929292929
1061.686 42.801 0 0 1049.3227337686 23.2635464104593 "LDA" 22 200 4.32828282828283
1085.69 43.239 0 0 1059.40141082087 23.6020960496719 "LDA" 22 200 4.36363636363636
1123.2 43.698 0 0 1116.50545741453 24.3254706948195 "LDA" 22 200 4.3989898989899
1157.818 44.097 0 0 1155.83206939791 24.4392075539668 "LDA" 22 200 4.43434343434343
1202.815 44.669 0 0 1199.3578323357 24.7267638774639 "LDA" 22 200 4.46969696969697
1239.178 45.012 0 0 1226.06418008589 24.7520204936591 "LDA" 22 200 4.50505050505051
1264.74174174174 45.354 1 0 1227.5095922099 24.7655408989187 "LDA" 22 200 4.54040404040404
1298.91983967936 45.655 2 0 1236.68225855028 24.7455514652092 "LDA" 22 200 4.57575757575758
1359.48997995992 46.015 2 0 1301.28204717451 24.7324578129524 "LDA" 22 200 4.61111111111111
1427.36873747495 46.571 2 0 1414.67911531291 25.220528028454 "LDA" 22 200 4.64646464646465
1482.28056112224 46.866 2 0 1481.0211519084 25.2660724771069 "LDA" 22 200 4.68181818181818
1531.78857715431 47.299 2 0 1541.45024862847 25.3075892386666 "LDA" 22 200 4.71717171717172
1557.64028056112 47.571 2 0 1561.42882507916 25.4652201332805 "LDA" 22 200 4.75252525252525
1607.32164328657 47.871 2 0 1594.99967449445 25.5108832493931 "LDA" 22 200 4.78787878787879
1651.41583166333 48.246 2 0 1634.24771476343 25.5806538980897 "LDA" 22 200 4.82323232323232
1704.79559118236 48.646 2 0 1663.08569122269 25.7201518310101 "LDA" 22 200 4.85858585858586
1773.52557673019 49.067 3 0 1716.57333564997 25.9960825377076 "LDA" 22 200 4.89393939393939
1821.67803410231 49.431 3 0 1737.79659502245 26.2541524243217 "LDA" 22 200 4.92929292929293
1862.5983935743 49.734 4 0 1751.61864076367 26.2466022206328 "LDA" 22 200 4.96464646464646
1920.98090452261 50.138 5 0 1798.04743824468 26.3397938629128 "LDA" 22 200 5
20.333 13.985 0 0 11.7004705893401 6.79963307907199 "uLSIF" 22 200 1.5
20.788 14.307 0 0 11.8990185579586 6.90771072552025 "uLSIF" 22 200 1.53535353535354
21.408 14.682 0 0 12.3423607899733 7.02326150746234 "uLSIF" 22 200 1.57070707070707
21.936 14.987 0 0 12.9246644424894 7.10966795134473 "uLSIF" 22 200 1.60606060606061
22.539 15.31 0 0 13.1649456814221 7.1024182039883 "uLSIF" 22 200 1.64141414141414
23.279 15.586 0 0 13.3740803431498 7.11626624327992 "uLSIF" 22 200 1.67676767676768
23.897 15.991 0 0 13.7684407599757 7.26813213588916 "uLSIF" 22 200 1.71212121212121
24.448 16.351 0 0 14.2128569014573 7.48236491924744 "uLSIF" 22 200 1.74747474747475
24.798 16.691 0 0 14.2440896546634 7.60824581650753 "uLSIF" 22 200 1.78282828282828
25.315 16.969 0 0 14.6145598756979 7.64254194934169 "uLSIF" 22 200 1.81818181818182
25.994 17.31 0 0 14.966360812033 7.6823771658855 "uLSIF" 22 200 1.85353535353535
26.524 17.685 0 0 15.1201866405162 7.86012446189986 "uLSIF" 22 200 1.88888888888889
27.12 18.041 0 0 15.4661178322422 7.95868454329355 "uLSIF" 22 200 1.92424242424242
27.698 18.398 0 0 15.849479549878 8.01547527248658 "uLSIF" 22 200 1.95959595959596
28.204 18.667 0 0 15.946807977921 8.07448501814873 "uLSIF" 22 200 1.99494949494949
28.807 19.025 0 0 16.258292748105 8.21546522534597 "uLSIF" 22 200 2.03030303030303
29.372 19.276 0 0 16.5139433911566 8.24328670954588 "uLSIF" 22 200 2.06565656565657
29.847 19.599 0 0 16.6942591716221 8.26973926962559 "uLSIF" 22 200 2.1010101010101
30.446 19.96 0 0 16.8879924291873 8.39946134885749 "uLSIF" 22 200 2.13636363636364
31.12 20.277 0 0 17.2617950853777 8.43513025521375 "uLSIF" 22 200 2.17171717171717
31.696 20.611 0 0 17.670082507329 8.48927245096697 "uLSIF" 22 200 2.20707070707071
32.239 20.895 0 0 17.8060364464957 8.51601417903337 "uLSIF" 22 200 2.24242424242424
32.883 21.277 0 0 18.0448032941877 8.65628108382591 "uLSIF" 22 200 2.27777777777778
33.66 21.696 0 0 18.599740599007 8.80710787654773 "uLSIF" 22 200 2.31313131313131
34.205 22.037 0 0 18.7726766442185 8.87312590710643 "uLSIF" 22 200 2.34848484848485
34.956 22.304 0 0 19.4178556261271 8.88957865191644 "uLSIF" 22 200 2.38383838383838
35.837 22.69 0 0 19.9634909765795 8.95992076863296 "uLSIF" 22 200 2.41919191919192
36.494 23.074 0 0 20.223128811807 9.02684928466229 "uLSIF" 22 200 2.45454545454545
37.019 23.407 0 0 20.4878107515027 9.21293814313486 "uLSIF" 22 200 2.48989898989899
37.561 23.712 0 0 20.6259474620854 9.25920022403603 "uLSIF" 22 200 2.52525252525253
38.143 24.037 0 0 20.8281146857165 9.29193042219812 "uLSIF" 22 200 2.56060606060606
38.741 24.418 0 0 20.9945871998401 9.40817675162355 "uLSIF" 22 200 2.5959595959596
39.225 24.883 0 0 21.0556337998816 9.61206027356793 "uLSIF" 22 200 2.63131313131313
39.771 25.181 0 0 21.1985834182131 9.63436869027027 "uLSIF" 22 200 2.66666666666667
40.293 25.52 0 0 21.4979373966972 9.74785210293122 "uLSIF" 22 200 2.7020202020202
40.93 25.93 0 0 21.683294612795 9.86064563465965 "uLSIF" 22 200 2.73737373737374
41.533 26.27 0 0 21.7144290145384 10.0077597520751 "uLSIF" 22 200 2.77272727272727
42.261 26.59 0 0 22.0503763708944 10.0993017528885 "uLSIF" 22 200 2.80808080808081
42.76 26.884 0 0 22.2095849953498 10.1181480974001 "uLSIF" 22 200 2.84343434343434
43.472 27.154 0 0 22.4510861044019 10.1491521463268 "uLSIF" 22 200 2.87878787878788
44.066 27.517 0 0 22.8546708569601 10.2650417477028 "uLSIF" 22 200 2.91414141414141
44.512 27.856 0 0 22.8871071932579 10.3164768062403 "uLSIF" 22 200 2.94949494949495
45.101 28.168 0 0 23.186427267033 10.4245118085427 "uLSIF" 22 200 2.98484848484848
45.744 28.465 0 0 23.3055704417123 10.476092951264 "uLSIF" 22 200 3.02020202020202
46.24 28.766 0 0 23.469239553194 10.5818343976467 "uLSIF" 22 200 3.05555555555556
46.85 29.13 0 0 23.6917031214895 10.6704713559879 "uLSIF" 22 200 3.09090909090909
47.291 29.503 0 0 23.7137230240142 10.7611241416867 "uLSIF" 22 200 3.12626262626263
47.875 29.814 0 0 23.9267185978952 10.8188933099672 "uLSIF" 22 200 3.16161616161616
48.486 30.071 0 0 23.899644285993 10.8512537851028 "uLSIF" 22 200 3.1969696969697
49.029 30.442 0 0 23.882934358105 10.961057466357 "uLSIF" 22 200 3.23232323232323
49.633 30.732 0 0 24.0806184967743 10.9990524662425 "uLSIF" 22 200 3.26767676767677
50.294 31.007 0 0 24.3674647293751 11.0654143345107 "uLSIF" 22 200 3.3030303030303
50.828 31.338 0 0 24.4048358325151 11.1437848121695 "uLSIF" 22 200 3.33838383838384
51.462 31.683 0 0 24.6087819314193 11.1606034814462 "uLSIF" 22 200 3.37373737373737
52.128 32.048 0 0 24.8209124266956 11.3172335743226 "uLSIF" 22 200 3.40909090909091
52.587 32.434 0 0 24.8314121634278 11.6163929248534 "uLSIF" 22 200 3.44444444444444
53.169 32.817 0 0 24.9960645350872 11.7681774715119 "uLSIF" 22 200 3.47979797979798
53.782 33.171 0 0 24.9854106779686 11.7909620381793 "uLSIF" 22 200 3.51515151515152
54.308 33.528 0 0 25.0281750342598 11.9854439578543 "uLSIF" 22 200 3.55050505050505
54.912 33.869 0 0 25.2977515252291 12.0555869279009 "uLSIF" 22 200 3.58585858585859
55.74 34.142 0 0 25.6769099329281 12.069362265899 "uLSIF" 22 200 3.62121212121212
56.352 34.457 0 0 25.8553010539926 12.281408061944 "uLSIF" 22 200 3.65656565656566
56.997 34.769 0 0 26.0526338540028 12.3381468976856 "uLSIF" 22 200 3.69191919191919
57.473 35.092 0 0 26.2580417349763 12.4186053064649 "uLSIF" 22 200 3.72727272727273
58.084 35.488 0 0 26.3182749357855 12.6238352816098 "uLSIF" 22 200 3.76262626262626
58.719 35.801 0 0 26.4847405212979 12.6210415453595 "uLSIF" 22 200 3.7979797979798
59.334 36.162 0 0 26.7211613606981 12.6848990008854 "uLSIF" 22 200 3.83333333333333
60.033 36.503 0 0 27.1242259730049 12.7017843756823 "uLSIF" 22 200 3.86868686868687
60.611 36.778 0 0 27.2924267069741 12.6734104064901 "uLSIF" 22 200 3.9040404040404
61.266 37.131 0 0 27.3173109855176 12.7073725182005 "uLSIF" 22 200 3.93939393939394
61.775 37.464 0 0 27.2767739550959 12.7930593044184 "uLSIF" 22 200 3.97474747474747
62.268 37.747 0 0 27.3357168813517 12.8350196232312 "uLSIF" 22 200 4.01010101010101
62.833 38.076 0 0 27.5967151974595 12.9154571360457 "uLSIF" 22 200 4.04545454545454
63.519 38.527 0 0 27.6468440692059 12.9683248127292 "uLSIF" 22 200 4.08080808080808
64.126 38.821 0 0 27.7754495841129 12.9838954301296 "uLSIF" 22 200 4.11616161616162
64.607 39.143 0 0 27.733837035591 12.9747792233971 "uLSIF" 22 200 4.15151515151515
65.142 39.522 0 0 27.7909368710767 13.1763094655192 "uLSIF" 22 200 4.18686868686869
65.723 39.813 0 0 27.8737729455167 13.1966731861929 "uLSIF" 22 200 4.22222222222222
66.356 40.144 0 0 28.0300365134787 13.2444206622517 "uLSIF" 22 200 4.25757575757576
67.058 40.485 0 0 28.1615288595578 13.3253645481218 "uLSIF" 22 200 4.29292929292929
67.709 40.898 0 0 28.2841707199153 13.543597196647 "uLSIF" 22 200 4.32828282828283
68.118 41.186 0 0 28.3685891939105 13.5721629671769 "uLSIF" 22 200 4.36363636363636
68.779 41.471 0 0 28.5686598797936 13.5880754632433 "uLSIF" 22 200 4.3989898989899
69.265 41.764 0 0 28.7726717849011 13.6505179623574 "uLSIF" 22 200 4.43434343434343
69.705 42.047 0 0 28.8735806345292 13.6835679203573 "uLSIF" 22 200 4.46969696969697
70.331 42.315 0 0 29.0311944165108 13.6882849233987 "uLSIF" 22 200 4.50505050505051
70.952 42.628 0 0 29.2801130636653 13.714434064215 "uLSIF" 22 200 4.54040404040404
71.529 42.93 0 0 29.3244792636474 13.7241922696184 "uLSIF" 22 200 4.57575757575758
72.063 43.249 0 0 29.4308886751353 13.7421193723838 "uLSIF" 22 200 4.61111111111111
72.664 43.545 0 0 29.4706569934167 13.7612261934156 "uLSIF" 22 200 4.64646464646465
73.229 43.936 0 0 29.5690867273558 13.9047202505209 "uLSIF" 22 200 4.68181818181818
73.814 44.225 0 0 29.8696099338039 13.9917169476495 "uLSIF" 22 200 4.71717171717172
74.434 44.622 0 0 30.1635456053078 13.9985383192344 "uLSIF" 22 200 4.75252525252525
74.987 44.951 0 0 30.2234062488874 14.065647565663 "uLSIF" 22 200 4.78787878787879
75.611 45.272 0 0 30.4596367093974 14.0855393371507 "uLSIF" 22 200 4.82323232323232
76.173 45.614 0 0 30.5560262753805 14.2278401535664 "uLSIF" 22 200 4.85858585858586
76.85 45.959 0 0 30.7546313154189 14.3584638622829 "uLSIF" 22 200 4.89393939393939
77.366 46.264 0 0 30.8058280694261 14.3475487856343 "uLSIF" 22 200 4.92929292929293
77.857 46.526 0 0 30.9471853207893 14.4178083354301 "uLSIF" 22 200 4.96464646464646
78.361 46.89 0 0 31.0125532237747 14.4463350576053 "uLSIF" 22 200 5
