145.575 15.06 0 0 "KDE LDA" 31 1500 2.5
147.47 15.11 0 0 "KDE LDA" 31 1500 2.51010101010101
148.21 15.14 0 0 "KDE LDA" 31 1500 2.52020202020202
151.69 15.18 0 0 "KDE LDA" 31 1500 2.53030303030303
151.72 15.305 0 0 "KDE LDA" 31 1500 2.54040404040404
152.11 15.34 0 0 "KDE LDA" 31 1500 2.55050505050505
153.345 15.34 0 0 "KDE LDA" 31 1500 2.56060606060606
153.38 15.365 0 0 "KDE LDA" 31 1500 2.57070707070707
153.38 15.41 0 0 "KDE LDA" 31 1500 2.58080808080808
153.565 15.41 0 0 "KDE LDA" 31 1500 2.59090909090909
155.96 15.425 0 0 "KDE LDA" 31 1500 2.6010101010101
156 15.45 0 0 "KDE LDA" 31 1500 2.61111111111111
158.23 15.65 0 0 "KDE LDA" 31 1500 2.62121212121212
160.715 15.67 0 0 "KDE LDA" 31 1500 2.63131313131313
161.895 15.7 0 0 "KDE LDA" 31 1500 2.64141414141414
164.315 15.77 0 0 "KDE LDA" 31 1500 2.65151515151515
173.41 16.29 0 0 "KDE LDA" 31 1500 2.66161616161616
183.45 16.355 0 0 "KDE LDA" 31 1500 2.67171717171717
185.85 16.385 0 0 "KDE LDA" 31 1500 2.68181818181818
185.88 16.445 0 0 "KDE LDA" 31 1500 2.69191919191919
186.195 16.45 0 0 "KDE LDA" 31 1500 2.7020202020202
187.94 16.46 0 0 "KDE LDA" 31 1500 2.71212121212121
190.73 16.52 0 0 "KDE LDA" 31 1500 2.72222222222222
190.735 16.52 0 0 "KDE LDA" 31 1500 2.73232323232323
190.975 16.56 0 0 "KDE LDA" 31 1500 2.74242424242424
194.545 16.685 0 0 "KDE LDA" 31 1500 2.75252525252525
197.32 16.81 0 0 "KDE LDA" 31 1500 2.76262626262626
198.7 16.885 0 0 "KDE LDA" 31 1500 2.77272727272727
203.71 17.2 0 0 "KDE LDA" 31 1500 2.78282828282828
206.26 17.305 0 0 "KDE LDA" 31 1500 2.79292929292929
246.78 18.165 0 0 "KDE LDA" 31 1500 2.8030303030303
246.785 18.215 0 0 "KDE LDA" 31 1500 2.81313131313131
247.8 18.25 0 0 "KDE LDA" 31 1500 2.82323232323232
251.025 18.265 0 0 "KDE LDA" 31 1500 2.83333333333333
251.465 18.275 0 0 "KDE LDA" 31 1500 2.84343434343434
253.615 18.295 0 0 "KDE LDA" 31 1500 2.85353535353535
253.75 18.295 0 0 "KDE LDA" 31 1500 2.86363636363636
260.93 18.31 0 0 "KDE LDA" 31 1500 2.87373737373737
260.935 18.32 0 0 "KDE LDA" 31 1500 2.88383838383838
263.41 18.33 0 0 "KDE LDA" 31 1500 2.89393939393939
263.99 18.365 0 0 "KDE LDA" 31 1500 2.9040404040404
265.985 18.4 0 0 "KDE LDA" 31 1500 2.91414141414141
268.62 18.415 0 0 "KDE LDA" 31 1500 2.92424242424242
272.53 18.425 0 0 "KDE LDA" 31 1500 2.93434343434343
277.16 18.475 0 0 "KDE LDA" 31 1500 2.94444444444444
282.405 18.535 0 0 "KDE LDA" 31 1500 2.95454545454545
290.465 18.735 0 0 "KDE LDA" 31 1500 2.96464646464646
291.685 18.785 0 0 "KDE LDA" 31 1500 2.97474747474747
294.9 18.8 0 0 "KDE LDA" 31 1500 2.98484848484848
294.91 18.855 0 0 "KDE LDA" 31 1500 2.99494949494949
294.915 18.87 0 0 "KDE LDA" 31 1500 3.00505050505051
296.94 18.89 0 0 "KDE LDA" 31 1500 3.01515151515152
297.365 18.91 0 0 "KDE LDA" 31 1500 3.02525252525253
298.785 18.955 0 0 "KDE LDA" 31 1500 3.03535353535354
298.79 18.955 0 0 "KDE LDA" 31 1500 3.04545454545455
302.46 19.045 0 0 "KDE LDA" 31 1500 3.05555555555556
306.3 19.1 0 0 "KDE LDA" 31 1500 3.06565656565657
313.8 19.16 0 0 "KDE LDA" 31 1500 3.07575757575758
318.28 19.585 0 0 "KDE LDA" 31 1500 3.08585858585859
341.445 19.835 0 0 "KDE LDA" 31 1500 3.0959595959596
341.45 20.085 0 0 "KDE LDA" 31 1500 3.10606060606061
350.765 20.1 0 0 "KDE LDA" 31 1500 3.11616161616162
353.595 20.105 0 0 "KDE LDA" 31 1500 3.12626262626263
353.6 20.115 0 0 "KDE LDA" 31 1500 3.13636363636364
353.8 20.125 0 0 "KDE LDA" 31 1500 3.14646464646465
357.515 20.14 0 0 "KDE LDA" 31 1500 3.15656565656566
357.575 20.19 0 0 "KDE LDA" 31 1500 3.16666666666667
357.59 20.27 0 0 "KDE LDA" 31 1500 3.17676767676768
358.23 20.315 0 0 "KDE LDA" 31 1500 3.18686868686869
358.28 20.415 0 0 "KDE LDA" 31 1500 3.1969696969697
363.805 20.535 0 0 "KDE LDA" 31 1500 3.20707070707071
365.745 20.595 0 0 "KDE LDA" 31 1500 3.21717171717172
392.97 20.97 0 0 "KDE LDA" 31 1500 3.22727272727273
394.05 21.105 0 0 "KDE LDA" 31 1500 3.23737373737374
395.015 21.16 0 0 "KDE LDA" 31 1500 3.24747474747475
395.035 21.165 0 0 "KDE LDA" 31 1500 3.25757575757576
396.73 21.23 0 0 "KDE LDA" 31 1500 3.26767676767677
399.7 21.305 0 0 "KDE LDA" 31 1500 3.27777777777778
403.905 21.32 0 0 "KDE LDA" 31 1500 3.28787878787879
406.345 21.32 0 0 "KDE LDA" 31 1500 3.2979797979798
408.41 21.38 0 0 "KDE LDA" 31 1500 3.30808080808081
410.865 21.42 0 0 "KDE LDA" 31 1500 3.31818181818182
410.905 21.585 0 0 "KDE LDA" 31 1500 3.32828282828283
411.725 21.69 0 0 "KDE LDA" 31 1500 3.33838383838384
415.91 21.74 0 0 "KDE LDA" 31 1500 3.34848484848485
486.495 22.195 0 0 "KDE LDA" 31 1500 3.35858585858586
496.07 22.325 0 0 "KDE LDA" 31 1500 3.36868686868687
497.715 22.41 0 0 "KDE LDA" 31 1500 3.37878787878788
502.575 22.435 0 0 "KDE LDA" 31 1500 3.38888888888889
505.25 22.47 0 0 "KDE LDA" 31 1500 3.3989898989899
505.255 22.49 0 0 "KDE LDA" 31 1500 3.40909090909091
506.105 22.505 0 0 "KDE LDA" 31 1500 3.41919191919192
507.34 22.56 0 0 "KDE LDA" 31 1500 3.42929292929293
510.265 22.605 0 0 "KDE LDA" 31 1500 3.43939393939394
517.55 22.655 0 0 "KDE LDA" 31 1500 3.44949494949495
528.28 22.735 0 0 "KDE LDA" 31 1500 3.45959595959596
531.015 22.765 0 0 "KDE LDA" 31 1500 3.46969696969697
531.445 22.805 0 0 "KDE LDA" 31 1500 3.47979797979798
534.435 22.855 0 0 "KDE LDA" 31 1500 3.48989898989899
546.03 22.92 0 0 "KDE LDA" 31 1500 3.5
117.04 13.315 0 0 "KDE QDA" 31 1500 2.8
117.045 13.315 0 0 "KDE QDA" 31 1500 2.81010101010101
117.045 13.315 0 0 "KDE QDA" 31 1500 2.82020202020202
123.015 13.455 0 0 "KDE QDA" 31 1500 2.83030303030303
123.025 13.455 0 0 "KDE QDA" 31 1500 2.84040404040404
123.03 13.455 0 0 "KDE QDA" 31 1500 2.85050505050505
123.035 13.53 0 0 "KDE QDA" 31 1500 2.86060606060606
123.135 13.535 0 0 "KDE QDA" 31 1500 2.87070707070707
124.025 13.54 0 0 "KDE QDA" 31 1500 2.88080808080808
124.635 13.545 0 0 "KDE QDA" 31 1500 2.89090909090909
124.635 13.545 0 0 "KDE QDA" 31 1500 2.9010101010101
126.385 13.545 0 0 "KDE QDA" 31 1500 2.91111111111111
127.205 13.545 0 0 "KDE QDA" 31 1500 2.92121212121212
127.215 13.55 0 0 "KDE QDA" 31 1500 2.93131313131313
127.215 13.585 0 0 "KDE QDA" 31 1500 2.94141414141414
127.215 13.59 0 0 "KDE QDA" 31 1500 2.95151515151515
129.845 13.725 0 0 "KDE QDA" 31 1500 2.96161616161616
130.305 13.79 0 0 "KDE QDA" 31 1500 2.97171717171717
130.555 13.79 0 0 "KDE QDA" 31 1500 2.98181818181818
131.25 13.79 0 0 "KDE QDA" 31 1500 2.99191919191919
131.405 13.79 0 0 "KDE QDA" 31 1500 3.0020202020202
131.435 13.79 0 0 "KDE QDA" 31 1500 3.01212121212121
131.45 13.8 0 0 "KDE QDA" 31 1500 3.02222222222222
132.555 13.815 0 0 "KDE QDA" 31 1500 3.03232323232323
132.56 13.815 0 0 "KDE QDA" 31 1500 3.04242424242424
132.565 13.82 0 0 "KDE QDA" 31 1500 3.05252525252525
133 13.825 0 0 "KDE QDA" 31 1500 3.06262626262626
133.005 13.825 0 0 "KDE QDA" 31 1500 3.07272727272727
133.015 13.84 0 0 "KDE QDA" 31 1500 3.08282828282828
137.845 14.055 0 0 "KDE QDA" 31 1500 3.09292929292929
138.265 14.09 0 0 "KDE QDA" 31 1500 3.1030303030303
138.27 14.1 0 0 "KDE QDA" 31 1500 3.11313131313131
141.23 14.12 0 0 "KDE QDA" 31 1500 3.12323232323232
141.23 14.15 0 0 "KDE QDA" 31 1500 3.13333333333333
141.435 14.175 0 0 "KDE QDA" 31 1500 3.14343434343434
141.44 14.18 0 0 "KDE QDA" 31 1500 3.15353535353535
141.635 14.23 0 0 "KDE QDA" 31 1500 3.16363636363636
142.54 14.23 0 0 "KDE QDA" 31 1500 3.17373737373737
143.195 14.23 0 0 "KDE QDA" 31 1500 3.18383838383838
144.475 14.23 0 0 "KDE QDA" 31 1500 3.19393939393939
144.48 14.23 0 0 "KDE QDA" 31 1500 3.2040404040404
144.635 14.235 0 0 "KDE QDA" 31 1500 3.21414141414141
159 14.505 0 0 "KDE QDA" 31 1500 3.22424242424242
160.055 14.59 0 0 "KDE QDA" 31 1500 3.23434343434343
160.23 14.615 0 0 "KDE QDA" 31 1500 3.24444444444444
165.765 14.72 0 0 "KDE QDA" 31 1500 3.25454545454545
166.475 14.97 0 0 "KDE QDA" 31 1500 3.26464646464646
166.485 14.975 0 0 "KDE QDA" 31 1500 3.27474747474747
166.695 15.02 0 0 "KDE QDA" 31 1500 3.28484848484848
167.75 15.025 0 0 "KDE QDA" 31 1500 3.29494949494949
167.795 15.025 0 0 "KDE QDA" 31 1500 3.30505050505051
167.81 15.035 0 0 "KDE QDA" 31 1500 3.31515151515151
169.42 15.04 0 0 "KDE QDA" 31 1500 3.32525252525252
169.42 15.045 0 0 "KDE QDA" 31 1500 3.33535353535354
169.48 15.05 0 0 "KDE QDA" 31 1500 3.34545454545455
172.005 15.05 0 0 "KDE QDA" 31 1500 3.35555555555556
189.005 15.645 0 0 "KDE QDA" 31 1500 3.36565656565657
189.01 15.65 0 0 "KDE QDA" 31 1500 3.37575757575758
193.25 15.74 0 0 "KDE QDA" 31 1500 3.38585858585859
195.285 15.82 0 0 "KDE QDA" 31 1500 3.3959595959596
196.355 15.935 0 0 "KDE QDA" 31 1500 3.40606060606061
196.925 15.945 0 0 "KDE QDA" 31 1500 3.41616161616162
197.155 15.955 0 0 "KDE QDA" 31 1500 3.42626262626263
197.415 15.96 0 0 "KDE QDA" 31 1500 3.43636363636364
197.42 16.065 0 0 "KDE QDA" 31 1500 3.44646464646465
199.35 16.07 0 0 "KDE QDA" 31 1500 3.45656565656566
199.4 16.07 0 0 "KDE QDA" 31 1500 3.46666666666667
200.26 16.07 0 0 "KDE QDA" 31 1500 3.47676767676768
201.615 16.07 0 0 "KDE QDA" 31 1500 3.48686868686869
202.1 16.075 0 0 "KDE QDA" 31 1500 3.4969696969697
204.35 16.095 0 0 "KDE QDA" 31 1500 3.50707070707071
211.185 16.28 0 0 "KDE QDA" 31 1500 3.51717171717172
216.145 16.31 0 0 "KDE QDA" 31 1500 3.52727272727273
220.36 16.32 0 0 "KDE QDA" 31 1500 3.53737373737374
221.895 16.325 0 0 "KDE QDA" 31 1500 3.54747474747475
222.67 16.325 0 0 "KDE QDA" 31 1500 3.55757575757576
222.68 16.325 0 0 "KDE QDA" 31 1500 3.56767676767677
222.69 16.35 0 0 "KDE QDA" 31 1500 3.57777777777778
222.7 16.355 0 0 "KDE QDA" 31 1500 3.58787878787879
223.295 16.355 0 0 "KDE QDA" 31 1500 3.5979797979798
223.3 16.355 0 0 "KDE QDA" 31 1500 3.60808080808081
223.44 16.37 0 0 "KDE QDA" 31 1500 3.61818181818182
223.44 16.395 0 0 "KDE QDA" 31 1500 3.62828282828283
224 16.4 0 0 "KDE QDA" 31 1500 3.63838383838384
227.235 16.4 0 0 "KDE QDA" 31 1500 3.64848484848485
234.61 16.585 0 0 "KDE QDA" 31 1500 3.65858585858586
234.625 16.64 0 0 "KDE QDA" 31 1500 3.66868686868687
238.37 16.66 0 0 "KDE QDA" 31 1500 3.67878787878788
238.415 16.665 0 0 "KDE QDA" 31 1500 3.68888888888889
238.425 16.68 0 0 "KDE QDA" 31 1500 3.6989898989899
239.84 16.685 0 0 "KDE QDA" 31 1500 3.70909090909091
240.28 16.775 0 0 "KDE QDA" 31 1500 3.71919191919192
240.305 16.775 0 0 "KDE QDA" 31 1500 3.72929292929293
241.915 16.775 0 0 "KDE QDA" 31 1500 3.73939393939394
242.265 16.775 0 0 "KDE QDA" 31 1500 3.74949494949495
243.64 16.775 0 0 "KDE QDA" 31 1500 3.75959595959596
245.71 16.8 0 0 "KDE QDA" 31 1500 3.76969696969697
246.835 16.8 0 0 "KDE QDA" 31 1500 3.77979797979798
258.11 17.185 0 0 "KDE QDA" 31 1500 3.78989898989899
259.115 17.205 0 0 "KDE QDA" 31 1500 3.8
