126.59 13.58 0 0 "KDE LDA" 127 5000 2.5
127.16 13.61 0 0 "KDE LDA" 127 5000 2.51010101010101
128.965 13.72 0 0 "KDE LDA" 127 5000 2.52020202020202
130.16 13.8 0 0 "KDE LDA" 127 5000 2.53030303030303
132.83 13.86 0 0 "KDE LDA" 127 5000 2.54040404040404
135.745 13.965 0 0 "KDE LDA" 127 5000 2.55050505050505
135.785 14.025 0 0 "KDE LDA" 127 5000 2.56060606060606
136.7 14.03 0 0 "KDE LDA" 127 5000 2.57070707070707
139.555 14.13 0 0 "KDE LDA" 127 5000 2.58080808080808
141.535 14.165 0 0 "KDE LDA" 127 5000 2.59090909090909
143.09 14.165 0 0 "KDE LDA" 127 5000 2.6010101010101
143.095 14.165 0 0 "KDE LDA" 127 5000 2.61111111111111
143.775 14.18 0 0 "KDE LDA" 127 5000 2.62121212121212
145.415 14.275 0 0 "KDE LDA" 127 5000 2.63131313131313
153.43 14.375 0 0 "KDE LDA" 127 5000 2.64141414141414
156.175 14.405 0 0 "KDE LDA" 127 5000 2.65151515151515
158.36 14.63 0 0 "KDE LDA" 127 5000 2.66161616161616
169.27 14.8 0 0 "KDE LDA" 127 5000 2.67171717171717
172.525 14.86 0 0 "KDE LDA" 127 5000 2.68181818181818
173.745 14.9 0 0 "KDE LDA" 127 5000 2.69191919191919
173.755 14.975 0 0 "KDE LDA" 127 5000 2.7020202020202
175.03 15.02 0 0 "KDE LDA" 127 5000 2.71212121212121
176.875 15.055 0 0 "KDE LDA" 127 5000 2.72222222222222
180.135 15.095 0 0 "KDE LDA" 127 5000 2.73232323232323
181.87 15.135 0 0 "KDE LDA" 127 5000 2.74242424242424
184.005 15.155 0 0 "KDE LDA" 127 5000 2.75252525252525
185.705 15.21 0 0 "KDE LDA" 127 5000 2.76262626262626
189.18 15.305 0 0 "KDE LDA" 127 5000 2.77272727272727
196.61 15.38 0 0 "KDE LDA" 127 5000 2.78282828282828
205.265 15.485 0 0 "KDE LDA" 127 5000 2.79292929292929
231.835 15.975 0 0 "KDE LDA" 127 5000 2.8030303030303
236.27 16.035 0 0 "KDE LDA" 127 5000 2.81313131313131
236.28 16.045 0 0 "KDE LDA" 127 5000 2.82323232323232
238.03 16.09 0 0 "KDE LDA" 127 5000 2.83333333333333
239.48 16.175 0 0 "KDE LDA" 127 5000 2.84343434343434
239.505 16.185 0 0 "KDE LDA" 127 5000 2.85353535353535
243.53 16.285 0 0 "KDE LDA" 127 5000 2.86363636363636
243.695 16.435 0 0 "KDE LDA" 127 5000 2.87373737373737
243.725 16.525 0 0 "KDE LDA" 127 5000 2.88383838383838
243.75 16.735 0 0 "KDE LDA" 127 5000 2.89393939393939
244.69 16.75 0 0 "KDE LDA" 127 5000 2.9040404040404
248.945 16.755 0 0 "KDE LDA" 127 5000 2.91414141414141
250.055 16.79 0 0 "KDE LDA" 127 5000 2.92424242424242
250.61 17.065 0 0 "KDE LDA" 127 5000 2.93434343434343
251.24 17.075 0 0 "KDE LDA" 127 5000 2.94444444444444
251.415 17.085 0 0 "KDE LDA" 127 5000 2.95454545454545
252.92 17.085 0 0 "KDE LDA" 127 5000 2.96464646464646
255.4 17.1 0 0 "KDE LDA" 127 5000 2.97474747474747
255.755 17.125 0 0 "KDE LDA" 127 5000 2.98484848484848
257 17.14 0 0 "KDE LDA" 127 5000 2.99494949494949
257 17.23 0 0 "KDE LDA" 127 5000 3.00505050505051
260.58 17.245 0 0 "KDE LDA" 127 5000 3.01515151515152
260.585 17.295 0 0 "KDE LDA" 127 5000 3.02525252525253
264.715 17.375 0 0 "KDE LDA" 127 5000 3.03535353535354
264.76 17.45 0 0 "KDE LDA" 127 5000 3.04545454545455
266.1 17.48 0 0 "KDE LDA" 127 5000 3.05555555555556
266.105 17.545 0 0 "KDE LDA" 127 5000 3.06565656565657
268.49 17.57 0 0 "KDE LDA" 127 5000 3.07575757575758
274.165 17.695 0 0 "KDE LDA" 127 5000 3.08585858585859
285.915 17.895 0 0 "KDE LDA" 127 5000 3.0959595959596
288.905 18.025 0 0 "KDE LDA" 127 5000 3.10606060606061
292.8 18.215 0 0 "KDE LDA" 127 5000 3.11616161616162
294.015 18.355 0 0 "KDE LDA" 127 5000 3.12626262626263
294.69 18.37 0 0 "KDE LDA" 127 5000 3.13636363636364
298.885 18.4 0 0 "KDE LDA" 127 5000 3.14646464646465
301.165 18.7 0 0 "KDE LDA" 127 5000 3.15656565656566
305.11 18.71 0 0 "KDE LDA" 127 5000 3.16666666666667
307.18 18.73 0 0 "KDE LDA" 127 5000 3.17676767676768
308.495 18.735 0 0 "KDE LDA" 127 5000 3.18686868686869
309.875 18.8 0 0 "KDE LDA" 127 5000 3.1969696969697
337.025 18.885 0 0 "KDE LDA" 127 5000 3.20707070707071
343.775 18.95 0 0 "KDE LDA" 127 5000 3.21717171717172
358.705 19.305 0 0 "KDE LDA" 127 5000 3.22727272727273
364.01 19.31 0 0 "KDE LDA" 127 5000 3.23737373737374
367.72 19.315 0 0 "KDE LDA" 127 5000 3.24747474747475
376.425 19.335 0 0 "KDE LDA" 127 5000 3.25757575757576
380.95 19.355 0 0 "KDE LDA" 127 5000 3.26767676767677
382.185 19.745 0 0 "KDE LDA" 127 5000 3.27777777777778
382.19 19.88 0 0 "KDE LDA" 127 5000 3.28787878787879
382.65 19.93 0 0 "KDE LDA" 127 5000 3.2979797979798
383.27 19.94 0 0 "KDE LDA" 127 5000 3.30808080808081
388.615 20.045 0 0 "KDE LDA" 127 5000 3.31818181818182
388.695 20.25 0 0 "KDE LDA" 127 5000 3.32828282828283
392.475 20.265 0 0 "KDE LDA" 127 5000 3.33838383838384
406.755 20.355 0 0 "KDE LDA" 127 5000 3.34848484848485
463.77 20.68 0 0 "KDE LDA" 127 5000 3.35858585858586
464.025 20.695 0 0 "KDE LDA" 127 5000 3.36868686868687
464.975 20.715 0 0 "KDE LDA" 127 5000 3.37878787878788
467.91 20.875 0 0 "KDE LDA" 127 5000 3.38888888888889
471.57 20.945 0 0 "KDE LDA" 127 5000 3.3989898989899
471.6 21.105 0 0 "KDE LDA" 127 5000 3.40909090909091
471.645 21.315 0 0 "KDE LDA" 127 5000 3.41919191919192
471.645 21.43 0 0 "KDE LDA" 127 5000 3.42929292929293
474.605 21.68 0 0 "KDE LDA" 127 5000 3.43939393939394
475.875 21.735 0 0 "KDE LDA" 127 5000 3.44949494949495
476.535 21.75 0 0 "KDE LDA" 127 5000 3.45959595959596
477.755 21.78 0 0 "KDE LDA" 127 5000 3.46969696969697
486.395 21.825 0 0 "KDE LDA" 127 5000 3.47979797979798
489.87 21.85 0 0 "KDE LDA" 127 5000 3.48989898989899
496.965 21.91 0 0 "KDE LDA" 127 5000 3.5
111.06 12.145 0 0 "KDE QDA" 127 5000 2.7
111.06 12.145 0 0 "KDE QDA" 127 5000 2.71010101010101
111.06 12.145 0 0 "KDE QDA" 127 5000 2.72020202020202
111.065 12.145 0 0 "KDE QDA" 127 5000 2.73030303030303
111.065 12.145 0 0 "KDE QDA" 127 5000 2.74040404040404
111.075 12.145 0 0 "KDE QDA" 127 5000 2.75050505050505
111.075 12.145 0 0 "KDE QDA" 127 5000 2.76060606060606
111.075 12.145 0 0 "KDE QDA" 127 5000 2.77070707070707
111.075 12.145 0 0 "KDE QDA" 127 5000 2.78080808080808
111.075 12.145 0 0 "KDE QDA" 127 5000 2.79090909090909
139.835 12.94 0 0 "KDE QDA" 127 5000 2.8010101010101
139.835 12.94 0 0 "KDE QDA" 127 5000 2.81111111111111
139.84 12.94 0 0 "KDE QDA" 127 5000 2.82121212121212
147.985 13.075 0 0 "KDE QDA" 127 5000 2.83131313131313
147.99 13.075 0 0 "KDE QDA" 127 5000 2.84141414141414
147.995 13.085 0 0 "KDE QDA" 127 5000 2.85151515151515
148 13.085 0 0 "KDE QDA" 127 5000 2.86161616161616
148 13.085 0 0 "KDE QDA" 127 5000 2.87171717171717
148 13.085 0 0 "KDE QDA" 127 5000 2.88181818181818
148 13.09 0 0 "KDE QDA" 127 5000 2.89191919191919
148.005 13.09 0 0 "KDE QDA" 127 5000 2.9020202020202
148.005 13.09 0 0 "KDE QDA" 127 5000 2.91212121212121
148.005 13.09 0 0 "KDE QDA" 127 5000 2.92222222222222
148.01 13.09 0 0 "KDE QDA" 127 5000 2.93232323232323
148.01 13.09 0 0 "KDE QDA" 127 5000 2.94242424242424
148.01 13.105 0 0 "KDE QDA" 127 5000 2.95252525252525
153.83 13.235 0 0 "KDE QDA" 127 5000 2.96262626262626
153.83 13.24 0 0 "KDE QDA" 127 5000 2.97272727272727
157.255 13.32 0 0 "KDE QDA" 127 5000 2.98282828282828
157.935 13.325 0 0 "KDE QDA" 127 5000 2.99292929292929
157.94 13.325 0 0 "KDE QDA" 127 5000 3.0030303030303
157.94 13.33 0 0 "KDE QDA" 127 5000 3.01313131313131
157.94 13.33 0 0 "KDE QDA" 127 5000 3.02323232323232
157.94 13.33 0 0 "KDE QDA" 127 5000 3.03333333333333
157.94 13.33 0 0 "KDE QDA" 127 5000 3.04343434343434
157.94 13.33 0 0 "KDE QDA" 127 5000 3.05353535353535
157.94 13.33 0 0 "KDE QDA" 127 5000 3.06363636363636
157.945 13.33 0 0 "KDE QDA" 127 5000 3.07373737373737
157.945 13.33 0 0 "KDE QDA" 127 5000 3.08383838383838
169.57 13.805 0 0 "KDE QDA" 127 5000 3.09393939393939
170.655 13.825 0 0 "KDE QDA" 127 5000 3.1040404040404
170.655 13.825 0 0 "KDE QDA" 127 5000 3.11414141414141
173.245 13.88 0 0 "KDE QDA" 127 5000 3.12424242424242
173.245 13.88 0 0 "KDE QDA" 127 5000 3.13434343434343
175.845 13.885 0 0 "KDE QDA" 127 5000 3.14444444444444
177.485 13.885 0 0 "KDE QDA" 127 5000 3.15454545454545
177.485 13.885 0 0 "KDE QDA" 127 5000 3.16464646464646
177.485 13.885 0 0 "KDE QDA" 127 5000 3.17474747474748
177.485 13.885 0 0 "KDE QDA" 127 5000 3.18484848484849
178.275 13.885 0 0 "KDE QDA" 127 5000 3.19494949494949
178.275 13.885 0 0 "KDE QDA" 127 5000 3.20505050505051
178.275 13.885 0 0 "KDE QDA" 127 5000 3.21515151515152
203.515 14.69 0 0 "KDE QDA" 127 5000 3.22525252525253
205.59 14.695 0 0 "KDE QDA" 127 5000 3.23535353535354
205.59 14.695 0 0 "KDE QDA" 127 5000 3.24545454545455
207.045 14.84 0 0 "KDE QDA" 127 5000 3.25555555555556
209.995 14.855 0 0 "KDE QDA" 127 5000 3.26565656565657
212.545 14.855 0 0 "KDE QDA" 127 5000 3.27575757575758
215.47 14.855 0 0 "KDE QDA" 127 5000 3.28585858585859
215.47 14.855 0 0 "KDE QDA" 127 5000 3.2959595959596
217.555 14.855 0 0 "KDE QDA" 127 5000 3.30606060606061
217.57 14.855 0 0 "KDE QDA" 127 5000 3.31616161616162
217.57 14.855 0 0 "KDE QDA" 127 5000 3.32626262626263
218.905 14.855 0 0 "KDE QDA" 127 5000 3.33636363636364
220.455 14.855 0 0 "KDE QDA" 127 5000 3.34646464646465
220.455 14.87 0 0 "KDE QDA" 127 5000 3.35656565656566
262.265 15.61 0 0 "KDE QDA" 127 5000 3.36666666666667
262.265 15.61 0 0 "KDE QDA" 127 5000 3.37676767676768
281.13 15.94 0 0 "KDE QDA" 127 5000 3.38686868686869
281.14 15.945 0 0 "KDE QDA" 127 5000 3.3969696969697
281.185 15.955 0 0 "KDE QDA" 127 5000 3.40707070707071
283.63 15.975 0 0 "KDE QDA" 127 5000 3.41717171717172
283.635 15.975 0 0 "KDE QDA" 127 5000 3.42727272727273
283.635 15.975 0 0 "KDE QDA" 127 5000 3.43737373737374
283.68 15.975 0 0 "KDE QDA" 127 5000 3.44747474747475
283.68 15.98 0 0 "KDE QDA" 127 5000 3.45757575757576
283.955 15.98 0 0 "KDE QDA" 127 5000 3.46767676767677
285.18 15.98 0 0 "KDE QDA" 127 5000 3.47777777777778
285.185 15.98 0 0 "KDE QDA" 127 5000 3.48787878787879
287.145 15.98 0 0 "KDE QDA" 127 5000 3.4979797979798
287.145 15.98 0 0 "KDE QDA" 127 5000 3.50808080808081
300.64 16.3 0 0 "KDE QDA" 127 5000 3.51818181818182
300.64 16.305 0 0 "KDE QDA" 127 5000 3.52828282828283
300.645 16.41 0 0 "KDE QDA" 127 5000 3.53838383838384
303.64 16.45 0 0 "KDE QDA" 127 5000 3.54848484848485
303.64 16.455 0 0 "KDE QDA" 127 5000 3.55858585858586
303.645 16.5 0 0 "KDE QDA" 127 5000 3.56868686868687
307.69 16.5 0 0 "KDE QDA" 127 5000 3.57878787878788
307.695 16.5 0 0 "KDE QDA" 127 5000 3.58888888888889
307.7 16.505 0 0 "KDE QDA" 127 5000 3.5989898989899
307.7 16.505 0 0 "KDE QDA" 127 5000 3.60909090909091
307.7 16.505 0 0 "KDE QDA" 127 5000 3.61919191919192
307.735 16.505 0 0 "KDE QDA" 127 5000 3.62929292929293
307.735 16.505 0 0 "KDE QDA" 127 5000 3.63939393939394
311.62 16.505 0 0 "KDE QDA" 127 5000 3.64949494949495
350.01 16.945 0 0 "KDE QDA" 127 5000 3.65959595959596
350.01 16.95 0 0 "KDE QDA" 127 5000 3.66969696969697
354.725 17.22 0 0 "KDE QDA" 127 5000 3.67979797979798
354.75 17.235 0 0 "KDE QDA" 127 5000 3.68989898989899
354.75 17.235 0 0 "KDE QDA" 127 5000 3.7
