86.288 19.034 0 0 81.4560380950494 14.7748821024447 "LDA" 17 1000 1.5
90.006 19.615 0 0 84.0282733055649 15.1731011331895 "LDA" 17 1000 1.53535353535354
95.968 20.346 0 0 89.1805143522964 15.7501222328701 "LDA" 17 1000 1.57070707070707
102.881 21.079 0 0 95.7304609837441 16.2561687374985 "LDA" 17 1000 1.60606060606061
108.901 21.609 0 0 99.9969428912084 16.4135774444368 "LDA" 17 1000 1.64141414141414
115.661 22.243 0 0 108.186905332787 16.916800203618 "LDA" 17 1000 1.67676767676768
122.209 23.084 0 0 115.080618993243 17.5316942793418 "LDA" 17 1000 1.71212121212121
130.703 23.779 0 0 123.291912495048 18.0797964047729 "LDA" 17 1000 1.74747474747475
137.469 24.401 0 0 131.671509543353 18.5672006489923 "LDA" 17 1000 1.78282828282828
144.81 25.25 0 0 139.294482492498 19.0999557148258 "LDA" 17 1000 1.81818181818182
154.176 26.091 0 0 148.636414810799 20.0779441886574 "LDA" 17 1000 1.85353535353535
164.428 26.885 0 0 157.569543303828 20.5709245766431 "LDA" 17 1000 1.88888888888889
173.796 27.51 0 0 168.305546970803 20.9264860360696 "LDA" 17 1000 1.92424242424242
187.62 28.346 0 0 193.010161707933 21.3926606556999 "LDA" 17 1000 1.95959595959596
201.091 28.873 0 0 204.513007628584 21.6496553916818 "LDA" 17 1000 1.99494949494949
216.24 29.743 0 0 218.999655819933 22.0459741444096 "LDA" 17 1000 2.03030303030303
231.654 30.489 0 0 234.42724760236 22.5799852687006 "LDA" 17 1000 2.06565656565657
245.493 31.205 0 0 247.702196860119 23.0332695574577 "LDA" 17 1000 2.1010101010101
266.268 31.794 0 0 275.824903795059 23.2823029279672 "LDA" 17 1000 2.13636363636364
281.445 32.871 0 0 290.153662949691 23.8476218535113 "LDA" 17 1000 2.17171717171717
295.843 33.85 0 0 298.032098074155 24.9551248896546 "LDA" 17 1000 2.20707070707071
310.16 34.636 0 0 308.166258443138 25.472383994168 "LDA" 17 1000 2.24242424242424
326.548 35.366 0 0 318.798039338208 26.1955387470892 "LDA" 17 1000 2.27777777777778
341.589 36.017 0 0 331.067454967622 26.9211712312162 "LDA" 17 1000 2.31313131313131
365.571 36.814 0 0 353.120921702955 27.6301797104331 "LDA" 17 1000 2.34848484848485
376.602 37.831 0 0 357.930137847569 28.5992019705682 "LDA" 17 1000 2.38383838383838
391.934 38.976 0 0 364.445101319631 29.5465128301196 "LDA" 17 1000 2.41919191919192
416.788 39.91 0 0 391.731242591681 30.4123463549068 "LDA" 17 1000 2.45454545454545
447.813 40.623 0 0 424.780098595924 30.8636588310012 "LDA" 17 1000 2.48989898989899
472.263 41.523 0 0 445.627528014961 31.3893415311912 "LDA" 17 1000 2.52525252525253
517.309 42.518 0 0 505.063969346589 32.1761243623122 "LDA" 17 1000 2.56060606060606
547.037 43.354 0 0 539.713987978651 33.623373049342 "LDA" 17 1000 2.5959595959596
577.777 44.253 0 0 573.469413691297 34.2726655894549 "LDA" 17 1000 2.63131313131313
608.48 45.255 0 0 609.146257283719 34.7990941254503 "LDA" 17 1000 2.66666666666667
643.91 46.14 0 0 648.912219771649 35.5893101787461 "LDA" 17 1000 2.7020202020202
691.413 47.178 0 0 693.111535058414 36.3845867662964 "LDA" 17 1000 2.73737373737374
733.462 48.009 0 0 754.631162056502 36.7305874586162 "LDA" 17 1000 2.77272727272727
769.034 48.762 0 0 783.173235728316 37.1898163270328 "LDA" 17 1000 2.80808080808081
819.579 49.498 0 0 837.74819474398 37.7500339213233 "LDA" 17 1000 2.84343434343434
867.245 50.394 0 0 884.661934137958 38.2371919320293 "LDA" 17 1000 2.87878787878788
918.584 51.095 0 0 937.36746300728 38.6833863483974 "LDA" 17 1000 2.91414141414141
971.865 51.808 0 0 977.008058063249 39.6518777286449 "LDA" 17 1000 2.94949494949495
1029.058 52.389 0 0 1029.2668414298 39.774384730385 "LDA" 17 1000 2.98484848484848
1082.291 53.114 0 0 1094.26508049256 40.1459674525687 "LDA" 17 1000 3.02020202020202
1114.13613613614 54.278 1 0 1106.87120443704 40.6261393587823 "LDA" 17 1000 3.05555555555556
1171.14614614615 54.909 1 0 1168.55026597527 40.992476164561 "LDA" 17 1000 3.09090909090909
1231.43043043043 55.9 1 0 1225.60337882992 41.8093053998511 "LDA" 17 1000 3.12626262626263
1296.52052052052 57.262 1 0 1262.22490339195 43.1919309466351 "LDA" 17 1000 3.16161616161616
1373.60660660661 58.11 1 0 1329.69078871126 43.4321568915504 "LDA" 17 1000 3.1969696969697
1423.03003003003 58.865 1 0 1378.51149395899 43.5940732005879 "LDA" 17 1000 3.23232323232323
1507.72972972973 59.686 1 0 1458.92912487545 44.1318822058048 "LDA" 17 1000 3.26767676767677
1587.22522522523 60.845 1 0 1497.37617824068 44.6798081940854 "LDA" 17 1000 3.3030303030303
1666.5035035035 61.463 1 0 1551.87726571189 44.9721817141233 "LDA" 17 1000 3.33838383838384
1780.16816816817 62.163 1 0 1643.6836927802 45.4258069266242 "LDA" 17 1000 3.37373737373737
1849.48897795591 63.814 2 0 1677.75881858471 46.8383735545678 "LDA" 17 1000 3.40909090909091
1941.65427135678 64.966 5 0 1755.71692152251 47.6179410759465 "LDA" 17 1000 3.44444444444444
2040.70020120724 65.656 6 0 1825.90439968733 47.9931766922029 "LDA" 17 1000 3.47979797979798
2158.31451612903 66.524 8 0 1918.01350362077 48.5390921574298 "LDA" 17 1000 3.51515151515152
2278.56653225806 67.189 8 0 2000.16517572437 49.0816287961727 "LDA" 17 1000 3.55050505050505
2358.33737373737 68.2 10 0 2077.8608223081 49.654118978505 "LDA" 17 1000 3.58585858585859
2425.16954314721 69.175 15 0 2111.26025022814 50.3755503302055 "LDA" 17 1000 3.62121212121212
2493.417773238 70.64 21 0 2165.75861641868 51.3410196655686 "LDA" 17 1000 3.65656565656566
2601.13333333333 72.299 25 0 2249.81209269349 52.368005566443 "LDA" 17 1000 3.69191919191919
2661.34093264249 73.424 35 0 2245.52252022354 53.1365007477131 "LDA" 17 1000 3.72727272727273
2763.61290322581 74.371 39 0 2308.36769935309 53.4254399760698 "LDA" 17 1000 3.76262626262626
2881.21989528796 75.344 45 0 2356.79681612943 53.6829164587722 "LDA" 17 1000 3.7979797979798
2977.76550998948 76.509 49 0 2422.21084281733 54.0865350366639 "LDA" 17 1000 3.83333333333333
3122.23117709438 77.385 57 0 2503.34362594466 55.1587641654911 "LDA" 17 1000 3.86868686868687
3215.84408602151 77.998 70 0 2527.39642674961 55.3774020034585 "LDA" 17 1000 3.9040404040404
3280.09508196721 78.942 85 0 2558.6407532279 55.8704765161901 "LDA" 17 1000 3.93939393939394
3380.00441501104 79.717 94 0 2607.01670528555 56.512977515148 "LDA" 17 1000 3.97474747474747
3410.63656884876 81.133 114 0 2614.49309061544 58.1162180962062 "LDA" 17 1000 4.01010101010101
3461.31791907514 81.821 135 0 2628.92403387656 58.2736198787562 "LDA" 17 1000 4.04545454545454
3564.92262602579 82.702 147 0 2667.04660047844 59.1435131789713 "LDA" 17 1000 4.08080808080808
3647.49880952381 83.809 160 0 2679.25154056849 59.4213717312081 "LDA" 17 1000 4.11616161616162
3738.9794188862 84.555 174 0 2715.15188138156 59.6262380438617 "LDA" 17 1000 4.15151515151515
3783.34820322181 85.523 193 0 2735.89055391859 60.6658372959182 "LDA" 17 1000 4.18686868686869
3888.252195734 87.164 203 0 2764.15000936221 62.6074659988631 "LDA" 17 1000 4.22222222222222
3948.26829268293 88.396 221 0 2763.90357750902 62.8603420815271 "LDA" 17 1000 4.25757575757576
4016.21784776903 89.128 238 0 2790.37635304612 63.1395931585263 "LDA" 17 1000 4.29292929292929
4033.82791327913 89.873 262 0 2799.64635514933 63.2519697929059 "LDA" 17 1000 4.32828282828283
4057.10540915395 91.26 279 0 2811.71174039867 64.4318699547504 "LDA" 17 1000 4.36363636363636
4171.95584045584 92.093 298 0 2824.9078410557 64.5052344874141 "LDA" 17 1000 4.3989898989899
4201.5350877193 93.094 316 0 2829.30934465066 65.7894019535777 "LDA" 17 1000 4.43434343434343
4255.89193302892 94.446 343 0 2867.34858971665 66.7807363747267 "LDA" 17 1000 4.46969696969697
4293.1875 95.844 360 0 2873.28454134907 67.7924293522328 "LDA" 17 1000 4.50505050505051
4349.93301435407 97.656 373 0 2869.299485143 70.3465158788713 "LDA" 17 1000 4.54040404040404
4358.31862745098 98.587 388 0 2872.66679788977 70.7576220069052 "LDA" 17 1000 4.57575757575758
4386.93097643098 99.433 406 0 2875.98169651127 71.1970120547592 "LDA" 17 1000 4.61111111111111
4457.89103690685 100.257 431 0 2884.48856234084 71.3461507316563 "LDA" 17 1000 4.64646464646465
4464.94054054054 101.01 445 0 2887.52520642813 71.8566439327448 "LDA" 17 1000 4.68181818181818
4509.853432282 102.157 461 0 2900.08136067806 73.9966340643468 "LDA" 17 1000 4.71717171717172
4526.67115384615 103.473 480 0 2903.76734789945 74.6774128300317 "LDA" 17 1000 4.75252525252525
4585.58300395257 105.147 494 0 2930.42442741318 75.9484664793211 "LDA" 17 1000 4.78787878787879
4651.19381443299 106.46 515 0 2957.96001284077 76.6791894720993 "LDA" 17 1000 4.82323232323232
4650.60393873085 107.371 543 0 2936.60016277958 76.8577157315221 "LDA" 17 1000 4.85858585858586
4643.6 108.127 560 0 2958.64680621361 76.8503796467646 "LDA" 17 1000 4.89393939393939
4661.3245823389 109.717 581 0 2968.83970369912 79.9140110378659 "LDA" 17 1000 4.92929292929293
4630.77386934673 110.722 602 0 2940.26612156327 80.3305777255319 "LDA" 17 1000 4.96464646464646
4627.62077922078 111.605 615 0 2939.96669510338 81.2629105781699 "LDA" 17 1000 5
149.4 39.698 0 0 143.003223466892 32.7313020537548 "uLSIF" 17 1000 1.5
161.709 41.915 0 0 158.783678555372 35.414318417117 "uLSIF" 17 1000 1.53535353535354
172.312 43.463 0 0 167.521622933131 36.5880214594109 "uLSIF" 17 1000 1.57070707070707
185.771 45.347 0 0 179.166076705503 38.8323646401239 "uLSIF" 17 1000 1.60606060606061
199.528 47.159 0 0 190.74876751452 39.8572492693527 "uLSIF" 17 1000 1.64141414141414
217.666 48.854 0 0 208.828963460484 41.1181150271189 "uLSIF" 17 1000 1.67676767676768
232.676 50.777 0 0 220.809188490248 42.5078603224061 "uLSIF" 17 1000 1.71212121212121
255.655 52.764 0 0 241.535337568428 46.3223711187809 "uLSIF" 17 1000 1.74747474747475
275.307 54.97 0 0 254.97335186478 48.014294459801 "uLSIF" 17 1000 1.78282828282828
291.867 57.088 0 0 267.863566393792 49.7520806150409 "uLSIF" 17 1000 1.81818181818182
315.241 59.598 0 0 287.82608772621 52.1106699047126 "uLSIF" 17 1000 1.85353535353535
342.359 61.905 0 0 310.556673679003 53.8367566943939 "uLSIF" 17 1000 1.88888888888889
361.352 64.887 0 0 322.665909859386 56.916568121477 "uLSIF" 17 1000 1.92424242424242
385.476 67.712 0 0 346.604258392675 60.1375055649598 "uLSIF" 17 1000 1.95959595959596
412.231 70.903 0 0 374.454910662311 63.3835077923276 "uLSIF" 17 1000 1.99494949494949
442.987 74.435 0 0 401.236682902631 66.2566956973008 "uLSIF" 17 1000 2.03030303030303
469.308 78.075 0 0 424.822239379097 69.2012441158914 "uLSIF" 17 1000 2.06565656565657
505.26 80.269 0 0 459.898111186242 70.598589219614 "uLSIF" 17 1000 2.1010101010101
526.993 83.389 0 0 478.119176459069 72.5623247282636 "uLSIF" 17 1000 2.13636363636364
568.409 86.785 0 0 520.441219333924 74.6021867056272 "uLSIF" 17 1000 2.17171717171717
625.103 90.621 0 0 599.938385550931 78.929812328893 "uLSIF" 17 1000 2.20707070707071
658.285 94.124 0 0 624.143097679836 83.3368685376266 "uLSIF" 17 1000 2.24242424242424
696.652 97.875 0 0 650.759464607912 86.6513925960734 "uLSIF" 17 1000 2.27777777777778
735.34 101.266 0 0 674.936380348191 88.6893739353766 "uLSIF" 17 1000 2.31313131313131
781.094 104.459 0 0 715.755189051854 91.174509102655 "uLSIF" 17 1000 2.34848484848485
819.283 107.486 0 0 760.916718941149 93.7089385766863 "uLSIF" 17 1000 2.38383838383838
878.082 111.08 0 0 820.347458842428 96.2078455717077 "uLSIF" 17 1000 2.41919191919192
932.143 114.14 0 0 883.481987917113 97.367401171084 "uLSIF" 17 1000 2.45454545454545
992.45 117.465 0 0 958.735094006932 99.4255309827974 "uLSIF" 17 1000 2.48989898989899
1058.343 120.895 0 0 1042.08094505516 102.579366841005 "uLSIF" 17 1000 2.52525252525253
1160.101 124.226 0 0 1185.41418904896 106.713432522249 "uLSIF" 17 1000 2.56060606060606
1239.724 127.724 0 0 1260.9409136878 107.963150499908 "uLSIF" 17 1000 2.5959595959596
1337.558 131.95 0 0 1353.83109850501 112.73635165724 "uLSIF" 17 1000 2.63131313131313
1421.62362362362 136.662 1 0 1424.24341778669 117.23362776729 "uLSIF" 17 1000 2.66666666666667
1521.84368737475 140.372 2 0 1502.15185123467 120.247016432679 "uLSIF" 17 1000 2.7020202020202
1633.50502008032 144.14 4 0 1618.72879989607 122.87088204149 "uLSIF" 17 1000 2.73737373737374
1740.21752265861 149.13 7 0 1662.29222659189 126.162522494131 "uLSIF" 17 1000 2.77272727272727
1873.99595551062 155.272 11 0 1774.83891154294 131.777924696959 "uLSIF" 17 1000 2.80808080808081
1993.13650151668 160.916 11 0 1834.79659502454 139.700920867728 "uLSIF" 17 1000 2.84343434343434
2131.11561866126 164.626 14 0 1975.62150571077 143.204859399937 "uLSIF" 17 1000 2.87878787878788
2207.94201424212 169.251 17 0 2024.3909666465 146.190004844779 "uLSIF" 17 1000 2.91414141414141
2319.18116683726 174.018 23 0 2101.4827983536 150.177704800077 "uLSIF" 17 1000 2.94949494949495
2414.50308008214 178.417 26 0 2147.20432532335 154.39437403524 "uLSIF" 17 1000 2.98484848484848
2547.04752066116 184.763 32 0 2237.36908574953 160.830840917998 "uLSIF" 17 1000 3.02020202020202
2633.94490644491 192.933 38 0 2284.72043070772 171.983216442006 "uLSIF" 17 1000 3.05555555555556
2713.22397476341 199.071 49 0 2304.27313560409 179.868247741355 "uLSIF" 17 1000 3.09090909090909
2836.72921108742 205.498 62 0 2365.36990530481 183.933747908369 "uLSIF" 17 1000 3.12626262626263
2893.77753779698 208.912 74 0 2373.02072385862 187.329016482809 "uLSIF" 17 1000 3.16161616161616
2988.26994535519 211.744 85 0 2382.76832965913 188.124510086526 "uLSIF" 17 1000 3.1969696969697
3133.01771871539 218.121 97 0 2476.2409014276 192.975926133461 "uLSIF" 17 1000 3.23232323232323
3248.49436936937 226.575 112 0 2518.68249501173 201.381570437595 "uLSIF" 17 1000 3.26767676767677
3353.79954180985 232.627 127 0 2564.83452886507 204.415419023455 "uLSIF" 17 1000 3.3030303030303
3457.43962485346 240.22 147 0 2584.355548508 210.079368194359 "uLSIF" 17 1000 3.33838383838384
3547.56730769231 250.025 168 0 2616.90162930551 223.520898277917 "uLSIF" 17 1000 3.37373737373737
3624.05024509804 258.607 184 0 2650.42595834377 230.696157896633 "uLSIF" 17 1000 3.40909090909091
3714.13442211055 265.263 204 0 2691.19596023281 233.244637434373 "uLSIF" 17 1000 3.44444444444444
3806.44401544402 272.462 223 0 2697.57305582513 241.441128174912 "uLSIF" 17 1000 3.47979797979798
3816.29238985314 282.49 251 0 2694.38174006308 253.086797021944 "uLSIF" 17 1000 3.51515151515152
3906.44444444444 290.014 271 0 2733.33914655864 255.115800913773 "uLSIF" 17 1000 3.55050505050505
3984.45673758865 295.186 295 0 2737.89985480808 257.316931831948 "uLSIF" 17 1000 3.58585858585859
4009.59534206696 301.818 313 0 2713.9637326493 261.530792128253 "uLSIF" 17 1000 3.62121212121212
4016.84779299848 308.328328328328 343 1 2688.23297513943 263.962961793328 "uLSIF" 17 1000 3.65656565656566
4050.903125 317.235235235235 360 1 2696.5775428188 274.986094965853 "uLSIF" 17 1000 3.69191919191919
4118.21061093248 325.101101101101 378 1 2759.19515949786 280.770256013904 "uLSIF" 17 1000 3.72727272727273
4233.2586490939 331.686686686687 393 1 2762.14027551772 284.230735768044 "uLSIF" 17 1000 3.76262626262626
4320.73136915078 337.858858858859 423 1 2740.32582693767 287.746564305533 "uLSIF" 17 1000 3.7979797979798
4334.89110707804 346.44044044044 449 1 2738.95942399711 292.722426616573 "uLSIF" 17 1000 3.83333333333333
4403.18796992481 351.463463463463 468 1 2750.5786993237 295.085542463806 "uLSIF" 17 1000 3.86868686868687
4401.34714003945 358.246246246246 493 1 2750.07778578575 298.12944462923 "uLSIF" 17 1000 3.9040404040404
4426.16835699797 372.401401401401 507 1 2760.72956034055 313.202557016192 "uLSIF" 17 1000 3.93939393939394
4497.24576271186 380.336673346693 528 2 2803.33856525518 317.089226576034 "uLSIF" 17 1000 3.97474747474747
4485.72505543237 390.583751253761 549 3 2822.69881099115 322.189631882126 "uLSIF" 17 1000 4.01010101010101
4579.28337236534 399.078234704112 573 3 2838.57599801501 326.948953769817 "uLSIF" 17 1000 4.04545454545454
4570.61179361179 407.455823293173 593 4 2835.09624369149 336.718705284794 "uLSIF" 17 1000 4.08080808080808
4559.81841432225 417.160642570281 609 4 2811.91275720311 342.611370290671 "uLSIF" 17 1000 4.11616161616162
4622.45844504021 425.860160965795 627 6 2838.24951476793 349.271241823498 "uLSIF" 17 1000 4.15151515151515
4600.3202247191 440.960764587525 644 6 2857.23010332813 366.737632247036 "uLSIF" 17 1000 4.18686868686869
4608.41246290801 449.646525679758 663 7 2846.45824398061 372.659268465849 "uLSIF" 17 1000 4.22222222222222
4598.378125 456.954591321897 680 9 2844.52991706007 375.910215151386 "uLSIF" 17 1000 4.25757575757576
4625.26384364821 461.785858585859 693 10 2838.18954630364 378.214493155914 "uLSIF" 17 1000 4.29292929292929
4547.07291666667 472.06976744186 712 11 2820.70708477135 383.692514303362 "uLSIF" 17 1000 4.32828282828283
4581.09454545455 483.812753036437 725 12 2808.70177789667 386.818559708641 "uLSIF" 17 1000 4.36363636363636
4565.54135338346 494.713995943205 734 14 2762.78022674666 394.272303215814 "uLSIF" 17 1000 4.3989898989899
4528.72111553785 503.314401622718 749 14 2780.98278346205 399.750102821861 "uLSIF" 17 1000 4.43434343434343
4496.07083333333 514.531979695431 760 15 2734.49187970086 402.984946513519 "uLSIF" 17 1000 4.46969696969697
4464.81363636364 518.112016293279 780 18 2767.83074758949 405.355199291269 "uLSIF" 17 1000 4.50505050505051
4480.75355450237 527.356486210419 789 21 2765.22897629769 411.254364023952 "uLSIF" 17 1000 4.54040404040404
4476.2 536.372307692308 800 25 2773.1669974922 420.386860861172 "uLSIF" 17 1000 4.57575757575758
4547.79057591623 550.484102564103 809 25 2750.75965930852 430.153484263721 "uLSIF" 17 1000 4.61111111111111
4493.68333333333 561.416238437821 820 27 2747.94369331326 434.84087059539 "uLSIF" 17 1000 4.64646464646465
4541.68023255814 570.380412371134 828 30 2747.30404737622 438.337186170664 "uLSIF" 17 1000 4.68181818181818
4532.09259259259 579.564948453608 838 30 2733.80825956559 443.298954735521 "uLSIF" 17 1000 4.71717171717172
4557.12101910828 585.785492227979 843 35 2737.04170112953 449.640897054337 "uLSIF" 17 1000 4.75252525252525
4593.02597402597 592.283489096573 846 37 2745.33558777739 451.479058814816 "uLSIF" 17 1000 4.78787878787879
4654.57046979866 599.477130977131 851 38 2743.73365969408 455.562371007668 "uLSIF" 17 1000 4.82323232323232
4666.30281690141 611.489583333333 858 40 2737.05583653904 459.67874929172 "uLSIF" 17 1000 4.85858585858586
4659.82142857143 617.590814196242 860 42 2752.78632229749 462.804381016371 "uLSIF" 17 1000 4.89393939393939
4703.5671641791 618.925420168067 866 48 2819.13297194371 463.369029752515 "uLSIF" 17 1000 4.92929292929293
4606.04838709677 623.768743400211 876 53 2824.19530766748 463.831310412332 "uLSIF" 17 1000 4.96464646464646
4529.94017094017 630.463414634146 883 57 2843.99344745171 465.964147231416 "uLSIF" 17 1000 5
