131.65 14.7 0 0 "KDE LDA" 167 5000 2.5
134.54 14.81 0 0 "KDE LDA" 167 5000 2.51010101010101
134.705 14.9 0 0 "KDE LDA" 167 5000 2.52020202020202
135.02 15.01 0 0 "KDE LDA" 167 5000 2.53030303030303
135.15 15.065 0 0 "KDE LDA" 167 5000 2.54040404040404
138.595 15.08 0 0 "KDE LDA" 167 5000 2.55050505050505
141.64 15.105 0 0 "KDE LDA" 167 5000 2.56060606060606
142.885 15.14 0 0 "KDE LDA" 167 5000 2.57070707070707
143.395 15.24 0 0 "KDE LDA" 167 5000 2.58080808080808
143.425 15.24 0 0 "KDE LDA" 167 5000 2.59090909090909
144.785 15.425 0 0 "KDE LDA" 167 5000 2.6010101010101
145.82 15.46 0 0 "KDE LDA" 167 5000 2.61111111111111
148.91 15.47 0 0 "KDE LDA" 167 5000 2.62121212121212
151.365 15.595 0 0 "KDE LDA" 167 5000 2.63131313131313
153.335 15.66 0 0 "KDE LDA" 167 5000 2.64141414141414
157.98 15.735 0 0 "KDE LDA" 167 5000 2.65151515151515
161.46 16.155 0 0 "KDE LDA" 167 5000 2.66161616161616
172.65 16.36 0 0 "KDE LDA" 167 5000 2.67171717171717
172.94 16.48 0 0 "KDE LDA" 167 5000 2.68181818181818
174.475 16.565 0 0 "KDE LDA" 167 5000 2.69191919191919
178.815 16.565 0 0 "KDE LDA" 167 5000 2.7020202020202
182.46 16.59 0 0 "KDE LDA" 167 5000 2.71212121212121
186.51 16.59 0 0 "KDE LDA" 167 5000 2.72222222222222
186.58 16.64 0 0 "KDE LDA" 167 5000 2.73232323232323
188.155 16.695 0 0 "KDE LDA" 167 5000 2.74242424242424
189.745 16.705 0 0 "KDE LDA" 167 5000 2.75252525252525
190.74 16.81 0 0 "KDE LDA" 167 5000 2.76262626262626
194.63 17.005 0 0 "KDE LDA" 167 5000 2.77272727272727
203.94 17.17 0 0 "KDE LDA" 167 5000 2.78282828282828
210.34 17.36 0 0 "KDE LDA" 167 5000 2.79292929292929
234.96 17.72 0 0 "KDE LDA" 167 5000 2.8030303030303
245.21 17.77 0 0 "KDE LDA" 167 5000 2.81313131313131
246.695 17.885 0 0 "KDE LDA" 167 5000 2.82323232323232
246.77 17.91 0 0 "KDE LDA" 167 5000 2.83333333333333
248.035 17.985 0 0 "KDE LDA" 167 5000 2.84343434343434
251.065 18.01 0 0 "KDE LDA" 167 5000 2.85353535353535
251.405 18.02 0 0 "KDE LDA" 167 5000 2.86363636363636
251.585 18.025 0 0 "KDE LDA" 167 5000 2.87373737373737
253.56 18.075 0 0 "KDE LDA" 167 5000 2.88383838383838
253.84 18.225 0 0 "KDE LDA" 167 5000 2.89393939393939
253.855 18.265 0 0 "KDE LDA" 167 5000 2.9040404040404
256.79 18.265 0 0 "KDE LDA" 167 5000 2.91414141414141
256.835 18.555 0 0 "KDE LDA" 167 5000 2.92424242424242
259.73 18.575 0 0 "KDE LDA" 167 5000 2.93434343434343
261.845 18.58 0 0 "KDE LDA" 167 5000 2.94444444444444
262.02 18.635 0 0 "KDE LDA" 167 5000 2.95454545454545
262.055 18.695 0 0 "KDE LDA" 167 5000 2.96464646464646
264.105 18.72 0 0 "KDE LDA" 167 5000 2.97474747474747
266.2 18.725 0 0 "KDE LDA" 167 5000 2.98484848484848
268.36 18.86 0 0 "KDE LDA" 167 5000 2.99494949494949
271.76 18.925 0 0 "KDE LDA" 167 5000 3.00505050505051
271.805 18.93 0 0 "KDE LDA" 167 5000 3.01515151515152
274.77 19 0 0 "KDE LDA" 167 5000 3.02525252525253
281.325 19.06 0 0 "KDE LDA" 167 5000 3.03535353535354
281.34 19.08 0 0 "KDE LDA" 167 5000 3.04545454545455
292.69 19.13 0 0 "KDE LDA" 167 5000 3.05555555555556
293.62 19.185 0 0 "KDE LDA" 167 5000 3.06565656565657
293.635 19.365 0 0 "KDE LDA" 167 5000 3.07575757575758
296.76 19.44 0 0 "KDE LDA" 167 5000 3.08585858585859
310.62 19.5 0 0 "KDE LDA" 167 5000 3.0959595959596
311.74 19.605 0 0 "KDE LDA" 167 5000 3.10606060606061
313.645 19.635 0 0 "KDE LDA" 167 5000 3.11616161616162
315.265 19.66 0 0 "KDE LDA" 167 5000 3.12626262626263
316.65 19.78 0 0 "KDE LDA" 167 5000 3.13636363636364
316.65 19.785 0 0 "KDE LDA" 167 5000 3.14646464646465
319.645 19.865 0 0 "KDE LDA" 167 5000 3.15656565656566
325.04 19.875 0 0 "KDE LDA" 167 5000 3.16666666666667
326.625 19.96 0 0 "KDE LDA" 167 5000 3.17676767676768
327.605 19.985 0 0 "KDE LDA" 167 5000 3.18686868686869
337.425 20.005 0 0 "KDE LDA" 167 5000 3.1969696969697
339.795 20.295 0 0 "KDE LDA" 167 5000 3.20707070707071
350.74 20.58 0 0 "KDE LDA" 167 5000 3.21717171717172
378.22 21.26 0 0 "KDE LDA" 167 5000 3.22727272727273
383.47 21.305 0 0 "KDE LDA" 167 5000 3.23737373737374
383.47 21.325 0 0 "KDE LDA" 167 5000 3.24747474747475
383.49 21.33 0 0 "KDE LDA" 167 5000 3.25757575757576
383.905 21.36 0 0 "KDE LDA" 167 5000 3.26767676767677
383.905 21.445 0 0 "KDE LDA" 167 5000 3.27777777777778
391.47 21.465 0 0 "KDE LDA" 167 5000 3.28787878787879
398.03 21.495 0 0 "KDE LDA" 167 5000 3.2979797979798
405.615 21.58 0 0 "KDE LDA" 167 5000 3.30808080808081
418.885 21.75 0 0 "KDE LDA" 167 5000 3.31818181818182
430.175 21.765 0 0 "KDE LDA" 167 5000 3.32828282828283
431.735 21.775 0 0 "KDE LDA" 167 5000 3.33838383838384
435.675 22.095 0 0 "KDE LDA" 167 5000 3.34848484848485
472.045 22.295 0 0 "KDE LDA" 167 5000 3.35858585858586
474 22.33 0 0 "KDE LDA" 167 5000 3.36868686868687
482.1 22.375 0 0 "KDE LDA" 167 5000 3.37878787878788
482.305 22.53 0 0 "KDE LDA" 167 5000 3.38888888888889
482.305 22.53 0 0 "KDE LDA" 167 5000 3.3989898989899
495.24 22.575 0 0 "KDE LDA" 167 5000 3.40909090909091
495.25 22.605 0 0 "KDE LDA" 167 5000 3.41919191919192
499.27 22.63 0 0 "KDE LDA" 167 5000 3.42929292929293
503.6 22.675 0 0 "KDE LDA" 167 5000 3.43939393939394
510.36 22.685 0 0 "KDE LDA" 167 5000 3.44949494949495
513.71 22.705 0 0 "KDE LDA" 167 5000 3.45959595959596
531.02 22.73 0 0 "KDE LDA" 167 5000 3.46969696969697
534.48 22.74 0 0 "KDE LDA" 167 5000 3.47979797979798
536.245 22.745 0 0 "KDE LDA" 167 5000 3.48989898989899
536.93 22.76 0 0 "KDE LDA" 167 5000 3.5
113.945 12.575 0 0 "KDE QDA" 167 5000 2.7
113.945 12.575 0 0 "KDE QDA" 167 5000 2.71010101010101
113.945 12.575 0 0 "KDE QDA" 167 5000 2.72020202020202
113.945 12.58 0 0 "KDE QDA" 167 5000 2.73030303030303
113.945 12.58 0 0 "KDE QDA" 167 5000 2.74040404040404
114.43 12.58 0 0 "KDE QDA" 167 5000 2.75050505050505
114.43 12.58 0 0 "KDE QDA" 167 5000 2.76060606060606
114.43 12.58 0 0 "KDE QDA" 167 5000 2.77070707070707
114.445 12.58 0 0 "KDE QDA" 167 5000 2.78080808080808
114.445 12.58 0 0 "KDE QDA" 167 5000 2.79090909090909
137.245 13.9 0 0 "KDE QDA" 167 5000 2.8010101010101
137.245 13.9 0 0 "KDE QDA" 167 5000 2.81111111111111
137.245 13.9 0 0 "KDE QDA" 167 5000 2.82121212121212
141.83 14.045 0 0 "KDE QDA" 167 5000 2.83131313131313
141.865 14.045 0 0 "KDE QDA" 167 5000 2.84141414141414
142.445 14.05 0 0 "KDE QDA" 167 5000 2.85151515151515
142.445 14.055 0 0 "KDE QDA" 167 5000 2.86161616161616
142.445 14.055 0 0 "KDE QDA" 167 5000 2.87171717171717
142.445 14.055 0 0 "KDE QDA" 167 5000 2.88181818181818
142.445 14.055 0 0 "KDE QDA" 167 5000 2.89191919191919
143.91 14.055 0 0 "KDE QDA" 167 5000 2.9020202020202
143.915 14.055 0 0 "KDE QDA" 167 5000 2.91212121212121
143.915 14.055 0 0 "KDE QDA" 167 5000 2.92222222222222
143.915 14.055 0 0 "KDE QDA" 167 5000 2.93232323232323
143.915 14.055 0 0 "KDE QDA" 167 5000 2.94242424242424
143.915 14.06 0 0 "KDE QDA" 167 5000 2.95252525252525
149.525 14.465 0 0 "KDE QDA" 167 5000 2.96262626262626
150.095 14.47 0 0 "KDE QDA" 167 5000 2.97272727272727
150.105 14.475 0 0 "KDE QDA" 167 5000 2.98282828282828
150.105 14.49 0 0 "KDE QDA" 167 5000 2.99292929292929
150.11 14.49 0 0 "KDE QDA" 167 5000 3.0030303030303
150.115 14.54 0 0 "KDE QDA" 167 5000 3.01313131313131
151.51 14.54 0 0 "KDE QDA" 167 5000 3.02323232323232
151.51 14.54 0 0 "KDE QDA" 167 5000 3.03333333333333
151.51 14.54 0 0 "KDE QDA" 167 5000 3.04343434343434
151.51 14.54 0 0 "KDE QDA" 167 5000 3.05353535353535
151.51 14.54 0 0 "KDE QDA" 167 5000 3.06363636363636
151.555 14.54 0 0 "KDE QDA" 167 5000 3.07373737373737
151.555 14.54 0 0 "KDE QDA" 167 5000 3.08383838383838
163.225 14.86 0 0 "KDE QDA" 167 5000 3.09393939393939
163.24 14.86 0 0 "KDE QDA" 167 5000 3.1040404040404
163.245 14.86 0 0 "KDE QDA" 167 5000 3.11414141414141
172.015 14.99 0 0 "KDE QDA" 167 5000 3.12424242424242
172.02 14.99 0 0 "KDE QDA" 167 5000 3.13434343434343
172.02 14.99 0 0 "KDE QDA" 167 5000 3.14444444444444
172.02 14.995 0 0 "KDE QDA" 167 5000 3.15454545454545
172.02 14.995 0 0 "KDE QDA" 167 5000 3.16464646464646
172.02 14.995 0 0 "KDE QDA" 167 5000 3.17474747474748
172.02 14.995 0 0 "KDE QDA" 167 5000 3.18484848484849
172.02 15.09 0 0 "KDE QDA" 167 5000 3.19494949494949
172.025 15.09 0 0 "KDE QDA" 167 5000 3.20505050505051
172.025 15.09 0 0 "KDE QDA" 167 5000 3.21515151515152
205.2 15.735 0 0 "KDE QDA" 167 5000 3.22525252525253
205.28 15.775 0 0 "KDE QDA" 167 5000 3.23535353535354
206.425 15.775 0 0 "KDE QDA" 167 5000 3.24545454545455
213.67 15.855 0 0 "KDE QDA" 167 5000 3.25555555555556
213.675 15.855 0 0 "KDE QDA" 167 5000 3.26565656565657
213.675 15.86 0 0 "KDE QDA" 167 5000 3.27575757575758
213.675 15.86 0 0 "KDE QDA" 167 5000 3.28585858585859
213.675 15.865 0 0 "KDE QDA" 167 5000 3.2959595959596
213.675 15.865 0 0 "KDE QDA" 167 5000 3.30606060606061
213.68 15.865 0 0 "KDE QDA" 167 5000 3.31616161616162
213.68 15.865 0 0 "KDE QDA" 167 5000 3.32626262626263
213.68 15.865 0 0 "KDE QDA" 167 5000 3.33636363636364
213.68 15.865 0 0 "KDE QDA" 167 5000 3.34646464646465
213.685 15.88 0 0 "KDE QDA" 167 5000 3.35656565656566
253.16 16.57 0 0 "KDE QDA" 167 5000 3.36666666666667
255.3 16.57 0 0 "KDE QDA" 167 5000 3.37676767676768
263.155 16.975 0 0 "KDE QDA" 167 5000 3.38686868686869
263.16 16.975 0 0 "KDE QDA" 167 5000 3.3969696969697
263.165 16.975 0 0 "KDE QDA" 167 5000 3.40707070707071
263.735 17.145 0 0 "KDE QDA" 167 5000 3.41717171717172
263.735 17.145 0 0 "KDE QDA" 167 5000 3.42727272727273
264.345 17.15 0 0 "KDE QDA" 167 5000 3.43737373737374
264.345 17.15 0 0 "KDE QDA" 167 5000 3.44747474747475
264.345 17.15 0 0 "KDE QDA" 167 5000 3.45757575757576
264.45 17.15 0 0 "KDE QDA" 167 5000 3.46767676767677
264.45 17.155 0 0 "KDE QDA" 167 5000 3.47777777777778
264.45 17.155 0 0 "KDE QDA" 167 5000 3.48787878787879
264.45 17.155 0 0 "KDE QDA" 167 5000 3.4979797979798
264.45 17.16 0 0 "KDE QDA" 167 5000 3.50808080808081
278.285 17.71 0 0 "KDE QDA" 167 5000 3.51818181818182
278.295 17.72 0 0 "KDE QDA" 167 5000 3.52828282828283
278.295 17.72 0 0 "KDE QDA" 167 5000 3.53838383838384
282.855 17.74 0 0 "KDE QDA" 167 5000 3.54848484848485
282.86 17.74 0 0 "KDE QDA" 167 5000 3.55858585858586
282.865 17.74 0 0 "KDE QDA" 167 5000 3.56868686868687
282.865 17.745 0 0 "KDE QDA" 167 5000 3.57878787878788
282.865 17.745 0 0 "KDE QDA" 167 5000 3.58888888888889
286.255 17.75 0 0 "KDE QDA" 167 5000 3.5989898989899
286.255 17.75 0 0 "KDE QDA" 167 5000 3.60909090909091
286.26 17.75 0 0 "KDE QDA" 167 5000 3.61919191919192
286.26 17.755 0 0 "KDE QDA" 167 5000 3.62929292929293
286.265 17.78 0 0 "KDE QDA" 167 5000 3.63939393939394
287.51 17.785 0 0 "KDE QDA" 167 5000 3.64949494949495
316.435 18.195 0 0 "KDE QDA" 167 5000 3.65959595959596
316.435 18.195 0 0 "KDE QDA" 167 5000 3.66969696969697
323.04 18.33 0 0 "KDE QDA" 167 5000 3.67979797979798
323.04 18.33 0 0 "KDE QDA" 167 5000 3.68989898989899
324.84 18.33 0 0 "KDE QDA" 167 5000 3.7
