28.935 0 23.6253874874876 "LDA" 23 2 1 1.5
30.318 0 24.6501217949223 "LDA" 23 2 1 1.53535353535354
31.486 0 25.4888502189778 "LDA" 23 2 1 1.57070707070707
33.204 0 27.5099469498067 "LDA" 23 2 1 1.60606060606061
34.514 0 29.319540232402 "LDA" 23 2 1 1.64141414141414
35.392 0 30.0311872593843 "LDA" 23 2 1 1.67676767676768
36.679 0 31.0602430399007 "LDA" 23 2 1 1.71212121212121
38.491 0 32.6423872356855 "LDA" 23 2 1 1.74747474747475
39.299 0 33.0795988315889 "LDA" 23 2 1 1.78282828282828
40.892 0 34.522139477647 "LDA" 23 2 1 1.81818181818182
42.14 0 35.4494719998065 "LDA" 23 2 1 1.85353535353535
43.607 0 36.3897893339295 "LDA" 23 2 1 1.88888888888889
44.846 0 37.1547676720063 "LDA" 23 2 1 1.92424242424242
46.702 0 39.7265578095485 "LDA" 23 2 1 1.95959595959596
47.756 0 40.173503386864 "LDA" 23 2 1 1.99494949494949
49.048 0 41.8438119750173 "LDA" 23 2 1 2.03030303030303
51.156 0 44.9258054128359 "LDA" 23 2 1 2.06565656565657
52.673 0 45.9917308905667 "LDA" 23 2 1 2.1010101010101
54.181 0 46.7212490641476 "LDA" 23 2 1 2.13636363636364
56.334 0 49.1576740796482 "LDA" 23 2 1 2.17171717171717
57.969 0 50.7457699928986 "LDA" 23 2 1 2.20707070707071
60.102 0 52.4462983461198 "LDA" 23 2 1 2.24242424242424
61.524 0 53.5803534728755 "LDA" 23 2 1 2.27777777777778
63.794 0 55.7451979195616 "LDA" 23 2 1 2.31313131313131
66.021 0 57.1874195952218 "LDA" 23 2 1 2.34848484848485
68.224 0 61.1488594088803 "LDA" 23 2 1 2.38383838383838
70.352 0 62.7463401259324 "LDA" 23 2 1 2.41919191919192
71.602 0 64.2150696579173 "LDA" 23 2 1 2.45454545454545
73.96 0 65.9569459474794 "LDA" 23 2 1 2.48989898989899
76.499 0 68.3867585702653 "LDA" 23 2 1 2.52525252525253
78.364 0 70.2060424208087 "LDA" 23 2 1 2.56060606060606
80.879 0 73.0546462611403 "LDA" 23 2 1 2.5959595959596
83.437 0 74.5274739634678 "LDA" 23 2 1 2.63131313131313
85.146 0 75.5102143850518 "LDA" 23 2 1 2.66666666666667
87.391 0 77.2520938551506 "LDA" 23 2 1 2.7020202020202
90.073 0 79.5910824867423 "LDA" 23 2 1 2.73737373737374
92.808 0 81.0024971253389 "LDA" 23 2 1 2.77272727272727
94.963 0 82.5647537970626 "LDA" 23 2 1 2.80808080808081
98.355 0 85.3293623266638 "LDA" 23 2 1 2.84343434343434
100.227 0 87.3874134588674 "LDA" 23 2 1 2.87878787878788
103.188 0 91.8165395390881 "LDA" 23 2 1 2.91414141414141
105.732 0 94.1273293476986 "LDA" 23 2 1 2.94949494949495
108.482 0 96.8782486994427 "LDA" 23 2 1 2.98484848484848
110.423 0 98.4853767847818 "LDA" 23 2 1 3.02020202020202
113.817 0 102.062717528534 "LDA" 23 2 1 3.05555555555556
117.303 0 105.792254878097 "LDA" 23 2 1 3.09090909090909
119.675 0 107.229462054664 "LDA" 23 2 1 3.12626262626263
124.757 0 115.306658856185 "LDA" 23 2 1 3.16161616161616
127.213 0 116.966400174451 "LDA" 23 2 1 3.1969696969697
129.276 0 118.406604325721 "LDA" 23 2 1 3.23232323232323
131.481 0 119.362125299259 "LDA" 23 2 1 3.26767676767677
135.346 0 120.956863578909 "LDA" 23 2 1 3.3030303030303
138.469 0 124.903233972771 "LDA" 23 2 1 3.33838383838384
140.541 0 127.7654817912 "LDA" 23 2 1 3.37373737373737
144.583 0 131.949466739251 "LDA" 23 2 1 3.40909090909091
149.347 0 137.859551162938 "LDA" 23 2 1 3.44444444444444
153.691 0 140.798621338317 "LDA" 23 2 1 3.47979797979798
157.573 0 143.565949489609 "LDA" 23 2 1 3.51515151515152
163.552 0 150.268226301623 "LDA" 23 2 1 3.55050505050505
166.679 0 152.897513415388 "LDA" 23 2 1 3.58585858585859
171.865 0 156.900505236738 "LDA" 23 2 1 3.62121212121212
174.753 0 158.408924554074 "LDA" 23 2 1 3.65656565656566
178.081 0 159.81432682353 "LDA" 23 2 1 3.69191919191919
182.437 0 164.653906543209 "LDA" 23 2 1 3.72727272727273
187.033 0 167.766264279892 "LDA" 23 2 1 3.76262626262626
190.977 0 169.648516321511 "LDA" 23 2 1 3.7979797979798
195.34 0 175.530514046309 "LDA" 23 2 1 3.83333333333333
199.841 0 178.543180733363 "LDA" 23 2 1 3.86868686868687
205.389 0 184.632198512956 "LDA" 23 2 1 3.9040404040404
213.193 0 195.169733760068 "LDA" 23 2 1 3.93939393939394
220.212 0 200.985153899705 "LDA" 23 2 1 3.97474747474747
222.158 0 202.174581977057 "LDA" 23 2 1 4.01010101010101
229.06 0 211.423182650726 "LDA" 23 2 1 4.04545454545454
234.357 0 216.27952372655 "LDA" 23 2 1 4.08080808080808
240.631 0 222.727623866986 "LDA" 23 2 1 4.11616161616162
245.284 0 228.932167423631 "LDA" 23 2 1 4.15151515151515
251.911 0 232.496679083347 "LDA" 23 2 1 4.18686868686869
259.104 0 239.983268485853 "LDA" 23 2 1 4.22222222222222
263.727 0 241.781916126839 "LDA" 23 2 1 4.25757575757576
268.629 0 246.347194624374 "LDA" 23 2 1 4.29292929292929
274.566 0 249.541348334356 "LDA" 23 2 1 4.32828282828283
283.627 0 258.575383786044 "LDA" 23 2 1 4.36363636363636
289.532 0 264.636228263081 "LDA" 23 2 1 4.3989898989899
294.782 0 270.65831300442 "LDA" 23 2 1 4.43434343434343
298.995 0 271.987934312189 "LDA" 23 2 1 4.46969696969697
302.374 0 273.208559604272 "LDA" 23 2 1 4.50505050505051
310.687 0 280.955204361581 "LDA" 23 2 1 4.54040404040404
317.36 0 287.985600518682 "LDA" 23 2 1 4.57575757575758
323.69 0 294.015188095498 "LDA" 23 2 1 4.61111111111111
327.568 0 296.912435526656 "LDA" 23 2 1 4.64646464646465
336.321 0 304.394369019683 "LDA" 23 2 1 4.68181818181818
341.314 0 307.46036049754 "LDA" 23 2 1 4.71717171717172
344.088 0 309.440889217828 "LDA" 23 2 1 4.75252525252525
354.39 0 318.969602795482 "LDA" 23 2 1 4.78787878787879
360.840840840841 1 323.677837329729 "LDA" 23 2 1 4.82323232323232
367.173173173173 1 327.82887392999 "LDA" 23 2 1 4.85858585858586
380.245490981964 2 341.026871133662 "LDA" 23 2 1 4.89393939393939
386.712424849699 2 346.689899080294 "LDA" 23 2 1 4.92929292929293
395.321965897693 3 351.765709109584 "LDA" 23 2 1 4.96464646464646
401.265060240964 4 356.26244634747 "LDA" 23 2 1 5
18.087 0 12.3730563533641 "uLSIF" 23 2 1 1.5
18.711 0 13.2058272316759 "uLSIF" 23 2 1 1.53535353535354
19.287 0 13.6066811814187 "uLSIF" 23 2 1 1.57070707070707
19.901 0 13.803178138629 "uLSIF" 23 2 1 1.60606060606061
20.26 0 13.8569988242915 "uLSIF" 23 2 1 1.64141414141414
20.661 0 14.0707521144061 "uLSIF" 23 2 1 1.67676767676768
21.162 0 14.3140017691296 "uLSIF" 23 2 1 1.71212121212121
21.863 0 15.0442201379653 "uLSIF" 23 2 1 1.74747474747475
22.501 0 15.6758326965661 "uLSIF" 23 2 1 1.78282828282828
23.066 0 16.4112453206018 "uLSIF" 23 2 1 1.81818181818182
23.655 0 16.7719191588879 "uLSIF" 23 2 1 1.85353535353535
24.43 0 17.5932550320463 "uLSIF" 23 2 1 1.88888888888889
25.039 0 17.8883054108116 "uLSIF" 23 2 1 1.92424242424242
25.627 0 18.3515844452639 "uLSIF" 23 2 1 1.95959595959596
26.071 0 18.5184473402035 "uLSIF" 23 2 1 1.99494949494949
26.826 0 19.3838969110821 "uLSIF" 23 2 1 2.03030303030303
27.391 0 19.9146356158407 "uLSIF" 23 2 1 2.06565656565657
27.889 0 20.0329228271113 "uLSIF" 23 2 1 2.1010101010101
28.459 0 20.392551953475 "uLSIF" 23 2 1 2.13636363636364
29.036 0 20.6140156602648 "uLSIF" 23 2 1 2.17171717171717
29.719 0 21.1945570429827 "uLSIF" 23 2 1 2.20707070707071
30.271 0 21.5696269742387 "uLSIF" 23 2 1 2.24242424242424
30.922 0 21.6828056316534 "uLSIF" 23 2 1 2.27777777777778
31.873 0 22.5982643703571 "uLSIF" 23 2 1 2.31313131313131
32.377 0 22.7826231790573 "uLSIF" 23 2 1 2.34848484848485
33.01 0 23.0552259464843 "uLSIF" 23 2 1 2.38383838383838
33.999 0 23.9531365743978 "uLSIF" 23 2 1 2.41919191919192
34.643 0 24.1213056941035 "uLSIF" 23 2 1 2.45454545454545
35.104 0 24.1961285464563 "uLSIF" 23 2 1 2.48989898989899
35.742 0 25.1693649688055 "uLSIF" 23 2 1 2.52525252525253
36.095 0 25.1962859927377 "uLSIF" 23 2 1 2.56060606060606
36.726 0 25.5113651879658 "uLSIF" 23 2 1 2.5959595959596
37.408 0 25.751595691931 "uLSIF" 23 2 1 2.63131313131313
37.956 0 26.0143962607786 "uLSIF" 23 2 1 2.66666666666667
38.718 0 26.7166287965801 "uLSIF" 23 2 1 2.7020202020202
39.346 0 27.0998650676841 "uLSIF" 23 2 1 2.73737373737374
39.887 0 27.4105740649584 "uLSIF" 23 2 1 2.77272727272727
40.522 0 27.6710535253576 "uLSIF" 23 2 1 2.80808080808081
41.212 0 28.024282620906 "uLSIF" 23 2 1 2.84343434343434
41.82 0 28.1221345998922 "uLSIF" 23 2 1 2.87878787878788
42.624 0 29.4630734428148 "uLSIF" 23 2 1 2.91414141414141
43.293 0 29.6331448596715 "uLSIF" 23 2 1 2.94949494949495
43.801 0 30.0035933617061 "uLSIF" 23 2 1 2.98484848484848
44.385 0 30.4154216290498 "uLSIF" 23 2 1 3.02020202020202
45.346 0 30.8071641889572 "uLSIF" 23 2 1 3.05555555555556
46.127 0 31.4924220034542 "uLSIF" 23 2 1 3.09090909090909
46.671 0 31.7466314371715 "uLSIF" 23 2 1 3.12626262626263
47.704 0 32.8253543451992 "uLSIF" 23 2 1 3.16161616161616
48.591 0 33.6103462400252 "uLSIF" 23 2 1 3.1969696969697
49.354 0 33.7923453848147 "uLSIF" 23 2 1 3.23232323232323
50.039 0 34.1972649773623 "uLSIF" 23 2 1 3.26767676767677
50.68 0 34.4920469282602 "uLSIF" 23 2 1 3.3030303030303
51.291 0 34.767932468413 "uLSIF" 23 2 1 3.33838383838384
52.054 0 35.0834424184961 "uLSIF" 23 2 1 3.37373737373737
53.055 0 36.6649463833413 "uLSIF" 23 2 1 3.40909090909091
53.893 0 37.1636204598756 "uLSIF" 23 2 1 3.44444444444444
54.328 0 37.331327916966 "uLSIF" 23 2 1 3.47979797979798
54.984 0 38.0324099710787 "uLSIF" 23 2 1 3.51515151515152
56.15 0 39.4363376180487 "uLSIF" 23 2 1 3.55050505050505
57.016 0 40.0781986372392 "uLSIF" 23 2 1 3.58585858585859
57.728 0 40.7033017674829 "uLSIF" 23 2 1 3.62121212121212
58.515 0 41.169876532894 "uLSIF" 23 2 1 3.65656565656566
59.089 0 41.548518124698 "uLSIF" 23 2 1 3.69191919191919
59.864 0 41.9741507756063 "uLSIF" 23 2 1 3.72727272727273
60.51 0 42.4403473487563 "uLSIF" 23 2 1 3.76262626262626
61.491 0 42.8434999093735 "uLSIF" 23 2 1 3.7979797979798
62.531 0 43.1813810648834 "uLSIF" 23 2 1 3.83333333333333
63.266 0 43.4964042327775 "uLSIF" 23 2 1 3.86868686868687
64.223 0 44.4243265766831 "uLSIF" 23 2 1 3.9040404040404
65.569 0 46.1629099305195 "uLSIF" 23 2 1 3.93939393939394
66.527 0 47.2131162850891 "uLSIF" 23 2 1 3.97474747474747
67.259 0 47.4635935398039 "uLSIF" 23 2 1 4.01010101010101
68.372 0 48.7453559400865 "uLSIF" 23 2 1 4.04545454545454
69.134 0 48.960996959041 "uLSIF" 23 2 1 4.08080808080808
70.199 0 49.7078290339386 "uLSIF" 23 2 1 4.11616161616162
70.875 0 49.8819765705669 "uLSIF" 23 2 1 4.15151515151515
71.924 0 50.9251371485006 "uLSIF" 23 2 1 4.18686868686869
73.131 0 52.667938546622 "uLSIF" 23 2 1 4.22222222222222
73.833 0 52.8715094120407 "uLSIF" 23 2 1 4.25757575757576
74.917 0 53.6105605566963 "uLSIF" 23 2 1 4.29292929292929
75.458 0 53.5843215457238 "uLSIF" 23 2 1 4.32828282828283
76.369 0 54.6543679767586 "uLSIF" 23 2 1 4.36363636363636
76.992 0 54.7190287569883 "uLSIF" 23 2 1 4.3989898989899
78.048 0 55.7080881657869 "uLSIF" 23 2 1 4.43434343434343
78.774 0 55.8392599068697 "uLSIF" 23 2 1 4.46969696969697
79.773 0 56.6287408061073 "uLSIF" 23 2 1 4.50505050505051
80.367 0 57.0272954244143 "uLSIF" 23 2 1 4.54040404040404
80.762 0 57.1560335237512 "uLSIF" 23 2 1 4.57575757575758
81.643 0 57.2765060836391 "uLSIF" 23 2 1 4.61111111111111
82.349 0 57.747917893384 "uLSIF" 23 2 1 4.64646464646465
82.908 0 57.8816017039596 "uLSIF" 23 2 1 4.68181818181818
83.934 0 58.5889093967818 "uLSIF" 23 2 1 4.71717171717172
85.055 0 59.9063832137256 "uLSIF" 23 2 1 4.75252525252525
86.353 0 61.3620868020042 "uLSIF" 23 2 1 4.78787878787879
87.288 0 62.4653902651779 "uLSIF" 23 2 1 4.82323232323232
88.93 0 64.4755162227662 "uLSIF" 23 2 1 4.85858585858586
89.474 0 64.8515153488571 "uLSIF" 23 2 1 4.89393939393939
90.212 0 65.3046993696454 "uLSIF" 23 2 1 4.92929292929293
91.191 0 65.6958329078904 "uLSIF" 23 2 1 4.96464646464646
92.17 0 66.0889010564016 "uLSIF" 23 2 1 5
