132.045 15.77 0 0 "KDE LDA" 90 1000 2.5
132.075 15.775 0 0 "KDE LDA" 90 1000 2.51010101010101
132.085 15.805 0 0 "KDE LDA" 90 1000 2.52020202020202
135.71 16.04 0 0 "KDE LDA" 90 1000 2.53030303030303
138.22 16.065 0 0 "KDE LDA" 90 1000 2.54040404040404
140.17 16.105 0 0 "KDE LDA" 90 1000 2.55050505050505
140.2 16.115 0 0 "KDE LDA" 90 1000 2.56060606060606
141.12 16.235 0 0 "KDE LDA" 90 1000 2.57070707070707
141.13 16.235 0 0 "KDE LDA" 90 1000 2.58080808080808
141.145 16.28 0 0 "KDE LDA" 90 1000 2.59090909090909
143.43 16.355 0 0 "KDE LDA" 90 1000 2.6010101010101
147.905 16.385 0 0 "KDE LDA" 90 1000 2.61111111111111
148.415 16.455 0 0 "KDE LDA" 90 1000 2.62121212121212
149.725 16.47 0 0 "KDE LDA" 90 1000 2.63131313131313
150.12 16.51 0 0 "KDE LDA" 90 1000 2.64141414141414
152.16 16.555 0 0 "KDE LDA" 90 1000 2.65151515151515
160.97 16.69 0 0 "KDE LDA" 90 1000 2.66161616161616
172.605 17.115 0 0 "KDE LDA" 90 1000 2.67171717171717
172.705 17.125 0 0 "KDE LDA" 90 1000 2.68181818181818
174.425 17.165 0 0 "KDE LDA" 90 1000 2.69191919191919
174.785 17.195 0 0 "KDE LDA" 90 1000 2.7020202020202
175.905 17.33 0 0 "KDE LDA" 90 1000 2.71212121212121
176.375 17.465 0 0 "KDE LDA" 90 1000 2.72222222222222
180.29 17.47 0 0 "KDE LDA" 90 1000 2.73232323232323
181.57 17.515 0 0 "KDE LDA" 90 1000 2.74242424242424
182.62 17.825 0 0 "KDE LDA" 90 1000 2.75252525252525
185.36 17.855 0 0 "KDE LDA" 90 1000 2.76262626262626
189.09 17.895 0 0 "KDE LDA" 90 1000 2.77272727272727
196.53 17.96 0 0 "KDE LDA" 90 1000 2.78282828282828
207.8 18.26 0 0 "KDE LDA" 90 1000 2.79292929292929
247.275 18.805 0 0 "KDE LDA" 90 1000 2.8030303030303
247.305 18.815 0 0 "KDE LDA" 90 1000 2.81313131313131
248.935 18.885 0 0 "KDE LDA" 90 1000 2.82323232323232
249.685 18.885 0 0 "KDE LDA" 90 1000 2.83333333333333
249.685 18.89 0 0 "KDE LDA" 90 1000 2.84343434343434
251.53 18.935 0 0 "KDE LDA" 90 1000 2.85353535353535
254.695 18.985 0 0 "KDE LDA" 90 1000 2.86363636363636
254.7 19 0 0 "KDE LDA" 90 1000 2.87373737373737
254.715 19.015 0 0 "KDE LDA" 90 1000 2.88383838383838
254.715 19.115 0 0 "KDE LDA" 90 1000 2.89393939393939
254.73 19.19 0 0 "KDE LDA" 90 1000 2.9040404040404
255.165 19.195 0 0 "KDE LDA" 90 1000 2.91414141414141
256.96 19.2 0 0 "KDE LDA" 90 1000 2.92424242424242
257.59 19.23 0 0 "KDE LDA" 90 1000 2.93434343434343
257.795 19.365 0 0 "KDE LDA" 90 1000 2.94444444444444
264.71 19.46 0 0 "KDE LDA" 90 1000 2.95454545454545
265.2 19.71 0 0 "KDE LDA" 90 1000 2.96464646464646
265.205 19.71 0 0 "KDE LDA" 90 1000 2.97474747474747
265.34 19.87 0 0 "KDE LDA" 90 1000 2.98484848484848
265.38 19.89 0 0 "KDE LDA" 90 1000 2.99494949494949
267.96 19.905 0 0 "KDE LDA" 90 1000 3.00505050505051
270.83 19.93 0 0 "KDE LDA" 90 1000 3.01515151515152
270.835 19.97 0 0 "KDE LDA" 90 1000 3.02525252525253
272.135 20.105 0 0 "KDE LDA" 90 1000 3.03535353535354
272.145 20.11 0 0 "KDE LDA" 90 1000 3.04545454545455
272.545 20.205 0 0 "KDE LDA" 90 1000 3.05555555555556
273.975 20.54 0 0 "KDE LDA" 90 1000 3.06565656565657
282.525 20.545 0 0 "KDE LDA" 90 1000 3.07575757575758
285.13 20.61 0 0 "KDE LDA" 90 1000 3.08585858585859
302.335 20.7 0 0 "KDE LDA" 90 1000 3.0959595959596
304.245 20.705 0 0 "KDE LDA" 90 1000 3.10606060606061
308.585 20.725 0 0 "KDE LDA" 90 1000 3.11616161616162
308.64 20.755 0 0 "KDE LDA" 90 1000 3.12626262626263
309.125 20.765 0 0 "KDE LDA" 90 1000 3.13636363636364
310.86 20.77 0 0 "KDE LDA" 90 1000 3.14646464646465
311.415 20.875 0 0 "KDE LDA" 90 1000 3.15656565656566
312.055 20.96 0 0 "KDE LDA" 90 1000 3.16666666666667
317.935 21.215 0 0 "KDE LDA" 90 1000 3.17676767676768
326.465 21.44 0 0 "KDE LDA" 90 1000 3.18686868686869
326.5 21.47 0 0 "KDE LDA" 90 1000 3.1969696969697
331.79 21.625 0 0 "KDE LDA" 90 1000 3.20707070707071
337.115 21.675 0 0 "KDE LDA" 90 1000 3.21717171717172
345.3 21.96 0 0 "KDE LDA" 90 1000 3.22727272727273
358.275 21.97 0 0 "KDE LDA" 90 1000 3.23737373737374
363.47 22.025 0 0 "KDE LDA" 90 1000 3.24747474747475
366.38 22.065 0 0 "KDE LDA" 90 1000 3.25757575757576
372.865 22.12 0 0 "KDE LDA" 90 1000 3.26767676767677
373.145 22.125 0 0 "KDE LDA" 90 1000 3.27777777777778
375.025 22.54 0 0 "KDE LDA" 90 1000 3.28787878787879
380.125 22.575 0 0 "KDE LDA" 90 1000 3.2979797979798
381.59 22.63 0 0 "KDE LDA" 90 1000 3.30808080808081
381.595 22.745 0 0 "KDE LDA" 90 1000 3.31818181818182
381.76 22.78 0 0 "KDE LDA" 90 1000 3.32828282828283
391.97 22.9 0 0 "KDE LDA" 90 1000 3.33838383838384
409.78 23.16 0 0 "KDE LDA" 90 1000 3.34848484848485
466.91 23.36 0 0 "KDE LDA" 90 1000 3.35858585858586
476.485 23.395 0 0 "KDE LDA" 90 1000 3.36868686868687
493.385 23.4 0 0 "KDE LDA" 90 1000 3.37878787878788
509.555 23.465 0 0 "KDE LDA" 90 1000 3.38888888888889
509.62 23.47 0 0 "KDE LDA" 90 1000 3.3989898989899
509.63 23.475 0 0 "KDE LDA" 90 1000 3.40909090909091
521.13 23.525 0 0 "KDE LDA" 90 1000 3.41919191919192
522.355 23.705 0 0 "KDE LDA" 90 1000 3.42929292929293
522.365 23.895 0 0 "KDE LDA" 90 1000 3.43939393939394
526 23.93 0 0 "KDE LDA" 90 1000 3.44949494949495
531.53 23.945 0 0 "KDE LDA" 90 1000 3.45959595959596
535.57 24.035 0 0 "KDE LDA" 90 1000 3.46969696969697
538.295 24.04 0 0 "KDE LDA" 90 1000 3.47979797979798
542.365 24.12 0 0 "KDE LDA" 90 1000 3.48989898989899
544.265 24.25 0 0 "KDE LDA" 90 1000 3.5
61.925 13.27 0 0 "KDE QDA" 90 1000 3.5
62.06 13.275 0 0 "KDE QDA" 90 1000 3.51010101010101
62.275 13.305 0 0 "KDE QDA" 90 1000 3.52020202020202
62.42 13.31 0 0 "KDE QDA" 90 1000 3.53030303030303
62.49 13.315 0 0 "KDE QDA" 90 1000 3.54040404040404
62.72 13.355 0 0 "KDE QDA" 90 1000 3.55050505050505
63.145 13.355 0 0 "KDE QDA" 90 1000 3.56060606060606
63.195 13.37 0 0 "KDE QDA" 90 1000 3.57070707070707
63.835 13.385 0 0 "KDE QDA" 90 1000 3.58080808080808
64.065 13.39 0 0 "KDE QDA" 90 1000 3.59090909090909
64.09 13.395 0 0 "KDE QDA" 90 1000 3.6010101010101
64.68 13.4 0 0 "KDE QDA" 90 1000 3.61111111111111
64.865 13.405 0 0 "KDE QDA" 90 1000 3.62121212121212
65.97 13.425 0 0 "KDE QDA" 90 1000 3.63131313131313
66.565 13.52 0 0 "KDE QDA" 90 1000 3.64141414141414
67.6 13.75 0 0 "KDE QDA" 90 1000 3.65151515151515
68.13 13.855 0 0 "KDE QDA" 90 1000 3.66161616161616
68.325 13.87 0 0 "KDE QDA" 90 1000 3.67171717171717
69.87 13.895 0 0 "KDE QDA" 90 1000 3.68181818181818
69.885 13.91 0 0 "KDE QDA" 90 1000 3.69191919191919
71.82 13.975 0 0 "KDE QDA" 90 1000 3.7020202020202
72.19 14.01 0 0 "KDE QDA" 90 1000 3.71212121212121
72.215 14.02 0 0 "KDE QDA" 90 1000 3.72222222222222
72.225 14.03 0 0 "KDE QDA" 90 1000 3.73232323232323
72.225 14.055 0 0 "KDE QDA" 90 1000 3.74242424242424
72.295 14.08 0 0 "KDE QDA" 90 1000 3.75252525252525
72.39 14.105 0 0 "KDE QDA" 90 1000 3.76262626262626
72.505 14.11 0 0 "KDE QDA" 90 1000 3.77272727272727
72.535 14.135 0 0 "KDE QDA" 90 1000 3.78282828282828
74.38 14.455 0 0 "KDE QDA" 90 1000 3.79292929292929
75.355 14.485 0 0 "KDE QDA" 90 1000 3.8030303030303
76.505 14.51 0 0 "KDE QDA" 90 1000 3.81313131313131
76.785 14.535 0 0 "KDE QDA" 90 1000 3.82323232323232
77 14.535 0 0 "KDE QDA" 90 1000 3.83333333333333
77.555 14.545 0 0 "KDE QDA" 90 1000 3.84343434343434
77.995 14.585 0 0 "KDE QDA" 90 1000 3.85353535353535
78.325 14.605 0 0 "KDE QDA" 90 1000 3.86363636363636
78.7 14.62 0 0 "KDE QDA" 90 1000 3.87373737373737
78.97 14.62 0 0 "KDE QDA" 90 1000 3.88383838383838
78.995 14.675 0 0 "KDE QDA" 90 1000 3.89393939393939
79.025 14.69 0 0 "KDE QDA" 90 1000 3.9040404040404
79.095 14.78 0 0 "KDE QDA" 90 1000 3.91414141414141
82.125 15.17 0 0 "KDE QDA" 90 1000 3.92424242424242
82.125 15.195 0 0 "KDE QDA" 90 1000 3.93434343434343
82.375 15.235 0 0 "KDE QDA" 90 1000 3.94444444444444
82.895 15.27 0 0 "KDE QDA" 90 1000 3.95454545454545
82.915 15.275 0 0 "KDE QDA" 90 1000 3.96464646464646
82.925 15.28 0 0 "KDE QDA" 90 1000 3.97474747474747
82.93 15.285 0 0 "KDE QDA" 90 1000 3.98484848484848
83.455 15.305 0 0 "KDE QDA" 90 1000 3.99494949494949
83.475 15.33 0 0 "KDE QDA" 90 1000 4.00505050505051
83.5 15.34 0 0 "KDE QDA" 90 1000 4.01515151515152
83.645 15.4 0 0 "KDE QDA" 90 1000 4.02525252525253
83.675 15.4 0 0 "KDE QDA" 90 1000 4.03535353535354
83.735 15.4 0 0 "KDE QDA" 90 1000 4.04545454545455
83.74 15.405 0 0 "KDE QDA" 90 1000 4.05555555555556
83.905 15.475 0 0 "KDE QDA" 90 1000 4.06565656565657
84.015 15.505 0 0 "KDE QDA" 90 1000 4.07575757575758
84.285 15.555 0 0 "KDE QDA" 90 1000 4.08585858585859
84.305 15.56 0 0 "KDE QDA" 90 1000 4.0959595959596
84.39 15.59 0 0 "KDE QDA" 90 1000 4.10606060606061
84.4 15.605 0 0 "KDE QDA" 90 1000 4.11616161616162
84.45 15.625 0 0 "KDE QDA" 90 1000 4.12626262626263
84.45 15.64 0 0 "KDE QDA" 90 1000 4.13636363636364
85.75 15.65 0 0 "KDE QDA" 90 1000 4.14646464646465
85.75 15.65 0 0 "KDE QDA" 90 1000 4.15656565656566
85.86 15.745 0 0 "KDE QDA" 90 1000 4.16666666666667
86.04 15.83 0 0 "KDE QDA" 90 1000 4.17676767676768
86.13 15.85 0 0 "KDE QDA" 90 1000 4.18686868686869
86.735 15.855 0 0 "KDE QDA" 90 1000 4.1969696969697
88.025 15.895 0 0 "KDE QDA" 90 1000 4.20707070707071
88.16 16.055 0 0 "KDE QDA" 90 1000 4.21717171717172
88.795 16.065 0 0 "KDE QDA" 90 1000 4.22727272727273
89.01 16.085 0 0 "KDE QDA" 90 1000 4.23737373737374
89.83 16.115 0 0 "KDE QDA" 90 1000 4.24747474747475
91.12 16.14 0 0 "KDE QDA" 90 1000 4.25757575757576
91.84 16.175 0 0 "KDE QDA" 90 1000 4.26767676767677
91.84 16.195 0 0 "KDE QDA" 90 1000 4.27777777777778
92.445 16.22 0 0 "KDE QDA" 90 1000 4.28787878787879
92.49 16.225 0 0 "KDE QDA" 90 1000 4.2979797979798
92.515 16.235 0 0 "KDE QDA" 90 1000 4.30808080808081
92.515 16.28 0 0 "KDE QDA" 90 1000 4.31818181818182
92.725 16.29 0 0 "KDE QDA" 90 1000 4.32828282828283
92.855 16.38 0 0 "KDE QDA" 90 1000 4.33838383838384
93.015 16.635 0 0 "KDE QDA" 90 1000 4.34848484848485
93.875 16.645 0 0 "KDE QDA" 90 1000 4.35858585858586
98.455 16.65 0 0 "KDE QDA" 90 1000 4.36868686868687
99.04 16.695 0 0 "KDE QDA" 90 1000 4.37878787878788
99.17 16.705 0 0 "KDE QDA" 90 1000 4.38888888888889
100.305 16.705 0 0 "KDE QDA" 90 1000 4.3989898989899
100.31 16.73 0 0 "KDE QDA" 90 1000 4.40909090909091
100.735 16.74 0 0 "KDE QDA" 90 1000 4.41919191919192
101.085 16.795 0 0 "KDE QDA" 90 1000 4.42929292929293
101.79 16.795 0 0 "KDE QDA" 90 1000 4.43939393939394
101.85 16.82 0 0 "KDE QDA" 90 1000 4.44949494949495
101.875 16.825 0 0 "KDE QDA" 90 1000 4.45959595959596
102.34 16.845 0 0 "KDE QDA" 90 1000 4.46969696969697
103.625 17.065 0 0 "KDE QDA" 90 1000 4.47979797979798
103.775 17.075 0 0 "KDE QDA" 90 1000 4.48989898989899
104.16 17.095 0 0 "KDE QDA" 90 1000 4.5
