133.125 16.285 0 0 "KDE LDA" 27 600 2.3
134.79 16.29 0 0 "KDE LDA" 27 600 2.31010101010101
135.045 16.41 0 0 "KDE LDA" 27 600 2.32020202020202
135.06 16.42 0 0 "KDE LDA" 27 600 2.33030303030303
135.335 16.425 0 0 "KDE LDA" 27 600 2.34040404040404
135.605 16.43 0 0 "KDE LDA" 27 600 2.35050505050505
136.22 16.435 0 0 "KDE LDA" 27 600 2.36060606060606
136.635 16.46 0 0 "KDE LDA" 27 600 2.37070707070707
136.645 16.47 0 0 "KDE LDA" 27 600 2.38080808080808
138.775 16.47 0 0 "KDE LDA" 27 600 2.39090909090909
139.735 16.51 0 0 "KDE LDA" 27 600 2.4010101010101
139.76 16.545 0 0 "KDE LDA" 27 600 2.41111111111111
140.02 16.55 0 0 "KDE LDA" 27 600 2.42121212121212
142.48 16.58 0 0 "KDE LDA" 27 600 2.43131313131313
142.81 16.58 0 0 "KDE LDA" 27 600 2.44141414141414
143.375 16.685 0 0 "KDE LDA" 27 600 2.45151515151515
143.405 16.715 0 0 "KDE LDA" 27 600 2.46161616161616
147.465 16.755 0 0 "KDE LDA" 27 600 2.47171717171717
147.495 16.795 0 0 "KDE LDA" 27 600 2.48181818181818
149.46 16.925 0 0 "KDE LDA" 27 600 2.49191919191919
151.18 17.08 0 0 "KDE LDA" 27 600 2.5020202020202
151.845 17.1 0 0 "KDE LDA" 27 600 2.51212121212121
154.73 17.125 0 0 "KDE LDA" 27 600 2.52222222222222
164.445 17.655 0 0 "KDE LDA" 27 600 2.53232323232323
167.83 17.73 0 0 "KDE LDA" 27 600 2.54242424242424
168.805 17.74 0 0 "KDE LDA" 27 600 2.55252525252525
169.65 17.755 0 0 "KDE LDA" 27 600 2.56262626262626
169.66 17.76 0 0 "KDE LDA" 27 600 2.57272727272727
171.85 17.775 0 0 "KDE LDA" 27 600 2.58282828282828
172.42 17.78 0 0 "KDE LDA" 27 600 2.59292929292929
172.42 17.815 0 0 "KDE LDA" 27 600 2.6030303030303
173.385 17.815 0 0 "KDE LDA" 27 600 2.61313131313131
175.07 17.825 0 0 "KDE LDA" 27 600 2.62323232323232
175.17 17.835 0 0 "KDE LDA" 27 600 2.63333333333333
175.895 18.11 0 0 "KDE LDA" 27 600 2.64343434343434
179.85 18.17 0 0 "KDE LDA" 27 600 2.65353535353535
190.58 18.36 0 0 "KDE LDA" 27 600 2.66363636363636
199.425 18.835 0 0 "KDE LDA" 27 600 2.67373737373737
204.345 18.86 0 0 "KDE LDA" 27 600 2.68383838383838
205.455 18.875 0 0 "KDE LDA" 27 600 2.69393939393939
206.09 18.895 0 0 "KDE LDA" 27 600 2.7040404040404
207.11 19 0 0 "KDE LDA" 27 600 2.71414141414141
210.495 19.045 0 0 "KDE LDA" 27 600 2.72424242424242
210.99 19.05 0 0 "KDE LDA" 27 600 2.73434343434343
212.035 19.085 0 0 "KDE LDA" 27 600 2.74444444444444
213.755 19.09 0 0 "KDE LDA" 27 600 2.75454545454545
217.59 19.11 0 0 "KDE LDA" 27 600 2.76464646464646
224.64 19.145 0 0 "KDE LDA" 27 600 2.77474747474747
224.78 19.21 0 0 "KDE LDA" 27 600 2.78484848484848
232.37 19.36 0 0 "KDE LDA" 27 600 2.79494949494949
269.45 19.635 0 0 "KDE LDA" 27 600 2.80505050505051
271.52 19.685 0 0 "KDE LDA" 27 600 2.81515151515151
273.005 19.84 0 0 "KDE LDA" 27 600 2.82525252525252
273.01 19.84 0 0 "KDE LDA" 27 600 2.83535353535354
274.235 19.885 0 0 "KDE LDA" 27 600 2.84545454545455
274.235 19.89 0 0 "KDE LDA" 27 600 2.85555555555556
274.36 19.895 0 0 "KDE LDA" 27 600 2.86565656565657
274.365 19.895 0 0 "KDE LDA" 27 600 2.87575757575758
276.935 19.895 0 0 "KDE LDA" 27 600 2.88585858585859
280.22 19.9 0 0 "KDE LDA" 27 600 2.8959595959596
280.22 19.915 0 0 "KDE LDA" 27 600 2.90606060606061
280.23 19.935 0 0 "KDE LDA" 27 600 2.91616161616162
282.105 20.065 0 0 "KDE LDA" 27 600 2.92626262626263
285.61 20.11 0 0 "KDE LDA" 27 600 2.93636363636364
296.885 20.135 0 0 "KDE LDA" 27 600 2.94646464646465
297.02 20.36 0 0 "KDE LDA" 27 600 2.95656565656566
299.365 20.37 0 0 "KDE LDA" 27 600 2.96666666666667
299.375 20.585 0 0 "KDE LDA" 27 600 2.97676767676768
303.035 20.605 0 0 "KDE LDA" 27 600 2.98686868686869
306.585 20.61 0 0 "KDE LDA" 27 600 2.9969696969697
308.565 20.735 0 0 "KDE LDA" 27 600 3.00707070707071
315.045 20.765 0 0 "KDE LDA" 27 600 3.01717171717172
315.055 20.865 0 0 "KDE LDA" 27 600 3.02727272727273
318.91 20.92 0 0 "KDE LDA" 27 600 3.03737373737374
318.965 21.01 0 0 "KDE LDA" 27 600 3.04747474747475
319.25 21.09 0 0 "KDE LDA" 27 600 3.05757575757576
323.475 21.115 0 0 "KDE LDA" 27 600 3.06767676767677
324.275 21.13 0 0 "KDE LDA" 27 600 3.07777777777778
334.84 21.54 0 0 "KDE LDA" 27 600 3.08787878787879
358 21.66 0 0 "KDE LDA" 27 600 3.0979797979798
364.545 21.695 0 0 "KDE LDA" 27 600 3.10808080808081
364.65 21.73 0 0 "KDE LDA" 27 600 3.11818181818182
369.64 21.755 0 0 "KDE LDA" 27 600 3.12828282828283
374.165 22.135 0 0 "KDE LDA" 27 600 3.13838383838384
375.785 22.495 0 0 "KDE LDA" 27 600 3.14848484848485
375.825 22.52 0 0 "KDE LDA" 27 600 3.15858585858586
377.8 22.54 0 0 "KDE LDA" 27 600 3.16868686868687
381.505 22.545 0 0 "KDE LDA" 27 600 3.17878787878788
386.92 22.685 0 0 "KDE LDA" 27 600 3.18888888888889
388.575 22.725 0 0 "KDE LDA" 27 600 3.1989898989899
395.625 22.895 0 0 "KDE LDA" 27 600 3.20909090909091
401.345 23.035 0 0 "KDE LDA" 27 600 3.21919191919192
418.65 23.6 0 0 "KDE LDA" 27 600 3.22929292929293
420.555 23.68 0 0 "KDE LDA" 27 600 3.23939393939394
420.59 23.72 0 0 "KDE LDA" 27 600 3.24949494949495
429.95 23.73 0 0 "KDE LDA" 27 600 3.25959595959596
434.195 23.76 0 0 "KDE LDA" 27 600 3.26969696969697
435.325 23.765 0 0 "KDE LDA" 27 600 3.27979797979798
440.77 23.85 0 0 "KDE LDA" 27 600 3.28989898989899
440.78 23.925 0 0 "KDE LDA" 27 600 3.3
115.54 18.445 0 0 "KDE QDA" 27 600 4.5
116.69 18.525 0 0 "KDE QDA" 27 600 4.51010101010101
116.92 18.54 0 0 "KDE QDA" 27 600 4.52020202020202
116.99 18.56 0 0 "KDE QDA" 27 600 4.53030303030303
118.145 18.56 0 0 "KDE QDA" 27 600 4.54040404040404
118.665 18.575 0 0 "KDE QDA" 27 600 4.55050505050505
122.295 18.575 0 0 "KDE QDA" 27 600 4.56060606060606
122.83 18.58 0 0 "KDE QDA" 27 600 4.57070707070707
122.95 18.815 0 0 "KDE QDA" 27 600 4.58080808080808
122.955 18.825 0 0 "KDE QDA" 27 600 4.59090909090909
123.01 18.89 0 0 "KDE QDA" 27 600 4.6010101010101
123.5 18.895 0 0 "KDE QDA" 27 600 4.61111111111111
123.595 18.905 0 0 "KDE QDA" 27 600 4.62121212121212
124.02 18.985 0 0 "KDE QDA" 27 600 4.63131313131313
124.535 19.245 0 0 "KDE QDA" 27 600 4.64141414141414
124.54 19.265 0 0 "KDE QDA" 27 600 4.65151515151515
124.545 19.34 0 0 "KDE QDA" 27 600 4.66161616161616
126.26 19.39 0 0 "KDE QDA" 27 600 4.67171717171717
126.26 19.48 0 0 "KDE QDA" 27 600 4.68181818181818
129.855 19.53 0 0 "KDE QDA" 27 600 4.69191919191919
131.625 19.54 0 0 "KDE QDA" 27 600 4.7020202020202
131.675 19.565 0 0 "KDE QDA" 27 600 4.71212121212121
131.97 19.57 0 0 "KDE QDA" 27 600 4.72222222222222
132.295 19.575 0 0 "KDE QDA" 27 600 4.73232323232323
132.6 19.58 0 0 "KDE QDA" 27 600 4.74242424242424
132.705 19.635 0 0 "KDE QDA" 27 600 4.75252525252525
132.85 19.675 0 0 "KDE QDA" 27 600 4.76262626262626
133.18 19.845 0 0 "KDE QDA" 27 600 4.77272727272727
134.78 19.88 0 0 "KDE QDA" 27 600 4.78282828282828
135.435 19.995 0 0 "KDE QDA" 27 600 4.79292929292929
138.335 20.095 0 0 "KDE QDA" 27 600 4.8030303030303
140.21 20.125 0 0 "KDE QDA" 27 600 4.81313131313131
140.455 20.19 0 0 "KDE QDA" 27 600 4.82323232323232
141.215 20.195 0 0 "KDE QDA" 27 600 4.83333333333333
141.3 20.255 0 0 "KDE QDA" 27 600 4.84343434343434
141.315 20.285 0 0 "KDE QDA" 27 600 4.85353535353535
142.015 20.285 0 0 "KDE QDA" 27 600 4.86363636363636
142.175 20.305 0 0 "KDE QDA" 27 600 4.87373737373737
142.24 20.32 0 0 "KDE QDA" 27 600 4.88383838383838
142.335 20.355 0 0 "KDE QDA" 27 600 4.89393939393939
143.005 20.59 0 0 "KDE QDA" 27 600 4.9040404040404
143.08 20.61 0 0 "KDE QDA" 27 600 4.91414141414141
143.12 20.66 0 0 "KDE QDA" 27 600 4.92424242424242
143.215 20.705 0 0 "KDE QDA" 27 600 4.93434343434343
143.295 20.715 0 0 "KDE QDA" 27 600 4.94444444444444
145.94 20.74 0 0 "KDE QDA" 27 600 4.95454545454546
146.305 20.76 0 0 "KDE QDA" 27 600 4.96464646464646
148.575 20.815 0 0 "KDE QDA" 27 600 4.97474747474747
148.575 20.825 0 0 "KDE QDA" 27 600 4.98484848484848
148.775 20.83 0 0 "KDE QDA" 27 600 4.99494949494949
149.265 20.855 0 0 "KDE QDA" 27 600 5.00505050505051
149.325 20.945 0 0 "KDE QDA" 27 600 5.01515151515152
149.34 20.975 0 0 "KDE QDA" 27 600 5.02525252525253
151.31 20.98 0 0 "KDE QDA" 27 600 5.03535353535354
152.23 21.155 0 0 "KDE QDA" 27 600 5.04545454545455
152.28 21.19 0 0 "KDE QDA" 27 600 5.05555555555556
152.555 21.275 0 0 "KDE QDA" 27 600 5.06565656565657
153.525 21.29 0 0 "KDE QDA" 27 600 5.07575757575758
154.69 21.335 0 0 "KDE QDA" 27 600 5.08585858585859
156.045 21.365 0 0 "KDE QDA" 27 600 5.0959595959596
156.405 21.37 0 0 "KDE QDA" 27 600 5.10606060606061
156.65 21.37 0 0 "KDE QDA" 27 600 5.11616161616162
158.36 21.37 0 0 "KDE QDA" 27 600 5.12626262626263
158.43 21.48 0 0 "KDE QDA" 27 600 5.13636363636364
158.46 21.575 0 0 "KDE QDA" 27 600 5.14646464646465
159.33 21.6 0 0 "KDE QDA" 27 600 5.15656565656566
159.425 21.645 0 0 "KDE QDA" 27 600 5.16666666666667
159.46 21.65 0 0 "KDE QDA" 27 600 5.17676767676768
159.99 21.795 0 0 "KDE QDA" 27 600 5.18686868686869
163.355 21.985 0 0 "KDE QDA" 27 600 5.1969696969697
163.435 21.99 0 0 "KDE QDA" 27 600 5.20707070707071
163.45 22.01 0 0 "KDE QDA" 27 600 5.21717171717172
163.475 22.08 0 0 "KDE QDA" 27 600 5.22727272727273
163.95 22.085 0 0 "KDE QDA" 27 600 5.23737373737374
165.715 22.095 0 0 "KDE QDA" 27 600 5.24747474747475
166.28 22.15 0 0 "KDE QDA" 27 600 5.25757575757576
167.74 22.16 0 0 "KDE QDA" 27 600 5.26767676767677
167.84 22.17 0 0 "KDE QDA" 27 600 5.27777777777778
167.88 22.175 0 0 "KDE QDA" 27 600 5.28787878787879
167.925 22.195 0 0 "KDE QDA" 27 600 5.2979797979798
169.575 22.205 0 0 "KDE QDA" 27 600 5.30808080808081
169.69 22.205 0 0 "KDE QDA" 27 600 5.31818181818182
170.24 22.24 0 0 "KDE QDA" 27 600 5.32828282828283
171.42 22.38 0 0 "KDE QDA" 27 600 5.33838383838384
172.97 22.44 0 0 "KDE QDA" 27 600 5.34848484848485
173.72 22.5 0 0 "KDE QDA" 27 600 5.35858585858586
174.23 22.59 0 0 "KDE QDA" 27 600 5.36868686868687
174.245 22.6 0 0 "KDE QDA" 27 600 5.37878787878788
174.285 22.61 0 0 "KDE QDA" 27 600 5.38888888888889
175.48 22.72 0 0 "KDE QDA" 27 600 5.3989898989899
175.96 22.72 0 0 "KDE QDA" 27 600 5.40909090909091
176.03 22.74 0 0 "KDE QDA" 27 600 5.41919191919192
176.07 22.755 0 0 "KDE QDA" 27 600 5.42929292929293
176.58 22.825 0 0 "KDE QDA" 27 600 5.43939393939394
178.445 22.84 0 0 "KDE QDA" 27 600 5.44949494949495
178.59 22.86 0 0 "KDE QDA" 27 600 5.45959595959596
178.795 23.055 0 0 "KDE QDA" 27 600 5.46969696969697
178.825 23.105 0 0 "KDE QDA" 27 600 5.47979797979798
179.585 23.13 0 0 "KDE QDA" 27 600 5.48989898989899
179.855 23.135 0 0 "KDE QDA" 27 600 5.5
