144.71 15.97 0 0 "KDE LDA" 60 800 2.4
144.91 16.09 0 0 "KDE LDA" 60 800 2.41010101010101
144.935 16.095 0 0 "KDE LDA" 60 800 2.42020202020202
147.565 16.145 0 0 "KDE LDA" 60 800 2.43030303030303
148.79 16.15 0 0 "KDE LDA" 60 800 2.44040404040404
149.065 16.16 0 0 "KDE LDA" 60 800 2.45050505050505
149.18 16.535 0 0 "KDE LDA" 60 800 2.46060606060606
151.29 16.55 0 0 "KDE LDA" 60 800 2.47070707070707
151.315 16.565 0 0 "KDE LDA" 60 800 2.48080808080808
151.315 16.645 0 0 "KDE LDA" 60 800 2.49090909090909
151.325 16.72 0 0 "KDE LDA" 60 800 2.5010101010101
151.74 16.835 0 0 "KDE LDA" 60 800 2.51111111111111
151.92 16.93 0 0 "KDE LDA" 60 800 2.52121212121212
156.785 17.12 0 0 "KDE LDA" 60 800 2.53131313131313
157.235 17.295 0 0 "KDE LDA" 60 800 2.54141414141414
157.455 17.32 0 0 "KDE LDA" 60 800 2.55151515151515
157.505 17.325 0 0 "KDE LDA" 60 800 2.56161616161616
158.305 17.355 0 0 "KDE LDA" 60 800 2.57171717171717
159.49 17.36 0 0 "KDE LDA" 60 800 2.58181818181818
161.37 17.41 0 0 "KDE LDA" 60 800 2.59191919191919
161.81 17.445 0 0 "KDE LDA" 60 800 2.6020202020202
164.96 17.455 0 0 "KDE LDA" 60 800 2.61212121212121
164.97 17.53 0 0 "KDE LDA" 60 800 2.62222222222222
166.075 17.61 0 0 "KDE LDA" 60 800 2.63232323232323
167.165 17.79 0 0 "KDE LDA" 60 800 2.64242424242424
169.93 17.845 0 0 "KDE LDA" 60 800 2.65252525252525
174.95 18.08 0 0 "KDE LDA" 60 800 2.66262626262626
187.845 18.36 0 0 "KDE LDA" 60 800 2.67272727272727
187.865 18.365 0 0 "KDE LDA" 60 800 2.68282828282828
189.88 18.515 0 0 "KDE LDA" 60 800 2.69292929292929
190.45 18.81 0 0 "KDE LDA" 60 800 2.7030303030303
190.455 18.83 0 0 "KDE LDA" 60 800 2.71313131313131
190.455 18.935 0 0 "KDE LDA" 60 800 2.72323232323232
191.805 18.975 0 0 "KDE LDA" 60 800 2.73333333333333
192.21 18.985 0 0 "KDE LDA" 60 800 2.74343434343434
193.55 19 0 0 "KDE LDA" 60 800 2.75353535353535
193.57 19.025 0 0 "KDE LDA" 60 800 2.76363636363636
195.86 19.2 0 0 "KDE LDA" 60 800 2.77373737373737
201.845 19.43 0 0 "KDE LDA" 60 800 2.78383838383838
218.77 19.71 0 0 "KDE LDA" 60 800 2.79393939393939
243.915 20.505 0 0 "KDE LDA" 60 800 2.8040404040404
244.115 20.555 0 0 "KDE LDA" 60 800 2.81414141414141
250.4 20.625 0 0 "KDE LDA" 60 800 2.82424242424242
252.915 20.625 0 0 "KDE LDA" 60 800 2.83434343434343
252.915 20.64 0 0 "KDE LDA" 60 800 2.84444444444444
253.775 20.655 0 0 "KDE LDA" 60 800 2.85454545454545
254.47 20.71 0 0 "KDE LDA" 60 800 2.86464646464646
255.265 20.73 0 0 "KDE LDA" 60 800 2.87474747474747
259.51 20.9 0 0 "KDE LDA" 60 800 2.88484848484848
261.145 20.96 0 0 "KDE LDA" 60 800 2.89494949494949
262.98 21 0 0 "KDE LDA" 60 800 2.90505050505051
265.095 21.105 0 0 "KDE LDA" 60 800 2.91515151515152
268.645 21.14 0 0 "KDE LDA" 60 800 2.92525252525253
268.645 21.23 0 0 "KDE LDA" 60 800 2.93535353535354
281.83 21.32 0 0 "KDE LDA" 60 800 2.94545454545455
283.93 21.365 0 0 "KDE LDA" 60 800 2.95555555555556
290.625 21.585 0 0 "KDE LDA" 60 800 2.96565656565657
290.625 21.605 0 0 "KDE LDA" 60 800 2.97575757575758
293.22 21.64 0 0 "KDE LDA" 60 800 2.98585858585859
297.285 21.73 0 0 "KDE LDA" 60 800 2.9959595959596
304.19 21.745 0 0 "KDE LDA" 60 800 3.00606060606061
304.77 21.98 0 0 "KDE LDA" 60 800 3.01616161616162
309.7 21.995 0 0 "KDE LDA" 60 800 3.02626262626263
313.76 22.005 0 0 "KDE LDA" 60 800 3.03636363636364
313.775 22.025 0 0 "KDE LDA" 60 800 3.04646464646465
322.04 22.05 0 0 "KDE LDA" 60 800 3.05656565656566
323.955 22.13 0 0 "KDE LDA" 60 800 3.06666666666667
331.04 22.16 0 0 "KDE LDA" 60 800 3.07676767676768
335.015 22.26 0 0 "KDE LDA" 60 800 3.08686868686869
347.395 22.405 0 0 "KDE LDA" 60 800 3.0969696969697
347.4 22.585 0 0 "KDE LDA" 60 800 3.10707070707071
347.45 22.755 0 0 "KDE LDA" 60 800 3.11717171717172
349.27 22.905 0 0 "KDE LDA" 60 800 3.12727272727273
349.27 22.91 0 0 "KDE LDA" 60 800 3.13737373737374
349.27 22.915 0 0 "KDE LDA" 60 800 3.14747474747475
349.51 23.085 0 0 "KDE LDA" 60 800 3.15757575757576
358.12 23.12 0 0 "KDE LDA" 60 800 3.16767676767677
362.905 23.13 0 0 "KDE LDA" 60 800 3.17777777777778
362.945 23.16 0 0 "KDE LDA" 60 800 3.18787878787879
374.385 23.175 0 0 "KDE LDA" 60 800 3.1979797979798
380.01 23.375 0 0 "KDE LDA" 60 800 3.20808080808081
387.2 23.575 0 0 "KDE LDA" 60 800 3.21818181818182
408.725 23.655 0 0 "KDE LDA" 60 800 3.22828282828283
418.76 23.66 0 0 "KDE LDA" 60 800 3.23838383838384
418.855 23.73 0 0 "KDE LDA" 60 800 3.24848484848485
433.415 23.77 0 0 "KDE LDA" 60 800 3.25858585858586
433.425 23.84 0 0 "KDE LDA" 60 800 3.26868686868687
434.875 24.05 0 0 "KDE LDA" 60 800 3.27878787878788
435.26 24.2 0 0 "KDE LDA" 60 800 3.28888888888889
443.315 24.26 0 0 "KDE LDA" 60 800 3.2989898989899
445.83 24.305 0 0 "KDE LDA" 60 800 3.30909090909091
465.565 24.41 0 0 "KDE LDA" 60 800 3.31919191919192
472.46 24.45 0 0 "KDE LDA" 60 800 3.32929292929293
480.18 24.565 0 0 "KDE LDA" 60 800 3.33939393939394
488.54 24.62 0 0 "KDE LDA" 60 800 3.34949494949495
559.83 25.215 0 0 "KDE LDA" 60 800 3.35959595959596
560.72 25.505 0 0 "KDE LDA" 60 800 3.36969696969697
570.585 25.545 0 0 "KDE LDA" 60 800 3.37979797979798
582.065 25.625 0 0 "KDE LDA" 60 800 3.38989898989899
586.14 25.625 0 0 "KDE LDA" 60 800 3.4
178.545 17.04 0 0 "KDE QDA" 60 800 4.3
179.775 17.06 0 0 "KDE QDA" 60 800 4.31010101010101
179.8 17.125 0 0 "KDE QDA" 60 800 4.32020202020202
181.93 17.27 0 0 "KDE QDA" 60 800 4.33030303030303
182.41 17.3 0 0 "KDE QDA" 60 800 4.34040404040404
187.985 17.545 0 0 "KDE QDA" 60 800 4.35050505050505
191.495 17.565 0 0 "KDE QDA" 60 800 4.36060606060606
191.61 17.585 0 0 "KDE QDA" 60 800 4.37070707070707
193.075 17.595 0 0 "KDE QDA" 60 800 4.38080808080808
193.9 17.675 0 0 "KDE QDA" 60 800 4.39090909090909
193.94 17.725 0 0 "KDE QDA" 60 800 4.4010101010101
196.02 17.75 0 0 "KDE QDA" 60 800 4.41111111111111
196.035 17.77 0 0 "KDE QDA" 60 800 4.42121212121212
196.075 17.82 0 0 "KDE QDA" 60 800 4.43131313131313
196.1 17.83 0 0 "KDE QDA" 60 800 4.44141414141414
197.415 17.845 0 0 "KDE QDA" 60 800 4.45151515151515
197.415 17.885 0 0 "KDE QDA" 60 800 4.46161616161616
197.44 17.915 0 0 "KDE QDA" 60 800 4.47171717171717
203.34 18.36 0 0 "KDE QDA" 60 800 4.48181818181818
204.975 18.365 0 0 "KDE QDA" 60 800 4.49191919191919
206.06 18.37 0 0 "KDE QDA" 60 800 4.5020202020202
209.345 18.41 0 0 "KDE QDA" 60 800 4.51212121212121
209.58 18.685 0 0 "KDE QDA" 60 800 4.52222222222222
212.93 18.755 0 0 "KDE QDA" 60 800 4.53232323232323
214.455 18.755 0 0 "KDE QDA" 60 800 4.54242424242424
216.28 18.765 0 0 "KDE QDA" 60 800 4.55252525252525
218.455 18.795 0 0 "KDE QDA" 60 800 4.56262626262626
220.38 18.8 0 0 "KDE QDA" 60 800 4.57272727272727
225.255 18.815 0 0 "KDE QDA" 60 800 4.58282828282828
226.555 18.85 0 0 "KDE QDA" 60 800 4.59292929292929
226.585 18.875 0 0 "KDE QDA" 60 800 4.6030303030303
227.53 18.88 0 0 "KDE QDA" 60 800 4.61313131313131
228.01 18.885 0 0 "KDE QDA" 60 800 4.62323232323232
229.36 18.925 0 0 "KDE QDA" 60 800 4.63333333333333
229.415 18.965 0 0 "KDE QDA" 60 800 4.64343434343434
229.5 18.99 0 0 "KDE QDA" 60 800 4.65353535353535
231.395 19.07 0 0 "KDE QDA" 60 800 4.66363636363636
231.6 19.08 0 0 "KDE QDA" 60 800 4.67373737373737
231.66 19.105 0 0 "KDE QDA" 60 800 4.68383838383838
235.555 19.105 0 0 "KDE QDA" 60 800 4.69393939393939
235.62 19.11 0 0 "KDE QDA" 60 800 4.7040404040404
235.835 19.115 0 0 "KDE QDA" 60 800 4.71414141414141
235.895 19.125 0 0 "KDE QDA" 60 800 4.72424242424242
237.625 19.125 0 0 "KDE QDA" 60 800 4.73434343434343
237.64 19.125 0 0 "KDE QDA" 60 800 4.74444444444444
240.205 19.205 0 0 "KDE QDA" 60 800 4.75454545454545
240.265 19.215 0 0 "KDE QDA" 60 800 4.76464646464646
248.09 19.4 0 0 "KDE QDA" 60 800 4.77474747474747
249.61 19.405 0 0 "KDE QDA" 60 800 4.78484848484849
249.78 19.435 0 0 "KDE QDA" 60 800 4.79494949494949
252.15 19.485 0 0 "KDE QDA" 60 800 4.80505050505051
253.335 19.51 0 0 "KDE QDA" 60 800 4.81515151515152
253.39 19.54 0 0 "KDE QDA" 60 800 4.82525252525252
255.705 19.605 0 0 "KDE QDA" 60 800 4.83535353535354
257.165 19.605 0 0 "KDE QDA" 60 800 4.84545454545455
260.11 19.63 0 0 "KDE QDA" 60 800 4.85555555555556
260.135 19.655 0 0 "KDE QDA" 60 800 4.86565656565657
260.17 19.705 0 0 "KDE QDA" 60 800 4.87575757575758
260.195 19.735 0 0 "KDE QDA" 60 800 4.88585858585859
263.06 19.955 0 0 "KDE QDA" 60 800 4.8959595959596
272.19 20.22 0 0 "KDE QDA" 60 800 4.90606060606061
273.12 20.305 0 0 "KDE QDA" 60 800 4.91616161616162
276.23 20.325 0 0 "KDE QDA" 60 800 4.92626262626263
277.99 20.34 0 0 "KDE QDA" 60 800 4.93636363636364
277.995 20.375 0 0 "KDE QDA" 60 800 4.94646464646465
278.765 20.38 0 0 "KDE QDA" 60 800 4.95656565656566
278.845 20.42 0 0 "KDE QDA" 60 800 4.96666666666667
284.225 20.435 0 0 "KDE QDA" 60 800 4.97676767676768
284.275 20.455 0 0 "KDE QDA" 60 800 4.98686868686869
285.575 20.46 0 0 "KDE QDA" 60 800 4.9969696969697
287.165 20.485 0 0 "KDE QDA" 60 800 5.00707070707071
288.165 20.49 0 0 "KDE QDA" 60 800 5.01717171717172
295.025 20.795 0 0 "KDE QDA" 60 800 5.02727272727273
296.715 21.265 0 0 "KDE QDA" 60 800 5.03737373737374
296.84 21.3 0 0 "KDE QDA" 60 800 5.04747474747475
312.16 21.31 0 0 "KDE QDA" 60 800 5.05757575757576
312.27 21.365 0 0 "KDE QDA" 60 800 5.06767676767677
319.825 21.4 0 0 "KDE QDA" 60 800 5.07777777777778
324.42 21.415 0 0 "KDE QDA" 60 800 5.08787878787879
324.625 21.425 0 0 "KDE QDA" 60 800 5.0979797979798
324.685 21.445 0 0 "KDE QDA" 60 800 5.10808080808081
326.895 21.49 0 0 "KDE QDA" 60 800 5.11818181818182
326.92 21.5 0 0 "KDE QDA" 60 800 5.12828282828283
327.78 21.675 0 0 "KDE QDA" 60 800 5.13838383838384
328.17 21.68 0 0 "KDE QDA" 60 800 5.14848484848485
330.99 21.68 0 0 "KDE QDA" 60 800 5.15858585858586
335.335 21.69 0 0 "KDE QDA" 60 800 5.16868686868687
336.885 21.72 0 0 "KDE QDA" 60 800 5.17878787878788
336.89 21.725 0 0 "KDE QDA" 60 800 5.18888888888889
339.545 21.98 0 0 "KDE QDA" 60 800 5.1989898989899
341.525 21.985 0 0 "KDE QDA" 60 800 5.20909090909091
345.965 22 0 0 "KDE QDA" 60 800 5.21919191919192
347.105 22.07 0 0 "KDE QDA" 60 800 5.22929292929293
347.105 22.07 0 0 "KDE QDA" 60 800 5.23939393939394
351.54 22.085 0 0 "KDE QDA" 60 800 5.24949494949495
356.05 22.115 0 0 "KDE QDA" 60 800 5.25959595959596
357.405 22.12 0 0 "KDE QDA" 60 800 5.26969696969697
357.515 22.175 0 0 "KDE QDA" 60 800 5.27979797979798
358.57 22.175 0 0 "KDE QDA" 60 800 5.28989898989899
362.97 22.215 0 0 "KDE QDA" 60 800 5.3
