152.165 15.085 0 0 "KDE LDA" 103 1000 2.5
152.76 15.115 0 0 "KDE LDA" 103 1000 2.51010101010101
154.385 15.175 0 0 "KDE LDA" 103 1000 2.52020202020202
158.275 15.235 0 0 "KDE LDA" 103 1000 2.53030303030303
159.33 15.25 0 0 "KDE LDA" 103 1000 2.54040404040404
159.44 15.28 0 0 "KDE LDA" 103 1000 2.55050505050505
163.715 15.295 0 0 "KDE LDA" 103 1000 2.56060606060606
164.18 15.315 0 0 "KDE LDA" 103 1000 2.57070707070707
165.485 15.335 0 0 "KDE LDA" 103 1000 2.58080808080808
165.71 15.34 0 0 "KDE LDA" 103 1000 2.59090909090909
166.885 15.34 0 0 "KDE LDA" 103 1000 2.6010101010101
168.415 15.375 0 0 "KDE LDA" 103 1000 2.61111111111111
176.215 15.395 0 0 "KDE LDA" 103 1000 2.62121212121212
176.22 15.535 0 0 "KDE LDA" 103 1000 2.63131313131313
179.12 15.55 0 0 "KDE LDA" 103 1000 2.64141414141414
182.045 15.695 0 0 "KDE LDA" 103 1000 2.65151515151515
187.965 15.825 0 0 "KDE LDA" 103 1000 2.66161616161616
194.39 16.07 0 0 "KDE LDA" 103 1000 2.67171717171717
194.51 16.09 0 0 "KDE LDA" 103 1000 2.68181818181818
197.44 16.245 0 0 "KDE LDA" 103 1000 2.69191919191919
197.725 16.265 0 0 "KDE LDA" 103 1000 2.7020202020202
197.765 16.46 0 0 "KDE LDA" 103 1000 2.71212121212121
198.06 16.485 0 0 "KDE LDA" 103 1000 2.72222222222222
199.12 16.49 0 0 "KDE LDA" 103 1000 2.73232323232323
199.125 16.495 0 0 "KDE LDA" 103 1000 2.74242424242424
205.93 16.52 0 0 "KDE LDA" 103 1000 2.75252525252525
214.525 16.54 0 0 "KDE LDA" 103 1000 2.76262626262626
218.415 16.775 0 0 "KDE LDA" 103 1000 2.77272727272727
221.795 16.795 0 0 "KDE LDA" 103 1000 2.78282828282828
229.325 16.865 0 0 "KDE LDA" 103 1000 2.79292929292929
260.845 17.28 0 0 "KDE LDA" 103 1000 2.8030303030303
261.11 17.415 0 0 "KDE LDA" 103 1000 2.81313131313131
261.325 17.45 0 0 "KDE LDA" 103 1000 2.82323232323232
264 17.47 0 0 "KDE LDA" 103 1000 2.83333333333333
266.435 17.49 0 0 "KDE LDA" 103 1000 2.84343434343434
269.865 17.56 0 0 "KDE LDA" 103 1000 2.85353535353535
272.71 17.57 0 0 "KDE LDA" 103 1000 2.86363636363636
272.71 17.585 0 0 "KDE LDA" 103 1000 2.87373737373737
276.04 17.585 0 0 "KDE LDA" 103 1000 2.88383838383838
277.845 17.74 0 0 "KDE LDA" 103 1000 2.89393939393939
278.935 17.79 0 0 "KDE LDA" 103 1000 2.9040404040404
279.75 17.795 0 0 "KDE LDA" 103 1000 2.91414141414141
282.065 17.8 0 0 "KDE LDA" 103 1000 2.92424242424242
282.065 17.85 0 0 "KDE LDA" 103 1000 2.93434343434343
285.91 17.96 0 0 "KDE LDA" 103 1000 2.94444444444444
291.56 17.97 0 0 "KDE LDA" 103 1000 2.95454545454545
293.37 17.975 0 0 "KDE LDA" 103 1000 2.96464646464646
296.815 17.995 0 0 "KDE LDA" 103 1000 2.97474747474747
297.56 18.04 0 0 "KDE LDA" 103 1000 2.98484848484848
299.94 18.065 0 0 "KDE LDA" 103 1000 2.99494949494949
301.975 18.07 0 0 "KDE LDA" 103 1000 3.00505050505051
304.635 18.08 0 0 "KDE LDA" 103 1000 3.01515151515152
307.6 18.115 0 0 "KDE LDA" 103 1000 3.02525252525253
309.115 18.145 0 0 "KDE LDA" 103 1000 3.03535353535354
309.295 18.165 0 0 "KDE LDA" 103 1000 3.04545454545455
309.44 18.225 0 0 "KDE LDA" 103 1000 3.05555555555556
310.265 18.23 0 0 "KDE LDA" 103 1000 3.06565656565657
310.325 18.235 0 0 "KDE LDA" 103 1000 3.07575757575758
320.64 18.24 0 0 "KDE LDA" 103 1000 3.08585858585859
331.125 18.285 0 0 "KDE LDA" 103 1000 3.0959595959596
331.165 18.34 0 0 "KDE LDA" 103 1000 3.10606060606061
334 18.46 0 0 "KDE LDA" 103 1000 3.11616161616162
334.04 18.485 0 0 "KDE LDA" 103 1000 3.12626262626263
334.05 18.585 0 0 "KDE LDA" 103 1000 3.13636363636364
334.415 18.63 0 0 "KDE LDA" 103 1000 3.14646464646465
336.7 18.63 0 0 "KDE LDA" 103 1000 3.15656565656566
337.1 18.685 0 0 "KDE LDA" 103 1000 3.16666666666667
337.16 18.69 0 0 "KDE LDA" 103 1000 3.17676767676768
339.27 18.72 0 0 "KDE LDA" 103 1000 3.18686868686869
346.04 18.74 0 0 "KDE LDA" 103 1000 3.1969696969697
348.07 18.975 0 0 "KDE LDA" 103 1000 3.20707070707071
364.21 19.28 0 0 "KDE LDA" 103 1000 3.21717171717172
382.66 19.51 0 0 "KDE LDA" 103 1000 3.22727272727273
383.09 19.68 0 0 "KDE LDA" 103 1000 3.23737373737374
383.095 19.685 0 0 "KDE LDA" 103 1000 3.24747474747475
385.63 19.77 0 0 "KDE LDA" 103 1000 3.25757575757576
385.63 19.835 0 0 "KDE LDA" 103 1000 3.26767676767677
385.64 19.895 0 0 "KDE LDA" 103 1000 3.27777777777778
389.56 19.93 0 0 "KDE LDA" 103 1000 3.28787878787879
394.625 20.045 0 0 "KDE LDA" 103 1000 3.2979797979798
394.69 20.06 0 0 "KDE LDA" 103 1000 3.30808080808081
397.26 20.145 0 0 "KDE LDA" 103 1000 3.31818181818182
414.885 20.175 0 0 "KDE LDA" 103 1000 3.32828282828283
432.245 20.205 0 0 "KDE LDA" 103 1000 3.33838383838384
433.86 20.285 0 0 "KDE LDA" 103 1000 3.34848484848485
478.92 20.9 0 0 "KDE LDA" 103 1000 3.35858585858586
490 20.955 0 0 "KDE LDA" 103 1000 3.36868686868687
497.44 20.98 0 0 "KDE LDA" 103 1000 3.37878787878788
498.08 21.08 0 0 "KDE LDA" 103 1000 3.38888888888889
498.095 21.135 0 0 "KDE LDA" 103 1000 3.3989898989899
498.105 21.185 0 0 "KDE LDA" 103 1000 3.40909090909091
498.125 21.205 0 0 "KDE LDA" 103 1000 3.41919191919192
504.67 21.225 0 0 "KDE LDA" 103 1000 3.42929292929293
508.645 21.265 0 0 "KDE LDA" 103 1000 3.43939393939394
510.265 21.3 0 0 "KDE LDA" 103 1000 3.44949494949495
513.395 21.335 0 0 "KDE LDA" 103 1000 3.45959595959596
525.405 21.42 0 0 "KDE LDA" 103 1000 3.46969696969697
525.42 21.425 0 0 "KDE LDA" 103 1000 3.47979797979798
528.31 21.53 0 0 "KDE LDA" 103 1000 3.48989898989899
533.725 21.62 0 0 "KDE LDA" 103 1000 3.5
76.965 13.62 0 0 "KDE QDA" 103 1000 3.5
77.005 13.635 0 0 "KDE QDA" 103 1000 3.51010101010101
77.04 13.695 0 0 "KDE QDA" 103 1000 3.52020202020202
77.455 13.76 0 0 "KDE QDA" 103 1000 3.53030303030303
77.46 13.78 0 0 "KDE QDA" 103 1000 3.54040404040404
77.46 13.785 0 0 "KDE QDA" 103 1000 3.55050505050505
77.55 13.79 0 0 "KDE QDA" 103 1000 3.56060606060606
77.625 13.795 0 0 "KDE QDA" 103 1000 3.57070707070707
78.215 13.805 0 0 "KDE QDA" 103 1000 3.58080808080808
78.49 13.81 0 0 "KDE QDA" 103 1000 3.59090909090909
78.505 13.81 0 0 "KDE QDA" 103 1000 3.6010101010101
79.685 13.87 0 0 "KDE QDA" 103 1000 3.61111111111111
79.77 13.91 0 0 "KDE QDA" 103 1000 3.62121212121212
79.78 13.915 0 0 "KDE QDA" 103 1000 3.63131313131313
79.87 13.925 0 0 "KDE QDA" 103 1000 3.64141414141414
82.03 14.085 0 0 "KDE QDA" 103 1000 3.65151515151515
82.06 14.095 0 0 "KDE QDA" 103 1000 3.66161616161616
82.15 14.185 0 0 "KDE QDA" 103 1000 3.67171717171717
82.205 14.295 0 0 "KDE QDA" 103 1000 3.68181818181818
82.245 14.325 0 0 "KDE QDA" 103 1000 3.69191919191919
82.285 14.335 0 0 "KDE QDA" 103 1000 3.7020202020202
82.415 14.35 0 0 "KDE QDA" 103 1000 3.71212121212121
83.175 14.36 0 0 "KDE QDA" 103 1000 3.72222222222222
83.485 14.365 0 0 "KDE QDA" 103 1000 3.73232323232323
84.3 14.37 0 0 "KDE QDA" 103 1000 3.74242424242424
85.84 14.37 0 0 "KDE QDA" 103 1000 3.75252525252525
85.87 14.375 0 0 "KDE QDA" 103 1000 3.76262626262626
86.645 14.4 0 0 "KDE QDA" 103 1000 3.77272727272727
86.74 14.505 0 0 "KDE QDA" 103 1000 3.78282828282828
89.225 14.775 0 0 "KDE QDA" 103 1000 3.79292929292929
89.53 14.78 0 0 "KDE QDA" 103 1000 3.8030303030303
89.87 14.885 0 0 "KDE QDA" 103 1000 3.81313131313131
89.985 14.915 0 0 "KDE QDA" 103 1000 3.82323232323232
90.355 14.93 0 0 "KDE QDA" 103 1000 3.83333333333333
91.07 14.945 0 0 "KDE QDA" 103 1000 3.84343434343434
92.12 14.95 0 0 "KDE QDA" 103 1000 3.85353535353535
92.47 14.96 0 0 "KDE QDA" 103 1000 3.86363636363636
92.645 14.98 0 0 "KDE QDA" 103 1000 3.87373737373737
92.7 15.005 0 0 "KDE QDA" 103 1000 3.88383838383838
92.75 15.095 0 0 "KDE QDA" 103 1000 3.89393939393939
93.59 15.12 0 0 "KDE QDA" 103 1000 3.9040404040404
93.66 15.17 0 0 "KDE QDA" 103 1000 3.91414141414141
98.11 15.54 0 0 "KDE QDA" 103 1000 3.92424242424242
98.12 15.56 0 0 "KDE QDA" 103 1000 3.93434343434343
98.875 15.59 0 0 "KDE QDA" 103 1000 3.94444444444444
98.905 15.615 0 0 "KDE QDA" 103 1000 3.95454545454545
99.48 15.615 0 0 "KDE QDA" 103 1000 3.96464646464646
99.995 15.625 0 0 "KDE QDA" 103 1000 3.97474747474747
100.74 15.66 0 0 "KDE QDA" 103 1000 3.98484848484848
101.08 15.665 0 0 "KDE QDA" 103 1000 3.99494949494949
101.085 15.665 0 0 "KDE QDA" 103 1000 4.00505050505051
101.095 15.69 0 0 "KDE QDA" 103 1000 4.01515151515152
101.18 15.71 0 0 "KDE QDA" 103 1000 4.02525252525253
101.18 15.71 0 0 "KDE QDA" 103 1000 4.03535353535354
101.2 15.72 0 0 "KDE QDA" 103 1000 4.04545454545455
101.215 15.73 0 0 "KDE QDA" 103 1000 4.05555555555556
102.4 15.73 0 0 "KDE QDA" 103 1000 4.06565656565657
102.49 15.78 0 0 "KDE QDA" 103 1000 4.07575757575758
103.135 15.83 0 0 "KDE QDA" 103 1000 4.08585858585859
104.08 15.885 0 0 "KDE QDA" 103 1000 4.0959595959596
104.855 15.895 0 0 "KDE QDA" 103 1000 4.10606060606061
104.92 15.905 0 0 "KDE QDA" 103 1000 4.11616161616162
104.96 15.905 0 0 "KDE QDA" 103 1000 4.12626262626263
104.98 15.94 0 0 "KDE QDA" 103 1000 4.13636363636364
105.355 15.945 0 0 "KDE QDA" 103 1000 4.14646464646465
105.51 15.95 0 0 "KDE QDA" 103 1000 4.15656565656566
106.83 15.955 0 0 "KDE QDA" 103 1000 4.16666666666667
106.84 15.96 0 0 "KDE QDA" 103 1000 4.17676767676768
107.585 15.96 0 0 "KDE QDA" 103 1000 4.18686868686869
107.73 15.985 0 0 "KDE QDA" 103 1000 4.1969696969697
108.165 16.035 0 0 "KDE QDA" 103 1000 4.20707070707071
108.97 16.305 0 0 "KDE QDA" 103 1000 4.21717171717172
109 16.33 0 0 "KDE QDA" 103 1000 4.22727272727273
109.855 16.34 0 0 "KDE QDA" 103 1000 4.23737373737374
110.87 16.365 0 0 "KDE QDA" 103 1000 4.24747474747475
110.905 16.375 0 0 "KDE QDA" 103 1000 4.25757575757576
110.91 16.375 0 0 "KDE QDA" 103 1000 4.26767676767677
110.92 16.385 0 0 "KDE QDA" 103 1000 4.27777777777778
111.79 16.435 0 0 "KDE QDA" 103 1000 4.28787878787879
113.225 16.485 0 0 "KDE QDA" 103 1000 4.2979797979798
113.595 16.51 0 0 "KDE QDA" 103 1000 4.30808080808081
117.265 16.51 0 0 "KDE QDA" 103 1000 4.31818181818182
118.225 16.525 0 0 "KDE QDA" 103 1000 4.32828282828283
119.015 16.68 0 0 "KDE QDA" 103 1000 4.33838383838384
119.94 16.85 0 0 "KDE QDA" 103 1000 4.34848484848485
123.53 16.88 0 0 "KDE QDA" 103 1000 4.35858585858586
123.585 16.89 0 0 "KDE QDA" 103 1000 4.36868686868687
123.86 17.05 0 0 "KDE QDA" 103 1000 4.37878787878788
123.91 17.065 0 0 "KDE QDA" 103 1000 4.38888888888889
125.28 17.09 0 0 "KDE QDA" 103 1000 4.3989898989899
126.385 17.115 0 0 "KDE QDA" 103 1000 4.40909090909091
127.125 17.15 0 0 "KDE QDA" 103 1000 4.41919191919192
127.13 17.16 0 0 "KDE QDA" 103 1000 4.42929292929293
127.195 17.185 0 0 "KDE QDA" 103 1000 4.43939393939394
127.62 17.2 0 0 "KDE QDA" 103 1000 4.44949494949495
128.905 17.215 0 0 "KDE QDA" 103 1000 4.45959595959596
128.93 17.3 0 0 "KDE QDA" 103 1000 4.46969696969697
131.05 17.685 0 0 "KDE QDA" 103 1000 4.47979797979798
131.06 17.695 0 0 "KDE QDA" 103 1000 4.48989898989899
131.18 17.695 0 0 "KDE QDA" 103 1000 4.5
