141.445 14.53 0 0 "KDE LDA" 164 2000 2.5
145.815 14.55 0 0 "KDE LDA" 164 2000 2.51010101010101
146.445 14.63 0 0 "KDE LDA" 164 2000 2.52020202020202
149.965 14.7 0 0 "KDE LDA" 164 2000 2.53030303030303
153.595 14.76 0 0 "KDE LDA" 164 2000 2.54040404040404
156.515 14.78 0 0 "KDE LDA" 164 2000 2.55050505050505
156.52 14.82 0 0 "KDE LDA" 164 2000 2.56060606060606
156.88 14.825 0 0 "KDE LDA" 164 2000 2.57070707070707
157.225 14.835 0 0 "KDE LDA" 164 2000 2.58080808080808
157.4 14.97 0 0 "KDE LDA" 164 2000 2.59090909090909
160.3 14.97 0 0 "KDE LDA" 164 2000 2.6010101010101
164.57 14.97 0 0 "KDE LDA" 164 2000 2.61111111111111
165.41 14.995 0 0 "KDE LDA" 164 2000 2.62121212121212
166.465 15.14 0 0 "KDE LDA" 164 2000 2.63131313131313
169.72 15.18 0 0 "KDE LDA" 164 2000 2.64141414141414
173.24 15.275 0 0 "KDE LDA" 164 2000 2.65151515151515
177.465 15.31 0 0 "KDE LDA" 164 2000 2.66161616161616
185.7 15.37 0 0 "KDE LDA" 164 2000 2.67171717171717
185.705 15.49 0 0 "KDE LDA" 164 2000 2.68181818181818
188.65 15.53 0 0 "KDE LDA" 164 2000 2.69191919191919
188.72 15.555 0 0 "KDE LDA" 164 2000 2.7020202020202
189.67 15.565 0 0 "KDE LDA" 164 2000 2.71212121212121
193.31 15.665 0 0 "KDE LDA" 164 2000 2.72222222222222
195.88 15.67 0 0 "KDE LDA" 164 2000 2.73232323232323
195.885 15.84 0 0 "KDE LDA" 164 2000 2.74242424242424
197.66 15.865 0 0 "KDE LDA" 164 2000 2.75252525252525
197.82 15.89 0 0 "KDE LDA" 164 2000 2.76262626262626
199.245 15.92 0 0 "KDE LDA" 164 2000 2.77272727272727
200.2 16.125 0 0 "KDE LDA" 164 2000 2.78282828282828
211.545 16.185 0 0 "KDE LDA" 164 2000 2.79292929292929
238.2 16.65 0 0 "KDE LDA" 164 2000 2.8030303030303
238.23 16.68 0 0 "KDE LDA" 164 2000 2.81313131313131
241.3 16.86 0 0 "KDE LDA" 164 2000 2.82323232323232
243.43 16.865 0 0 "KDE LDA" 164 2000 2.83333333333333
243.43 16.91 0 0 "KDE LDA" 164 2000 2.84343434343434
243.435 16.915 0 0 "KDE LDA" 164 2000 2.85353535353535
243.97 16.92 0 0 "KDE LDA" 164 2000 2.86363636363636
243.97 16.995 0 0 "KDE LDA" 164 2000 2.87373737373737
244.17 16.995 0 0 "KDE LDA" 164 2000 2.88383838383838
244.485 17.055 0 0 "KDE LDA" 164 2000 2.89393939393939
247.5 17.07 0 0 "KDE LDA" 164 2000 2.9040404040404
247.545 17.11 0 0 "KDE LDA" 164 2000 2.91414141414141
249.585 17.21 0 0 "KDE LDA" 164 2000 2.92424242424242
254.615 17.225 0 0 "KDE LDA" 164 2000 2.93434343434343
255.275 17.3 0 0 "KDE LDA" 164 2000 2.94444444444444
264.12 17.46 0 0 "KDE LDA" 164 2000 2.95454545454545
268.405 17.56 0 0 "KDE LDA" 164 2000 2.96464646464646
271.335 17.57 0 0 "KDE LDA" 164 2000 2.97474747474747
275.04 18.02 0 0 "KDE LDA" 164 2000 2.98484848484848
275.205 18.22 0 0 "KDE LDA" 164 2000 2.99494949494949
275.335 18.265 0 0 "KDE LDA" 164 2000 3.00505050505051
276.545 18.265 0 0 "KDE LDA" 164 2000 3.01515151515152
278.11 18.27 0 0 "KDE LDA" 164 2000 3.02525252525253
278.965 18.41 0 0 "KDE LDA" 164 2000 3.03535353535354
280.71 18.48 0 0 "KDE LDA" 164 2000 3.04545454545455
281.12 18.85 0 0 "KDE LDA" 164 2000 3.05555555555556
281.26 18.92 0 0 "KDE LDA" 164 2000 3.06565656565657
285.485 18.945 0 0 "KDE LDA" 164 2000 3.07575757575758
292.325 19.04 0 0 "KDE LDA" 164 2000 3.08585858585859
302.265 19.495 0 0 "KDE LDA" 164 2000 3.0959595959596
304.725 19.545 0 0 "KDE LDA" 164 2000 3.10606060606061
307.275 19.615 0 0 "KDE LDA" 164 2000 3.11616161616162
307.305 19.755 0 0 "KDE LDA" 164 2000 3.12626262626263
309.145 19.855 0 0 "KDE LDA" 164 2000 3.13636363636364
309.685 19.91 0 0 "KDE LDA" 164 2000 3.14646464646465
312.16 19.915 0 0 "KDE LDA" 164 2000 3.15656565656566
314.74 19.925 0 0 "KDE LDA" 164 2000 3.16666666666667
317.865 19.97 0 0 "KDE LDA" 164 2000 3.17676767676768
327.235 20.05 0 0 "KDE LDA" 164 2000 3.18686868686869
327.27 20.07 0 0 "KDE LDA" 164 2000 3.1969696969697
335.575 20.11 0 0 "KDE LDA" 164 2000 3.20707070707071
345.05 20.145 0 0 "KDE LDA" 164 2000 3.21717171717172
366.11 20.39 0 0 "KDE LDA" 164 2000 3.22727272727273
366.12 20.465 0 0 "KDE LDA" 164 2000 3.23737373737374
369.61 20.48 0 0 "KDE LDA" 164 2000 3.24747474747475
370.32 20.51 0 0 "KDE LDA" 164 2000 3.25757575757576
375.205 20.78 0 0 "KDE LDA" 164 2000 3.26767676767677
378.265 20.785 0 0 "KDE LDA" 164 2000 3.27777777777778
380.76 20.81 0 0 "KDE LDA" 164 2000 3.28787878787879
383.935 20.845 0 0 "KDE LDA" 164 2000 3.2979797979798
400.77 20.9 0 0 "KDE LDA" 164 2000 3.30808080808081
400.825 20.935 0 0 "KDE LDA" 164 2000 3.31818181818182
405.01 20.975 0 0 "KDE LDA" 164 2000 3.32828282828283
406.26 21.18 0 0 "KDE LDA" 164 2000 3.33838383838384
416.365 21.515 0 0 "KDE LDA" 164 2000 3.34848484848485
454.765 21.865 0 0 "KDE LDA" 164 2000 3.35858585858586
462.99 21.925 0 0 "KDE LDA" 164 2000 3.36868686868687
467.4 21.95 0 0 "KDE LDA" 164 2000 3.37878787878788
485.7 21.995 0 0 "KDE LDA" 164 2000 3.38888888888889
488.585 22.045 0 0 "KDE LDA" 164 2000 3.3989898989899
491.05 22.11 0 0 "KDE LDA" 164 2000 3.40909090909091
491.13 22.125 0 0 "KDE LDA" 164 2000 3.41919191919192
500.98 22.17 0 0 "KDE LDA" 164 2000 3.42929292929293
501.065 22.21 0 0 "KDE LDA" 164 2000 3.43939393939394
503.385 22.26 0 0 "KDE LDA" 164 2000 3.44949494949495
505.725 22.28 0 0 "KDE LDA" 164 2000 3.45959595959596
505.74 22.32 0 0 "KDE LDA" 164 2000 3.46969696969697
512.43 22.38 0 0 "KDE LDA" 164 2000 3.47979797979798
516.765 22.39 0 0 "KDE LDA" 164 2000 3.48989898989899
519.255 22.565 0 0 "KDE LDA" 164 2000 3.5
105.875 12.435 0 0 "KDE QDA" 164 2000 2.7
105.875 12.445 0 0 "KDE QDA" 164 2000 2.71010101010101
106.23 12.495 0 0 "KDE QDA" 164 2000 2.72020202020202
106.25 12.53 0 0 "KDE QDA" 164 2000 2.73030303030303
106.285 12.535 0 0 "KDE QDA" 164 2000 2.74040404040404
108.11 12.54 0 0 "KDE QDA" 164 2000 2.75050505050505
108.575 12.54 0 0 "KDE QDA" 164 2000 2.76060606060606
108.58 12.545 0 0 "KDE QDA" 164 2000 2.77070707070707
108.63 12.55 0 0 "KDE QDA" 164 2000 2.78080808080808
108.63 12.555 0 0 "KDE QDA" 164 2000 2.79090909090909
134.1 13.77 0 0 "KDE QDA" 164 2000 2.8010101010101
135.505 13.77 0 0 "KDE QDA" 164 2000 2.81111111111111
135.705 13.77 0 0 "KDE QDA" 164 2000 2.82121212121212
137.885 13.92 0 0 "KDE QDA" 164 2000 2.83131313131313
139.255 13.92 0 0 "KDE QDA" 164 2000 2.84141414141414
139.27 13.925 0 0 "KDE QDA" 164 2000 2.85151515151515
139.27 13.93 0 0 "KDE QDA" 164 2000 2.86161616161616
139.32 13.93 0 0 "KDE QDA" 164 2000 2.87171717171717
139.42 13.95 0 0 "KDE QDA" 164 2000 2.88181818181818
139.44 13.955 0 0 "KDE QDA" 164 2000 2.89191919191919
139.995 13.955 0 0 "KDE QDA" 164 2000 2.9020202020202
140.03 13.955 0 0 "KDE QDA" 164 2000 2.91212121212121
140.295 13.96 0 0 "KDE QDA" 164 2000 2.92222222222222
141.29 13.96 0 0 "KDE QDA" 164 2000 2.93232323232323
141.295 13.96 0 0 "KDE QDA" 164 2000 2.94242424242424
142.75 13.96 0 0 "KDE QDA" 164 2000 2.95252525252525
147.295 14.245 0 0 "KDE QDA" 164 2000 2.96262626262626
147.35 14.275 0 0 "KDE QDA" 164 2000 2.97272727272727
148.605 14.28 0 0 "KDE QDA" 164 2000 2.98282828282828
148.61 14.305 0 0 "KDE QDA" 164 2000 2.99292929292929
148.61 14.315 0 0 "KDE QDA" 164 2000 3.0030303030303
148.905 14.315 0 0 "KDE QDA" 164 2000 3.01313131313131
150.525 14.315 0 0 "KDE QDA" 164 2000 3.02323232323232
150.98 14.34 0 0 "KDE QDA" 164 2000 3.03333333333333
150.98 14.35 0 0 "KDE QDA" 164 2000 3.04343434343434
152.745 14.35 0 0 "KDE QDA" 164 2000 3.05353535353535
153.815 14.35 0 0 "KDE QDA" 164 2000 3.06363636363636
153.815 14.385 0 0 "KDE QDA" 164 2000 3.07373737373737
153.845 14.39 0 0 "KDE QDA" 164 2000 3.08383838383838
159.91 14.77 0 0 "KDE QDA" 164 2000 3.09393939393939
160.98 14.775 0 0 "KDE QDA" 164 2000 3.1040404040404
160.985 14.8 0 0 "KDE QDA" 164 2000 3.11414141414141
162.185 14.815 0 0 "KDE QDA" 164 2000 3.12424242424242
162.185 14.815 0 0 "KDE QDA" 164 2000 3.13434343434343
163.24 14.825 0 0 "KDE QDA" 164 2000 3.14444444444444
163.435 14.84 0 0 "KDE QDA" 164 2000 3.15454545454545
163.635 14.84 0 0 "KDE QDA" 164 2000 3.16464646464646
166.94 14.84 0 0 "KDE QDA" 164 2000 3.17474747474748
166.955 14.84 0 0 "KDE QDA" 164 2000 3.18484848484849
166.96 14.865 0 0 "KDE QDA" 164 2000 3.19494949494949
166.96 14.865 0 0 "KDE QDA" 164 2000 3.20505050505051
166.96 14.88 0 0 "KDE QDA" 164 2000 3.21515151515152
178.315 15.39 0 0 "KDE QDA" 164 2000 3.22525252525253
181.065 15.42 0 0 "KDE QDA" 164 2000 3.23535353535354
181.07 15.425 0 0 "KDE QDA" 164 2000 3.24545454545455
183.21 15.615 0 0 "KDE QDA" 164 2000 3.25555555555556
183.775 15.625 0 0 "KDE QDA" 164 2000 3.26565656565657
184.865 15.635 0 0 "KDE QDA" 164 2000 3.27575757575758
184.89 15.635 0 0 "KDE QDA" 164 2000 3.28585858585859
185.095 15.7 0 0 "KDE QDA" 164 2000 3.2959595959596
185.095 15.98 0 0 "KDE QDA" 164 2000 3.30606060606061
185.1 15.985 0 0 "KDE QDA" 164 2000 3.31616161616162
185.725 15.99 0 0 "KDE QDA" 164 2000 3.32626262626263
186.14 15.99 0 0 "KDE QDA" 164 2000 3.33636363636364
186.145 16.01 0 0 "KDE QDA" 164 2000 3.34646464646465
186.66 16.02 0 0 "KDE QDA" 164 2000 3.35656565656566
209.235 16.645 0 0 "KDE QDA" 164 2000 3.36666666666667
209.255 16.645 0 0 "KDE QDA" 164 2000 3.37676767676768
212.985 16.78 0 0 "KDE QDA" 164 2000 3.38686868686869
213.965 16.785 0 0 "KDE QDA" 164 2000 3.3969696969697
214.935 16.785 0 0 "KDE QDA" 164 2000 3.40707070707071
214.94 16.815 0 0 "KDE QDA" 164 2000 3.41717171717172
214.97 16.82 0 0 "KDE QDA" 164 2000 3.42727272727273
214.975 16.82 0 0 "KDE QDA" 164 2000 3.43737373737374
216.83 16.845 0 0 "KDE QDA" 164 2000 3.44747474747475
217.96 16.885 0 0 "KDE QDA" 164 2000 3.45757575757576
218.02 16.885 0 0 "KDE QDA" 164 2000 3.46767676767677
218.04 16.89 0 0 "KDE QDA" 164 2000 3.47777777777778
219.015 16.96 0 0 "KDE QDA" 164 2000 3.48787878787879
219.02 16.96 0 0 "KDE QDA" 164 2000 3.4979797979798
219.02 16.96 0 0 "KDE QDA" 164 2000 3.50808080808081
231.53 17.215 0 0 "KDE QDA" 164 2000 3.51818181818182
231.575 17.26 0 0 "KDE QDA" 164 2000 3.52828282828283
232.065 17.34 0 0 "KDE QDA" 164 2000 3.53838383838384
233.795 17.38 0 0 "KDE QDA" 164 2000 3.54848484848485
233.8 17.38 0 0 "KDE QDA" 164 2000 3.55858585858586
233.82 17.41 0 0 "KDE QDA" 164 2000 3.56868686868687
233.85 17.415 0 0 "KDE QDA" 164 2000 3.57878787878788
233.85 17.43 0 0 "KDE QDA" 164 2000 3.58888888888889
233.85 17.445 0 0 "KDE QDA" 164 2000 3.5989898989899
233.895 17.445 0 0 "KDE QDA" 164 2000 3.60909090909091
233.895 17.445 0 0 "KDE QDA" 164 2000 3.61919191919192
233.925 17.445 0 0 "KDE QDA" 164 2000 3.62929292929293
233.935 17.46 0 0 "KDE QDA" 164 2000 3.63939393939394
234.495 17.47 0 0 "KDE QDA" 164 2000 3.64949494949495
248.655 17.8 0 0 "KDE QDA" 164 2000 3.65959595959596
249.535 17.99 0 0 "KDE QDA" 164 2000 3.66969696969697
256.315 18.03 0 0 "KDE QDA" 164 2000 3.67979797979798
256.315 18.045 0 0 "KDE QDA" 164 2000 3.68989898989899
256.365 18.05 0 0 "KDE QDA" 164 2000 3.7
