29.442 0 22.858415149418 "LDA" 14 1 3 1.5
30.438 0 23.7348583206115 "LDA" 14 1 3 1.53535353535354
31.485 0 24.4824665049534 "LDA" 14 1 3 1.57070707070707
32.551 0 25.2918381316202 "LDA" 14 1 3 1.60606060606061
33.661 0 25.9085184896846 "LDA" 14 1 3 1.64141414141414
34.623 0 26.3238640175947 "LDA" 14 1 3 1.67676767676768
35.707 0 26.8373880323029 "LDA" 14 1 3 1.71212121212121
37.201 0 27.7108370405784 "LDA" 14 1 3 1.74747474747475
38.653 0 29.1118204358485 "LDA" 14 1 3 1.78282828282828
39.575 0 29.7396843262302 "LDA" 14 1 3 1.81818181818182
40.875 0 30.7133958996345 "LDA" 14 1 3 1.85353535353535
42.075 0 31.178124549922 "LDA" 14 1 3 1.88888888888889
42.987 0 31.3349119626609 "LDA" 14 1 3 1.92424242424242
44.196 0 32.748435749575 "LDA" 14 1 3 1.95959595959596
45.189 0 33.33860737556 "LDA" 14 1 3 1.99494949494949
46.171 0 34.0976892385893 "LDA" 14 1 3 2.03030303030303
47.441 0 34.9860621325628 "LDA" 14 1 3 2.06565656565657
48.436 0 35.4638913768863 "LDA" 14 1 3 2.1010101010101
49.746 0 36.5690138884928 "LDA" 14 1 3 2.13636363636364
50.778 0 37.6318598115064 "LDA" 14 1 3 2.17171717171717
52.002 0 38.940446252635 "LDA" 14 1 3 2.20707070707071
53.374 0 40.2124752678465 "LDA" 14 1 3 2.24242424242424
54.506 0 40.8418415356117 "LDA" 14 1 3 2.27777777777778
55.828 0 42.0107285977917 "LDA" 14 1 3 2.31313131313131
57.501 0 43.4986911887603 "LDA" 14 1 3 2.34848484848485
58.919 0 44.4463262251777 "LDA" 14 1 3 2.38383838383838
59.941 0 45.0817688748444 "LDA" 14 1 3 2.41919191919192
61.643 0 46.8088519365688 "LDA" 14 1 3 2.45454545454545
62.633 0 47.1428972779969 "LDA" 14 1 3 2.48989898989899
64.378 0 48.4941728540739 "LDA" 14 1 3 2.52525252525253
65.999 0 49.7520277301666 "LDA" 14 1 3 2.56060606060606
68.115 0 51.6992900492027 "LDA" 14 1 3 2.5959595959596
69.542 0 52.6078304040361 "LDA" 14 1 3 2.63131313131313
71.875 0 54.7031425862245 "LDA" 14 1 3 2.66666666666667
73.305 0 55.5201085865064 "LDA" 14 1 3 2.7020202020202
74.662 0 56.132366764627 "LDA" 14 1 3 2.73737373737374
76.01 0 56.768429206334 "LDA" 14 1 3 2.77272727272727
77.366 0 57.3187707953118 "LDA" 14 1 3 2.80808080808081
79.024 0 60.1406711329723 "LDA" 14 1 3 2.84343434343434
80.457 0 62.1334428123512 "LDA" 14 1 3 2.87878787878788
81.686 0 62.3181591268304 "LDA" 14 1 3 2.91414141414141
82.938 0 63.6471611080739 "LDA" 14 1 3 2.94949494949495
83.9 0 63.93106585363 "LDA" 14 1 3 2.98484848484848
85.533 0 65.747392576669 "LDA" 14 1 3 3.02020202020202
88.221 0 68.5320567457435 "LDA" 14 1 3 3.05555555555556
90.17 0 70.3334905994285 "LDA" 14 1 3 3.09090909090909
92.113 0 72.1156355854671 "LDA" 14 1 3 3.12626262626263
93.487 0 72.8691000132205 "LDA" 14 1 3 3.16161616161616
95.221 0 73.6767427443791 "LDA" 14 1 3 3.1969696969697
96.741 0 74.1853987816497 "LDA" 14 1 3 3.23232323232323
98.999 0 74.9873329242953 "LDA" 14 1 3 3.26767676767677
100.93 0 76.9845420829384 "LDA" 14 1 3 3.3030303030303
102.71 0 79.6308669736489 "LDA" 14 1 3 3.33838383838384
104.714 0 80.2076397201007 "LDA" 14 1 3 3.37373737373737
105.699 0 80.7523333306124 "LDA" 14 1 3 3.40909090909091
107.82 0 83.0665013326289 "LDA" 14 1 3 3.44444444444444
109.588 0 84.3181107461487 "LDA" 14 1 3 3.47979797979798
111.667 0 84.935541189523 "LDA" 14 1 3 3.51515151515152
113.363 0 85.622733450197 "LDA" 14 1 3 3.55050505050505
114.972 0 86.3325577434523 "LDA" 14 1 3 3.58585858585859
116.572 0 87.3269306045324 "LDA" 14 1 3 3.62121212121212
119.692 0 89.6880096505384 "LDA" 14 1 3 3.65656565656566
121.261 0 90.0384907070793 "LDA" 14 1 3 3.69191919191919
123.227 0 90.9906631021654 "LDA" 14 1 3 3.72727272727273
125.341 0 93.2689541960068 "LDA" 14 1 3 3.76262626262626
126.864 0 94.6798382749769 "LDA" 14 1 3 3.7979797979798
128.636 0 95.2634170215546 "LDA" 14 1 3 3.83333333333333
130.041 0 96.2697001874119 "LDA" 14 1 3 3.86868686868687
131.371 0 97.5477468828569 "LDA" 14 1 3 3.9040404040404
133.397 0 99.1478173268614 "LDA" 14 1 3 3.93939393939394
136.326 0 101.411893267487 "LDA" 14 1 3 3.97474747474747
137.384 0 101.93685136233 "LDA" 14 1 3 4.01010101010101
138.759 0 101.919126896905 "LDA" 14 1 3 4.04545454545454
140.601 0 103.161640754319 "LDA" 14 1 3 4.08080808080808
142.122 0 103.665788530796 "LDA" 14 1 3 4.11616161616162
143.592 0 104.466524737788 "LDA" 14 1 3 4.15151515151515
145.641 0 105.535121077207 "LDA" 14 1 3 4.18686868686869
147.681 0 106.642138879454 "LDA" 14 1 3 4.22222222222222
149.29 0 107.111160486201 "LDA" 14 1 3 4.25757575757576
151.649 0 108.284843844401 "LDA" 14 1 3 4.29292929292929
152.877 0 108.461891246893 "LDA" 14 1 3 4.32828282828283
154.616 0 109.125748441754 "LDA" 14 1 3 4.36363636363636
156.564 0 111.600638916659 "LDA" 14 1 3 4.3989898989899
157.711 0 111.78857797273 "LDA" 14 1 3 4.43434343434343
160.078 0 112.661504208538 "LDA" 14 1 3 4.46969696969697
161.852 0 112.90041009048 "LDA" 14 1 3 4.50505050505051
164.022 0 115.010969211806 "LDA" 14 1 3 4.54040404040404
165.71 0 115.781662163286 "LDA" 14 1 3 4.57575757575758
169.067 0 118.460640866215 "LDA" 14 1 3 4.61111111111111
170.866 0 119.327025367194 "LDA" 14 1 3 4.64646464646465
173.873 0 122.607656810285 "LDA" 14 1 3 4.68181818181818
175.587 0 122.944873308621 "LDA" 14 1 3 4.71717171717172
177.304 0 123.382984827507 "LDA" 14 1 3 4.75252525252525
179.333 0 124.570525915752 "LDA" 14 1 3 4.78787878787879
180.998 0 126.022210715388 "LDA" 14 1 3 4.82323232323232
183.259 0 128.971925924508 "LDA" 14 1 3 4.85858585858586
185.577 0 130.072137031079 "LDA" 14 1 3 4.89393939393939
188.66 0 132.502608809568 "LDA" 14 1 3 4.92929292929293
190.724 0 133.572757347842 "LDA" 14 1 3 4.96464646464646
192.048 0 134.121975829468 "LDA" 14 1 3 5
64.976 0 14.0892132473723 "uLSIF" 14 1 3 1.5
66.494 0 14.1691470713212 "uLSIF" 14 1 3 1.53535353535354
68.137 0 14.4494642813503 "uLSIF" 14 1 3 1.57070707070707
69.612 0 14.6825417769892 "uLSIF" 14 1 3 1.60606060606061
71.174 0 14.7739633813677 "uLSIF" 14 1 3 1.64141414141414
72.678 0 14.9341670455819 "uLSIF" 14 1 3 1.67676767676768
74.321 0 15.2218811145228 "uLSIF" 14 1 3 1.71212121212121
75.868 0 15.3115322230997 "uLSIF" 14 1 3 1.74747474747475
77.391 0 15.4090089414133 "uLSIF" 14 1 3 1.78282828282828
78.95 0 15.5261250980585 "uLSIF" 14 1 3 1.81818181818182
80.467 0 15.6333397683384 "uLSIF" 14 1 3 1.85353535353535
81.85 0 15.6803499123385 "uLSIF" 14 1 3 1.88888888888889
83.307 0 15.8059665816292 "uLSIF" 14 1 3 1.92424242424242
84.913 0 16.0079256833821 "uLSIF" 14 1 3 1.95959595959596
86.512 0 16.1384108357764 "uLSIF" 14 1 3 1.99494949494949
88.106 0 16.3917495543781 "uLSIF" 14 1 3 2.03030303030303
89.685 0 16.5510033143224 "uLSIF" 14 1 3 2.06565656565657
91.268 0 16.8283501677785 "uLSIF" 14 1 3 2.1010101010101
92.825 0 16.8711294823438 "uLSIF" 14 1 3 2.13636363636364
94.327 0 16.9405741949337 "uLSIF" 14 1 3 2.17171717171717
95.881 0 17.1258907836975 "uLSIF" 14 1 3 2.20707070707071
97.341 0 17.1691437904893 "uLSIF" 14 1 3 2.24242424242424
98.806 0 17.27161465158 "uLSIF" 14 1 3 2.27777777777778
100.495 0 17.4574550762056 "uLSIF" 14 1 3 2.31313131313131
102.17 0 17.6704086920293 "uLSIF" 14 1 3 2.34848484848485
103.638 0 17.762557936977 "uLSIF" 14 1 3 2.38383838383838
105.181 0 17.8720353806904 "uLSIF" 14 1 3 2.41919191919192
106.631 0 17.9862821434933 "uLSIF" 14 1 3 2.45454545454545
108.16 0 18.0314595508387 "uLSIF" 14 1 3 2.48989898989899
109.718 0 18.2127477383337 "uLSIF" 14 1 3 2.52525252525253
111.408 0 18.4584465828046 "uLSIF" 14 1 3 2.56060606060606
112.833 0 18.5115041740747 "uLSIF" 14 1 3 2.5959595959596
114.414 0 18.6294836659973 "uLSIF" 14 1 3 2.63131313131313
115.802 0 18.7391021649905 "uLSIF" 14 1 3 2.66666666666667
117.352 0 18.8483250013192 "uLSIF" 14 1 3 2.7020202020202
118.866 0 18.879737511112 "uLSIF" 14 1 3 2.73737373737374
120.485 0 19.1113321884692 "uLSIF" 14 1 3 2.77272727272727
121.998 0 19.183639071042 "uLSIF" 14 1 3 2.80808080808081
123.578 0 19.3290332796942 "uLSIF" 14 1 3 2.84343434343434
125.145 0 19.4253267235925 "uLSIF" 14 1 3 2.87878787878788
126.747 0 19.4971569755729 "uLSIF" 14 1 3 2.91414141414141
128.243 0 19.670355204568 "uLSIF" 14 1 3 2.94949494949495
129.796 0 19.8716195934117 "uLSIF" 14 1 3 2.98484848484848
131.393 0 19.9740209400239 "uLSIF" 14 1 3 3.02020202020202
132.846 0 20.1690623251324 "uLSIF" 14 1 3 3.05555555555556
134.456 0 20.242772385072 "uLSIF" 14 1 3 3.09090909090909
135.89 0 20.3944559582705 "uLSIF" 14 1 3 3.12626262626263
137.41 0 20.5027867438615 "uLSIF" 14 1 3 3.16161616161616
139.065 0 20.6503077509806 "uLSIF" 14 1 3 3.1969696969697
140.74 0 20.8608143075378 "uLSIF" 14 1 3 3.23232323232323
142.286 0 20.9924960137876 "uLSIF" 14 1 3 3.26767676767677
143.661 0 21.0421684208603 "uLSIF" 14 1 3 3.3030303030303
145.263 0 21.2277754239451 "uLSIF" 14 1 3 3.33838383838384
146.794 0 21.3541462850558 "uLSIF" 14 1 3 3.37373737373737
148.292 0 21.4840941699273 "uLSIF" 14 1 3 3.40909090909091
149.887 0 21.5889859723729 "uLSIF" 14 1 3 3.44444444444444
151.432 0 21.7271591664775 "uLSIF" 14 1 3 3.47979797979798
153.012 0 21.7960759065692 "uLSIF" 14 1 3 3.51515151515152
154.728 0 22.1862625569573 "uLSIF" 14 1 3 3.55050505050505
156.337 0 22.1751023935892 "uLSIF" 14 1 3 3.58585858585859
157.931 0 22.265713574934 "uLSIF" 14 1 3 3.62121212121212
159.466 0 22.3761823718332 "uLSIF" 14 1 3 3.65656565656566
161 0 22.3525756376673 "uLSIF" 14 1 3 3.69191919191919
162.5 0 22.525527727434 "uLSIF" 14 1 3 3.72727272727273
164.138 0 22.4857858783403 "uLSIF" 14 1 3 3.76262626262626
165.685 0 22.5675667733602 "uLSIF" 14 1 3 3.7979797979798
167.274 0 22.7153012066516 "uLSIF" 14 1 3 3.83333333333333
168.833 0 22.9600582594051 "uLSIF" 14 1 3 3.86868686868687
170.402 0 23.1193620349027 "uLSIF" 14 1 3 3.9040404040404
171.979 0 23.3275960127857 "uLSIF" 14 1 3 3.93939393939394
173.639 0 23.6417345093504 "uLSIF" 14 1 3 3.97474747474747
175.153 0 23.6544948398 "uLSIF" 14 1 3 4.01010101010101
176.764 0 23.7446017046004 "uLSIF" 14 1 3 4.04545454545454
178.211 0 23.7724548292474 "uLSIF" 14 1 3 4.08080808080808
179.663 0 23.8024365766824 "uLSIF" 14 1 3 4.11616161616162
181.34 0 23.9167391257757 "uLSIF" 14 1 3 4.15151515151515
182.838 0 23.9709482991884 "uLSIF" 14 1 3 4.18686868686869
184.334 0 24.0184789554071 "uLSIF" 14 1 3 4.22222222222222
185.692 0 24.0592182329764 "uLSIF" 14 1 3 4.25757575757576
187.362 0 24.2204786820489 "uLSIF" 14 1 3 4.29292929292929
188.885 0 24.3822121077491 "uLSIF" 14 1 3 4.32828282828283
190.478 0 24.6016413427388 "uLSIF" 14 1 3 4.36363636363636
192.074 0 24.8624750712126 "uLSIF" 14 1 3 4.3989898989899
193.605 0 24.9428370503461 "uLSIF" 14 1 3 4.43434343434343
195.117 0 25.0026086927233 "uLSIF" 14 1 3 4.46969696969697
196.738 0 25.1672554472423 "uLSIF" 14 1 3 4.50505050505051
198.418 0 25.2358896440392 "uLSIF" 14 1 3 4.54040404040404
199.984 0 25.3179134357621 "uLSIF" 14 1 3 4.57575757575758
201.645 0 25.6279098789731 "uLSIF" 14 1 3 4.61111111111111
203.191 0 25.6709079409848 "uLSIF" 14 1 3 4.64646464646465
204.88 0 25.696379198321 "uLSIF" 14 1 3 4.68181818181818
206.432 0 25.7042425308369 "uLSIF" 14 1 3 4.71717171717172
208.026 0 25.7660865327899 "uLSIF" 14 1 3 4.75252525252525
209.613 0 25.9203606474929 "uLSIF" 14 1 3 4.78787878787879
211.145 0 25.9481652970356 "uLSIF" 14 1 3 4.82323232323232
212.636 0 25.9733732911249 "uLSIF" 14 1 3 4.85858585858586
214.291 0 26.2597771295739 "uLSIF" 14 1 3 4.89393939393939
215.893 0 26.4305907449517 "uLSIF" 14 1 3 4.92929292929293
217.492 0 26.4999657393021 "uLSIF" 14 1 3 4.96464646464646
219.087 0 26.5320444063472 "uLSIF" 14 1 3 5
