30.669 0 25.0636714514579 "LDA" 15 2 2 1.5
31.883 0 26.206451287595 "LDA" 15 2 2 1.53535353535354
33.521 0 27.9618923970898 "LDA" 15 2 2 1.57070707070707
34.704 0 28.5149695333431 "LDA" 15 2 2 1.60606060606061
35.783 0 29.2573392997877 "LDA" 15 2 2 1.64141414141414
37.105 0 30.8094660485734 "LDA" 15 2 2 1.67676767676768
38.707 0 31.7462277125011 "LDA" 15 2 2 1.71212121212121
40.342 0 34.2259031794407 "LDA" 15 2 2 1.74747474747475
42.309 0 35.8898537277682 "LDA" 15 2 2 1.78282828282828
43.904 0 37.2904191362789 "LDA" 15 2 2 1.81818181818182
45.536 0 38.6204122225571 "LDA" 15 2 2 1.85353535353535
47.344 0 40.4196909366637 "LDA" 15 2 2 1.88888888888889
48.614 0 41.5924143676817 "LDA" 15 2 2 1.92424242424242
50.515 0 43.0737172777103 "LDA" 15 2 2 1.95959595959596
52.907 0 45.1263863137936 "LDA" 15 2 2 1.99494949494949
53.889 0 45.4738446752587 "LDA" 15 2 2 2.03030303030303
55.791 0 46.7872029657829 "LDA" 15 2 2 2.06565656565657
57.513 0 48.0008323981044 "LDA" 15 2 2 2.1010101010101
58.896 0 48.6322761371734 "LDA" 15 2 2 2.13636363636364
60.602 0 51.983322920547 "LDA" 15 2 2 2.17171717171717
62.118 0 53.2216931769802 "LDA" 15 2 2 2.20707070707071
65.04 0 56.4834380927611 "LDA" 15 2 2 2.24242424242424
67.207 0 57.9863481137377 "LDA" 15 2 2 2.27777777777778
69.396 0 60.323097235305 "LDA" 15 2 2 2.31313131313131
70.964 0 61.4467770547033 "LDA" 15 2 2 2.34848484848485
72.438 0 63.1383291242697 "LDA" 15 2 2 2.38383838383838
74.155 0 65.6167397203757 "LDA" 15 2 2 2.41919191919192
76.638 0 68.0011846743652 "LDA" 15 2 2 2.45454545454545
78.59 0 69.7877082602963 "LDA" 15 2 2 2.48989898989899
81.241 0 73.0440576183535 "LDA" 15 2 2 2.52525252525253
82.932 0 74.2924002623198 "LDA" 15 2 2 2.56060606060606
84.713 0 75.9197368109073 "LDA" 15 2 2 2.5959595959596
86.771 0 77.1621964666867 "LDA" 15 2 2 2.63131313131313
88.334 0 77.9670013358042 "LDA" 15 2 2 2.66666666666667
90.477 0 79.412541974318 "LDA" 15 2 2 2.7020202020202
93.421 0 82.2758596191864 "LDA" 15 2 2 2.73737373737374
95.436 0 84.3778141428155 "LDA" 15 2 2 2.77272727272727
97.263 0 85.8588817687406 "LDA" 15 2 2 2.80808080808081
100.34 0 87.7093114972596 "LDA" 15 2 2 2.84343434343434
102.643 0 90.7768141156154 "LDA" 15 2 2 2.87878787878788
105.059 0 92.2192816872638 "LDA" 15 2 2 2.91414141414141
108.332 0 98.7301038660925 "LDA" 15 2 2 2.94949494949495
109.791 0 99.5200158387877 "LDA" 15 2 2 2.98484848484848
111.489 0 100.180507150907 "LDA" 15 2 2 3.02020202020202
113.846 0 101.660400949048 "LDA" 15 2 2 3.05555555555556
115.904 0 102.437523545965 "LDA" 15 2 2 3.09090909090909
119.162 0 106.828610906012 "LDA" 15 2 2 3.12626262626263
121.661 0 107.525940623214 "LDA" 15 2 2 3.16161616161616
123.812 0 108.664210145597 "LDA" 15 2 2 3.1969696969697
126.711 0 111.500438684459 "LDA" 15 2 2 3.23232323232323
128.434 0 111.701194267567 "LDA" 15 2 2 3.26767676767677
131.92 0 115.541869136359 "LDA" 15 2 2 3.3030303030303
134.71 0 117.545816254424 "LDA" 15 2 2 3.33838383838384
137.777 0 120.025744948534 "LDA" 15 2 2 3.37373737373737
140.119 0 120.51170860506 "LDA" 15 2 2 3.40909090909091
142.469 0 122.656347649107 "LDA" 15 2 2 3.44444444444444
145.89 0 125.385203869314 "LDA" 15 2 2 3.47979797979798
147.995 0 126.697921602283 "LDA" 15 2 2 3.51515151515152
151.467 0 128.359179609368 "LDA" 15 2 2 3.55050505050505
156.067 0 134.083970041247 "LDA" 15 2 2 3.58585858585859
161.752 0 145.103388966245 "LDA" 15 2 2 3.62121212121212
164.556 0 147.317376005932 "LDA" 15 2 2 3.65656565656566
168.728 0 152.109214807089 "LDA" 15 2 2 3.69191919191919
171.366 0 154.831892576946 "LDA" 15 2 2 3.72727272727273
175.336 0 157.48103816454 "LDA" 15 2 2 3.76262626262626
180.013 0 163.7493287732 "LDA" 15 2 2 3.7979797979798
183.403 0 165.958744559893 "LDA" 15 2 2 3.83333333333333
186.893 0 167.778834446685 "LDA" 15 2 2 3.86868686868687
190.8 0 171.147730179356 "LDA" 15 2 2 3.9040404040404
193.32 0 172.830141635821 "LDA" 15 2 2 3.93939393939394
197.431 0 177.213435836115 "LDA" 15 2 2 3.97474747474747
201.374 0 180.066315567354 "LDA" 15 2 2 4.01010101010101
206.31 0 186.119812176148 "LDA" 15 2 2 4.04545454545454
210.336 0 188.226077258599 "LDA" 15 2 2 4.08080808080808
214.555 0 191.096799978341 "LDA" 15 2 2 4.11616161616162
218.403 0 194.143329072166 "LDA" 15 2 2 4.15151515151515
221.591 0 197.207470714234 "LDA" 15 2 2 4.18686868686869
225.322 0 199.498736993651 "LDA" 15 2 2 4.22222222222222
229.449 0 203.568331192414 "LDA" 15 2 2 4.25757575757576
234.315 0 209.137735397913 "LDA" 15 2 2 4.29292929292929
238.911 0 216.175583639693 "LDA" 15 2 2 4.32828282828283
241.091 0 216.86764695384 "LDA" 15 2 2 4.36363636363636
247.318 0 221.587386477312 "LDA" 15 2 2 4.3989898989899
252.361 0 226.343548794926 "LDA" 15 2 2 4.43434343434343
256.237 0 231.058353655075 "LDA" 15 2 2 4.46969696969697
260.846 0 234.298638784215 "LDA" 15 2 2 4.50505050505051
264.462 0 234.809736101739 "LDA" 15 2 2 4.54040404040404
269.111 0 239.859565767743 "LDA" 15 2 2 4.57575757575758
275.925 0 244.80821153596 "LDA" 15 2 2 4.61111111111111
280.18 0 247.906836128816 "LDA" 15 2 2 4.64646464646465
283.959 0 248.653316468514 "LDA" 15 2 2 4.68181818181818
286.905 0 249.778684771872 "LDA" 15 2 2 4.71717171717172
290.906 0 255.806434821519 "LDA" 15 2 2 4.75252525252525
298.542 0 264.036610278892 "LDA" 15 2 2 4.78787878787879
302.771 0 267.688418966246 "LDA" 15 2 2 4.82323232323232
310.746 0 278.564825212814 "LDA" 15 2 2 4.85858585858586
315.781 0 281.679950712921 "LDA" 15 2 2 4.89393939393939
318.02004008016 2 282.237050823898 "LDA" 15 2 2 4.92929292929293
323.60120240481 2 286.655639479661 "LDA" 15 2 2 4.96464646464646
331.514028056112 2 293.372766363441 "LDA" 15 2 2 5
17.981 0 9.79012183200421 "uLSIF" 15 2 2 1.5
18.402 0 9.97576623181958 "uLSIF" 15 2 2 1.53535353535354
18.838 0 10.1057350985409 "uLSIF" 15 2 2 1.57070707070707
19.34 0 10.5237421647031 "uLSIF" 15 2 2 1.60606060606061
19.847 0 10.9372397895545 "uLSIF" 15 2 2 1.64141414141414
20.361 0 11.0893486126396 "uLSIF" 15 2 2 1.67676767676768
20.789 0 11.218035626763 "uLSIF" 15 2 2 1.71212121212121
21.19 0 11.5019213262043 "uLSIF" 15 2 2 1.74747474747475
21.552 0 11.5227631265279 "uLSIF" 15 2 2 1.78282828282828
22.028 0 11.7175303078984 "uLSIF" 15 2 2 1.81818181818182
22.455 0 11.8220021457761 "uLSIF" 15 2 2 1.85353535353535
23.007 0 12.3631629771187 "uLSIF" 15 2 2 1.88888888888889
23.537 0 12.5797011045525 "uLSIF" 15 2 2 1.92424242424242
23.995 0 12.7340932983912 "uLSIF" 15 2 2 1.95959595959596
24.541 0 13.1265618356684 "uLSIF" 15 2 2 1.99494949494949
25.089 0 13.3339744215247 "uLSIF" 15 2 2 2.03030303030303
25.794 0 13.9095305110934 "uLSIF" 15 2 2 2.06565656565657
26.297 0 14.2605804634719 "uLSIF" 15 2 2 2.1010101010101
26.807 0 14.399204425526 "uLSIF" 15 2 2 2.13636363636364
27.339 0 14.5954481296775 "uLSIF" 15 2 2 2.17171717171717
27.789 0 14.7410915056782 "uLSIF" 15 2 2 2.20707070707071
28.22 0 14.9848639014889 "uLSIF" 15 2 2 2.24242424242424
28.664 0 15.2209323229814 "uLSIF" 15 2 2 2.27777777777778
29.253 0 15.3818592046798 "uLSIF" 15 2 2 2.31313131313131
29.875 0 15.6543423187764 "uLSIF" 15 2 2 2.34848484848485
30.422 0 15.8742529873978 "uLSIF" 15 2 2 2.38383838383838
30.863 0 15.9274578924232 "uLSIF" 15 2 2 2.41919191919192
31.482 0 16.3376434835197 "uLSIF" 15 2 2 2.45454545454545
31.985 0 16.4613410981837 "uLSIF" 15 2 2 2.48989898989899
32.513 0 16.7127240791603 "uLSIF" 15 2 2 2.52525252525253
33.225 0 17.1979692157285 "uLSIF" 15 2 2 2.56060606060606
33.679 0 17.3838475935898 "uLSIF" 15 2 2 2.5959595959596
34.218 0 17.6526511349455 "uLSIF" 15 2 2 2.63131313131313
34.633 0 17.7026465449292 "uLSIF" 15 2 2 2.66666666666667
35.105 0 17.9156620292398 "uLSIF" 15 2 2 2.7020202020202
35.494 0 18.0517542036731 "uLSIF" 15 2 2 2.73737373737374
35.978 0 18.1109227131453 "uLSIF" 15 2 2 2.77272727272727
36.588 0 18.6349004696971 "uLSIF" 15 2 2 2.80808080808081
37.035 0 18.7342666722706 "uLSIF" 15 2 2 2.84343434343434
37.589 0 18.8743826739134 "uLSIF" 15 2 2 2.87878787878788
38.086 0 19.0634209421609 "uLSIF" 15 2 2 2.91414141414141
38.675 0 19.183988125528 "uLSIF" 15 2 2 2.94949494949495
39.077 0 19.242644058194 "uLSIF" 15 2 2 2.98484848484848
39.64 0 19.9230853365971 "uLSIF" 15 2 2 3.02020202020202
39.946 0 19.9389228556771 "uLSIF" 15 2 2 3.05555555555556
40.443 0 19.9504077594863 "uLSIF" 15 2 2 3.09090909090909
40.858 0 19.9754061999463 "uLSIF" 15 2 2 3.12626262626263
41.368 0 20.1199251337421 "uLSIF" 15 2 2 3.16161616161616
41.95 0 20.3157630974136 "uLSIF" 15 2 2 3.1969696969697
42.57 0 20.5577654846465 "uLSIF" 15 2 2 3.23232323232323
43.023 0 20.6676467606407 "uLSIF" 15 2 2 3.26767676767677
43.537 0 20.8108077863576 "uLSIF" 15 2 2 3.3030303030303
44.131 0 20.98070611369 "uLSIF" 15 2 2 3.33838383838384
44.763 0 21.15955003202 "uLSIF" 15 2 2 3.37373737373737
45.29 0 21.1157233779422 "uLSIF" 15 2 2 3.40909090909091
45.934 0 21.4838357655052 "uLSIF" 15 2 2 3.44444444444444
46.621 0 21.8909701377891 "uLSIF" 15 2 2 3.47979797979798
47.122 0 22.1931893528995 "uLSIF" 15 2 2 3.51515151515152
47.819 0 22.5324199532351 "uLSIF" 15 2 2 3.55050505050505
48.314 0 22.5774033746829 "uLSIF" 15 2 2 3.58585858585859
48.93 0 22.9483709166409 "uLSIF" 15 2 2 3.62121212121212
49.41 0 23.1564704158929 "uLSIF" 15 2 2 3.65656565656566
49.893 0 23.1938678642978 "uLSIF" 15 2 2 3.69191919191919
50.298 0 23.2935997172568 "uLSIF" 15 2 2 3.72727272727273
50.758 0 23.3058490211921 "uLSIF" 15 2 2 3.76262626262626
51.341 0 23.4079612878109 "uLSIF" 15 2 2 3.7979797979798
51.784 0 23.5782798201921 "uLSIF" 15 2 2 3.83333333333333
52.262 0 23.5811243460829 "uLSIF" 15 2 2 3.86868686868687
52.913 0 23.9874723518304 "uLSIF" 15 2 2 3.9040404040404
53.304 0 24.0531107372027 "uLSIF" 15 2 2 3.93939393939394
53.826 0 24.3095182320974 "uLSIF" 15 2 2 3.97474747474747
54.396 0 24.6761037056926 "uLSIF" 15 2 2 4.01010101010101
55.04 0 24.9513721260169 "uLSIF" 15 2 2 4.04545454545454
55.623 0 25.2501572557765 "uLSIF" 15 2 2 4.08080808080808
56.252 0 25.5449611673426 "uLSIF" 15 2 2 4.11616161616162
56.721 0 25.6005966639364 "uLSIF" 15 2 2 4.15151515151515
57.235 0 25.7412973524916 "uLSIF" 15 2 2 4.18686868686869
57.73 0 25.7529088126431 "uLSIF" 15 2 2 4.22222222222222
58.311 0 25.994999884959 "uLSIF" 15 2 2 4.25757575757576
58.719 0 26.1740160869156 "uLSIF" 15 2 2 4.29292929292929
59.2 0 26.1969517364193 "uLSIF" 15 2 2 4.32828282828283
59.68 0 26.6863590952712 "uLSIF" 15 2 2 4.36363636363636
60.328 0 27.053878249307 "uLSIF" 15 2 2 4.3989898989899
60.85 0 27.0823735103656 "uLSIF" 15 2 2 4.43434343434343
61.467 0 27.2064533172206 "uLSIF" 15 2 2 4.46969696969697
61.995 0 27.2600823015465 "uLSIF" 15 2 2 4.50505050505051
62.582 0 27.4666651360098 "uLSIF" 15 2 2 4.54040404040404
63.212 0 27.6854029686681 "uLSIF" 15 2 2 4.57575757575758
63.609 0 27.6810107719599 "uLSIF" 15 2 2 4.61111111111111
64.14 0 27.8213304215745 "uLSIF" 15 2 2 4.64646464646465
64.626 0 27.786835592277 "uLSIF" 15 2 2 4.68181818181818
65.049 0 27.8535171462675 "uLSIF" 15 2 2 4.71717171717172
65.469 0 27.8876811829482 "uLSIF" 15 2 2 4.75252525252525
66.043 0 28.0660801654926 "uLSIF" 15 2 2 4.78787878787879
66.594 0 28.1037539304803 "uLSIF" 15 2 2 4.82323232323232
67.052 0 28.1048960357654 "uLSIF" 15 2 2 4.85858585858586
67.598 0 28.1465917408596 "uLSIF" 15 2 2 4.89393939393939
68.068 0 28.1547876580177 "uLSIF" 15 2 2 4.92929292929293
68.43 0 28.1670460375681 "uLSIF" 15 2 2 4.96464646464646
68.868 0 28.1806089842417 "uLSIF" 15 2 2 5
