147.44 14.065 0 0 "KDE LDA" 14 3000 2.5
149.465 14.08 0 0 "KDE LDA" 14 3000 2.51010101010101
149.75 14.1 0 0 "KDE LDA" 14 3000 2.52020202020202
151.31 14.165 0 0 "KDE LDA" 14 3000 2.53030303030303
155.935 14.25 0 0 "KDE LDA" 14 3000 2.54040404040404
157.6 14.285 0 0 "KDE LDA" 14 3000 2.55050505050505
157.94 14.285 0 0 "KDE LDA" 14 3000 2.56060606060606
157.97 14.375 0 0 "KDE LDA" 14 3000 2.57070707070707
158.11 14.39 0 0 "KDE LDA" 14 3000 2.58080808080808
158.465 14.55 0 0 "KDE LDA" 14 3000 2.59090909090909
158.755 14.625 0 0 "KDE LDA" 14 3000 2.6010101010101
162.615 14.67 0 0 "KDE LDA" 14 3000 2.61111111111111
163.085 14.675 0 0 "KDE LDA" 14 3000 2.62121212121212
164.335 14.91 0 0 "KDE LDA" 14 3000 2.63131313131313
168.75 15.055 0 0 "KDE LDA" 14 3000 2.64141414141414
169.355 15.305 0 0 "KDE LDA" 14 3000 2.65151515151515
175.52 15.465 0 0 "KDE LDA" 14 3000 2.66161616161616
187.475 15.86 0 0 "KDE LDA" 14 3000 2.67171717171717
189.245 16 0 0 "KDE LDA" 14 3000 2.68181818181818
189.925 16.02 0 0 "KDE LDA" 14 3000 2.69191919191919
190.87 16.03 0 0 "KDE LDA" 14 3000 2.7020202020202
190.89 16.06 0 0 "KDE LDA" 14 3000 2.71212121212121
193.435 16.08 0 0 "KDE LDA" 14 3000 2.72222222222222
198.58 16.11 0 0 "KDE LDA" 14 3000 2.73232323232323
201.19 16.26 0 0 "KDE LDA" 14 3000 2.74242424242424
201.885 16.27 0 0 "KDE LDA" 14 3000 2.75252525252525
202.44 16.29 0 0 "KDE LDA" 14 3000 2.76262626262626
205.17 16.34 0 0 "KDE LDA" 14 3000 2.77272727272727
209.98 16.705 0 0 "KDE LDA" 14 3000 2.78282828282828
212.025 16.77 0 0 "KDE LDA" 14 3000 2.79292929292929
247.085 17.345 0 0 "KDE LDA" 14 3000 2.8030303030303
248.1 17.365 0 0 "KDE LDA" 14 3000 2.81313131313131
249.59 17.405 0 0 "KDE LDA" 14 3000 2.82323232323232
249.66 17.43 0 0 "KDE LDA" 14 3000 2.83333333333333
250.52 17.485 0 0 "KDE LDA" 14 3000 2.84343434343434
251.545 17.485 0 0 "KDE LDA" 14 3000 2.85353535353535
251.865 17.52 0 0 "KDE LDA" 14 3000 2.86363636363636
252.785 17.525 0 0 "KDE LDA" 14 3000 2.87373737373737
252.785 17.585 0 0 "KDE LDA" 14 3000 2.88383838383838
256.5 17.615 0 0 "KDE LDA" 14 3000 2.89393939393939
256.5 17.625 0 0 "KDE LDA" 14 3000 2.9040404040404
260.29 17.65 0 0 "KDE LDA" 14 3000 2.91414141414141
261.81 17.725 0 0 "KDE LDA" 14 3000 2.92424242424242
261.825 17.735 0 0 "KDE LDA" 14 3000 2.93434343434343
262 17.75 0 0 "KDE LDA" 14 3000 2.94444444444444
266.795 17.76 0 0 "KDE LDA" 14 3000 2.95454545454545
272.015 17.78 0 0 "KDE LDA" 14 3000 2.96464646464646
272.04 17.825 0 0 "KDE LDA" 14 3000 2.97474747474747
274.64 17.85 0 0 "KDE LDA" 14 3000 2.98484848484848
280.08 17.88 0 0 "KDE LDA" 14 3000 2.99494949494949
284.73 17.925 0 0 "KDE LDA" 14 3000 3.00505050505051
285.525 18.01 0 0 "KDE LDA" 14 3000 3.01515151515152
288.95 18.05 0 0 "KDE LDA" 14 3000 3.02525252525253
290.215 18.13 0 0 "KDE LDA" 14 3000 3.03535353535354
293.795 18.135 0 0 "KDE LDA" 14 3000 3.04545454545455
294.325 18.195 0 0 "KDE LDA" 14 3000 3.05555555555556
295.635 18.235 0 0 "KDE LDA" 14 3000 3.06565656565657
296.57 18.345 0 0 "KDE LDA" 14 3000 3.07575757575758
297.7 18.42 0 0 "KDE LDA" 14 3000 3.08585858585859
318.38 18.475 0 0 "KDE LDA" 14 3000 3.0959595959596
318.5 18.595 0 0 "KDE LDA" 14 3000 3.10606060606061
326.045 18.76 0 0 "KDE LDA" 14 3000 3.11616161616162
330.125 18.765 0 0 "KDE LDA" 14 3000 3.12626262626263
330.145 18.89 0 0 "KDE LDA" 14 3000 3.13636363636364
334.835 18.915 0 0 "KDE LDA" 14 3000 3.14646464646465
340.555 19.015 0 0 "KDE LDA" 14 3000 3.15656565656566
342.59 19.105 0 0 "KDE LDA" 14 3000 3.16666666666667
344.36 19.21 0 0 "KDE LDA" 14 3000 3.17676767676768
350.415 19.345 0 0 "KDE LDA" 14 3000 3.18686868686869
359.37 19.38 0 0 "KDE LDA" 14 3000 3.1969696969697
370.48 19.44 0 0 "KDE LDA" 14 3000 3.20707070707071
372.585 19.75 0 0 "KDE LDA" 14 3000 3.21717171717172
390.605 20.18 0 0 "KDE LDA" 14 3000 3.22727272727273
390.925 20.23 0 0 "KDE LDA" 14 3000 3.23737373737374
392.18 20.285 0 0 "KDE LDA" 14 3000 3.24747474747475
399.115 20.34 0 0 "KDE LDA" 14 3000 3.25757575757576
402.945 20.4 0 0 "KDE LDA" 14 3000 3.26767676767677
405 20.405 0 0 "KDE LDA" 14 3000 3.27777777777778
405.575 20.485 0 0 "KDE LDA" 14 3000 3.28787878787879
405.605 20.515 0 0 "KDE LDA" 14 3000 3.2979797979798
407.82 20.525 0 0 "KDE LDA" 14 3000 3.30808080808081
417.225 20.545 0 0 "KDE LDA" 14 3000 3.31818181818182
421.68 20.555 0 0 "KDE LDA" 14 3000 3.32828282828283
427.635 20.65 0 0 "KDE LDA" 14 3000 3.33838383838384
443.4 21.02 0 0 "KDE LDA" 14 3000 3.34848484848485
485.92 21.3 0 0 "KDE LDA" 14 3000 3.35858585858586
485.94 21.3 0 0 "KDE LDA" 14 3000 3.36868686868687
488.955 21.34 0 0 "KDE LDA" 14 3000 3.37878787878788
496.95 21.37 0 0 "KDE LDA" 14 3000 3.38888888888889
502.105 21.395 0 0 "KDE LDA" 14 3000 3.3989898989899
503.135 21.395 0 0 "KDE LDA" 14 3000 3.40909090909091
505.1 21.41 0 0 "KDE LDA" 14 3000 3.41919191919192
505.13 21.43 0 0 "KDE LDA" 14 3000 3.42929292929293
505.455 21.495 0 0 "KDE LDA" 14 3000 3.43939393939394
508.205 21.51 0 0 "KDE LDA" 14 3000 3.44949494949495
510.735 21.53 0 0 "KDE LDA" 14 3000 3.45959595959596
525.115 21.59 0 0 "KDE LDA" 14 3000 3.46969696969697
533.71 21.895 0 0 "KDE LDA" 14 3000 3.47979797979798
542.435 21.92 0 0 "KDE LDA" 14 3000 3.48989898989899
550.075 21.93 0 0 "KDE LDA" 14 3000 3.5
91.555 12.865 0 0 "KDE QDA" 14 3000 2.7
91.555 12.87 0 0 "KDE QDA" 14 3000 2.71010101010101
92.345 12.875 0 0 "KDE QDA" 14 3000 2.72020202020202
92.35 12.875 0 0 "KDE QDA" 14 3000 2.73030303030303
92.35 12.875 0 0 "KDE QDA" 14 3000 2.74040404040404
92.395 12.875 0 0 "KDE QDA" 14 3000 2.75050505050505
92.395 12.88 0 0 "KDE QDA" 14 3000 2.76060606060606
92.395 12.88 0 0 "KDE QDA" 14 3000 2.77070707070707
93.98 12.885 0 0 "KDE QDA" 14 3000 2.78080808080808
93.98 12.95 0 0 "KDE QDA" 14 3000 2.79090909090909
122.77 13.92 0 0 "KDE QDA" 14 3000 2.8010101010101
122.85 13.92 0 0 "KDE QDA" 14 3000 2.81111111111111
123.325 13.92 0 0 "KDE QDA" 14 3000 2.82121212121212
130.04 14.12 0 0 "KDE QDA" 14 3000 2.83131313131313
130.04 14.12 0 0 "KDE QDA" 14 3000 2.84141414141414
130.49 14.135 0 0 "KDE QDA" 14 3000 2.85151515151515
130.49 14.135 0 0 "KDE QDA" 14 3000 2.86161616161616
130.495 14.135 0 0 "KDE QDA" 14 3000 2.87171717171717
130.495 14.135 0 0 "KDE QDA" 14 3000 2.88181818181818
130.495 14.135 0 0 "KDE QDA" 14 3000 2.89191919191919
130.495 14.135 0 0 "KDE QDA" 14 3000 2.9020202020202
130.495 14.135 0 0 "KDE QDA" 14 3000 2.91212121212121
130.53 14.135 0 0 "KDE QDA" 14 3000 2.92222222222222
130.71 14.135 0 0 "KDE QDA" 14 3000 2.93232323232323
130.715 14.135 0 0 "KDE QDA" 14 3000 2.94242424242424
130.72 14.135 0 0 "KDE QDA" 14 3000 2.95252525252525
143.42 14.27 0 0 "KDE QDA" 14 3000 2.96262626262626
143.82 14.27 0 0 "KDE QDA" 14 3000 2.97272727272727
143.84 14.275 0 0 "KDE QDA" 14 3000 2.98282828282828
144.1 14.28 0 0 "KDE QDA" 14 3000 2.99292929292929
144.1 14.28 0 0 "KDE QDA" 14 3000 3.0030303030303
144.13 14.285 0 0 "KDE QDA" 14 3000 3.01313131313131
144.13 14.29 0 0 "KDE QDA" 14 3000 3.02323232323232
144.135 14.29 0 0 "KDE QDA" 14 3000 3.03333333333333
144.145 14.295 0 0 "KDE QDA" 14 3000 3.04343434343434
144.145 14.295 0 0 "KDE QDA" 14 3000 3.05353535353535
144.145 14.295 0 0 "KDE QDA" 14 3000 3.06363636363636
144.145 14.295 0 0 "KDE QDA" 14 3000 3.07373737373737
144.145 14.295 0 0 "KDE QDA" 14 3000 3.08383838383838
157.99 14.6 0 0 "KDE QDA" 14 3000 3.09393939393939
158.11 14.62 0 0 "KDE QDA" 14 3000 3.1040404040404
158.115 14.62 0 0 "KDE QDA" 14 3000 3.11414141414141
158.23 14.655 0 0 "KDE QDA" 14 3000 3.12424242424242
158.23 14.655 0 0 "KDE QDA" 14 3000 3.13434343434343
158.235 14.66 0 0 "KDE QDA" 14 3000 3.14444444444444
161.635 14.66 0 0 "KDE QDA" 14 3000 3.15454545454545
161.635 14.66 0 0 "KDE QDA" 14 3000 3.16464646464646
161.635 14.66 0 0 "KDE QDA" 14 3000 3.17474747474748
161.635 14.66 0 0 "KDE QDA" 14 3000 3.18484848484849
161.635 14.665 0 0 "KDE QDA" 14 3000 3.19494949494949
161.66 14.665 0 0 "KDE QDA" 14 3000 3.20505050505051
161.66 14.665 0 0 "KDE QDA" 14 3000 3.21515151515152
181.595 15.115 0 0 "KDE QDA" 14 3000 3.22525252525253
183.375 15.135 0 0 "KDE QDA" 14 3000 3.23535353535354
184.805 15.135 0 0 "KDE QDA" 14 3000 3.24545454545455
189.235 15.175 0 0 "KDE QDA" 14 3000 3.25555555555556
190.075 15.18 0 0 "KDE QDA" 14 3000 3.26565656565657
190.085 15.18 0 0 "KDE QDA" 14 3000 3.27575757575758
190.105 15.23 0 0 "KDE QDA" 14 3000 3.28585858585859
190.375 15.23 0 0 "KDE QDA" 14 3000 3.2959595959596
190.38 15.23 0 0 "KDE QDA" 14 3000 3.30606060606061
190.38 15.23 0 0 "KDE QDA" 14 3000 3.31616161616162
190.38 15.24 0 0 "KDE QDA" 14 3000 3.32626262626263
190.38 15.245 0 0 "KDE QDA" 14 3000 3.33636363636364
190.38 15.245 0 0 "KDE QDA" 14 3000 3.34646464646465
195.845 15.245 0 0 "KDE QDA" 14 3000 3.35656565656566
242.05 16.02 0 0 "KDE QDA" 14 3000 3.36666666666667
242.05 16.02 0 0 "KDE QDA" 14 3000 3.37676767676768
252.03 16.195 0 0 "KDE QDA" 14 3000 3.38686868686869
252.245 16.24 0 0 "KDE QDA" 14 3000 3.3969696969697
252.68 16.24 0 0 "KDE QDA" 14 3000 3.40707070707071
255.155 16.24 0 0 "KDE QDA" 14 3000 3.41717171717172
255.56 16.24 0 0 "KDE QDA" 14 3000 3.42727272727273
259.35 16.245 0 0 "KDE QDA" 14 3000 3.43737373737374
259.35 16.245 0 0 "KDE QDA" 14 3000 3.44747474747475
260.995 16.245 0 0 "KDE QDA" 14 3000 3.45757575757576
260.995 16.245 0 0 "KDE QDA" 14 3000 3.46767676767677
262.165 16.245 0 0 "KDE QDA" 14 3000 3.47777777777778
264.36 16.245 0 0 "KDE QDA" 14 3000 3.48787878787879
264.36 16.245 0 0 "KDE QDA" 14 3000 3.4979797979798
265.11 16.245 0 0 "KDE QDA" 14 3000 3.50808080808081
274.105 16.42 0 0 "KDE QDA" 14 3000 3.51818181818182
277.175 16.45 0 0 "KDE QDA" 14 3000 3.52828282828283
277.175 16.465 0 0 "KDE QDA" 14 3000 3.53838383838384
281.695 16.515 0 0 "KDE QDA" 14 3000 3.54848484848485
282.59 16.555 0 0 "KDE QDA" 14 3000 3.55858585858586
284.685 16.555 0 0 "KDE QDA" 14 3000 3.56868686868687
286.22 16.575 0 0 "KDE QDA" 14 3000 3.57878787878788
286.225 16.73 0 0 "KDE QDA" 14 3000 3.58888888888889
286.23 16.735 0 0 "KDE QDA" 14 3000 3.5989898989899
286.36 16.74 0 0 "KDE QDA" 14 3000 3.60909090909091
286.36 16.74 0 0 "KDE QDA" 14 3000 3.61919191919192
286.36 16.755 0 0 "KDE QDA" 14 3000 3.62929292929293
286.36 16.755 0 0 "KDE QDA" 14 3000 3.63939393939394
286.37 16.755 0 0 "KDE QDA" 14 3000 3.64949494949495
318.635 17.13 0 0 "KDE QDA" 14 3000 3.65959595959596
318.64 17.135 0 0 "KDE QDA" 14 3000 3.66969696969697
325.235 17.24 0 0 "KDE QDA" 14 3000 3.67979797979798
326.74 17.275 0 0 "KDE QDA" 14 3000 3.68989898989899
326.74 17.29 0 0 "KDE QDA" 14 3000 3.7
