155.715 15.74 0 0 "KDE LDA" 115 1000 2.5
156.17 15.745 0 0 "KDE LDA" 115 1000 2.51010101010101
157.2 15.77 0 0 "KDE LDA" 115 1000 2.52020202020202
159.195 15.8 0 0 "KDE LDA" 115 1000 2.53030303030303
164.535 15.845 0 0 "KDE LDA" 115 1000 2.54040404040404
164.575 15.89 0 0 "KDE LDA" 115 1000 2.55050505050505
165.64 15.91 0 0 "KDE LDA" 115 1000 2.56060606060606
165.685 15.95 0 0 "KDE LDA" 115 1000 2.57070707070707
166.295 16.075 0 0 "KDE LDA" 115 1000 2.58080808080808
166.76 16.085 0 0 "KDE LDA" 115 1000 2.59090909090909
168.275 16.085 0 0 "KDE LDA" 115 1000 2.6010101010101
168.28 16.135 0 0 "KDE LDA" 115 1000 2.61111111111111
168.31 16.145 0 0 "KDE LDA" 115 1000 2.62121212121212
168.33 16.195 0 0 "KDE LDA" 115 1000 2.63131313131313
168.335 16.25 0 0 "KDE LDA" 115 1000 2.64141414141414
170.745 16.36 0 0 "KDE LDA" 115 1000 2.65151515151515
177.77 16.4 0 0 "KDE LDA" 115 1000 2.66161616161616
192.995 16.64 0 0 "KDE LDA" 115 1000 2.67171717171717
193.82 16.74 0 0 "KDE LDA" 115 1000 2.68181818181818
196.965 16.745 0 0 "KDE LDA" 115 1000 2.69191919191919
196.965 16.815 0 0 "KDE LDA" 115 1000 2.7020202020202
196.975 16.935 0 0 "KDE LDA" 115 1000 2.71212121212121
196.98 16.96 0 0 "KDE LDA" 115 1000 2.72222222222222
198.425 17.215 0 0 "KDE LDA" 115 1000 2.73232323232323
198.43 17.225 0 0 "KDE LDA" 115 1000 2.74242424242424
199.465 17.32 0 0 "KDE LDA" 115 1000 2.75252525252525
200.435 17.335 0 0 "KDE LDA" 115 1000 2.76262626262626
204.27 17.415 0 0 "KDE LDA" 115 1000 2.77272727272727
210.53 17.51 0 0 "KDE LDA" 115 1000 2.78282828282828
216.79 17.695 0 0 "KDE LDA" 115 1000 2.79292929292929
269.125 18.115 0 0 "KDE LDA" 115 1000 2.8030303030303
272.7 18.115 0 0 "KDE LDA" 115 1000 2.81313131313131
272.72 18.14 0 0 "KDE LDA" 115 1000 2.82323232323232
273 18.17 0 0 "KDE LDA" 115 1000 2.83333333333333
273.005 18.2 0 0 "KDE LDA" 115 1000 2.84343434343434
273.025 18.22 0 0 "KDE LDA" 115 1000 2.85353535353535
274.06 18.235 0 0 "KDE LDA" 115 1000 2.86363636363636
274.075 18.34 0 0 "KDE LDA" 115 1000 2.87373737373737
275.935 18.485 0 0 "KDE LDA" 115 1000 2.88383838383838
275.935 18.56 0 0 "KDE LDA" 115 1000 2.89393939393939
275.94 18.595 0 0 "KDE LDA" 115 1000 2.9040404040404
277.87 18.63 0 0 "KDE LDA" 115 1000 2.91414141414141
277.89 18.645 0 0 "KDE LDA" 115 1000 2.92424242424242
278.585 18.66 0 0 "KDE LDA" 115 1000 2.93434343434343
280.165 18.745 0 0 "KDE LDA" 115 1000 2.94444444444444
281.03 18.86 0 0 "KDE LDA" 115 1000 2.95454545454545
282.465 18.93 0 0 "KDE LDA" 115 1000 2.96464646464646
282.47 19.27 0 0 "KDE LDA" 115 1000 2.97474747474747
285.93 19.385 0 0 "KDE LDA" 115 1000 2.98484848484848
285.945 19.39 0 0 "KDE LDA" 115 1000 2.99494949494949
285.945 19.505 0 0 "KDE LDA" 115 1000 3.00505050505051
285.945 19.52 0 0 "KDE LDA" 115 1000 3.01515151515152
285.965 19.525 0 0 "KDE LDA" 115 1000 3.02525252525253
286.355 19.705 0 0 "KDE LDA" 115 1000 3.03535353535354
287.725 19.705 0 0 "KDE LDA" 115 1000 3.04545454545455
287.99 19.755 0 0 "KDE LDA" 115 1000 3.05555555555556
290.465 19.82 0 0 "KDE LDA" 115 1000 3.06565656565657
290.48 19.835 0 0 "KDE LDA" 115 1000 3.07575757575758
290.5 19.875 0 0 "KDE LDA" 115 1000 3.08585858585859
308.69 20.41 0 0 "KDE LDA" 115 1000 3.0959595959596
308.73 20.425 0 0 "KDE LDA" 115 1000 3.10606060606061
308.95 20.47 0 0 "KDE LDA" 115 1000 3.11616161616162
311.575 20.515 0 0 "KDE LDA" 115 1000 3.12626262626263
311.65 20.61 0 0 "KDE LDA" 115 1000 3.13636363636364
312.39 20.625 0 0 "KDE LDA" 115 1000 3.14646464646465
312.42 20.68 0 0 "KDE LDA" 115 1000 3.15656565656566
312.42 20.705 0 0 "KDE LDA" 115 1000 3.16666666666667
314.075 20.77 0 0 "KDE LDA" 115 1000 3.17676767676768
314.565 20.8 0 0 "KDE LDA" 115 1000 3.18686868686869
325.065 20.94 0 0 "KDE LDA" 115 1000 3.1969696969697
332.175 21.005 0 0 "KDE LDA" 115 1000 3.20707070707071
351.35 21.02 0 0 "KDE LDA" 115 1000 3.21717171717172
390.8 21.67 0 0 "KDE LDA" 115 1000 3.22727272727273
397.585 21.68 0 0 "KDE LDA" 115 1000 3.23737373737374
400.695 21.92 0 0 "KDE LDA" 115 1000 3.24747474747475
404.18 21.935 0 0 "KDE LDA" 115 1000 3.25757575757576
405.7 21.97 0 0 "KDE LDA" 115 1000 3.26767676767677
409.43 21.99 0 0 "KDE LDA" 115 1000 3.27777777777778
409.575 22.035 0 0 "KDE LDA" 115 1000 3.28787878787879
418.195 22.04 0 0 "KDE LDA" 115 1000 3.2979797979798
437.96 22.2 0 0 "KDE LDA" 115 1000 3.30808080808081
438.31 22.23 0 0 "KDE LDA" 115 1000 3.31818181818182
442.675 22.26 0 0 "KDE LDA" 115 1000 3.32828282828283
461.125 22.355 0 0 "KDE LDA" 115 1000 3.33838383838384
481.99 22.4 0 0 "KDE LDA" 115 1000 3.34848484848485
533.115 23.03 0 0 "KDE LDA" 115 1000 3.35858585858586
542.7 23.035 0 0 "KDE LDA" 115 1000 3.36868686868687
550.655 23.07 0 0 "KDE LDA" 115 1000 3.37878787878788
552.585 23.12 0 0 "KDE LDA" 115 1000 3.38888888888889
552.6 23.165 0 0 "KDE LDA" 115 1000 3.3989898989899
560.95 23.18 0 0 "KDE LDA" 115 1000 3.40909090909091
564.415 23.18 0 0 "KDE LDA" 115 1000 3.41919191919192
564.44 23.195 0 0 "KDE LDA" 115 1000 3.42929292929293
568.035 23.2 0 0 "KDE LDA" 115 1000 3.43939393939394
569.61 23.215 0 0 "KDE LDA" 115 1000 3.44949494949495
571.16 23.235 0 0 "KDE LDA" 115 1000 3.45959595959596
571.165 23.245 0 0 "KDE LDA" 115 1000 3.46969696969697
572.485 23.29 0 0 "KDE LDA" 115 1000 3.47979797979798
586.105 23.31 0 0 "KDE LDA" 115 1000 3.48989898989899
586.125 23.355 0 0 "KDE LDA" 115 1000 3.5
135.81 14.785 0 0 "KDE QDA" 115 1000 3.5
135.875 14.915 0 0 "KDE QDA" 115 1000 3.51010101010101
140.545 15 0 0 "KDE QDA" 115 1000 3.52020202020202
141.78 15.015 0 0 "KDE QDA" 115 1000 3.53030303030303
141.97 15.07 0 0 "KDE QDA" 115 1000 3.54040404040404
142.045 15.07 0 0 "KDE QDA" 115 1000 3.55050505050505
142.97 15.085 0 0 "KDE QDA" 115 1000 3.56060606060606
143.005 15.125 0 0 "KDE QDA" 115 1000 3.57070707070707
143.095 15.14 0 0 "KDE QDA" 115 1000 3.58080808080808
145.38 15.14 0 0 "KDE QDA" 115 1000 3.59090909090909
149.955 15.155 0 0 "KDE QDA" 115 1000 3.6010101010101
151.73 15.16 0 0 "KDE QDA" 115 1000 3.61111111111111
155.12 15.16 0 0 "KDE QDA" 115 1000 3.62121212121212
155.37 15.19 0 0 "KDE QDA" 115 1000 3.63131313131313
156.7 15.22 0 0 "KDE QDA" 115 1000 3.64141414141414
160.165 15.41 0 0 "KDE QDA" 115 1000 3.65151515151515
161.19 15.45 0 0 "KDE QDA" 115 1000 3.66161616161616
162.62 15.47 0 0 "KDE QDA" 115 1000 3.67171717171717
163.805 15.49 0 0 "KDE QDA" 115 1000 3.68181818181818
163.815 15.495 0 0 "KDE QDA" 115 1000 3.69191919191919
165.845 15.495 0 0 "KDE QDA" 115 1000 3.7020202020202
166.02 15.505 0 0 "KDE QDA" 115 1000 3.71212121212121
167.34 15.505 0 0 "KDE QDA" 115 1000 3.72222222222222
167.545 15.51 0 0 "KDE QDA" 115 1000 3.73232323232323
167.555 15.515 0 0 "KDE QDA" 115 1000 3.74242424242424
167.555 15.545 0 0 "KDE QDA" 115 1000 3.75252525252525
170.255 15.585 0 0 "KDE QDA" 115 1000 3.76262626262626
172.225 15.595 0 0 "KDE QDA" 115 1000 3.77272727272727
173.855 15.61 0 0 "KDE QDA" 115 1000 3.78282828282828
182.865 15.92 0 0 "KDE QDA" 115 1000 3.79292929292929
185.44 15.93 0 0 "KDE QDA" 115 1000 3.8030303030303
187.615 15.955 0 0 "KDE QDA" 115 1000 3.81313131313131
189.54 15.98 0 0 "KDE QDA" 115 1000 3.82323232323232
190.58 16.015 0 0 "KDE QDA" 115 1000 3.83333333333333
190.655 16.025 0 0 "KDE QDA" 115 1000 3.84343434343434
190.665 16.03 0 0 "KDE QDA" 115 1000 3.85353535353535
191.96 16.03 0 0 "KDE QDA" 115 1000 3.86363636363636
194.995 16.035 0 0 "KDE QDA" 115 1000 3.87373737373737
195.845 16.035 0 0 "KDE QDA" 115 1000 3.88383838383838
195.85 16.035 0 0 "KDE QDA" 115 1000 3.89393939393939
195.85 16.04 0 0 "KDE QDA" 115 1000 3.9040404040404
198.935 16.06 0 0 "KDE QDA" 115 1000 3.91414141414141
206.515 16.735 0 0 "KDE QDA" 115 1000 3.92424242424242
208.225 16.745 0 0 "KDE QDA" 115 1000 3.93434343434343
208.3 16.815 0 0 "KDE QDA" 115 1000 3.94444444444444
211.315 16.875 0 0 "KDE QDA" 115 1000 3.95454545454545
211.385 16.88 0 0 "KDE QDA" 115 1000 3.96464646464646
211.395 16.885 0 0 "KDE QDA" 115 1000 3.97474747474747
214.885 16.885 0 0 "KDE QDA" 115 1000 3.98484848484848
214.9 16.91 0 0 "KDE QDA" 115 1000 3.99494949494949
214.91 16.925 0 0 "KDE QDA" 115 1000 4.00505050505051
214.915 16.93 0 0 "KDE QDA" 115 1000 4.01515151515152
216.01 16.93 0 0 "KDE QDA" 115 1000 4.02525252525253
216.755 16.935 0 0 "KDE QDA" 115 1000 4.03535353535354
217.515 16.94 0 0 "KDE QDA" 115 1000 4.04545454545455
218.075 16.98 0 0 "KDE QDA" 115 1000 4.05555555555556
218.58 16.985 0 0 "KDE QDA" 115 1000 4.06565656565657
221.535 16.985 0 0 "KDE QDA" 115 1000 4.07575757575758
231.23 17.145 0 0 "KDE QDA" 115 1000 4.08585858585859
231.64 17.155 0 0 "KDE QDA" 115 1000 4.0959595959596
234.71 17.16 0 0 "KDE QDA" 115 1000 4.10606060606061
237.645 17.16 0 0 "KDE QDA" 115 1000 4.11616161616162
239.52 17.17 0 0 "KDE QDA" 115 1000 4.12626262626263
239.705 17.23 0 0 "KDE QDA" 115 1000 4.13636363636364
240.58 17.23 0 0 "KDE QDA" 115 1000 4.14646464646465
240.605 17.26 0 0 "KDE QDA" 115 1000 4.15656565656566
241.185 17.26 0 0 "KDE QDA" 115 1000 4.16666666666667
242.505 17.28 0 0 "KDE QDA" 115 1000 4.17676767676768
244.18 17.29 0 0 "KDE QDA" 115 1000 4.18686868686869
244.85 17.35 0 0 "KDE QDA" 115 1000 4.1969696969697
244.865 17.355 0 0 "KDE QDA" 115 1000 4.20707070707071
254.315 17.685 0 0 "KDE QDA" 115 1000 4.21717171717172
255.99 17.69 0 0 "KDE QDA" 115 1000 4.22727272727273
261.135 17.725 0 0 "KDE QDA" 115 1000 4.23737373737374
262.07 17.775 0 0 "KDE QDA" 115 1000 4.24747474747475
263.88 17.78 0 0 "KDE QDA" 115 1000 4.25757575757576
264.77 17.8 0 0 "KDE QDA" 115 1000 4.26767676767677
265.965 17.805 0 0 "KDE QDA" 115 1000 4.27777777777778
268.72 17.815 0 0 "KDE QDA" 115 1000 4.28787878787879
268.86 17.815 0 0 "KDE QDA" 115 1000 4.2979797979798
268.885 17.82 0 0 "KDE QDA" 115 1000 4.30808080808081
271.035 17.82 0 0 "KDE QDA" 115 1000 4.31818181818182
271.17 17.83 0 0 "KDE QDA" 115 1000 4.32828282828283
271.535 17.89 0 0 "KDE QDA" 115 1000 4.33838383838384
284.115 18.165 0 0 "KDE QDA" 115 1000 4.34848484848485
289.755 18.17 0 0 "KDE QDA" 115 1000 4.35858585858586
289.78 18.2 0 0 "KDE QDA" 115 1000 4.36868686868687
289.965 18.22 0 0 "KDE QDA" 115 1000 4.37878787878788
294.835 18.235 0 0 "KDE QDA" 115 1000 4.38888888888889
294.88 18.24 0 0 "KDE QDA" 115 1000 4.3989898989899
299.73 18.25 0 0 "KDE QDA" 115 1000 4.40909090909091
299.75 18.305 0 0 "KDE QDA" 115 1000 4.41919191919192
300.57 18.31 0 0 "KDE QDA" 115 1000 4.42929292929293
300.575 18.31 0 0 "KDE QDA" 115 1000 4.43939393939394
301.22 18.315 0 0 "KDE QDA" 115 1000 4.44949494949495
301.225 18.33 0 0 "KDE QDA" 115 1000 4.45959595959596
301.495 18.33 0 0 "KDE QDA" 115 1000 4.46969696969697
316.29 18.695 0 0 "KDE QDA" 115 1000 4.47979797979798
316.975 18.71 0 0 "KDE QDA" 115 1000 4.48989898989899
319.915 18.73 0 0 "KDE QDA" 115 1000 4.5
