148.455 15.305 0 0 "KDE LDA" 141 1000 2.5
151.585 15.325 0 0 "KDE LDA" 141 1000 2.51010101010101
152.165 15.325 0 0 "KDE LDA" 141 1000 2.52020202020202
158.915 15.455 0 0 "KDE LDA" 141 1000 2.53030303030303
162.05 15.625 0 0 "KDE LDA" 141 1000 2.54040404040404
162.77 15.835 0 0 "KDE LDA" 141 1000 2.55050505050505
163.935 15.925 0 0 "KDE LDA" 141 1000 2.56060606060606
166.76 15.95 0 0 "KDE LDA" 141 1000 2.57070707070707
166.76 15.96 0 0 "KDE LDA" 141 1000 2.58080808080808
166.93 15.975 0 0 "KDE LDA" 141 1000 2.59090909090909
168.28 15.99 0 0 "KDE LDA" 141 1000 2.6010101010101
169.72 16.095 0 0 "KDE LDA" 141 1000 2.61111111111111
170.81 16.115 0 0 "KDE LDA" 141 1000 2.62121212121212
171.41 16.19 0 0 "KDE LDA" 141 1000 2.63131313131313
172.73 16.25 0 0 "KDE LDA" 141 1000 2.64141414141414
175.81 16.425 0 0 "KDE LDA" 141 1000 2.65151515151515
183.5 16.745 0 0 "KDE LDA" 141 1000 2.66161616161616
198.175 16.945 0 0 "KDE LDA" 141 1000 2.67171717171717
199.39 16.985 0 0 "KDE LDA" 141 1000 2.68181818181818
201.195 16.995 0 0 "KDE LDA" 141 1000 2.69191919191919
204.395 17.12 0 0 "KDE LDA" 141 1000 2.7020202020202
208.23 17.145 0 0 "KDE LDA" 141 1000 2.71212121212121
209.9 17.195 0 0 "KDE LDA" 141 1000 2.72222222222222
213.39 17.21 0 0 "KDE LDA" 141 1000 2.73232323232323
213.81 17.28 0 0 "KDE LDA" 141 1000 2.74242424242424
215.68 17.31 0 0 "KDE LDA" 141 1000 2.75252525252525
216.27 17.39 0 0 "KDE LDA" 141 1000 2.76262626262626
218.285 17.42 0 0 "KDE LDA" 141 1000 2.77272727272727
220.055 17.62 0 0 "KDE LDA" 141 1000 2.78282828282828
227.925 18.005 0 0 "KDE LDA" 141 1000 2.79292929292929
259.825 18.665 0 0 "KDE LDA" 141 1000 2.8030303030303
270.71 18.71 0 0 "KDE LDA" 141 1000 2.81313131313131
276.46 18.99 0 0 "KDE LDA" 141 1000 2.82323232323232
280.05 19.03 0 0 "KDE LDA" 141 1000 2.83333333333333
280.085 19.03 0 0 "KDE LDA" 141 1000 2.84343434343434
282.395 19.12 0 0 "KDE LDA" 141 1000 2.85353535353535
283.715 19.175 0 0 "KDE LDA" 141 1000 2.86363636363636
285.255 19.175 0 0 "KDE LDA" 141 1000 2.87373737373737
286.215 19.18 0 0 "KDE LDA" 141 1000 2.88383838383838
287.31 19.18 0 0 "KDE LDA" 141 1000 2.89393939393939
289.14 19.185 0 0 "KDE LDA" 141 1000 2.9040404040404
291.795 19.185 0 0 "KDE LDA" 141 1000 2.91414141414141
293.825 19.2 0 0 "KDE LDA" 141 1000 2.92424242424242
293.83 19.235 0 0 "KDE LDA" 141 1000 2.93434343434343
293.85 19.25 0 0 "KDE LDA" 141 1000 2.94444444444444
296.835 19.35 0 0 "KDE LDA" 141 1000 2.95454545454545
298.62 19.4 0 0 "KDE LDA" 141 1000 2.96464646464646
299.805 19.41 0 0 "KDE LDA" 141 1000 2.97474747474747
306.015 19.41 0 0 "KDE LDA" 141 1000 2.98484848484848
306.015 19.505 0 0 "KDE LDA" 141 1000 2.99494949494949
311.06 19.51 0 0 "KDE LDA" 141 1000 3.00505050505051
312.86 19.53 0 0 "KDE LDA" 141 1000 3.01515151515152
314.05 19.6 0 0 "KDE LDA" 141 1000 3.02525252525253
314.485 19.61 0 0 "KDE LDA" 141 1000 3.03535353535354
315.955 19.62 0 0 "KDE LDA" 141 1000 3.04545454545455
317.74 19.76 0 0 "KDE LDA" 141 1000 3.05555555555556
325.79 19.905 0 0 "KDE LDA" 141 1000 3.06565656565657
330.795 19.93 0 0 "KDE LDA" 141 1000 3.07575757575758
336.635 19.945 0 0 "KDE LDA" 141 1000 3.08585858585859
351.625 20.3 0 0 "KDE LDA" 141 1000 3.0959595959596
351.63 20.415 0 0 "KDE LDA" 141 1000 3.10606060606061
353.375 20.43 0 0 "KDE LDA" 141 1000 3.11616161616162
355.79 20.45 0 0 "KDE LDA" 141 1000 3.12626262626263
357.285 20.465 0 0 "KDE LDA" 141 1000 3.13636363636364
357.31 20.49 0 0 "KDE LDA" 141 1000 3.14646464646465
358.535 20.51 0 0 "KDE LDA" 141 1000 3.15656565656566
364.56 20.57 0 0 "KDE LDA" 141 1000 3.16666666666667
366.905 20.6 0 0 "KDE LDA" 141 1000 3.17676767676768
367.77 20.885 0 0 "KDE LDA" 141 1000 3.18686868686869
381.515 20.98 0 0 "KDE LDA" 141 1000 3.1969696969697
381.98 21.02 0 0 "KDE LDA" 141 1000 3.20707070707071
394.785 21.375 0 0 "KDE LDA" 141 1000 3.21717171717172
427.9 21.635 0 0 "KDE LDA" 141 1000 3.22727272727273
434.74 21.725 0 0 "KDE LDA" 141 1000 3.23737373737374
434.76 21.745 0 0 "KDE LDA" 141 1000 3.24747474747475
440.045 21.785 0 0 "KDE LDA" 141 1000 3.25757575757576
453.405 21.995 0 0 "KDE LDA" 141 1000 3.26767676767677
453.42 22.06 0 0 "KDE LDA" 141 1000 3.27777777777778
455.405 22.09 0 0 "KDE LDA" 141 1000 3.28787878787879
460.585 22.34 0 0 "KDE LDA" 141 1000 3.2979797979798
466.515 22.525 0 0 "KDE LDA" 141 1000 3.30808080808081
473.77 22.55 0 0 "KDE LDA" 141 1000 3.31818181818182
482.98 22.6 0 0 "KDE LDA" 141 1000 3.32828282828283
490.485 22.63 0 0 "KDE LDA" 141 1000 3.33838383838384
496.255 22.905 0 0 "KDE LDA" 141 1000 3.34848484848485
518.93 23.35 0 0 "KDE LDA" 141 1000 3.35858585858586
522.205 23.35 0 0 "KDE LDA" 141 1000 3.36868686868687
530.805 23.42 0 0 "KDE LDA" 141 1000 3.37878787878788
536.835 23.785 0 0 "KDE LDA" 141 1000 3.38888888888889
542.05 23.795 0 0 "KDE LDA" 141 1000 3.3989898989899
551.91 23.925 0 0 "KDE LDA" 141 1000 3.40909090909091
564.25 23.975 0 0 "KDE LDA" 141 1000 3.41919191919192
566.225 24.105 0 0 "KDE LDA" 141 1000 3.42929292929293
579.28 24.125 0 0 "KDE LDA" 141 1000 3.43939393939394
581.075 24.13 0 0 "KDE LDA" 141 1000 3.44949494949495
587.73 24.155 0 0 "KDE LDA" 141 1000 3.45959595959596
588.84 24.17 0 0 "KDE LDA" 141 1000 3.46969696969697
592.35 24.18 0 0 "KDE LDA" 141 1000 3.47979797979798
602.97 24.265 0 0 "KDE LDA" 141 1000 3.48989898989899
603.985 24.385 0 0 "KDE LDA" 141 1000 3.5
98.645 13.37 0 0 "KDE QDA" 141 1000 3.5
98.775 13.375 0 0 "KDE QDA" 141 1000 3.51010101010101
99.66 13.515 0 0 "KDE QDA" 141 1000 3.52020202020202
99.66 13.555 0 0 "KDE QDA" 141 1000 3.53030303030303
101.79 13.57 0 0 "KDE QDA" 141 1000 3.54040404040404
102.975 13.57 0 0 "KDE QDA" 141 1000 3.55050505050505
103.005 13.62 0 0 "KDE QDA" 141 1000 3.56060606060606
103.56 13.69 0 0 "KDE QDA" 141 1000 3.57070707070707
103.805 13.695 0 0 "KDE QDA" 141 1000 3.58080808080808
103.82 13.695 0 0 "KDE QDA" 141 1000 3.59090909090909
105.505 13.7 0 0 "KDE QDA" 141 1000 3.6010101010101
106.155 13.72 0 0 "KDE QDA" 141 1000 3.61111111111111
106.865 13.725 0 0 "KDE QDA" 141 1000 3.62121212121212
107.22 13.735 0 0 "KDE QDA" 141 1000 3.63131313131313
107.76 13.735 0 0 "KDE QDA" 141 1000 3.64141414141414
108.19 13.815 0 0 "KDE QDA" 141 1000 3.65151515151515
110.86 13.84 0 0 "KDE QDA" 141 1000 3.66161616161616
110.875 13.84 0 0 "KDE QDA" 141 1000 3.67171717171717
112.05 13.855 0 0 "KDE QDA" 141 1000 3.68181818181818
112.78 13.87 0 0 "KDE QDA" 141 1000 3.69191919191919
113.655 13.945 0 0 "KDE QDA" 141 1000 3.7020202020202
115.87 13.98 0 0 "KDE QDA" 141 1000 3.71212121212121
116.885 14 0 0 "KDE QDA" 141 1000 3.72222222222222
117.29 14.05 0 0 "KDE QDA" 141 1000 3.73232323232323
119.09 14.08 0 0 "KDE QDA" 141 1000 3.74242424242424
119.11 14.08 0 0 "KDE QDA" 141 1000 3.75252525252525
119.415 14.08 0 0 "KDE QDA" 141 1000 3.76262626262626
119.455 14.105 0 0 "KDE QDA" 141 1000 3.77272727272727
120.275 14.145 0 0 "KDE QDA" 141 1000 3.78282828282828
124.445 14.575 0 0 "KDE QDA" 141 1000 3.79292929292929
124.985 14.595 0 0 "KDE QDA" 141 1000 3.8030303030303
125.335 14.635 0 0 "KDE QDA" 141 1000 3.81313131313131
125.42 14.675 0 0 "KDE QDA" 141 1000 3.82323232323232
125.425 14.68 0 0 "KDE QDA" 141 1000 3.83333333333333
125.475 14.68 0 0 "KDE QDA" 141 1000 3.84343434343434
125.525 14.74 0 0 "KDE QDA" 141 1000 3.85353535353535
127.51 14.78 0 0 "KDE QDA" 141 1000 3.86363636363636
129.33 14.8 0 0 "KDE QDA" 141 1000 3.87373737373737
129.91 14.81 0 0 "KDE QDA" 141 1000 3.88383838383838
129.935 14.85 0 0 "KDE QDA" 141 1000 3.89393939393939
130.82 14.92 0 0 "KDE QDA" 141 1000 3.9040404040404
133.43 14.94 0 0 "KDE QDA" 141 1000 3.91414141414141
137.43 15.7 0 0 "KDE QDA" 141 1000 3.92424242424242
139.73 15.715 0 0 "KDE QDA" 141 1000 3.93434343434343
141.135 15.75 0 0 "KDE QDA" 141 1000 3.94444444444444
141.415 15.77 0 0 "KDE QDA" 141 1000 3.95454545454545
142.42 15.8 0 0 "KDE QDA" 141 1000 3.96464646464646
143.055 15.805 0 0 "KDE QDA" 141 1000 3.97474747474747
143.075 15.82 0 0 "KDE QDA" 141 1000 3.98484848484848
143.085 15.87 0 0 "KDE QDA" 141 1000 3.99494949494949
143.12 15.88 0 0 "KDE QDA" 141 1000 4.00505050505051
144.965 15.92 0 0 "KDE QDA" 141 1000 4.01515151515152
145.525 15.92 0 0 "KDE QDA" 141 1000 4.02525252525253
145.575 15.945 0 0 "KDE QDA" 141 1000 4.03535353535354
145.625 15.975 0 0 "KDE QDA" 141 1000 4.04545454545455
145.74 15.98 0 0 "KDE QDA" 141 1000 4.05555555555556
147.405 15.99 0 0 "KDE QDA" 141 1000 4.06565656565657
147.44 16.005 0 0 "KDE QDA" 141 1000 4.07575757575758
147.795 16.04 0 0 "KDE QDA" 141 1000 4.08585858585859
151.165 16.045 0 0 "KDE QDA" 141 1000 4.0959595959596
151.185 16.045 0 0 "KDE QDA" 141 1000 4.10606060606061
152.6 16.12 0 0 "KDE QDA" 141 1000 4.11616161616162
153.285 16.125 0 0 "KDE QDA" 141 1000 4.12626262626263
154.595 16.135 0 0 "KDE QDA" 141 1000 4.13636363636364
154.69 16.145 0 0 "KDE QDA" 141 1000 4.14646464646465
154.915 16.15 0 0 "KDE QDA" 141 1000 4.15656565656566
154.925 16.2 0 0 "KDE QDA" 141 1000 4.16666666666667
155 16.205 0 0 "KDE QDA" 141 1000 4.17676767676768
156.14 16.235 0 0 "KDE QDA" 141 1000 4.18686868686869
156.2 16.245 0 0 "KDE QDA" 141 1000 4.1969696969697
158.105 16.255 0 0 "KDE QDA" 141 1000 4.20707070707071
161.585 16.565 0 0 "KDE QDA" 141 1000 4.21717171717172
165.48 16.565 0 0 "KDE QDA" 141 1000 4.22727272727273
165.505 16.585 0 0 "KDE QDA" 141 1000 4.23737373737374
165.515 16.61 0 0 "KDE QDA" 141 1000 4.24747474747475
165.53 16.625 0 0 "KDE QDA" 141 1000 4.25757575757576
165.58 16.625 0 0 "KDE QDA" 141 1000 4.26767676767677
165.84 16.63 0 0 "KDE QDA" 141 1000 4.27777777777778
165.88 16.655 0 0 "KDE QDA" 141 1000 4.28787878787879
166.335 16.71 0 0 "KDE QDA" 141 1000 4.2979797979798
170.555 16.715 0 0 "KDE QDA" 141 1000 4.30808080808081
172.355 16.715 0 0 "KDE QDA" 141 1000 4.31818181818182
172.65 16.795 0 0 "KDE QDA" 141 1000 4.32828282828283
173.905 16.825 0 0 "KDE QDA" 141 1000 4.33838383838384
178.77 17.28 0 0 "KDE QDA" 141 1000 4.34848484848485
180.195 17.36 0 0 "KDE QDA" 141 1000 4.35858585858586
180.2 17.39 0 0 "KDE QDA" 141 1000 4.36868686868687
182.22 17.43 0 0 "KDE QDA" 141 1000 4.37878787878788
183.21 17.44 0 0 "KDE QDA" 141 1000 4.38888888888889
183.245 17.45 0 0 "KDE QDA" 141 1000 4.3989898989899
183.26 17.465 0 0 "KDE QDA" 141 1000 4.40909090909091
183.26 17.635 0 0 "KDE QDA" 141 1000 4.41919191919192
183.4 17.64 0 0 "KDE QDA" 141 1000 4.42929292929293
183.475 17.66 0 0 "KDE QDA" 141 1000 4.43939393939394
183.495 17.66 0 0 "KDE QDA" 141 1000 4.44949494949495
184.28 17.67 0 0 "KDE QDA" 141 1000 4.45959595959596
184.305 17.69 0 0 "KDE QDA" 141 1000 4.46969696969697
186.04 17.93 0 0 "KDE QDA" 141 1000 4.47979797979798
186.605 17.93 0 0 "KDE QDA" 141 1000 4.48989898989899
187.565 17.965 0 0 "KDE QDA" 141 1000 4.5
