124.155 13.755 0 0 "KDE LDA" 24 600 2.3
124.16 14.045 0 0 "KDE LDA" 24 600 2.31010101010101
124.455 14.045 0 0 "KDE LDA" 24 600 2.32020202020202
124.455 14.185 0 0 "KDE LDA" 24 600 2.33030303030303
125.89 14.24 0 0 "KDE LDA" 24 600 2.34040404040404
125.89 14.245 0 0 "KDE LDA" 24 600 2.35050505050505
125.895 14.27 0 0 "KDE LDA" 24 600 2.36060606060606
127.445 14.275 0 0 "KDE LDA" 24 600 2.37070707070707
129.47 14.295 0 0 "KDE LDA" 24 600 2.38080808080808
131.255 14.305 0 0 "KDE LDA" 24 600 2.39090909090909
136.61 14.405 0 0 "KDE LDA" 24 600 2.4010101010101
136.74 14.435 0 0 "KDE LDA" 24 600 2.41111111111111
137.44 14.475 0 0 "KDE LDA" 24 600 2.42121212121212
137.515 14.515 0 0 "KDE LDA" 24 600 2.43131313131313
138.63 14.515 0 0 "KDE LDA" 24 600 2.44141414141414
140.565 14.76 0 0 "KDE LDA" 24 600 2.45151515151515
141.23 14.8 0 0 "KDE LDA" 24 600 2.46161616161616
141.27 14.805 0 0 "KDE LDA" 24 600 2.47171717171717
143.23 14.83 0 0 "KDE LDA" 24 600 2.48181818181818
143.535 14.83 0 0 "KDE LDA" 24 600 2.49191919191919
143.655 14.84 0 0 "KDE LDA" 24 600 2.5020202020202
143.87 14.89 0 0 "KDE LDA" 24 600 2.51212121212121
145.585 14.93 0 0 "KDE LDA" 24 600 2.52222222222222
150.79 15.02 0 0 "KDE LDA" 24 600 2.53232323232323
152.845 15.03 0 0 "KDE LDA" 24 600 2.54242424242424
153.605 15.095 0 0 "KDE LDA" 24 600 2.55252525252525
154.655 15.105 0 0 "KDE LDA" 24 600 2.56262626262626
154.79 15.12 0 0 "KDE LDA" 24 600 2.57272727272727
156.815 15.155 0 0 "KDE LDA" 24 600 2.58282828282828
159.25 15.165 0 0 "KDE LDA" 24 600 2.59292929292929
161.16 15.185 0 0 "KDE LDA" 24 600 2.6030303030303
162.235 15.235 0 0 "KDE LDA" 24 600 2.61313131313131
162.495 15.425 0 0 "KDE LDA" 24 600 2.62323232323232
165.075 15.455 0 0 "KDE LDA" 24 600 2.63333333333333
165.075 15.48 0 0 "KDE LDA" 24 600 2.64343434343434
172.095 15.82 0 0 "KDE LDA" 24 600 2.65353535353535
176.655 16.095 0 0 "KDE LDA" 24 600 2.66363636363636
187.075 16.925 0 0 "KDE LDA" 24 600 2.67373737373737
188.83 16.935 0 0 "KDE LDA" 24 600 2.68383838383838
189.81 16.945 0 0 "KDE LDA" 24 600 2.69393939393939
192.735 17.04 0 0 "KDE LDA" 24 600 2.7040404040404
192.78 17.06 0 0 "KDE LDA" 24 600 2.71414141414141
193.855 17.125 0 0 "KDE LDA" 24 600 2.72424242424242
197.005 17.15 0 0 "KDE LDA" 24 600 2.73434343434343
198.97 17.205 0 0 "KDE LDA" 24 600 2.74444444444444
201.13 17.255 0 0 "KDE LDA" 24 600 2.75454545454545
201.13 17.315 0 0 "KDE LDA" 24 600 2.76464646464646
204.375 17.51 0 0 "KDE LDA" 24 600 2.77474747474747
208.34 17.54 0 0 "KDE LDA" 24 600 2.78484848484848
210.13 17.87 0 0 "KDE LDA" 24 600 2.79494949494949
254.07 18.73 0 0 "KDE LDA" 24 600 2.80505050505051
259.84 18.765 0 0 "KDE LDA" 24 600 2.81515151515151
260.04 18.885 0 0 "KDE LDA" 24 600 2.82525252525252
260.04 18.92 0 0 "KDE LDA" 24 600 2.83535353535354
261.65 18.945 0 0 "KDE LDA" 24 600 2.84545454545455
264.075 18.97 0 0 "KDE LDA" 24 600 2.85555555555556
264.075 18.97 0 0 "KDE LDA" 24 600 2.86565656565657
264.1 18.975 0 0 "KDE LDA" 24 600 2.87575757575758
264.1 19.245 0 0 "KDE LDA" 24 600 2.88585858585859
265.345 19.25 0 0 "KDE LDA" 24 600 2.8959595959596
266.455 19.27 0 0 "KDE LDA" 24 600 2.90606060606061
267.67 19.29 0 0 "KDE LDA" 24 600 2.91616161616162
267.84 19.315 0 0 "KDE LDA" 24 600 2.92626262626263
268.495 19.33 0 0 "KDE LDA" 24 600 2.93636363636364
270.31 19.335 0 0 "KDE LDA" 24 600 2.94646464646465
274.765 19.37 0 0 "KDE LDA" 24 600 2.95656565656566
276.585 19.4 0 0 "KDE LDA" 24 600 2.96666666666667
278.775 19.435 0 0 "KDE LDA" 24 600 2.97676767676768
278.81 19.78 0 0 "KDE LDA" 24 600 2.98686868686869
278.82 19.78 0 0 "KDE LDA" 24 600 2.9969696969697
282.92 19.785 0 0 "KDE LDA" 24 600 3.00707070707071
283.1 19.8 0 0 "KDE LDA" 24 600 3.01717171717172
283.105 19.875 0 0 "KDE LDA" 24 600 3.02727272727273
283.52 19.91 0 0 "KDE LDA" 24 600 3.03737373737374
285.61 19.995 0 0 "KDE LDA" 24 600 3.04747474747475
287 20.02 0 0 "KDE LDA" 24 600 3.05757575757576
288.2 20.035 0 0 "KDE LDA" 24 600 3.06767676767677
295.86 20.115 0 0 "KDE LDA" 24 600 3.07777777777778
303.175 20.195 0 0 "KDE LDA" 24 600 3.08787878787879
328.245 20.365 0 0 "KDE LDA" 24 600 3.0979797979798
330.09 20.42 0 0 "KDE LDA" 24 600 3.10808080808081
330.115 20.45 0 0 "KDE LDA" 24 600 3.11818181818182
333.36 20.48 0 0 "KDE LDA" 24 600 3.12828282828283
339.7 20.695 0 0 "KDE LDA" 24 600 3.13838383838384
340.42 21.025 0 0 "KDE LDA" 24 600 3.14848484848485
340.425 21.06 0 0 "KDE LDA" 24 600 3.15858585858586
346.075 21.225 0 0 "KDE LDA" 24 600 3.16868686868687
348.585 21.39 0 0 "KDE LDA" 24 600 3.17878787878788
350.235 21.54 0 0 "KDE LDA" 24 600 3.18888888888889
351.48 21.83 0 0 "KDE LDA" 24 600 3.1989898989899
358.095 21.855 0 0 "KDE LDA" 24 600 3.20909090909091
373 22.16 0 0 "KDE LDA" 24 600 3.21919191919192
400.28 22.565 0 0 "KDE LDA" 24 600 3.22929292929293
400.295 22.605 0 0 "KDE LDA" 24 600 3.23939393939394
414.335 22.795 0 0 "KDE LDA" 24 600 3.24949494949495
415.33 22.805 0 0 "KDE LDA" 24 600 3.25959595959596
421.11 22.84 0 0 "KDE LDA" 24 600 3.26969696969697
421.585 22.94 0 0 "KDE LDA" 24 600 3.27979797979798
428.87 22.965 0 0 "KDE LDA" 24 600 3.28989898989899
428.955 22.99 0 0 "KDE LDA" 24 600 3.3
406.25 24.31 0 0 "KDE QDA" 24 600 4.5
415.94 24.545 0 0 "KDE QDA" 24 600 4.51010101010101
415.965 24.57 0 0 "KDE QDA" 24 600 4.52020202020202
421.36 24.68 0 0 "KDE QDA" 24 600 4.53030303030303
421.36 24.68 0 0 "KDE QDA" 24 600 4.54040404040404
421.425 24.785 0 0 "KDE QDA" 24 600 4.55050505050505
423.39 24.865 0 0 "KDE QDA" 24 600 4.56060606060606
424.295 24.87 0 0 "KDE QDA" 24 600 4.57070707070707
424.37 24.88 0 0 "KDE QDA" 24 600 4.58080808080808
424.38 24.9 0 0 "KDE QDA" 24 600 4.59090909090909
431.16 24.905 0 0 "KDE QDA" 24 600 4.6010101010101
432.895 24.92 0 0 "KDE QDA" 24 600 4.61111111111111
435.67 25.035 0 0 "KDE QDA" 24 600 4.62121212121212
435.81 25.06 0 0 "KDE QDA" 24 600 4.63131313131313
446.75 25.245 0 0 "KDE QDA" 24 600 4.64141414141414
452.37 25.29 0 0 "KDE QDA" 24 600 4.65151515151515
465.17 25.33 0 0 "KDE QDA" 24 600 4.66161616161616
465.255 25.465 0 0 "KDE QDA" 24 600 4.67171717171717
470.355 25.485 0 0 "KDE QDA" 24 600 4.68181818181818
470.455 25.51 0 0 "KDE QDA" 24 600 4.69191919191919
472.67 25.515 0 0 "KDE QDA" 24 600 4.7020202020202
472.69 25.53 0 0 "KDE QDA" 24 600 4.71212121212121
472.77 25.55 0 0 "KDE QDA" 24 600 4.72222222222222
476.39 25.555 0 0 "KDE QDA" 24 600 4.73232323232323
481.755 25.57 0 0 "KDE QDA" 24 600 4.74242424242424
481.785 25.585 0 0 "KDE QDA" 24 600 4.75252525252525
481.805 25.585 0 0 "KDE QDA" 24 600 4.76262626262626
507.895 26.11 0 0 "KDE QDA" 24 600 4.77272727272727
507.955 26.11 0 0 "KDE QDA" 24 600 4.78282828282828
508.265 26.115 0 0 "KDE QDA" 24 600 4.79292929292929
522.24 26.28 0 0 "KDE QDA" 24 600 4.8030303030303
522.27 26.285 0 0 "KDE QDA" 24 600 4.81313131313131
522.28 26.34 0 0 "KDE QDA" 24 600 4.82323232323232
522.28 26.345 0 0 "KDE QDA" 24 600 4.83333333333333
522.4 26.365 0 0 "KDE QDA" 24 600 4.84343434343434
522.4 26.38 0 0 "KDE QDA" 24 600 4.85353535353535
522.785 26.39 0 0 "KDE QDA" 24 600 4.86363636363636
522.795 26.41 0 0 "KDE QDA" 24 600 4.87373737373737
538.56 26.415 0 0 "KDE QDA" 24 600 4.88383838383838
539.76 26.445 0 0 "KDE QDA" 24 600 4.89393939393939
546.975 26.85 0 0 "KDE QDA" 24 600 4.9040404040404
547.105 26.875 0 0 "KDE QDA" 24 600 4.91414141414141
548.655 26.91 0 0 "KDE QDA" 24 600 4.92424242424242
557.49 27.095 0 0 "KDE QDA" 24 600 4.93434343434343
565.635 27.155 0 0 "KDE QDA" 24 600 4.94444444444444
567.755 27.17 0 0 "KDE QDA" 24 600 4.95454545454546
573.055 27.175 0 0 "KDE QDA" 24 600 4.96464646464646
574.37 27.185 0 0 "KDE QDA" 24 600 4.97474747474747
586.96 27.28 0 0 "KDE QDA" 24 600 4.98484848484848
590.13 27.28 0 0 "KDE QDA" 24 600 4.99494949494949
598.665 27.345 0 0 "KDE QDA" 24 600 5.00505050505051
598.675 27.345 0 0 "KDE QDA" 24 600 5.01515151515152
598.69 27.365 0 0 "KDE QDA" 24 600 5.02525252525253
601.7 27.39 0 0 "KDE QDA" 24 600 5.03535353535354
610.8 27.505 0 0 "KDE QDA" 24 600 5.04545454545455
611.745 27.54 0 0 "KDE QDA" 24 600 5.05555555555556
636.62 27.665 0 0 "KDE QDA" 24 600 5.06565656565657
638.15 27.685 0 0 "KDE QDA" 24 600 5.07575757575758
644.54 27.765 0 0 "KDE QDA" 24 600 5.08585858585859
663.58 27.775 0 0 "KDE QDA" 24 600 5.0959595959596
668.34 27.78 0 0 "KDE QDA" 24 600 5.10606060606061
685.03 27.8 0 0 "KDE QDA" 24 600 5.11616161616162
689.265 27.805 0 0 "KDE QDA" 24 600 5.12626262626263
689.715 27.825 0 0 "KDE QDA" 24 600 5.13636363636364
692.615 27.89 0 0 "KDE QDA" 24 600 5.14646464646465
692.635 27.89 0 0 "KDE QDA" 24 600 5.15656565656566
696.44 27.905 0 0 "KDE QDA" 24 600 5.16666666666667
719.3 27.915 0 0 "KDE QDA" 24 600 5.17676767676768
725.255 27.925 0 0 "KDE QDA" 24 600 5.18686868686869
765.195 28.12 0 0 "KDE QDA" 24 600 5.1969696969697
778.13 28.15 0 0 "KDE QDA" 24 600 5.20707070707071
782.13 28.205 0 0 "KDE QDA" 24 600 5.21717171717172
782.185 28.48 0 0 "KDE QDA" 24 600 5.22727272727273
782.215 28.515 0 0 "KDE QDA" 24 600 5.23737373737374
798.15 28.56 0 0 "KDE QDA" 24 600 5.24747474747475
803.9 28.56 0 0 "KDE QDA" 24 600 5.25757575757576
806.605 28.57 0 0 "KDE QDA" 24 600 5.26767676767677
813.81 28.6 0 0 "KDE QDA" 24 600 5.27777777777778
813.825 28.605 0 0 "KDE QDA" 24 600 5.28787878787879
820.01 28.69 0 0 "KDE QDA" 24 600 5.2979797979798
820.045 28.7 0 0 "KDE QDA" 24 600 5.30808080808081
820.11 28.735 0 0 "KDE QDA" 24 600 5.31818181818182
830.03 28.745 0 0 "KDE QDA" 24 600 5.32828282828283
844.455 28.985 0 0 "KDE QDA" 24 600 5.33838383838384
846.265 29 0 0 "KDE QDA" 24 600 5.34848484848485
858.165 29.08 0 0 "KDE QDA" 24 600 5.35858585858586
869.435 29.08 0 0 "KDE QDA" 24 600 5.36868686868687
869.505 29.09 0 0 "KDE QDA" 24 600 5.37878787878788
869.52 29.105 0 0 "KDE QDA" 24 600 5.38888888888889
869.525 29.14 0 0 "KDE QDA" 24 600 5.3989898989899
870.79 29.145 0 0 "KDE QDA" 24 600 5.40909090909091
870.825 29.155 0 0 "KDE QDA" 24 600 5.41919191919192
871.025 29.175 0 0 "KDE QDA" 24 600 5.42929292929293
873.95 29.185 0 0 "KDE QDA" 24 600 5.43939393939394
874.045 29.225 0 0 "KDE QDA" 24 600 5.44949494949495
884.095 29.385 0 0 "KDE QDA" 24 600 5.45959595959596
909.05 29.655 0 0 "KDE QDA" 24 600 5.46969696969697
921.9 29.68 0 0 "KDE QDA" 24 600 5.47979797979798
922.924623115578 29.78 1 0 "KDE QDA" 24 600 5.48989898989899
922.944723618091 29.86 1 0 "KDE QDA" 24 600 5.5
