130.9 14.895 0 0 "KDE LDA" 61 1500 2.5
131.01 14.91 0 0 "KDE LDA" 61 1500 2.51010101010101
132.43 14.985 0 0 "KDE LDA" 61 1500 2.52020202020202
136.185 15.16 0 0 "KDE LDA" 61 1500 2.53030303030303
147.66 15.205 0 0 "KDE LDA" 61 1500 2.54040404040404
148.835 15.37 0 0 "KDE LDA" 61 1500 2.55050505050505
150.91 15.6 0 0 "KDE LDA" 61 1500 2.56060606060606
151.225 15.625 0 0 "KDE LDA" 61 1500 2.57070707070707
153.87 15.735 0 0 "KDE LDA" 61 1500 2.58080808080808
154.95 15.775 0 0 "KDE LDA" 61 1500 2.59090909090909
155.305 15.875 0 0 "KDE LDA" 61 1500 2.6010101010101
155.97 15.88 0 0 "KDE LDA" 61 1500 2.61111111111111
156.26 15.88 0 0 "KDE LDA" 61 1500 2.62121212121212
157.89 15.915 0 0 "KDE LDA" 61 1500 2.63131313131313
160.645 16.015 0 0 "KDE LDA" 61 1500 2.64141414141414
165.49 16.21 0 0 "KDE LDA" 61 1500 2.65151515151515
170.105 16.285 0 0 "KDE LDA" 61 1500 2.66161616161616
178.505 16.365 0 0 "KDE LDA" 61 1500 2.67171717171717
179.98 16.38 0 0 "KDE LDA" 61 1500 2.68181818181818
189.16 16.455 0 0 "KDE LDA" 61 1500 2.69191919191919
189.385 16.47 0 0 "KDE LDA" 61 1500 2.7020202020202
189.435 16.485 0 0 "KDE LDA" 61 1500 2.71212121212121
191.475 16.495 0 0 "KDE LDA" 61 1500 2.72222222222222
193.065 16.515 0 0 "KDE LDA" 61 1500 2.73232323232323
195.635 16.52 0 0 "KDE LDA" 61 1500 2.74242424242424
197.03 16.565 0 0 "KDE LDA" 61 1500 2.75252525252525
200.515 16.615 0 0 "KDE LDA" 61 1500 2.76262626262626
210.545 16.75 0 0 "KDE LDA" 61 1500 2.77272727272727
211.59 16.785 0 0 "KDE LDA" 61 1500 2.78282828282828
224.565 17.04 0 0 "KDE LDA" 61 1500 2.79292929292929
253.915 17.435 0 0 "KDE LDA" 61 1500 2.8030303030303
254.705 17.485 0 0 "KDE LDA" 61 1500 2.81313131313131
258.51 17.5 0 0 "KDE LDA" 61 1500 2.82323232323232
261.58 17.515 0 0 "KDE LDA" 61 1500 2.83333333333333
262.53 17.515 0 0 "KDE LDA" 61 1500 2.84343434343434
262.545 17.52 0 0 "KDE LDA" 61 1500 2.85353535353535
262.55 17.75 0 0 "KDE LDA" 61 1500 2.86363636363636
262.55 17.765 0 0 "KDE LDA" 61 1500 2.87373737373737
262.56 17.915 0 0 "KDE LDA" 61 1500 2.88383838383838
265.695 17.935 0 0 "KDE LDA" 61 1500 2.89393939393939
266.385 17.975 0 0 "KDE LDA" 61 1500 2.9040404040404
267.02 18.02 0 0 "KDE LDA" 61 1500 2.91414141414141
268.3 18.195 0 0 "KDE LDA" 61 1500 2.92424242424242
270.95 18.205 0 0 "KDE LDA" 61 1500 2.93434343434343
276.215 18.275 0 0 "KDE LDA" 61 1500 2.94444444444444
284.235 18.305 0 0 "KDE LDA" 61 1500 2.95454545454545
291.545 18.42 0 0 "KDE LDA" 61 1500 2.96464646464646
291.575 18.44 0 0 "KDE LDA" 61 1500 2.97474747474747
295.075 18.49 0 0 "KDE LDA" 61 1500 2.98484848484848
295.075 18.555 0 0 "KDE LDA" 61 1500 2.99494949494949
296.59 18.595 0 0 "KDE LDA" 61 1500 3.00505050505051
298.06 18.605 0 0 "KDE LDA" 61 1500 3.01515151515152
301.955 18.625 0 0 "KDE LDA" 61 1500 3.02525252525253
303.16 18.65 0 0 "KDE LDA" 61 1500 3.03535353535354
303.46 18.72 0 0 "KDE LDA" 61 1500 3.04545454545455
303.465 18.8 0 0 "KDE LDA" 61 1500 3.05555555555556
304.185 18.815 0 0 "KDE LDA" 61 1500 3.06565656565657
317.935 18.955 0 0 "KDE LDA" 61 1500 3.07575757575758
318.025 19.12 0 0 "KDE LDA" 61 1500 3.08585858585859
321.635 19.27 0 0 "KDE LDA" 61 1500 3.0959595959596
322.805 19.3 0 0 "KDE LDA" 61 1500 3.10606060606061
325.015 19.305 0 0 "KDE LDA" 61 1500 3.11616161616162
326.26 19.33 0 0 "KDE LDA" 61 1500 3.12626262626263
330.16 19.335 0 0 "KDE LDA" 61 1500 3.13636363636364
332.835 19.385 0 0 "KDE LDA" 61 1500 3.14646464646465
338.275 19.39 0 0 "KDE LDA" 61 1500 3.15656565656566
338.28 19.445 0 0 "KDE LDA" 61 1500 3.16666666666667
338.685 19.615 0 0 "KDE LDA" 61 1500 3.17676767676768
338.71 19.695 0 0 "KDE LDA" 61 1500 3.18686868686869
339.69 19.715 0 0 "KDE LDA" 61 1500 3.1969696969697
341.66 19.8 0 0 "KDE LDA" 61 1500 3.20707070707071
350.055 20.01 0 0 "KDE LDA" 61 1500 3.21717171717172
378.815 20.26 0 0 "KDE LDA" 61 1500 3.22727272727273
379.99 20.445 0 0 "KDE LDA" 61 1500 3.23737373737374
380 20.755 0 0 "KDE LDA" 61 1500 3.24747474747475
383.01 20.93 0 0 "KDE LDA" 61 1500 3.25757575757576
383.04 21.04 0 0 "KDE LDA" 61 1500 3.26767676767677
383.075 21.065 0 0 "KDE LDA" 61 1500 3.27777777777778
388.07 21.075 0 0 "KDE LDA" 61 1500 3.28787878787879
394.94 21.16 0 0 "KDE LDA" 61 1500 3.2979797979798
395.84 21.205 0 0 "KDE LDA" 61 1500 3.30808080808081
395.93 21.24 0 0 "KDE LDA" 61 1500 3.31818181818182
419.55 21.345 0 0 "KDE LDA" 61 1500 3.32828282828283
422.745 21.38 0 0 "KDE LDA" 61 1500 3.33838383838384
434.97 21.41 0 0 "KDE LDA" 61 1500 3.34848484848485
524.935 22.195 0 0 "KDE LDA" 61 1500 3.35858585858586
526.02 22.26 0 0 "KDE LDA" 61 1500 3.36868686868687
526.93 22.26 0 0 "KDE LDA" 61 1500 3.37878787878788
533.3 22.275 0 0 "KDE LDA" 61 1500 3.38888888888889
534.23 22.275 0 0 "KDE LDA" 61 1500 3.3989898989899
534.28 22.29 0 0 "KDE LDA" 61 1500 3.40909090909091
545.19 22.405 0 0 "KDE LDA" 61 1500 3.41919191919192
545.195 22.455 0 0 "KDE LDA" 61 1500 3.42929292929293
552.53 22.495 0 0 "KDE LDA" 61 1500 3.43939393939394
570.86 22.58 0 0 "KDE LDA" 61 1500 3.44949494949495
570.865 22.61 0 0 "KDE LDA" 61 1500 3.45959595959596
577.715 22.69 0 0 "KDE LDA" 61 1500 3.46969696969697
578.75 22.7 0 0 "KDE LDA" 61 1500 3.47979797979798
579.955 22.73 0 0 "KDE LDA" 61 1500 3.48989898989899
585 22.785 0 0 "KDE LDA" 61 1500 3.5
106.835 12.635 0 0 "KDE QDA" 61 1500 2.8
109.14 12.635 0 0 "KDE QDA" 61 1500 2.81010101010101
109.145 12.635 0 0 "KDE QDA" 61 1500 2.82020202020202
112.72 12.765 0 0 "KDE QDA" 61 1500 2.83030303030303
112.725 12.775 0 0 "KDE QDA" 61 1500 2.84040404040404
113.935 12.79 0 0 "KDE QDA" 61 1500 2.85050505050505
114.015 12.795 0 0 "KDE QDA" 61 1500 2.86060606060606
114.015 12.8 0 0 "KDE QDA" 61 1500 2.87070707070707
114.055 12.8 0 0 "KDE QDA" 61 1500 2.88080808080808
114.055 12.805 0 0 "KDE QDA" 61 1500 2.89090909090909
115.06 12.805 0 0 "KDE QDA" 61 1500 2.9010101010101
116.235 12.815 0 0 "KDE QDA" 61 1500 2.91111111111111
116.24 12.815 0 0 "KDE QDA" 61 1500 2.92121212121212
116.48 12.815 0 0 "KDE QDA" 61 1500 2.93131313131313
116.615 12.815 0 0 "KDE QDA" 61 1500 2.94141414141414
117.345 12.815 0 0 "KDE QDA" 61 1500 2.95151515151515
120.915 12.985 0 0 "KDE QDA" 61 1500 2.96161616161616
120.92 13.045 0 0 "KDE QDA" 61 1500 2.97171717171717
120.935 13.05 0 0 "KDE QDA" 61 1500 2.98181818181818
120.95 13.065 0 0 "KDE QDA" 61 1500 2.99191919191919
120.965 13.065 0 0 "KDE QDA" 61 1500 3.0020202020202
124.01 13.075 0 0 "KDE QDA" 61 1500 3.01212121212121
125.25 13.075 0 0 "KDE QDA" 61 1500 3.02222222222222
125.46 13.075 0 0 "KDE QDA" 61 1500 3.03232323232323
125.48 13.08 0 0 "KDE QDA" 61 1500 3.04242424242424
125.49 13.085 0 0 "KDE QDA" 61 1500 3.05252525252525
125.49 13.095 0 0 "KDE QDA" 61 1500 3.06262626262626
125.495 13.11 0 0 "KDE QDA" 61 1500 3.07272727272727
125.51 13.16 0 0 "KDE QDA" 61 1500 3.08282828282828
128.875 13.33 0 0 "KDE QDA" 61 1500 3.09292929292929
131.31 13.375 0 0 "KDE QDA" 61 1500 3.1030303030303
131.315 13.385 0 0 "KDE QDA" 61 1500 3.11313131313131
131.515 13.4 0 0 "KDE QDA" 61 1500 3.12323232323232
132.31 13.44 0 0 "KDE QDA" 61 1500 3.13333333333333
132.325 13.47 0 0 "KDE QDA" 61 1500 3.14343434343434
132.38 13.475 0 0 "KDE QDA" 61 1500 3.15353535353535
132.38 13.48 0 0 "KDE QDA" 61 1500 3.16363636363636
132.38 13.48 0 0 "KDE QDA" 61 1500 3.17373737373737
133.215 13.485 0 0 "KDE QDA" 61 1500 3.18383838383838
133.35 13.49 0 0 "KDE QDA" 61 1500 3.19393939393939
134.755 13.515 0 0 "KDE QDA" 61 1500 3.2040404040404
137.54 13.515 0 0 "KDE QDA" 61 1500 3.21414141414141
146.095 13.87 0 0 "KDE QDA" 61 1500 3.22424242424242
152.595 13.99 0 0 "KDE QDA" 61 1500 3.23434343434343
152.915 14.035 0 0 "KDE QDA" 61 1500 3.24444444444444
154.505 14.13 0 0 "KDE QDA" 61 1500 3.25454545454545
155.215 14.13 0 0 "KDE QDA" 61 1500 3.26464646464646
156.545 14.145 0 0 "KDE QDA" 61 1500 3.27474747474747
156.755 14.155 0 0 "KDE QDA" 61 1500 3.28484848484848
161.39 14.165 0 0 "KDE QDA" 61 1500 3.29494949494949
164.07 14.165 0 0 "KDE QDA" 61 1500 3.30505050505051
164.125 14.17 0 0 "KDE QDA" 61 1500 3.31515151515151
165.765 14.17 0 0 "KDE QDA" 61 1500 3.32525252525252
166.26 14.205 0 0 "KDE QDA" 61 1500 3.33535353535354
166.3 14.32 0 0 "KDE QDA" 61 1500 3.34545454545455
171.175 14.32 0 0 "KDE QDA" 61 1500 3.35555555555556
182.14 14.905 0 0 "KDE QDA" 61 1500 3.36565656565657
182.735 14.905 0 0 "KDE QDA" 61 1500 3.37575757575758
184.725 15.05 0 0 "KDE QDA" 61 1500 3.38585858585859
184.735 15.075 0 0 "KDE QDA" 61 1500 3.3959595959596
185.07 15.08 0 0 "KDE QDA" 61 1500 3.40606060606061
188.595 15.09 0 0 "KDE QDA" 61 1500 3.41616161616162
190.275 15.11 0 0 "KDE QDA" 61 1500 3.42626262626263
193.235 15.12 0 0 "KDE QDA" 61 1500 3.43636363636364
194.15 15.12 0 0 "KDE QDA" 61 1500 3.44646464646465
198.09 15.125 0 0 "KDE QDA" 61 1500 3.45656565656566
198.095 15.175 0 0 "KDE QDA" 61 1500 3.46666666666667
198.105 15.175 0 0 "KDE QDA" 61 1500 3.47676767676768
199.345 15.175 0 0 "KDE QDA" 61 1500 3.48686868686869
199.36 15.195 0 0 "KDE QDA" 61 1500 3.4969696969697
200.02 15.2 0 0 "KDE QDA" 61 1500 3.50707070707071
202.2 15.345 0 0 "KDE QDA" 61 1500 3.51717171717172
205.725 15.57 0 0 "KDE QDA" 61 1500 3.52727272727273
205.745 15.655 0 0 "KDE QDA" 61 1500 3.53737373737374
206.95 15.7 0 0 "KDE QDA" 61 1500 3.54747474747475
206.97 15.725 0 0 "KDE QDA" 61 1500 3.55757575757576
209.25 15.73 0 0 "KDE QDA" 61 1500 3.56767676767677
209.56 15.75 0 0 "KDE QDA" 61 1500 3.57777777777778
209.575 15.82 0 0 "KDE QDA" 61 1500 3.58787878787879
214.73 15.825 0 0 "KDE QDA" 61 1500 3.5979797979798
217.04 15.83 0 0 "KDE QDA" 61 1500 3.60808080808081
217.04 15.895 0 0 "KDE QDA" 61 1500 3.61818181818182
218.33 15.9 0 0 "KDE QDA" 61 1500 3.62828282828283
218.35 15.9 0 0 "KDE QDA" 61 1500 3.63838383838384
223.35 15.905 0 0 "KDE QDA" 61 1500 3.64848484848485
242.315 16.195 0 0 "KDE QDA" 61 1500 3.65858585858586
245.9 16.205 0 0 "KDE QDA" 61 1500 3.66868686868687
246.715 16.605 0 0 "KDE QDA" 61 1500 3.67878787878788
249.59 16.61 0 0 "KDE QDA" 61 1500 3.68888888888889
253.53 16.645 0 0 "KDE QDA" 61 1500 3.6989898989899
253.58 16.695 0 0 "KDE QDA" 61 1500 3.70909090909091
253.78 16.7 0 0 "KDE QDA" 61 1500 3.71919191919192
253.79 16.715 0 0 "KDE QDA" 61 1500 3.72929292929293
254.99 16.73 0 0 "KDE QDA" 61 1500 3.73939393939394
257.08 16.735 0 0 "KDE QDA" 61 1500 3.74949494949495
261.63 16.74 0 0 "KDE QDA" 61 1500 3.75959595959596
261.935 16.74 0 0 "KDE QDA" 61 1500 3.76969696969697
262.405 16.74 0 0 "KDE QDA" 61 1500 3.77979797979798
276.45 17.29 0 0 "KDE QDA" 61 1500 3.78989898989899
276.465 17.375 0 0 "KDE QDA" 61 1500 3.8
