31.828 0 26.8758018433818 "LDA" 48 1 3 1.5
33.579 0 28.1081452043145 "LDA" 48 1 3 1.53535353535354
34.948 0 29.3505835163929 "LDA" 48 1 3 1.57070707070707
36.424 0 30.6165575726207 "LDA" 48 1 3 1.60606060606061
37.773 0 31.4769482203925 "LDA" 48 1 3 1.64141414141414
38.974 0 32.1483255993036 "LDA" 48 1 3 1.67676767676768
40.038 0 32.4833761442022 "LDA" 48 1 3 1.71212121212121
41.513 0 34.0798660247993 "LDA" 48 1 3 1.74747474747475
43.033 0 35.1559077375176 "LDA" 48 1 3 1.78282828282828
44.444 0 36.7312407637973 "LDA" 48 1 3 1.81818181818182
46.038 0 37.700608640868 "LDA" 48 1 3 1.85353535353535
47.816 0 39.8814326807936 "LDA" 48 1 3 1.88888888888889
49.394 0 40.7608907436309 "LDA" 48 1 3 1.92424242424242
50.798 0 42.0872252652813 "LDA" 48 1 3 1.95959595959596
52.613 0 43.2644778778855 "LDA" 48 1 3 1.99494949494949
54.665 0 44.7374139978074 "LDA" 48 1 3 2.03030303030303
56.247 0 45.4869327615311 "LDA" 48 1 3 2.06565656565657
57.852 0 46.7017896140304 "LDA" 48 1 3 2.1010101010101
59.088 0 47.1849836142674 "LDA" 48 1 3 2.13636363636364
60.81 0 48.6452079475076 "LDA" 48 1 3 2.17171717171717
62.729 0 50.330634128051 "LDA" 48 1 3 2.20707070707071
64.587 0 52.592646039322 "LDA" 48 1 3 2.24242424242424
66.089 0 54.1891275122652 "LDA" 48 1 3 2.27777777777778
67.594 0 54.5884700744128 "LDA" 48 1 3 2.31313131313131
70.518 0 57.3149428916987 "LDA" 48 1 3 2.34848484848485
73.71 0 60.0256526743273 "LDA" 48 1 3 2.38383838383838
75.294 0 61.3743462236004 "LDA" 48 1 3 2.41919191919192
78.178 0 64.0632688708469 "LDA" 48 1 3 2.45454545454545
80.013 0 64.9524260412854 "LDA" 48 1 3 2.48989898989899
83.033 0 66.9494296998648 "LDA" 48 1 3 2.52525252525253
85.246 0 69.1520027438359 "LDA" 48 1 3 2.56060606060606
86.577 0 70.0668926129912 "LDA" 48 1 3 2.5959595959596
89.028 0 73.9898081340106 "LDA" 48 1 3 2.63131313131313
91.529 0 75.8743835631044 "LDA" 48 1 3 2.66666666666667
93.524 0 76.5559026478705 "LDA" 48 1 3 2.7020202020202
97.182 0 84.4860033423333 "LDA" 48 1 3 2.73737373737374
98.914 0 85.9278546235166 "LDA" 48 1 3 2.77272727272727
101.605 0 87.5455835790944 "LDA" 48 1 3 2.80808080808081
106.191 0 91.0160559541087 "LDA" 48 1 3 2.84343434343434
109.246 0 97.5201603037324 "LDA" 48 1 3 2.87878787878788
113.562 0 102.682129778145 "LDA" 48 1 3 2.91414141414141
115.871 0 104.223014712662 "LDA" 48 1 3 2.94949494949495
119.415 0 106.741381373381 "LDA" 48 1 3 2.98484848484848
122.488 0 108.131143525814 "LDA" 48 1 3 3.02020202020202
125.462 0 110.250386410678 "LDA" 48 1 3 3.05555555555556
127.129 0 112.26045059489 "LDA" 48 1 3 3.09090909090909
130.709 0 115.887921412584 "LDA" 48 1 3 3.12626262626263
134.795 0 119.203516950858 "LDA" 48 1 3 3.16161616161616
138.444 0 121.531538206256 "LDA" 48 1 3 3.1969696969697
140.871 0 123.488873429394 "LDA" 48 1 3 3.23232323232323
143.64 0 125.30436378508 "LDA" 48 1 3 3.26767676767677
146.43 0 126.739638771917 "LDA" 48 1 3 3.3030303030303
148.962 0 127.330206697144 "LDA" 48 1 3 3.33838383838384
151.679 0 130.40433754385 "LDA" 48 1 3 3.37373737373737
154.528 0 135.775875266206 "LDA" 48 1 3 3.40909090909091
158.589 0 138.684308472215 "LDA" 48 1 3 3.44444444444444
161.422 0 139.944597632086 "LDA" 48 1 3 3.47979797979798
164.087 0 142.07398230305 "LDA" 48 1 3 3.51515151515152
169.189 0 146.581620438752 "LDA" 48 1 3 3.55050505050505
174.725 0 150.584398381891 "LDA" 48 1 3 3.58585858585859
177.419 0 150.944611413309 "LDA" 48 1 3 3.62121212121212
181.581 0 154.984223547265 "LDA" 48 1 3 3.65656565656566
183.982 0 157.065346907582 "LDA" 48 1 3 3.69191919191919
187.787 0 160.157960161845 "LDA" 48 1 3 3.72727272727273
193.182 0 165.914799209102 "LDA" 48 1 3 3.76262626262626
195.883 0 166.662436315682 "LDA" 48 1 3 3.7979797979798
199.203 0 171.274705709325 "LDA" 48 1 3 3.83333333333333
203.739 0 174.419921993413 "LDA" 48 1 3 3.86868686868687
209.563 0 178.94830126471 "LDA" 48 1 3 3.9040404040404
213.745 0 181.328497481778 "LDA" 48 1 3 3.93939393939394
221.976 0 190.719661842751 "LDA" 48 1 3 3.97474747474747
224.715 0 193.316696433909 "LDA" 48 1 3 4.01010101010101
227.202 0 194.447074703789 "LDA" 48 1 3 4.04545454545454
232.535 0 198.553015779351 "LDA" 48 1 3 4.08080808080808
237.438 0 204.83547966534 "LDA" 48 1 3 4.11616161616162
242.73 0 212.23737607642 "LDA" 48 1 3 4.15151515151515
249.215 0 217.890828600444 "LDA" 48 1 3 4.18686868686869
258.083 0 226.460394818656 "LDA" 48 1 3 4.22222222222222
263.367 0 231.644420283435 "LDA" 48 1 3 4.25757575757576
269.732 0 237.415421273047 "LDA" 48 1 3 4.29292929292929
277.928 0 245.759232616837 "LDA" 48 1 3 4.32828282828283
283.102 0 249.160387089309 "LDA" 48 1 3 4.36363636363636
289.897 0 255.232509733821 "LDA" 48 1 3 4.3989898989899
296.43 0 263.646973862449 "LDA" 48 1 3 4.43434343434343
302.814 0 270.730275895191 "LDA" 48 1 3 4.46969696969697
310.053 0 277.567642182923 "LDA" 48 1 3 4.50505050505051
316.112 0 283.563226740633 "LDA" 48 1 3 4.54040404040404
324.028 0 290.454207858765 "LDA" 48 1 3 4.57575757575758
330.937 0 294.320895997584 "LDA" 48 1 3 4.61111111111111
334.966 0 296.715859274736 "LDA" 48 1 3 4.64646464646465
341.441 0 302.023795241189 "LDA" 48 1 3 4.68181818181818
348.179 0 304.769160513659 "LDA" 48 1 3 4.71717171717172
357.098 0 309.753103909196 "LDA" 48 1 3 4.75252525252525
361.981981981982 1 313.820388356097 "LDA" 48 1 3 4.78787878787879
367.793587174349 2 314.60141071175 "LDA" 48 1 3 4.82323232323232
372.905811623247 2 315.971567138584 "LDA" 48 1 3 4.85858585858586
377.02004008016 2 318.622007321917 "LDA" 48 1 3 4.89393939393939
381.335671342685 2 321.334579973835 "LDA" 48 1 3 4.92929292929293
387.730190571715 3 327.915128879802 "LDA" 48 1 3 4.96464646464646
398.286860581745 3 336.696051181773 "LDA" 48 1 3 5
36.693 0 30.6581910046186 "uLSIF" 48 1 3 1.5
39.199 0 33.3718606026107 "uLSIF" 48 1 3 1.53535353535354
40.972 0 34.98115059424 "uLSIF" 48 1 3 1.57070707070707
43.521 0 38.1606576829435 "uLSIF" 48 1 3 1.60606060606061
46.307 0 41.664333280009 "uLSIF" 48 1 3 1.64141414141414
48.658 0 44.5373395097935 "uLSIF" 48 1 3 1.67676767676768
50.751 0 46.2150931388636 "uLSIF" 48 1 3 1.71212121212121
52.705 0 47.4840890584806 "uLSIF" 48 1 3 1.74747474747475
55.019 0 50.3550620223158 "uLSIF" 48 1 3 1.78282828282828
56.947 0 51.8288377201285 "uLSIF" 48 1 3 1.81818181818182
59.72 0 55.6756264030803 "uLSIF" 48 1 3 1.85353535353535
61.88 0 57.5930773840274 "uLSIF" 48 1 3 1.88888888888889
64.381 0 59.2521278407253 "uLSIF" 48 1 3 1.92424242424242
66.85 0 61.4765065765847 "uLSIF" 48 1 3 1.95959595959596
70.308 0 63.5966639979777 "uLSIF" 48 1 3 1.99494949494949
73.487 0 67.7972735535973 "uLSIF" 48 1 3 2.03030303030303
76.12 0 69.8506887490647 "uLSIF" 48 1 3 2.06565656565657
79.986 0 74.7812813747133 "uLSIF" 48 1 3 2.1010101010101
83.45 0 78.7889154208458 "uLSIF" 48 1 3 2.13636363636364
87.737 0 82.2444160717004 "uLSIF" 48 1 3 2.17171717171717
91.276 0 84.4662439698272 "uLSIF" 48 1 3 2.20707070707071
95.138 0 87.2522774253825 "uLSIF" 48 1 3 2.24242424242424
98.589 0 90.992613627342 "uLSIF" 48 1 3 2.27777777777778
103.271 0 94.7209248931439 "uLSIF" 48 1 3 2.31313131313131
107.129 0 97.3287071538312 "uLSIF" 48 1 3 2.34848484848485
112.195 0 102.319383458029 "uLSIF" 48 1 3 2.38383838383838
116.341 0 106.367884466346 "uLSIF" 48 1 3 2.41919191919192
120.559 0 110.596763800589 "uLSIF" 48 1 3 2.45454545454545
129.512 0 122.33921177913 "uLSIF" 48 1 3 2.48989898989899
135.046 0 128.102146914265 "uLSIF" 48 1 3 2.52525252525253
140.673 0 130.622771289616 "uLSIF" 48 1 3 2.56060606060606
147.642 0 136.329775337758 "uLSIF" 48 1 3 2.5959595959596
153.73 0 144.704708121583 "uLSIF" 48 1 3 2.63131313131313
157.665 0 146.879509685202 "uLSIF" 48 1 3 2.66666666666667
165.598 0 154.903206549766 "uLSIF" 48 1 3 2.7020202020202
170.579 0 158.062815401386 "uLSIF" 48 1 3 2.73737373737374
178.352 0 163.671477198834 "uLSIF" 48 1 3 2.77272727272727
183.752 0 168.293271170065 "uLSIF" 48 1 3 2.80808080808081
189.478 0 173.046440548734 "uLSIF" 48 1 3 2.84343434343434
199.805 0 191.991186231531 "uLSIF" 48 1 3 2.87878787878788
207.934 0 200.244549297911 "uLSIF" 48 1 3 2.91414141414141
215.23 0 205.177364372513 "uLSIF" 48 1 3 2.94949494949495
222.44 0 211.675536926053 "uLSIF" 48 1 3 2.98484848484848
228.57 0 218.06641204014 "uLSIF" 48 1 3 3.02020202020202
239.274 0 231.509627513915 "uLSIF" 48 1 3 3.05555555555556
247.471 0 236.877876314542 "uLSIF" 48 1 3 3.09090909090909
256.551 0 243.87582253232 "uLSIF" 48 1 3 3.12626262626263
264.828 0 250.563597780149 "uLSIF" 48 1 3 3.16161616161616
273.928 0 259.634980576846 "uLSIF" 48 1 3 3.1969696969697
283.211 0 269.736609152924 "uLSIF" 48 1 3 3.23232323232323
294.258 0 282.387818994227 "uLSIF" 48 1 3 3.26767676767677
302.604 0 290.255858937675 "uLSIF" 48 1 3 3.3030303030303
315.666 0 300.225174826495 "uLSIF" 48 1 3 3.33838383838384
323.92 0 306.501900507998 "uLSIF" 48 1 3 3.37373737373737
338.119119119119 1 320.897177959654 "uLSIF" 48 1 3 3.40909090909091
349.564564564565 1 330.231654261881 "uLSIF" 48 1 3 3.44444444444444
362.697697697698 1 339.484633433355 "uLSIF" 48 1 3 3.47979797979798
376.004004004004 1 348.226088628619 "uLSIF" 48 1 3 3.51515151515152
385.001001001001 1 353.115235777892 "uLSIF" 48 1 3 3.55050505050505
395.587174348697 2 356.920580547391 "uLSIF" 48 1 3 3.58585858585859
405.526052104208 2 367.395193910004 "uLSIF" 48 1 3 3.62121212121212
415.276659959759 6 375.561019642394 "uLSIF" 48 1 3 3.65656565656566
427.815895372233 6 383.60058547018 "uLSIF" 48 1 3 3.69191919191919
438.910372608258 7 389.240408731516 "uLSIF" 48 1 3 3.72727272727273
448.115810674723 7 392.430453672404 "uLSIF" 48 1 3 3.76262626262626
464.26586102719 7 408.267797614804 "uLSIF" 48 1 3 3.7979797979798
480.916246215943 9 419.175058110397 "uLSIF" 48 1 3 3.83333333333333
496.601617795753 11 426.237347441136 "uLSIF" 48 1 3 3.86868686868687
509.267276422764 16 434.069220523408 "uLSIF" 48 1 3 3.9040404040404
515.951169888098 17 436.710912662423 "uLSIF" 48 1 3 3.93939393939394
530.624872579001 19 442.000415496514 "uLSIF" 48 1 3 3.97474747474747
553.018480492813 26 458.647548963188 "uLSIF" 48 1 3 4.01010101010101
567.537512846865 27 465.484048120128 "uLSIF" 48 1 3 4.04545454545454
577.144340602285 37 467.520861193819 "uLSIF" 48 1 3 4.08080808080808
589.258602711157 41 469.424808907316 "uLSIF" 48 1 3 4.11616161616162
601.260460251046 44 474.274615200363 "uLSIF" 48 1 3 4.15151515151515
613.243953732913 49 478.181904831353 "uLSIF" 48 1 3 4.18686868686869
624.381203801478 53 484.680746895993 "uLSIF" 48 1 3 4.22222222222222
632.095338983051 56 485.573476064063 "uLSIF" 48 1 3 4.25757575757576
646.086078639745 59 487.122364403169 "uLSIF" 48 1 3 4.29292929292929
657.63704496788 66 491.063851529445 "uLSIF" 48 1 3 4.32828282828283
664.779716466739 83 490.945464627981 "uLSIF" 48 1 3 4.36363636363636
676.166116611661 91 495.497680569516 "uLSIF" 48 1 3 4.3989898989899
689.737306843267 94 496.211734657884 "uLSIF" 48 1 3 4.43434343434343
700.573021181717 103 501.433253226164 "uLSIF" 48 1 3 4.46969696969697
715.764108352144 114 506.525066109605 "uLSIF" 48 1 3 4.50505050505051
727.544 125 508.944768076011 "uLSIF" 48 1 3 4.54040404040404
737.188722669735 131 510.165294720438 "uLSIF" 48 1 3 4.57575757575758
748.860950173812 137 513.797270268205 "uLSIF" 48 1 3 4.61111111111111
766.700934579439 144 519.256532662398 "uLSIF" 48 1 3 4.64646464646465
773.860879904875 159 522.529512407523 "uLSIF" 48 1 3 4.68181818181818
788.440963855422 170 523.653142374772 "uLSIF" 48 1 3 4.71717171717172
788.986469864699 187 521.204642509408 "uLSIF" 48 1 3 4.75252525252525
803.007462686567 196 523.534719654738 "uLSIF" 48 1 3 4.78787878787879
808.364779874214 205 523.539941932115 "uLSIF" 48 1 3 4.82323232323232
809.651612903226 225 525.875300768147 "uLSIF" 48 1 3 4.85858585858586
817.335509138381 234 525.563270538153 "uLSIF" 48 1 3 4.89393939393939
831.892715231788 245 529.09876368908 "uLSIF" 48 1 3 4.92929292929293
836.217741935484 256 529.881460023584 "uLSIF" 48 1 3 4.96464646464646
845.677989130435 264 531.260135472325 "uLSIF" 48 1 3 5
