139.83 14.41 0 0 "KDE LDA" 35 3000 2.5
140.695 14.41 0 0 "KDE LDA" 35 3000 2.51010101010101
144.425 14.685 0 0 "KDE LDA" 35 3000 2.52020202020202
149.425 14.79 0 0 "KDE LDA" 35 3000 2.53030303030303
150.98 14.865 0 0 "KDE LDA" 35 3000 2.54040404040404
150.98 14.905 0 0 "KDE LDA" 35 3000 2.55050505050505
152.255 14.92 0 0 "KDE LDA" 35 3000 2.56060606060606
153.74 14.945 0 0 "KDE LDA" 35 3000 2.57070707070707
154.35 14.955 0 0 "KDE LDA" 35 3000 2.58080808080808
155.425 14.965 0 0 "KDE LDA" 35 3000 2.59090909090909
157.85 15.23 0 0 "KDE LDA" 35 3000 2.6010101010101
160.895 15.27 0 0 "KDE LDA" 35 3000 2.61111111111111
164.835 15.285 0 0 "KDE LDA" 35 3000 2.62121212121212
166.19 15.35 0 0 "KDE LDA" 35 3000 2.63131313131313
169.51 15.385 0 0 "KDE LDA" 35 3000 2.64141414141414
174.775 15.445 0 0 "KDE LDA" 35 3000 2.65151515151515
182.62 15.545 0 0 "KDE LDA" 35 3000 2.66161616161616
190.875 15.95 0 0 "KDE LDA" 35 3000 2.67171717171717
190.895 16.115 0 0 "KDE LDA" 35 3000 2.68181818181818
196.07 16.245 0 0 "KDE LDA" 35 3000 2.69191919191919
199.145 16.315 0 0 "KDE LDA" 35 3000 2.7020202020202
199.735 16.315 0 0 "KDE LDA" 35 3000 2.71212121212121
200.165 16.365 0 0 "KDE LDA" 35 3000 2.72222222222222
201.465 16.38 0 0 "KDE LDA" 35 3000 2.73232323232323
203.05 16.42 0 0 "KDE LDA" 35 3000 2.74242424242424
205.335 16.465 0 0 "KDE LDA" 35 3000 2.75252525252525
205.64 16.61 0 0 "KDE LDA" 35 3000 2.76262626262626
210.54 16.745 0 0 "KDE LDA" 35 3000 2.77272727272727
213.215 16.985 0 0 "KDE LDA" 35 3000 2.78282828282828
223.59 17.055 0 0 "KDE LDA" 35 3000 2.79292929292929
247.145 17.35 0 0 "KDE LDA" 35 3000 2.8030303030303
249.145 17.64 0 0 "KDE LDA" 35 3000 2.81313131313131
249.155 17.73 0 0 "KDE LDA" 35 3000 2.82323232323232
250.385 17.745 0 0 "KDE LDA" 35 3000 2.83333333333333
253.19 17.755 0 0 "KDE LDA" 35 3000 2.84343434343434
253.2 17.755 0 0 "KDE LDA" 35 3000 2.85353535353535
256.675 17.775 0 0 "KDE LDA" 35 3000 2.86363636363636
256.675 17.83 0 0 "KDE LDA" 35 3000 2.87373737373737
256.695 17.945 0 0 "KDE LDA" 35 3000 2.88383838383838
259.79 17.955 0 0 "KDE LDA" 35 3000 2.89393939393939
262.55 17.97 0 0 "KDE LDA" 35 3000 2.9040404040404
265.35 18.02 0 0 "KDE LDA" 35 3000 2.91414141414141
265.885 18.065 0 0 "KDE LDA" 35 3000 2.92424242424242
267.12 18.205 0 0 "KDE LDA" 35 3000 2.93434343434343
268.3 18.26 0 0 "KDE LDA" 35 3000 2.94444444444444
271.915 18.3 0 0 "KDE LDA" 35 3000 2.95454545454545
280.045 18.555 0 0 "KDE LDA" 35 3000 2.96464646464646
281.26 18.59 0 0 "KDE LDA" 35 3000 2.97474747474747
283.68 18.69 0 0 "KDE LDA" 35 3000 2.98484848484848
283.685 18.72 0 0 "KDE LDA" 35 3000 2.99494949494949
283.725 18.795 0 0 "KDE LDA" 35 3000 3.00505050505051
283.73 18.84 0 0 "KDE LDA" 35 3000 3.01515151515152
289.325 18.87 0 0 "KDE LDA" 35 3000 3.02525252525253
293.22 18.94 0 0 "KDE LDA" 35 3000 3.03535353535354
294.125 18.995 0 0 "KDE LDA" 35 3000 3.04545454545455
294.13 19.055 0 0 "KDE LDA" 35 3000 3.05555555555556
299.885 19.055 0 0 "KDE LDA" 35 3000 3.06565656565657
312.475 19.12 0 0 "KDE LDA" 35 3000 3.07575757575758
314.295 19.195 0 0 "KDE LDA" 35 3000 3.08585858585859
329.36 19.235 0 0 "KDE LDA" 35 3000 3.0959595959596
330.38 19.325 0 0 "KDE LDA" 35 3000 3.10606060606061
330.385 19.325 0 0 "KDE LDA" 35 3000 3.11616161616162
330.405 19.35 0 0 "KDE LDA" 35 3000 3.12626262626263
335.89 19.375 0 0 "KDE LDA" 35 3000 3.13636363636364
335.96 19.45 0 0 "KDE LDA" 35 3000 3.14646464646465
336.14 19.455 0 0 "KDE LDA" 35 3000 3.15656565656566
336.31 19.515 0 0 "KDE LDA" 35 3000 3.16666666666667
339.975 19.555 0 0 "KDE LDA" 35 3000 3.17676767676768
343.51 19.57 0 0 "KDE LDA" 35 3000 3.18686868686869
355.555 19.625 0 0 "KDE LDA" 35 3000 3.1969696969697
359.9 19.885 0 0 "KDE LDA" 35 3000 3.20707070707071
368.275 19.91 0 0 "KDE LDA" 35 3000 3.21717171717172
383.04 20.115 0 0 "KDE LDA" 35 3000 3.22727272727273
385.915 20.115 0 0 "KDE LDA" 35 3000 3.23737373737374
385.95 20.155 0 0 "KDE LDA" 35 3000 3.24747474747475
391.82 20.175 0 0 "KDE LDA" 35 3000 3.25757575757576
396.09 20.2 0 0 "KDE LDA" 35 3000 3.26767676767677
396.985 20.265 0 0 "KDE LDA" 35 3000 3.27777777777778
396.99 20.34 0 0 "KDE LDA" 35 3000 3.28787878787879
407.865 20.355 0 0 "KDE LDA" 35 3000 3.2979797979798
411.335 20.4 0 0 "KDE LDA" 35 3000 3.30808080808081
411.95 20.425 0 0 "KDE LDA" 35 3000 3.31818181818182
413.245 20.6 0 0 "KDE LDA" 35 3000 3.32828282828283
421.87 20.725 0 0 "KDE LDA" 35 3000 3.33838383838384
430.845 20.78 0 0 "KDE LDA" 35 3000 3.34848484848485
477.060301507538 21.05 1 0 "KDE LDA" 35 3000 3.35858585858586
479.376884422111 21.105 1 0 "KDE LDA" 35 3000 3.36868686868687
473.858585858586 21.14 2 0 "KDE LDA" 35 3000 3.37878787878788
473.858585858586 21.195 2 0 "KDE LDA" 35 3000 3.38888888888889
476.131313131313 21.22 2 0 "KDE LDA" 35 3000 3.3989898989899
480.469696969697 21.31 2 0 "KDE LDA" 35 3000 3.40909090909091
484.90404040404 21.33 2 0 "KDE LDA" 35 3000 3.41919191919192
485.747474747475 21.35 2 0 "KDE LDA" 35 3000 3.42929292929293
485.787878787879 21.4 2 0 "KDE LDA" 35 3000 3.43939393939394
491.055555555556 21.49 2 0 "KDE LDA" 35 3000 3.44949494949495
497.939393939394 21.49 2 0 "KDE LDA" 35 3000 3.45959595959596
502.787878787879 21.605 2 0 "KDE LDA" 35 3000 3.46969696969697
503.954545454545 21.62 2 0 "KDE LDA" 35 3000 3.47979797979798
508.661616161616 21.685 2 0 "KDE LDA" 35 3000 3.48989898989899
508.661616161616 21.735 2 0 "KDE LDA" 35 3000 3.5
115.5 11.975 0 0 "KDE QDA" 35 3000 2.7
115.525 11.98 0 0 "KDE QDA" 35 3000 2.71010101010101
115.645 11.985 0 0 "KDE QDA" 35 3000 2.72020202020202
115.645 11.985 0 0 "KDE QDA" 35 3000 2.73030303030303
115.76 11.985 0 0 "KDE QDA" 35 3000 2.74040404040404
115.76 12 0 0 "KDE QDA" 35 3000 2.75050505050505
115.76 12 0 0 "KDE QDA" 35 3000 2.76060606060606
115.76 12 0 0 "KDE QDA" 35 3000 2.77070707070707
116.265 12 0 0 "KDE QDA" 35 3000 2.78080808080808
116.265 12 0 0 "KDE QDA" 35 3000 2.79090909090909
146.91 13.155 0 0 "KDE QDA" 35 3000 2.8010101010101
146.91 13.155 0 0 "KDE QDA" 35 3000 2.81111111111111
146.91 13.155 0 0 "KDE QDA" 35 3000 2.82121212121212
156.89 13.355 0 0 "KDE QDA" 35 3000 2.83131313131313
156.92 13.36 0 0 "KDE QDA" 35 3000 2.84141414141414
157.16 13.375 0 0 "KDE QDA" 35 3000 2.85151515151515
157.16 13.375 0 0 "KDE QDA" 35 3000 2.86161616161616
157.175 13.375 0 0 "KDE QDA" 35 3000 2.87171717171717
157.19 13.375 0 0 "KDE QDA" 35 3000 2.88181818181818
157.19 13.38 0 0 "KDE QDA" 35 3000 2.89191919191919
157.57 13.38 0 0 "KDE QDA" 35 3000 2.9020202020202
157.57 13.38 0 0 "KDE QDA" 35 3000 2.91212121212121
157.57 13.385 0 0 "KDE QDA" 35 3000 2.92222222222222
157.57 13.385 0 0 "KDE QDA" 35 3000 2.93232323232323
158.34 13.385 0 0 "KDE QDA" 35 3000 2.94242424242424
158.34 13.385 0 0 "KDE QDA" 35 3000 2.95252525252525
174.065 13.545 0 0 "KDE QDA" 35 3000 2.96262626262626
175.34 13.545 0 0 "KDE QDA" 35 3000 2.97272727272727
175.52 13.605 0 0 "KDE QDA" 35 3000 2.98282828282828
176.025 13.61 0 0 "KDE QDA" 35 3000 2.99292929292929
176.025 13.63 0 0 "KDE QDA" 35 3000 3.0030303030303
176.04 13.635 0 0 "KDE QDA" 35 3000 3.01313131313131
176.335 13.64 0 0 "KDE QDA" 35 3000 3.02323232323232
176.335 13.64 0 0 "KDE QDA" 35 3000 3.03333333333333
176.335 13.64 0 0 "KDE QDA" 35 3000 3.04343434343434
178.26 13.64 0 0 "KDE QDA" 35 3000 3.05353535353535
179.425 13.64 0 0 "KDE QDA" 35 3000 3.06363636363636
179.425 13.64 0 0 "KDE QDA" 35 3000 3.07373737373737
179.425 13.64 0 0 "KDE QDA" 35 3000 3.08383838383838
190.145 14.21 0 0 "KDE QDA" 35 3000 3.09393939393939
190.625 14.215 0 0 "KDE QDA" 35 3000 3.1040404040404
190.74 14.305 0 0 "KDE QDA" 35 3000 3.11414141414141
192.22 14.38 0 0 "KDE QDA" 35 3000 3.12424242424242
192.26 14.38 0 0 "KDE QDA" 35 3000 3.13434343434343
197.345 14.38 0 0 "KDE QDA" 35 3000 3.14444444444444
197.485 14.38 0 0 "KDE QDA" 35 3000 3.15454545454545
197.49 14.385 0 0 "KDE QDA" 35 3000 3.16464646464646
197.495 14.39 0 0 "KDE QDA" 35 3000 3.17474747474748
197.495 14.395 0 0 "KDE QDA" 35 3000 3.18484848484849
197.495 14.395 0 0 "KDE QDA" 35 3000 3.19494949494949
197.495 14.42 0 0 "KDE QDA" 35 3000 3.20505050505051
198.97 14.425 0 0 "KDE QDA" 35 3000 3.21515151515152
226.65 15.08 0 0 "KDE QDA" 35 3000 3.22525252525253
230.73 15.085 0 0 "KDE QDA" 35 3000 3.23535353535354
230.735 15.09 0 0 "KDE QDA" 35 3000 3.24545454545455
234.445 15.16 0 0 "KDE QDA" 35 3000 3.25555555555556
234.47 15.165 0 0 "KDE QDA" 35 3000 3.26565656565657
238.555 15.185 0 0 "KDE QDA" 35 3000 3.27575757575758
238.615 15.2 0 0 "KDE QDA" 35 3000 3.28585858585859
238.625 15.2 0 0 "KDE QDA" 35 3000 3.2959595959596
238.63 15.215 0 0 "KDE QDA" 35 3000 3.30606060606061
238.63 15.215 0 0 "KDE QDA" 35 3000 3.31616161616162
238.63 15.215 0 0 "KDE QDA" 35 3000 3.32626262626263
238.63 15.215 0 0 "KDE QDA" 35 3000 3.33636363636364
238.63 15.215 0 0 "KDE QDA" 35 3000 3.34646464646465
238.64 15.215 0 0 "KDE QDA" 35 3000 3.35656565656566
277.375 15.8 0 0 "KDE QDA" 35 3000 3.36666666666667
277.38 15.8 0 0 "KDE QDA" 35 3000 3.37676767676768
288.545 16 0 0 "KDE QDA" 35 3000 3.38686868686869
288.55 16.01 0 0 "KDE QDA" 35 3000 3.3969696969697
290.87 16.015 0 0 "KDE QDA" 35 3000 3.40707070707071
290.9 16.025 0 0 "KDE QDA" 35 3000 3.41717171717172
292.215 16.055 0 0 "KDE QDA" 35 3000 3.42727272727273
294.57 16.055 0 0 "KDE QDA" 35 3000 3.43737373737374
294.58 16.08 0 0 "KDE QDA" 35 3000 3.44747474747475
294.58 16.08 0 0 "KDE QDA" 35 3000 3.45757575757576
294.585 16.08 0 0 "KDE QDA" 35 3000 3.46767676767677
294.645 16.08 0 0 "KDE QDA" 35 3000 3.47777777777778
294.645 16.085 0 0 "KDE QDA" 35 3000 3.48787878787879
294.72 16.09 0 0 "KDE QDA" 35 3000 3.4979797979798
294.72 16.09 0 0 "KDE QDA" 35 3000 3.50808080808081
300.965 16.445 0 0 "KDE QDA" 35 3000 3.51818181818182
312.71 16.45 0 0 "KDE QDA" 35 3000 3.52828282828283
312.745 16.45 0 0 "KDE QDA" 35 3000 3.53838383838384
324 16.52 0 0 "KDE QDA" 35 3000 3.54848484848485
324.01 16.535 0 0 "KDE QDA" 35 3000 3.55858585858586
324.31 16.54 0 0 "KDE QDA" 35 3000 3.56868686868687
324.88 16.545 0 0 "KDE QDA" 35 3000 3.57878787878788
324.905 16.545 0 0 "KDE QDA" 35 3000 3.58888888888889
327.34 16.545 0 0 "KDE QDA" 35 3000 3.5989898989899
327.345 16.545 0 0 "KDE QDA" 35 3000 3.60909090909091
327.345 16.545 0 0 "KDE QDA" 35 3000 3.61919191919192
327.345 16.545 0 0 "KDE QDA" 35 3000 3.62929292929293
330.05 16.545 0 0 "KDE QDA" 35 3000 3.63939393939394
330.05 16.545 0 0 "KDE QDA" 35 3000 3.64949494949495
351.205 16.715 0 0 "KDE QDA" 35 3000 3.65959595959596
351.21 16.735 0 0 "KDE QDA" 35 3000 3.66969696969697
352.97 16.87 0 0 "KDE QDA" 35 3000 3.67979797979798
356.3 16.875 0 0 "KDE QDA" 35 3000 3.68989898989899
358.385 16.875 0 0 "KDE QDA" 35 3000 3.7
