140.665 14.67 0 0 "KDE LDA" 15 1000 2.5
142.505 14.82 0 0 "KDE LDA" 15 1000 2.51010101010101
144.555 14.84 0 0 "KDE LDA" 15 1000 2.52020202020202
148.05 15.025 0 0 "KDE LDA" 15 1000 2.53030303030303
148.45 15.04 0 0 "KDE LDA" 15 1000 2.54040404040404
148.45 15.21 0 0 "KDE LDA" 15 1000 2.55050505050505
149.975 15.25 0 0 "KDE LDA" 15 1000 2.56060606060606
150.76 15.525 0 0 "KDE LDA" 15 1000 2.57070707070707
151.13 15.59 0 0 "KDE LDA" 15 1000 2.58080808080808
151.445 15.615 0 0 "KDE LDA" 15 1000 2.59090909090909
151.855 15.655 0 0 "KDE LDA" 15 1000 2.6010101010101
154.95 15.73 0 0 "KDE LDA" 15 1000 2.61111111111111
158.965 15.805 0 0 "KDE LDA" 15 1000 2.62121212121212
159.13 15.83 0 0 "KDE LDA" 15 1000 2.63131313131313
159.14 15.895 0 0 "KDE LDA" 15 1000 2.64141414141414
169.325 15.925 0 0 "KDE LDA" 15 1000 2.65151515151515
171.955 16.23 0 0 "KDE LDA" 15 1000 2.66161616161616
185.625 16.59 0 0 "KDE LDA" 15 1000 2.67171717171717
186.38 16.88 0 0 "KDE LDA" 15 1000 2.68181818181818
186.715 16.885 0 0 "KDE LDA" 15 1000 2.69191919191919
191.055 16.895 0 0 "KDE LDA" 15 1000 2.7020202020202
192.355 17.34 0 0 "KDE LDA" 15 1000 2.71212121212121
192.93 17.405 0 0 "KDE LDA" 15 1000 2.72222222222222
193.76 17.415 0 0 "KDE LDA" 15 1000 2.73232323232323
194.37 17.475 0 0 "KDE LDA" 15 1000 2.74242424242424
194.37 17.5 0 0 "KDE LDA" 15 1000 2.75252525252525
196.045 17.565 0 0 "KDE LDA" 15 1000 2.76262626262626
205.59 17.65 0 0 "KDE LDA" 15 1000 2.77272727272727
211.785 17.67 0 0 "KDE LDA" 15 1000 2.78282828282828
214.38 17.915 0 0 "KDE LDA" 15 1000 2.79292929292929
260.805 18.635 0 0 "KDE LDA" 15 1000 2.8030303030303
260.84 18.935 0 0 "KDE LDA" 15 1000 2.81313131313131
262.06 19.02 0 0 "KDE LDA" 15 1000 2.82323232323232
263.12 19.085 0 0 "KDE LDA" 15 1000 2.83333333333333
263.4 19.085 0 0 "KDE LDA" 15 1000 2.84343434343434
263.74 19.22 0 0 "KDE LDA" 15 1000 2.85353535353535
264.03 19.34 0 0 "KDE LDA" 15 1000 2.86363636363636
264.075 19.34 0 0 "KDE LDA" 15 1000 2.87373737373737
265.745 19.35 0 0 "KDE LDA" 15 1000 2.88383838383838
267.95 19.405 0 0 "KDE LDA" 15 1000 2.89393939393939
269.85 19.405 0 0 "KDE LDA" 15 1000 2.9040404040404
269.85 19.46 0 0 "KDE LDA" 15 1000 2.91414141414141
270.765 19.485 0 0 "KDE LDA" 15 1000 2.92424242424242
276.055 19.49 0 0 "KDE LDA" 15 1000 2.93434343434343
276.72 19.525 0 0 "KDE LDA" 15 1000 2.94444444444444
283 19.615 0 0 "KDE LDA" 15 1000 2.95454545454545
287.46 19.67 0 0 "KDE LDA" 15 1000 2.96464646464646
292.84 19.74 0 0 "KDE LDA" 15 1000 2.97474747474747
294.525 19.76 0 0 "KDE LDA" 15 1000 2.98484848484848
295.96 19.77 0 0 "KDE LDA" 15 1000 2.99494949494949
301.955 19.905 0 0 "KDE LDA" 15 1000 3.00505050505051
304.25 19.92 0 0 "KDE LDA" 15 1000 3.01515151515152
308.005 20.06 0 0 "KDE LDA" 15 1000 3.02525252525253
312.755 20.225 0 0 "KDE LDA" 15 1000 3.03535353535354
312.77 20.255 0 0 "KDE LDA" 15 1000 3.04545454545455
313.2 20.535 0 0 "KDE LDA" 15 1000 3.05555555555556
313.205 20.57 0 0 "KDE LDA" 15 1000 3.06565656565657
315.055 20.585 0 0 "KDE LDA" 15 1000 3.07575757575758
325.045 20.81 0 0 "KDE LDA" 15 1000 3.08585858585859
327.405 20.985 0 0 "KDE LDA" 15 1000 3.0959595959596
327.44 20.985 0 0 "KDE LDA" 15 1000 3.10606060606061
329.805 21.235 0 0 "KDE LDA" 15 1000 3.11616161616162
331.285 21.285 0 0 "KDE LDA" 15 1000 3.12626262626263
333.94 21.325 0 0 "KDE LDA" 15 1000 3.13636363636364
333.945 21.43 0 0 "KDE LDA" 15 1000 3.14646464646465
334.105 21.455 0 0 "KDE LDA" 15 1000 3.15656565656566
340.065 21.465 0 0 "KDE LDA" 15 1000 3.16666666666667
342 21.475 0 0 "KDE LDA" 15 1000 3.17676767676768
342.28 21.52 0 0 "KDE LDA" 15 1000 3.18686868686869
346.895 21.58 0 0 "KDE LDA" 15 1000 3.1969696969697
352.195 21.6 0 0 "KDE LDA" 15 1000 3.20707070707071
383.22 21.62 0 0 "KDE LDA" 15 1000 3.21717171717172
420.085 21.97 0 0 "KDE LDA" 15 1000 3.22727272727273
433.965 22.01 0 0 "KDE LDA" 15 1000 3.23737373737374
436.75 22.045 0 0 "KDE LDA" 15 1000 3.24747474747475
439.55 22.075 0 0 "KDE LDA" 15 1000 3.25757575757576
441.415 22.09 0 0 "KDE LDA" 15 1000 3.26767676767677
443.4 22.125 0 0 "KDE LDA" 15 1000 3.27777777777778
443.425 22.15 0 0 "KDE LDA" 15 1000 3.28787878787879
444.025 22.18 0 0 "KDE LDA" 15 1000 3.2979797979798
444.1 22.44 0 0 "KDE LDA" 15 1000 3.30808080808081
444.43 22.57 0 0 "KDE LDA" 15 1000 3.31818181818182
448.89 22.635 0 0 "KDE LDA" 15 1000 3.32828282828283
459.575 22.72 0 0 "KDE LDA" 15 1000 3.33838383838384
469.565 22.8 0 0 "KDE LDA" 15 1000 3.34848484848485
536.46 23.45 0 0 "KDE LDA" 15 1000 3.35858585858586
540.805 23.515 0 0 "KDE LDA" 15 1000 3.36868686868687
551.845 23.55 0 0 "KDE LDA" 15 1000 3.37878787878788
551.86 23.58 0 0 "KDE LDA" 15 1000 3.38888888888889
551.86 23.6 0 0 "KDE LDA" 15 1000 3.3989898989899
555.945 23.6 0 0 "KDE LDA" 15 1000 3.40909090909091
557.96 23.615 0 0 "KDE LDA" 15 1000 3.41919191919192
557.96 23.615 0 0 "KDE LDA" 15 1000 3.42929292929293
563.835 23.625 0 0 "KDE LDA" 15 1000 3.43939393939394
572.39 23.65 0 0 "KDE LDA" 15 1000 3.44949494949495
572.395 23.66 0 0 "KDE LDA" 15 1000 3.45959595959596
583.765 23.695 0 0 "KDE LDA" 15 1000 3.46969696969697
583.79 23.745 0 0 "KDE LDA" 15 1000 3.47979797979798
600.135 23.975 0 0 "KDE LDA" 15 1000 3.48989898989899
600.17 23.99 0 0 "KDE LDA" 15 1000 3.5
100.405 14.81 0 0 "KDE QDA" 15 1000 3.5
100.41 14.815 0 0 "KDE QDA" 15 1000 3.51010101010101
101.83 14.885 0 0 "KDE QDA" 15 1000 3.52020202020202
103.32 14.92 0 0 "KDE QDA" 15 1000 3.53030303030303
103.59 14.935 0 0 "KDE QDA" 15 1000 3.54040404040404
103.625 14.98 0 0 "KDE QDA" 15 1000 3.55050505050505
103.985 15.02 0 0 "KDE QDA" 15 1000 3.56060606060606
105.635 15.065 0 0 "KDE QDA" 15 1000 3.57070707070707
105.66 15.07 0 0 "KDE QDA" 15 1000 3.58080808080808
106.64 15.07 0 0 "KDE QDA" 15 1000 3.59090909090909
107.235 15.1 0 0 "KDE QDA" 15 1000 3.6010101010101
108.21 15.1 0 0 "KDE QDA" 15 1000 3.61111111111111
110.38 15.11 0 0 "KDE QDA" 15 1000 3.62121212121212
111.985 15.12 0 0 "KDE QDA" 15 1000 3.63131313131313
112.135 15.14 0 0 "KDE QDA" 15 1000 3.64141414141414
112.935 15.45 0 0 "KDE QDA" 15 1000 3.65151515151515
112.96 15.49 0 0 "KDE QDA" 15 1000 3.66161616161616
113.31 15.52 0 0 "KDE QDA" 15 1000 3.67171717171717
113.6 15.54 0 0 "KDE QDA" 15 1000 3.68181818181818
113.84 15.555 0 0 "KDE QDA" 15 1000 3.69191919191919
116.27 15.565 0 0 "KDE QDA" 15 1000 3.7020202020202
116.615 15.59 0 0 "KDE QDA" 15 1000 3.71212121212121
116.665 15.63 0 0 "KDE QDA" 15 1000 3.72222222222222
118.26 15.675 0 0 "KDE QDA" 15 1000 3.73232323232323
118.435 15.675 0 0 "KDE QDA" 15 1000 3.74242424242424
119.815 15.675 0 0 "KDE QDA" 15 1000 3.75252525252525
119.89 15.7 0 0 "KDE QDA" 15 1000 3.76262626262626
119.89 15.72 0 0 "KDE QDA" 15 1000 3.77272727272727
120.53 15.73 0 0 "KDE QDA" 15 1000 3.78282828282828
122.3 16.03 0 0 "KDE QDA" 15 1000 3.79292929292929
122.305 16.03 0 0 "KDE QDA" 15 1000 3.8030303030303
124.61 16.175 0 0 "KDE QDA" 15 1000 3.81313131313131
125.245 16.195 0 0 "KDE QDA" 15 1000 3.82323232323232
126.765 16.24 0 0 "KDE QDA" 15 1000 3.83333333333333
126.785 16.285 0 0 "KDE QDA" 15 1000 3.84343434343434
127.14 16.3 0 0 "KDE QDA" 15 1000 3.85353535353535
127.16 16.315 0 0 "KDE QDA" 15 1000 3.86363636363636
127.525 16.35 0 0 "KDE QDA" 15 1000 3.87373737373737
127.73 16.355 0 0 "KDE QDA" 15 1000 3.88383838383838
128.305 16.37 0 0 "KDE QDA" 15 1000 3.89393939393939
130.185 16.385 0 0 "KDE QDA" 15 1000 3.9040404040404
130.975 16.415 0 0 "KDE QDA" 15 1000 3.91414141414141
134.74 16.895 0 0 "KDE QDA" 15 1000 3.92424242424242
136.375 16.92 0 0 "KDE QDA" 15 1000 3.93434343434343
141.38 16.965 0 0 "KDE QDA" 15 1000 3.94444444444444
142.03 16.98 0 0 "KDE QDA" 15 1000 3.95454545454545
142.285 17.015 0 0 "KDE QDA" 15 1000 3.96464646464646
145.39 17.02 0 0 "KDE QDA" 15 1000 3.97474747474747
145.81 17.03 0 0 "KDE QDA" 15 1000 3.98484848484848
146.115 17.105 0 0 "KDE QDA" 15 1000 3.99494949494949
146.295 17.11 0 0 "KDE QDA" 15 1000 4.00505050505051
146.305 17.115 0 0 "KDE QDA" 15 1000 4.01515151515152
147.32 17.125 0 0 "KDE QDA" 15 1000 4.02525252525253
147.335 17.135 0 0 "KDE QDA" 15 1000 4.03535353535354
147.36 17.16 0 0 "KDE QDA" 15 1000 4.04545454545455
147.375 17.16 0 0 "KDE QDA" 15 1000 4.05555555555556
147.915 17.17 0 0 "KDE QDA" 15 1000 4.06565656565657
148.225 17.175 0 0 "KDE QDA" 15 1000 4.07575757575758
148.575 17.255 0 0 "KDE QDA" 15 1000 4.08585858585859
149.095 17.31 0 0 "KDE QDA" 15 1000 4.0959595959596
149.1 17.325 0 0 "KDE QDA" 15 1000 4.10606060606061
149.975 17.335 0 0 "KDE QDA" 15 1000 4.11616161616162
150.03 17.44 0 0 "KDE QDA" 15 1000 4.12626262626263
150.03 17.445 0 0 "KDE QDA" 15 1000 4.13636363636364
150.175 17.465 0 0 "KDE QDA" 15 1000 4.14646464646465
150.29 17.5 0 0 "KDE QDA" 15 1000 4.15656565656566
154.935 17.505 0 0 "KDE QDA" 15 1000 4.16666666666667
156.1 17.54 0 0 "KDE QDA" 15 1000 4.17676767676768
157.93 17.56 0 0 "KDE QDA" 15 1000 4.18686868686869
158.01 17.585 0 0 "KDE QDA" 15 1000 4.1969696969697
159.67 17.59 0 0 "KDE QDA" 15 1000 4.20707070707071
159.77 17.705 0 0 "KDE QDA" 15 1000 4.21717171717172
159.835 17.725 0 0 "KDE QDA" 15 1000 4.22727272727273
160 17.74 0 0 "KDE QDA" 15 1000 4.23737373737374
163.295 17.79 0 0 "KDE QDA" 15 1000 4.24747474747475
166.905 17.815 0 0 "KDE QDA" 15 1000 4.25757575757576
166.94 17.82 0 0 "KDE QDA" 15 1000 4.26767676767677
168.255 17.86 0 0 "KDE QDA" 15 1000 4.27777777777778
171.4 17.885 0 0 "KDE QDA" 15 1000 4.28787878787879
171.435 17.895 0 0 "KDE QDA" 15 1000 4.2979797979798
173.665 17.895 0 0 "KDE QDA" 15 1000 4.30808080808081
173.715 17.905 0 0 "KDE QDA" 15 1000 4.31818181818182
173.84 17.915 0 0 "KDE QDA" 15 1000 4.32828282828283
173.84 17.945 0 0 "KDE QDA" 15 1000 4.33838383838384
179.13 18.16 0 0 "KDE QDA" 15 1000 4.34848484848485
179.145 18.165 0 0 "KDE QDA" 15 1000 4.35858585858586
180.255 18.17 0 0 "KDE QDA" 15 1000 4.36868686868687
182.125 18.235 0 0 "KDE QDA" 15 1000 4.37878787878788
182.345 18.285 0 0 "KDE QDA" 15 1000 4.38888888888889
182.66 18.285 0 0 "KDE QDA" 15 1000 4.3989898989899
182.715 18.33 0 0 "KDE QDA" 15 1000 4.40909090909091
183.555 18.345 0 0 "KDE QDA" 15 1000 4.41919191919192
185.63 18.345 0 0 "KDE QDA" 15 1000 4.42929292929293
185.635 18.345 0 0 "KDE QDA" 15 1000 4.43939393939394
185.66 18.365 0 0 "KDE QDA" 15 1000 4.44949494949495
188.33 18.385 0 0 "KDE QDA" 15 1000 4.45959595959596
188.525 18.42 0 0 "KDE QDA" 15 1000 4.46969696969697
191.875 18.89 0 0 "KDE QDA" 15 1000 4.47979797979798
191.96 18.895 0 0 "KDE QDA" 15 1000 4.48989898989899
191.99 18.905 0 0 "KDE QDA" 15 1000 4.5
