129.555 13.105 0 0 "KDE LDA" 18 1000 2.5
131.975 13.23 0 0 "KDE LDA" 18 1000 2.51010101010101
132.85 13.34 0 0 "KDE LDA" 18 1000 2.52020202020202
132.98 13.37 0 0 "KDE LDA" 18 1000 2.53030303030303
138.575 13.4 0 0 "KDE LDA" 18 1000 2.54040404040404
138.805 13.415 0 0 "KDE LDA" 18 1000 2.55050505050505
139.65 13.435 0 0 "KDE LDA" 18 1000 2.56060606060606
139.66 13.485 0 0 "KDE LDA" 18 1000 2.57070707070707
140.275 13.65 0 0 "KDE LDA" 18 1000 2.58080808080808
142.69 13.735 0 0 "KDE LDA" 18 1000 2.59090909090909
142.695 13.745 0 0 "KDE LDA" 18 1000 2.6010101010101
144.735 13.8 0 0 "KDE LDA" 18 1000 2.61111111111111
145.655 13.82 0 0 "KDE LDA" 18 1000 2.62121212121212
145.66 13.865 0 0 "KDE LDA" 18 1000 2.63131313131313
147.14 13.9 0 0 "KDE LDA" 18 1000 2.64141414141414
150.395 13.93 0 0 "KDE LDA" 18 1000 2.65151515151515
154.605 14.085 0 0 "KDE LDA" 18 1000 2.66161616161616
170 14.53 0 0 "KDE LDA" 18 1000 2.67171717171717
178.325 14.53 0 0 "KDE LDA" 18 1000 2.68181818181818
180.77 14.56 0 0 "KDE LDA" 18 1000 2.69191919191919
182.815 14.56 0 0 "KDE LDA" 18 1000 2.7020202020202
182.855 14.575 0 0 "KDE LDA" 18 1000 2.71212121212121
184.195 14.645 0 0 "KDE LDA" 18 1000 2.72222222222222
184.54 14.66 0 0 "KDE LDA" 18 1000 2.73232323232323
185.165 14.67 0 0 "KDE LDA" 18 1000 2.74242424242424
186.335 14.675 0 0 "KDE LDA" 18 1000 2.75252525252525
187.205 14.79 0 0 "KDE LDA" 18 1000 2.76262626262626
187.56 14.845 0 0 "KDE LDA" 18 1000 2.77272727272727
193.665 14.915 0 0 "KDE LDA" 18 1000 2.78282828282828
200.25 15.055 0 0 "KDE LDA" 18 1000 2.79292929292929
236.81 15.47 0 0 "KDE LDA" 18 1000 2.8030303030303
237.85 15.5 0 0 "KDE LDA" 18 1000 2.81313131313131
241.955 15.665 0 0 "KDE LDA" 18 1000 2.82323232323232
243.605 15.675 0 0 "KDE LDA" 18 1000 2.83333333333333
243.915 15.68 0 0 "KDE LDA" 18 1000 2.84343434343434
243.915 15.85 0 0 "KDE LDA" 18 1000 2.85353535353535
243.92 15.855 0 0 "KDE LDA" 18 1000 2.86363636363636
243.935 15.86 0 0 "KDE LDA" 18 1000 2.87373737373737
251.62 15.9 0 0 "KDE LDA" 18 1000 2.88383838383838
251.92 16.02 0 0 "KDE LDA" 18 1000 2.89393939393939
251.92 16.02 0 0 "KDE LDA" 18 1000 2.9040404040404
253.1 16.03 0 0 "KDE LDA" 18 1000 2.91414141414141
260.42 16.045 0 0 "KDE LDA" 18 1000 2.92424242424242
267.055 16.11 0 0 "KDE LDA" 18 1000 2.93434343434343
270.835 16.15 0 0 "KDE LDA" 18 1000 2.94444444444444
270.86 16.18 0 0 "KDE LDA" 18 1000 2.95454545454545
280.77 16.235 0 0 "KDE LDA" 18 1000 2.96464646464646
282.22 16.275 0 0 "KDE LDA" 18 1000 2.97474747474747
282.235 16.435 0 0 "KDE LDA" 18 1000 2.98484848484848
282.26 16.48 0 0 "KDE LDA" 18 1000 2.99494949494949
283.38 16.495 0 0 "KDE LDA" 18 1000 3.00505050505051
283.46 16.505 0 0 "KDE LDA" 18 1000 3.01515151515152
283.91 16.52 0 0 "KDE LDA" 18 1000 3.02525252525253
287.7 16.72 0 0 "KDE LDA" 18 1000 3.03535353535354
287.705 16.735 0 0 "KDE LDA" 18 1000 3.04545454545455
287.98 16.83 0 0 "KDE LDA" 18 1000 3.05555555555556
289.53 16.885 0 0 "KDE LDA" 18 1000 3.06565656565657
295.415 17.04 0 0 "KDE LDA" 18 1000 3.07575757575758
297.39 17.195 0 0 "KDE LDA" 18 1000 3.08585858585859
321.055 17.375 0 0 "KDE LDA" 18 1000 3.0959595959596
321.735 17.555 0 0 "KDE LDA" 18 1000 3.10606060606061
326.32 17.585 0 0 "KDE LDA" 18 1000 3.11616161616162
331.095 17.59 0 0 "KDE LDA" 18 1000 3.12626262626263
331.11 17.62 0 0 "KDE LDA" 18 1000 3.13636363636364
331.18 17.63 0 0 "KDE LDA" 18 1000 3.14646464646465
331.195 17.71 0 0 "KDE LDA" 18 1000 3.15656565656566
331.665 17.75 0 0 "KDE LDA" 18 1000 3.16666666666667
335.605 17.78 0 0 "KDE LDA" 18 1000 3.17676767676768
341.205 17.81 0 0 "KDE LDA" 18 1000 3.18686868686869
344.02 17.885 0 0 "KDE LDA" 18 1000 3.1969696969697
348.025 17.96 0 0 "KDE LDA" 18 1000 3.20707070707071
353.13 18.145 0 0 "KDE LDA" 18 1000 3.21717171717172
371.145 18.43 0 0 "KDE LDA" 18 1000 3.22727272727273
374.685 18.48 0 0 "KDE LDA" 18 1000 3.23737373737374
379.94 18.515 0 0 "KDE LDA" 18 1000 3.24747474747475
380.375 18.515 0 0 "KDE LDA" 18 1000 3.25757575757576
382.71 18.555 0 0 "KDE LDA" 18 1000 3.26767676767677
382.795 18.72 0 0 "KDE LDA" 18 1000 3.27777777777778
392.67 18.75 0 0 "KDE LDA" 18 1000 3.28787878787879
395.705 18.785 0 0 "KDE LDA" 18 1000 3.2979797979798
397.62 18.795 0 0 "KDE LDA" 18 1000 3.30808080808081
399 18.85 0 0 "KDE LDA" 18 1000 3.31818181818182
420.425 18.87 0 0 "KDE LDA" 18 1000 3.32828282828283
422.885 18.98 0 0 "KDE LDA" 18 1000 3.33838383838384
430.265 19.075 0 0 "KDE LDA" 18 1000 3.34848484848485
476.4 19.42 0 0 "KDE LDA" 18 1000 3.35858585858586
478.49 19.46 0 0 "KDE LDA" 18 1000 3.36868686868687
478.51 19.485 0 0 "KDE LDA" 18 1000 3.37878787878788
487.885 19.555 0 0 "KDE LDA" 18 1000 3.38888888888889
495.55 19.56 0 0 "KDE LDA" 18 1000 3.3989898989899
504.12 19.58 0 0 "KDE LDA" 18 1000 3.40909090909091
508.42 19.585 0 0 "KDE LDA" 18 1000 3.41919191919192
509.88 19.61 0 0 "KDE LDA" 18 1000 3.42929292929293
514.53 19.615 0 0 "KDE LDA" 18 1000 3.43939393939394
529.145 19.615 0 0 "KDE LDA" 18 1000 3.44949494949495
539.475 19.625 0 0 "KDE LDA" 18 1000 3.45959595959596
549.75 19.81 0 0 "KDE LDA" 18 1000 3.46969696969697
551.1 19.865 0 0 "KDE LDA" 18 1000 3.47979797979798
556.825 19.89 0 0 "KDE LDA" 18 1000 3.48989898989899
562.945 19.93 0 0 "KDE LDA" 18 1000 3.5
124.7 14.945 0 0 "KDE QDA" 18 1000 3.5
125.755 14.945 0 0 "KDE QDA" 18 1000 3.51010101010101
126.16 15.19 0 0 "KDE QDA" 18 1000 3.52020202020202
126.27 15.215 0 0 "KDE QDA" 18 1000 3.53030303030303
126.38 15.245 0 0 "KDE QDA" 18 1000 3.54040404040404
126.385 15.26 0 0 "KDE QDA" 18 1000 3.55050505050505
126.94 15.285 0 0 "KDE QDA" 18 1000 3.56060606060606
127.025 15.32 0 0 "KDE QDA" 18 1000 3.57070707070707
127.035 15.325 0 0 "KDE QDA" 18 1000 3.58080808080808
127.035 15.33 0 0 "KDE QDA" 18 1000 3.59090909090909
127.105 15.33 0 0 "KDE QDA" 18 1000 3.6010101010101
127.16 15.335 0 0 "KDE QDA" 18 1000 3.61111111111111
128.65 15.34 0 0 "KDE QDA" 18 1000 3.62121212121212
129.2 15.345 0 0 "KDE QDA" 18 1000 3.63131313131313
129.2 15.36 0 0 "KDE QDA" 18 1000 3.64141414141414
131.09 15.615 0 0 "KDE QDA" 18 1000 3.65151515151515
131.735 15.64 0 0 "KDE QDA" 18 1000 3.66161616161616
135.225 15.655 0 0 "KDE QDA" 18 1000 3.67171717171717
138.15 15.725 0 0 "KDE QDA" 18 1000 3.68181818181818
138.16 15.73 0 0 "KDE QDA" 18 1000 3.69191919191919
138.165 15.755 0 0 "KDE QDA" 18 1000 3.7020202020202
138.675 15.765 0 0 "KDE QDA" 18 1000 3.71212121212121
140.395 15.765 0 0 "KDE QDA" 18 1000 3.72222222222222
140.4 15.775 0 0 "KDE QDA" 18 1000 3.73232323232323
143.22 15.8 0 0 "KDE QDA" 18 1000 3.74242424242424
143.23 15.81 0 0 "KDE QDA" 18 1000 3.75252525252525
143.515 15.815 0 0 "KDE QDA" 18 1000 3.76262626262626
143.515 15.82 0 0 "KDE QDA" 18 1000 3.77272727272727
144.29 15.85 0 0 "KDE QDA" 18 1000 3.78282828282828
146.075 16.15 0 0 "KDE QDA" 18 1000 3.79292929292929
147.095 16.17 0 0 "KDE QDA" 18 1000 3.8030303030303
150.475 16.24 0 0 "KDE QDA" 18 1000 3.81313131313131
152.585 16.295 0 0 "KDE QDA" 18 1000 3.82323232323232
152.905 16.31 0 0 "KDE QDA" 18 1000 3.83333333333333
152.965 16.33 0 0 "KDE QDA" 18 1000 3.84343434343434
153.245 16.34 0 0 "KDE QDA" 18 1000 3.85353535353535
155.02 16.35 0 0 "KDE QDA" 18 1000 3.86363636363636
155.3 16.355 0 0 "KDE QDA" 18 1000 3.87373737373737
155.34 16.365 0 0 "KDE QDA" 18 1000 3.88383838383838
156.375 16.38 0 0 "KDE QDA" 18 1000 3.89393939393939
156.745 16.39 0 0 "KDE QDA" 18 1000 3.9040404040404
158.76 16.395 0 0 "KDE QDA" 18 1000 3.91414141414141
165.285 17.145 0 0 "KDE QDA" 18 1000 3.92424242424242
170.49 17.145 0 0 "KDE QDA" 18 1000 3.93434343434343
177.73 17.205 0 0 "KDE QDA" 18 1000 3.94444444444444
179.025 17.23 0 0 "KDE QDA" 18 1000 3.95454545454545
181.025 17.26 0 0 "KDE QDA" 18 1000 3.96464646464646
182.815 17.28 0 0 "KDE QDA" 18 1000 3.97474747474747
182.97 17.325 0 0 "KDE QDA" 18 1000 3.98484848484848
182.98 17.34 0 0 "KDE QDA" 18 1000 3.99494949494949
185.57 17.345 0 0 "KDE QDA" 18 1000 4.00505050505051
185.575 17.35 0 0 "KDE QDA" 18 1000 4.01515151515152
185.685 17.355 0 0 "KDE QDA" 18 1000 4.02525252525253
186.12 17.36 0 0 "KDE QDA" 18 1000 4.03535353535354
186.23 17.4 0 0 "KDE QDA" 18 1000 4.04545454545455
186.31 17.405 0 0 "KDE QDA" 18 1000 4.05555555555556
188.505 17.405 0 0 "KDE QDA" 18 1000 4.06565656565657
189.72 17.42 0 0 "KDE QDA" 18 1000 4.07575757575758
195.535 17.49 0 0 "KDE QDA" 18 1000 4.08585858585859
196.26 17.5 0 0 "KDE QDA" 18 1000 4.0959595959596
196.955 17.55 0 0 "KDE QDA" 18 1000 4.10606060606061
197.17 17.55 0 0 "KDE QDA" 18 1000 4.11616161616162
197.265 17.585 0 0 "KDE QDA" 18 1000 4.12626262626263
198.55 17.615 0 0 "KDE QDA" 18 1000 4.13636363636364
198.575 17.62 0 0 "KDE QDA" 18 1000 4.14646464646465
198.575 17.645 0 0 "KDE QDA" 18 1000 4.15656565656566
198.62 17.66 0 0 "KDE QDA" 18 1000 4.16666666666667
198.69 17.675 0 0 "KDE QDA" 18 1000 4.17676767676768
199.545 17.675 0 0 "KDE QDA" 18 1000 4.18686868686869
200.735 17.7 0 0 "KDE QDA" 18 1000 4.1969696969697
201.83 17.745 0 0 "KDE QDA" 18 1000 4.20707070707071
212.3 17.895 0 0 "KDE QDA" 18 1000 4.21717171717172
219.135 17.91 0 0 "KDE QDA" 18 1000 4.22727272727273
222.265 17.935 0 0 "KDE QDA" 18 1000 4.23737373737374
222.32 17.955 0 0 "KDE QDA" 18 1000 4.24747474747475
222.99 17.955 0 0 "KDE QDA" 18 1000 4.25757575757576
225.99 17.98 0 0 "KDE QDA" 18 1000 4.26767676767677
226.59 17.99 0 0 "KDE QDA" 18 1000 4.27777777777778
226.985 18 0 0 "KDE QDA" 18 1000 4.28787878787879
228.45 18.015 0 0 "KDE QDA" 18 1000 4.2979797979798
229.73 18.025 0 0 "KDE QDA" 18 1000 4.30808080808081
230.24 18.07 0 0 "KDE QDA" 18 1000 4.31818181818182
230.975 18.09 0 0 "KDE QDA" 18 1000 4.32828282828283
236.375 18.105 0 0 "KDE QDA" 18 1000 4.33838383838384
247.725 18.375 0 0 "KDE QDA" 18 1000 4.34848484848485
255.77 18.405 0 0 "KDE QDA" 18 1000 4.35858585858586
259.145 18.415 0 0 "KDE QDA" 18 1000 4.36868686868687
259.34 18.64 0 0 "KDE QDA" 18 1000 4.37878787878788
263.15 18.655 0 0 "KDE QDA" 18 1000 4.38888888888889
263.16 18.695 0 0 "KDE QDA" 18 1000 4.3989898989899
263.865 18.71 0 0 "KDE QDA" 18 1000 4.40909090909091
264.09 18.71 0 0 "KDE QDA" 18 1000 4.41919191919192
264.69 18.71 0 0 "KDE QDA" 18 1000 4.42929292929293
269.785 18.73 0 0 "KDE QDA" 18 1000 4.43939393939394
270.1 18.8 0 0 "KDE QDA" 18 1000 4.44949494949495
271.5 18.91 0 0 "KDE QDA" 18 1000 4.45959595959596
274.25 18.915 0 0 "KDE QDA" 18 1000 4.46969696969697
277 19.27 0 0 "KDE QDA" 18 1000 4.47979797979798
277.105 19.27 0 0 "KDE QDA" 18 1000 4.48989898989899
279.2 19.275 0 0 "KDE QDA" 18 1000 4.5
