25.533 0 21.1363112830658 "LDA" 26 1 2 1.5
26.42 0 21.7487150564489 "LDA" 26 1 2 1.53535353535354
27.348 0 22.1386769482058 "LDA" 26 1 2 1.57070707070707
28.674 0 24.0976019225652 "LDA" 26 1 2 1.60606060606061
29.62 0 24.6980078466177 "LDA" 26 1 2 1.64141414141414
30.362 0 24.9921099861849 "LDA" 26 1 2 1.67676767676768
31.231 0 25.5480006916263 "LDA" 26 1 2 1.71212121212121
32.863 0 26.7284238151007 "LDA" 26 1 2 1.74747474747475
33.926 0 27.2274835388778 "LDA" 26 1 2 1.78282828282828
35.574 0 28.7303316367207 "LDA" 26 1 2 1.81818181818182
36.499 0 29.1420874382783 "LDA" 26 1 2 1.85353535353535
37.394 0 29.5154523246032 "LDA" 26 1 2 1.88888888888889
39.178 0 31.9248102501723 "LDA" 26 1 2 1.92424242424242
40.823 0 33.3374722805743 "LDA" 26 1 2 1.95959595959596
41.972 0 33.791968174599 "LDA" 26 1 2 1.99494949494949
43.107 0 34.3637952127151 "LDA" 26 1 2 2.03030303030303
44.97 0 36.5193477866564 "LDA" 26 1 2 2.06565656565657
46.217 0 37.2515447812381 "LDA" 26 1 2 2.1010101010101
47.204 0 37.8489223746849 "LDA" 26 1 2 2.13636363636364
48.268 0 38.5235283721291 "LDA" 26 1 2 2.17171717171717
49.211 0 39.0649017091499 "LDA" 26 1 2 2.20707070707071
50.596 0 40.4797899870713 "LDA" 26 1 2 2.24242424242424
52.26 0 43.7831630351824 "LDA" 26 1 2 2.27777777777778
53.483 0 44.0027721280711 "LDA" 26 1 2 2.31313131313131
54.449 0 44.3572425198407 "LDA" 26 1 2 2.34848484848485
56.075 0 45.1875125038576 "LDA" 26 1 2 2.38383838383838
57.426 0 46.2499251845836 "LDA" 26 1 2 2.41919191919192
58.599 0 46.855988760058 "LDA" 26 1 2 2.45454545454545
60.091 0 47.6970830421603 "LDA" 26 1 2 2.48989898989899
61.32 0 48.3352034431623 "LDA" 26 1 2 2.52525252525253
63.045 0 49.4649953073965 "LDA" 26 1 2 2.56060606060606
64.517 0 50.3259815146751 "LDA" 26 1 2 2.5959595959596
66.245 0 52.6373790064501 "LDA" 26 1 2 2.63131313131313
68.024 0 53.4367749112249 "LDA" 26 1 2 2.66666666666667
69.254 0 53.7373537419474 "LDA" 26 1 2 2.7020202020202
70.975 0 54.9799524387769 "LDA" 26 1 2 2.73737373737374
72.631 0 56.5738759715334 "LDA" 26 1 2 2.77272727272727
74.043 0 57.7539147215638 "LDA" 26 1 2 2.80808080808081
75.374 0 59.118923968313 "LDA" 26 1 2 2.84343434343434
77.497 0 62.7097799988766 "LDA" 26 1 2 2.87878787878788
79.674 0 64.3900598214026 "LDA" 26 1 2 2.91414141414141
81.216 0 66.1613381565599 "LDA" 26 1 2 2.94949494949495
83.337 0 67.0823633638118 "LDA" 26 1 2 2.98484848484848
85.153 0 68.8135225947044 "LDA" 26 1 2 3.02020202020202
86.692 0 70.004012011439 "LDA" 26 1 2 3.05555555555556
88.253 0 70.5086268300373 "LDA" 26 1 2 3.09090909090909
91.018 0 72.6938516799878 "LDA" 26 1 2 3.12626262626263
92.646 0 73.4869717638373 "LDA" 26 1 2 3.16161616161616
94.21 0 74.1390754090075 "LDA" 26 1 2 3.1969696969697
95.892 0 74.8712096471937 "LDA" 26 1 2 3.23232323232323
97.615 0 76.1817197851914 "LDA" 26 1 2 3.26767676767677
99.212 0 76.6699115124788 "LDA" 26 1 2 3.3030303030303
100.712 0 77.990471017744 "LDA" 26 1 2 3.33838383838384
103.237 0 81.0499594504953 "LDA" 26 1 2 3.37373737373737
106.047 0 84.0812371783708 "LDA" 26 1 2 3.40909090909091
108.061 0 85.0847265359047 "LDA" 26 1 2 3.44444444444444
110.962 0 88.4605212499894 "LDA" 26 1 2 3.47979797979798
112.809 0 91.3216850981691 "LDA" 26 1 2 3.51515151515152
114.978 0 92.9533315047817 "LDA" 26 1 2 3.55050505050505
116.983 0 94.6068875620278 "LDA" 26 1 2 3.58585858585859
118.649 0 95.5564484157602 "LDA" 26 1 2 3.62121212121212
120.46 0 96.5505277272186 "LDA" 26 1 2 3.65656565656566
122.091 0 97.5177852365272 "LDA" 26 1 2 3.69191919191919
125.08 0 100.985650969342 "LDA" 26 1 2 3.72727272727273
128.662 0 105.410887536398 "LDA" 26 1 2 3.76262626262626
130.223 0 106.346739018646 "LDA" 26 1 2 3.7979797979798
132.996 0 107.717691606742 "LDA" 26 1 2 3.83333333333333
136.163 0 112.020636732943 "LDA" 26 1 2 3.86868686868687
138.703 0 115.097585748986 "LDA" 26 1 2 3.9040404040404
141.536 0 116.936439294323 "LDA" 26 1 2 3.93939393939394
143.536 0 117.186259106276 "LDA" 26 1 2 3.97474747474747
145.696 0 118.256442404506 "LDA" 26 1 2 4.01010101010101
149.217 0 121.228141011785 "LDA" 26 1 2 4.04545454545454
151.302 0 123.459900952265 "LDA" 26 1 2 4.08080808080808
153.254 0 124.832097380988 "LDA" 26 1 2 4.11616161616162
155.207 0 126.499772107871 "LDA" 26 1 2 4.15151515151515
157.068 0 128.684852127852 "LDA" 26 1 2 4.18686868686869
159.141 0 129.492429927036 "LDA" 26 1 2 4.22222222222222
162.197 0 133.243799484633 "LDA" 26 1 2 4.25757575757576
163.701 0 134.151706210839 "LDA" 26 1 2 4.29292929292929
165.239 0 134.461845394398 "LDA" 26 1 2 4.32828282828283
167.339 0 134.536999681438 "LDA" 26 1 2 4.36363636363636
170.744 0 137.541892659059 "LDA" 26 1 2 4.3989898989899
172.48 0 138.220883417133 "LDA" 26 1 2 4.43434343434343
175.354 0 138.584914267255 "LDA" 26 1 2 4.46969696969697
178.155 0 142.429263390885 "LDA" 26 1 2 4.50505050505051
179.558 0 143.284413175541 "LDA" 26 1 2 4.54040404040404
181.404 0 145.780453850044 "LDA" 26 1 2 4.57575757575758
183.147 0 146.169014403778 "LDA" 26 1 2 4.61111111111111
184.994 0 146.925188361203 "LDA" 26 1 2 4.64646464646465
189.007 0 156.97805279739 "LDA" 26 1 2 4.68181818181818
191.928 0 157.709400706081 "LDA" 26 1 2 4.71717171717172
195.284 0 160.533798448939 "LDA" 26 1 2 4.75252525252525
197.978 0 163.22010390365 "LDA" 26 1 2 4.78787878787879
201.057 0 165.283793771451 "LDA" 26 1 2 4.82323232323232
202.144 0 165.505333084101 "LDA" 26 1 2 4.85858585858586
204.858 0 168.590689709298 "LDA" 26 1 2 4.89393939393939
208.934 0 171.741383326054 "LDA" 26 1 2 4.92929292929293
211.389 0 172.49867092378 "LDA" 26 1 2 4.96464646464646
214.073 0 175.180352285371 "LDA" 26 1 2 5
22.078 0 13.9424642121939 "uLSIF" 26 1 2 1.5
22.675 0 14.2003882350458 "uLSIF" 26 1 2 1.53535353535354
23.399 0 14.6233252251545 "uLSIF" 26 1 2 1.57070707070707
24.01 0 14.8336758066886 "uLSIF" 26 1 2 1.60606060606061
24.789 0 15.2063049657276 "uLSIF" 26 1 2 1.64141414141414
25.515 0 15.4000953873 "uLSIF" 26 1 2 1.67676767676768
26.259 0 15.7258774706603 "uLSIF" 26 1 2 1.71212121212121
26.927 0 15.9122239133903 "uLSIF" 26 1 2 1.74747474747475
27.597 0 16.111988927106 "uLSIF" 26 1 2 1.78282828282828
28.188 0 16.3699918336153 "uLSIF" 26 1 2 1.81818181818182
28.859 0 16.6050247168092 "uLSIF" 26 1 2 1.85353535353535
29.856 0 18.0398642095971 "uLSIF" 26 1 2 1.88888888888889
30.521 0 18.4376654299428 "uLSIF" 26 1 2 1.92424242424242
31.183 0 18.7647975909315 "uLSIF" 26 1 2 1.95959595959596
32.006 0 18.8169083549886 "uLSIF" 26 1 2 1.99494949494949
32.624 0 18.9943520397356 "uLSIF" 26 1 2 2.03030303030303
33.247 0 19.0304006039586 "uLSIF" 26 1 2 2.06565656565657
34.068 0 19.8282761867122 "uLSIF" 26 1 2 2.1010101010101
34.83 0 20.3976754843577 "uLSIF" 26 1 2 2.13636363636364
35.661 0 20.6168167313029 "uLSIF" 26 1 2 2.17171717171717
36.289 0 21.0472436548225 "uLSIF" 26 1 2 2.20707070707071
36.903 0 21.1897757797858 "uLSIF" 26 1 2 2.24242424242424
37.678 0 21.6736721407348 "uLSIF" 26 1 2 2.27777777777778
38.266 0 21.7679371343976 "uLSIF" 26 1 2 2.31313131313131
38.813 0 21.8999917954469 "uLSIF" 26 1 2 2.34848484848485
39.389 0 22.1280665746091 "uLSIF" 26 1 2 2.38383838383838
40.039 0 22.2610204625042 "uLSIF" 26 1 2 2.41919191919192
40.638 0 22.368802366674 "uLSIF" 26 1 2 2.45454545454545
41.194 0 22.6455113252755 "uLSIF" 26 1 2 2.48989898989899
42.013 0 23.2746329625096 "uLSIF" 26 1 2 2.52525252525253
42.912 0 23.578129361427 "uLSIF" 26 1 2 2.56060606060606
43.615 0 23.6520653473475 "uLSIF" 26 1 2 2.5959595959596
44.325 0 23.9311528154219 "uLSIF" 26 1 2 2.63131313131313
45.113 0 24.4913057033523 "uLSIF" 26 1 2 2.66666666666667
45.725 0 24.7396731269115 "uLSIF" 26 1 2 2.7020202020202
46.359 0 24.8098699845172 "uLSIF" 26 1 2 2.73737373737374
47.047 0 25.0683308621099 "uLSIF" 26 1 2 2.77272727272727
47.71 0 25.4407769758145 "uLSIF" 26 1 2 2.80808080808081
48.393 0 25.7118581718757 "uLSIF" 26 1 2 2.84343434343434
48.966 0 25.9290794507086 "uLSIF" 26 1 2 2.87878787878788
49.737 0 26.3571343193741 "uLSIF" 26 1 2 2.91414141414141
50.593 0 26.9180596056427 "uLSIF" 26 1 2 2.94949494949495
51.193 0 27.0323231983028 "uLSIF" 26 1 2 2.98484848484848
51.959 0 27.4173855798111 "uLSIF" 26 1 2 3.02020202020202
52.618 0 27.5525537694643 "uLSIF" 26 1 2 3.05555555555556
53.408 0 28.1838937669703 "uLSIF" 26 1 2 3.09090909090909
54.104 0 28.4412040196277 "uLSIF" 26 1 2 3.12626262626263
55.025 0 28.9280349523815 "uLSIF" 26 1 2 3.16161616161616
55.709 0 29.2487231654103 "uLSIF" 26 1 2 3.1969696969697
56.297 0 29.4752027741724 "uLSIF" 26 1 2 3.23232323232323
56.91 0 29.812727126157 "uLSIF" 26 1 2 3.26767676767677
57.527 0 30.0134316111483 "uLSIF" 26 1 2 3.3030303030303
58.153 0 30.4590437201227 "uLSIF" 26 1 2 3.33838383838384
58.901 0 30.8017848338201 "uLSIF" 26 1 2 3.37373737373737
59.788 0 31.13529287581 "uLSIF" 26 1 2 3.40909090909091
60.585 0 31.576317689668 "uLSIF" 26 1 2 3.44444444444444
61.321 0 32.1155315441978 "uLSIF" 26 1 2 3.47979797979798
61.977 0 32.2747289551613 "uLSIF" 26 1 2 3.51515151515152
62.509 0 32.4306284962944 "uLSIF" 26 1 2 3.55050505050505
63.106 0 32.4530424454159 "uLSIF" 26 1 2 3.58585858585859
64.092 0 33.0423869497247 "uLSIF" 26 1 2 3.62121212121212
64.68 0 33.1450478079938 "uLSIF" 26 1 2 3.65656565656566
65.163 0 33.3118914670589 "uLSIF" 26 1 2 3.69191919191919
65.658 0 33.4073807576872 "uLSIF" 26 1 2 3.72727272727273
66.578 0 33.7619280223121 "uLSIF" 26 1 2 3.76262626262626
67.166 0 33.714019028871 "uLSIF" 26 1 2 3.7979797979798
67.862 0 33.9988658469496 "uLSIF" 26 1 2 3.83333333333333
68.486 0 34.0692899914354 "uLSIF" 26 1 2 3.86868686868687
69.12 0 34.0763965348568 "uLSIF" 26 1 2 3.9040404040404
69.883 0 34.2958527597218 "uLSIF" 26 1 2 3.93939393939394
70.973 0 35.0309211474154 "uLSIF" 26 1 2 3.97474747474747
71.527 0 35.1759380488654 "uLSIF" 26 1 2 4.01010101010101
72.29 0 35.602295198813 "uLSIF" 26 1 2 4.04545454545454
73.021 0 36.031886654127 "uLSIF" 26 1 2 4.08080808080808
73.662 0 36.1054755038811 "uLSIF" 26 1 2 4.11616161616162
74.209 0 36.0570024603603 "uLSIF" 26 1 2 4.15151515151515
74.836 0 36.1899822992333 "uLSIF" 26 1 2 4.18686868686869
75.442 0 36.366896859468 "uLSIF" 26 1 2 4.22222222222222
76.176 0 36.6807647480597 "uLSIF" 26 1 2 4.25757575757576
76.872 0 36.8025004590726 "uLSIF" 26 1 2 4.29292929292929
77.758 0 37.5192634673328 "uLSIF" 26 1 2 4.32828282828283
78.482 0 37.8088506197317 "uLSIF" 26 1 2 4.36363636363636
79.23 0 38.0610265460844 "uLSIF" 26 1 2 4.3989898989899
79.95 0 38.0415122814099 "uLSIF" 26 1 2 4.43434343434343
80.674 0 38.3070379062797 "uLSIF" 26 1 2 4.46969696969697
81.209 0 38.4410592210209 "uLSIF" 26 1 2 4.50505050505051
81.952 0 38.6570829999635 "uLSIF" 26 1 2 4.54040404040404
82.831 0 38.931633809938 "uLSIF" 26 1 2 4.57575757575758
83.636 0 39.0519212914878 "uLSIF" 26 1 2 4.61111111111111
84.412 0 39.3823974540559 "uLSIF" 26 1 2 4.64646464646465
85.17 0 39.5802184644513 "uLSIF" 26 1 2 4.68181818181818
85.858 0 39.6681408361597 "uLSIF" 26 1 2 4.71717171717172
86.542 0 39.7598677447886 "uLSIF" 26 1 2 4.75252525252525
87.361 0 39.9853912136734 "uLSIF" 26 1 2 4.78787878787879
88.092 0 39.952067577332 "uLSIF" 26 1 2 4.82323232323232
88.822 0 40.0406989645982 "uLSIF" 26 1 2 4.85858585858586
89.61 0 40.2697100753103 "uLSIF" 26 1 2 4.89393939393939
90.086 0 40.3143628481445 "uLSIF" 26 1 2 4.92929292929293
90.796 0 40.5262478001697 "uLSIF" 26 1 2 4.96464646464646
91.674 0 41.1364063565101 "uLSIF" 26 1 2 5
