129.22 13.57 0 0 "KDE LDA" 194 3000 2.5
131.57 13.595 0 0 "KDE LDA" 194 3000 2.51010101010101
133.05 13.595 0 0 "KDE LDA" 194 3000 2.52020202020202
134.395 13.615 0 0 "KDE LDA" 194 3000 2.53030303030303
134.615 13.65 0 0 "KDE LDA" 194 3000 2.54040404040404
135.17 13.735 0 0 "KDE LDA" 194 3000 2.55050505050505
135.59 13.745 0 0 "KDE LDA" 194 3000 2.56060606060606
135.895 13.89 0 0 "KDE LDA" 194 3000 2.57070707070707
135.915 13.89 0 0 "KDE LDA" 194 3000 2.58080808080808
136.455 13.96 0 0 "KDE LDA" 194 3000 2.59090909090909
136.51 13.98 0 0 "KDE LDA" 194 3000 2.6010101010101
141.05 14.045 0 0 "KDE LDA" 194 3000 2.61111111111111
141.565 14.14 0 0 "KDE LDA" 194 3000 2.62121212121212
142.11 14.165 0 0 "KDE LDA" 194 3000 2.63131313131313
143.515 14.315 0 0 "KDE LDA" 194 3000 2.64141414141414
144.465 14.48 0 0 "KDE LDA" 194 3000 2.65151515151515
148.06 14.565 0 0 "KDE LDA" 194 3000 2.66161616161616
153.79 14.755 0 0 "KDE LDA" 194 3000 2.67171717171717
157.2 14.765 0 0 "KDE LDA" 194 3000 2.68181818181818
157.74 14.965 0 0 "KDE LDA" 194 3000 2.69191919191919
157.76 15.11 0 0 "KDE LDA" 194 3000 2.7020202020202
162.64 15.3 0 0 "KDE LDA" 194 3000 2.71212121212121
166.05 15.4 0 0 "KDE LDA" 194 3000 2.72222222222222
166.08 15.425 0 0 "KDE LDA" 194 3000 2.73232323232323
166.67 15.445 0 0 "KDE LDA" 194 3000 2.74242424242424
167.55 15.46 0 0 "KDE LDA" 194 3000 2.75252525252525
168.235 15.485 0 0 "KDE LDA" 194 3000 2.76262626262626
175.41 15.565 0 0 "KDE LDA" 194 3000 2.77272727272727
177.765 15.615 0 0 "KDE LDA" 194 3000 2.78282828282828
185.47 15.985 0 0 "KDE LDA" 194 3000 2.79292929292929
215.59 16.8 0 0 "KDE LDA" 194 3000 2.8030303030303
215.6 16.82 0 0 "KDE LDA" 194 3000 2.81313131313131
215.605 16.83 0 0 "KDE LDA" 194 3000 2.82323232323232
215.63 16.885 0 0 "KDE LDA" 194 3000 2.83333333333333
216.055 16.925 0 0 "KDE LDA" 194 3000 2.84343434343434
222.52 17.055 0 0 "KDE LDA" 194 3000 2.85353535353535
223.72 17.06 0 0 "KDE LDA" 194 3000 2.86363636363636
225.945 17.245 0 0 "KDE LDA" 194 3000 2.87373737373737
227.53 17.25 0 0 "KDE LDA" 194 3000 2.88383838383838
228.33 17.265 0 0 "KDE LDA" 194 3000 2.89393939393939
229.65 17.285 0 0 "KDE LDA" 194 3000 2.9040404040404
230.04 17.45 0 0 "KDE LDA" 194 3000 2.91414141414141
231.095 17.505 0 0 "KDE LDA" 194 3000 2.92424242424242
231.615 17.57 0 0 "KDE LDA" 194 3000 2.93434343434343
231.92 17.585 0 0 "KDE LDA" 194 3000 2.94444444444444
231.965 17.65 0 0 "KDE LDA" 194 3000 2.95454545454545
233.305 17.69 0 0 "KDE LDA" 194 3000 2.96464646464646
233.305 17.76 0 0 "KDE LDA" 194 3000 2.97474747474747
237.635 17.835 0 0 "KDE LDA" 194 3000 2.98484848484848
240.635 17.835 0 0 "KDE LDA" 194 3000 2.99494949494949
242.27 18 0 0 "KDE LDA" 194 3000 3.00505050505051
248.115 18.115 0 0 "KDE LDA" 194 3000 3.01515151515152
255.24 18.12 0 0 "KDE LDA" 194 3000 3.02525252525253
260.51 18.145 0 0 "KDE LDA" 194 3000 3.03535353535354
260.515 18.235 0 0 "KDE LDA" 194 3000 3.04545454545455
268.095 18.25 0 0 "KDE LDA" 194 3000 3.05555555555556
268.15 18.375 0 0 "KDE LDA" 194 3000 3.06565656565657
269.73 18.38 0 0 "KDE LDA" 194 3000 3.07575757575758
275.08 18.45 0 0 "KDE LDA" 194 3000 3.08585858585859
284.865 18.49 0 0 "KDE LDA" 194 3000 3.0959595959596
286.155 18.49 0 0 "KDE LDA" 194 3000 3.10606060606061
291.255 18.535 0 0 "KDE LDA" 194 3000 3.11616161616162
292.605 18.555 0 0 "KDE LDA" 194 3000 3.12626262626263
296.635 18.685 0 0 "KDE LDA" 194 3000 3.13636363636364
297.445 18.74 0 0 "KDE LDA" 194 3000 3.14646464646465
300.74 18.745 0 0 "KDE LDA" 194 3000 3.15656565656566
300.79 18.76 0 0 "KDE LDA" 194 3000 3.16666666666667
312.345 18.81 0 0 "KDE LDA" 194 3000 3.17676767676768
312.83 18.82 0 0 "KDE LDA" 194 3000 3.18686868686869
318.98 19.06 0 0 "KDE LDA" 194 3000 3.1969696969697
324.17 19.09 0 0 "KDE LDA" 194 3000 3.20707070707071
324.36 19.26 0 0 "KDE LDA" 194 3000 3.21717171717172
340.655 19.685 0 0 "KDE LDA" 194 3000 3.22727272727273
348.675 19.715 0 0 "KDE LDA" 194 3000 3.23737373737374
355.335 19.79 0 0 "KDE LDA" 194 3000 3.24747474747475
355.605 19.845 0 0 "KDE LDA" 194 3000 3.25757575757576
360.84 19.9 0 0 "KDE LDA" 194 3000 3.26767676767677
361.5 19.915 0 0 "KDE LDA" 194 3000 3.27777777777778
361.51 19.935 0 0 "KDE LDA" 194 3000 3.28787878787879
373.315 19.945 0 0 "KDE LDA" 194 3000 3.2979797979798
378.69 19.965 0 0 "KDE LDA" 194 3000 3.30808080808081
392.195 20.015 0 0 "KDE LDA" 194 3000 3.31818181818182
395.71 20.085 0 0 "KDE LDA" 194 3000 3.32828282828283
399.03 20.15 0 0 "KDE LDA" 194 3000 3.33838383838384
416.12 20.23 0 0 "KDE LDA" 194 3000 3.34848484848485
449.24 20.715 0 0 "KDE LDA" 194 3000 3.35858585858586
459.87 20.715 0 0 "KDE LDA" 194 3000 3.36868686868687
463.43 20.745 0 0 "KDE LDA" 194 3000 3.37878787878788
463.435 20.805 0 0 "KDE LDA" 194 3000 3.38888888888889
476.205 20.81 0 0 "KDE LDA" 194 3000 3.3989898989899
476.205 20.835 0 0 "KDE LDA" 194 3000 3.40909090909091
477.09 20.865 0 0 "KDE LDA" 194 3000 3.41919191919192
477.105 20.865 0 0 "KDE LDA" 194 3000 3.42929292929293
480.87 20.88 0 0 "KDE LDA" 194 3000 3.43939393939394
486.465 20.91 0 0 "KDE LDA" 194 3000 3.44949494949495
485.035175879397 20.915 1 0 "KDE LDA" 194 3000 3.45959595959596
487.170854271357 20.935 1 0 "KDE LDA" 194 3000 3.46969696969697
496.386934673367 20.975 1 0 "KDE LDA" 194 3000 3.47979797979798
509.939698492462 21.02 1 0 "KDE LDA" 194 3000 3.48989898989899
517.778894472362 21.055 1 0 "KDE LDA" 194 3000 3.5
99.325 12 0 0 "KDE QDA" 194 3000 2.7
99.33 12 0 0 "KDE QDA" 194 3000 2.71010101010101
99.33 12.005 0 0 "KDE QDA" 194 3000 2.72020202020202
100.05 12.005 0 0 "KDE QDA" 194 3000 2.73030303030303
100.05 12.01 0 0 "KDE QDA" 194 3000 2.74040404040404
101.42 12.02 0 0 "KDE QDA" 194 3000 2.75050505050505
101.42 12.02 0 0 "KDE QDA" 194 3000 2.76060606060606
102.2 12.055 0 0 "KDE QDA" 194 3000 2.77070707070707
102.215 12.06 0 0 "KDE QDA" 194 3000 2.78080808080808
102.215 12.06 0 0 "KDE QDA" 194 3000 2.79090909090909
129.035 13.07 0 0 "KDE QDA" 194 3000 2.8010101010101
129.04 13.07 0 0 "KDE QDA" 194 3000 2.81111111111111
129.04 13.085 0 0 "KDE QDA" 194 3000 2.82121212121212
129.825 13.235 0 0 "KDE QDA" 194 3000 2.83131313131313
131.165 13.235 0 0 "KDE QDA" 194 3000 2.84141414141414
131.17 13.24 0 0 "KDE QDA" 194 3000 2.85151515151515
131.445 13.245 0 0 "KDE QDA" 194 3000 2.86161616161616
131.45 13.255 0 0 "KDE QDA" 194 3000 2.87171717171717
131.76 13.255 0 0 "KDE QDA" 194 3000 2.88181818181818
131.76 13.255 0 0 "KDE QDA" 194 3000 2.89191919191919
131.76 13.27 0 0 "KDE QDA" 194 3000 2.9020202020202
131.76 13.27 0 0 "KDE QDA" 194 3000 2.91212121212121
131.76 13.27 0 0 "KDE QDA" 194 3000 2.92222222222222
132.495 13.295 0 0 "KDE QDA" 194 3000 2.93232323232323
132.495 13.295 0 0 "KDE QDA" 194 3000 2.94242424242424
132.495 13.345 0 0 "KDE QDA" 194 3000 2.95252525252525
141.585 13.53 0 0 "KDE QDA" 194 3000 2.96262626262626
141.745 13.54 0 0 "KDE QDA" 194 3000 2.97272727272727
142.195 13.545 0 0 "KDE QDA" 194 3000 2.98282828282828
144.05 13.55 0 0 "KDE QDA" 194 3000 2.99292929292929
146.915 13.55 0 0 "KDE QDA" 194 3000 3.0030303030303
146.915 13.55 0 0 "KDE QDA" 194 3000 3.01313131313131
146.92 13.55 0 0 "KDE QDA" 194 3000 3.02323232323232
146.92 13.55 0 0 "KDE QDA" 194 3000 3.03333333333333
146.92 13.55 0 0 "KDE QDA" 194 3000 3.04343434343434
146.92 13.55 0 0 "KDE QDA" 194 3000 3.05353535353535
146.92 13.55 0 0 "KDE QDA" 194 3000 3.06363636363636
146.92 13.55 0 0 "KDE QDA" 194 3000 3.07373737373737
146.92 13.55 0 0 "KDE QDA" 194 3000 3.08383838383838
161.65 13.945 0 0 "KDE QDA" 194 3000 3.09393939393939
161.65 13.955 0 0 "KDE QDA" 194 3000 3.1040404040404
162.1 13.955 0 0 "KDE QDA" 194 3000 3.11414141414141
162.62 14.005 0 0 "KDE QDA" 194 3000 3.12424242424242
163.6 14.005 0 0 "KDE QDA" 194 3000 3.13434343434343
163.605 14.035 0 0 "KDE QDA" 194 3000 3.14444444444444
163.65 14.04 0 0 "KDE QDA" 194 3000 3.15454545454545
163.685 14.04 0 0 "KDE QDA" 194 3000 3.16464646464646
163.685 14.04 0 0 "KDE QDA" 194 3000 3.17474747474748
163.695 14.04 0 0 "KDE QDA" 194 3000 3.18484848484849
165.045 14.04 0 0 "KDE QDA" 194 3000 3.19494949494949
165.045 14.055 0 0 "KDE QDA" 194 3000 3.20505050505051
166.395 14.055 0 0 "KDE QDA" 194 3000 3.21515151515152
198.765 14.44 0 0 "KDE QDA" 194 3000 3.22525252525253
198.91 14.445 0 0 "KDE QDA" 194 3000 3.23535353535354
198.925 14.465 0 0 "KDE QDA" 194 3000 3.24545454545455
201.915 14.55 0 0 "KDE QDA" 194 3000 3.25555555555556
202.1 14.55 0 0 "KDE QDA" 194 3000 3.26565656565657
202.12 14.55 0 0 "KDE QDA" 194 3000 3.27575757575758
203.6 14.56 0 0 "KDE QDA" 194 3000 3.28585858585859
203.605 14.565 0 0 "KDE QDA" 194 3000 3.2959595959596
203.61 14.57 0 0 "KDE QDA" 194 3000 3.30606060606061
203.61 14.575 0 0 "KDE QDA" 194 3000 3.31616161616162
203.615 14.575 0 0 "KDE QDA" 194 3000 3.32626262626263
203.615 14.61 0 0 "KDE QDA" 194 3000 3.33636363636364
203.615 14.645 0 0 "KDE QDA" 194 3000 3.34646464646465
203.615 14.665 0 0 "KDE QDA" 194 3000 3.35656565656566
229.45 15.75 0 0 "KDE QDA" 194 3000 3.36666666666667
229.45 15.75 0 0 "KDE QDA" 194 3000 3.37676767676768
239.545 15.885 0 0 "KDE QDA" 194 3000 3.38686868686869
241.41 15.885 0 0 "KDE QDA" 194 3000 3.3969696969697
242.76 15.885 0 0 "KDE QDA" 194 3000 3.40707070707071
243.795 15.895 0 0 "KDE QDA" 194 3000 3.41717171717172
243.81 15.895 0 0 "KDE QDA" 194 3000 3.42727272727273
243.815 15.91 0 0 "KDE QDA" 194 3000 3.43737373737374
243.815 15.91 0 0 "KDE QDA" 194 3000 3.44747474747475
250.59 15.91 0 0 "KDE QDA" 194 3000 3.45757575757576
251.225 15.925 0 0 "KDE QDA" 194 3000 3.46767676767677
251.225 15.925 0 0 "KDE QDA" 194 3000 3.47777777777778
251.225 15.925 0 0 "KDE QDA" 194 3000 3.48787878787879
251.225 15.945 0 0 "KDE QDA" 194 3000 3.4979797979798
251.225 15.945 0 0 "KDE QDA" 194 3000 3.50808080808081
272.195 16.29 0 0 "KDE QDA" 194 3000 3.51818181818182
272.215 16.295 0 0 "KDE QDA" 194 3000 3.52828282828283
272.22 16.3 0 0 "KDE QDA" 194 3000 3.53838383838384
287.1 16.37 0 0 "KDE QDA" 194 3000 3.54848484848485
287.105 16.37 0 0 "KDE QDA" 194 3000 3.55858585858586
287.11 16.37 0 0 "KDE QDA" 194 3000 3.56868686868687
287.145 16.37 0 0 "KDE QDA" 194 3000 3.57878787878788
287.145 16.37 0 0 "KDE QDA" 194 3000 3.58888888888889
287.145 16.37 0 0 "KDE QDA" 194 3000 3.5989898989899
287.18 16.37 0 0 "KDE QDA" 194 3000 3.60909090909091
287.18 16.37 0 0 "KDE QDA" 194 3000 3.61919191919192
287.18 16.4 0 0 "KDE QDA" 194 3000 3.62929292929293
287.18 16.4 0 0 "KDE QDA" 194 3000 3.63939393939394
287.19 16.4 0 0 "KDE QDA" 194 3000 3.64949494949495
304.105 16.925 0 0 "KDE QDA" 194 3000 3.65959595959596
304.11 16.935 0 0 "KDE QDA" 194 3000 3.66969696969697
307.725 16.97 0 0 "KDE QDA" 194 3000 3.67979797979798
308.21 16.97 0 0 "KDE QDA" 194 3000 3.68989898989899
308.225 16.995 0 0 "KDE QDA" 194 3000 3.7
