147.415 17.35 0 0 "KDE LDA" 94 1500 2.5
150.775 17.375 0 0 "KDE LDA" 94 1500 2.51010101010101
151.94 17.575 0 0 "KDE LDA" 94 1500 2.52020202020202
156.595 17.805 0 0 "KDE LDA" 94 1500 2.53030303030303
157.31 17.88 0 0 "KDE LDA" 94 1500 2.54040404040404
158.055 17.97 0 0 "KDE LDA" 94 1500 2.55050505050505
159.91 17.995 0 0 "KDE LDA" 94 1500 2.56060606060606
159.91 18.035 0 0 "KDE LDA" 94 1500 2.57070707070707
160.63 18.195 0 0 "KDE LDA" 94 1500 2.58080808080808
160.665 18.35 0 0 "KDE LDA" 94 1500 2.59090909090909
161.93 18.415 0 0 "KDE LDA" 94 1500 2.6010101010101
164.87 18.49 0 0 "KDE LDA" 94 1500 2.61111111111111
164.89 18.5 0 0 "KDE LDA" 94 1500 2.62121212121212
166.385 18.605 0 0 "KDE LDA" 94 1500 2.63131313131313
170.24 18.68 0 0 "KDE LDA" 94 1500 2.64141414141414
171.815 18.72 0 0 "KDE LDA" 94 1500 2.65151515151515
180.67 18.84 0 0 "KDE LDA" 94 1500 2.66161616161616
187.1 19.1 0 0 "KDE LDA" 94 1500 2.67171717171717
187.34 19.12 0 0 "KDE LDA" 94 1500 2.68181818181818
187.41 19.135 0 0 "KDE LDA" 94 1500 2.69191919191919
188.87 19.15 0 0 "KDE LDA" 94 1500 2.7020202020202
192.58 19.445 0 0 "KDE LDA" 94 1500 2.71212121212121
196.64 19.45 0 0 "KDE LDA" 94 1500 2.72222222222222
197.375 19.46 0 0 "KDE LDA" 94 1500 2.73232323232323
201.185 19.47 0 0 "KDE LDA" 94 1500 2.74242424242424
206.945 19.49 0 0 "KDE LDA" 94 1500 2.75252525252525
209.095 19.59 0 0 "KDE LDA" 94 1500 2.76262626262626
211.725 19.81 0 0 "KDE LDA" 94 1500 2.77272727272727
217.715 19.995 0 0 "KDE LDA" 94 1500 2.78282828282828
228.595 20.115 0 0 "KDE LDA" 94 1500 2.79292929292929
279.56 20.93 0 0 "KDE LDA" 94 1500 2.8030303030303
282.67 20.94 0 0 "KDE LDA" 94 1500 2.81313131313131
284.135 21.125 0 0 "KDE LDA" 94 1500 2.82323232323232
285.09 21.185 0 0 "KDE LDA" 94 1500 2.83333333333333
285.42 21.19 0 0 "KDE LDA" 94 1500 2.84343434343434
288.36 21.215 0 0 "KDE LDA" 94 1500 2.85353535353535
288.365 21.22 0 0 "KDE LDA" 94 1500 2.86363636363636
288.76 21.335 0 0 "KDE LDA" 94 1500 2.87373737373737
291.025 21.345 0 0 "KDE LDA" 94 1500 2.88383838383838
293.05 21.43 0 0 "KDE LDA" 94 1500 2.89393939393939
297.65 21.455 0 0 "KDE LDA" 94 1500 2.9040404040404
297.65 21.475 0 0 "KDE LDA" 94 1500 2.91414141414141
297.66 21.595 0 0 "KDE LDA" 94 1500 2.92424242424242
302.84 21.68 0 0 "KDE LDA" 94 1500 2.93434343434343
303.27 21.805 0 0 "KDE LDA" 94 1500 2.94444444444444
305.53 21.9 0 0 "KDE LDA" 94 1500 2.95454545454545
306.14 21.92 0 0 "KDE LDA" 94 1500 2.96464646464646
306.345 21.945 0 0 "KDE LDA" 94 1500 2.97474747474747
307.165 22.05 0 0 "KDE LDA" 94 1500 2.98484848484848
312.035 22.165 0 0 "KDE LDA" 94 1500 2.99494949494949
315.89 22.275 0 0 "KDE LDA" 94 1500 3.00505050505051
316.255 22.28 0 0 "KDE LDA" 94 1500 3.01515151515152
318.565 22.38 0 0 "KDE LDA" 94 1500 3.02525252525253
318.57 22.43 0 0 "KDE LDA" 94 1500 3.03535353535354
320.745 22.505 0 0 "KDE LDA" 94 1500 3.04545454545455
326.25 22.515 0 0 "KDE LDA" 94 1500 3.05555555555556
331.675 22.615 0 0 "KDE LDA" 94 1500 3.06565656565657
333.055 22.7 0 0 "KDE LDA" 94 1500 3.07575757575758
338.04 22.925 0 0 "KDE LDA" 94 1500 3.08585858585859
353.39 23.06 0 0 "KDE LDA" 94 1500 3.0959595959596
353.39 23.07 0 0 "KDE LDA" 94 1500 3.10606060606061
353.8 23.115 0 0 "KDE LDA" 94 1500 3.11616161616162
357.58 23.125 0 0 "KDE LDA" 94 1500 3.12626262626263
358.305 23.135 0 0 "KDE LDA" 94 1500 3.13636363636364
359.845 23.14 0 0 "KDE LDA" 94 1500 3.14646464646465
363.87 23.215 0 0 "KDE LDA" 94 1500 3.15656565656566
367.245 23.245 0 0 "KDE LDA" 94 1500 3.16666666666667
367.76 23.27 0 0 "KDE LDA" 94 1500 3.17676767676768
372.445 23.28 0 0 "KDE LDA" 94 1500 3.18686868686869
384.1 23.305 0 0 "KDE LDA" 94 1500 3.1969696969697
389.02 23.36 0 0 "KDE LDA" 94 1500 3.20707070707071
393.07 23.425 0 0 "KDE LDA" 94 1500 3.21717171717172
433.725 23.745 0 0 "KDE LDA" 94 1500 3.22727272727273
438.245 23.755 0 0 "KDE LDA" 94 1500 3.23737373737374
438.28 23.76 0 0 "KDE LDA" 94 1500 3.24747474747475
438.955 23.775 0 0 "KDE LDA" 94 1500 3.25757575757576
444.025 23.875 0 0 "KDE LDA" 94 1500 3.26767676767677
447.33 23.89 0 0 "KDE LDA" 94 1500 3.27777777777778
447.36 23.925 0 0 "KDE LDA" 94 1500 3.28787878787879
447.875 23.985 0 0 "KDE LDA" 94 1500 3.2979797979798
459.855 24 0 0 "KDE LDA" 94 1500 3.30808080808081
473.975 24.04 0 0 "KDE LDA" 94 1500 3.31818181818182
474.54 24.095 0 0 "KDE LDA" 94 1500 3.32828282828283
477.965 24.155 0 0 "KDE LDA" 94 1500 3.33838383838384
497.39 24.19 0 0 "KDE LDA" 94 1500 3.34848484848485
554.185 25.425 0 0 "KDE LDA" 94 1500 3.35858585858586
555.69 25.465 0 0 "KDE LDA" 94 1500 3.36868686868687
564.115 25.51 0 0 "KDE LDA" 94 1500 3.37878787878788
564.12 25.53 0 0 "KDE LDA" 94 1500 3.38888888888889
567.745 25.55 0 0 "KDE LDA" 94 1500 3.3989898989899
572.255 25.69 0 0 "KDE LDA" 94 1500 3.40909090909091
573.61 25.695 0 0 "KDE LDA" 94 1500 3.41919191919192
575.92 25.835 0 0 "KDE LDA" 94 1500 3.42929292929293
577.325 26.055 0 0 "KDE LDA" 94 1500 3.43939393939394
577.34 26.07 0 0 "KDE LDA" 94 1500 3.44949494949495
580.715 26.12 0 0 "KDE LDA" 94 1500 3.45959595959596
588.1 26.3 0 0 "KDE LDA" 94 1500 3.46969696969697
577.889447236181 26.32 1 0 "KDE LDA" 94 1500 3.47979797979798
594.819095477387 26.355 1 0 "KDE LDA" 94 1500 3.48989898989899
594.819095477387 26.435 1 0 "KDE LDA" 94 1500 3.5
101.155 12.91 0 0 "KDE QDA" 94 1500 2.8
101.195 12.91 0 0 "KDE QDA" 94 1500 2.81010101010101
101.355 12.915 0 0 "KDE QDA" 94 1500 2.82020202020202
104.615 12.94 0 0 "KDE QDA" 94 1500 2.83030303030303
104.765 12.955 0 0 "KDE QDA" 94 1500 2.84040404040404
105.38 12.955 0 0 "KDE QDA" 94 1500 2.85050505050505
105.44 12.97 0 0 "KDE QDA" 94 1500 2.86060606060606
107.11 12.97 0 0 "KDE QDA" 94 1500 2.87070707070707
107.155 12.985 0 0 "KDE QDA" 94 1500 2.88080808080808
107.325 13 0 0 "KDE QDA" 94 1500 2.89090909090909
107.35 13 0 0 "KDE QDA" 94 1500 2.9010101010101
108.5 13.005 0 0 "KDE QDA" 94 1500 2.91111111111111
108.68 13.015 0 0 "KDE QDA" 94 1500 2.92121212121212
109.555 13.015 0 0 "KDE QDA" 94 1500 2.93131313131313
109.66 13.02 0 0 "KDE QDA" 94 1500 2.94141414141414
109.87 13.02 0 0 "KDE QDA" 94 1500 2.95151515151515
111.365 13.13 0 0 "KDE QDA" 94 1500 2.96161616161616
111.365 13.135 0 0 "KDE QDA" 94 1500 2.97171717171717
111.535 13.145 0 0 "KDE QDA" 94 1500 2.98181818181818
111.855 13.15 0 0 "KDE QDA" 94 1500 2.99191919191919
113.265 13.15 0 0 "KDE QDA" 94 1500 3.0020202020202
113.265 13.15 0 0 "KDE QDA" 94 1500 3.01212121212121
113.365 13.16 0 0 "KDE QDA" 94 1500 3.02222222222222
114.055 13.165 0 0 "KDE QDA" 94 1500 3.03232323232323
114.07 13.165 0 0 "KDE QDA" 94 1500 3.04242424242424
114.54 13.165 0 0 "KDE QDA" 94 1500 3.05252525252525
114.62 13.165 0 0 "KDE QDA" 94 1500 3.06262626262626
114.635 13.165 0 0 "KDE QDA" 94 1500 3.07272727272727
114.915 13.165 0 0 "KDE QDA" 94 1500 3.08282828282828
118.92 13.755 0 0 "KDE QDA" 94 1500 3.09292929292929
121.79 13.765 0 0 "KDE QDA" 94 1500 3.1030303030303
122.38 13.77 0 0 "KDE QDA" 94 1500 3.11313131313131
122.92 13.855 0 0 "KDE QDA" 94 1500 3.12323232323232
123.16 13.865 0 0 "KDE QDA" 94 1500 3.13333333333333
123.19 13.865 0 0 "KDE QDA" 94 1500 3.14343434343434
123.4 13.865 0 0 "KDE QDA" 94 1500 3.15353535353535
123.425 13.875 0 0 "KDE QDA" 94 1500 3.16363636363636
123.425 13.89 0 0 "KDE QDA" 94 1500 3.17373737373737
123.425 13.89 0 0 "KDE QDA" 94 1500 3.18383838383838
125.14 13.895 0 0 "KDE QDA" 94 1500 3.19393939393939
125.14 13.92 0 0 "KDE QDA" 94 1500 3.2040404040404
126.26 13.925 0 0 "KDE QDA" 94 1500 3.21414141414141
134.8 14.445 0 0 "KDE QDA" 94 1500 3.22424242424242
138.015 14.56 0 0 "KDE QDA" 94 1500 3.23434343434343
138.05 14.57 0 0 "KDE QDA" 94 1500 3.24444444444444
139.715 14.63 0 0 "KDE QDA" 94 1500 3.25454545454545
139.72 14.66 0 0 "KDE QDA" 94 1500 3.26464646464646
139.72 14.67 0 0 "KDE QDA" 94 1500 3.27474747474747
140.225 14.705 0 0 "KDE QDA" 94 1500 3.28484848484848
140.66 14.73 0 0 "KDE QDA" 94 1500 3.29494949494949
140.665 14.735 0 0 "KDE QDA" 94 1500 3.30505050505051
140.825 14.74 0 0 "KDE QDA" 94 1500 3.31515151515151
142.105 14.745 0 0 "KDE QDA" 94 1500 3.32525252525252
142.33 14.745 0 0 "KDE QDA" 94 1500 3.33535353535354
144.29 14.745 0 0 "KDE QDA" 94 1500 3.34545454545455
150.565 14.745 0 0 "KDE QDA" 94 1500 3.35555555555556
164.375 15.485 0 0 "KDE QDA" 94 1500 3.36565656565657
166.65 15.49 0 0 "KDE QDA" 94 1500 3.37575757575758
173.32 15.51 0 0 "KDE QDA" 94 1500 3.38585858585859
173.355 15.525 0 0 "KDE QDA" 94 1500 3.3959595959596
173.68 15.53 0 0 "KDE QDA" 94 1500 3.40606060606061
174.135 15.545 0 0 "KDE QDA" 94 1500 3.41616161616162
174.145 15.595 0 0 "KDE QDA" 94 1500 3.42626262626263
174.16 15.61 0 0 "KDE QDA" 94 1500 3.43636363636364
174.58 15.61 0 0 "KDE QDA" 94 1500 3.44646464646465
174.59 15.62 0 0 "KDE QDA" 94 1500 3.45656565656566
178.795 15.62 0 0 "KDE QDA" 94 1500 3.46666666666667
178.805 15.625 0 0 "KDE QDA" 94 1500 3.47676767676768
178.81 15.64 0 0 "KDE QDA" 94 1500 3.48686868686869
179.73 15.65 0 0 "KDE QDA" 94 1500 3.4969696969697
181.485 15.65 0 0 "KDE QDA" 94 1500 3.50707070707071
184.44 15.805 0 0 "KDE QDA" 94 1500 3.51717171717172
186.95 15.835 0 0 "KDE QDA" 94 1500 3.52727272727273
186.96 15.835 0 0 "KDE QDA" 94 1500 3.53737373737374
190.375 15.945 0 0 "KDE QDA" 94 1500 3.54747474747475
194.795 15.945 0 0 "KDE QDA" 94 1500 3.55757575757576
196.135 15.945 0 0 "KDE QDA" 94 1500 3.56767676767677
196.995 15.955 0 0 "KDE QDA" 94 1500 3.57777777777778
197.005 16.12 0 0 "KDE QDA" 94 1500 3.58787878787879
197.535 16.135 0 0 "KDE QDA" 94 1500 3.5979797979798
197.79 16.135 0 0 "KDE QDA" 94 1500 3.60808080808081
198.175 16.135 0 0 "KDE QDA" 94 1500 3.61818181818182
198.175 16.14 0 0 "KDE QDA" 94 1500 3.62828282828283
201.315 16.14 0 0 "KDE QDA" 94 1500 3.63838383838384
204.26 16.145 0 0 "KDE QDA" 94 1500 3.64848484848485
214.105 16.5 0 0 "KDE QDA" 94 1500 3.65858585858586
215.285 16.51 0 0 "KDE QDA" 94 1500 3.66868686868687
215.295 16.74 0 0 "KDE QDA" 94 1500 3.67878787878788
215.335 16.785 0 0 "KDE QDA" 94 1500 3.68888888888889
217.855 16.85 0 0 "KDE QDA" 94 1500 3.6989898989899
223.52 16.85 0 0 "KDE QDA" 94 1500 3.70909090909091
223.535 16.905 0 0 "KDE QDA" 94 1500 3.71919191919192
223.685 16.905 0 0 "KDE QDA" 94 1500 3.72929292929293
224.29 16.905 0 0 "KDE QDA" 94 1500 3.73939393939394
224.59 16.91 0 0 "KDE QDA" 94 1500 3.74949494949495
224.85 16.91 0 0 "KDE QDA" 94 1500 3.75959595959596
224.92 16.91 0 0 "KDE QDA" 94 1500 3.76969696969697
224.965 16.915 0 0 "KDE QDA" 94 1500 3.77979797979798
247.57 17.385 0 0 "KDE QDA" 94 1500 3.78989898989899
247.57 17.42 0 0 "KDE QDA" 94 1500 3.8
