121.73 13.735 0 0 "KDE LDA" 129 800 2.4
122.54 13.74 0 0 "KDE LDA" 129 800 2.41010101010101
122.63 13.765 0 0 "KDE LDA" 129 800 2.42020202020202
123.285 13.785 0 0 "KDE LDA" 129 800 2.43030303030303
124.625 13.79 0 0 "KDE LDA" 129 800 2.44040404040404
124.785 13.81 0 0 "KDE LDA" 129 800 2.45050505050505
125.71 13.815 0 0 "KDE LDA" 129 800 2.46060606060606
125.735 13.82 0 0 "KDE LDA" 129 800 2.47070707070707
125.74 13.825 0 0 "KDE LDA" 129 800 2.48080808080808
125.74 13.855 0 0 "KDE LDA" 129 800 2.49090909090909
125.745 13.87 0 0 "KDE LDA" 129 800 2.5010101010101
126.6 13.89 0 0 "KDE LDA" 129 800 2.51111111111111
126.825 13.94 0 0 "KDE LDA" 129 800 2.52121212121212
132.445 14.245 0 0 "KDE LDA" 129 800 2.53131313131313
136.69 14.245 0 0 "KDE LDA" 129 800 2.54141414141414
137.81 14.285 0 0 "KDE LDA" 129 800 2.55151515151515
140.285 14.295 0 0 "KDE LDA" 129 800 2.56161616161616
141.79 14.3 0 0 "KDE LDA" 129 800 2.57171717171717
142.365 14.38 0 0 "KDE LDA" 129 800 2.58181818181818
142.365 14.41 0 0 "KDE LDA" 129 800 2.59191919191919
143.31 14.435 0 0 "KDE LDA" 129 800 2.6020202020202
143.31 14.515 0 0 "KDE LDA" 129 800 2.61212121212121
145.875 14.525 0 0 "KDE LDA" 129 800 2.62222222222222
147.72 14.695 0 0 "KDE LDA" 129 800 2.63232323232323
150.69 14.765 0 0 "KDE LDA" 129 800 2.64242424242424
151.47 14.865 0 0 "KDE LDA" 129 800 2.65252525252525
168.66 14.985 0 0 "KDE LDA" 129 800 2.66262626262626
181.675 15.675 0 0 "KDE LDA" 129 800 2.67272727272727
181.7 15.735 0 0 "KDE LDA" 129 800 2.68282828282828
184.375 15.88 0 0 "KDE LDA" 129 800 2.69292929292929
187.185 15.885 0 0 "KDE LDA" 129 800 2.7030303030303
192.05 15.93 0 0 "KDE LDA" 129 800 2.71313131313131
194.46 15.945 0 0 "KDE LDA" 129 800 2.72323232323232
194.985 16 0 0 "KDE LDA" 129 800 2.73333333333333
200.21 16.02 0 0 "KDE LDA" 129 800 2.74343434343434
205.155 16.05 0 0 "KDE LDA" 129 800 2.75353535353535
211.17 16.09 0 0 "KDE LDA" 129 800 2.76363636363636
212.495 16.105 0 0 "KDE LDA" 129 800 2.77373737373737
213.895 16.125 0 0 "KDE LDA" 129 800 2.78383838383838
223.615 16.245 0 0 "KDE LDA" 129 800 2.79393939393939
263.17 17.15 0 0 "KDE LDA" 129 800 2.8040404040404
263.175 17.26 0 0 "KDE LDA" 129 800 2.81414141414141
272.375 17.33 0 0 "KDE LDA" 129 800 2.82424242424242
272.375 17.345 0 0 "KDE LDA" 129 800 2.83434343434343
273.925 17.4 0 0 "KDE LDA" 129 800 2.84444444444444
274.075 17.405 0 0 "KDE LDA" 129 800 2.85454545454545
274.205 17.445 0 0 "KDE LDA" 129 800 2.86464646464646
278.25 17.71 0 0 "KDE LDA" 129 800 2.87474747474747
278.255 17.735 0 0 "KDE LDA" 129 800 2.88484848484848
284.355 17.755 0 0 "KDE LDA" 129 800 2.89494949494949
284.36 17.76 0 0 "KDE LDA" 129 800 2.90505050505051
285.2 17.76 0 0 "KDE LDA" 129 800 2.91515151515152
287.355 17.765 0 0 "KDE LDA" 129 800 2.92525252525253
287.515 17.88 0 0 "KDE LDA" 129 800 2.93535353535354
291.79 17.985 0 0 "KDE LDA" 129 800 2.94545454545455
292.61 18.03 0 0 "KDE LDA" 129 800 2.95555555555556
294.455 18.065 0 0 "KDE LDA" 129 800 2.96565656565657
295.67 18.07 0 0 "KDE LDA" 129 800 2.97575757575758
295.69 18.135 0 0 "KDE LDA" 129 800 2.98585858585859
296.545 18.16 0 0 "KDE LDA" 129 800 2.9959595959596
297.465 18.16 0 0 "KDE LDA" 129 800 3.00606060606061
299.41 18.18 0 0 "KDE LDA" 129 800 3.01616161616162
301.625 18.24 0 0 "KDE LDA" 129 800 3.02626262626263
303.845 18.245 0 0 "KDE LDA" 129 800 3.03636363636364
304.94 18.455 0 0 "KDE LDA" 129 800 3.04646464646465
307.4 18.545 0 0 "KDE LDA" 129 800 3.05656565656566
309.315 18.61 0 0 "KDE LDA" 129 800 3.06666666666667
309.745 18.69 0 0 "KDE LDA" 129 800 3.07676767676768
312.165 18.855 0 0 "KDE LDA" 129 800 3.08686868686869
318.275 19.29 0 0 "KDE LDA" 129 800 3.0969696969697
319.08 19.385 0 0 "KDE LDA" 129 800 3.10707070707071
322.635 19.425 0 0 "KDE LDA" 129 800 3.11717171717172
322.65 19.435 0 0 "KDE LDA" 129 800 3.12727272727273
322.68 19.46 0 0 "KDE LDA" 129 800 3.13737373737374
322.68 19.51 0 0 "KDE LDA" 129 800 3.14747474747475
324.15 19.555 0 0 "KDE LDA" 129 800 3.15757575757576
329.53 19.76 0 0 "KDE LDA" 129 800 3.16767676767677
332.03 19.785 0 0 "KDE LDA" 129 800 3.17777777777778
334.17 19.845 0 0 "KDE LDA" 129 800 3.18787878787879
337.675 19.95 0 0 "KDE LDA" 129 800 3.1979797979798
351.42 20.265 0 0 "KDE LDA" 129 800 3.20808080808081
363.355 20.36 0 0 "KDE LDA" 129 800 3.21818181818182
400.905 20.775 0 0 "KDE LDA" 129 800 3.22828282828283
401.955 20.805 0 0 "KDE LDA" 129 800 3.23838383838384
402.265 21.045 0 0 "KDE LDA" 129 800 3.24848484848485
407.6 21.055 0 0 "KDE LDA" 129 800 3.25858585858586
410.02 21.075 0 0 "KDE LDA" 129 800 3.26868686868687
410.04 21.1 0 0 "KDE LDA" 129 800 3.27878787878788
410.11 21.125 0 0 "KDE LDA" 129 800 3.28888888888889
413.695 21.365 0 0 "KDE LDA" 129 800 3.2989898989899
413.71 21.49 0 0 "KDE LDA" 129 800 3.30909090909091
413.745 21.515 0 0 "KDE LDA" 129 800 3.31919191919192
417.74 21.545 0 0 "KDE LDA" 129 800 3.32929292929293
420.88 21.65 0 0 "KDE LDA" 129 800 3.33939393939394
423.565 21.745 0 0 "KDE LDA" 129 800 3.34949494949495
505.745 22.695 0 0 "KDE LDA" 129 800 3.35959595959596
509.29 22.695 0 0 "KDE LDA" 129 800 3.36969696969697
512.18 22.76 0 0 "KDE LDA" 129 800 3.37979797979798
513.215 23.035 0 0 "KDE LDA" 129 800 3.38989898989899
518.835 23.035 0 0 "KDE LDA" 129 800 3.4
169.495 17.825 0 0 "KDE QDA" 129 800 4.3
173.645 17.83 0 0 "KDE QDA" 129 800 4.31010101010101
173.93 17.9 0 0 "KDE QDA" 129 800 4.32020202020202
173.99 17.925 0 0 "KDE QDA" 129 800 4.33030303030303
175.09 17.95 0 0 "KDE QDA" 129 800 4.34040404040404
177.44 18.32 0 0 "KDE QDA" 129 800 4.35050505050505
177.545 18.35 0 0 "KDE QDA" 129 800 4.36060606060606
179.59 18.385 0 0 "KDE QDA" 129 800 4.37070707070707
180.59 18.395 0 0 "KDE QDA" 129 800 4.38080808080808
180.825 18.41 0 0 "KDE QDA" 129 800 4.39090909090909
181.42 18.41 0 0 "KDE QDA" 129 800 4.4010101010101
182.245 18.425 0 0 "KDE QDA" 129 800 4.41111111111111
182.605 18.44 0 0 "KDE QDA" 129 800 4.42121212121212
184.905 18.445 0 0 "KDE QDA" 129 800 4.43131313131313
184.92 18.445 0 0 "KDE QDA" 129 800 4.44141414141414
185.305 18.455 0 0 "KDE QDA" 129 800 4.45151515151515
185.955 18.465 0 0 "KDE QDA" 129 800 4.46161616161616
187.07 18.56 0 0 "KDE QDA" 129 800 4.47171717171717
187.425 18.93 0 0 "KDE QDA" 129 800 4.48181818181818
187.44 18.94 0 0 "KDE QDA" 129 800 4.49191919191919
187.635 18.97 0 0 "KDE QDA" 129 800 4.5020202020202
190.585 19.035 0 0 "KDE QDA" 129 800 4.51212121212121
194.17 19.105 0 0 "KDE QDA" 129 800 4.52222222222222
197.275 19.165 0 0 "KDE QDA" 129 800 4.53232323232323
199.945 19.175 0 0 "KDE QDA" 129 800 4.54242424242424
201.73 19.18 0 0 "KDE QDA" 129 800 4.55252525252525
201.78 19.195 0 0 "KDE QDA" 129 800 4.56262626262626
201.785 19.22 0 0 "KDE QDA" 129 800 4.57272727272727
201.815 19.22 0 0 "KDE QDA" 129 800 4.58282828282828
203.12 19.245 0 0 "KDE QDA" 129 800 4.59292929292929
205.25 19.245 0 0 "KDE QDA" 129 800 4.6030303030303
205.3 19.29 0 0 "KDE QDA" 129 800 4.61313131313131
206.645 19.29 0 0 "KDE QDA" 129 800 4.62323232323232
207.78 19.31 0 0 "KDE QDA" 129 800 4.63333333333333
209.595 19.455 0 0 "KDE QDA" 129 800 4.64343434343434
210.925 19.465 0 0 "KDE QDA" 129 800 4.65353535353535
211.755 19.685 0 0 "KDE QDA" 129 800 4.66363636363636
211.775 19.685 0 0 "KDE QDA" 129 800 4.67373737373737
213.015 19.715 0 0 "KDE QDA" 129 800 4.68383838383838
213.03 19.72 0 0 "KDE QDA" 129 800 4.69393939393939
216.705 19.735 0 0 "KDE QDA" 129 800 4.7040404040404
217.53 19.755 0 0 "KDE QDA" 129 800 4.71414141414141
217.535 19.775 0 0 "KDE QDA" 129 800 4.72424242424242
218.515 19.8 0 0 "KDE QDA" 129 800 4.73434343434343
218.535 19.825 0 0 "KDE QDA" 129 800 4.74444444444444
218.585 19.835 0 0 "KDE QDA" 129 800 4.75454545454545
226.13 19.905 0 0 "KDE QDA" 129 800 4.76464646464646
230.785 20.255 0 0 "KDE QDA" 129 800 4.77474747474747
231.36 20.35 0 0 "KDE QDA" 129 800 4.78484848484849
231.465 20.36 0 0 "KDE QDA" 129 800 4.79494949494949
231.47 20.385 0 0 "KDE QDA" 129 800 4.80505050505051
232.925 20.43 0 0 "KDE QDA" 129 800 4.81515151515152
233.575 20.435 0 0 "KDE QDA" 129 800 4.82525252525252
234.435 20.45 0 0 "KDE QDA" 129 800 4.83535353535354
235.61 20.455 0 0 "KDE QDA" 129 800 4.84545454545455
236.295 20.46 0 0 "KDE QDA" 129 800 4.85555555555556
239.055 20.505 0 0 "KDE QDA" 129 800 4.86565656565657
240.285 20.51 0 0 "KDE QDA" 129 800 4.87575757575758
240.305 20.52 0 0 "KDE QDA" 129 800 4.88585858585859
240.37 20.535 0 0 "KDE QDA" 129 800 4.8959595959596
243.26 20.835 0 0 "KDE QDA" 129 800 4.90606060606061
243.275 20.84 0 0 "KDE QDA" 129 800 4.91616161616162
245.96 20.865 0 0 "KDE QDA" 129 800 4.92626262626263
246.275 20.93 0 0 "KDE QDA" 129 800 4.93636363636364
248.505 20.985 0 0 "KDE QDA" 129 800 4.94646464646465
248.665 20.985 0 0 "KDE QDA" 129 800 4.95656565656566
248.68 20.99 0 0 "KDE QDA" 129 800 4.96666666666667
250.41 21 0 0 "KDE QDA" 129 800 4.97676767676768
250.885 21.005 0 0 "KDE QDA" 129 800 4.98686868686869
250.945 21.01 0 0 "KDE QDA" 129 800 4.9969696969697
252.115 21.01 0 0 "KDE QDA" 129 800 5.00707070707071
252.14 21.065 0 0 "KDE QDA" 129 800 5.01717171717172
258.685 21.115 0 0 "KDE QDA" 129 800 5.02727272727273
266.125 21.325 0 0 "KDE QDA" 129 800 5.03737373737374
266.125 21.345 0 0 "KDE QDA" 129 800 5.04747474747475
267.395 21.415 0 0 "KDE QDA" 129 800 5.05757575757576
267.81 21.46 0 0 "KDE QDA" 129 800 5.06767676767677
267.82 21.46 0 0 "KDE QDA" 129 800 5.07777777777778
267.855 21.485 0 0 "KDE QDA" 129 800 5.08787878787879
271.75 21.5 0 0 "KDE QDA" 129 800 5.0979797979798
271.765 21.555 0 0 "KDE QDA" 129 800 5.10808080808081
272.17 21.565 0 0 "KDE QDA" 129 800 5.11818181818182
275.445 21.63 0 0 "KDE QDA" 129 800 5.12828282828283
278.98 21.64 0 0 "KDE QDA" 129 800 5.13838383838384
281.655 21.655 0 0 "KDE QDA" 129 800 5.14848484848485
281.67 21.66 0 0 "KDE QDA" 129 800 5.15858585858586
281.67 21.675 0 0 "KDE QDA" 129 800 5.16868686868687
281.865 21.68 0 0 "KDE QDA" 129 800 5.17878787878788
281.955 21.685 0 0 "KDE QDA" 129 800 5.18888888888889
284.265 21.87 0 0 "KDE QDA" 129 800 5.1989898989899
286.28 21.925 0 0 "KDE QDA" 129 800 5.20909090909091
288.205 21.945 0 0 "KDE QDA" 129 800 5.21919191919192
288.26 22.035 0 0 "KDE QDA" 129 800 5.22929292929293
290.085 22.085 0 0 "KDE QDA" 129 800 5.23939393939394
293.425 22.11 0 0 "KDE QDA" 129 800 5.24949494949495
296.525 22.115 0 0 "KDE QDA" 129 800 5.25959595959596
296.53 22.125 0 0 "KDE QDA" 129 800 5.26969696969697
296.84 22.13 0 0 "KDE QDA" 129 800 5.27979797979798
296.875 22.13 0 0 "KDE QDA" 129 800 5.28989898989899
296.895 22.14 0 0 "KDE QDA" 129 800 5.3
