130.665 15.195 0 0 "KDE LDA" 11 800 2.4
130.685 15.23 0 0 "KDE LDA" 11 800 2.41010101010101
130.69 15.44 0 0 "KDE LDA" 11 800 2.42020202020202
131.23 15.455 0 0 "KDE LDA" 11 800 2.43030303030303
131.455 15.48 0 0 "KDE LDA" 11 800 2.44040404040404
131.455 15.5 0 0 "KDE LDA" 11 800 2.45050505050505
132.915 15.685 0 0 "KDE LDA" 11 800 2.46060606060606
134.16 15.855 0 0 "KDE LDA" 11 800 2.47070707070707
134.205 15.89 0 0 "KDE LDA" 11 800 2.48080808080808
135.51 15.895 0 0 "KDE LDA" 11 800 2.49090909090909
135.53 15.905 0 0 "KDE LDA" 11 800 2.5010101010101
135.715 15.91 0 0 "KDE LDA" 11 800 2.51111111111111
137.3 15.92 0 0 "KDE LDA" 11 800 2.52121212121212
142.51 16.06 0 0 "KDE LDA" 11 800 2.53131313131313
143.43 16.165 0 0 "KDE LDA" 11 800 2.54141414141414
143.515 16.165 0 0 "KDE LDA" 11 800 2.55151515151515
145.54 16.19 0 0 "KDE LDA" 11 800 2.56161616161616
146.575 16.36 0 0 "KDE LDA" 11 800 2.57171717171717
152.225 16.38 0 0 "KDE LDA" 11 800 2.58181818181818
152.68 16.45 0 0 "KDE LDA" 11 800 2.59191919191919
154.895 16.47 0 0 "KDE LDA" 11 800 2.6020202020202
155.805 16.475 0 0 "KDE LDA" 11 800 2.61212121212121
156.145 16.475 0 0 "KDE LDA" 11 800 2.62222222222222
156.145 16.52 0 0 "KDE LDA" 11 800 2.63232323232323
159.93 16.655 0 0 "KDE LDA" 11 800 2.64242424242424
160.765 16.775 0 0 "KDE LDA" 11 800 2.65252525252525
162.65 16.945 0 0 "KDE LDA" 11 800 2.66262626262626
180.795 17.33 0 0 "KDE LDA" 11 800 2.67272727272727
181.835 17.34 0 0 "KDE LDA" 11 800 2.68282828282828
182.21 17.415 0 0 "KDE LDA" 11 800 2.69292929292929
182.21 17.43 0 0 "KDE LDA" 11 800 2.7030303030303
182.43 17.46 0 0 "KDE LDA" 11 800 2.71313131313131
182.44 17.525 0 0 "KDE LDA" 11 800 2.72323232323232
185.85 17.56 0 0 "KDE LDA" 11 800 2.73333333333333
186.58 17.685 0 0 "KDE LDA" 11 800 2.74343434343434
187.305 17.85 0 0 "KDE LDA" 11 800 2.75353535353535
192.26 17.97 0 0 "KDE LDA" 11 800 2.76363636363636
197.275 18.04 0 0 "KDE LDA" 11 800 2.77373737373737
199.47 18.065 0 0 "KDE LDA" 11 800 2.78383838383838
213.3 18.25 0 0 "KDE LDA" 11 800 2.79393939393939
244.175 18.955 0 0 "KDE LDA" 11 800 2.8040404040404
244.22 19.01 0 0 "KDE LDA" 11 800 2.81414141414141
245.91 19.075 0 0 "KDE LDA" 11 800 2.82424242424242
246.94 19.075 0 0 "KDE LDA" 11 800 2.83434343434343
247.19 19.09 0 0 "KDE LDA" 11 800 2.84444444444444
251.68 19.115 0 0 "KDE LDA" 11 800 2.85454545454545
253.935 19.14 0 0 "KDE LDA" 11 800 2.86464646464646
262.18 19.15 0 0 "KDE LDA" 11 800 2.87474747474747
262.22 19.18 0 0 "KDE LDA" 11 800 2.88484848484848
262.235 19.18 0 0 "KDE LDA" 11 800 2.89494949494949
266.62 19.25 0 0 "KDE LDA" 11 800 2.90505050505051
269.66 19.29 0 0 "KDE LDA" 11 800 2.91515151515152
273.1 19.51 0 0 "KDE LDA" 11 800 2.92525252525253
283.645 19.515 0 0 "KDE LDA" 11 800 2.93535353535354
284.06 19.565 0 0 "KDE LDA" 11 800 2.94545454545455
288.105 19.99 0 0 "KDE LDA" 11 800 2.95555555555556
290.725 20.36 0 0 "KDE LDA" 11 800 2.96565656565657
290.73 20.38 0 0 "KDE LDA" 11 800 2.97575757575758
293.935 20.49 0 0 "KDE LDA" 11 800 2.98585858585859
293.935 20.56 0 0 "KDE LDA" 11 800 2.9959595959596
298.845 20.595 0 0 "KDE LDA" 11 800 3.00606060606061
298.85 20.61 0 0 "KDE LDA" 11 800 3.01616161616162
301.43 20.62 0 0 "KDE LDA" 11 800 3.02626262626263
302.075 20.68 0 0 "KDE LDA" 11 800 3.03636363636364
306.84 20.825 0 0 "KDE LDA" 11 800 3.04646464646465
307.86 20.855 0 0 "KDE LDA" 11 800 3.05656565656566
309.51 20.87 0 0 "KDE LDA" 11 800 3.06666666666667
318.915 20.95 0 0 "KDE LDA" 11 800 3.07676767676768
319.01 21.02 0 0 "KDE LDA" 11 800 3.08686868686869
329.775 21.405 0 0 "KDE LDA" 11 800 3.0969696969697
332.97 21.415 0 0 "KDE LDA" 11 800 3.10707070707071
333.165 21.46 0 0 "KDE LDA" 11 800 3.11717171717172
337.24 21.58 0 0 "KDE LDA" 11 800 3.12727272727273
339.135 21.77 0 0 "KDE LDA" 11 800 3.13737373737374
339.455 22.24 0 0 "KDE LDA" 11 800 3.14747474747475
340.72 22.325 0 0 "KDE LDA" 11 800 3.15757575757576
341.125 22.335 0 0 "KDE LDA" 11 800 3.16767676767677
342.345 22.395 0 0 "KDE LDA" 11 800 3.17777777777778
343.635 22.485 0 0 "KDE LDA" 11 800 3.18787878787879
345.285 22.495 0 0 "KDE LDA" 11 800 3.1979797979798
356.605 22.79 0 0 "KDE LDA" 11 800 3.20808080808081
362 23.065 0 0 "KDE LDA" 11 800 3.21818181818182
390.595 23.385 0 0 "KDE LDA" 11 800 3.22828282828283
392.385 23.53 0 0 "KDE LDA" 11 800 3.23838383838384
397.505 23.535 0 0 "KDE LDA" 11 800 3.24848484848485
399.75 23.6 0 0 "KDE LDA" 11 800 3.25858585858586
407.465 23.71 0 0 "KDE LDA" 11 800 3.26868686868687
416.37 23.73 0 0 "KDE LDA" 11 800 3.27878787878788
423.03 23.74 0 0 "KDE LDA" 11 800 3.28888888888889
425.995 23.75 0 0 "KDE LDA" 11 800 3.2989898989899
431.77 24.185 0 0 "KDE LDA" 11 800 3.30909090909091
438.395 24.46 0 0 "KDE LDA" 11 800 3.31919191919192
443.585 24.585 0 0 "KDE LDA" 11 800 3.32929292929293
447.515 24.635 0 0 "KDE LDA" 11 800 3.33939393939394
462.405 24.94 0 0 "KDE LDA" 11 800 3.34949494949495
554.665 25.16 0 0 "KDE LDA" 11 800 3.35959595959596
554.895 25.175 0 0 "KDE LDA" 11 800 3.36969696969697
562 25.56 0 0 "KDE LDA" 11 800 3.37979797979798
564.195 25.57 0 0 "KDE LDA" 11 800 3.38989898989899
569.735 25.6 0 0 "KDE LDA" 11 800 3.4
229.735 18.975 0 0 "KDE QDA" 11 800 4.3
229.735 19.025 0 0 "KDE QDA" 11 800 4.31010101010101
230.615 19.08 0 0 "KDE QDA" 11 800 4.32020202020202
235.335 19.12 0 0 "KDE QDA" 11 800 4.33030303030303
236.24 19.195 0 0 "KDE QDA" 11 800 4.34040404040404
245.035 19.46 0 0 "KDE QDA" 11 800 4.35050505050505
246.305 19.535 0 0 "KDE QDA" 11 800 4.36060606060606
246.455 19.65 0 0 "KDE QDA" 11 800 4.37070707070707
246.475 19.66 0 0 "KDE QDA" 11 800 4.38080808080808
250.145 19.745 0 0 "KDE QDA" 11 800 4.39090909090909
253.4 19.745 0 0 "KDE QDA" 11 800 4.4010101010101
256.145 19.75 0 0 "KDE QDA" 11 800 4.41111111111111
257.98 19.8 0 0 "KDE QDA" 11 800 4.42121212121212
262.52 19.805 0 0 "KDE QDA" 11 800 4.43131313131313
262.605 19.82 0 0 "KDE QDA" 11 800 4.44141414141414
263.9 19.825 0 0 "KDE QDA" 11 800 4.45151515151515
269.7 19.85 0 0 "KDE QDA" 11 800 4.46161616161616
273.46 19.88 0 0 "KDE QDA" 11 800 4.47171717171717
279.145 20.11 0 0 "KDE QDA" 11 800 4.48181818181818
280.13 20.11 0 0 "KDE QDA" 11 800 4.49191919191919
282.59 20.11 0 0 "KDE QDA" 11 800 4.5020202020202
289.335 20.155 0 0 "KDE QDA" 11 800 4.51212121212121
290.32 20.165 0 0 "KDE QDA" 11 800 4.52222222222222
290.38 20.185 0 0 "KDE QDA" 11 800 4.53232323232323
290.385 20.21 0 0 "KDE QDA" 11 800 4.54242424242424
291.43 20.265 0 0 "KDE QDA" 11 800 4.55252525252525
294.215 20.34 0 0 "KDE QDA" 11 800 4.56262626262626
294.33 20.35 0 0 "KDE QDA" 11 800 4.57272727272727
295.63 20.405 0 0 "KDE QDA" 11 800 4.58282828282828
298.68 20.52 0 0 "KDE QDA" 11 800 4.59292929292929
298.69 20.55 0 0 "KDE QDA" 11 800 4.6030303030303
298.7 20.565 0 0 "KDE QDA" 11 800 4.61313131313131
301.185 20.57 0 0 "KDE QDA" 11 800 4.62323232323232
301.22 20.61 0 0 "KDE QDA" 11 800 4.63333333333333
304.475 20.885 0 0 "KDE QDA" 11 800 4.64343434343434
304.5 20.885 0 0 "KDE QDA" 11 800 4.65353535353535
307.675 20.985 0 0 "KDE QDA" 11 800 4.66363636363636
308.08 21.035 0 0 "KDE QDA" 11 800 4.67373737373737
309.635 21.055 0 0 "KDE QDA" 11 800 4.68383838383838
309.68 21.065 0 0 "KDE QDA" 11 800 4.69393939393939
309.74 21.07 0 0 "KDE QDA" 11 800 4.7040404040404
312.21 21.085 0 0 "KDE QDA" 11 800 4.71414141414141
318.445 21.095 0 0 "KDE QDA" 11 800 4.72424242424242
328.71 21.115 0 0 "KDE QDA" 11 800 4.73434343434343
328.755 21.12 0 0 "KDE QDA" 11 800 4.74444444444444
331.06 21.13 0 0 "KDE QDA" 11 800 4.75454545454545
331.655 21.16 0 0 "KDE QDA" 11 800 4.76464646464646
335.075 21.315 0 0 "KDE QDA" 11 800 4.77474747474747
338.115 21.36 0 0 "KDE QDA" 11 800 4.78484848484849
343.765 21.395 0 0 "KDE QDA" 11 800 4.79494949494949
344.635 21.52 0 0 "KDE QDA" 11 800 4.80505050505051
344.825 21.525 0 0 "KDE QDA" 11 800 4.81515151515152
344.875 21.555 0 0 "KDE QDA" 11 800 4.82525252525252
344.965 21.61 0 0 "KDE QDA" 11 800 4.83535353535354
347.68 21.675 0 0 "KDE QDA" 11 800 4.84545454545455
348.14 21.68 0 0 "KDE QDA" 11 800 4.85555555555556
349.22 21.69 0 0 "KDE QDA" 11 800 4.86565656565657
349.835 21.695 0 0 "KDE QDA" 11 800 4.87575757575758
349.845 21.725 0 0 "KDE QDA" 11 800 4.88585858585859
354.515 21.79 0 0 "KDE QDA" 11 800 4.8959595959596
358.43 22 0 0 "KDE QDA" 11 800 4.90606060606061
358.58 22.03 0 0 "KDE QDA" 11 800 4.91616161616162
358.585 22.05 0 0 "KDE QDA" 11 800 4.92626262626263
358.705 22.18 0 0 "KDE QDA" 11 800 4.93636363636364
360.145 22.195 0 0 "KDE QDA" 11 800 4.94646464646465
365.63 22.205 0 0 "KDE QDA" 11 800 4.95656565656566
367.335 22.215 0 0 "KDE QDA" 11 800 4.96666666666667
367.385 22.22 0 0 "KDE QDA" 11 800 4.97676767676768
367.42 22.225 0 0 "KDE QDA" 11 800 4.98686868686869
369.085 22.255 0 0 "KDE QDA" 11 800 4.9969696969697
370.13 22.255 0 0 "KDE QDA" 11 800 5.00707070707071
370.825 22.305 0 0 "KDE QDA" 11 800 5.01717171717172
370.895 22.345 0 0 "KDE QDA" 11 800 5.02727272727273
384.695 22.525 0 0 "KDE QDA" 11 800 5.03737373737374
385.675 22.53 0 0 "KDE QDA" 11 800 5.04747474747475
385.705 22.545 0 0 "KDE QDA" 11 800 5.05757575757576
398.075 22.605 0 0 "KDE QDA" 11 800 5.06767676767677
400.905 22.625 0 0 "KDE QDA" 11 800 5.07777777777778
401.69 22.685 0 0 "KDE QDA" 11 800 5.08787878787879
402.85 22.69 0 0 "KDE QDA" 11 800 5.0979797979798
402.9 22.72 0 0 "KDE QDA" 11 800 5.10808080808081
403.915 22.895 0 0 "KDE QDA" 11 800 5.11818181818182
406.085 22.935 0 0 "KDE QDA" 11 800 5.12828282828283
406.185 22.945 0 0 "KDE QDA" 11 800 5.13838383838384
406.86 22.98 0 0 "KDE QDA" 11 800 5.14848484848485
410.4 22.985 0 0 "KDE QDA" 11 800 5.15858585858586
411.72 23.01 0 0 "KDE QDA" 11 800 5.16868686868687
417.13 23.03 0 0 "KDE QDA" 11 800 5.17878787878788
417.2 23.045 0 0 "KDE QDA" 11 800 5.18888888888889
421.565 23.395 0 0 "KDE QDA" 11 800 5.1989898989899
433.215 23.415 0 0 "KDE QDA" 11 800 5.20909090909091
434.495 23.415 0 0 "KDE QDA" 11 800 5.21919191919192
435.585 23.44 0 0 "KDE QDA" 11 800 5.22929292929293
445.235 23.48 0 0 "KDE QDA" 11 800 5.23939393939394
445.345 23.5 0 0 "KDE QDA" 11 800 5.24949494949495
445.345 23.6 0 0 "KDE QDA" 11 800 5.25959595959596
445.755 23.605 0 0 "KDE QDA" 11 800 5.26969696969697
446.33 23.64 0 0 "KDE QDA" 11 800 5.27979797979798
446.37 23.66 0 0 "KDE QDA" 11 800 5.28989898989899
446.485 23.675 0 0 "KDE QDA" 11 800 5.3
