142.695 14.46 0 0 "KDE LDA" 137 3000 2.5
144.395 14.48 0 0 "KDE LDA" 137 3000 2.51010101010101
144.865 14.52 0 0 "KDE LDA" 137 3000 2.52020202020202
151.305 14.655 0 0 "KDE LDA" 137 3000 2.53030303030303
156.08 14.835 0 0 "KDE LDA" 137 3000 2.54040404040404
156.22 14.84 0 0 "KDE LDA" 137 3000 2.55050505050505
157.94 14.865 0 0 "KDE LDA" 137 3000 2.56060606060606
158.21 14.885 0 0 "KDE LDA" 137 3000 2.57070707070707
159.69 14.895 0 0 "KDE LDA" 137 3000 2.58080808080808
159.84 15.06 0 0 "KDE LDA" 137 3000 2.59090909090909
159.88 15.06 0 0 "KDE LDA" 137 3000 2.6010101010101
160.77 15.075 0 0 "KDE LDA" 137 3000 2.61111111111111
160.98 15.295 0 0 "KDE LDA" 137 3000 2.62121212121212
163.285 15.4 0 0 "KDE LDA" 137 3000 2.63131313131313
167.675 15.515 0 0 "KDE LDA" 137 3000 2.64141414141414
179.725 15.595 0 0 "KDE LDA" 137 3000 2.65151515151515
182.1 15.855 0 0 "KDE LDA" 137 3000 2.66161616161616
189.205 15.96 0 0 "KDE LDA" 137 3000 2.67171717171717
189.21 15.97 0 0 "KDE LDA" 137 3000 2.68181818181818
189.22 16.035 0 0 "KDE LDA" 137 3000 2.69191919191919
189.295 16.065 0 0 "KDE LDA" 137 3000 2.7020202020202
189.845 16.07 0 0 "KDE LDA" 137 3000 2.71212121212121
195.35 16.11 0 0 "KDE LDA" 137 3000 2.72222222222222
196.945 16.19 0 0 "KDE LDA" 137 3000 2.73232323232323
196.995 16.455 0 0 "KDE LDA" 137 3000 2.74242424242424
198.905 16.575 0 0 "KDE LDA" 137 3000 2.75252525252525
200.04 16.6 0 0 "KDE LDA" 137 3000 2.76262626262626
204.625 16.69 0 0 "KDE LDA" 137 3000 2.77272727272727
209.525 16.83 0 0 "KDE LDA" 137 3000 2.78282828282828
225.095 16.985 0 0 "KDE LDA" 137 3000 2.79292929292929
252.855 17.475 0 0 "KDE LDA" 137 3000 2.8030303030303
252.855 17.49 0 0 "KDE LDA" 137 3000 2.81313131313131
253.475 17.57 0 0 "KDE LDA" 137 3000 2.82323232323232
255.23 17.63 0 0 "KDE LDA" 137 3000 2.83333333333333
256.12 17.72 0 0 "KDE LDA" 137 3000 2.84343434343434
257.45 17.765 0 0 "KDE LDA" 137 3000 2.85353535353535
259.33 17.775 0 0 "KDE LDA" 137 3000 2.86363636363636
261.43 17.82 0 0 "KDE LDA" 137 3000 2.87373737373737
261.43 17.86 0 0 "KDE LDA" 137 3000 2.88383838383838
264.93 17.87 0 0 "KDE LDA" 137 3000 2.89393939393939
265.215 17.875 0 0 "KDE LDA" 137 3000 2.9040404040404
265.215 17.89 0 0 "KDE LDA" 137 3000 2.91414141414141
266.395 17.905 0 0 "KDE LDA" 137 3000 2.92424242424242
268.25 17.94 0 0 "KDE LDA" 137 3000 2.93434343434343
269.595 17.99 0 0 "KDE LDA" 137 3000 2.94444444444444
272.81 18.035 0 0 "KDE LDA" 137 3000 2.95454545454545
274.725 18.05 0 0 "KDE LDA" 137 3000 2.96464646464646
274.87 18.095 0 0 "KDE LDA" 137 3000 2.97474747474747
275.935 18.145 0 0 "KDE LDA" 137 3000 2.98484848484848
275.96 18.16 0 0 "KDE LDA" 137 3000 2.99494949494949
275.975 18.245 0 0 "KDE LDA" 137 3000 3.00505050505051
280.345 18.385 0 0 "KDE LDA" 137 3000 3.01515151515152
281.83 18.39 0 0 "KDE LDA" 137 3000 3.02525252525253
284.07 18.4 0 0 "KDE LDA" 137 3000 3.03535353535354
286.51 18.415 0 0 "KDE LDA" 137 3000 3.04545454545455
288.79 18.425 0 0 "KDE LDA" 137 3000 3.05555555555556
288.81 18.43 0 0 "KDE LDA" 137 3000 3.06565656565657
289.89 18.48 0 0 "KDE LDA" 137 3000 3.07575757575758
292.655 18.505 0 0 "KDE LDA" 137 3000 3.08585858585859
301.215 18.545 0 0 "KDE LDA" 137 3000 3.0959595959596
301.22 18.635 0 0 "KDE LDA" 137 3000 3.10606060606061
301.265 18.67 0 0 "KDE LDA" 137 3000 3.11616161616162
302.255 18.7 0 0 "KDE LDA" 137 3000 3.12626262626263
302.275 18.73 0 0 "KDE LDA" 137 3000 3.13636363636364
302.875 18.78 0 0 "KDE LDA" 137 3000 3.14646464646465
305 18.955 0 0 "KDE LDA" 137 3000 3.15656565656566
309.12 18.98 0 0 "KDE LDA" 137 3000 3.16666666666667
312.995 19.15 0 0 "KDE LDA" 137 3000 3.17676767676768
314.575 19.175 0 0 "KDE LDA" 137 3000 3.18686868686869
321.64 19.205 0 0 "KDE LDA" 137 3000 3.1969696969697
321.78 19.37 0 0 "KDE LDA" 137 3000 3.20707070707071
340.845 19.43 0 0 "KDE LDA" 137 3000 3.21717171717172
360.42 20.055 0 0 "KDE LDA" 137 3000 3.22727272727273
360.565 20.09 0 0 "KDE LDA" 137 3000 3.23737373737374
364.81 20.1 0 0 "KDE LDA" 137 3000 3.24747474747475
365.685 20.145 0 0 "KDE LDA" 137 3000 3.25757575757576
365.715 20.435 0 0 "KDE LDA" 137 3000 3.26767676767677
374.81 20.485 0 0 "KDE LDA" 137 3000 3.27777777777778
381.165 20.745 0 0 "KDE LDA" 137 3000 3.28787878787879
384.865 20.91 0 0 "KDE LDA" 137 3000 3.2979797979798
385.36 20.93 0 0 "KDE LDA" 137 3000 3.30808080808081
385.985 21.025 0 0 "KDE LDA" 137 3000 3.31818181818182
387.48 21.06 0 0 "KDE LDA" 137 3000 3.32828282828283
390.895 21.135 0 0 "KDE LDA" 137 3000 3.33838383838384
395 21.265 0 0 "KDE LDA" 137 3000 3.34848484848485
422.135 22.095 0 0 "KDE LDA" 137 3000 3.35858585858586
434.97 22.185 0 0 "KDE LDA" 137 3000 3.36868686868687
440.1 22.19 0 0 "KDE LDA" 137 3000 3.37878787878788
442 22.2 0 0 "KDE LDA" 137 3000 3.38888888888889
444.58 22.225 0 0 "KDE LDA" 137 3000 3.3989898989899
447.39 22.345 0 0 "KDE LDA" 137 3000 3.40909090909091
447.395 22.35 0 0 "KDE LDA" 137 3000 3.41919191919192
447.99 22.385 0 0 "KDE LDA" 137 3000 3.42929292929293
447.995 22.385 0 0 "KDE LDA" 137 3000 3.43939393939394
453.735 22.52 0 0 "KDE LDA" 137 3000 3.44949494949495
458.47 22.57 0 0 "KDE LDA" 137 3000 3.45959595959596
461.1 22.645 0 0 "KDE LDA" 137 3000 3.46969696969697
469.52 22.68 0 0 "KDE LDA" 137 3000 3.47979797979798
475.24 22.745 0 0 "KDE LDA" 137 3000 3.48989898989899
482.615 22.965 0 0 "KDE LDA" 137 3000 3.5
116.285 12.36 0 0 "KDE QDA" 137 3000 2.7
116.285 12.36 0 0 "KDE QDA" 137 3000 2.71010101010101
117.425 12.37 0 0 "KDE QDA" 137 3000 2.72020202020202
117.425 12.37 0 0 "KDE QDA" 137 3000 2.73030303030303
117.425 12.375 0 0 "KDE QDA" 137 3000 2.74040404040404
118.06 12.375 0 0 "KDE QDA" 137 3000 2.75050505050505
118.06 12.38 0 0 "KDE QDA" 137 3000 2.76060606060606
118.06 12.38 0 0 "KDE QDA" 137 3000 2.77070707070707
118.355 12.385 0 0 "KDE QDA" 137 3000 2.78080808080808
118.665 12.385 0 0 "KDE QDA" 137 3000 2.79090909090909
142.395 13.395 0 0 "KDE QDA" 137 3000 2.8010101010101
142.4 13.395 0 0 "KDE QDA" 137 3000 2.81111111111111
142.4 13.395 0 0 "KDE QDA" 137 3000 2.82121212121212
150.05 13.61 0 0 "KDE QDA" 137 3000 2.83131313131313
150.055 13.615 0 0 "KDE QDA" 137 3000 2.84141414141414
150.165 13.615 0 0 "KDE QDA" 137 3000 2.85151515151515
151.82 13.615 0 0 "KDE QDA" 137 3000 2.86161616161616
151.82 13.655 0 0 "KDE QDA" 137 3000 2.87171717171717
151.835 13.655 0 0 "KDE QDA" 137 3000 2.88181818181818
151.835 13.655 0 0 "KDE QDA" 137 3000 2.89191919191919
151.835 13.66 0 0 "KDE QDA" 137 3000 2.9020202020202
151.845 13.66 0 0 "KDE QDA" 137 3000 2.91212121212121
151.845 13.705 0 0 "KDE QDA" 137 3000 2.92222222222222
151.845 13.705 0 0 "KDE QDA" 137 3000 2.93232323232323
151.845 13.705 0 0 "KDE QDA" 137 3000 2.94242424242424
151.86 13.735 0 0 "KDE QDA" 137 3000 2.95252525252525
159.265 13.92 0 0 "KDE QDA" 137 3000 2.96262626262626
159.805 13.92 0 0 "KDE QDA" 137 3000 2.97272727272727
159.805 13.95 0 0 "KDE QDA" 137 3000 2.98282828282828
160.88 13.955 0 0 "KDE QDA" 137 3000 2.99292929292929
160.885 13.965 0 0 "KDE QDA" 137 3000 3.0030303030303
161.76 14.04 0 0 "KDE QDA" 137 3000 3.01313131313131
161.76 14.04 0 0 "KDE QDA" 137 3000 3.02323232323232
161.76 14.045 0 0 "KDE QDA" 137 3000 3.03333333333333
161.76 14.045 0 0 "KDE QDA" 137 3000 3.04343434343434
161.76 14.05 0 0 "KDE QDA" 137 3000 3.05353535353535
161.76 14.055 0 0 "KDE QDA" 137 3000 3.06363636363636
163.14 14.055 0 0 "KDE QDA" 137 3000 3.07373737373737
163.22 14.06 0 0 "KDE QDA" 137 3000 3.08383838383838
181.38 14.34 0 0 "KDE QDA" 137 3000 3.09393939393939
181.385 14.385 0 0 "KDE QDA" 137 3000 3.1040404040404
181.5 14.385 0 0 "KDE QDA" 137 3000 3.11414141414141
182.355 14.43 0 0 "KDE QDA" 137 3000 3.12424242424242
183.76 14.43 0 0 "KDE QDA" 137 3000 3.13434343434343
183.76 14.465 0 0 "KDE QDA" 137 3000 3.14444444444444
183.765 14.47 0 0 "KDE QDA" 137 3000 3.15454545454545
183.765 14.47 0 0 "KDE QDA" 137 3000 3.16464646464646
183.765 14.495 0 0 "KDE QDA" 137 3000 3.17474747474748
183.765 14.495 0 0 "KDE QDA" 137 3000 3.18484848484849
183.81 14.495 0 0 "KDE QDA" 137 3000 3.19494949494949
183.81 14.51 0 0 "KDE QDA" 137 3000 3.20505050505051
183.81 14.525 0 0 "KDE QDA" 137 3000 3.21515151515152
216.12 15.19 0 0 "KDE QDA" 137 3000 3.22525252525253
217.22 15.215 0 0 "KDE QDA" 137 3000 3.23535353535354
217.235 15.215 0 0 "KDE QDA" 137 3000 3.24545454545455
219.36 15.31 0 0 "KDE QDA" 137 3000 3.25555555555556
219.385 15.31 0 0 "KDE QDA" 137 3000 3.26565656565657
221.44 15.335 0 0 "KDE QDA" 137 3000 3.27575757575758
221.44 15.34 0 0 "KDE QDA" 137 3000 3.28585858585859
221.44 15.34 0 0 "KDE QDA" 137 3000 3.2959595959596
221.445 15.405 0 0 "KDE QDA" 137 3000 3.30606060606061
224.81 15.415 0 0 "KDE QDA" 137 3000 3.31616161616162
226.6 15.415 0 0 "KDE QDA" 137 3000 3.32626262626263
226.6 15.415 0 0 "KDE QDA" 137 3000 3.33636363636364
226.615 15.43 0 0 "KDE QDA" 137 3000 3.34646464646465
226.63 15.44 0 0 "KDE QDA" 137 3000 3.35656565656566
250.58 16.1 0 0 "KDE QDA" 137 3000 3.36666666666667
250.71 16.11 0 0 "KDE QDA" 137 3000 3.37676767676768
262.575 16.52 0 0 "KDE QDA" 137 3000 3.38686868686869
264.375 16.525 0 0 "KDE QDA" 137 3000 3.3969696969697
266.61 16.525 0 0 "KDE QDA" 137 3000 3.40707070707071
267.315 16.54 0 0 "KDE QDA" 137 3000 3.41717171717172
267.315 16.545 0 0 "KDE QDA" 137 3000 3.42727272727273
267.815 16.55 0 0 "KDE QDA" 137 3000 3.43737373737374
269.245 16.55 0 0 "KDE QDA" 137 3000 3.44747474747475
269.28 16.56 0 0 "KDE QDA" 137 3000 3.45757575757576
269.305 16.57 0 0 "KDE QDA" 137 3000 3.46767676767677
269.305 16.57 0 0 "KDE QDA" 137 3000 3.47777777777778
269.355 16.57 0 0 "KDE QDA" 137 3000 3.48787878787879
269.355 16.57 0 0 "KDE QDA" 137 3000 3.4979797979798
269.36 16.57 0 0 "KDE QDA" 137 3000 3.50808080808081
288.31 16.68 0 0 "KDE QDA" 137 3000 3.51818181818182
289.365 16.785 0 0 "KDE QDA" 137 3000 3.52828282828283
289.365 16.79 0 0 "KDE QDA" 137 3000 3.53838383838384
290.13 16.825 0 0 "KDE QDA" 137 3000 3.54848484848485
290.24 16.845 0 0 "KDE QDA" 137 3000 3.55858585858586
290.45 16.845 0 0 "KDE QDA" 137 3000 3.56868686868687
290.455 16.845 0 0 "KDE QDA" 137 3000 3.57878787878788
290.455 16.85 0 0 "KDE QDA" 137 3000 3.58888888888889
291.15 16.915 0 0 "KDE QDA" 137 3000 3.5989898989899
292.96 16.92 0 0 "KDE QDA" 137 3000 3.60909090909091
292.96 16.955 0 0 "KDE QDA" 137 3000 3.61919191919192
292.96 16.955 0 0 "KDE QDA" 137 3000 3.62929292929293
292.96 16.965 0 0 "KDE QDA" 137 3000 3.63939393939394
292.96 16.97 0 0 "KDE QDA" 137 3000 3.64949494949495
305.795 17.48 0 0 "KDE QDA" 137 3000 3.65959595959596
305.865 17.495 0 0 "KDE QDA" 137 3000 3.66969696969697
314.115 17.565 0 0 "KDE QDA" 137 3000 3.67979797979798
315.865 17.57 0 0 "KDE QDA" 137 3000 3.68989898989899
318.305 17.615 0 0 "KDE QDA" 137 3000 3.7
