54.664 13.642 0 0 49.9140713478526 9.61208761030757 "LDA" 46 5000 1.5
58.893 14.051 0 0 55.4459900155891 9.88848730500177 "LDA" 46 5000 1.53535353535354
63.394 14.461 0 0 60.2148868353715 10.3022626454394 "LDA" 46 5000 1.57070707070707
67.148 14.877 0 0 62.083463599033 10.4822587617721 "LDA" 46 5000 1.60606060606061
70.762 15.425 0 0 66.3504011422066 10.8715484437851 "LDA" 46 5000 1.64141414141414
73.94 15.777 0 0 67.767490973422 10.9939136406076 "LDA" 46 5000 1.67676767676768
77.06 16.386 0 0 69.8439301197647 11.7685812018061 "LDA" 46 5000 1.71212121212121
80.007 16.747 0 0 70.984870238684 11.8550214058235 "LDA" 46 5000 1.74747474747475
84.621 17.154 0 0 74.1642885808305 12.0089341116728 "LDA" 46 5000 1.78282828282828
88.08 17.555 0 0 77.5827860332992 12.2614566148691 "LDA" 46 5000 1.81818181818182
93.438 17.929 0 0 83.9730768379582 12.6727486188892 "LDA" 46 5000 1.85353535353535
97.629 18.49 0 0 86.8196233924451 13.0805581303322 "LDA" 46 5000 1.88888888888889
102.738 19.197 0 0 89.7820147143411 14.0747394039566 "LDA" 46 5000 1.92424242424242
106.141 19.649 0 0 92.0784641627051 14.3532510190136 "LDA" 46 5000 1.95959595959596
111.58 20.204 0 0 97.4814763851997 14.7978160334341 "LDA" 46 5000 1.99494949494949
116.5 20.609 0 0 102.224928153244 14.8805090151026 "LDA" 46 5000 2.03030303030303
122.794 21.02 0 0 108.979907249842 15.2160154812989 "LDA" 46 5000 2.06565656565657
129.478 21.426 0 0 116.422831917935 15.3876998055364 "LDA" 46 5000 2.1010101010101
135.905 21.777 0 0 121.773785478771 15.6497983113901 "LDA" 46 5000 2.13636363636364
142.087 22.32 0 0 127.405901333866 15.9609633904834 "LDA" 46 5000 2.17171717171717
152.953 22.675 0 0 141.935063861448 16.2056779864034 "LDA" 46 5000 2.20707070707071
164.698 23.273 0 0 156.733634642435 16.8356737587455 "LDA" 46 5000 2.24242424242424
173.561 23.805 0 0 160.720064765474 17.0689285933044 "LDA" 46 5000 2.27777777777778
180.661 24.212 0 0 166.287171791761 17.1543967929312 "LDA" 46 5000 2.31313131313131
190.934 24.821 0 0 175.709958834534 17.5449361293732 "LDA" 46 5000 2.34848484848485
202.569 25.425 0 0 186.888551199825 17.8906246243514 "LDA" 46 5000 2.38383838383838
209.963 25.826 0 0 190.815681366221 18.1555872763552 "LDA" 46 5000 2.41919191919192
218.961 26.209 0 0 197.245007724079 18.2234303140878 "LDA" 46 5000 2.45454545454545
229.203 26.654 0 0 204.149108863227 18.4589006989857 "LDA" 46 5000 2.48989898989899
241.527 27.412 0 0 223.973845693096 19.0892811980089 "LDA" 46 5000 2.52525252525253
255.008 27.848 0 0 239.289195859853 19.280161322474 "LDA" 46 5000 2.56060606060606
264.787 28.45 0 0 248.75548822875 19.6692241427662 "LDA" 46 5000 2.5959595959596
279.855 28.849 0 0 263.608959746551 19.916798886314 "LDA" 46 5000 2.63131313131313
297.342 29.544 0 0 279.415830335796 20.4107977468953 "LDA" 46 5000 2.66666666666667
315.433 29.982 0 0 299.069132236774 20.6857820151325 "LDA" 46 5000 2.7020202020202
326.951 30.35 0 0 305.666652910817 20.8000033687531 "LDA" 46 5000 2.73737373737374
342.745 30.771 0 0 327.365832614467 20.8413272110948 "LDA" 46 5000 2.77272727272727
353.67 31.178 0 0 335.546471497667 20.9505905225424 "LDA" 46 5000 2.80808080808081
370.023 31.584 0 0 349.507943076081 21.0923168435767 "LDA" 46 5000 2.84343434343434
391.621 32.117 0 0 371.441538031458 21.4413862435255 "LDA" 46 5000 2.87878787878788
415.414 32.763 0 0 406.048775656586 21.8169385984792 "LDA" 46 5000 2.91414141414141
443.67 33.167 0 0 432.875363332426 21.9206666556158 "LDA" 46 5000 2.94949494949495
472.18 33.742 0 0 459.254245556927 22.2165931909691 "LDA" 46 5000 2.98484848484848
497.545 34.388 0 0 481.318266065447 23.1986558583387 "LDA" 46 5000 3.02020202020202
516.269 35.064 0 0 508.965506223679 24.6664618123139 "LDA" 46 5000 3.05555555555556
542.179 35.474 0 0 541.239264004285 24.8469050928419 "LDA" 46 5000 3.09090909090909
583.48 35.822 0 0 595.039149291195 24.8977552043194 "LDA" 46 5000 3.12626262626263
619.491 36.411 0 0 636.3993825367 25.13857647177 "LDA" 46 5000 3.16161616161616
665.284 37.018 0 0 698.742672710538 25.6613752979489 "LDA" 46 5000 3.1969696969697
690.581 37.668 0 0 713.533415737745 26.257403284164 "LDA" 46 5000 3.23232323232323
719.615 38.422 0 0 742.806617125511 27.4054186790308 "LDA" 46 5000 3.26767676767677
764.104 38.768 0 0 789.0726638611 27.4450980943667 "LDA" 46 5000 3.3030303030303
796.384 39.473 0 0 817.07846854985 27.9000660336976 "LDA" 46 5000 3.33838383838384
835.634 40.217 0 0 870.440243935368 28.5357354767526 "LDA" 46 5000 3.37373737373737
878.026 40.61 0 0 934.68452136455 28.6636617602411 "LDA" 46 5000 3.40909090909091
912.931 41.01 0 0 970.447584753424 28.9287879935329 "LDA" 46 5000 3.44444444444444
963.538 41.43 0 0 1021.99842139278 29.3165236438183 "LDA" 46 5000 3.47979797979798
1022.704 42.091 0 0 1073.96954750727 29.7724220733906 "LDA" 46 5000 3.51515151515152
1067.166 42.537 0 0 1112.74531613599 30.0095185266642 "LDA" 46 5000 3.55050505050505
1125.65065065065 43.154 1 0 1173.29360385146 30.3919389633823 "LDA" 46 5000 3.58585858585859
1189.65365365365 43.71 1 0 1232.42262118097 30.703886213778 "LDA" 46 5000 3.62121212121212
1235.09409409409 44.406 1 0 1264.35770253321 31.4710595880023 "LDA" 46 5000 3.65656565656566
1282.56556556557 44.872 1 0 1301.56155075211 31.6134944134468 "LDA" 46 5000 3.69191919191919
1360.03003003003 45.234 1 0 1377.13695232901 31.6845254525479 "LDA" 46 5000 3.72727272727273
1422.58358358358 45.655 1 0 1431.16691978096 31.7397130482363 "LDA" 46 5000 3.76262626262626
1505.56056056056 46.226 1 0 1508.94341130578 31.85406733222 "LDA" 46 5000 3.7979797979798
1583.98798798799 46.761 1 0 1594.39062804743 32.6844328565014 "LDA" 46 5000 3.83333333333333
1638.70440881764 47.155 2 0 1670.21374430208 32.7704268491559 "LDA" 46 5000 3.86868686868687
1719.84869739479 47.563 2 0 1731.70528489536 32.7489010734944 "LDA" 46 5000 3.9040404040404
1798.69107321966 48.166 3 0 1794.99360696542 32.9098693935953 "LDA" 46 5000 3.93939393939394
1872.01706827309 48.672 4 0 1841.47201406995 33.1513412613642 "LDA" 46 5000 3.97474747474747
1964.9216080402 49.457 5 0 1905.45764870054 33.5872334861514 "LDA" 46 5000 4.01010101010101
2045.49798792757 49.961 6 0 1957.8412959885 33.733802757004 "LDA" 46 5000 4.04545454545454
2134.42195367573 50.507 7 0 2008.0123151675 34.2443663633542 "LDA" 46 5000 4.08080808080808
2221.73461150353 50.905 9 0 2046.38140722624 34.2275839419393 "LDA" 46 5000 4.11616161616162
2320.53232323232 51.545 10 0 2110.9094993688 34.2525504482836 "LDA" 46 5000 4.15151515151515
2392.63120567376 52.037 13 0 2172.18709335041 34.6514408553721 "LDA" 46 5000 4.18686868686869
2453.73143438454 52.621 17 0 2206.41642973486 35.0949999005274 "LDA" 46 5000 4.22222222222222
2528.0245398773 53.31 22 0 2250.30891895258 35.6689805878466 "LDA" 46 5000 4.25757575757576
2584.38129496403 53.979 27 0 2261.81813169034 35.9365829899978 "LDA" 46 5000 4.29292929292929
2629.16666666667 54.6 34 0 2277.02078699809 36.230852524812 "LDA" 46 5000 4.32828282828283
2720.64099895942 55.069 39 0 2324.17835776266 36.4606859592715 "LDA" 46 5000 4.36363636363636
2800.11122770199 55.393 47 0 2353.61923344002 36.5926984052362 "LDA" 46 5000 4.3989898989899
2872.18670886076 56.025 52 0 2380.50749781461 37.0698873959923 "LDA" 46 5000 4.43434343434343
2990.41808510638 56.698 60 0 2445.54110968542 37.3593430953559 "LDA" 46 5000 4.46969696969697
3069.43696581197 57.388 64 0 2471.14440445721 37.6361519809868 "LDA" 46 5000 4.50505050505051
3161.58594594595 58.031 75 0 2540.89255554158 37.7982373364916 "LDA" 46 5000 4.54040404040404
3216.86710239651 58.536 82 0 2546.90674743657 37.8574416712209 "LDA" 46 5000 4.57575757575758
3298.23255813953 58.931 97 0 2577.96265688027 38.0423113973961 "LDA" 46 5000 4.61111111111111
3402.9595959596 59.506 109 0 2624.49862831953 38.1039614197248 "LDA" 46 5000 4.64646464646465
3454.75684931507 60.026 124 0 2649.54813467373 38.4401739196244 "LDA" 46 5000 4.68181818181818
3525.01960784314 60.609 133 0 2660.08019697706 38.6720007582054 "LDA" 46 5000 4.71717171717172
3587.69917743831 61.178 149 0 2689.04948021534 38.9007658740234 "LDA" 46 5000 4.75252525252525
3618.93757503001 61.789 167 0 2708.94834759628 39.0858565619737 "LDA" 46 5000 4.78787878787879
3674.16930572473 62.219 179 0 2742.03765372968 39.4010085972235 "LDA" 46 5000 4.82323232323232
3717.77859778598 62.944 187 0 2750.53027313517 40.1147111924547 "LDA" 46 5000 4.85858585858586
3786.67 63.508 200 0 2767.22023081961 40.1513893915275 "LDA" 46 5000 4.89393939393939
3797.70955414013 64.154 215 0 2762.38318475391 40.4122188382602 "LDA" 46 5000 4.92929292929293
3884.40335051546 64.676 224 0 2781.14264722168 40.4493160779162 "LDA" 46 5000 4.96464646464646
3934.68469656992 65.354 242 0 2792.22688164422 40.7538656026832 "LDA" 46 5000 5
33.416 11.234 0 0 28.4209552037699 7.48232779482623 "uLSIF" 46 5000 1.5
34.912 11.461 0 0 29.4206020983227 7.57071956915555 "uLSIF" 46 5000 1.53535353535354
36.826 11.78 0 0 32.3397214209025 7.78692726537472 "uLSIF" 46 5000 1.57070707070707
38.228 12.131 0 0 33.4506047622305 8.02921585880635 "uLSIF" 46 5000 1.60606060606061
39.501 12.492 0 0 34.4454421874286 8.34455316763981 "uLSIF" 46 5000 1.64141414141414
41.523 12.821 0 0 36.5932854433643 8.62144351534523 "uLSIF" 46 5000 1.67676767676768
43.223 13.06 0 0 37.4199080773927 8.69517141901216 "uLSIF" 46 5000 1.71212121212121
45.266 13.327 0 0 39.2397375246191 8.77844702280148 "uLSIF" 46 5000 1.74747474747475
46.766 13.8 0 0 40.6853602975633 9.17868445084851 "uLSIF" 46 5000 1.78282828282828
49.077 14.096 0 0 43.4446603106701 9.31673685286783 "uLSIF" 46 5000 1.81818181818182
50.978 14.411 0 0 45.3628846889978 9.39064764876541 "uLSIF" 46 5000 1.85353535353535
53.404 14.74 0 0 48.3224569309534 9.63531209869401 "uLSIF" 46 5000 1.88888888888889
55.66 15.013 0 0 50.5467048319608 9.75746068601043 "uLSIF" 46 5000 1.92424242424242
57.784 15.258 0 0 52.5270257337347 9.84532205498461 "uLSIF" 46 5000 1.95959595959596
60.032 15.501 0 0 55.5908744428555 9.96389874889736 "uLSIF" 46 5000 1.99494949494949
63.118 15.804 0 0 58.5443551294018 10.1358926750593 "uLSIF" 46 5000 2.03030303030303
64.86 16.188 0 0 59.0013691498897 10.3291503690936 "uLSIF" 46 5000 2.06565656565657
67.396 16.469 0 0 61.3258023839724 10.4385824230593 "uLSIF" 46 5000 2.1010101010101
69.128 16.795 0 0 62.0459451964052 10.8308948514554 "uLSIF" 46 5000 2.13636363636364
71.954 17.089 0 0 63.560394962648 10.9484678356356 "uLSIF" 46 5000 2.17171717171717
74.496 17.411 0 0 65.6082344254471 11.144428082108 "uLSIF" 46 5000 2.20707070707071
78.42 17.846 0 0 70.3098789579322 11.4333286931237 "uLSIF" 46 5000 2.24242424242424
81.444 18.132 0 0 73.6363849002732 11.6859375805768 "uLSIF" 46 5000 2.27777777777778
83.65 18.571 0 0 76.2354336338513 12.0182110314471 "uLSIF" 46 5000 2.31313131313131
85.458 18.857 0 0 77.3452165199537 12.1315178244408 "uLSIF" 46 5000 2.34848484848485
89.518 19.151 0 0 81.672002497747 12.2543203551795 "uLSIF" 46 5000 2.38383838383838
91.696 19.521 0 0 83.3010362879517 12.516957826614 "uLSIF" 46 5000 2.41919191919192
94.992 19.865 0 0 86.1220467879331 12.6459754742644 "uLSIF" 46 5000 2.45454545454545
99.168 20.085 0 0 91.5413983048304 12.7618431129535 "uLSIF" 46 5000 2.48989898989899
103.744 20.461 0 0 95.3517405106924 13.0325103232388 "uLSIF" 46 5000 2.52525252525253
107.812 20.812 0 0 98.6615262032407 13.1948004440673 "uLSIF" 46 5000 2.56060606060606
111.366 21.074 0 0 102.877109911504 13.2509664595497 "uLSIF" 46 5000 2.5959595959596
115.405 21.453 0 0 105.026394389784 13.610769414109 "uLSIF" 46 5000 2.63131313131313
119.627 21.884 0 0 110.930110251277 13.8412472026232 "uLSIF" 46 5000 2.66666666666667
125.374 22.231 0 0 116.728521243403 14.0458864414435 "uLSIF" 46 5000 2.7020202020202
129.174 22.536 0 0 120.395351923423 14.1770127915472 "uLSIF" 46 5000 2.73737373737374
132.661 22.822 0 0 122.871882782753 14.2234532594101 "uLSIF" 46 5000 2.77272727272727
137.888 23.139 0 0 127.32918824126 14.3793060835161 "uLSIF" 46 5000 2.80808080808081
141.999 23.451 0 0 133.816769976438 14.4802374385324 "uLSIF" 46 5000 2.84343434343434
146.778 23.703 0 0 137.732497824431 14.5379552600475 "uLSIF" 46 5000 2.87878787878788
152.264 24.071 0 0 142.771516802232 14.6921686220523 "uLSIF" 46 5000 2.91414141414141
157.279 24.408 0 0 145.295788049843 14.8165132559946 "uLSIF" 46 5000 2.94949494949495
161.886 24.776 0 0 149.688689311209 15.0382170476414 "uLSIF" 46 5000 2.98484848484848
166.78 25.129 0 0 155.01635291049 15.4120047005212 "uLSIF" 46 5000 3.02020202020202
170.468 25.459 0 0 156.26093067192 15.6155103395042 "uLSIF" 46 5000 3.05555555555556
176.744 25.791 0 0 164.59388692054 15.7964821352049 "uLSIF" 46 5000 3.09090909090909
181.385 26.176 0 0 169.950410169899 15.9678425592187 "uLSIF" 46 5000 3.12626262626263
187.222 26.513 0 0 175.207089583271 16.0420440773044 "uLSIF" 46 5000 3.16161616161616
191.324 26.995 0 0 178.343683637783 16.4814019916878 "uLSIF" 46 5000 3.1969696969697
196.072 27.427 0 0 179.736529498141 16.7397996371489 "uLSIF" 46 5000 3.23232323232323
201.856 27.787 0 0 189.035069554624 17.0294343016036 "uLSIF" 46 5000 3.26767676767677
206.855 28.073 0 0 190.761169525663 17.192593063766 "uLSIF" 46 5000 3.3030303030303
212.78 28.512 0 0 196.930747521354 17.4871855270555 "uLSIF" 46 5000 3.33838383838384
218.43 28.991 0 0 201.130148004809 17.6957073059275 "uLSIF" 46 5000 3.37373737373737
224.522 29.446 0 0 207.354907281148 18.0674158505171 "uLSIF" 46 5000 3.40909090909091
231.728 29.665 0 0 214.00000939257 18.1179754949618 "uLSIF" 46 5000 3.44444444444444
235.655 30.368 0 0 218.030358464623 18.7789569791622 "uLSIF" 46 5000 3.47979797979798
241.169 30.743 0 0 221.985391305268 19.0017372105031 "uLSIF" 46 5000 3.51515151515152
250.147 31.076 0 0 229.548024793695 19.0771108965734 "uLSIF" 46 5000 3.55050505050505
255.766 31.509 0 0 234.387078454736 19.1716841323988 "uLSIF" 46 5000 3.58585858585859
263.783 31.84 0 0 240.445873595554 19.2747481414393 "uLSIF" 46 5000 3.62121212121212
270.713 32.087 0 0 245.783038334489 19.3543799441631 "uLSIF" 46 5000 3.65656565656566
278.051 32.477 0 0 254.822284731528 19.5495180159168 "uLSIF" 46 5000 3.69191919191919
284.201 32.803 0 0 258.070290568042 19.5898942047923 "uLSIF" 46 5000 3.72727272727273
289.762 33.189 0 0 262.213766639769 19.7396791750508 "uLSIF" 46 5000 3.76262626262626
299.47 33.465 0 0 270.241943095086 19.8731909546182 "uLSIF" 46 5000 3.7979797979798
311.502 34.023 0 0 293.269908506201 20.1838514376929 "uLSIF" 46 5000 3.83333333333333
321.138 34.339 0 0 299.427406440572 20.2806652845607 "uLSIF" 46 5000 3.86868686868687
327.895 34.658 0 0 305.450365691221 20.4043469234713 "uLSIF" 46 5000 3.9040404040404
339.426 35.035 0 0 313.48072139557 20.4822190276419 "uLSIF" 46 5000 3.93939393939394
349.766 35.435 0 0 321.907965080055 20.8162218015203 "uLSIF" 46 5000 3.97474747474747
353.863 35.722 0 0 322.192259502123 20.8923240738125 "uLSIF" 46 5000 4.01010101010101
366.555 36.048 0 0 333.083700782141 21.2119693485457 "uLSIF" 46 5000 4.04545454545454
377.857 36.462 0 0 340.012097987377 21.257809163939 "uLSIF" 46 5000 4.08080808080808
386.083 36.896 0 0 347.429113777329 21.6412922333563 "uLSIF" 46 5000 4.11616161616162
399.886 37.33 0 0 359.492363985334 21.9109833460571 "uLSIF" 46 5000 4.15151515151515
411.12 37.634 0 0 373.951155991083 21.8954665503034 "uLSIF" 46 5000 4.18686868686869
420.002 38.162 0 0 382.552208447668 22.0230054435985 "uLSIF" 46 5000 4.22222222222222
429.9 38.379 0 0 391.147901286305 22.0028062410794 "uLSIF" 46 5000 4.25757575757576
438.469 38.911 0 0 397.344568032262 22.8377898152086 "uLSIF" 46 5000 4.29292929292929
452.055 39.379 0 0 408.70612507237 23.2131473352755 "uLSIF" 46 5000 4.32828282828283
468.426 39.643 0 0 425.065134882753 23.2781318499235 "uLSIF" 46 5000 4.36363636363636
480.742 39.967 0 0 439.653596278617 23.3673263969788 "uLSIF" 46 5000 4.3989898989899
494.269 40.272 0 0 458.887760368062 23.7529833962014 "uLSIF" 46 5000 4.43434343434343
510.23 40.635 0 0 466.78918501101 24.1295256689602 "uLSIF" 46 5000 4.46969696969697
524.11 40.953 0 0 478.589056900997 24.1859411797588 "uLSIF" 46 5000 4.50505050505051
542.817 41.301 0 0 503.644524757609 24.2032269583044 "uLSIF" 46 5000 4.54040404040404
557.154 41.621 0 0 515.006790516667 24.2874708489838 "uLSIF" 46 5000 4.57575757575758
572.079 42.079 0 0 528.445226221333 24.3813701462861 "uLSIF" 46 5000 4.61111111111111
590.019 42.415 0 0 555.88397137229 24.45892503799 "uLSIF" 46 5000 4.64646464646465
600.81 42.621 0 0 566.205961723374 24.4775102391462 "uLSIF" 46 5000 4.68181818181818
608.514 42.889 0 0 569.419075802601 24.5000598352725 "uLSIF" 46 5000 4.71717171717172
624.896 43.164 0 0 593.097928116712 24.5415849812801 "uLSIF" 46 5000 4.75252525252525
643.653 43.53 0 0 616.784302221179 24.7510345988549 "uLSIF" 46 5000 4.78787878787879
658.704 44.018 0 0 626.505228378172 25.0359436505692 "uLSIF" 46 5000 4.82323232323232
667.422 44.378 0 0 632.635585230312 25.2461181666109 "uLSIF" 46 5000 4.85858585858586
685.006 44.971 0 0 643.69228029837 26.2534455339181 "uLSIF" 46 5000 4.89393939393939
707.274 45.31 0 0 660.186868716446 26.3362012350964 "uLSIF" 46 5000 4.92929292929293
722.752 45.618 0 0 678.273717411881 26.4499087649404 "uLSIF" 46 5000 4.96464646464646
745.188 45.902 0 0 701.712785610672 26.5257990268722 "uLSIF" 46 5000 5
