124.145 14.975 0 0 "KDE LDA" 41 1500 2.5
124.155 15.04 0 0 "KDE LDA" 41 1500 2.51010101010101
124.95 15.065 0 0 "KDE LDA" 41 1500 2.52020202020202
133.81 15.265 0 0 "KDE LDA" 41 1500 2.53030303030303
135.35 15.4 0 0 "KDE LDA" 41 1500 2.54040404040404
135.365 15.715 0 0 "KDE LDA" 41 1500 2.55050505050505
139.18 15.75 0 0 "KDE LDA" 41 1500 2.56060606060606
139.595 15.785 0 0 "KDE LDA" 41 1500 2.57070707070707
139.625 15.825 0 0 "KDE LDA" 41 1500 2.58080808080808
141.665 15.9 0 0 "KDE LDA" 41 1500 2.59090909090909
145.715 16.015 0 0 "KDE LDA" 41 1500 2.6010101010101
146.27 16.165 0 0 "KDE LDA" 41 1500 2.61111111111111
149.575 16.19 0 0 "KDE LDA" 41 1500 2.62121212121212
149.78 16.2 0 0 "KDE LDA" 41 1500 2.63131313131313
150.07 16.23 0 0 "KDE LDA" 41 1500 2.64141414141414
152.41 16.485 0 0 "KDE LDA" 41 1500 2.65151515151515
160.195 16.555 0 0 "KDE LDA" 41 1500 2.66161616161616
165.54 16.66 0 0 "KDE LDA" 41 1500 2.67171717171717
165.57 16.675 0 0 "KDE LDA" 41 1500 2.68181818181818
166.64 16.7 0 0 "KDE LDA" 41 1500 2.69191919191919
166.655 16.935 0 0 "KDE LDA" 41 1500 2.7020202020202
167.21 16.99 0 0 "KDE LDA" 41 1500 2.71212121212121
168.305 16.995 0 0 "KDE LDA" 41 1500 2.72222222222222
173.565 17.23 0 0 "KDE LDA" 41 1500 2.73232323232323
174.49 17.36 0 0 "KDE LDA" 41 1500 2.74242424242424
176.265 17.4 0 0 "KDE LDA" 41 1500 2.75252525252525
178.15 17.54 0 0 "KDE LDA" 41 1500 2.76262626262626
179.935 17.59 0 0 "KDE LDA" 41 1500 2.77272727272727
186.7 17.655 0 0 "KDE LDA" 41 1500 2.78282828282828
197.96 17.805 0 0 "KDE LDA" 41 1500 2.79292929292929
235.43 18.095 0 0 "KDE LDA" 41 1500 2.8030303030303
240.29 18.2 0 0 "KDE LDA" 41 1500 2.81313131313131
245.53 18.245 0 0 "KDE LDA" 41 1500 2.82323232323232
246.885 18.255 0 0 "KDE LDA" 41 1500 2.83333333333333
248.585 18.46 0 0 "KDE LDA" 41 1500 2.84343434343434
251.49 18.525 0 0 "KDE LDA" 41 1500 2.85353535353535
253.01 18.535 0 0 "KDE LDA" 41 1500 2.86363636363636
261.47 18.55 0 0 "KDE LDA" 41 1500 2.87373737373737
261.475 18.595 0 0 "KDE LDA" 41 1500 2.88383838383838
264.43 18.595 0 0 "KDE LDA" 41 1500 2.89393939393939
264.76 18.6 0 0 "KDE LDA" 41 1500 2.9040404040404
264.765 18.6 0 0 "KDE LDA" 41 1500 2.91414141414141
264.83 18.605 0 0 "KDE LDA" 41 1500 2.92424242424242
269.705 18.63 0 0 "KDE LDA" 41 1500 2.93434343434343
270.085 18.65 0 0 "KDE LDA" 41 1500 2.94444444444444
277.815 18.695 0 0 "KDE LDA" 41 1500 2.95454545454545
288.75 18.955 0 0 "KDE LDA" 41 1500 2.96464646464646
297.12 18.97 0 0 "KDE LDA" 41 1500 2.97474747474747
299.035 18.99 0 0 "KDE LDA" 41 1500 2.98484848484848
299.49 19.035 0 0 "KDE LDA" 41 1500 2.99494949494949
299.51 19.11 0 0 "KDE LDA" 41 1500 3.00505050505051
302.6 19.12 0 0 "KDE LDA" 41 1500 3.01515151515152
302.6 19.13 0 0 "KDE LDA" 41 1500 3.02525252525253
303.51 19.145 0 0 "KDE LDA" 41 1500 3.03535353535354
304.085 19.19 0 0 "KDE LDA" 41 1500 3.04545454545455
305.55 19.3 0 0 "KDE LDA" 41 1500 3.05555555555556
309.79 19.485 0 0 "KDE LDA" 41 1500 3.06565656565657
320.115 19.585 0 0 "KDE LDA" 41 1500 3.07575757575758
324.9 19.605 0 0 "KDE LDA" 41 1500 3.08585858585859
333.09 19.68 0 0 "KDE LDA" 41 1500 3.0959595959596
333.935 19.685 0 0 "KDE LDA" 41 1500 3.10606060606061
336.205 19.765 0 0 "KDE LDA" 41 1500 3.11616161616162
340.345 19.785 0 0 "KDE LDA" 41 1500 3.12626262626263
343.71 19.885 0 0 "KDE LDA" 41 1500 3.13636363636364
343.765 19.93 0 0 "KDE LDA" 41 1500 3.14646464646465
346.635 19.97 0 0 "KDE LDA" 41 1500 3.15656565656566
356.69 20.015 0 0 "KDE LDA" 41 1500 3.16666666666667
360.885 20.025 0 0 "KDE LDA" 41 1500 3.17676767676768
363.93 20.035 0 0 "KDE LDA" 41 1500 3.18686868686869
364.545 20.125 0 0 "KDE LDA" 41 1500 3.1969696969697
367.44 20.165 0 0 "KDE LDA" 41 1500 3.20707070707071
373.725 20.355 0 0 "KDE LDA" 41 1500 3.21717171717172
390.45 20.895 0 0 "KDE LDA" 41 1500 3.22727272727273
392.45 20.94 0 0 "KDE LDA" 41 1500 3.23737373737374
395.57 20.97 0 0 "KDE LDA" 41 1500 3.24747474747475
399.075 21.115 0 0 "KDE LDA" 41 1500 3.25757575757576
399.8 21.12 0 0 "KDE LDA" 41 1500 3.26767676767677
401.62 21.155 0 0 "KDE LDA" 41 1500 3.27777777777778
407.09 21.185 0 0 "KDE LDA" 41 1500 3.28787878787879
408.225 21.2 0 0 "KDE LDA" 41 1500 3.2979797979798
418.41 21.21 0 0 "KDE LDA" 41 1500 3.30808080808081
422.47 21.225 0 0 "KDE LDA" 41 1500 3.31818181818182
422.815 21.24 0 0 "KDE LDA" 41 1500 3.32828282828283
428.255 21.35 0 0 "KDE LDA" 41 1500 3.33838383838384
437.975 21.605 0 0 "KDE LDA" 41 1500 3.34848484848485
459.25 21.805 0 0 "KDE LDA" 41 1500 3.35858585858586
465.895 21.845 0 0 "KDE LDA" 41 1500 3.36868686868687
468.15 21.865 0 0 "KDE LDA" 41 1500 3.37878787878788
471.305 21.925 0 0 "KDE LDA" 41 1500 3.38888888888889
482.69 22.095 0 0 "KDE LDA" 41 1500 3.3989898989899
482.69 22.105 0 0 "KDE LDA" 41 1500 3.40909090909091
482.705 22.14 0 0 "KDE LDA" 41 1500 3.41919191919192
482.725 22.145 0 0 "KDE LDA" 41 1500 3.42929292929293
482.755 22.17 0 0 "KDE LDA" 41 1500 3.43939393939394
486.165 22.175 0 0 "KDE LDA" 41 1500 3.44949494949495
487.3 22.18 0 0 "KDE LDA" 41 1500 3.45959595959596
487.3 22.2 0 0 "KDE LDA" 41 1500 3.46969696969697
493.45 22.21 0 0 "KDE LDA" 41 1500 3.47979797979798
493.54 22.315 0 0 "KDE LDA" 41 1500 3.48989898989899
502.26 22.375 0 0 "KDE LDA" 41 1500 3.5
87.15 12.935 0 0 "KDE QDA" 41 1500 2.8
87.245 12.955 0 0 "KDE QDA" 41 1500 2.81010101010101
88.255 12.96 0 0 "KDE QDA" 41 1500 2.82020202020202
88.8 13.01 0 0 "KDE QDA" 41 1500 2.83030303030303
88.825 13.03 0 0 "KDE QDA" 41 1500 2.84040404040404
89.085 13.035 0 0 "KDE QDA" 41 1500 2.85050505050505
89.64 13.04 0 0 "KDE QDA" 41 1500 2.86060606060606
90.4 13.105 0 0 "KDE QDA" 41 1500 2.87070707070707
90.77 13.11 0 0 "KDE QDA" 41 1500 2.88080808080808
90.77 13.11 0 0 "KDE QDA" 41 1500 2.89090909090909
90.77 13.11 0 0 "KDE QDA" 41 1500 2.9010101010101
92.1 13.11 0 0 "KDE QDA" 41 1500 2.91111111111111
92.1 13.125 0 0 "KDE QDA" 41 1500 2.92121212121212
94.345 13.135 0 0 "KDE QDA" 41 1500 2.93131313131313
94.4 13.135 0 0 "KDE QDA" 41 1500 2.94141414141414
94.4 13.135 0 0 "KDE QDA" 41 1500 2.95151515151515
94.835 13.235 0 0 "KDE QDA" 41 1500 2.96161616161616
94.905 13.28 0 0 "KDE QDA" 41 1500 2.97171717171717
94.93 13.28 0 0 "KDE QDA" 41 1500 2.98181818181818
96.045 13.3 0 0 "KDE QDA" 41 1500 2.99191919191919
96.05 13.315 0 0 "KDE QDA" 41 1500 3.0020202020202
96.185 13.335 0 0 "KDE QDA" 41 1500 3.01212121212121
96.2 13.34 0 0 "KDE QDA" 41 1500 3.02222222222222
96.3 13.34 0 0 "KDE QDA" 41 1500 3.03232323232323
96.32 13.34 0 0 "KDE QDA" 41 1500 3.04242424242424
97.405 13.385 0 0 "KDE QDA" 41 1500 3.05252525252525
98.545 13.385 0 0 "KDE QDA" 41 1500 3.06262626262626
98.55 13.4 0 0 "KDE QDA" 41 1500 3.07272727272727
100.215 13.455 0 0 "KDE QDA" 41 1500 3.08282828282828
107.945 13.96 0 0 "KDE QDA" 41 1500 3.09292929292929
112.335 13.975 0 0 "KDE QDA" 41 1500 3.1030303030303
113.42 13.98 0 0 "KDE QDA" 41 1500 3.11313131313131
113.94 14.05 0 0 "KDE QDA" 41 1500 3.12323232323232
114.69 14.065 0 0 "KDE QDA" 41 1500 3.13333333333333
114.715 14.095 0 0 "KDE QDA" 41 1500 3.14343434343434
115.46 14.1 0 0 "KDE QDA" 41 1500 3.15353535353535
115.51 14.1 0 0 "KDE QDA" 41 1500 3.16363636363636
117.01 14.1 0 0 "KDE QDA" 41 1500 3.17373737373737
117.13 14.105 0 0 "KDE QDA" 41 1500 3.18383838383838
117.14 14.11 0 0 "KDE QDA" 41 1500 3.19393939393939
119.24 14.11 0 0 "KDE QDA" 41 1500 3.2040404040404
119.615 14.115 0 0 "KDE QDA" 41 1500 3.21414141414141
131.71 14.59 0 0 "KDE QDA" 41 1500 3.22424242424242
132.62 14.62 0 0 "KDE QDA" 41 1500 3.23434343434343
132.88 14.635 0 0 "KDE QDA" 41 1500 3.24444444444444
135.59 14.66 0 0 "KDE QDA" 41 1500 3.25454545454545
135.595 14.68 0 0 "KDE QDA" 41 1500 3.26464646464646
135.6 14.68 0 0 "KDE QDA" 41 1500 3.27474747474747
135.825 14.68 0 0 "KDE QDA" 41 1500 3.28484848484848
137.285 14.685 0 0 "KDE QDA" 41 1500 3.29494949494949
138.625 14.685 0 0 "KDE QDA" 41 1500 3.30505050505051
138.99 14.69 0 0 "KDE QDA" 41 1500 3.31515151515151
139.2 14.705 0 0 "KDE QDA" 41 1500 3.32525252525252
139.28 14.72 0 0 "KDE QDA" 41 1500 3.33535353535354
143.35 14.745 0 0 "KDE QDA" 41 1500 3.34545454545455
147.985 14.765 0 0 "KDE QDA" 41 1500 3.35555555555556
154.545 15.285 0 0 "KDE QDA" 41 1500 3.36565656565657
155.24 15.295 0 0 "KDE QDA" 41 1500 3.37575757575758
155.885 15.39 0 0 "KDE QDA" 41 1500 3.38585858585859
156.975 15.41 0 0 "KDE QDA" 41 1500 3.3959595959596
158.42 15.415 0 0 "KDE QDA" 41 1500 3.40606060606061
159.965 15.435 0 0 "KDE QDA" 41 1500 3.41616161616162
160.77 15.44 0 0 "KDE QDA" 41 1500 3.42626262626263
160.92 15.46 0 0 "KDE QDA" 41 1500 3.43636363636364
161.105 15.46 0 0 "KDE QDA" 41 1500 3.44646464646465
161.13 15.46 0 0 "KDE QDA" 41 1500 3.45656565656566
161.825 15.465 0 0 "KDE QDA" 41 1500 3.46666666666667
162.53 15.47 0 0 "KDE QDA" 41 1500 3.47676767676768
162.595 15.49 0 0 "KDE QDA" 41 1500 3.48686868686869
163.015 15.53 0 0 "KDE QDA" 41 1500 3.4969696969697
164.03 15.53 0 0 "KDE QDA" 41 1500 3.50707070707071
167.895 15.62 0 0 "KDE QDA" 41 1500 3.51717171717172
169.205 15.68 0 0 "KDE QDA" 41 1500 3.52727272727273
169.23 15.69 0 0 "KDE QDA" 41 1500 3.53737373737374
170.315 15.7 0 0 "KDE QDA" 41 1500 3.54747474747475
170.315 15.73 0 0 "KDE QDA" 41 1500 3.55757575757576
172.035 15.75 0 0 "KDE QDA" 41 1500 3.56767676767677
174.415 15.75 0 0 "KDE QDA" 41 1500 3.57777777777778
174.475 15.755 0 0 "KDE QDA" 41 1500 3.58787878787879
175.67 15.755 0 0 "KDE QDA" 41 1500 3.5979797979798
176.75 15.845 0 0 "KDE QDA" 41 1500 3.60808080808081
176.755 15.845 0 0 "KDE QDA" 41 1500 3.61818181818182
177.185 15.85 0 0 "KDE QDA" 41 1500 3.62828282828283
178.115 15.85 0 0 "KDE QDA" 41 1500 3.63838383838384
179.615 15.85 0 0 "KDE QDA" 41 1500 3.64848484848485
179.995 16.285 0 0 "KDE QDA" 41 1500 3.65858585858586
181.78 16.33 0 0 "KDE QDA" 41 1500 3.66868686868687
181.79 16.34 0 0 "KDE QDA" 41 1500 3.67878787878788
181.795 16.355 0 0 "KDE QDA" 41 1500 3.68888888888889
181.8 16.385 0 0 "KDE QDA" 41 1500 3.6989898989899
181.82 16.39 0 0 "KDE QDA" 41 1500 3.70909090909091
183.025 16.39 0 0 "KDE QDA" 41 1500 3.71919191919192
183.415 16.39 0 0 "KDE QDA" 41 1500 3.72929292929293
185.265 16.405 0 0 "KDE QDA" 41 1500 3.73939393939394
185.965 16.42 0 0 "KDE QDA" 41 1500 3.74949494949495
185.995 16.445 0 0 "KDE QDA" 41 1500 3.75959595959596
191.695 16.47 0 0 "KDE QDA" 41 1500 3.76969696969697
192.58 16.515 0 0 "KDE QDA" 41 1500 3.77979797979798
203.12 17.08 0 0 "KDE QDA" 41 1500 3.78989898989899
203.77 17.085 0 0 "KDE QDA" 41 1500 3.8
