58.085 14.03 0 0 54.8599068936904 10.8527822646031 "LDA" 28 5000 1.5
60.661 14.474 0 0 56.8599431245946 11.0236493433366 "LDA" 28 5000 1.53535353535354
64.356 14.948 0 0 59.7998937397993 11.3565958045652 "LDA" 28 5000 1.57070707070707
67.609 15.387 0 0 63.2652243148446 11.6027520379803 "LDA" 28 5000 1.60606060606061
71.99 15.87 0 0 66.9078363015765 11.8974219328663 "LDA" 28 5000 1.64141414141414
77.274 16.468 0 0 72.7322136257305 12.4545610959235 "LDA" 28 5000 1.67676767676768
80.794 16.731 0 0 75.4271623542926 12.5348219277643 "LDA" 28 5000 1.71212121212121
83.931 17.265 0 0 78.4209416105359 13.1019248752019 "LDA" 28 5000 1.74747474747475
88.389 17.827 0 0 84.7116269395101 13.6873084795154 "LDA" 28 5000 1.78282828282828
93.682 18.226 0 0 92.6138553468227 13.96144139571 "LDA" 28 5000 1.81818181818182
99.718 18.559 0 0 97.6632509523751 14.0252353358589 "LDA" 28 5000 1.85353535353535
103.165 18.982 0 0 100.080847073508 14.341176567679 "LDA" 28 5000 1.88888888888889
107.316 19.407 0 0 102.142602547885 14.516200297291 "LDA" 28 5000 1.92424242424242
114.846 19.759 0 0 112.552985115715 14.656320367907 "LDA" 28 5000 1.95959595959596
122.008 20.11 0 0 119.509415681094 14.6967307212827 "LDA" 28 5000 1.99494949494949
128.311 20.525 0 0 122.87108521773 14.7917602458656 "LDA" 28 5000 2.03030303030303
133.803 20.96 0 0 127.304189041632 15.059920358395 "LDA" 28 5000 2.06565656565657
138.869 21.468 0 0 131.552361677253 15.2536438154839 "LDA" 28 5000 2.1010101010101
144.422 22.018 0 0 136.079048436647 15.5690099258132 "LDA" 28 5000 2.13636363636364
150.53 22.474 0 0 142.471496192141 15.8689996266037 "LDA" 28 5000 2.17171717171717
161.636 23.081 0 0 157.132817152326 16.0754738611296 "LDA" 28 5000 2.20707070707071
169.707 23.558 0 0 165.214887676959 16.263306279202 "LDA" 28 5000 2.24242424242424
181.734 23.965 0 0 175.326091847399 16.540718556652 "LDA" 28 5000 2.27777777777778
191.378 24.416 0 0 183.364455769486 16.6667550748406 "LDA" 28 5000 2.31313131313131
201.46 24.915 0 0 197.287614418145 17.033435147172 "LDA" 28 5000 2.34848484848485
211.774 25.521 0 0 209.411623727414 17.6451951508594 "LDA" 28 5000 2.38383838383838
223.569 26.215 0 0 222.744738338434 18.4342777888801 "LDA" 28 5000 2.41919191919192
239.079 26.577 0 0 242.268323764581 18.6025300732219 "LDA" 28 5000 2.45454545454545
252.106 27.173 0 0 255.766012239736 18.7866444318566 "LDA" 28 5000 2.48989898989899
266.164 27.621 0 0 270.41060074819 18.8905323167774 "LDA" 28 5000 2.52525252525253
283.3 27.978 0 0 293.743829615938 19.0768824351214 "LDA" 28 5000 2.56060606060606
295.154 28.459 0 0 299.326214131784 19.2945224765372 "LDA" 28 5000 2.5959595959596
316.993 28.877 0 0 323.28405084156 19.486240904407 "LDA" 28 5000 2.63131313131313
331.07 29.184 0 0 332.31752291451 19.6053695327202 "LDA" 28 5000 2.66666666666667
346.251 29.768 0 0 344.301099687826 20.058277855053 "LDA" 28 5000 2.7020202020202
362.919 30.202 0 0 357.957338093375 20.357151313718 "LDA" 28 5000 2.73737373737374
387.267 30.85 0 0 385.530223541896 20.7290905539822 "LDA" 28 5000 2.77272727272727
404.07 31.468 0 0 396.687950951917 20.9316293945099 "LDA" 28 5000 2.80808080808081
426.925 32.176 0 0 423.878305877044 21.4450207020864 "LDA" 28 5000 2.84343434343434
446.081 32.711 0 0 440.883111898559 21.7546487846562 "LDA" 28 5000 2.87878787878788
467.81 33.21 0 0 462.288341201041 22.172720390821 "LDA" 28 5000 2.91414141414141
495.81 33.933 0 0 492.567592044719 22.6203490510467 "LDA" 28 5000 2.94949494949495
525.852 34.454 0 0 520.969297660721 22.9019733731481 "LDA" 28 5000 2.98484848484848
554.312 35.138 0 0 552.626449465322 23.4654551113671 "LDA" 28 5000 3.02020202020202
587.777 35.782 0 0 597.360164756102 24.0420151920444 "LDA" 28 5000 3.05555555555556
616.792 36.424 0 0 617.147487848535 24.3994171150779 "LDA" 28 5000 3.09090909090909
646.385 37.045 0 0 639.555686591286 24.6992515681757 "LDA" 28 5000 3.12626262626263
679.357 37.652 0 0 671.153233034911 24.9378184849997 "LDA" 28 5000 3.16161616161616
699.063 38.063 0 0 679.897555310149 25.2219185665202 "LDA" 28 5000 3.1969696969697
741.227 38.55 0 0 726.950770612353 25.4338038519286 "LDA" 28 5000 3.23232323232323
778.037 39.008 0 0 740.954340675568 25.7591434149016 "LDA" 28 5000 3.26767676767677
822.751 39.463 0 0 781.581249934547 25.9567020513274 "LDA" 28 5000 3.3030303030303
869.578 40.151 0 0 836.241952139761 26.7886137907289 "LDA" 28 5000 3.33838383838384
915.094 40.615 0 0 882.917469768507 27.0407095871202 "LDA" 28 5000 3.37373737373737
955.986 41.227 0 0 929.924525661856 27.4295433948663 "LDA" 28 5000 3.40909090909091
1002.543 41.997 0 0 976.726113120281 28.3410339473564 "LDA" 28 5000 3.44444444444444
1044.287 42.638 0 0 1003.98014161424 28.6268484547715 "LDA" 28 5000 3.47979797979798
1078.717 43.355 0 0 1028.073116682 28.9289103987146 "LDA" 28 5000 3.51515151515152
1132.913 43.761 0 0 1077.68927785824 29.0291331177762 "LDA" 28 5000 3.55050505050505
1195.108 44.444 0 0 1150.35340103956 29.6869024348479 "LDA" 28 5000 3.58585858585859
1261.477 44.935 0 0 1188.95413679856 29.9342418282781 "LDA" 28 5000 3.62121212121212
1340.126 45.33 0 0 1266.80551796412 29.9871694284461 "LDA" 28 5000 3.65656565656566
1390.01 46.143 0 0 1295.71864334149 30.4759139704182 "LDA" 28 5000 3.69191919191919
1452.093 46.715 0 0 1365.021761277 30.6933519977349 "LDA" 28 5000 3.72727272727273
1505.844 47.638 0 0 1412.3131558242 31.3162204242731 "LDA" 28 5000 3.76262626262626
1591.14114114114 48.701 1 0 1485.41659814315 32.3822514536777 "LDA" 28 5000 3.7979797979798
1660.5751503006 49.184 2 0 1536.95398125161 32.5080438801986 "LDA" 28 5000 3.83333333333333
1724.15145436309 49.881 3 0 1575.16406429558 32.7539869735375 "LDA" 28 5000 3.86868686868687
1839.90562248996 50.222 4 0 1664.41516767314 32.9476290840822 "LDA" 28 5000 3.9040404040404
1962.42052313883 51.107 6 0 1776.4082730865 34.1719662043944 "LDA" 28 5000 3.93939393939394
2064.33333333333 51.936 7 0 1860.75287308775 34.5788895657973 "LDA" 28 5000 3.97474747474747
2129.56072874494 52.457 12 0 1903.97685372753 34.778293239903 "LDA" 28 5000 4.01010101010101
2235.96849593496 53.313 16 0 1978.00349007223 35.0955656704623 "LDA" 28 5000 4.04545454545454
2287.73496432212 53.921 19 0 2009.27495276452 35.3529997821061 "LDA" 28 5000 4.08080808080808
2378.22448979592 54.415 20 0 2089.08166447118 35.6882393152902 "LDA" 28 5000 4.11616161616162
2486.56134969325 54.965 22 0 2139.84948456681 35.7343072650879 "LDA" 28 5000 4.15151515151515
2567.64 55.538 25 0 2188.42917951614 36.1058192842398 "LDA" 28 5000 4.18686868686869
2647.26501035197 56.177 34 0 2223.84891483616 36.4801106011134 "LDA" 28 5000 4.22222222222222
2722.040625 57.094 40 0 2237.3814459165 37.0397233400184 "LDA" 28 5000 4.25757575757576
2811.01780104712 57.698 45 0 2295.57888331811 37.2345969658759 "LDA" 28 5000 4.29292929292929
2863.16965226554 58.229 51 0 2338.33824332048 37.6141380651263 "LDA" 28 5000 4.32828282828283
2908.46341463415 58.938 57 0 2354.04156742288 38.3821227050217 "LDA" 28 5000 4.36363636363636
2987.27564102564 59.561 64 0 2401.11228122351 38.7987322037798 "LDA" 28 5000 4.3989898989899
3056.43952483801 60.315 74 0 2415.2885680907 39.3930652347414 "LDA" 28 5000 4.43434343434343
3133.54880694143 61.079 78 0 2444.3458144663 40.1516988173342 "LDA" 28 5000 4.46969696969697
3198.89207048458 61.827 92 0 2481.64794747284 40.7181905546163 "LDA" 28 5000 4.50505050505051
3274.12975391499 62.443 106 0 2504.07243108979 40.837463797957 "LDA" 28 5000 4.54040404040404
3321.45662100457 63.228 124 0 2512.5666647819 41.1993616868442 "LDA" 28 5000 4.57575757575758
3368.94431554524 63.709 138 0 2519.92542322017 41.3443305989186 "LDA" 28 5000 4.61111111111111
3473.03176470588 64.373 150 0 2570.65341730905 41.8646213110488 "LDA" 28 5000 4.64646464646465
3540.85920577617 64.978 169 0 2591.98179436542 41.9216046560355 "LDA" 28 5000 4.68181818181818
3607.76470588235 65.608 184 0 2624.11749391474 42.101863413665 "LDA" 28 5000 4.71717171717172
3675.67164179104 66.766 196 0 2643.1957150741 44.1338083223852 "LDA" 28 5000 4.75252525252525
3718.26329113924 67.559 210 0 2646.5557331585 44.7022237456685 "LDA" 28 5000 4.78787878787879
3739.97409326425 68.371 228 0 2648.35637241916 45.1145506647432 "LDA" 28 5000 4.82323232323232
3790.97911227154 68.886 234 0 2665.45029750172 45.2943327644925 "LDA" 28 5000 4.85858585858586
3881.16042780749 69.556 252 0 2702.42768213575 45.7160236549377 "LDA" 28 5000 4.89393939393939
3960.67803547067 69.853 267 0 2708.26594098995 45.7315510973088 "LDA" 28 5000 4.92929292929293
4008.88111888112 70.288 285 0 2700.42925908576 45.8947860588476 "LDA" 28 5000 4.96464646464646
4044.2 70.95 295 0 2694.13165267249 45.9593054533873 "LDA" 28 5000 5
33.632 11.11 0 0 27.9960417622626 7.46951763460625 "uLSIF" 28 5000 1.5
35.416 11.468 0 0 29.4992398062925 7.80255444427374 "uLSIF" 28 5000 1.53535353535354
37.226 11.748 0 0 31.206582234759 7.97044691494925 "uLSIF" 28 5000 1.57070707070707
38.595 12.12 0 0 33.3449675642647 8.1785382855672 "uLSIF" 28 5000 1.60606060606061
39.644 12.441 0 0 34.1396364769571 8.36232308915695 "uLSIF" 28 5000 1.64141414141414
41.196 12.764 0 0 34.6566973422262 8.61141454468779 "uLSIF" 28 5000 1.67676767676768
43.17 13.108 0 0 35.9174214158138 8.75448325013972 "uLSIF" 28 5000 1.71212121212121
45.19 13.438 0 0 37.7472483070588 8.99327721328744 "uLSIF" 28 5000 1.74747474747475
47.398 13.837 0 0 39.8794931007149 9.28119451210735 "uLSIF" 28 5000 1.78282828282828
49.936 14.105 0 0 43.069442542026 9.48503774061764 "uLSIF" 28 5000 1.81818181818182
51.89 14.487 0 0 44.5897987229159 9.76592055078292 "uLSIF" 28 5000 1.85353535353535
54.314 14.749 0 0 46.3027142330268 9.93179941599908 "uLSIF" 28 5000 1.88888888888889
55.933 15.064 0 0 47.6601510803417 10.2373193125303 "uLSIF" 28 5000 1.92424242424242
58.814 15.401 0 0 50.1971030354656 10.6919837971032 "uLSIF" 28 5000 1.95959595959596
60.334 15.84 0 0 51.3035329825978 11.0135234006969 "uLSIF" 28 5000 1.99494949494949
62.722 16.291 0 0 53.6395182110533 11.2464573000479 "uLSIF" 28 5000 2.03030303030303
66.65 16.512 0 0 59.8925255321114 11.3634054307229 "uLSIF" 28 5000 2.06565656565657
70.521 16.814 0 0 63.7842142303641 11.5150336517094 "uLSIF" 28 5000 2.1010101010101
73.363 17.257 0 0 67.0329668868211 11.8409948973961 "uLSIF" 28 5000 2.13636363636364
77.325 17.741 0 0 69.8452556351162 12.2238022047291 "uLSIF" 28 5000 2.17171717171717
79.56 17.971 0 0 71.2787560291358 12.4045972539633 "uLSIF" 28 5000 2.20707070707071
82.63 18.304 0 0 73.6746975634177 12.5014347124588 "uLSIF" 28 5000 2.24242424242424
85.925 18.681 0 0 79.4312829035494 12.7755412195904 "uLSIF" 28 5000 2.27777777777778
87.96 19.099 0 0 81.5792840099714 13.1428281938452 "uLSIF" 28 5000 2.31313131313131
91.34 19.346 0 0 86.0583199605618 13.2290321373595 "uLSIF" 28 5000 2.34848484848485
95.638 19.724 0 0 89.5722733224302 13.6513803032581 "uLSIF" 28 5000 2.38383838383838
99.336 20.087 0 0 91.8415917870655 13.8778249385494 "uLSIF" 28 5000 2.41919191919192
104.182 20.533 0 0 96.8640362441991 14.2786130205209 "uLSIF" 28 5000 2.45454545454545
107.633 20.801 0 0 100.827409356174 14.3360008342606 "uLSIF" 28 5000 2.48989898989899
113.418 21.175 0 0 106.675502993606 14.6353875783858 "uLSIF" 28 5000 2.52525252525253
118.748 21.513 0 0 109.954283411063 14.839475767056 "uLSIF" 28 5000 2.56060606060606
122.259 21.956 0 0 112.362303314796 15.1034492146059 "uLSIF" 28 5000 2.5959595959596
126.856 22.329 0 0 117.565500513165 15.2855620572947 "uLSIF" 28 5000 2.63131313131313
130.081 22.66 0 0 121.654478960913 15.3393512149535 "uLSIF" 28 5000 2.66666666666667
135.9 22.995 0 0 130.559709856593 15.3621929415032 "uLSIF" 28 5000 2.7020202020202
142.931 23.432 0 0 134.40762496469 15.5415866923849 "uLSIF" 28 5000 2.73737373737374
148.824 23.735 0 0 141.021793245477 15.6663400068175 "uLSIF" 28 5000 2.77272727272727
154.062 24.016 0 0 144.424397393801 15.7636365168776 "uLSIF" 28 5000 2.80808080808081
159.598 24.511 0 0 149.778302620693 16.2158204180927 "uLSIF" 28 5000 2.84343434343434
164.457 24.811 0 0 156.184716975819 16.4187958101639 "uLSIF" 28 5000 2.87878787878788
171.903 25.22 0 0 162.732035279801 16.6915609877629 "uLSIF" 28 5000 2.91414141414141
177.595 25.66 0 0 168.634428707621 16.8433398736147 "uLSIF" 28 5000 2.94949494949495
181.497 26.023 0 0 172.541927390729 17.0378625349473 "uLSIF" 28 5000 2.98484848484848
186.918 26.468 0 0 176.385955453605 17.5035239123255 "uLSIF" 28 5000 3.02020202020202
194.757 26.76 0 0 181.996012317577 17.6348344870993 "uLSIF" 28 5000 3.05555555555556
200.627 27.206 0 0 187.767144014525 17.9646957751668 "uLSIF" 28 5000 3.09090909090909
206.934 27.727 0 0 198.688562299869 18.553617105775 "uLSIF" 28 5000 3.12626262626263
212.702 28.274 0 0 203.065681164659 18.888772054046 "uLSIF" 28 5000 3.16161616161616
220.229 28.593 0 0 207.788446737535 18.9230926234174 "uLSIF" 28 5000 3.1969696969697
230.714 29.094 0 0 217.991464242255 19.1072827019504 "uLSIF" 28 5000 3.23232323232323
240.631 29.526 0 0 226.116163416856 19.2734218235577 "uLSIF" 28 5000 3.26767676767677
248.271 29.769 0 0 234.238932367009 19.3491092050003 "uLSIF" 28 5000 3.3030303030303
255.648 30.09 0 0 244.163391723366 19.4623915458683 "uLSIF" 28 5000 3.33838383838384
262.872 30.404 0 0 250.657433092986 19.59706173968 "uLSIF" 28 5000 3.37373737373737
269.872 30.938 0 0 252.780199868276 19.9569144517492 "uLSIF" 28 5000 3.40909090909091
283.976 31.491 0 0 266.126080109625 20.3043883726446 "uLSIF" 28 5000 3.44444444444444
298.481 32.062 0 0 283.170279242095 20.9944021329716 "uLSIF" 28 5000 3.47979797979798
307.681 32.458 0 0 290.303667662774 21.1886099872831 "uLSIF" 28 5000 3.51515151515152
314.56 32.855 0 0 293.669133481815 21.3182654886237 "uLSIF" 28 5000 3.55050505050505
324.853 33.093 0 0 304.212535339453 21.3315584612655 "uLSIF" 28 5000 3.58585858585859
335.345 33.45 0 0 311.468982246871 21.5611777132972 "uLSIF" 28 5000 3.62121212121212
348.222 33.792 0 0 322.520644738104 21.811613477285 "uLSIF" 28 5000 3.65656565656566
359.538 34.201 0 0 330.843455350031 22.2109866265983 "uLSIF" 28 5000 3.69191919191919
373.829 34.6 0 0 343.805174127378 22.3829174817537 "uLSIF" 28 5000 3.72727272727273
392.327 34.976 0 0 381.572548384551 22.6956497266881 "uLSIF" 28 5000 3.76262626262626
407.379 35.294 0 0 388.947785362944 22.8131980661635 "uLSIF" 28 5000 3.7979797979798
422.096 35.665 0 0 412.297472694158 22.9323498069358 "uLSIF" 28 5000 3.83333333333333
438.714 36.128 0 0 434.311232240718 23.0236770674388 "uLSIF" 28 5000 3.86868686868687
450.92 36.61 0 0 444.546372245998 23.3462834076208 "uLSIF" 28 5000 3.9040404040404
468.16 37.119 0 0 463.29807846516 23.78643801904 "uLSIF" 28 5000 3.93939393939394
490.437 37.562 0 0 487.646793721056 24.236203282477 "uLSIF" 28 5000 3.97474747474747
509.699 37.997 0 0 507.684273659054 24.2761265716201 "uLSIF" 28 5000 4.01010101010101
526.25 38.518 0 0 521.786034851611 24.906706326209 "uLSIF" 28 5000 4.04545454545454
542.744 38.898 0 0 535.413969356966 25.4588245555004 "uLSIF" 28 5000 4.08080808080808
566.563 39.412 0 0 555.239170599092 25.8415564941828 "uLSIF" 28 5000 4.11616161616162
580.352 39.857 0 0 562.917345650349 26.0237158143257 "uLSIF" 28 5000 4.15151515151515
595.085 40.276 0 0 573.622428488867 26.1910250619137 "uLSIF" 28 5000 4.18686868686869
622.361 40.731 0 0 595.935259497634 26.2697304466136 "uLSIF" 28 5000 4.22222222222222
634.137 41.191 0 0 602.657257486377 26.3852743344029 "uLSIF" 28 5000 4.25757575757576
652.2 41.541 0 0 620.686105242611 26.3867500761193 "uLSIF" 28 5000 4.29292929292929
670.607 41.784 0 0 630.732769386035 26.4712309889448 "uLSIF" 28 5000 4.32828282828283
686.837 42.054 0 0 641.623131342437 26.5505935530266 "uLSIF" 28 5000 4.36363636363636
705.109 42.4 0 0 656.952434823573 26.576687534761 "uLSIF" 28 5000 4.3989898989899
721.01 42.898 0 0 673.775291208458 26.692059906685 "uLSIF" 28 5000 4.43434343434343
744.961 43.214 0 0 693.93457521129 26.8587340653947 "uLSIF" 28 5000 4.46969696969697
775.354 43.671 0 0 725.280495036562 27.242851024295 "uLSIF" 28 5000 4.50505050505051
801.63 44.126 0 0 765.649995112006 27.7061681896966 "uLSIF" 28 5000 4.54040404040404
824.502 44.729 0 0 780.547661996786 28.5140072176397 "uLSIF" 28 5000 4.57575757575758
846.755 45.25 0 0 813.074420325709 28.6401424186012 "uLSIF" 28 5000 4.61111111111111
873.544 45.681 0 0 832.089557136187 28.7272430541723 "uLSIF" 28 5000 4.64646464646465
901.098 46.103 0 0 844.004401544107 28.9289002949001 "uLSIF" 28 5000 4.68181818181818
931.149 46.399 0 0 884.070509328563 28.9711429896393 "uLSIF" 28 5000 4.71717171717172
953.691 46.682 0 0 907.336382401714 28.9909874504708 "uLSIF" 28 5000 4.75252525252525
979.311 47.101 0 0 931.741658829205 29.1722782932842 "uLSIF" 28 5000 4.78787878787879
1004.143 47.628 0 0 951.134143383419 29.628254242352 "uLSIF" 28 5000 4.82323232323232
1029.092 47.873 0 0 971.832595733509 29.6756384011282 "uLSIF" 28 5000 4.85858585858586
1069.58 48.164 0 0 1025.77614434062 29.6598518339322 "uLSIF" 28 5000 4.89393939393939
1110.083 48.54 0 0 1060.03552177199 30.0332215120921 "uLSIF" 28 5000 4.92929292929293
1139.217 49.08 0 0 1089.98138577332 30.3093757484092 "uLSIF" 28 5000 4.96464646464646
1166.986 49.509 0 0 1104.34048450182 30.6148524116676 "uLSIF" 28 5000 5
