46.343 0 40.2023578982699 "LDA" 41 3 3 1.5
48.248 0 42.2484725100142 "LDA" 41 3 3 1.53535353535354
50.552 0 43.8229819814872 "LDA" 41 3 3 1.57070707070707
52.421 0 44.7373131310563 "LDA" 41 3 3 1.60606060606061
54.451 0 46.0605598551969 "LDA" 41 3 3 1.64141414141414
56.319 0 47.1980602980239 "LDA" 41 3 3 1.67676767676768
58.934 0 49.4249984772329 "LDA" 41 3 3 1.71212121212121
61.067 0 50.3639656901642 "LDA" 41 3 3 1.74747474747475
64.089 0 53.1837154266848 "LDA" 41 3 3 1.78282828282828
67.343 0 56.3761440737181 "LDA" 41 3 3 1.81818181818182
69.974 0 57.8343681398711 "LDA" 41 3 3 1.85353535353535
72.882 0 60.6998892301506 "LDA" 41 3 3 1.88888888888889
76.879 0 65.4436645690951 "LDA" 41 3 3 1.92424242424242
79.368 0 68.7541541269305 "LDA" 41 3 3 1.95959595959596
82.698 0 74.1385683927288 "LDA" 41 3 3 1.99494949494949
85.074 0 75.4730329502048 "LDA" 41 3 3 2.03030303030303
88.462 0 77.9475874057843 "LDA" 41 3 3 2.06565656565657
92.001 0 80.966403881842 "LDA" 41 3 3 2.1010101010101
95.775 0 84.4844245585717 "LDA" 41 3 3 2.13636363636364
99.338 0 87.7434936429857 "LDA" 41 3 3 2.17171717171717
102.451 0 89.9420767837622 "LDA" 41 3 3 2.20707070707071
105.972 0 91.7484550005884 "LDA" 41 3 3 2.24242424242424
108.945 0 93.8365881747641 "LDA" 41 3 3 2.27777777777778
114.322 0 98.6995335040339 "LDA" 41 3 3 2.31313131313131
118.3 0 101.625802844572 "LDA" 41 3 3 2.34848484848485
124.283 0 108.897426785763 "LDA" 41 3 3 2.38383838383838
127.732 0 111.320880855815 "LDA" 41 3 3 2.41919191919192
132.155 0 114.559647729416 "LDA" 41 3 3 2.45454545454545
135.946 0 117.745747885625 "LDA" 41 3 3 2.48989898989899
140.283 0 121.25421846887 "LDA" 41 3 3 2.52525252525253
143.841 0 122.68641193985 "LDA" 41 3 3 2.56060606060606
148.017 0 125.770580621821 "LDA" 41 3 3 2.5959595959596
151.422 0 128.670820686339 "LDA" 41 3 3 2.63131313131313
156.396 0 133.083178186863 "LDA" 41 3 3 2.66666666666667
162.086 0 138.661384615846 "LDA" 41 3 3 2.7020202020202
167.319 0 144.255283528285 "LDA" 41 3 3 2.73737373737374
171.496 0 147.936544522323 "LDA" 41 3 3 2.77272727272727
178.905 0 155.193650140861 "LDA" 41 3 3 2.80808080808081
184.356 0 161.672270928527 "LDA" 41 3 3 2.84343434343434
189.489 0 166.338938681 "LDA" 41 3 3 2.87878787878788
196.363 0 171.763441718286 "LDA" 41 3 3 2.91414141414141
201.142 0 173.99374028297 "LDA" 41 3 3 2.94949494949495
204.741 0 177.703062149467 "LDA" 41 3 3 2.98484848484848
211.662 0 185.711277079327 "LDA" 41 3 3 3.02020202020202
219.805 0 193.238883874962 "LDA" 41 3 3 3.05555555555556
223.002 0 195.209166318118 "LDA" 41 3 3 3.09090909090909
231.048 0 201.139739710707 "LDA" 41 3 3 3.12626262626263
238.909 0 210.867465026748 "LDA" 41 3 3 3.16161616161616
243.528 0 214.955001962897 "LDA" 41 3 3 3.1969696969697
249.304 0 220.821207291305 "LDA" 41 3 3 3.23232323232323
256.305 0 228.465267280069 "LDA" 41 3 3 3.26767676767677
261.996 0 233.792769441322 "LDA" 41 3 3 3.3030303030303
268.1 0 235.76947054961 "LDA" 41 3 3 3.33838383838384
275.776 0 244.790061068659 "LDA" 41 3 3 3.37373737373737
285.191 0 252.145656220667 "LDA" 41 3 3 3.40909090909091
291.992 0 258.165810132793 "LDA" 41 3 3 3.44444444444444
296.793 0 261.797719999998 "LDA" 41 3 3 3.47979797979798
304.992 0 268.206403000768 "LDA" 41 3 3 3.51515151515152
313.445 0 276.611798486728 "LDA" 41 3 3 3.55050505050505
322.332 0 282.90688234838 "LDA" 41 3 3 3.58585858585859
328.575 0 288.837482793467 "LDA" 41 3 3 3.62121212121212
337.702 0 293.069867340781 "LDA" 41 3 3 3.65656565656566
346.376376376376 1 298.175357079725 "LDA" 41 3 3 3.69191919191919
355.145145145145 1 303.589943280861 "LDA" 41 3 3 3.72727272727273
363.451903807615 2 310.567838544814 "LDA" 41 3 3 3.76262626262626
374.77755511022 2 316.822597508623 "LDA" 41 3 3 3.7979797979798
385.557114228457 2 328.259084144612 "LDA" 41 3 3 3.83333333333333
388.704112337011 3 328.496467912309 "LDA" 41 3 3 3.86868686868687
393.744232698094 3 332.385357503711 "LDA" 41 3 3 3.9040404040404
403.796576032226 7 340.910922330264 "LDA" 41 3 3 3.93939393939394
414.537764350453 7 347.434231467482 "LDA" 41 3 3 3.97474747474747
425.232862903226 8 356.722083720357 "LDA" 41 3 3 4.01010101010101
432.68213925328 9 359.724570385812 "LDA" 41 3 3 4.04545454545454
439.766430738119 11 366.558928995898 "LDA" 41 3 3 4.08080808080808
448.215369059656 11 373.525298893329 "LDA" 41 3 3 4.11616161616162
456.451417004049 12 383.745597439529 "LDA" 41 3 3 4.15151515151515
463.789473684211 12 386.336462713543 "LDA" 41 3 3 4.18686868686869
478.968623481781 12 398.436595197316 "LDA" 41 3 3 4.22222222222222
486.415821501014 14 401.931799039806 "LDA" 41 3 3 4.25757575757576
491.144308943089 16 401.966599367725 "LDA" 41 3 3 4.29292929292929
499.314285714286 20 408.036684445052 "LDA" 41 3 3 4.32828282828283
507.042857142857 20 412.747235098814 "LDA" 41 3 3 4.36363636363636
520.325153374233 22 421.400482965102 "LDA" 41 3 3 4.3989898989899
524.138461538462 25 424.471704877939 "LDA" 41 3 3 4.43434343434343
533.887063655031 26 430.134228884627 "LDA" 41 3 3 4.46969696969697
541.424460431655 27 435.346453607425 "LDA" 41 3 3 4.50505050505051
555.008221993834 27 441.459511090575 "LDA" 41 3 3 4.54040404040404
563.121524201854 29 445.389635582918 "LDA" 41 3 3 4.57575757575758
568.12512926577 33 448.411419453881 "LDA" 41 3 3 4.61111111111111
575.382780082988 36 452.968620189725 "LDA" 41 3 3 4.64646464646465
586.36836628512 39 457.887333301835 "LDA" 41 3 3 4.68181818181818
594.219077568134 46 463.672009773295 "LDA" 41 3 3 4.71717171717172
604.028301886792 46 468.380250447524 "LDA" 41 3 3 4.75252525252525
611.605042016807 48 469.933929955528 "LDA" 41 3 3 4.78787878787879
617.452155625657 49 472.611634902642 "LDA" 41 3 3 4.82323232323232
625.708860759494 52 474.231854466214 "LDA" 41 3 3 4.85858585858586
632.436305732484 58 473.67604142418 "LDA" 41 3 3 4.89393939393939
643.973347547974 62 478.0470167212 "LDA" 41 3 3 4.92929292929293
652.124597207304 69 478.937609633247 "LDA" 41 3 3 4.96464646464646
656.103671706264 74 480.306955959687 "LDA" 41 3 3 5
12.99 0 8.35977187402777 "uLSIF" 41 3 3 1.5
13.393 0 8.63765941445715 "uLSIF" 41 3 3 1.53535353535354
13.799 0 8.8389323860818 "uLSIF" 41 3 3 1.57070707070707
14.142 0 9.02459302568705 "uLSIF" 41 3 3 1.60606060606061
14.414 0 9.1584103686437 "uLSIF" 41 3 3 1.64141414141414
14.814 0 9.41679776145161 "uLSIF" 41 3 3 1.67676767676768
15.131 0 9.57943654943257 "uLSIF" 41 3 3 1.71212121212121
15.548 0 9.76222295366158 "uLSIF" 41 3 3 1.74747474747475
15.934 0 10.1249275631067 "uLSIF" 41 3 3 1.78282828282828
16.383 0 10.3611613569457 "uLSIF" 41 3 3 1.81818181818182
16.867 0 10.6730138304147 "uLSIF" 41 3 3 1.85353535353535
17.257 0 10.7708384985553 "uLSIF" 41 3 3 1.88888888888889
17.582 0 10.9843494086783 "uLSIF" 41 3 3 1.92424242424242
17.934 0 11.2057669622928 "uLSIF" 41 3 3 1.95959595959596
18.373 0 11.4043820933416 "uLSIF" 41 3 3 1.99494949494949
18.656 0 11.4457270921802 "uLSIF" 41 3 3 2.03030303030303
19.012 0 11.6182976739642 "uLSIF" 41 3 3 2.06565656565657
19.534 0 11.9080075850095 "uLSIF" 41 3 3 2.1010101010101
19.916 0 12.1386280233925 "uLSIF" 41 3 3 2.13636363636364
20.188 0 12.5971164693887 "uLSIF" 41 3 3 2.17171717171717
20.558 0 12.7200800483502 "uLSIF" 41 3 3 2.20707070707071
20.921 0 12.7523088254786 "uLSIF" 41 3 3 2.24242424242424
21.397 0 13.0858178815705 "uLSIF" 41 3 3 2.27777777777778
21.957 0 13.4104060337482 "uLSIF" 41 3 3 2.31313131313131
22.317 0 13.5740475086013 "uLSIF" 41 3 3 2.34848484848485
22.758 0 14.0542861419198 "uLSIF" 41 3 3 2.38383838383838
23.221 0 14.4831599080077 "uLSIF" 41 3 3 2.41919191919192
23.567 0 14.6586625374687 "uLSIF" 41 3 3 2.45454545454545
23.87 0 14.7093665895397 "uLSIF" 41 3 3 2.48989898989899
24.257 0 14.8098035530955 "uLSIF" 41 3 3 2.52525252525253
24.888 0 15.1574141331298 "uLSIF" 41 3 3 2.56060606060606
25.4 0 15.8309386524811 "uLSIF" 41 3 3 2.5959595959596
25.848 0 15.9576797669192 "uLSIF" 41 3 3 2.63131313131313
26.345 0 16.0923876395002 "uLSIF" 41 3 3 2.66666666666667
26.863 0 16.4348512416552 "uLSIF" 41 3 3 2.7020202020202
27.219 0 16.5027082134533 "uLSIF" 41 3 3 2.73737373737374
27.877 0 17.1527866275159 "uLSIF" 41 3 3 2.77272727272727
28.325 0 17.2945794247064 "uLSIF" 41 3 3 2.80808080808081
28.711 0 17.4523942502187 "uLSIF" 41 3 3 2.84343434343434
29.187 0 17.7770654230403 "uLSIF" 41 3 3 2.87878787878788
29.676 0 17.9208867576965 "uLSIF" 41 3 3 2.91414141414141
30.168 0 18.2127834633117 "uLSIF" 41 3 3 2.94949494949495
30.514 0 18.2873243048356 "uLSIF" 41 3 3 2.98484848484848
31.123 0 18.7102095911014 "uLSIF" 41 3 3 3.02020202020202
31.572 0 18.8302255268861 "uLSIF" 41 3 3 3.05555555555556
31.932 0 18.951372787493 "uLSIF" 41 3 3 3.09090909090909
32.314 0 19.1034118508801 "uLSIF" 41 3 3 3.12626262626263
32.708 0 19.3381151795799 "uLSIF" 41 3 3 3.16161616161616
33.192 0 19.4913583171889 "uLSIF" 41 3 3 3.1969696969697
33.586 0 19.8446570747497 "uLSIF" 41 3 3 3.23232323232323
33.972 0 19.8794972373652 "uLSIF" 41 3 3 3.26767676767677
34.452 0 20.1987545577861 "uLSIF" 41 3 3 3.3030303030303
34.987 0 20.2713531555927 "uLSIF" 41 3 3 3.33838383838384
35.468 0 20.5100862903996 "uLSIF" 41 3 3 3.37373737373737
35.775 0 20.550783676291 "uLSIF" 41 3 3 3.40909090909091
36.205 0 20.7270013167265 "uLSIF" 41 3 3 3.44444444444444
36.795 0 21.3219980912344 "uLSIF" 41 3 3 3.47979797979798
37.14 0 21.3477428813007 "uLSIF" 41 3 3 3.51515151515152
37.699 0 21.6660983755456 "uLSIF" 41 3 3 3.55050505050505
38.084 0 21.8721589088808 "uLSIF" 41 3 3 3.58585858585859
38.558 0 22.0706535868277 "uLSIF" 41 3 3 3.62121212121212
39.021 0 22.5992319401409 "uLSIF" 41 3 3 3.65656565656566
39.352 0 22.6815022991544 "uLSIF" 41 3 3 3.69191919191919
40.01 0 22.9277033210825 "uLSIF" 41 3 3 3.72727272727273
40.429 0 22.9594445728788 "uLSIF" 41 3 3 3.76262626262626
40.834 0 23.3396054204261 "uLSIF" 41 3 3 3.7979797979798
41.437 0 23.6273630200935 "uLSIF" 41 3 3 3.83333333333333
41.793 0 23.7306825922959 "uLSIF" 41 3 3 3.86868686868687
42.224 0 24.0172157139551 "uLSIF" 41 3 3 3.9040404040404
42.716 0 24.440676968748 "uLSIF" 41 3 3 3.93939393939394
42.936 0 24.4747812843939 "uLSIF" 41 3 3 3.97474747474747
43.476 0 24.6299829488382 "uLSIF" 41 3 3 4.01010101010101
44.028 0 24.7952822533244 "uLSIF" 41 3 3 4.04545454545454
44.608 0 25.3328658088675 "uLSIF" 41 3 3 4.08080808080808
45.335 0 25.8359104594607 "uLSIF" 41 3 3 4.11616161616162
45.774 0 26.1798454599776 "uLSIF" 41 3 3 4.15151515151515
46.474 0 27.0889116269579 "uLSIF" 41 3 3 4.18686868686869
46.793 0 27.3156053071004 "uLSIF" 41 3 3 4.22222222222222
47.259 0 27.4737461174432 "uLSIF" 41 3 3 4.25757575757576
47.604 0 27.5430536397801 "uLSIF" 41 3 3 4.29292929292929
48.296 0 27.8796280042912 "uLSIF" 41 3 3 4.32828282828283
48.737 0 28.0450415466862 "uLSIF" 41 3 3 4.36363636363636
49.197 0 28.193067233631 "uLSIF" 41 3 3 4.3989898989899
49.59 0 28.2744645456876 "uLSIF" 41 3 3 4.43434343434343
50.285 0 28.8177417095309 "uLSIF" 41 3 3 4.46969696969697
50.63 0 29.2119228472971 "uLSIF" 41 3 3 4.50505050505051
50.991 0 29.2763047705994 "uLSIF" 41 3 3 4.54040404040404
51.481 0 29.2805223312015 "uLSIF" 41 3 3 4.57575757575758
51.993 0 29.6804966751381 "uLSIF" 41 3 3 4.61111111111111
52.614 0 30.0275649805085 "uLSIF" 41 3 3 4.64646464646465
53.158 0 30.3127349128695 "uLSIF" 41 3 3 4.68181818181818
53.661 0 30.5421495953036 "uLSIF" 41 3 3 4.71717171717172
54.063 0 30.6295151479451 "uLSIF" 41 3 3 4.75252525252525
54.538 0 30.8040491728838 "uLSIF" 41 3 3 4.78787878787879
55.124 0 31.0831270110455 "uLSIF" 41 3 3 4.82323232323232
55.535 0 31.1851774131604 "uLSIF" 41 3 3 4.85858585858586
56.035 0 31.1707778599186 "uLSIF" 41 3 3 4.89393939393939
56.646 0 31.5852546659404 "uLSIF" 41 3 3 4.92929292929293
57.07 0 31.6608513705729 "uLSIF" 41 3 3 4.96464646464646
57.565 0 31.7261457369679 "uLSIF" 41 3 3 5
