39.836 10.714 0 0 35.6397712857041 7.31010544668418 "LDA" 49 1000 1.5
41.94 10.936 0 0 37.0321452224926 7.36166408484509 "LDA" 49 1000 1.53535353535354
44.574 11.363 0 0 39.5644773992008 7.63737916831164 "LDA" 49 1000 1.57070707070707
47.657 11.726 0 0 42.4377227394604 7.86910711878081 "LDA" 49 1000 1.60606060606061
50.864 11.952 0 0 45.6291301858968 7.92997986003625 "LDA" 49 1000 1.64141414141414
52.328 12.322 0 0 46.2614800945726 8.1518567681706 "LDA" 49 1000 1.67676767676768
54.446 12.673 0 0 48.2853866357365 8.49424647765905 "LDA" 49 1000 1.71212121212121
57.425 12.901 0 0 49.7410750743241 8.62668062574584 "LDA" 49 1000 1.74747474747475
60.514 13.099 0 0 52.7840881702428 8.63873988651278 "LDA" 49 1000 1.78282828282828
63.992 13.416 0 0 55.6734718826792 8.87680920949311 "LDA" 49 1000 1.81818181818182
67.122 13.724 0 0 59.2744850722516 8.94929683907702 "LDA" 49 1000 1.85353535353535
70.449 14.067 0 0 61.7303980308004 9.11776533173807 "LDA" 49 1000 1.88888888888889
74.616 14.279 0 0 65.1439043370312 9.14422089495741 "LDA" 49 1000 1.92424242424242
79.525 14.588 0 0 71.4384688373836 9.25558868586553 "LDA" 49 1000 1.95959595959596
83.684 14.993 0 0 73.4165112772878 9.64696921395601 "LDA" 49 1000 1.99494949494949
86.796 15.337 0 0 75.1746207679667 9.82741110410107 "LDA" 49 1000 2.03030303030303
89.853 15.566 0 0 77.8504726195486 9.86645787458655 "LDA" 49 1000 2.06565656565657
95.935 15.861 0 0 86.3726635690484 9.97101299267532 "LDA" 49 1000 2.1010101010101
100.737 16.215 0 0 92.008061137676 10.3980235570946 "LDA" 49 1000 2.13636363636364
105.382 16.525 0 0 96.5590789710203 10.6595967091632 "LDA" 49 1000 2.17171717171717
110.684 16.758 0 0 102.635745431308 10.7181301687521 "LDA" 49 1000 2.20707070707071
114.972 17.044 0 0 105.455327234057 10.7757217939301 "LDA" 49 1000 2.24242424242424
121.013 17.371 0 0 112.929942898254 10.9310954550698 "LDA" 49 1000 2.27777777777778
125.545 17.633 0 0 115.046693636613 10.9979664604992 "LDA" 49 1000 2.31313131313131
131.251 17.994 0 0 118.650807047458 11.2660946600359 "LDA" 49 1000 2.34848484848485
138.382 18.194 0 0 125.135378446461 11.2982305700501 "LDA" 49 1000 2.38383838383838
144.295 18.531 0 0 130.13711862741 11.5902274512786 "LDA" 49 1000 2.41919191919192
151.442 18.99 0 0 137.388712397687 11.9052776379065 "LDA" 49 1000 2.45454545454545
155.156 19.423 0 0 139.782261910246 12.0948897207605 "LDA" 49 1000 2.48989898989899
160.262 19.774 0 0 142.803558121681 12.6480392510814 "LDA" 49 1000 2.52525252525253
166.044 20.164 0 0 147.327001290698 12.932685659149 "LDA" 49 1000 2.56060606060606
173.082 20.495 0 0 155.366721321183 13.0761217476727 "LDA" 49 1000 2.5959595959596
181.578 20.906 0 0 164.06064674934 13.2394277235252 "LDA" 49 1000 2.63131313131313
187.799 21.261 0 0 167.889104322914 13.4252417526135 "LDA" 49 1000 2.66666666666667
195.22 21.552 0 0 175.940992474275 13.4629323160501 "LDA" 49 1000 2.7020202020202
201.747 21.827 0 0 182.051211571455 13.5801137878329 "LDA" 49 1000 2.73737373737374
211.067 22.243 0 0 193.179136269137 14.058648462658 "LDA" 49 1000 2.77272727272727
220.94 22.468 0 0 200.944711742253 14.1546221895651 "LDA" 49 1000 2.80808080808081
232.263 22.701 0 0 212.157296715313 14.331747904495 "LDA" 49 1000 2.84343434343434
242.938 22.998 0 0 221.952082402673 14.4966944559838 "LDA" 49 1000 2.87878787878788
259.418 23.24 0 0 238.604986569048 14.6281366681605 "LDA" 49 1000 2.91414141414141
272.636 23.485 0 0 248.128937194906 14.6364613551569 "LDA" 49 1000 2.94949494949495
284.33 23.868 0 0 258.724566868903 14.7357972203651 "LDA" 49 1000 2.98484848484848
292.413 24.303 0 0 263.324412421593 15.0884343737795 "LDA" 49 1000 3.02020202020202
308.881 24.67 0 0 282.448225058751 15.4008534272061 "LDA" 49 1000 3.05555555555556
321.511 24.934 0 0 291.722618192291 15.513100924712 "LDA" 49 1000 3.09090909090909
333.881 25.407 0 0 301.037756053239 15.9290641936708 "LDA" 49 1000 3.12626262626263
344.628 25.708 0 0 308.190354993324 16.0909183595485 "LDA" 49 1000 3.16161616161616
357.528 26.041 0 0 323.703223637011 16.2813513383073 "LDA" 49 1000 3.1969696969697
376.589 26.306 0 0 351.503722520752 16.3352748738797 "LDA" 49 1000 3.23232323232323
388.494 26.624 0 0 368.777342976345 16.5045152313851 "LDA" 49 1000 3.26767676767677
405.909 26.839 0 0 380.499780291398 16.5897648958416 "LDA" 49 1000 3.3030303030303
426.675 27.057 0 0 395.987140182848 16.6284171001107 "LDA" 49 1000 3.33838383838384
439.503 27.303 0 0 402.894288615263 16.6403152341262 "LDA" 49 1000 3.37373737373737
455.863 27.741 0 0 425.026043164849 17.0002037024833 "LDA" 49 1000 3.40909090909091
476.384 28.088 0 0 450.340101202137 17.1583993037424 "LDA" 49 1000 3.44444444444444
491.178 28.536 0 0 462.362984943481 17.4762158982465 "LDA" 49 1000 3.47979797979798
511.754 29.023 0 0 488.444202773688 17.6904330761692 "LDA" 49 1000 3.51515151515152
538.624 29.459 0 0 518.603463328366 17.9674469012197 "LDA" 49 1000 3.55050505050505
558.495 29.805 0 0 536.670178839719 18.0558851898762 "LDA" 49 1000 3.58585858585859
570.774 30.131 0 0 544.238751599647 18.1683220724129 "LDA" 49 1000 3.62121212121212
591.913 30.462 0 0 567.894433428008 18.3454384278793 "LDA" 49 1000 3.65656565656566
618.644 30.784 0 0 586.532954035978 18.331103986759 "LDA" 49 1000 3.69191919191919
639.155 31.109 0 0 613.885660835615 18.4304856637529 "LDA" 49 1000 3.72727272727273
655.912 31.437 0 0 619.559655257201 18.6288772089481 "LDA" 49 1000 3.76262626262626
685.207 31.867 0 0 643.714774462931 18.8077921097625 "LDA" 49 1000 3.7979797979798
737.015 32.235 0 0 712.130321197861 18.8877346847504 "LDA" 49 1000 3.83333333333333
773.815 32.559 0 0 753.97120193569 19.066621490318 "LDA" 49 1000 3.86868686868687
801.649 32.962 0 0 790.99602053582 19.2688308893883 "LDA" 49 1000 3.9040404040404
828.591 33.339 0 0 833.89644140864 19.389792238264 "LDA" 49 1000 3.93939393939394
855.274 33.746 0 0 857.733465373493 19.5127710034283 "LDA" 49 1000 3.97474747474747
886.05 34.075 0 0 888.828166187936 19.7171027065119 "LDA" 49 1000 4.01010101010101
924.513 34.365 0 0 920.481032483648 19.8121754811857 "LDA" 49 1000 4.04545454545454
956.129 34.625 0 0 945.233714556423 19.8474254072234 "LDA" 49 1000 4.08080808080808
997.272 34.957 0 0 972.047073720985 19.9153149804559 "LDA" 49 1000 4.11616161616162
1036.325 35.299 0 0 1022.32477781101 20.1726184104477 "LDA" 49 1000 4.15151515151515
1076.474 35.631 0 0 1044.4875852013 20.2363620581702 "LDA" 49 1000 4.18686868686869
1131.888 36.036 0 0 1086.13609786209 20.3477943948905 "LDA" 49 1000 4.22222222222222
1192.593 36.366 0 0 1142.29762724967 20.3355250135711 "LDA" 49 1000 4.25757575757576
1248.297 36.794 0 0 1189.29002667918 20.6886825483303 "LDA" 49 1000 4.29292929292929
1286.643 37.236 0 0 1215.10199012157 21.0078946026401 "LDA" 49 1000 4.32828282828283
1317.842 37.598 0 0 1222.54879354101 21.262702050739 "LDA" 49 1000 4.36363636363636
1364.037 37.841 0 0 1266.39587813257 21.340035522841 "LDA" 49 1000 4.3989898989899
1409.01501501502 38.343 1 0 1303.08493717092 21.6939618091989 "LDA" 49 1000 4.43434343434343
1492.78078078078 38.726 1 0 1359.60938521021 21.7731254759851 "LDA" 49 1000 4.46969696969697
1537.72772772773 39.084 1 0 1388.35524434885 21.8059726782468 "LDA" 49 1000 4.50505050505051
1602.4248496994 39.326 2 0 1427.91221289227 21.8490527278668 "LDA" 49 1000 4.54040404040404
1678.61122244489 39.659 2 0 1519.99298128108 21.92412795042 "LDA" 49 1000 4.57575757575758
1747.47743229689 40.261 3 0 1578.03749896343 22.4078332283599 "LDA" 49 1000 4.61111111111111
1790.0110330993 40.595 3 0 1600.4572473142 22.6798445839108 "LDA" 49 1000 4.64646464646465
1863.5562248996 40.825 4 0 1641.19767085672 22.7422422945624 "LDA" 49 1000 4.68181818181818
1934.49849246231 41.05 5 0 1688.12907188038 22.7998977044928 "LDA" 49 1000 4.71717171717172
1988.68712273642 41.388 6 0 1729.58634248422 22.9983560364731 "LDA" 49 1000 4.75252525252525
2035.64551863041 41.601 7 0 1738.31632112248 23.020593970329 "LDA" 49 1000 4.78787878787879
2078.85555555556 41.945 10 0 1777.36056064387 23.3462421391971 "LDA" 49 1000 4.82323232323232
2123.38274111675 42.324 15 0 1812.09621706605 23.4708309163503 "LDA" 49 1000 4.85858585858586
2197.61483739837 42.524 16 0 1869.2096188523 23.5020375663424 "LDA" 49 1000 4.89393939393939
2274.98880976602 42.766 17 0 1912.79310464517 23.4852038270652 "LDA" 49 1000 4.92929292929293
2326.60306122449 43.086 20 0 1940.61409796288 23.5518851749769 "LDA" 49 1000 4.96464646464646
2410.03991811668 43.416 23 0 2018.62234851022 23.6287804015202 "LDA" 49 1000 5
40.989 11.531 0 0 37.8204080129004 8.05679532760706 "uLSIF" 49 1000 1.5
42.891 11.895 0 0 39.0365850705972 8.31330777044168 "uLSIF" 49 1000 1.53535353535354
44.535 12.19 0 0 40.1528707320912 8.44175119055064 "uLSIF" 49 1000 1.57070707070707
46.965 12.496 0 0 42.9455713327591 8.62985854220441 "uLSIF" 49 1000 1.60606060606061
49.335 12.878 0 0 44.7595374327214 8.76835218270799 "uLSIF" 49 1000 1.64141414141414
52.484 13.26 0 0 47.616794338795 9.01408085462149 "uLSIF" 49 1000 1.67676767676768
56.043 13.561 0 0 51.4765868137155 9.19667645716961 "uLSIF" 49 1000 1.71212121212121
58.903 13.84 0 0 53.0981827185075 9.29240274357223 "uLSIF" 49 1000 1.74747474747475
61.619 14.178 0 0 54.4656437155143 9.38095508561459 "uLSIF" 49 1000 1.78282828282828
64.463 14.539 0 0 56.2144527296646 9.98880649803846 "uLSIF" 49 1000 1.81818181818182
67.802 14.874 0 0 58.6005359942963 10.2598922698725 "uLSIF" 49 1000 1.85353535353535
71.203 15.269 0 0 61.5249145152279 10.5520606985074 "uLSIF" 49 1000 1.88888888888889
74.417 15.725 0 0 65.4872483059923 10.9257836216789 "uLSIF" 49 1000 1.92424242424242
78.194 16.095 0 0 68.7545893563299 11.215335873649 "uLSIF" 49 1000 1.95959595959596
81.618 16.384 0 0 70.4653776364354 11.31550195902 "uLSIF" 49 1000 1.99494949494949
85.88 16.762 0 0 75.2507293803341 11.4909267423214 "uLSIF" 49 1000 2.03030303030303
90.666 17.224 0 0 78.8687944039386 11.8390872953952 "uLSIF" 49 1000 2.06565656565657
94.241 17.649 0 0 82.1417079149148 12.2989049131239 "uLSIF" 49 1000 2.1010101010101
99.37 18.117 0 0 88.1337543660694 12.6296008574229 "uLSIF" 49 1000 2.13636363636364
106.231 18.451 0 0 96.4939932313392 12.7868331537602 "uLSIF" 49 1000 2.17171717171717
110.863 18.83 0 0 101.151944850047 12.8880254966074 "uLSIF" 49 1000 2.20707070707071
119.122 19.269 0 0 112.378521293208 13.3858813987283 "uLSIF" 49 1000 2.24242424242424
122.475 19.596 0 0 114.004598255612 13.4282203251623 "uLSIF" 49 1000 2.27777777777778
127.722 19.941 0 0 119.569224784288 13.6928087700081 "uLSIF" 49 1000 2.31313131313131
132.305 20.228 0 0 124.081409450293 13.8348624647815 "uLSIF" 49 1000 2.34848484848485
137.546 20.606 0 0 127.812025247227 14.2919216000866 "uLSIF" 49 1000 2.38383838383838
146.167 20.989 0 0 136.90678792368 14.5189420647194 "uLSIF" 49 1000 2.41919191919192
151.015 21.376 0 0 140.604275672319 14.722478574458 "uLSIF" 49 1000 2.45454545454545
158.679 21.701 0 0 146.17928150508 14.9034127202702 "uLSIF" 49 1000 2.48989898989899
164.896 22.079 0 0 150.697634224831 15.0754113385681 "uLSIF" 49 1000 2.52525252525253
173.276 22.508 0 0 161.113473599744 15.4023104489933 "uLSIF" 49 1000 2.56060606060606
180.081 22.79 0 0 168.048971719246 15.6209447189955 "uLSIF" 49 1000 2.5959595959596
188.848 23.113 0 0 173.662412540911 15.7907434460376 "uLSIF" 49 1000 2.63131313131313
200.778 23.679 0 0 184.804803864866 16.3817068499995 "uLSIF" 49 1000 2.66666666666667
207.908 24.292 0 0 189.82993689337 16.7340600203526 "uLSIF" 49 1000 2.7020202020202
216.839 24.606 0 0 196.40952568748 16.8250362806695 "uLSIF" 49 1000 2.73737373737374
228.721 25.074 0 0 208.186235538442 16.9609610045598 "uLSIF" 49 1000 2.77272727272727
239.299 25.537 0 0 218.962755479756 17.3473791266163 "uLSIF" 49 1000 2.80808080808081
254.42 25.925 0 0 235.109332009595 17.4565777604634 "uLSIF" 49 1000 2.84343434343434
261.272 26.293 0 0 240.494714544257 17.6592468695582 "uLSIF" 49 1000 2.87878787878788
272.861 26.826 0 0 255.187696489152 18.0330506269714 "uLSIF" 49 1000 2.91414141414141
285.551 27.326 0 0 268.692085547446 18.3555073111219 "uLSIF" 49 1000 2.94949494949495
296.724 27.784 0 0 276.50586850792 18.6181088722238 "uLSIF" 49 1000 2.98484848484848
311.4 28.197 0 0 293.147969004958 18.7388723336367 "uLSIF" 49 1000 3.02020202020202
325.133 28.586 0 0 311.06054068456 19.0911255580983 "uLSIF" 49 1000 3.05555555555556
333.908 28.829 0 0 316.240173576008 19.2016786626447 "uLSIF" 49 1000 3.09090909090909
345.851 29.317 0 0 326.108297073871 19.5494422347977 "uLSIF" 49 1000 3.12626262626263
360.786 29.516 0 0 338.643475660772 19.5731155121215 "uLSIF" 49 1000 3.16161616161616
375.994 29.835 0 0 352.952242164927 19.8282862581701 "uLSIF" 49 1000 3.1969696969697
389.973 30.154 0 0 366.603142560365 20.0031600106186 "uLSIF" 49 1000 3.23232323232323
408.935 30.507 0 0 382.173711184483 20.2481094657486 "uLSIF" 49 1000 3.26767676767677
425.146 30.905 0 0 403.0676273235 20.4059397572711 "uLSIF" 49 1000 3.3030303030303
443.066 31.372 0 0 418.218586902149 20.7398591547232 "uLSIF" 49 1000 3.33838383838384
461.797 31.75 0 0 441.329320757595 20.7950458988177 "uLSIF" 49 1000 3.37373737373737
479.71 32.446 0 0 453.637141949991 21.1814479613113 "uLSIF" 49 1000 3.40909090909091
499.559 32.879 0 0 473.619611138575 21.466093080767 "uLSIF" 49 1000 3.44444444444444
521.392 33.241 0 0 491.195542933155 21.5436080090139 "uLSIF" 49 1000 3.47979797979798
547.677 33.503 0 0 524.370717451233 21.5751124325338 "uLSIF" 49 1000 3.51515151515152
568.473 33.843 0 0 542.474609519167 21.6278550743044 "uLSIF" 49 1000 3.55050505050505
592.929 34.325 0 0 571.725549597937 21.9676114075006 "uLSIF" 49 1000 3.58585858585859
607.475 34.746 0 0 584.806562968552 22.2433867082387 "uLSIF" 49 1000 3.62121212121212
637.389 35.214 0 0 620.173926716029 22.427420564862 "uLSIF" 49 1000 3.65656565656566
661.155 35.84 0 0 637.111844559083 23.0432504519521 "uLSIF" 49 1000 3.69191919191919
692.905 36.253 0 0 667.543921297964 23.3768147202836 "uLSIF" 49 1000 3.72727272727273
710.871 36.689 0 0 683.814115168079 23.5796581671423 "uLSIF" 49 1000 3.76262626262626
748.314 37.076 0 0 729.515217014598 23.7173931691225 "uLSIF" 49 1000 3.7979797979798
776.295 37.474 0 0 757.688974815892 23.7645972000386 "uLSIF" 49 1000 3.83333333333333
819.818 37.797 0 0 808.300901411859 23.7550013910985 "uLSIF" 49 1000 3.86868686868687
854.107 38.425 0 0 856.060442394129 24.0667318633541 "uLSIF" 49 1000 3.9040404040404
885.436 38.832 0 0 886.009765865597 24.2656670750795 "uLSIF" 49 1000 3.93939393939394
928.148 39.236 0 0 931.514353666699 24.3147179607231 "uLSIF" 49 1000 3.97474747474747
973.991 39.76 0 0 993.558137549933 24.4054507441683 "uLSIF" 49 1000 4.01010101010101
1006.667 40.07 0 0 1026.46224326463 24.5241622595867 "uLSIF" 49 1000 4.04545454545454
1054.146 40.483 0 0 1076.15874494813 25.4127432308777 "uLSIF" 49 1000 4.08080808080808
1092.472 40.909 0 0 1090.42449385218 25.6401664802929 "uLSIF" 49 1000 4.11616161616162
1131.126 41.131 0 0 1118.66609493448 25.6784193481651 "uLSIF" 49 1000 4.15151515151515
1190.403 41.596 0 0 1196.0621686611 25.8254087234982 "uLSIF" 49 1000 4.18686868686869
1258.215 42.117 0 0 1271.39375681174 26.2926722798504 "uLSIF" 49 1000 4.22222222222222
1324.9 42.565 0 0 1355.41187516981 26.3542087591208 "uLSIF" 49 1000 4.25757575757576
1368.3 43.263 0 0 1387.50302870107 26.9746819159089 "uLSIF" 49 1000 4.29292929292929
1402.126 43.682 0 0 1408.8536264157 27.4814502183947 "uLSIF" 49 1000 4.32828282828283
1447.92592592593 44.043 1 0 1449.34211615403 27.4892125716218 "uLSIF" 49 1000 4.36363636363636
1495.33667334669 44.796 2 0 1475.04726574653 28.0437307581362 "uLSIF" 49 1000 4.3989898989899
1528.83567134269 45.294 2 0 1501.87502637024 28.5284320535748 "uLSIF" 49 1000 4.43434343434343
1573.56813627255 45.631 2 0 1530.75945739884 28.5272965008191 "uLSIF" 49 1000 4.46969696969697
1629.80661322645 46.009 2 0 1565.50194016178 28.5366651916488 "uLSIF" 49 1000 4.50505050505051
1692.05811623246 46.536 2 0 1596.85501484781 28.6518346992236 "uLSIF" 49 1000 4.54040404040404
1750.89579158317 46.932 2 0 1630.99174226983 28.6611031684901 "uLSIF" 49 1000 4.57575757575758
1816.3109327984 47.433 3 0 1701.7340788476 29.0681349155302 "uLSIF" 49 1000 4.61111111111111
1882.75626880642 47.801 3 0 1764.32845279178 29.1304648603997 "uLSIF" 49 1000 4.64646464646465
1940.61909547739 48.41 5 0 1810.08674899034 29.7642034633519 "uLSIF" 49 1000 4.68181818181818
2008.06733668342 48.808 5 0 1870.05355815029 29.892016804971 "uLSIF" 49 1000 4.71717171717172
2070.25504032258 49.154 8 0 1894.30043864255 30.0556754645047 "uLSIF" 49 1000 4.75252525252525
2146.00201816347 49.539 9 0 1970.77453522284 30.1135069744841 "uLSIF" 49 1000 4.78787878787879
2258.85050505051 49.972 10 0 2060.56892167318 30.1885170646483 "uLSIF" 49 1000 4.82323232323232
2340.1874366768 50.43 13 0 2109.26422246397 30.2912968138154 "uLSIF" 49 1000 4.85858585858586
2399.11991869919 50.882 16 0 2154.63501141154 30.4484348232086 "uLSIF" 49 1000 4.89393939393939
2454.85612244898 51.262 20 0 2196.14559435781 30.5597653010499 "uLSIF" 49 1000 4.92929292929293
2507.17297850563 51.647 23 0 2208.72640536968 30.6590013758662 "uLSIF" 49 1000 4.96464646464646
2558.4121274409 52.23 27 0 2234.35166891601 30.7244705909328 "uLSIF" 49 1000 5
