133.975 15.35 0 0 "KDE LDA" 133 600 2.3
133.98 15.38 0 0 "KDE LDA" 133 600 2.31010101010101
133.98 15.445 0 0 "KDE LDA" 133 600 2.32020202020202
136.06 15.49 0 0 "KDE LDA" 133 600 2.33030303030303
136.065 15.5 0 0 "KDE LDA" 133 600 2.34040404040404
136.49 15.525 0 0 "KDE LDA" 133 600 2.35050505050505
136.5 15.64 0 0 "KDE LDA" 133 600 2.36060606060606
136.615 15.65 0 0 "KDE LDA" 133 600 2.37070707070707
138.145 15.685 0 0 "KDE LDA" 133 600 2.38080808080808
141.28 15.69 0 0 "KDE LDA" 133 600 2.39090909090909
143.915 15.73 0 0 "KDE LDA" 133 600 2.4010101010101
144.145 15.775 0 0 "KDE LDA" 133 600 2.41111111111111
144.79 15.865 0 0 "KDE LDA" 133 600 2.42121212121212
144.795 15.9 0 0 "KDE LDA" 133 600 2.43131313131313
145.18 15.91 0 0 "KDE LDA" 133 600 2.44141414141414
145.315 15.915 0 0 "KDE LDA" 133 600 2.45151515151515
145.41 16.035 0 0 "KDE LDA" 133 600 2.46161616161616
145.41 16.195 0 0 "KDE LDA" 133 600 2.47171717171717
145.41 16.235 0 0 "KDE LDA" 133 600 2.48181818181818
146.15 16.41 0 0 "KDE LDA" 133 600 2.49191919191919
149.06 16.485 0 0 "KDE LDA" 133 600 2.5020202020202
150.16 16.55 0 0 "KDE LDA" 133 600 2.51212121212121
151.05 16.585 0 0 "KDE LDA" 133 600 2.52222222222222
163.25 17.205 0 0 "KDE LDA" 133 600 2.53232323232323
163.78 17.22 0 0 "KDE LDA" 133 600 2.54242424242424
163.785 17.22 0 0 "KDE LDA" 133 600 2.55252525252525
164.8 17.325 0 0 "KDE LDA" 133 600 2.56262626262626
164.88 17.375 0 0 "KDE LDA" 133 600 2.57272727272727
166.135 17.39 0 0 "KDE LDA" 133 600 2.58282828282828
167.59 17.395 0 0 "KDE LDA" 133 600 2.59292929292929
170.505 17.475 0 0 "KDE LDA" 133 600 2.6030303030303
174.975 17.505 0 0 "KDE LDA" 133 600 2.61313131313131
175.15 17.52 0 0 "KDE LDA" 133 600 2.62323232323232
175.165 17.535 0 0 "KDE LDA" 133 600 2.63333333333333
176.65 17.58 0 0 "KDE LDA" 133 600 2.64343434343434
179.765 17.78 0 0 "KDE LDA" 133 600 2.65353535353535
184.81 17.915 0 0 "KDE LDA" 133 600 2.66363636363636
194.435 18.005 0 0 "KDE LDA" 133 600 2.67373737373737
196.505 18.045 0 0 "KDE LDA" 133 600 2.68383838383838
196.535 18.105 0 0 "KDE LDA" 133 600 2.69393939393939
197.605 18.105 0 0 "KDE LDA" 133 600 2.7040404040404
198.35 18.155 0 0 "KDE LDA" 133 600 2.71414141414141
200.74 18.32 0 0 "KDE LDA" 133 600 2.72424242424242
207.775 18.63 0 0 "KDE LDA" 133 600 2.73434343434343
209.29 18.65 0 0 "KDE LDA" 133 600 2.74444444444444
211.285 18.66 0 0 "KDE LDA" 133 600 2.75454545454545
211.29 18.915 0 0 "KDE LDA" 133 600 2.76464646464646
211.29 19.06 0 0 "KDE LDA" 133 600 2.77474747474747
213.6 19.44 0 0 "KDE LDA" 133 600 2.78484848484848
226.625 19.805 0 0 "KDE LDA" 133 600 2.79494949494949
256.62 20.535 0 0 "KDE LDA" 133 600 2.80505050505051
256.625 20.625 0 0 "KDE LDA" 133 600 2.81515151515151
268.8 20.67 0 0 "KDE LDA" 133 600 2.82525252525252
269.935 20.765 0 0 "KDE LDA" 133 600 2.83535353535354
270.49 20.77 0 0 "KDE LDA" 133 600 2.84545454545455
270.54 20.785 0 0 "KDE LDA" 133 600 2.85555555555556
272.71 20.795 0 0 "KDE LDA" 133 600 2.86565656565657
274.175 20.825 0 0 "KDE LDA" 133 600 2.87575757575758
275.645 20.85 0 0 "KDE LDA" 133 600 2.88585858585859
280.185 20.915 0 0 "KDE LDA" 133 600 2.8959595959596
280.385 20.94 0 0 "KDE LDA" 133 600 2.90606060606061
281.395 21.065 0 0 "KDE LDA" 133 600 2.91616161616162
281.41 21.205 0 0 "KDE LDA" 133 600 2.92626262626263
282.11 21.22 0 0 "KDE LDA" 133 600 2.93636363636364
284.64 21.235 0 0 "KDE LDA" 133 600 2.94646464646465
289.575 21.295 0 0 "KDE LDA" 133 600 2.95656565656566
294.29 21.45 0 0 "KDE LDA" 133 600 2.96666666666667
298.28 21.475 0 0 "KDE LDA" 133 600 2.97676767676768
302.725 21.53 0 0 "KDE LDA" 133 600 2.98686868686869
309.17 21.54 0 0 "KDE LDA" 133 600 2.9969696969697
311.905 21.55 0 0 "KDE LDA" 133 600 3.00707070707071
315.04 21.64 0 0 "KDE LDA" 133 600 3.01717171717172
315.765 21.705 0 0 "KDE LDA" 133 600 3.02727272727273
315.77 21.71 0 0 "KDE LDA" 133 600 3.03737373737374
319.23 21.79 0 0 "KDE LDA" 133 600 3.04747474747475
325.87 21.8 0 0 "KDE LDA" 133 600 3.05757575757576
327.925 21.835 0 0 "KDE LDA" 133 600 3.06767676767677
334.725 21.995 0 0 "KDE LDA" 133 600 3.07777777777778
342.53 22.025 0 0 "KDE LDA" 133 600 3.08787878787879
352.75 22.23 0 0 "KDE LDA" 133 600 3.0979797979798
354.085 22.26 0 0 "KDE LDA" 133 600 3.10808080808081
357.67 22.275 0 0 "KDE LDA" 133 600 3.11818181818182
359.94 22.405 0 0 "KDE LDA" 133 600 3.12828282828283
359.97 22.425 0 0 "KDE LDA" 133 600 3.13838383838384
361.82 22.53 0 0 "KDE LDA" 133 600 3.14848484848485
364.575 22.535 0 0 "KDE LDA" 133 600 3.15858585858586
364.59 22.555 0 0 "KDE LDA" 133 600 3.16868686868687
366.845 22.6 0 0 "KDE LDA" 133 600 3.17878787878788
375.27 22.645 0 0 "KDE LDA" 133 600 3.18888888888889
375.27 22.645 0 0 "KDE LDA" 133 600 3.1989898989899
388.405 22.76 0 0 "KDE LDA" 133 600 3.20909090909091
390.555 22.81 0 0 "KDE LDA" 133 600 3.21919191919192
414.97 23.18 0 0 "KDE LDA" 133 600 3.22929292929293
434.575 23.2 0 0 "KDE LDA" 133 600 3.23939393939394
439.79 23.285 0 0 "KDE LDA" 133 600 3.24949494949495
444.975 23.855 0 0 "KDE LDA" 133 600 3.25959595959596
444.985 23.86 0 0 "KDE LDA" 133 600 3.26969696969697
453.435 23.885 0 0 "KDE LDA" 133 600 3.27979797979798
454.165 23.9 0 0 "KDE LDA" 133 600 3.28989898989899
455.575 23.9 0 0 "KDE LDA" 133 600 3.3
1281.79166666667 32.845 8 0 "KDE QDA" 133 600 4.5
1302.05208333333 33.105 8 0 "KDE QDA" 133 600 4.51010101010101
1302.05208333333 33.18 8 0 "KDE QDA" 133 600 4.52020202020202
1313.94240837696 33.26 9 0 "KDE QDA" 133 600 4.53030303030303
1316.61256544503 33.28 9 0 "KDE QDA" 133 600 4.54040404040404
1316.68586387435 33.285 9 0 "KDE QDA" 133 600 4.55050505050505
1316.70157068063 33.345 9 0 "KDE QDA" 133 600 4.56060606060606
1319.8167539267 33.41 9 0 "KDE QDA" 133 600 4.57070707070707
1330.19473684211 33.435 10 0 "KDE QDA" 133 600 4.58080808080808
1330.21052631579 33.515 10 0 "KDE QDA" 133 600 4.59090909090909
1335.86842105263 33.57 10 0 "KDE QDA" 133 600 4.6010101010101
1337.36842105263 33.57 10 0 "KDE QDA" 133 600 4.61111111111111
1342.82631578947 33.57 10 0 "KDE QDA" 133 600 4.62121212121212
1354.8 33.8 10 0 "KDE QDA" 133 600 4.63131313131313
1397.01058201058 34.19 11 0 "KDE QDA" 133 600 4.64141414141414
1397.02116402116 34.195 11 0 "KDE QDA" 133 600 4.65151515151515
1398.45454545455 34.315 13 0 "KDE QDA" 133 600 4.66161616161616
1405.40106951872 34.34 13 0 "KDE QDA" 133 600 4.67171717171717
1396.76344086022 34.345 14 0 "KDE QDA" 133 600 4.68181818181818
1396.77956989247 34.36 14 0 "KDE QDA" 133 600 4.69191919191919
1395.76756756757 34.365 15 0 "KDE QDA" 133 600 4.7020202020202
1395.38586956522 34.395 16 0 "KDE QDA" 133 600 4.71212121212121
1395.42391304348 34.445 16 0 "KDE QDA" 133 600 4.72222222222222
1395.42391304348 34.51 16 0 "KDE QDA" 133 600 4.73232323232323
1395.42934782609 34.525 16 0 "KDE QDA" 133 600 4.74242424242424
1407.8152173913 34.535 16 0 "KDE QDA" 133 600 4.75252525252525
1418.20108695652 34.535 16 0 "KDE QDA" 133 600 4.76262626262626
1450.07142857143 35.32 18 0 "KDE QDA" 133 600 4.77272727272727
1450.12637362637 35.735 18 0 "KDE QDA" 133 600 4.78282828282828
1450.19230769231 35.775 18 0 "KDE QDA" 133 600 4.79292929292929
1454.20879120879 35.815 18 0 "KDE QDA" 133 600 4.8030303030303
1454.21428571429 35.87 18 0 "KDE QDA" 133 600 4.81313131313131
1462.01657458564 35.925 19 0 "KDE QDA" 133 600 4.82323232323232
1473.53333333333 36.075 20 0 "KDE QDA" 133 600 4.83333333333333
1475.31666666667 36.1 20 0 "KDE QDA" 133 600 4.84343434343434
1477.07222222222 36.145 20 0 "KDE QDA" 133 600 4.85353535353535
1482.79888268156 36.215 21 0 "KDE QDA" 133 600 4.86363636363636
1498.05027932961 36.215 21 0 "KDE QDA" 133 600 4.87373737373737
1498.05586592179 36.215 21 0 "KDE QDA" 133 600 4.88383838383838
1508.65363128492 36.275 21 0 "KDE QDA" 133 600 4.89393939393939
1547.58959537572 36.75 27 0 "KDE QDA" 133 600 4.9040404040404
1547.59537572254 36.805 27 0 "KDE QDA" 133 600 4.91414141414141
1573.24855491329 36.815 27 0 "KDE QDA" 133 600 4.92424242424242
1577.36627906977 36.97 28 0 "KDE QDA" 133 600 4.93434343434343
1584.20348837209 36.975 28 0 "KDE QDA" 133 600 4.94444444444444
1592.73255813953 37.155 28 0 "KDE QDA" 133 600 4.95454545454546
1592.73837209302 37.165 28 0 "KDE QDA" 133 600 4.96464646464646
1600.10526315789 37.205 29 0 "KDE QDA" 133 600 4.97474747474747
1610.30994152047 37.55 29 0 "KDE QDA" 133 600 4.98484848484848
1621.49122807018 37.55 29 0 "KDE QDA" 133 600 4.99494949494949
1632.88304093567 37.555 29 0 "KDE QDA" 133 600 5.00505050505051
1638.02339181287 37.585 29 0 "KDE QDA" 133 600 5.01515151515152
1638.04093567251 38.095 29 0 "KDE QDA" 133 600 5.02525252525253
1637.21176470588 38.275 30 0 "KDE QDA" 133 600 5.03535353535354
1646.82035928144 38.375 33 0 "KDE QDA" 133 600 5.04545454545455
1653.2754491018 38.405 33 0 "KDE QDA" 133 600 5.05555555555556
1646.56790123457 38.845 38 0 "KDE QDA" 133 600 5.06565656565657
1646.56790123457 38.845 38 0 "KDE QDA" 133 600 5.07575757575758
1658.30434782609 38.86 39 0 "KDE QDA" 133 600 5.08585858585859
1673.37888198758 39.14 39 0 "KDE QDA" 133 600 5.0959595959596
1673.4099378882 39.15 39 0 "KDE QDA" 133 600 5.10606060606061
1674.9625 39.205 40 0 "KDE QDA" 133 600 5.11616161616162
1674.98125 39.215 40 0 "KDE QDA" 133 600 5.12626262626263
1676.09433962264 39.225 41 0 "KDE QDA" 133 600 5.13636363636364
1676.10691823899 39.41 41 0 "KDE QDA" 133 600 5.14646464646465
1678.86163522013 39.44 41 0 "KDE QDA" 133 600 5.15656565656566
1678.91823899371 39.465 41 0 "KDE QDA" 133 600 5.16666666666667
1699.11320754717 39.465 41 0 "KDE QDA" 133 600 5.17676767676768
1703.01886792453 39.48 41 0 "KDE QDA" 133 600 5.18686868686869
1729.12337662338 39.54 46 0 "KDE QDA" 133 600 5.1969696969697
1729.16883116883 39.73 46 0 "KDE QDA" 133 600 5.20707070707071
1765.31818181818 39.75 46 0 "KDE QDA" 133 600 5.21717171717172
1769.81168831169 39.92 46 0 "KDE QDA" 133 600 5.22727272727273
1769.83116883117 39.925 46 0 "KDE QDA" 133 600 5.23737373737374
1770.51948051948 39.95 46 0 "KDE QDA" 133 600 5.24747474747475
1770.54545454545 39.97 46 0 "KDE QDA" 133 600 5.25757575757576
1770.55194805195 40.405 46 0 "KDE QDA" 133 600 5.26767676767677
1792.37662337662 40.445 46 0 "KDE QDA" 133 600 5.27777777777778
1816.12418300654 40.51 47 0 "KDE QDA" 133 600 5.28787878787879
1832.03289473684 40.665 48 0 "KDE QDA" 133 600 5.2979797979798
1828.92052980132 40.68 49 0 "KDE QDA" 133 600 5.30808080808081
1830.5298013245 40.68 49 0 "KDE QDA" 133 600 5.31818181818182
1840.6 40.795 50 0 "KDE QDA" 133 600 5.32828282828283
1875.28378378378 41.05 52 0 "KDE QDA" 133 600 5.33838383838384
1894.42567567568 41.09 52 0 "KDE QDA" 133 600 5.34848484848485
1897.12925170068 41.56 53 0 "KDE QDA" 133 600 5.35858585858586
1917.12925170068 41.605 53 0 "KDE QDA" 133 600 5.36868686868687
1950.72602739726 41.64 54 0 "KDE QDA" 133 600 5.37878787878788
1961.84137931034 41.71 55 0 "KDE QDA" 133 600 5.38888888888889
1948.65972222222 41.725 56 0 "KDE QDA" 133 600 5.3989898989899
1948.83098591549 41.765 58 0 "KDE QDA" 133 600 5.40909090909091
1964.83802816901 41.79 58 0 "KDE QDA" 133 600 5.41919191919192
1964.85915492958 41.795 58 0 "KDE QDA" 133 600 5.42929292929293
1964.8661971831 41.8 58 0 "KDE QDA" 133 600 5.43939393939394
1971.47517730496 41.875 59 0 "KDE QDA" 133 600 5.44949494949495
1974.67857142857 42.815 60 0 "KDE QDA" 133 600 5.45959595959596
1975.17518248175 43.22 63 0 "KDE QDA" 133 600 5.46969696969697
1964.49264705882 43.255 64 0 "KDE QDA" 133 600 5.47979797979798
1962.71428571429 43.895 67 0 "KDE QDA" 133 600 5.48989898989899
1962.75187969925 43.91 67 0 "KDE QDA" 133 600 5.5
