42.611 0 38.3546445395829 "LDA" 22 3 3 1.5
44.401 0 39.3634561577192 "LDA" 22 3 3 1.53535353535354
46.5 0 41.1278433606663 "LDA" 22 3 3 1.57070707070707
49.002 0 43.5097356127694 "LDA" 22 3 3 1.60606060606061
50.688 0 44.1636624962772 "LDA" 22 3 3 1.64141414141414
52.917 0 47.0714970745231 "LDA" 22 3 3 1.67676767676768
55.751 0 48.895887422224 "LDA" 22 3 3 1.71212121212121
58.684 0 52.3185184363182 "LDA" 22 3 3 1.74747474747475
60.684 0 53.8259544957391 "LDA" 22 3 3 1.78282828282828
62.752 0 54.9076620094805 "LDA" 22 3 3 1.81818181818182
65.121 0 56.7913692264821 "LDA" 22 3 3 1.85353535353535
67.565 0 59.2183467144059 "LDA" 22 3 3 1.88888888888889
71.471 0 65.5834914696782 "LDA" 22 3 3 1.92424242424242
73.594 0 67.0026904275084 "LDA" 22 3 3 1.95959595959596
76.271 0 70.2615986955268 "LDA" 22 3 3 1.99494949494949
79.567 0 75.3564470042551 "LDA" 22 3 3 2.03030303030303
81.893 0 76.4994360418083 "LDA" 22 3 3 2.06565656565657
85.096 0 79.1497281325935 "LDA" 22 3 3 2.1010101010101
87.855 0 80.7198592086896 "LDA" 22 3 3 2.13636363636364
91.646 0 82.7240469993578 "LDA" 22 3 3 2.17171717171717
94.848 0 85.4182719163598 "LDA" 22 3 3 2.20707070707071
97.323 0 86.590614997271 "LDA" 22 3 3 2.24242424242424
101.205 0 92.808946096136 "LDA" 22 3 3 2.27777777777778
104.141 0 96.1121046260858 "LDA" 22 3 3 2.31313131313131
107.661 0 98.1662298740646 "LDA" 22 3 3 2.34848484848485
111.124 0 100.175604693836 "LDA" 22 3 3 2.38383838383838
115.116 0 103.091543835614 "LDA" 22 3 3 2.41919191919192
119.037 0 106.461597314256 "LDA" 22 3 3 2.45454545454545
122.767 0 110.3232701425 "LDA" 22 3 3 2.48989898989899
126.497 0 113.354520149124 "LDA" 22 3 3 2.52525252525253
130.807 0 115.615053481766 "LDA" 22 3 3 2.56060606060606
134.545 0 118.813208666181 "LDA" 22 3 3 2.5959595959596
137.897 0 120.18606025692 "LDA" 22 3 3 2.63131313131313
142.305 0 123.883126389368 "LDA" 22 3 3 2.66666666666667
147.325 0 127.878224163519 "LDA" 22 3 3 2.7020202020202
152.16 0 130.326019164522 "LDA" 22 3 3 2.73737373737374
156.316 0 132.639086514011 "LDA" 22 3 3 2.77272727272727
160.226 0 136.889157954769 "LDA" 22 3 3 2.80808080808081
163.97 0 141.02617303707 "LDA" 22 3 3 2.84343434343434
169.097 0 143.910847134338 "LDA" 22 3 3 2.87878787878788
172.798 0 148.365776375819 "LDA" 22 3 3 2.91414141414141
180.191 0 156.873885446033 "LDA" 22 3 3 2.94949494949495
185.611 0 160.207959444184 "LDA" 22 3 3 2.98484848484848
189.407 0 162.659680076295 "LDA" 22 3 3 3.02020202020202
194.23 0 166.373120170042 "LDA" 22 3 3 3.05555555555556
202.241 0 176.505963849028 "LDA" 22 3 3 3.09090909090909
207.631 0 183.836009849859 "LDA" 22 3 3 3.12626262626263
217.021 0 195.73084867778 "LDA" 22 3 3 3.16161616161616
223.597 0 201.489986862389 "LDA" 22 3 3 3.1969696969697
230.897 0 211.49102308099 "LDA" 22 3 3 3.23232323232323
238.934934934935 1 218.410014971958 "LDA" 22 3 3 3.26767676767677
243.688688688689 1 221.861897551952 "LDA" 22 3 3 3.3030303030303
247.174174174174 1 223.262069319639 "LDA" 22 3 3 3.33838383838384
254.798798798799 1 232.475121082673 "LDA" 22 3 3 3.37373737373737
263.077077077077 1 243.13707314546 "LDA" 22 3 3 3.40909090909091
272.426426426426 1 254.963088888831 "LDA" 22 3 3 3.44444444444444
279.186372745491 2 260.77792220354 "LDA" 22 3 3 3.47979797979798
287.569709127382 3 266.052570531392 "LDA" 22 3 3 3.51515151515152
294.514543630893 3 273.115920927679 "LDA" 22 3 3 3.55050505050505
302.445336008024 3 279.401285940407 "LDA" 22 3 3 3.58585858585859
310.181544633902 3 287.06926899483 "LDA" 22 3 3 3.62121212121212
317.894684052156 3 294.340502253586 "LDA" 22 3 3 3.65656565656566
322.258032128514 4 295.229730301697 "LDA" 22 3 3 3.69191919191919
327.875376884422 5 300.23577345933 "LDA" 22 3 3 3.72727272727273
334.591549295775 6 307.604145520511 "LDA" 22 3 3 3.76262626262626
344.539235412475 6 313.367540562462 "LDA" 22 3 3 3.7979797979798
352.776659959759 6 323.126098835659 "LDA" 22 3 3 3.83333333333333
364.10775427996 7 328.879934874103 "LDA" 22 3 3 3.86868686868687
368.786290322581 8 332.37601755688 "LDA" 22 3 3 3.9040404040404
375.498486377397 9 337.979459282212 "LDA" 22 3 3 3.93939393939394
387.125126135217 9 344.532545976032 "LDA" 22 3 3 3.97474747474747
399.702730030334 11 354.847918331729 "LDA" 22 3 3 4.01010101010101
413.34008097166 12 366.816060197807 "LDA" 22 3 3 4.04545454545454
421.147922998987 13 370.983630857674 "LDA" 22 3 3 4.08080808080808
430.224137931034 14 376.649325206073 "LDA" 22 3 3 4.11616161616162
435.44512195122 16 379.990133507647 "LDA" 22 3 3 4.15151515151515
445.154786150713 18 389.350606096081 "LDA" 22 3 3 4.18686868686869
459.075510204082 20 400.451471993935 "LDA" 22 3 3 4.22222222222222
469.248212461696 21 407.036291529462 "LDA" 22 3 3 4.25757575757576
480.087934560327 22 413.773243788131 "LDA" 22 3 3 4.29292929292929
485.75950668037 27 413.160270575051 "LDA" 22 3 3 4.32828282828283
492.014418125644 29 418.543079109252 "LDA" 22 3 3 4.36363636363636
497.315082644628 32 422.251419808499 "LDA" 22 3 3 4.3989898989899
503.901758014478 33 425.915287297167 "LDA" 22 3 3 4.43434343434343
514.488589211618 36 434.730007610005 "LDA" 22 3 3 4.46969696969697
524.852971845673 41 439.622579955717 "LDA" 22 3 3 4.50505050505051
530.501567398119 43 440.554722648808 "LDA" 22 3 3 4.54040404040404
535.884696016771 46 441.622506104203 "LDA" 22 3 3 4.57575757575758
540.90611814346 52 442.296081011648 "LDA" 22 3 3 4.61111111111111
553.602116402116 55 454.891072819757 "LDA" 22 3 3 4.64646464646465
557.080593849417 57 454.130456151911 "LDA" 22 3 3 4.68181818181818
565.953340402969 57 458.428125245278 "LDA" 22 3 3 4.71717171717172
573.594450373533 63 464.975052050105 "LDA" 22 3 3 4.75252525252525
581.595493562232 68 465.253940686654 "LDA" 22 3 3 4.78787878787879
585.9 70 463.856940498527 "LDA" 22 3 3 4.82323232323232
597.610151187905 74 466.946469835073 "LDA" 22 3 3 4.85858585858586
606.130010834236 77 471.824317922895 "LDA" 22 3 3 4.89393939393939
610.704793028322 82 474.135085820726 "LDA" 22 3 3 4.92929292929293
617.372807017544 88 477.296380164032 "LDA" 22 3 3 4.96464646464646
624.093406593407 90 481.930399391312 "LDA" 22 3 3 5
37.506 0 32.6731617615972 "uLSIF" 22 3 3 1.5
39.051 0 34.0755270031226 "uLSIF" 22 3 3 1.53535353535354
40.568 0 35.4613435008162 "uLSIF" 22 3 3 1.57070707070707
42.337 0 36.4794213109142 "uLSIF" 22 3 3 1.60606060606061
44.362 0 37.5062618195372 "uLSIF" 22 3 3 1.64141414141414
46.284 0 38.9351677958538 "uLSIF" 22 3 3 1.67676767676768
48.126 0 40.8579673686479 "uLSIF" 22 3 3 1.71212121212121
50.143 0 42.318168419467 "uLSIF" 22 3 3 1.74747474747475
52.294 0 43.9905527668468 "uLSIF" 22 3 3 1.78282828282828
54.048 0 45.74759598644 "uLSIF" 22 3 3 1.81818181818182
56.633 0 48.3607389529158 "uLSIF" 22 3 3 1.85353535353535
58.995 0 50.7257733216466 "uLSIF" 22 3 3 1.88888888888889
61.3 0 53.0757669472334 "uLSIF" 22 3 3 1.92424242424242
63.834 0 55.1968217665939 "uLSIF" 22 3 3 1.95959595959596
67.472 0 59.4990702058054 "uLSIF" 22 3 3 1.99494949494949
70.232 0 62.7278643105356 "uLSIF" 22 3 3 2.03030303030303
72.781 0 64.2272541774843 "uLSIF" 22 3 3 2.06565656565657
76.638 0 67.8783944450105 "uLSIF" 22 3 3 2.1010101010101
80.107 0 70.6809971233737 "uLSIF" 22 3 3 2.13636363636364
83.055 0 71.8695568944752 "uLSIF" 22 3 3 2.17171717171717
85.887 0 74.326446515703 "uLSIF" 22 3 3 2.20707070707071
89.486 0 78.3996065187977 "uLSIF" 22 3 3 2.24242424242424
92.084 0 79.9923353685696 "uLSIF" 22 3 3 2.27777777777778
96.433 0 84.1346548762824 "uLSIF" 22 3 3 2.31313131313131
102.014 0 90.232087605428 "uLSIF" 22 3 3 2.34848484848485
104.786 0 92.1131317078788 "uLSIF" 22 3 3 2.38383838383838
108.465 0 94.8535817825399 "uLSIF" 22 3 3 2.41919191919192
114.737 0 100.746382886259 "uLSIF" 22 3 3 2.45454545454545
120.811 0 109.543895969352 "uLSIF" 22 3 3 2.48989898989899
126.08 0 115.185803679834 "uLSIF" 22 3 3 2.52525252525253
133.495 0 128.533563133727 "uLSIF" 22 3 3 2.56060606060606
139.572 0 136.22734933451 "uLSIF" 22 3 3 2.5959595959596
148.41 0 144.335930248711 "uLSIF" 22 3 3 2.63131313131313
151.859 0 145.449732704271 "uLSIF" 22 3 3 2.66666666666667
157.461 0 149.187309555244 "uLSIF" 22 3 3 2.7020202020202
163.608 0 159.981437661988 "uLSIF" 22 3 3 2.73737373737374
169.816 0 164.67847200877 "uLSIF" 22 3 3 2.77272727272727
178.24 0 171.77498958535 "uLSIF" 22 3 3 2.80808080808081
186.919 0 181.401761397286 "uLSIF" 22 3 3 2.84343434343434
190.762 0 183.951601100799 "uLSIF" 22 3 3 2.87878787878788
198.977 0 189.349300576022 "uLSIF" 22 3 3 2.91414141414141
207.884 0 199.359476184968 "uLSIF" 22 3 3 2.94949494949495
215.736 0 208.329213902816 "uLSIF" 22 3 3 2.98484848484848
226.457 0 218.691431229239 "uLSIF" 22 3 3 3.02020202020202
232.674 0 224.57378098769 "uLSIF" 22 3 3 3.05555555555556
246.74 0 239.121013838724 "uLSIF" 22 3 3 3.09090909090909
252.603 0 241.212376966444 "uLSIF" 22 3 3 3.12626262626263
262.942 0 251.994583088419 "uLSIF" 22 3 3 3.16161616161616
270.916 0 256.574252978141 "uLSIF" 22 3 3 3.1969696969697
280.913 0 272.635330532296 "uLSIF" 22 3 3 3.23232323232323
291.279 0 282.475577016157 "uLSIF" 22 3 3 3.26767676767677
304.382 0 295.285030648906 "uLSIF" 22 3 3 3.3030303030303
312.293 0 299.246787436041 "uLSIF" 22 3 3 3.33838383838384
327.093 0 312.064542410107 "uLSIF" 22 3 3 3.37373737373737
335.312625250501 2 316.533899590061 "uLSIF" 22 3 3 3.40909090909091
347.489468405216 3 327.099869209951 "uLSIF" 22 3 3 3.44444444444444
359.696088264794 3 336.519411284743 "uLSIF" 22 3 3 3.47979797979798
374.131658291457 5 350.106778412682 "uLSIF" 22 3 3 3.51515151515152
383.439516129032 8 354.784228809676 "uLSIF" 22 3 3 3.55050505050505
395.852674066599 9 363.802497326536 "uLSIF" 22 3 3 3.58585858585859
407.023255813953 11 370.877295182789 "uLSIF" 22 3 3 3.62121212121212
424.02024291498 12 386.073402781781 "uLSIF" 22 3 3 3.65656565656566
439.45325203252 16 400.995985156321 "uLSIF" 22 3 3 3.69191919191919
455.745918367347 20 417.620769335361 "uLSIF" 22 3 3 3.72727272727273
465.010214504597 21 422.058239298524 "uLSIF" 22 3 3 3.76262626262626
473.833675564682 26 428.365654160531 "uLSIF" 22 3 3 3.7979797979798
488.651859504132 32 438.311819323043 "uLSIF" 22 3 3 3.83333333333333
506.684319833853 37 448.839230593981 "uLSIF" 22 3 3 3.86868686868687
519.886339937435 41 450.489412139676 "uLSIF" 22 3 3 3.9040404040404
535.400210084034 48 455.0800469447 "uLSIF" 22 3 3 3.93939393939394
546.525316455696 52 464.154323361133 "uLSIF" 22 3 3 3.97474747474747
558.16631130064 62 463.523077745205 "uLSIF" 22 3 3 4.01010101010101
569.181330472103 68 466.978511886865 "uLSIF" 22 3 3 4.04545454545454
586.868675995694 71 474.993384684505 "uLSIF" 22 3 3 4.08080808080808
600.45010845987 78 483.556825267461 "uLSIF" 22 3 3 4.11616161616162
612.726177437021 87 488.129979302006 "uLSIF" 22 3 3 4.15151515151515
623.991130820399 98 491.874120954383 "uLSIF" 22 3 3 4.18686868686869
632.947368421053 107 495.886458288394 "uLSIF" 22 3 3 4.22222222222222
640.076923076923 116 497.621765028125 "uLSIF" 22 3 3 4.25757575757576
653.568 125 504.542728269753 "uLSIF" 22 3 3 4.29292929292929
660.233993015134 141 508.671082683378 "uLSIF" 22 3 3 4.32828282828283
667.506447831184 147 512.644940245045 "uLSIF" 22 3 3 4.36363636363636
675.620689655172 159 513.698262369949 "uLSIF" 22 3 3 4.3989898989899
692.802395209581 165 518.030072823164 "uLSIF" 22 3 3 4.43434343434343
704.397076735688 179 520.639417556331 "uLSIF" 22 3 3 4.46969696969697
710.967701863354 195 526.744216014554 "uLSIF" 22 3 3 4.50505050505051
731.362025316456 210 537.233759286929 "uLSIF" 22 3 3 4.54040404040404
744.444585987261 215 538.694131341903 "uLSIF" 22 3 3 4.57575757575758
755.186615186615 223 540.837930853118 "uLSIF" 22 3 3 4.61111111111111
758.640992167102 234 538.865589207994 "uLSIF" 22 3 3 4.64646464646465
773.533685601057 243 543.085816626546 "uLSIF" 22 3 3 4.68181818181818
782.104557640751 254 543.164026351915 "uLSIF" 22 3 3 4.71717171717172
789.195355191257 268 544.48658413841 "uLSIF" 22 3 3 4.75252525252525
798.232686980609 278 547.153700395575 "uLSIF" 22 3 3 4.78787878787879
805.625174825175 285 549.79363272143 "uLSIF" 22 3 3 4.82323232323232
810.381019830028 294 550.496926390587 "uLSIF" 22 3 3 4.85858585858586
823.724637681159 310 552.7948171266 "uLSIF" 22 3 3 4.89393939393939
827.062780269058 331 550.584261477632 "uLSIF" 22 3 3 4.92929292929293
830.94512195122 344 556.496145847014 "uLSIF" 22 3 3 4.96464646464646
839.568535825545 358 559.805074561281 "uLSIF" 22 3 3 5
