32.864 9.542 0 0 28.6475161957225 6.18032623996763 "LDA" 50 1000 1.5
35.05 9.811 0 0 30.8625987240219 6.32196537844413 "LDA" 50 1000 1.53535353535354
37.45 10.17 0 0 33.2947148664475 6.43696625239985 "LDA" 50 1000 1.57070707070707
40.051 10.422 0 0 35.0505197955457 6.5356430923537 "LDA" 50 1000 1.60606060606061
42.729 10.661 0 0 37.5181979068048 6.58068266856748 "LDA" 50 1000 1.64141414141414
44.508 10.995 0 0 38.564272833014 6.74599758994053 "LDA" 50 1000 1.67676767676768
47.099 11.281 0 0 42.3413035343149 6.87293796540288 "LDA" 50 1000 1.71212121212121
50.008 11.496 0 0 46.1035733482284 6.94220268921746 "LDA" 50 1000 1.74747474747475
52.715 11.819 0 0 48.8014072784008 7.27152763276838 "LDA" 50 1000 1.78282828282828
54.874 12.064 0 0 50.1107894092202 7.43176527718248 "LDA" 50 1000 1.81818181818182
57.026 12.248 0 0 52.002187949658 7.47411254654078 "LDA" 50 1000 1.85353535353535
59.404 12.524 0 0 54.3043437097415 7.72587296770489 "LDA" 50 1000 1.88888888888889
62.307 12.726 0 0 57.6616650697725 7.82241101669518 "LDA" 50 1000 1.92424242424242
64.258 12.992 0 0 58.9292974512517 7.85172500700232 "LDA" 50 1000 1.95959595959596
67.373 13.221 0 0 62.9967655000117 7.99099587129258 "LDA" 50 1000 1.99494949494949
70.011 13.525 0 0 65.9880239005405 8.12978895596119 "LDA" 50 1000 2.03030303030303
72.679 13.893 0 0 68.3979256647103 8.39905322611395 "LDA" 50 1000 2.06565656565657
75.516 14.277 0 0 71.2005987985303 8.5541477918285 "LDA" 50 1000 2.1010101010101
77.193 14.663 0 0 72.9236972226218 8.88968264098654 "LDA" 50 1000 2.13636363636364
80.059 14.926 0 0 75.1679435580004 8.97100902925657 "LDA" 50 1000 2.17171717171717
83.064 15.359 0 0 77.2183175973977 9.52569461288036 "LDA" 50 1000 2.20707070707071
87.153 15.659 0 0 81.3958160464644 9.81830525692281 "LDA" 50 1000 2.24242424242424
90.746 15.985 0 0 83.7071345129456 9.96785499157833 "LDA" 50 1000 2.27777777777778
96.338 16.28 0 0 90.327741347035 10.2965829098599 "LDA" 50 1000 2.31313131313131
100.989 16.554 0 0 94.9477327320192 10.4256308095855 "LDA" 50 1000 2.34848484848485
107.4 16.846 0 0 102.705016042647 10.5166955306734 "LDA" 50 1000 2.38383838383838
112.389 17.114 0 0 107.679118084573 10.630993463549 "LDA" 50 1000 2.41919191919192
118.432 17.445 0 0 116.383600728447 10.9385843520827 "LDA" 50 1000 2.45454545454545
122.454 17.688 0 0 120.153988135496 11.0573469205285 "LDA" 50 1000 2.48989898989899
126.826 18.032 0 0 123.936055568466 11.232860417238 "LDA" 50 1000 2.52525252525253
132.976 18.314 0 0 126.227972038391 11.3097884735001 "LDA" 50 1000 2.56060606060606
138.74 18.623 0 0 130.67195398998 11.5349870796168 "LDA" 50 1000 2.5959595959596
145.442 18.939 0 0 136.168698864866 11.6612719831185 "LDA" 50 1000 2.63131313131313
152.119 19.276 0 0 139.315554273967 11.908216895473 "LDA" 50 1000 2.66666666666667
159.612 19.511 0 0 152.138231544532 12.0361433917907 "LDA" 50 1000 2.7020202020202
165.379 19.876 0 0 156.656632989668 12.2266968604 "LDA" 50 1000 2.73737373737374
171.83 20.154 0 0 163.562078898667 12.3289207267419 "LDA" 50 1000 2.77272727272727
178.577 20.426 0 0 168.911696552466 12.4404698178682 "LDA" 50 1000 2.80808080808081
183.695 20.654 0 0 171.97085203298 12.5402369013325 "LDA" 50 1000 2.84343434343434
192.243 20.97 0 0 182.121685307542 12.6154766160558 "LDA" 50 1000 2.87878787878788
198.65 21.305 0 0 186.578619035197 12.7099771250195 "LDA" 50 1000 2.91414141414141
204.984 21.685 0 0 190.303949873189 12.9273698752643 "LDA" 50 1000 2.94949494949495
212.348 22.026 0 0 195.702990668402 13.2071098939833 "LDA" 50 1000 2.98484848484848
221.554 22.345 0 0 205.792233885362 13.2451277233709 "LDA" 50 1000 3.02020202020202
230.136 22.607 0 0 214.773543946128 13.2955376845889 "LDA" 50 1000 3.05555555555556
244.022 22.876 0 0 233.64747946567 13.4135210346332 "LDA" 50 1000 3.09090909090909
252.24 23.054 0 0 239.228268740474 13.4653778409817 "LDA" 50 1000 3.12626262626263
259.955 23.338 0 0 247.460282806285 13.5518045812138 "LDA" 50 1000 3.16161616161616
271.154 23.739 0 0 258.328782840867 13.7589311789538 "LDA" 50 1000 3.1969696969697
280.32 24.067 0 0 269.618953302582 13.8937232787524 "LDA" 50 1000 3.23232323232323
292.534 24.439 0 0 278.350156554031 14.0043707963407 "LDA" 50 1000 3.26767676767677
302.136 24.643 0 0 286.394066043738 14.0616955692506 "LDA" 50 1000 3.3030303030303
317.845 24.964 0 0 300.227249556692 14.1896458747232 "LDA" 50 1000 3.33838383838384
332.692 25.234 0 0 313.05233252429 14.3886857731441 "LDA" 50 1000 3.37373737373737
345.689 25.674 0 0 319.603317503995 14.9118102886969 "LDA" 50 1000 3.40909090909091
361.383 25.89 0 0 342.367369541443 14.9116148104844 "LDA" 50 1000 3.44444444444444
378.182 26.21 0 0 357.067004526772 14.9923537401794 "LDA" 50 1000 3.47979797979798
392.721 26.503 0 0 374.548340830151 15.1601392084908 "LDA" 50 1000 3.51515151515152
404.184 26.805 0 0 382.585768180174 15.2644678577073 "LDA" 50 1000 3.55050505050505
413.951 26.996 0 0 388.887912395599 15.3024229502438 "LDA" 50 1000 3.58585858585859
427.49 27.343 0 0 399.954837165113 15.3308312033427 "LDA" 50 1000 3.62121212121212
444.303 27.562 0 0 415.960231398514 15.3324897274135 "LDA" 50 1000 3.65656565656566
458.503 27.849 0 0 427.361884321907 15.4516974457162 "LDA" 50 1000 3.69191919191919
477.043 28.22 0 0 444.384615887902 15.5832100812521 "LDA" 50 1000 3.72727272727273
498.316 28.546 0 0 468.694773743995 15.6702086597288 "LDA" 50 1000 3.76262626262626
519.655 28.925 0 0 487.092226187004 15.765847168387 "LDA" 50 1000 3.7979797979798
540.08 29.158 0 0 511.991426511051 15.8798994709415 "LDA" 50 1000 3.83333333333333
555.093 29.525 0 0 527.225039801406 16.4393925869732 "LDA" 50 1000 3.86868686868687
577.25 29.848 0 0 557.593285264243 16.6166485492415 "LDA" 50 1000 3.9040404040404
604.154 30.17 0 0 576.498753768902 16.7432803666855 "LDA" 50 1000 3.93939393939394
625.603 30.535 0 0 608.188973279044 17.103722177126 "LDA" 50 1000 3.97474747474747
648.42 30.954 0 0 632.826969695172 17.4965142817652 "LDA" 50 1000 4.01010101010101
677.437 31.216 0 0 654.78052167315 17.529878511862 "LDA" 50 1000 4.04545454545454
702.066 31.779 0 0 674.529929855059 18.0901468322513 "LDA" 50 1000 4.08080808080808
724.902 31.966 0 0 695.995255581381 18.0902764517876 "LDA" 50 1000 4.11616161616162
742.305 32.3 0 0 709.297690104929 18.2158671991706 "LDA" 50 1000 4.15151515151515
760.028 32.706 0 0 724.681389530828 18.6575901356437 "LDA" 50 1000 4.18686868686869
801.017 33.013 0 0 762.102363678085 18.6707640022691 "LDA" 50 1000 4.22222222222222
829.177 33.346 0 0 781.594969512578 18.7926434395869 "LDA" 50 1000 4.25757575757576
862.81 33.701 0 0 808.221759365777 18.9778227612326 "LDA" 50 1000 4.29292929292929
895.572 34.003 0 0 836.638085495815 19.0736151212557 "LDA" 50 1000 4.32828282828283
915.953953953954 34.437 1 0 855.412729480569 19.289481981513 "LDA" 50 1000 4.36363636363636
946.761761761762 34.699 1 0 899.889014142771 19.3511980990291 "LDA" 50 1000 4.3989898989899
986.004004004004 35.068 1 0 947.732178702972 19.6655055390933 "LDA" 50 1000 4.43434343434343
1023.86886886887 35.38 1 0 974.585023359859 19.8578431339845 "LDA" 50 1000 4.46969696969697
1054.24624624625 35.606 1 0 1000.93409250485 19.9234964228097 "LDA" 50 1000 4.50505050505051
1093.97797797798 35.813 1 0 1072.0835946807 19.9025159500286 "LDA" 50 1000 4.54040404040404
1122.85785785786 36.037 1 0 1083.68626532735 19.9956859961957 "LDA" 50 1000 4.57575757575758
1171.13513513514 36.261 1 0 1142.31237052764 20.0230317584726 "LDA" 50 1000 4.61111111111111
1208.72172172172 36.539 1 0 1175.65068779722 20.0397123000573 "LDA" 50 1000 4.64646464646465
1237.36836836837 36.847 1 0 1198.22595085361 20.099591652185 "LDA" 50 1000 4.68181818181818
1278.30730730731 37.207 1 0 1231.52148376982 20.1785362284861 "LDA" 50 1000 4.71717171717172
1319.13813813814 37.514 1 0 1269.80378809383 20.2199072364007 "LDA" 50 1000 4.75252525252525
1364.92892892893 37.802 1 0 1313.84497685243 20.347649073611 "LDA" 50 1000 4.78787878787879
1409.17817817818 38.205 1 0 1342.75350464363 20.3828465979469 "LDA" 50 1000 4.82323232323232
1455.07807807808 38.474 1 0 1395.21093998148 20.470622129539 "LDA" 50 1000 4.85858585858586
1500.6016016016 38.766 1 0 1443.62864572957 20.6085894218396 "LDA" 50 1000 4.89393939393939
1557.96796796797 39.106 1 0 1489.57710471017 20.7644389745046 "LDA" 50 1000 4.92929292929293
1614.97197197197 39.443 1 0 1541.68915612826 20.8873414304461 "LDA" 50 1000 4.96464646464646
1668.71313941825 39.708 3 0 1574.69057773912 20.9963707240938 "LDA" 50 1000 5
60.294 15.137 0 0 57.3489360360283 11.7800254668655 "uLSIF" 50 1000 1.5
64.777 15.494 0 0 62.0774103509149 11.9332462627051 "uLSIF" 50 1000 1.53535353535354
69.577 16.025 0 0 67.2010122471905 12.3564176060886 "uLSIF" 50 1000 1.57070707070707
74.404 16.531 0 0 73.1661812183339 12.7098615090637 "uLSIF" 50 1000 1.60606060606061
77.913 17.016 0 0 75.8818785382287 13.1899855845152 "uLSIF" 50 1000 1.64141414141414
82.118 17.517 0 0 79.2509734501274 13.7575790741679 "uLSIF" 50 1000 1.67676767676768
88.543 18.049 0 0 86.1410496304255 14.207830990741 "uLSIF" 50 1000 1.71212121212121
93.517 18.532 0 0 91.5129845286303 14.4096708711412 "uLSIF" 50 1000 1.74747474747475
99.374 19.388 0 0 96.5863709384044 15.6827741616528 "uLSIF" 50 1000 1.78282828282828
105.75 20.005 0 0 101.614600461878 16.1543783210292 "uLSIF" 50 1000 1.81818181818182
113.637 20.579 0 0 109.549223015333 16.4777812910682 "uLSIF" 50 1000 1.85353535353535
120.062 21.258 0 0 113.870262108211 16.7353370897484 "uLSIF" 50 1000 1.88888888888889
128.505 21.988 0 0 124.270250140853 17.3083053310667 "uLSIF" 50 1000 1.92424242424242
136.678 22.661 0 0 131.402370217964 17.9225918409782 "uLSIF" 50 1000 1.95959595959596
143.54 23.291 0 0 138.723042363129 18.476517547977 "uLSIF" 50 1000 1.99494949494949
151.162 23.797 0 0 143.941512132237 18.7498626221194 "uLSIF" 50 1000 2.03030303030303
162.671 24.444 0 0 157.025130634082 19.1326140639726 "uLSIF" 50 1000 2.06565656565657
172.124 25.128 0 0 166.707504378225 19.6279105070018 "uLSIF" 50 1000 2.1010101010101
182.455 25.931 0 0 176.940192739826 20.3291788942523 "uLSIF" 50 1000 2.13636363636364
192.214 26.617 0 0 190.643266492838 20.8166674721158 "uLSIF" 50 1000 2.17171717171717
203.635 27.302 0 0 198.77380310242 21.3785368497902 "uLSIF" 50 1000 2.20707070707071
217.341 28.092 0 0 212.731213714133 22.6063394334992 "uLSIF" 50 1000 2.24242424242424
229.42 28.748 0 0 226.421222879328 23.1476631716964 "uLSIF" 50 1000 2.27777777777778
240.927 29.524 0 0 236.09821269344 23.688701496253 "uLSIF" 50 1000 2.31313131313131
253.07 30.129 0 0 248.564815626765 23.8903559644495 "uLSIF" 50 1000 2.34848484848485
272.573 30.802 0 0 280.667919706104 24.6699290919411 "uLSIF" 50 1000 2.38383838383838
287.009 31.262 0 0 297.994270925641 24.9390318840029 "uLSIF" 50 1000 2.41919191919192
307.223 31.827 0 0 316.922756053118 25.351997846221 "uLSIF" 50 1000 2.45454545454545
321.741 32.851 0 0 329.598290274619 26.0333350443913 "uLSIF" 50 1000 2.48989898989899
339.92 33.581 0 0 344.122323852687 26.3665058669447 "uLSIF" 50 1000 2.52525252525253
354.95 34.384 0 0 359.013116637704 26.75175134828 "uLSIF" 50 1000 2.56060606060606
377.818 35.134 0 0 381.87605082565 27.0778369382278 "uLSIF" 50 1000 2.5959595959596
394.886 35.633 0 0 391.514398877651 27.3487891371312 "uLSIF" 50 1000 2.63131313131313
421.234 36.516 0 0 414.23102562047 28.0202583656696 "uLSIF" 50 1000 2.66666666666667
443.169 37.283 0 0 435.376567116553 28.7478581871824 "uLSIF" 50 1000 2.7020202020202
473.531 38.135 0 0 458.357935500233 29.215446553447 "uLSIF" 50 1000 2.73737373737374
500.15 38.811 0 0 484.884663230996 29.8200690058812 "uLSIF" 50 1000 2.77272727272727
525.254 39.487 0 0 511.954715883266 30.1208415569037 "uLSIF" 50 1000 2.80808080808081
557.232 40.461 0 0 537.101096409013 31.3270787796255 "uLSIF" 50 1000 2.84343434343434
593.242 41.36 0 0 580.301928106192 31.7422426739191 "uLSIF" 50 1000 2.87878787878788
623.972 42.311 0 0 606.99514357227 32.4331032308841 "uLSIF" 50 1000 2.91414141414141
660.603 43.329 0 0 637.447030040228 33.2760582860268 "uLSIF" 50 1000 2.94949494949495
698.231 44.271 0 0 671.828674147216 33.979790834924 "uLSIF" 50 1000 2.98484848484848
735.011 45.13 0 0 700.340129634291 34.6103593881511 "uLSIF" 50 1000 3.02020202020202
770.322 45.736 0 0 731.582730528549 34.9191874712693 "uLSIF" 50 1000 3.05555555555556
817.066 46.714 0 0 775.647406069628 36.4143956727585 "uLSIF" 50 1000 3.09090909090909
863.398 47.587 0 0 827.627584735438 37.4889831131074 "uLSIF" 50 1000 3.12626262626263
920.929 48.21 0 0 876.004454191166 37.7596569329184 "uLSIF" 50 1000 3.16161616161616
968.767 48.829 0 0 904.036290380716 38.4557226118767 "uLSIF" 50 1000 3.1969696969697
1015.149 49.445 0 0 930.480485949992 38.6673005928153 "uLSIF" 50 1000 3.23232323232323
1082.439 50.264 0 0 1024.1734342886 39.0818076819854 "uLSIF" 50 1000 3.26767676767677
1127.172 51.519 0 0 1043.32028813766 40.2970158757257 "uLSIF" 50 1000 3.3030303030303
1196.257 52.474 0 0 1131.17845349204 40.7701303349343 "uLSIF" 50 1000 3.33838383838384
1269.565 53.04 0 0 1200.92422940824 41.1933403754938 "uLSIF" 50 1000 3.37373737373737
1336.94294294294 53.888 1 0 1262.94974478935 41.9889333816248 "uLSIF" 50 1000 3.40909090909091
1393.48648648649 54.972 1 0 1314.66991047738 43.1030519695426 "uLSIF" 50 1000 3.44444444444444
1449.93693693694 56.428 1 0 1339.28545055308 44.2818664884363 "uLSIF" 50 1000 3.47979797979798
1530.13713713714 57.426 1 0 1388.78913616924 45.1678276725443 "uLSIF" 50 1000 3.51515151515152
1612.98098098098 58.372 1 0 1467.38199268751 46.3571850375387 "uLSIF" 50 1000 3.55050505050505
1704.50550550551 59.389 1 0 1569.09455647965 46.8179409905925 "uLSIF" 50 1000 3.58585858585859
1798.45390781563 60.763 2 0 1671.19047093687 48.2153663529849 "uLSIF" 50 1000 3.62121212121212
1878.75727181545 61.527 3 0 1712.27536012622 48.5061038748023 "uLSIF" 50 1000 3.65656565656566
1946.91943605237 62.807 7 0 1731.5598521936 49.6989712040273 "uLSIF" 50 1000 3.69191919191919
2016.97076612903 64.066 8 0 1772.29945448264 51.3790175796253 "uLSIF" 50 1000 3.72727272727273
2115.43174924166 65.412 11 0 1870.92778750971 52.8136491594506 "uLSIF" 50 1000 3.76262626262626
2248.78766430738 66.669 11 0 1967.5440453145 53.7836789660499 "uLSIF" 50 1000 3.7979797979798
2323.22606924644 67.859 18 0 2016.41391491469 55.1300321008381 "uLSIF" 50 1000 3.83333333333333
2414.59509202454 68.554 22 0 2091.90958236111 55.5592648971881 "uLSIF" 50 1000 3.86868686868687
2562.38461538462 69.106 25 0 2206.85581775953 55.6908990791156 "uLSIF" 50 1000 3.9040404040404
2635.03611971104 70.242 31 0 2243.10274101564 56.5760929217482 "uLSIF" 50 1000 3.93939393939394
2743.20686070686 72.139 38 0 2293.36078535749 57.9162841951638 "uLSIF" 50 1000 3.97474747474747
2838.3611691023 73.327 42 0 2328.41248339444 58.846350472769 "uLSIF" 50 1000 4.01010101010101
2934.51263157895 74.76 50 0 2383.28950517731 61.0014883554621 "uLSIF" 50 1000 4.04545454545454
3037.00956429331 75.148 59 0 2452.35082416893 61.0548096859354 "uLSIF" 50 1000 4.08080808080808
3107.68240343348 75.879 68 0 2488.46941772555 61.2870170383374 "uLSIF" 50 1000 4.11616161616162
3170.73101952278 76.896 78 0 2506.77524901402 61.9054882338672 "uLSIF" 50 1000 4.15151515151515
3258.88415300546 77.884 85 0 2548.53314736046 62.797787430021 "uLSIF" 50 1000 4.18686868686869
3350.43156732892 78.621 94 0 2559.25436012956 63.3887805253934 "uLSIF" 50 1000 4.22222222222222
3387.27078651685 79.386 110 0 2563.44854720184 63.4763124814781 "uLSIF" 50 1000 4.25757575757576
3423.89828571429 80.698 125 0 2582.14003451296 64.5385933068426 "uLSIF" 50 1000 4.29292929292929
3467.64153132251 81.224 138 0 2585.99489168666 64.6007978827436 "uLSIF" 50 1000 4.32828282828283
3503.10900473934 82.281 156 0 2599.17137219352 65.4354478615134 "uLSIF" 50 1000 4.36363636363636
3603.46924004825 83.296 171 0 2623.65815864273 66.1663688921522 "uLSIF" 50 1000 4.3989898989899
3686.16069221261 84.508 191 0 2663.77366809553 67.7347025233442 "uLSIF" 50 1000 4.43434343434343
3717.65525982256 86.44 211 0 2660.26320837924 69.3803865515178 "uLSIF" 50 1000 4.46969696969697
3800.31047865459 87.777 227 0 2704.21029566254 69.9250941350084 "uLSIF" 50 1000 4.50505050505051
3853.128 88.815 250 0 2711.82260716902 70.7942412883958 "uLSIF" 50 1000 4.54040404040404
3946.76607387141 89.601 269 0 2758.49325732057 70.9686575140699 "uLSIF" 50 1000 4.57575757575758
4024.48169014084 90.186 290 0 2789.42245850131 71.1000324797297 "uLSIF" 50 1000 4.61111111111111
4070.14098837209 91.641 312 0 2782.81146551153 72.1859052996077 "uLSIF" 50 1000 4.64646464646465
4141.85240963855 92.959 336 0 2785.72547654519 73.0009757569134 "uLSIF" 50 1000 4.68181818181818
4205.42 93.806 350 0 2795.9633940712 73.1348280032644 "uLSIF" 50 1000 4.71717171717172
4246.74841772152 95.328 368 0 2785.70944709078 73.7978898380201 "uLSIF" 50 1000 4.75252525252525
4255.20792079208 97.234 394 0 2768.90679737785 75.9103525589601 "uLSIF" 50 1000 4.78787878787879
4343.89401709402 98.736 415 0 2771.44193202456 77.2185924179858 "uLSIF" 50 1000 4.82323232323232
4426.57342657343 99.414 428 0 2817.62570053128 77.6285178963942 "uLSIF" 50 1000 4.85858585858586
4430.75454545455 100.048 450 0 2814.56716523526 77.5702058320902 "uLSIF" 50 1000 4.89393939393939
4388.20075046904 101.238 467 0 2798.03147421113 78.9474765908326 "uLSIF" 50 1000 4.92929292929293
4417.92578125 102.665 488 0 2823.30489024601 80.9474970105455 "uLSIF" 50 1000 4.96464646464646
4471.8953722334 103.89 503 0 2816.23700137292 81.8291018030988 "uLSIF" 50 1000 5
