140.69 15.125 0 0 "KDE LDA" 164 5000 2.5
140.705 15.175 0 0 "KDE LDA" 164 5000 2.51010101010101
140.74 15.225 0 0 "KDE LDA" 164 5000 2.52020202020202
144.37 15.415 0 0 "KDE LDA" 164 5000 2.53030303030303
150.045 15.495 0 0 "KDE LDA" 164 5000 2.54040404040404
150.05 15.51 0 0 "KDE LDA" 164 5000 2.55050505050505
150.12 15.52 0 0 "KDE LDA" 164 5000 2.56060606060606
150.125 15.56 0 0 "KDE LDA" 164 5000 2.57070707070707
150.135 15.575 0 0 "KDE LDA" 164 5000 2.58080808080808
150.96 15.58 0 0 "KDE LDA" 164 5000 2.59090909090909
151.555 15.585 0 0 "KDE LDA" 164 5000 2.6010101010101
154.715 15.79 0 0 "KDE LDA" 164 5000 2.61111111111111
154.715 15.885 0 0 "KDE LDA" 164 5000 2.62121212121212
157.24 15.905 0 0 "KDE LDA" 164 5000 2.63131313131313
158.985 15.96 0 0 "KDE LDA" 164 5000 2.64141414141414
162.3 16.015 0 0 "KDE LDA" 164 5000 2.65151515151515
168.655 16.175 0 0 "KDE LDA" 164 5000 2.66161616161616
170.62 16.435 0 0 "KDE LDA" 164 5000 2.67171717171717
170.63 16.565 0 0 "KDE LDA" 164 5000 2.68181818181818
171.18 16.855 0 0 "KDE LDA" 164 5000 2.69191919191919
175.155 16.92 0 0 "KDE LDA" 164 5000 2.7020202020202
175.185 16.975 0 0 "KDE LDA" 164 5000 2.71212121212121
181.645 17.035 0 0 "KDE LDA" 164 5000 2.72222222222222
182.885 17.075 0 0 "KDE LDA" 164 5000 2.73232323232323
184.66 17.09 0 0 "KDE LDA" 164 5000 2.74242424242424
189.785 17.19 0 0 "KDE LDA" 164 5000 2.75252525252525
191.02 17.305 0 0 "KDE LDA" 164 5000 2.76262626262626
191.345 17.365 0 0 "KDE LDA" 164 5000 2.77272727272727
195.585 17.5 0 0 "KDE LDA" 164 5000 2.78282828282828
199.95 17.65 0 0 "KDE LDA" 164 5000 2.79292929292929
238.515 18.09 0 0 "KDE LDA" 164 5000 2.8030303030303
242.425 18.105 0 0 "KDE LDA" 164 5000 2.81313131313131
246.055 18.185 0 0 "KDE LDA" 164 5000 2.82323232323232
247.29 18.205 0 0 "KDE LDA" 164 5000 2.83333333333333
252.45 18.21 0 0 "KDE LDA" 164 5000 2.84343434343434
252.455 18.21 0 0 "KDE LDA" 164 5000 2.85353535353535
254.88 18.22 0 0 "KDE LDA" 164 5000 2.86363636363636
255.345 18.25 0 0 "KDE LDA" 164 5000 2.87373737373737
257.58 18.26 0 0 "KDE LDA" 164 5000 2.88383838383838
257.6 18.275 0 0 "KDE LDA" 164 5000 2.89393939393939
257.845 18.315 0 0 "KDE LDA" 164 5000 2.9040404040404
257.85 18.34 0 0 "KDE LDA" 164 5000 2.91414141414141
259.235 18.465 0 0 "KDE LDA" 164 5000 2.92424242424242
259.965 18.54 0 0 "KDE LDA" 164 5000 2.93434343434343
263.345 18.6 0 0 "KDE LDA" 164 5000 2.94444444444444
263.415 18.635 0 0 "KDE LDA" 164 5000 2.95454545454545
267.92 18.77 0 0 "KDE LDA" 164 5000 2.96464646464646
268.14 19.02 0 0 "KDE LDA" 164 5000 2.97474747474747
270.255 19.055 0 0 "KDE LDA" 164 5000 2.98484848484848
270.255 19.125 0 0 "KDE LDA" 164 5000 2.99494949494949
271.315 19.14 0 0 "KDE LDA" 164 5000 3.00505050505051
271.37 19.14 0 0 "KDE LDA" 164 5000 3.01515151515152
273.445 19.205 0 0 "KDE LDA" 164 5000 3.02525252525253
273.465 19.245 0 0 "KDE LDA" 164 5000 3.03535353535354
274.525 19.41 0 0 "KDE LDA" 164 5000 3.04545454545455
279.685 19.82 0 0 "KDE LDA" 164 5000 3.05555555555556
281.1 19.965 0 0 "KDE LDA" 164 5000 3.06565656565657
286.84 20.03 0 0 "KDE LDA" 164 5000 3.07575757575758
293.565 20.14 0 0 "KDE LDA" 164 5000 3.08585858585859
312.72 20.23 0 0 "KDE LDA" 164 5000 3.0959595959596
314.805 20.3 0 0 "KDE LDA" 164 5000 3.10606060606061
316.77 20.35 0 0 "KDE LDA" 164 5000 3.11616161616162
316.79 20.355 0 0 "KDE LDA" 164 5000 3.12626262626263
322.145 20.49 0 0 "KDE LDA" 164 5000 3.13636363636364
323.73 20.655 0 0 "KDE LDA" 164 5000 3.14646464646465
325.72 20.655 0 0 "KDE LDA" 164 5000 3.15656565656566
328.84 20.67 0 0 "KDE LDA" 164 5000 3.16666666666667
329.355 21.175 0 0 "KDE LDA" 164 5000 3.17676767676768
329.38 21.185 0 0 "KDE LDA" 164 5000 3.18686868686869
336.44 21.195 0 0 "KDE LDA" 164 5000 3.1969696969697
336.56 21.2 0 0 "KDE LDA" 164 5000 3.20707070707071
337.15 21.41 0 0 "KDE LDA" 164 5000 3.21717171717172
356.605 21.51 0 0 "KDE LDA" 164 5000 3.22727272727273
360.43 21.59 0 0 "KDE LDA" 164 5000 3.23737373737374
366.405 21.815 0 0 "KDE LDA" 164 5000 3.24747474747475
370.23 21.845 0 0 "KDE LDA" 164 5000 3.25757575757576
372.155 22.215 0 0 "KDE LDA" 164 5000 3.26767676767677
373.075 22.255 0 0 "KDE LDA" 164 5000 3.27777777777778
374.24 22.28 0 0 "KDE LDA" 164 5000 3.28787878787879
376.43 22.32 0 0 "KDE LDA" 164 5000 3.2979797979798
378.885 22.345 0 0 "KDE LDA" 164 5000 3.30808080808081
384.39 22.385 0 0 "KDE LDA" 164 5000 3.31818181818182
384.68 22.4 0 0 "KDE LDA" 164 5000 3.32828282828283
398.465 22.405 0 0 "KDE LDA" 164 5000 3.33838383838384
400.08 22.495 0 0 "KDE LDA" 164 5000 3.34848484848485
424.48 22.935 0 0 "KDE LDA" 164 5000 3.35858585858586
431.66 22.99 0 0 "KDE LDA" 164 5000 3.36868686868687
437.105 23.035 0 0 "KDE LDA" 164 5000 3.37878787878788
437.135 23.06 0 0 "KDE LDA" 164 5000 3.38888888888889
438.825 23.1 0 0 "KDE LDA" 164 5000 3.3989898989899
441.08 23.1 0 0 "KDE LDA" 164 5000 3.40909090909091
441.11 23.155 0 0 "KDE LDA" 164 5000 3.41919191919192
444.69 23.22 0 0 "KDE LDA" 164 5000 3.42929292929293
452.1 23.235 0 0 "KDE LDA" 164 5000 3.43939393939394
454.7 23.28 0 0 "KDE LDA" 164 5000 3.44949494949495
456.26 23.34 0 0 "KDE LDA" 164 5000 3.45959595959596
459.44 23.42 0 0 "KDE LDA" 164 5000 3.46969696969697
461.105 23.48 0 0 "KDE LDA" 164 5000 3.47979797979798
461.105 23.5 0 0 "KDE LDA" 164 5000 3.48989898989899
461.11 23.535 0 0 "KDE LDA" 164 5000 3.5
94.115 11.995 0 0 "KDE QDA" 164 5000 2.7
94.115 11.995 0 0 "KDE QDA" 164 5000 2.71010101010101
94.13 12 0 0 "KDE QDA" 164 5000 2.72020202020202
94.135 12 0 0 "KDE QDA" 164 5000 2.73030303030303
94.135 12 0 0 "KDE QDA" 164 5000 2.74040404040404
94.135 12.005 0 0 "KDE QDA" 164 5000 2.75050505050505
94.14 12.005 0 0 "KDE QDA" 164 5000 2.76060606060606
94.195 12.005 0 0 "KDE QDA" 164 5000 2.77070707070707
94.195 12.015 0 0 "KDE QDA" 164 5000 2.78080808080808
94.2 12.015 0 0 "KDE QDA" 164 5000 2.79090909090909
119.675 13.33 0 0 "KDE QDA" 164 5000 2.8010101010101
119.675 13.33 0 0 "KDE QDA" 164 5000 2.81111111111111
119.675 13.335 0 0 "KDE QDA" 164 5000 2.82121212121212
121.75 13.605 0 0 "KDE QDA" 164 5000 2.83131313131313
122.385 13.605 0 0 "KDE QDA" 164 5000 2.84141414141414
122.555 13.74 0 0 "KDE QDA" 164 5000 2.85151515151515
122.56 13.74 0 0 "KDE QDA" 164 5000 2.86161616161616
122.56 13.74 0 0 "KDE QDA" 164 5000 2.87171717171717
122.56 13.74 0 0 "KDE QDA" 164 5000 2.88181818181818
122.565 13.74 0 0 "KDE QDA" 164 5000 2.89191919191919
122.565 13.74 0 0 "KDE QDA" 164 5000 2.9020202020202
122.565 13.74 0 0 "KDE QDA" 164 5000 2.91212121212121
123.345 13.74 0 0 "KDE QDA" 164 5000 2.92222222222222
123.345 13.74 0 0 "KDE QDA" 164 5000 2.93232323232323
123.39 13.74 0 0 "KDE QDA" 164 5000 2.94242424242424
123.39 13.74 0 0 "KDE QDA" 164 5000 2.95252525252525
135.95 13.995 0 0 "KDE QDA" 164 5000 2.96262626262626
135.965 13.995 0 0 "KDE QDA" 164 5000 2.97272727272727
136.93 14 0 0 "KDE QDA" 164 5000 2.98282828282828
136.93 14.01 0 0 "KDE QDA" 164 5000 2.99292929292929
136.93 14.01 0 0 "KDE QDA" 164 5000 3.0030303030303
136.93 14.025 0 0 "KDE QDA" 164 5000 3.01313131313131
136.93 14.025 0 0 "KDE QDA" 164 5000 3.02323232323232
137.23 14.025 0 0 "KDE QDA" 164 5000 3.03333333333333
137.23 14.03 0 0 "KDE QDA" 164 5000 3.04343434343434
137.23 14.03 0 0 "KDE QDA" 164 5000 3.05353535353535
137.23 14.03 0 0 "KDE QDA" 164 5000 3.06363636363636
137.23 14.03 0 0 "KDE QDA" 164 5000 3.07373737373737
137.23 14.03 0 0 "KDE QDA" 164 5000 3.08383838383838
156.635 14.29 0 0 "KDE QDA" 164 5000 3.09393939393939
156.64 14.29 0 0 "KDE QDA" 164 5000 3.1040404040404
156.65 14.29 0 0 "KDE QDA" 164 5000 3.11414141414141
161.945 14.36 0 0 "KDE QDA" 164 5000 3.12424242424242
161.945 14.36 0 0 "KDE QDA" 164 5000 3.13434343434343
163.785 14.405 0 0 "KDE QDA" 164 5000 3.14444444444444
163.785 14.405 0 0 "KDE QDA" 164 5000 3.15454545454545
163.79 14.42 0 0 "KDE QDA" 164 5000 3.16464646464646
164.295 14.42 0 0 "KDE QDA" 164 5000 3.17474747474748
164.295 14.42 0 0 "KDE QDA" 164 5000 3.18484848484849
164.295 14.42 0 0 "KDE QDA" 164 5000 3.19494949494949
164.295 14.42 0 0 "KDE QDA" 164 5000 3.20505050505051
164.295 14.42 0 0 "KDE QDA" 164 5000 3.21515151515152
193.825 14.805 0 0 "KDE QDA" 164 5000 3.22525252525253
196.13 14.87 0 0 "KDE QDA" 164 5000 3.23535353535354
196.13 14.87 0 0 "KDE QDA" 164 5000 3.24545454545455
201.69 15.02 0 0 "KDE QDA" 164 5000 3.25555555555556
201.69 15.02 0 0 "KDE QDA" 164 5000 3.26565656565657
202.85 15.035 0 0 "KDE QDA" 164 5000 3.27575757575758
204.02 15.04 0 0 "KDE QDA" 164 5000 3.28585858585859
204.02 15.04 0 0 "KDE QDA" 164 5000 3.2959595959596
204.295 15.045 0 0 "KDE QDA" 164 5000 3.30606060606061
204.295 15.045 0 0 "KDE QDA" 164 5000 3.31616161616162
204.31 15.045 0 0 "KDE QDA" 164 5000 3.32626262626263
204.325 15.045 0 0 "KDE QDA" 164 5000 3.33636363636364
204.34 15.055 0 0 "KDE QDA" 164 5000 3.34646464646465
205.7 15.055 0 0 "KDE QDA" 164 5000 3.35656565656566
247.445 15.855 0 0 "KDE QDA" 164 5000 3.36666666666667
247.445 15.86 0 0 "KDE QDA" 164 5000 3.37676767676768
255.245 16.07 0 0 "KDE QDA" 164 5000 3.38686868686869
255.84 16.075 0 0 "KDE QDA" 164 5000 3.3969696969697
255.84 16.075 0 0 "KDE QDA" 164 5000 3.40707070707071
256.36 16.115 0 0 "KDE QDA" 164 5000 3.41717171717172
256.365 16.115 0 0 "KDE QDA" 164 5000 3.42727272727273
258.22 16.135 0 0 "KDE QDA" 164 5000 3.43737373737374
258.265 16.135 0 0 "KDE QDA" 164 5000 3.44747474747475
258.27 16.135 0 0 "KDE QDA" 164 5000 3.45757575757576
258.27 16.14 0 0 "KDE QDA" 164 5000 3.46767676767677
258.275 16.14 0 0 "KDE QDA" 164 5000 3.47777777777778
258.275 16.14 0 0 "KDE QDA" 164 5000 3.48787878787879
258.275 16.14 0 0 "KDE QDA" 164 5000 3.4979797979798
258.275 16.14 0 0 "KDE QDA" 164 5000 3.50808080808081
273.1 16.43 0 0 "KDE QDA" 164 5000 3.51818181818182
273.1 16.47 0 0 "KDE QDA" 164 5000 3.52828282828283
273.1 16.47 0 0 "KDE QDA" 164 5000 3.53838383838384
277.055 16.495 0 0 "KDE QDA" 164 5000 3.54848484848485
277.06 16.5 0 0 "KDE QDA" 164 5000 3.55858585858586
277.12 16.515 0 0 "KDE QDA" 164 5000 3.56868686868687
277.12 16.515 0 0 "KDE QDA" 164 5000 3.57878787878788
277.12 16.52 0 0 "KDE QDA" 164 5000 3.58888888888889
277.12 16.52 0 0 "KDE QDA" 164 5000 3.5989898989899
277.13 16.565 0 0 "KDE QDA" 164 5000 3.60909090909091
277.135 16.565 0 0 "KDE QDA" 164 5000 3.61919191919192
277.14 16.57 0 0 "KDE QDA" 164 5000 3.62929292929293
277.46 16.57 0 0 "KDE QDA" 164 5000 3.63939393939394
277.47 16.57 0 0 "KDE QDA" 164 5000 3.64949494949495
291.895 17.28 0 0 "KDE QDA" 164 5000 3.65959595959596
291.975 17.285 0 0 "KDE QDA" 164 5000 3.66969696969697
296.75 17.425 0 0 "KDE QDA" 164 5000 3.67979797979798
296.75 17.46 0 0 "KDE QDA" 164 5000 3.68989898989899
298.135 17.46 0 0 "KDE QDA" 164 5000 3.7
