131.195 14.115 0 0 "KDE LDA" 82 3000 2.5
131.415 14.115 0 0 "KDE LDA" 82 3000 2.51010101010101
135.645 14.15 0 0 "KDE LDA" 82 3000 2.52020202020202
138.465 14.21 0 0 "KDE LDA" 82 3000 2.53030303030303
141.44 14.475 0 0 "KDE LDA" 82 3000 2.54040404040404
141.445 14.48 0 0 "KDE LDA" 82 3000 2.55050505050505
141.45 14.495 0 0 "KDE LDA" 82 3000 2.56060606060606
141.9 14.63 0 0 "KDE LDA" 82 3000 2.57070707070707
142.82 14.87 0 0 "KDE LDA" 82 3000 2.58080808080808
142.91 14.905 0 0 "KDE LDA" 82 3000 2.59090909090909
142.925 14.92 0 0 "KDE LDA" 82 3000 2.6010101010101
142.935 14.94 0 0 "KDE LDA" 82 3000 2.61111111111111
146.67 15.035 0 0 "KDE LDA" 82 3000 2.62121212121212
150.69 15.055 0 0 "KDE LDA" 82 3000 2.63131313131313
156.72 15.135 0 0 "KDE LDA" 82 3000 2.64141414141414
159.91 15.18 0 0 "KDE LDA" 82 3000 2.65151515151515
164.945 15.25 0 0 "KDE LDA" 82 3000 2.66161616161616
170.665 15.415 0 0 "KDE LDA" 82 3000 2.67171717171717
171.235 15.48 0 0 "KDE LDA" 82 3000 2.68181818181818
171.32 15.59 0 0 "KDE LDA" 82 3000 2.69191919191919
171.325 15.79 0 0 "KDE LDA" 82 3000 2.7020202020202
171.485 15.89 0 0 "KDE LDA" 82 3000 2.71212121212121
171.905 15.98 0 0 "KDE LDA" 82 3000 2.72222222222222
171.925 15.98 0 0 "KDE LDA" 82 3000 2.73232323232323
173.39 15.99 0 0 "KDE LDA" 82 3000 2.74242424242424
175.805 16.05 0 0 "KDE LDA" 82 3000 2.75252525252525
177.05 16.05 0 0 "KDE LDA" 82 3000 2.76262626262626
179.52 16.08 0 0 "KDE LDA" 82 3000 2.77272727272727
184.43 16.255 0 0 "KDE LDA" 82 3000 2.78282828282828
197.595 16.675 0 0 "KDE LDA" 82 3000 2.79292929292929
225.62 17.29 0 0 "KDE LDA" 82 3000 2.8030303030303
231.705 17.305 0 0 "KDE LDA" 82 3000 2.81313131313131
232.565 17.385 0 0 "KDE LDA" 82 3000 2.82323232323232
232.59 17.51 0 0 "KDE LDA" 82 3000 2.83333333333333
234.48 17.525 0 0 "KDE LDA" 82 3000 2.84343434343434
234.485 17.57 0 0 "KDE LDA" 82 3000 2.85353535353535
235.71 17.57 0 0 "KDE LDA" 82 3000 2.86363636363636
236.625 17.585 0 0 "KDE LDA" 82 3000 2.87373737373737
236.815 17.615 0 0 "KDE LDA" 82 3000 2.88383838383838
237.83 17.64 0 0 "KDE LDA" 82 3000 2.89393939393939
237.835 17.755 0 0 "KDE LDA" 82 3000 2.9040404040404
237.845 17.81 0 0 "KDE LDA" 82 3000 2.91414141414141
240.225 17.915 0 0 "KDE LDA" 82 3000 2.92424242424242
240.93 18.015 0 0 "KDE LDA" 82 3000 2.93434343434343
241.475 18.07 0 0 "KDE LDA" 82 3000 2.94444444444444
242.475 18.26 0 0 "KDE LDA" 82 3000 2.95454545454545
250.185 18.36 0 0 "KDE LDA" 82 3000 2.96464646464646
251.35 18.385 0 0 "KDE LDA" 82 3000 2.97474747474747
256.255 18.52 0 0 "KDE LDA" 82 3000 2.98484848484848
256.32 18.56 0 0 "KDE LDA" 82 3000 2.99494949494949
258.575 18.565 0 0 "KDE LDA" 82 3000 3.00505050505051
260.265 18.575 0 0 "KDE LDA" 82 3000 3.01515151515152
260.27 18.62 0 0 "KDE LDA" 82 3000 3.02525252525253
264.185 18.835 0 0 "KDE LDA" 82 3000 3.03535353535354
264.205 18.92 0 0 "KDE LDA" 82 3000 3.04545454545455
264.215 18.97 0 0 "KDE LDA" 82 3000 3.05555555555556
264.245 18.97 0 0 "KDE LDA" 82 3000 3.06565656565657
268.76 19.09 0 0 "KDE LDA" 82 3000 3.07575757575758
273.695 19.41 0 0 "KDE LDA" 82 3000 3.08585858585859
284.715 19.505 0 0 "KDE LDA" 82 3000 3.0959595959596
287.555 19.56 0 0 "KDE LDA" 82 3000 3.10606060606061
289.94 19.6 0 0 "KDE LDA" 82 3000 3.11616161616162
292.31 19.645 0 0 "KDE LDA" 82 3000 3.12626262626263
295.605 19.975 0 0 "KDE LDA" 82 3000 3.13636363636364
295.765 19.995 0 0 "KDE LDA" 82 3000 3.14646464646465
296.71 20.13 0 0 "KDE LDA" 82 3000 3.15656565656566
308.265 20.255 0 0 "KDE LDA" 82 3000 3.16666666666667
308.27 20.525 0 0 "KDE LDA" 82 3000 3.17676767676768
310.255 20.59 0 0 "KDE LDA" 82 3000 3.18686868686869
313.915 20.615 0 0 "KDE LDA" 82 3000 3.1969696969697
316.87 20.655 0 0 "KDE LDA" 82 3000 3.20707070707071
325.96 20.69 0 0 "KDE LDA" 82 3000 3.21717171717172
333.51 21.095 0 0 "KDE LDA" 82 3000 3.22727272727273
335.36 21.1 0 0 "KDE LDA" 82 3000 3.23737373737374
336.63 21.11 0 0 "KDE LDA" 82 3000 3.24747474747475
338.6 21.125 0 0 "KDE LDA" 82 3000 3.25757575757576
339.235 21.17 0 0 "KDE LDA" 82 3000 3.26767676767677
339.31 21.175 0 0 "KDE LDA" 82 3000 3.27777777777778
347.995 21.18 0 0 "KDE LDA" 82 3000 3.28787878787879
348.995 21.195 0 0 "KDE LDA" 82 3000 3.2979797979798
354.255 21.38 0 0 "KDE LDA" 82 3000 3.30808080808081
361.315 21.385 0 0 "KDE LDA" 82 3000 3.31818181818182
364.495 21.46 0 0 "KDE LDA" 82 3000 3.32828282828283
371.545 21.53 0 0 "KDE LDA" 82 3000 3.33838383838384
387.38 21.66 0 0 "KDE LDA" 82 3000 3.34848484848485
438.995 22.215 0 0 "KDE LDA" 82 3000 3.35858585858586
439.15 22.245 0 0 "KDE LDA" 82 3000 3.36868686868687
439.63 22.375 0 0 "KDE LDA" 82 3000 3.37878787878788
444.975 22.43 0 0 "KDE LDA" 82 3000 3.38888888888889
445.025 22.47 0 0 "KDE LDA" 82 3000 3.3989898989899
448.165 22.49 0 0 "KDE LDA" 82 3000 3.40909090909091
456.04 22.5 0 0 "KDE LDA" 82 3000 3.41919191919192
456.065 22.675 0 0 "KDE LDA" 82 3000 3.42929292929293
457.72 22.92 0 0 "KDE LDA" 82 3000 3.43939393939394
463.355 22.98 0 0 "KDE LDA" 82 3000 3.44949494949495
463.36 22.985 0 0 "KDE LDA" 82 3000 3.45959595959596
463.8 23.06 0 0 "KDE LDA" 82 3000 3.46969696969697
464.305 23.31 0 0 "KDE LDA" 82 3000 3.47979797979798
469.245 23.33 0 0 "KDE LDA" 82 3000 3.48989898989899
470.115 23.385 0 0 "KDE LDA" 82 3000 3.5
92.48 13.25 0 0 "KDE QDA" 82 3000 2.7
92.48 13.25 0 0 "KDE QDA" 82 3000 2.71010101010101
92.495 13.25 0 0 "KDE QDA" 82 3000 2.72020202020202
92.71 13.25 0 0 "KDE QDA" 82 3000 2.73030303030303
92.71 13.25 0 0 "KDE QDA" 82 3000 2.74040404040404
92.71 13.25 0 0 "KDE QDA" 82 3000 2.75050505050505
92.71 13.25 0 0 "KDE QDA" 82 3000 2.76060606060606
92.71 13.25 0 0 "KDE QDA" 82 3000 2.77070707070707
92.725 13.275 0 0 "KDE QDA" 82 3000 2.78080808080808
92.725 13.275 0 0 "KDE QDA" 82 3000 2.79090909090909
119.455 14.01 0 0 "KDE QDA" 82 3000 2.8010101010101
119.455 14.01 0 0 "KDE QDA" 82 3000 2.81111111111111
119.455 14.01 0 0 "KDE QDA" 82 3000 2.82121212121212
120.77 14.13 0 0 "KDE QDA" 82 3000 2.83131313131313
120.77 14.135 0 0 "KDE QDA" 82 3000 2.84141414141414
120.87 14.135 0 0 "KDE QDA" 82 3000 2.85151515151515
120.9 14.135 0 0 "KDE QDA" 82 3000 2.86161616161616
120.91 14.135 0 0 "KDE QDA" 82 3000 2.87171717171717
122.375 14.275 0 0 "KDE QDA" 82 3000 2.88181818181818
122.9 14.275 0 0 "KDE QDA" 82 3000 2.89191919191919
122.9 14.3 0 0 "KDE QDA" 82 3000 2.9020202020202
125.96 14.305 0 0 "KDE QDA" 82 3000 2.91212121212121
125.965 14.31 0 0 "KDE QDA" 82 3000 2.92222222222222
126.7 14.31 0 0 "KDE QDA" 82 3000 2.93232323232323
126.745 14.31 0 0 "KDE QDA" 82 3000 2.94242424242424
127.395 14.31 0 0 "KDE QDA" 82 3000 2.95252525252525
133.39 14.58 0 0 "KDE QDA" 82 3000 2.96262626262626
133.495 14.595 0 0 "KDE QDA" 82 3000 2.97272727272727
134.11 14.635 0 0 "KDE QDA" 82 3000 2.98282828282828
134.11 14.645 0 0 "KDE QDA" 82 3000 2.99292929292929
134.54 14.645 0 0 "KDE QDA" 82 3000 3.0030303030303
134.765 14.645 0 0 "KDE QDA" 82 3000 3.01313131313131
136.155 14.645 0 0 "KDE QDA" 82 3000 3.02323232323232
136.155 14.645 0 0 "KDE QDA" 82 3000 3.03333333333333
136.225 14.645 0 0 "KDE QDA" 82 3000 3.04343434343434
136.455 14.645 0 0 "KDE QDA" 82 3000 3.05353535353535
136.455 14.645 0 0 "KDE QDA" 82 3000 3.06363636363636
136.475 14.675 0 0 "KDE QDA" 82 3000 3.07373737373737
138 14.675 0 0 "KDE QDA" 82 3000 3.08383838383838
148.93 15.07 0 0 "KDE QDA" 82 3000 3.09393939393939
149.28 15.08 0 0 "KDE QDA" 82 3000 3.1040404040404
149.28 15.08 0 0 "KDE QDA" 82 3000 3.11414141414141
152.42 15.155 0 0 "KDE QDA" 82 3000 3.12424242424242
152.425 15.155 0 0 "KDE QDA" 82 3000 3.13434343434343
152.52 15.315 0 0 "KDE QDA" 82 3000 3.14444444444444
153.295 15.43 0 0 "KDE QDA" 82 3000 3.15454545454545
153.295 15.44 0 0 "KDE QDA" 82 3000 3.16464646464646
153.38 15.465 0 0 "KDE QDA" 82 3000 3.17474747474748
153.38 15.465 0 0 "KDE QDA" 82 3000 3.18484848484849
153.385 15.47 0 0 "KDE QDA" 82 3000 3.19494949494949
154.055 15.49 0 0 "KDE QDA" 82 3000 3.20505050505051
154.055 15.49 0 0 "KDE QDA" 82 3000 3.21515151515152
168.61 16.195 0 0 "KDE QDA" 82 3000 3.22525252525253
169.295 16.195 0 0 "KDE QDA" 82 3000 3.23535353535354
169.295 16.21 0 0 "KDE QDA" 82 3000 3.24545454545455
170.825 16.26 0 0 "KDE QDA" 82 3000 3.25555555555556
170.86 16.285 0 0 "KDE QDA" 82 3000 3.26565656565657
170.86 16.31 0 0 "KDE QDA" 82 3000 3.27575757575758
170.865 16.31 0 0 "KDE QDA" 82 3000 3.28585858585859
170.87 16.31 0 0 "KDE QDA" 82 3000 3.2959595959596
170.89 16.31 0 0 "KDE QDA" 82 3000 3.30606060606061
170.89 16.315 0 0 "KDE QDA" 82 3000 3.31616161616162
171.12 16.315 0 0 "KDE QDA" 82 3000 3.32626262626263
171.12 16.32 0 0 "KDE QDA" 82 3000 3.33636363636364
171.12 16.32 0 0 "KDE QDA" 82 3000 3.34646464646465
171.16 16.335 0 0 "KDE QDA" 82 3000 3.35656565656566
211.56 16.99 0 0 "KDE QDA" 82 3000 3.36666666666667
212.96 16.99 0 0 "KDE QDA" 82 3000 3.37676767676768
220.62 17.13 0 0 "KDE QDA" 82 3000 3.38686868686869
220.655 17.17 0 0 "KDE QDA" 82 3000 3.3969696969697
221.815 17.17 0 0 "KDE QDA" 82 3000 3.40707070707071
225.77 17.205 0 0 "KDE QDA" 82 3000 3.41717171717172
225.78 17.205 0 0 "KDE QDA" 82 3000 3.42727272727273
225.885 17.205 0 0 "KDE QDA" 82 3000 3.43737373737374
227.475 17.205 0 0 "KDE QDA" 82 3000 3.44747474747475
227.475 17.205 0 0 "KDE QDA" 82 3000 3.45757575757576
227.48 17.22 0 0 "KDE QDA" 82 3000 3.46767676767677
227.485 17.22 0 0 "KDE QDA" 82 3000 3.47777777777778
227.51 17.225 0 0 "KDE QDA" 82 3000 3.48787878787879
228.32 17.26 0 0 "KDE QDA" 82 3000 3.4979797979798
228.32 17.26 0 0 "KDE QDA" 82 3000 3.50808080808081
246.915 17.55 0 0 "KDE QDA" 82 3000 3.51818181818182
253.57 17.555 0 0 "KDE QDA" 82 3000 3.52828282828283
254.305 17.555 0 0 "KDE QDA" 82 3000 3.53838383838384
257.705 17.585 0 0 "KDE QDA" 82 3000 3.54848484848485
259 17.585 0 0 "KDE QDA" 82 3000 3.55858585858586
259.015 17.62 0 0 "KDE QDA" 82 3000 3.56868686868687
259.04 17.62 0 0 "KDE QDA" 82 3000 3.57878787878788
259.045 17.62 0 0 "KDE QDA" 82 3000 3.58888888888889
259.355 17.62 0 0 "KDE QDA" 82 3000 3.5989898989899
259.355 17.62 0 0 "KDE QDA" 82 3000 3.60909090909091
259.38 17.62 0 0 "KDE QDA" 82 3000 3.61919191919192
259.39 17.63 0 0 "KDE QDA" 82 3000 3.62929292929293
260.505 17.675 0 0 "KDE QDA" 82 3000 3.63939393939394
260.51 17.69 0 0 "KDE QDA" 82 3000 3.64949494949495
268.72 18.02 0 0 "KDE QDA" 82 3000 3.65959595959596
268.72 18.04 0 0 "KDE QDA" 82 3000 3.66969696969697
270.72 18.12 0 0 "KDE QDA" 82 3000 3.67979797979798
270.725 18.13 0 0 "KDE QDA" 82 3000 3.68989898989899
270.725 18.135 0 0 "KDE QDA" 82 3000 3.7
