152.98 14.75 0 0 "KDE LDA" 89 1000 2.5
153.29 14.775 0 0 "KDE LDA" 89 1000 2.51010101010101
156.59 14.875 0 0 "KDE LDA" 89 1000 2.52020202020202
157.89 15 0 0 "KDE LDA" 89 1000 2.53030303030303
162.105 15.105 0 0 "KDE LDA" 89 1000 2.54040404040404
162.115 15.115 0 0 "KDE LDA" 89 1000 2.55050505050505
162.195 15.175 0 0 "KDE LDA" 89 1000 2.56060606060606
162.195 15.245 0 0 "KDE LDA" 89 1000 2.57070707070707
164.075 15.25 0 0 "KDE LDA" 89 1000 2.58080808080808
164.645 15.305 0 0 "KDE LDA" 89 1000 2.59090909090909
164.655 15.32 0 0 "KDE LDA" 89 1000 2.6010101010101
166.23 15.33 0 0 "KDE LDA" 89 1000 2.61111111111111
166.57 15.365 0 0 "KDE LDA" 89 1000 2.62121212121212
170.235 15.54 0 0 "KDE LDA" 89 1000 2.63131313131313
172.91 15.57 0 0 "KDE LDA" 89 1000 2.64141414141414
177.275 15.68 0 0 "KDE LDA" 89 1000 2.65151515151515
182.845 15.905 0 0 "KDE LDA" 89 1000 2.66161616161616
190.985 16.35 0 0 "KDE LDA" 89 1000 2.67171717171717
191.225 16.37 0 0 "KDE LDA" 89 1000 2.68181818181818
191.23 16.4 0 0 "KDE LDA" 89 1000 2.69191919191919
192.98 16.48 0 0 "KDE LDA" 89 1000 2.7020202020202
193.525 16.595 0 0 "KDE LDA" 89 1000 2.71212121212121
194.65 16.64 0 0 "KDE LDA" 89 1000 2.72222222222222
195.45 16.675 0 0 "KDE LDA" 89 1000 2.73232323232323
195.94 16.74 0 0 "KDE LDA" 89 1000 2.74242424242424
200.415 16.8 0 0 "KDE LDA" 89 1000 2.75252525252525
201.175 16.89 0 0 "KDE LDA" 89 1000 2.76262626262626
202.545 16.925 0 0 "KDE LDA" 89 1000 2.77272727272727
205.515 17.125 0 0 "KDE LDA" 89 1000 2.78282828282828
206.37 17.43 0 0 "KDE LDA" 89 1000 2.79292929292929
235.875 18.3 0 0 "KDE LDA" 89 1000 2.8030303030303
235.88 18.35 0 0 "KDE LDA" 89 1000 2.81313131313131
237.85 18.355 0 0 "KDE LDA" 89 1000 2.82323232323232
237.86 18.445 0 0 "KDE LDA" 89 1000 2.83333333333333
240.445 18.445 0 0 "KDE LDA" 89 1000 2.84343434343434
241.31 18.455 0 0 "KDE LDA" 89 1000 2.85353535353535
241.315 18.48 0 0 "KDE LDA" 89 1000 2.86363636363636
242.92 18.51 0 0 "KDE LDA" 89 1000 2.87373737373737
242.92 18.53 0 0 "KDE LDA" 89 1000 2.88383838383838
242.96 18.585 0 0 "KDE LDA" 89 1000 2.89393939393939
244.225 18.59 0 0 "KDE LDA" 89 1000 2.9040404040404
245.45 18.625 0 0 "KDE LDA" 89 1000 2.91414141414141
246.855 18.75 0 0 "KDE LDA" 89 1000 2.92424242424242
246.86 18.815 0 0 "KDE LDA" 89 1000 2.93434343434343
246.915 18.82 0 0 "KDE LDA" 89 1000 2.94444444444444
249.895 18.87 0 0 "KDE LDA" 89 1000 2.95454545454545
256.22 18.895 0 0 "KDE LDA" 89 1000 2.96464646464646
261.21 19.01 0 0 "KDE LDA" 89 1000 2.97474747474747
264.245 19.01 0 0 "KDE LDA" 89 1000 2.98484848484848
268.04 19.14 0 0 "KDE LDA" 89 1000 2.99494949494949
268.18 19.185 0 0 "KDE LDA" 89 1000 3.00505050505051
268.78 19.34 0 0 "KDE LDA" 89 1000 3.01515151515152
269.685 19.35 0 0 "KDE LDA" 89 1000 3.02525252525253
270.03 19.355 0 0 "KDE LDA" 89 1000 3.03535353535354
270.355 19.365 0 0 "KDE LDA" 89 1000 3.04545454545455
270.39 19.385 0 0 "KDE LDA" 89 1000 3.05555555555556
277.935 19.485 0 0 "KDE LDA" 89 1000 3.06565656565657
277.945 19.585 0 0 "KDE LDA" 89 1000 3.07575757575758
283.37 19.675 0 0 "KDE LDA" 89 1000 3.08585858585859
290.745 19.725 0 0 "KDE LDA" 89 1000 3.0959595959596
291.815 19.765 0 0 "KDE LDA" 89 1000 3.10606060606061
296.43 19.98 0 0 "KDE LDA" 89 1000 3.11616161616162
297.885 20.01 0 0 "KDE LDA" 89 1000 3.12626262626263
297.9 20.02 0 0 "KDE LDA" 89 1000 3.13636363636364
300.315 20.03 0 0 "KDE LDA" 89 1000 3.14646464646465
303.595 20.125 0 0 "KDE LDA" 89 1000 3.15656565656566
305.285 20.295 0 0 "KDE LDA" 89 1000 3.16666666666667
318.8 20.32 0 0 "KDE LDA" 89 1000 3.17676767676768
322.185 20.43 0 0 "KDE LDA" 89 1000 3.18686868686869
326.425 20.57 0 0 "KDE LDA" 89 1000 3.1969696969697
328.085 20.615 0 0 "KDE LDA" 89 1000 3.20707070707071
329.19 20.865 0 0 "KDE LDA" 89 1000 3.21717171717172
340.6 21.14 0 0 "KDE LDA" 89 1000 3.22727272727273
340.61 21.56 0 0 "KDE LDA" 89 1000 3.23737373737374
343.185 21.61 0 0 "KDE LDA" 89 1000 3.24747474747475
344.315 21.68 0 0 "KDE LDA" 89 1000 3.25757575757576
346.72 21.74 0 0 "KDE LDA" 89 1000 3.26767676767677
346.945 21.76 0 0 "KDE LDA" 89 1000 3.27777777777778
346.95 21.8 0 0 "KDE LDA" 89 1000 3.28787878787879
350.445 21.815 0 0 "KDE LDA" 89 1000 3.2979797979798
359.055 21.925 0 0 "KDE LDA" 89 1000 3.30808080808081
370.3 21.98 0 0 "KDE LDA" 89 1000 3.31818181818182
373.28 22.065 0 0 "KDE LDA" 89 1000 3.32828282828283
384.97 22.105 0 0 "KDE LDA" 89 1000 3.33838383838384
399.35 22.295 0 0 "KDE LDA" 89 1000 3.34848484848485
436.195 22.635 0 0 "KDE LDA" 89 1000 3.35858585858586
436.345 22.67 0 0 "KDE LDA" 89 1000 3.36868686868687
440.755 22.72 0 0 "KDE LDA" 89 1000 3.37878787878788
443.715 22.76 0 0 "KDE LDA" 89 1000 3.38888888888889
443.72 22.845 0 0 "KDE LDA" 89 1000 3.3989898989899
444.69 22.87 0 0 "KDE LDA" 89 1000 3.40909090909091
447.755 23.07 0 0 "KDE LDA" 89 1000 3.41919191919192
447.77 23.07 0 0 "KDE LDA" 89 1000 3.42929292929293
449.275 23.1 0 0 "KDE LDA" 89 1000 3.43939393939394
455.485 23.11 0 0 "KDE LDA" 89 1000 3.44949494949495
460.465 23.23 0 0 "KDE LDA" 89 1000 3.45959595959596
460.465 23.42 0 0 "KDE LDA" 89 1000 3.46969696969697
462.385 23.515 0 0 "KDE LDA" 89 1000 3.47979797979798
464.995 23.535 0 0 "KDE LDA" 89 1000 3.48989898989899
478.055 23.54 0 0 "KDE LDA" 89 1000 3.5
132.7 15.09 0 0 "KDE QDA" 89 1000 3.5
134.405 15.12 0 0 "KDE QDA" 89 1000 3.51010101010101
140.36 15.21 0 0 "KDE QDA" 89 1000 3.52020202020202
140.5 15.245 0 0 "KDE QDA" 89 1000 3.53030303030303
140.62 15.245 0 0 "KDE QDA" 89 1000 3.54040404040404
143.94 15.285 0 0 "KDE QDA" 89 1000 3.55050505050505
143.98 15.29 0 0 "KDE QDA" 89 1000 3.56060606060606
145.97 15.295 0 0 "KDE QDA" 89 1000 3.57070707070707
146.83 15.295 0 0 "KDE QDA" 89 1000 3.58080808080808
146.89 15.32 0 0 "KDE QDA" 89 1000 3.59090909090909
146.925 15.32 0 0 "KDE QDA" 89 1000 3.6010101010101
150.22 15.355 0 0 "KDE QDA" 89 1000 3.61111111111111
150.235 15.39 0 0 "KDE QDA" 89 1000 3.62121212121212
150.47 15.395 0 0 "KDE QDA" 89 1000 3.63131313131313
150.53 15.46 0 0 "KDE QDA" 89 1000 3.64141414141414
153.83 15.66 0 0 "KDE QDA" 89 1000 3.65151515151515
153.96 15.68 0 0 "KDE QDA" 89 1000 3.66161616161616
157.385 15.705 0 0 "KDE QDA" 89 1000 3.67171717171717
158.64 15.725 0 0 "KDE QDA" 89 1000 3.68181818181818
162.025 15.745 0 0 "KDE QDA" 89 1000 3.69191919191919
162.17 15.75 0 0 "KDE QDA" 89 1000 3.7020202020202
164.625 15.755 0 0 "KDE QDA" 89 1000 3.71212121212121
164.66 15.765 0 0 "KDE QDA" 89 1000 3.72222222222222
169.405 15.78 0 0 "KDE QDA" 89 1000 3.73232323232323
171.495 15.78 0 0 "KDE QDA" 89 1000 3.74242424242424
172.525 15.81 0 0 "KDE QDA" 89 1000 3.75252525252525
173.68 15.81 0 0 "KDE QDA" 89 1000 3.76262626262626
175.455 15.835 0 0 "KDE QDA" 89 1000 3.77272727272727
176.98 15.85 0 0 "KDE QDA" 89 1000 3.78282828282828
181.775 16.11 0 0 "KDE QDA" 89 1000 3.79292929292929
181.785 16.14 0 0 "KDE QDA" 89 1000 3.8030303030303
186.605 16.205 0 0 "KDE QDA" 89 1000 3.81313131313131
186.785 16.23 0 0 "KDE QDA" 89 1000 3.82323232323232
186.79 16.245 0 0 "KDE QDA" 89 1000 3.83333333333333
191.475 16.245 0 0 "KDE QDA" 89 1000 3.84343434343434
192.77 16.29 0 0 "KDE QDA" 89 1000 3.85353535353535
196.05 16.35 0 0 "KDE QDA" 89 1000 3.86363636363636
196.05 16.425 0 0 "KDE QDA" 89 1000 3.87373737373737
196.07 16.475 0 0 "KDE QDA" 89 1000 3.88383838383838
196.07 16.475 0 0 "KDE QDA" 89 1000 3.89393939393939
196.345 16.485 0 0 "KDE QDA" 89 1000 3.9040404040404
199.05 16.5 0 0 "KDE QDA" 89 1000 3.91414141414141
204.705 16.975 0 0 "KDE QDA" 89 1000 3.92424242424242
206.655 16.985 0 0 "KDE QDA" 89 1000 3.93434343434343
208.64 17.1 0 0 "KDE QDA" 89 1000 3.94444444444444
212.035 17.1 0 0 "KDE QDA" 89 1000 3.95454545454545
212.055 17.105 0 0 "KDE QDA" 89 1000 3.96464646464646
212.25 17.145 0 0 "KDE QDA" 89 1000 3.97474747474747
212.26 17.19 0 0 "KDE QDA" 89 1000 3.98484848484848
214.69 17.205 0 0 "KDE QDA" 89 1000 3.99494949494949
215.06 17.215 0 0 "KDE QDA" 89 1000 4.00505050505051
215.155 17.215 0 0 "KDE QDA" 89 1000 4.01515151515152
217.14 17.215 0 0 "KDE QDA" 89 1000 4.02525252525253
217.345 17.23 0 0 "KDE QDA" 89 1000 4.03535353535354
217.815 17.25 0 0 "KDE QDA" 89 1000 4.04545454545455
217.84 17.265 0 0 "KDE QDA" 89 1000 4.05555555555556
218.595 17.285 0 0 "KDE QDA" 89 1000 4.06565656565657
219.715 17.295 0 0 "KDE QDA" 89 1000 4.07575757575758
225.605 17.455 0 0 "KDE QDA" 89 1000 4.08585858585859
225.8 17.47 0 0 "KDE QDA" 89 1000 4.0959595959596
225.815 17.49 0 0 "KDE QDA" 89 1000 4.10606060606061
225.92 17.555 0 0 "KDE QDA" 89 1000 4.11616161616162
225.97 17.64 0 0 "KDE QDA" 89 1000 4.12626262626263
225.985 17.65 0 0 "KDE QDA" 89 1000 4.13636363636364
228.01 17.655 0 0 "KDE QDA" 89 1000 4.14646464646465
228.045 17.655 0 0 "KDE QDA" 89 1000 4.15656565656566
230.4 17.675 0 0 "KDE QDA" 89 1000 4.16666666666667
231.35 17.685 0 0 "KDE QDA" 89 1000 4.17676767676768
233.23 17.7 0 0 "KDE QDA" 89 1000 4.18686868686869
233.25 17.715 0 0 "KDE QDA" 89 1000 4.1969696969697
235.87 17.715 0 0 "KDE QDA" 89 1000 4.20707070707071
236.315 18.03 0 0 "KDE QDA" 89 1000 4.21717171717172
239.16 18.115 0 0 "KDE QDA" 89 1000 4.22727272727273
239.17 18.145 0 0 "KDE QDA" 89 1000 4.23737373737374
239.175 18.205 0 0 "KDE QDA" 89 1000 4.24747474747475
243.365 18.21 0 0 "KDE QDA" 89 1000 4.25757575757576
251.745 18.245 0 0 "KDE QDA" 89 1000 4.26767676767677
251.75 18.275 0 0 "KDE QDA" 89 1000 4.27777777777778
252.23 18.31 0 0 "KDE QDA" 89 1000 4.28787878787879
253.745 18.315 0 0 "KDE QDA" 89 1000 4.2979797979798
255.265 18.32 0 0 "KDE QDA" 89 1000 4.30808080808081
255.29 18.37 0 0 "KDE QDA" 89 1000 4.31818181818182
255.33 18.37 0 0 "KDE QDA" 89 1000 4.32828282828283
263.365 18.425 0 0 "KDE QDA" 89 1000 4.33838383838384
271.98 18.94 0 0 "KDE QDA" 89 1000 4.34848484848485
273.185 18.98 0 0 "KDE QDA" 89 1000 4.35858585858586
274.35 18.99 0 0 "KDE QDA" 89 1000 4.36868686868687
278.28 19.04 0 0 "KDE QDA" 89 1000 4.37878787878788
279.99 19.05 0 0 "KDE QDA" 89 1000 4.38888888888889
281.755 19.06 0 0 "KDE QDA" 89 1000 4.3989898989899
283.235 19.06 0 0 "KDE QDA" 89 1000 4.40909090909091
283.26 19.1 0 0 "KDE QDA" 89 1000 4.41919191919192
285.135 19.105 0 0 "KDE QDA" 89 1000 4.42929292929293
286.495 19.115 0 0 "KDE QDA" 89 1000 4.43939393939394
287.12 19.12 0 0 "KDE QDA" 89 1000 4.44949494949495
293.5 19.125 0 0 "KDE QDA" 89 1000 4.45959595959596
293.54 19.13 0 0 "KDE QDA" 89 1000 4.46969696969697
297.41 19.57 0 0 "KDE QDA" 89 1000 4.47979797979798
297.455 19.65 0 0 "KDE QDA" 89 1000 4.48989898989899
302.76 19.665 0 0 "KDE QDA" 89 1000 4.5
