145.59 14.595 0 0 "KDE LDA" 112 1500 2.5
149.3 14.61 0 0 "KDE LDA" 112 1500 2.51010101010101
152.115 14.65 0 0 "KDE LDA" 112 1500 2.52020202020202
153.6 14.78 0 0 "KDE LDA" 112 1500 2.53030303030303
157.8 14.91 0 0 "KDE LDA" 112 1500 2.54040404040404
158.09 14.93 0 0 "KDE LDA" 112 1500 2.55050505050505
159.85 14.93 0 0 "KDE LDA" 112 1500 2.56060606060606
161.815 14.94 0 0 "KDE LDA" 112 1500 2.57070707070707
162.285 14.975 0 0 "KDE LDA" 112 1500 2.58080808080808
162.46 14.985 0 0 "KDE LDA" 112 1500 2.59090909090909
164.695 15.03 0 0 "KDE LDA" 112 1500 2.6010101010101
164.7 15.05 0 0 "KDE LDA" 112 1500 2.61111111111111
164.835 15.26 0 0 "KDE LDA" 112 1500 2.62121212121212
166.255 15.37 0 0 "KDE LDA" 112 1500 2.63131313131313
174.57 15.435 0 0 "KDE LDA" 112 1500 2.64141414141414
175.26 15.49 0 0 "KDE LDA" 112 1500 2.65151515151515
180.39 15.535 0 0 "KDE LDA" 112 1500 2.66161616161616
191.595 15.975 0 0 "KDE LDA" 112 1500 2.67171717171717
191.6 15.995 0 0 "KDE LDA" 112 1500 2.68181818181818
191.84 16.01 0 0 "KDE LDA" 112 1500 2.69191919191919
191.845 16.07 0 0 "KDE LDA" 112 1500 2.7020202020202
191.865 16.14 0 0 "KDE LDA" 112 1500 2.71212121212121
194.025 16.18 0 0 "KDE LDA" 112 1500 2.72222222222222
194.455 16.19 0 0 "KDE LDA" 112 1500 2.73232323232323
195.72 16.2 0 0 "KDE LDA" 112 1500 2.74242424242424
196.35 16.315 0 0 "KDE LDA" 112 1500 2.75252525252525
202.23 16.345 0 0 "KDE LDA" 112 1500 2.76262626262626
204.445 16.42 0 0 "KDE LDA" 112 1500 2.77272727272727
206.115 16.595 0 0 "KDE LDA" 112 1500 2.78282828282828
216.095 16.745 0 0 "KDE LDA" 112 1500 2.79292929292929
251.32 17.345 0 0 "KDE LDA" 112 1500 2.8030303030303
252.165 17.345 0 0 "KDE LDA" 112 1500 2.81313131313131
254.88 17.385 0 0 "KDE LDA" 112 1500 2.82323232323232
255.55 17.58 0 0 "KDE LDA" 112 1500 2.83333333333333
256.6 17.595 0 0 "KDE LDA" 112 1500 2.84343434343434
256.95 17.62 0 0 "KDE LDA" 112 1500 2.85353535353535
258.74 17.62 0 0 "KDE LDA" 112 1500 2.86363636363636
261.415 17.685 0 0 "KDE LDA" 112 1500 2.87373737373737
264.035 17.695 0 0 "KDE LDA" 112 1500 2.88383838383838
264.035 17.925 0 0 "KDE LDA" 112 1500 2.89393939393939
264.055 17.94 0 0 "KDE LDA" 112 1500 2.9040404040404
264.095 17.99 0 0 "KDE LDA" 112 1500 2.91414141414141
264.105 18.02 0 0 "KDE LDA" 112 1500 2.92424242424242
266.27 18.04 0 0 "KDE LDA" 112 1500 2.93434343434343
271.705 18.1 0 0 "KDE LDA" 112 1500 2.94444444444444
276.72 18.15 0 0 "KDE LDA" 112 1500 2.95454545454545
284.83 18.185 0 0 "KDE LDA" 112 1500 2.96464646464646
284.96 18.185 0 0 "KDE LDA" 112 1500 2.97474747474747
286.335 18.2 0 0 "KDE LDA" 112 1500 2.98484848484848
286.695 18.225 0 0 "KDE LDA" 112 1500 2.99494949494949
290.475 18.23 0 0 "KDE LDA" 112 1500 3.00505050505051
290.48 18.24 0 0 "KDE LDA" 112 1500 3.01515151515152
290.48 18.31 0 0 "KDE LDA" 112 1500 3.02525252525253
291.545 18.355 0 0 "KDE LDA" 112 1500 3.03535353535354
292.645 18.385 0 0 "KDE LDA" 112 1500 3.04545454545455
301.225 18.405 0 0 "KDE LDA" 112 1500 3.05555555555556
307.855 18.415 0 0 "KDE LDA" 112 1500 3.06565656565657
309.14 18.59 0 0 "KDE LDA" 112 1500 3.07575757575758
312.595 18.76 0 0 "KDE LDA" 112 1500 3.08585858585859
321.9 18.985 0 0 "KDE LDA" 112 1500 3.0959595959596
324.795 18.995 0 0 "KDE LDA" 112 1500 3.10606060606061
325.04 19.08 0 0 "KDE LDA" 112 1500 3.11616161616162
326.915 19.085 0 0 "KDE LDA" 112 1500 3.12626262626263
326.915 19.12 0 0 "KDE LDA" 112 1500 3.13636363636364
332.275 19.145 0 0 "KDE LDA" 112 1500 3.14646464646465
339.905 19.15 0 0 "KDE LDA" 112 1500 3.15656565656566
343.185 19.175 0 0 "KDE LDA" 112 1500 3.16666666666667
345.385 19.44 0 0 "KDE LDA" 112 1500 3.17676767676768
345.385 19.47 0 0 "KDE LDA" 112 1500 3.18686868686869
348.765 19.565 0 0 "KDE LDA" 112 1500 3.1969696969697
351.8 19.735 0 0 "KDE LDA" 112 1500 3.20707070707071
352.565 19.825 0 0 "KDE LDA" 112 1500 3.21717171717172
376.055 19.975 0 0 "KDE LDA" 112 1500 3.22727272727273
378.42 19.995 0 0 "KDE LDA" 112 1500 3.23737373737374
378.455 20.015 0 0 "KDE LDA" 112 1500 3.24747474747475
381.865 20.03 0 0 "KDE LDA" 112 1500 3.25757575757576
381.885 20.125 0 0 "KDE LDA" 112 1500 3.26767676767677
382.93 20.17 0 0 "KDE LDA" 112 1500 3.27777777777778
386.83 20.195 0 0 "KDE LDA" 112 1500 3.28787878787879
391.53 20.64 0 0 "KDE LDA" 112 1500 3.2979797979798
399.025 20.73 0 0 "KDE LDA" 112 1500 3.30808080808081
399.055 20.83 0 0 "KDE LDA" 112 1500 3.31818181818182
399.665 20.835 0 0 "KDE LDA" 112 1500 3.32828282828283
403.53 20.875 0 0 "KDE LDA" 112 1500 3.33838383838384
423.97 20.915 0 0 "KDE LDA" 112 1500 3.34848484848485
463.55 21.405 0 0 "KDE LDA" 112 1500 3.35858585858586
463.555 21.425 0 0 "KDE LDA" 112 1500 3.36868686868687
474.015 21.545 0 0 "KDE LDA" 112 1500 3.37878787878788
476.505 21.62 0 0 "KDE LDA" 112 1500 3.38888888888889
479.36 21.63 0 0 "KDE LDA" 112 1500 3.3989898989899
483.605 21.64 0 0 "KDE LDA" 112 1500 3.40909090909091
484.385 21.66 0 0 "KDE LDA" 112 1500 3.41919191919192
498.235 21.69 0 0 "KDE LDA" 112 1500 3.42929292929293
499.29 21.735 0 0 "KDE LDA" 112 1500 3.43939393939394
505.385 21.795 0 0 "KDE LDA" 112 1500 3.44949494949495
505.42 21.83 0 0 "KDE LDA" 112 1500 3.45959595959596
508.635 21.885 0 0 "KDE LDA" 112 1500 3.46969696969697
512.28 21.905 0 0 "KDE LDA" 112 1500 3.47979797979798
516.005 22 0 0 "KDE LDA" 112 1500 3.48989898989899
516.75 22.175 0 0 "KDE LDA" 112 1500 3.5
115.965 12.75 0 0 "KDE QDA" 112 1500 2.8
116.325 12.775 0 0 "KDE QDA" 112 1500 2.81010101010101
118.275 12.805 0 0 "KDE QDA" 112 1500 2.82020202020202
121.88 12.86 0 0 "KDE QDA" 112 1500 2.83030303030303
122.07 12.875 0 0 "KDE QDA" 112 1500 2.84040404040404
122.215 12.875 0 0 "KDE QDA" 112 1500 2.85050505050505
122.215 12.875 0 0 "KDE QDA" 112 1500 2.86060606060606
123.385 12.875 0 0 "KDE QDA" 112 1500 2.87070707070707
123.405 12.875 0 0 "KDE QDA" 112 1500 2.88080808080808
124.44 12.875 0 0 "KDE QDA" 112 1500 2.89090909090909
124.51 12.88 0 0 "KDE QDA" 112 1500 2.9010101010101
124.54 12.88 0 0 "KDE QDA" 112 1500 2.91111111111111
124.84 12.88 0 0 "KDE QDA" 112 1500 2.92121212121212
124.845 12.895 0 0 "KDE QDA" 112 1500 2.93131313131313
125.045 12.94 0 0 "KDE QDA" 112 1500 2.94141414141414
125.41 12.94 0 0 "KDE QDA" 112 1500 2.95151515151515
128.265 13.165 0 0 "KDE QDA" 112 1500 2.96161616161616
128.28 13.175 0 0 "KDE QDA" 112 1500 2.97171717171717
128.685 13.18 0 0 "KDE QDA" 112 1500 2.98181818181818
129.265 13.19 0 0 "KDE QDA" 112 1500 2.99191919191919
129.265 13.255 0 0 "KDE QDA" 112 1500 3.0020202020202
130.01 13.315 0 0 "KDE QDA" 112 1500 3.01212121212121
130.03 13.325 0 0 "KDE QDA" 112 1500 3.02222222222222
130.03 13.33 0 0 "KDE QDA" 112 1500 3.03232323232323
130.03 13.345 0 0 "KDE QDA" 112 1500 3.04242424242424
130.885 13.345 0 0 "KDE QDA" 112 1500 3.05252525252525
131.035 13.36 0 0 "KDE QDA" 112 1500 3.06262626262626
131.04 13.36 0 0 "KDE QDA" 112 1500 3.07272727272727
131.425 13.375 0 0 "KDE QDA" 112 1500 3.08282828282828
137.185 13.75 0 0 "KDE QDA" 112 1500 3.09292929292929
137.81 13.77 0 0 "KDE QDA" 112 1500 3.1030303030303
139.415 13.83 0 0 "KDE QDA" 112 1500 3.11313131313131
139.475 13.85 0 0 "KDE QDA" 112 1500 3.12323232323232
141.695 13.85 0 0 "KDE QDA" 112 1500 3.13333333333333
141.75 13.88 0 0 "KDE QDA" 112 1500 3.14343434343434
141.75 13.945 0 0 "KDE QDA" 112 1500 3.15353535353535
141.75 13.945 0 0 "KDE QDA" 112 1500 3.16363636363636
142.07 13.95 0 0 "KDE QDA" 112 1500 3.17373737373737
143.225 13.95 0 0 "KDE QDA" 112 1500 3.18383838383838
144.365 13.95 0 0 "KDE QDA" 112 1500 3.19393939393939
145.37 13.97 0 0 "KDE QDA" 112 1500 3.2040404040404
147.06 13.98 0 0 "KDE QDA" 112 1500 3.21414141414141
152.745 14.895 0 0 "KDE QDA" 112 1500 3.22424242424242
154.025 14.915 0 0 "KDE QDA" 112 1500 3.23434343434343
155.37 14.945 0 0 "KDE QDA" 112 1500 3.24444444444444
156.79 14.98 0 0 "KDE QDA" 112 1500 3.25454545454545
156.8 14.99 0 0 "KDE QDA" 112 1500 3.26464646464646
157.17 15.015 0 0 "KDE QDA" 112 1500 3.27474747474747
158.325 15.03 0 0 "KDE QDA" 112 1500 3.28484848484848
158.33 15.045 0 0 "KDE QDA" 112 1500 3.29494949494949
160.9 15.045 0 0 "KDE QDA" 112 1500 3.30505050505051
160.9 15.09 0 0 "KDE QDA" 112 1500 3.31515151515151
160.925 15.09 0 0 "KDE QDA" 112 1500 3.32525252525252
161.25 15.1 0 0 "KDE QDA" 112 1500 3.33535353535354
162.4 15.125 0 0 "KDE QDA" 112 1500 3.34545454545455
163.585 15.225 0 0 "KDE QDA" 112 1500 3.35555555555556
177.395 16.025 0 0 "KDE QDA" 112 1500 3.36565656565657
177.46 16.37 0 0 "KDE QDA" 112 1500 3.37575757575758
181.445 16.515 0 0 "KDE QDA" 112 1500 3.38585858585859
182.97 16.525 0 0 "KDE QDA" 112 1500 3.3959595959596
185.18 16.53 0 0 "KDE QDA" 112 1500 3.40606060606061
187.67 16.535 0 0 "KDE QDA" 112 1500 3.41616161616162
189.705 16.56 0 0 "KDE QDA" 112 1500 3.42626262626263
189.88 16.59 0 0 "KDE QDA" 112 1500 3.43636363636364
190.51 16.59 0 0 "KDE QDA" 112 1500 3.44646464646465
191.215 16.595 0 0 "KDE QDA" 112 1500 3.45656565656566
194.21 16.6 0 0 "KDE QDA" 112 1500 3.46666666666667
194.215 16.6 0 0 "KDE QDA" 112 1500 3.47676767676768
194.22 16.6 0 0 "KDE QDA" 112 1500 3.48686868686869
195.08 16.615 0 0 "KDE QDA" 112 1500 3.4969696969697
195.24 16.615 0 0 "KDE QDA" 112 1500 3.50707070707071
200.225 16.665 0 0 "KDE QDA" 112 1500 3.51717171717172
202.87 16.705 0 0 "KDE QDA" 112 1500 3.52727272727273
203.88 16.725 0 0 "KDE QDA" 112 1500 3.53737373737374
203.905 16.735 0 0 "KDE QDA" 112 1500 3.54747474747475
204.77 16.75 0 0 "KDE QDA" 112 1500 3.55757575757576
207.655 16.755 0 0 "KDE QDA" 112 1500 3.56767676767677
208.02 16.79 0 0 "KDE QDA" 112 1500 3.57777777777778
211.465 16.8 0 0 "KDE QDA" 112 1500 3.58787878787879
211.48 16.805 0 0 "KDE QDA" 112 1500 3.5979797979798
213.095 16.815 0 0 "KDE QDA" 112 1500 3.60808080808081
213.275 16.815 0 0 "KDE QDA" 112 1500 3.61818181818182
213.545 16.82 0 0 "KDE QDA" 112 1500 3.62828282828283
213.56 16.87 0 0 "KDE QDA" 112 1500 3.63838383838384
215.33 16.885 0 0 "KDE QDA" 112 1500 3.64848484848485
220.84 17.525 0 0 "KDE QDA" 112 1500 3.65858585858586
225.45 17.53 0 0 "KDE QDA" 112 1500 3.66868686868687
227.825 17.635 0 0 "KDE QDA" 112 1500 3.67878787878788
228.51 17.635 0 0 "KDE QDA" 112 1500 3.68888888888889
228.51 17.635 0 0 "KDE QDA" 112 1500 3.6989898989899
230.9 17.65 0 0 "KDE QDA" 112 1500 3.70909090909091
230.905 17.66 0 0 "KDE QDA" 112 1500 3.71919191919192
234.385 17.665 0 0 "KDE QDA" 112 1500 3.72929292929293
234.755 17.675 0 0 "KDE QDA" 112 1500 3.73939393939394
240.21 17.675 0 0 "KDE QDA" 112 1500 3.74949494949495
240.23 17.71 0 0 "KDE QDA" 112 1500 3.75959595959596
245.125 17.725 0 0 "KDE QDA" 112 1500 3.76969696969697
247.86 17.725 0 0 "KDE QDA" 112 1500 3.77979797979798
249.45 18.23 0 0 "KDE QDA" 112 1500 3.78989898989899
251.72 18.29 0 0 "KDE QDA" 112 1500 3.8
