130.455 15.135 0 0 "KDE LDA" 103 2000 2.5
131.58 15.23 0 0 "KDE LDA" 103 2000 2.51010101010101
131.585 15.285 0 0 "KDE LDA" 103 2000 2.52020202020202
132.705 15.355 0 0 "KDE LDA" 103 2000 2.53030303030303
134.1 15.455 0 0 "KDE LDA" 103 2000 2.54040404040404
136.105 15.59 0 0 "KDE LDA" 103 2000 2.55050505050505
136.13 15.59 0 0 "KDE LDA" 103 2000 2.56060606060606
136.185 15.59 0 0 "KDE LDA" 103 2000 2.57070707070707
140.745 15.625 0 0 "KDE LDA" 103 2000 2.58080808080808
141.73 15.645 0 0 "KDE LDA" 103 2000 2.59090909090909
141.755 15.65 0 0 "KDE LDA" 103 2000 2.6010101010101
141.775 15.685 0 0 "KDE LDA" 103 2000 2.61111111111111
141.87 15.7 0 0 "KDE LDA" 103 2000 2.62121212121212
145.045 15.735 0 0 "KDE LDA" 103 2000 2.63131313131313
147.39 15.875 0 0 "KDE LDA" 103 2000 2.64141414141414
151.26 15.985 0 0 "KDE LDA" 103 2000 2.65151515151515
154.185 16.06 0 0 "KDE LDA" 103 2000 2.66161616161616
163.545 16.325 0 0 "KDE LDA" 103 2000 2.67171717171717
163.995 16.335 0 0 "KDE LDA" 103 2000 2.68181818181818
164.005 16.41 0 0 "KDE LDA" 103 2000 2.69191919191919
165.425 16.45 0 0 "KDE LDA" 103 2000 2.7020202020202
165.44 16.48 0 0 "KDE LDA" 103 2000 2.71212121212121
169.675 16.505 0 0 "KDE LDA" 103 2000 2.72222222222222
170.995 16.56 0 0 "KDE LDA" 103 2000 2.73232323232323
172.34 16.63 0 0 "KDE LDA" 103 2000 2.74242424242424
174.735 16.645 0 0 "KDE LDA" 103 2000 2.75252525252525
174.745 16.725 0 0 "KDE LDA" 103 2000 2.76262626262626
178.07 16.785 0 0 "KDE LDA" 103 2000 2.77272727272727
180.92 17.005 0 0 "KDE LDA" 103 2000 2.78282828282828
184.335 17.635 0 0 "KDE LDA" 103 2000 2.79292929292929
221.985 18.32 0 0 "KDE LDA" 103 2000 2.8030303030303
221.99 18.37 0 0 "KDE LDA" 103 2000 2.81313131313131
222.76 18.44 0 0 "KDE LDA" 103 2000 2.82323232323232
225.31 18.45 0 0 "KDE LDA" 103 2000 2.83333333333333
230.68 18.515 0 0 "KDE LDA" 103 2000 2.84343434343434
235.305 18.515 0 0 "KDE LDA" 103 2000 2.85353535353535
237.085 18.54 0 0 "KDE LDA" 103 2000 2.86363636363636
237.09 18.55 0 0 "KDE LDA" 103 2000 2.87373737373737
237.515 18.595 0 0 "KDE LDA" 103 2000 2.88383838383838
237.64 18.68 0 0 "KDE LDA" 103 2000 2.89393939393939
243.575 18.68 0 0 "KDE LDA" 103 2000 2.9040404040404
243.595 18.715 0 0 "KDE LDA" 103 2000 2.91414141414141
243.93 18.78 0 0 "KDE LDA" 103 2000 2.92424242424242
243.935 18.78 0 0 "KDE LDA" 103 2000 2.93434343434343
245.43 19.065 0 0 "KDE LDA" 103 2000 2.94444444444444
254.035 19.14 0 0 "KDE LDA" 103 2000 2.95454545454545
261.495 19.305 0 0 "KDE LDA" 103 2000 2.96464646464646
261.51 19.32 0 0 "KDE LDA" 103 2000 2.97474747474747
266.465 19.32 0 0 "KDE LDA" 103 2000 2.98484848484848
267.705 19.33 0 0 "KDE LDA" 103 2000 2.99494949494949
270.245 19.34 0 0 "KDE LDA" 103 2000 3.00505050505051
270.285 19.43 0 0 "KDE LDA" 103 2000 3.01515151515152
270.295 19.625 0 0 "KDE LDA" 103 2000 3.02525252525253
272.35 19.84 0 0 "KDE LDA" 103 2000 3.03535353535354
272.36 19.915 0 0 "KDE LDA" 103 2000 3.04545454545455
275.6 20.135 0 0 "KDE LDA" 103 2000 3.05555555555556
280.655 20.425 0 0 "KDE LDA" 103 2000 3.06565656565657
282.82 20.55 0 0 "KDE LDA" 103 2000 3.07575757575758
282.86 20.685 0 0 "KDE LDA" 103 2000 3.08585858585859
285.785 20.9 0 0 "KDE LDA" 103 2000 3.0959595959596
285.785 20.915 0 0 "KDE LDA" 103 2000 3.10606060606061
286.89 20.935 0 0 "KDE LDA" 103 2000 3.11616161616162
292.195 20.975 0 0 "KDE LDA" 103 2000 3.12626262626263
292.215 21.04 0 0 "KDE LDA" 103 2000 3.13636363636364
292.22 21.06 0 0 "KDE LDA" 103 2000 3.14646464646465
294.4 21.115 0 0 "KDE LDA" 103 2000 3.15656565656566
299.54 21.185 0 0 "KDE LDA" 103 2000 3.16666666666667
303.44 21.285 0 0 "KDE LDA" 103 2000 3.17676767676768
308.32 21.365 0 0 "KDE LDA" 103 2000 3.18686868686869
309.12 21.395 0 0 "KDE LDA" 103 2000 3.1969696969697
313.3 21.475 0 0 "KDE LDA" 103 2000 3.20707070707071
329.07 21.495 0 0 "KDE LDA" 103 2000 3.21717171717172
351.84 22.015 0 0 "KDE LDA" 103 2000 3.22727272727273
353.425 22.05 0 0 "KDE LDA" 103 2000 3.23737373737374
357.01 22.075 0 0 "KDE LDA" 103 2000 3.24747474747475
358.38 22.17 0 0 "KDE LDA" 103 2000 3.25757575757576
358.43 22.22 0 0 "KDE LDA" 103 2000 3.26767676767677
360.625 22.52 0 0 "KDE LDA" 103 2000 3.27777777777778
362.12 22.58 0 0 "KDE LDA" 103 2000 3.28787878787879
366.725 22.745 0 0 "KDE LDA" 103 2000 3.2979797979798
367.19 22.745 0 0 "KDE LDA" 103 2000 3.30808080808081
367.745 22.89 0 0 "KDE LDA" 103 2000 3.31818181818182
369.14 22.95 0 0 "KDE LDA" 103 2000 3.32828282828283
371.195 23.035 0 0 "KDE LDA" 103 2000 3.33838383838384
375.105 23.065 0 0 "KDE LDA" 103 2000 3.34848484848485
415.41 23.435 0 0 "KDE LDA" 103 2000 3.35858585858586
423.18 23.455 0 0 "KDE LDA" 103 2000 3.36868686868687
428.56 23.505 0 0 "KDE LDA" 103 2000 3.37878787878788
434.275 23.6 0 0 "KDE LDA" 103 2000 3.38888888888889
435.01 23.605 0 0 "KDE LDA" 103 2000 3.3989898989899
440.33 23.615 0 0 "KDE LDA" 103 2000 3.40909090909091
441.885 23.65 0 0 "KDE LDA" 103 2000 3.41919191919192
441.885 23.695 0 0 "KDE LDA" 103 2000 3.42929292929293
445.44 23.74 0 0 "KDE LDA" 103 2000 3.43939393939394
449.83 23.75 0 0 "KDE LDA" 103 2000 3.44949494949495
463.745 23.75 0 0 "KDE LDA" 103 2000 3.45959595959596
463.78 23.755 0 0 "KDE LDA" 103 2000 3.46969696969697
488.345 23.78 0 0 "KDE LDA" 103 2000 3.47979797979798
507.95 23.79 0 0 "KDE LDA" 103 2000 3.48989898989899
519.63 24 0 0 "KDE LDA" 103 2000 3.5
94.775 12.84 0 0 "KDE QDA" 103 2000 2.7
94.775 12.845 0 0 "KDE QDA" 103 2000 2.71010101010101
94.95 12.85 0 0 "KDE QDA" 103 2000 2.72020202020202
94.965 12.86 0 0 "KDE QDA" 103 2000 2.73030303030303
95.635 12.865 0 0 "KDE QDA" 103 2000 2.74040404040404
95.64 12.9 0 0 "KDE QDA" 103 2000 2.75050505050505
95.725 12.9 0 0 "KDE QDA" 103 2000 2.76060606060606
97.02 12.9 0 0 "KDE QDA" 103 2000 2.77070707070707
97.02 12.905 0 0 "KDE QDA" 103 2000 2.78080808080808
97.025 12.92 0 0 "KDE QDA" 103 2000 2.79090909090909
118.865 13.935 0 0 "KDE QDA" 103 2000 2.8010101010101
119.21 13.935 0 0 "KDE QDA" 103 2000 2.81111111111111
119.215 13.935 0 0 "KDE QDA" 103 2000 2.82121212121212
119.575 14.09 0 0 "KDE QDA" 103 2000 2.83131313131313
119.59 14.105 0 0 "KDE QDA" 103 2000 2.84141414141414
121.545 14.115 0 0 "KDE QDA" 103 2000 2.85151515151515
121.555 14.115 0 0 "KDE QDA" 103 2000 2.86161616161616
121.555 14.195 0 0 "KDE QDA" 103 2000 2.87171717171717
121.555 14.195 0 0 "KDE QDA" 103 2000 2.88181818181818
123.445 14.195 0 0 "KDE QDA" 103 2000 2.89191919191919
123.445 14.2 0 0 "KDE QDA" 103 2000 2.9020202020202
123.445 14.205 0 0 "KDE QDA" 103 2000 2.91212121212121
123.445 14.285 0 0 "KDE QDA" 103 2000 2.92222222222222
123.525 14.285 0 0 "KDE QDA" 103 2000 2.93232323232323
123.67 14.285 0 0 "KDE QDA" 103 2000 2.94242424242424
123.67 14.285 0 0 "KDE QDA" 103 2000 2.95252525252525
131.05 14.52 0 0 "KDE QDA" 103 2000 2.96262626262626
133.65 14.525 0 0 "KDE QDA" 103 2000 2.97272727272727
133.68 14.565 0 0 "KDE QDA" 103 2000 2.98282828282828
134.265 14.72 0 0 "KDE QDA" 103 2000 2.99292929292929
136.93 14.725 0 0 "KDE QDA" 103 2000 3.0030303030303
136.935 14.735 0 0 "KDE QDA" 103 2000 3.01313131313131
136.935 14.735 0 0 "KDE QDA" 103 2000 3.02323232323232
137.825 14.735 0 0 "KDE QDA" 103 2000 3.03333333333333
137.825 14.74 0 0 "KDE QDA" 103 2000 3.04343434343434
137.825 14.755 0 0 "KDE QDA" 103 2000 3.05353535353535
138.69 14.755 0 0 "KDE QDA" 103 2000 3.06363636363636
138.825 14.755 0 0 "KDE QDA" 103 2000 3.07373737373737
138.845 14.755 0 0 "KDE QDA" 103 2000 3.08383838383838
144.825 14.91 0 0 "KDE QDA" 103 2000 3.09393939393939
145.675 15.24 0 0 "KDE QDA" 103 2000 3.1040404040404
147.615 15.27 0 0 "KDE QDA" 103 2000 3.11414141414141
150.005 15.335 0 0 "KDE QDA" 103 2000 3.12424242424242
150.005 15.335 0 0 "KDE QDA" 103 2000 3.13434343434343
152.29 15.34 0 0 "KDE QDA" 103 2000 3.14444444444444
152.295 15.345 0 0 "KDE QDA" 103 2000 3.15454545454545
154.085 15.345 0 0 "KDE QDA" 103 2000 3.16464646464646
154.085 15.35 0 0 "KDE QDA" 103 2000 3.17474747474748
154.09 15.35 0 0 "KDE QDA" 103 2000 3.18484848484849
154.57 15.35 0 0 "KDE QDA" 103 2000 3.19494949494949
155.7 15.35 0 0 "KDE QDA" 103 2000 3.20505050505051
155.71 15.365 0 0 "KDE QDA" 103 2000 3.21515151515152
168.995 15.94 0 0 "KDE QDA" 103 2000 3.22525252525253
172.125 15.975 0 0 "KDE QDA" 103 2000 3.23535353535354
174.375 15.985 0 0 "KDE QDA" 103 2000 3.24545454545455
180.79 16.055 0 0 "KDE QDA" 103 2000 3.25555555555556
183.51 16.06 0 0 "KDE QDA" 103 2000 3.26565656565657
183.54 16.085 0 0 "KDE QDA" 103 2000 3.27575757575758
185.94 16.095 0 0 "KDE QDA" 103 2000 3.28585858585859
185.94 16.105 0 0 "KDE QDA" 103 2000 3.2959595959596
187.595 16.105 0 0 "KDE QDA" 103 2000 3.30606060606061
188.495 16.105 0 0 "KDE QDA" 103 2000 3.31616161616162
188.51 16.105 0 0 "KDE QDA" 103 2000 3.32626262626263
188.515 16.13 0 0 "KDE QDA" 103 2000 3.33636363636364
189.47 16.17 0 0 "KDE QDA" 103 2000 3.34646464646465
189.47 16.175 0 0 "KDE QDA" 103 2000 3.35656565656566
204.435 16.885 0 0 "KDE QDA" 103 2000 3.36666666666667
204.435 16.885 0 0 "KDE QDA" 103 2000 3.37676767676768
208.735 17.235 0 0 "KDE QDA" 103 2000 3.38686868686869
211.315 17.25 0 0 "KDE QDA" 103 2000 3.3969696969697
212.68 17.26 0 0 "KDE QDA" 103 2000 3.40707070707071
214.71 17.27 0 0 "KDE QDA" 103 2000 3.41717171717172
214.71 17.27 0 0 "KDE QDA" 103 2000 3.42727272727273
215.095 17.27 0 0 "KDE QDA" 103 2000 3.43737373737374
215.1 17.27 0 0 "KDE QDA" 103 2000 3.44747474747475
215.355 17.275 0 0 "KDE QDA" 103 2000 3.45757575757576
215.36 17.28 0 0 "KDE QDA" 103 2000 3.46767676767677
215.36 17.28 0 0 "KDE QDA" 103 2000 3.47777777777778
217.605 17.31 0 0 "KDE QDA" 103 2000 3.48787878787879
217.605 17.31 0 0 "KDE QDA" 103 2000 3.4979797979798
217.75 17.33 0 0 "KDE QDA" 103 2000 3.50808080808081
223.82 17.53 0 0 "KDE QDA" 103 2000 3.51818181818182
223.885 17.535 0 0 "KDE QDA" 103 2000 3.52828282828283
223.9 17.61 0 0 "KDE QDA" 103 2000 3.53838383838384
224.615 17.7 0 0 "KDE QDA" 103 2000 3.54848484848485
226.585 17.71 0 0 "KDE QDA" 103 2000 3.55858585858586
229.93 17.725 0 0 "KDE QDA" 103 2000 3.56868686868687
229.93 17.725 0 0 "KDE QDA" 103 2000 3.57878787878788
229.935 17.725 0 0 "KDE QDA" 103 2000 3.58888888888889
229.98 17.75 0 0 "KDE QDA" 103 2000 3.5989898989899
229.98 17.75 0 0 "KDE QDA" 103 2000 3.60909090909091
233.54 17.75 0 0 "KDE QDA" 103 2000 3.61919191919192
235.19 17.755 0 0 "KDE QDA" 103 2000 3.62929292929293
238.745 17.76 0 0 "KDE QDA" 103 2000 3.63939393939394
240.96 17.76 0 0 "KDE QDA" 103 2000 3.64949494949495
260.33 17.99 0 0 "KDE QDA" 103 2000 3.65959595959596
261.37 17.995 0 0 "KDE QDA" 103 2000 3.66969696969697
263.78 18.09 0 0 "KDE QDA" 103 2000 3.67979797979798
263.81 18.1 0 0 "KDE QDA" 103 2000 3.68989898989899
273.505 18.105 0 0 "KDE QDA" 103 2000 3.7
