38.269 10.219 0 0 33.5421781748997 6.48267414452277 "LDA" 10 1000 1.5
40.15 10.581 0 0 34.3890696022458 6.6932980838477 "LDA" 10 1000 1.53535353535354
42.715 11.002 0 0 36.2742828819344 6.97457100047312 "LDA" 10 1000 1.57070707070707
45.949 11.34 0 0 39.6675927794581 7.35135650356058 "LDA" 10 1000 1.60606060606061
48.391 11.664 0 0 42.8928422340478 7.57036421940282 "LDA" 10 1000 1.64141414141414
50.638 11.882 0 0 45.1564841862613 7.69241504660593 "LDA" 10 1000 1.67676767676768
53.5 12.068 0 0 47.4231056653922 7.73674564873586 "LDA" 10 1000 1.71212121212121
56.394 12.325 0 0 51.0955724258132 7.85309149609541 "LDA" 10 1000 1.74747474747475
58.826 12.598 0 0 53.5567180290769 7.99138650412169 "LDA" 10 1000 1.78282828282828
61.14 12.886 0 0 54.6874859645342 8.10794318817928 "LDA" 10 1000 1.81818181818182
63.809 13.094 0 0 56.0905399124279 8.21660980433394 "LDA" 10 1000 1.85353535353535
66.279 13.447 0 0 58.0536940288074 8.46775613098853 "LDA" 10 1000 1.88888888888889
69.303 13.797 0 0 61.1669402993609 8.76130992212646 "LDA" 10 1000 1.92424242424242
72.316 14.035 0 0 63.161899667201 8.76907473292774 "LDA" 10 1000 1.95959595959596
76.066 14.359 0 0 67.1248790940691 8.86976841816018 "LDA" 10 1000 1.99494949494949
80.294 14.653 0 0 70.5360680850648 9.00898178224114 "LDA" 10 1000 2.03030303030303
83.225 14.908 0 0 74.3680642748215 9.18182127041481 "LDA" 10 1000 2.06565656565657
88.251 15.192 0 0 84.5432999626142 9.3233073563012 "LDA" 10 1000 2.1010101010101
93.394 15.616 0 0 89.6837105160794 9.55771384243606 "LDA" 10 1000 2.13636363636364
96.139 15.928 0 0 91.1235270178683 9.72539970383734 "LDA" 10 1000 2.17171717171717
100.171 16.224 0 0 94.6335737054893 9.90484376100552 "LDA" 10 1000 2.20707070707071
103.749 16.693 0 0 97.3183171548597 10.312861198819 "LDA" 10 1000 2.24242424242424
109.46 16.981 0 0 101.766019489428 10.3421273729634 "LDA" 10 1000 2.27777777777778
114.46 17.327 0 0 105.859910828985 10.7612208821711 "LDA" 10 1000 2.31313131313131
119.154 17.715 0 0 112.255207075287 11.0906617375961 "LDA" 10 1000 2.34848484848485
124.054 18.025 0 0 114.469184841503 11.2016003700744 "LDA" 10 1000 2.38383838383838
129.612 18.455 0 0 124.473270428036 11.319722218814 "LDA" 10 1000 2.41919191919192
135.128 18.88 0 0 129.032177843044 11.5684670302262 "LDA" 10 1000 2.45454545454545
141.575 19.192 0 0 137.048709310682 11.7667154121952 "LDA" 10 1000 2.48989898989899
147.537 19.439 0 0 141.647656845038 11.9207543126844 "LDA" 10 1000 2.52525252525253
153.183 19.744 0 0 148.512833023185 12.1230124734503 "LDA" 10 1000 2.56060606060606
161.076 20.016 0 0 158.970248045865 12.226906446082 "LDA" 10 1000 2.5959595959596
166.435 20.174 0 0 163.990605504382 12.3109416083126 "LDA" 10 1000 2.63131313131313
175.407 20.48 0 0 171.037707094805 12.5206376182032 "LDA" 10 1000 2.66666666666667
180.022 20.706 0 0 178.157912419734 12.5573584503769 "LDA" 10 1000 2.7020202020202
188.124 20.999 0 0 182.955265716112 12.8015185770235 "LDA" 10 1000 2.73737373737374
195.148 21.418 0 0 192.201236758277 13.1103454247841 "LDA" 10 1000 2.77272727272727
203.808 21.814 0 0 199.093177254343 13.4890829695484 "LDA" 10 1000 2.80808080808081
217.086 22.092 0 0 208.590984471532 13.5451469909709 "LDA" 10 1000 2.84343434343434
223.929 22.459 0 0 212.122653149019 13.6433302188087 "LDA" 10 1000 2.87878787878788
234.662 22.786 0 0 221.417315003555 13.6712511171109 "LDA" 10 1000 2.91414141414141
242.501 23.097 0 0 230.387326733306 13.8351365010253 "LDA" 10 1000 2.94949494949495
253.096 23.374 0 0 238.426747866296 13.8854935429365 "LDA" 10 1000 2.98484848484848
267.295 23.687 0 0 260.655145892192 13.9318745374816 "LDA" 10 1000 3.02020202020202
278.994 23.985 0 0 275.783637256779 14.1265825780808 "LDA" 10 1000 3.05555555555556
289.146 24.355 0 0 284.54085503172 14.2657101290292 "LDA" 10 1000 3.09090909090909
299.615 24.733 0 0 293.071150873767 14.4565107028529 "LDA" 10 1000 3.12626262626263
311.958 25.065 0 0 309.823066553426 14.8145957503824 "LDA" 10 1000 3.16161616161616
322.317 25.358 0 0 322.087849963475 14.93394987466 "LDA" 10 1000 3.1969696969697
337.606 25.68 0 0 334.916024560646 15.0832723606353 "LDA" 10 1000 3.23232323232323
349.619 26.108 0 0 343.735188362668 15.4519610114412 "LDA" 10 1000 3.26767676767677
359.36 26.511 0 0 350.868378482614 15.5141408904124 "LDA" 10 1000 3.3030303030303
375.478 26.901 0 0 368.373159038902 15.8683017995626 "LDA" 10 1000 3.33838383838384
390.613 27.362 0 0 384.195712595256 16.034339900852 "LDA" 10 1000 3.37373737373737
409.303 27.786 0 0 415.777288875841 16.2340922059027 "LDA" 10 1000 3.40909090909091
430.034 28.017 0 0 442.088322543051 16.2952215463689 "LDA" 10 1000 3.44444444444444
445.812 28.196 0 0 452.951047363076 16.2927910144039 "LDA" 10 1000 3.47979797979798
466.111 28.551 0 0 465.646708929137 16.6144948897172 "LDA" 10 1000 3.51515151515152
482.648 28.836 0 0 474.310795604345 16.6579287605209 "LDA" 10 1000 3.55050505050505
503.472 29.144 0 0 503.189661113035 16.7113294663391 "LDA" 10 1000 3.58585858585859
518.725 29.354 0 0 516.578114444779 16.775878937156 "LDA" 10 1000 3.62121212121212
536.164 29.715 0 0 525.880089918769 17.0052625370488 "LDA" 10 1000 3.65656565656566
553.747 30.037 0 0 542.204799901325 17.2150512339926 "LDA" 10 1000 3.69191919191919
584.769 30.269 0 0 572.384480600787 17.2188015299011 "LDA" 10 1000 3.72727272727273
613.281 30.658 0 0 592.032487711194 17.4322379205574 "LDA" 10 1000 3.76262626262626
630.737 30.924 0 0 605.668982817964 17.4570034934685 "LDA" 10 1000 3.7979797979798
660.402 31.153 0 0 633.626883444369 17.5589267014504 "LDA" 10 1000 3.83333333333333
682.914 31.47 0 0 649.48203479197 17.6729576877622 "LDA" 10 1000 3.86868686868687
707.349 31.798 0 0 660.898123411263 17.7303570624385 "LDA" 10 1000 3.9040404040404
738.637 32.149 0 0 698.848788265287 17.870762803058 "LDA" 10 1000 3.93939393939394
767.855 32.553 0 0 730.17416846345 18.2132070737669 "LDA" 10 1000 3.97474747474747
800.693 32.918 0 0 754.494068930334 18.4336397674218 "LDA" 10 1000 4.01010101010101
824.713 33.202 0 0 778.396592931191 18.5676588172541 "LDA" 10 1000 4.04545454545454
854.606 33.439 0 0 809.378331837496 18.5342871133151 "LDA" 10 1000 4.08080808080808
900.093 33.752 0 0 880.26524255377 18.5527545313547 "LDA" 10 1000 4.11616161616162
931.763 34.021 0 0 916.580474697993 18.6202382442404 "LDA" 10 1000 4.15151515151515
967.483 34.266 0 0 951.487011600392 18.7003997002457 "LDA" 10 1000 4.18686868686869
1000.321 34.547 0 0 1001.52249263921 18.7280145645375 "LDA" 10 1000 4.22222222222222
1030.832 34.937 0 0 1018.44338807354 18.7341399321933 "LDA" 10 1000 4.25757575757576
1054.238 35.367 0 0 1028.02395234868 18.9149699203326 "LDA" 10 1000 4.29292929292929
1082.917 35.668 0 0 1051.94458576606 19.0736357200084 "LDA" 10 1000 4.32828282828283
1118.496 36.062 0 0 1110.69786698982 19.2733395553967 "LDA" 10 1000 4.36363636363636
1157.395 36.521 0 0 1141.65339286687 19.6743141592696 "LDA" 10 1000 4.3989898989899
1218.147 36.753 0 0 1198.59520934587 19.7348284627573 "LDA" 10 1000 4.43434343434343
1276.306 37.061 0 0 1255.63684648638 19.7604087192738 "LDA" 10 1000 4.46969696969697
1310.678 37.387 0 0 1275.50139165589 19.8403848720702 "LDA" 10 1000 4.50505050505051
1371.019 37.656 0 0 1324.44842794171 19.8495760576812 "LDA" 10 1000 4.54040404040404
1424.047 38.071 0 0 1366.02624956679 20.0442443292515 "LDA" 10 1000 4.57575757575758
1455.105 38.294 0 0 1385.35043573993 20.0652480218456 "LDA" 10 1000 4.61111111111111
1516.05605605606 38.695 1 0 1461.03827346649 20.1732728117164 "LDA" 10 1000 4.64646464646465
1576.19219219219 38.983 1 0 1528.55404944124 20.3696743870548 "LDA" 10 1000 4.68181818181818
1610.73821464393 39.291 3 0 1546.3303336211 20.3891156020813 "LDA" 10 1000 4.71717171717172
1668.45180722892 39.747 4 0 1601.70205658766 20.5108675264282 "LDA" 10 1000 4.75252525252525
1712.05030181087 40.355 6 0 1649.61830657477 20.9084705117122 "LDA" 10 1000 4.78787878787879
1766.25806451613 40.692 8 0 1688.46030744696 20.9665622535678 "LDA" 10 1000 4.82323232323232
1844.97278225806 41.017 8 0 1758.05265980773 20.9924127339473 "LDA" 10 1000 4.85858585858586
1910.04439959637 41.326 9 0 1821.43860726814 21.0178370312807 "LDA" 10 1000 4.89393939393939
1962.68080808081 41.528 10 0 1868.55002293372 21.0262530974808 "LDA" 10 1000 4.92929292929293
2028.73604060914 41.76 15 0 1949.97019400051 21.0952461329421 "LDA" 10 1000 4.96464646464646
2082.4083503055 42.134 18 0 1982.62417749972 21.2200455780456 "LDA" 10 1000 5
59.528 14.593 0 0 52.5407436733222 10.1696988044766 "uLSIF" 10 1000 1.5
64.932 15.042 0 0 57.5402664076059 10.3742884990664 "uLSIF" 10 1000 1.53535353535354
68.726 15.594 0 0 60.2304294242423 10.6828501481247 "uLSIF" 10 1000 1.57070707070707
73.604 15.995 0 0 65.9563144772312 10.8403176838821 "uLSIF" 10 1000 1.60606060606061
78.819 16.436 0 0 72.8536745600172 11.1470247223266 "uLSIF" 10 1000 1.64141414141414
84.289 17.082 0 0 79.6565040510669 11.9241545386439 "uLSIF" 10 1000 1.67676767676768
87.747 17.558 0 0 81.8508677752139 12.1829002728849 "uLSIF" 10 1000 1.71212121212121
91.83 17.998 0 0 85.346922599454 12.5373514420384 "uLSIF" 10 1000 1.74747474747475
98.425 18.362 0 0 95.3764490953718 12.7472918476612 "uLSIF" 10 1000 1.78282828282828
105.135 18.927 0 0 100.313885632302 13.2489700054837 "uLSIF" 10 1000 1.81818181818182
109.604 19.484 0 0 103.615140212622 13.8185634816611 "uLSIF" 10 1000 1.85353535353535
114.578 20.283 0 0 106.482084645025 14.9865108182828 "uLSIF" 10 1000 1.88888888888889
122.168 20.9 0 0 114.001070258222 15.3444273745048 "uLSIF" 10 1000 1.92424242424242
130.83 21.529 0 0 123.577200261312 15.7742189976235 "uLSIF" 10 1000 1.95959595959596
138.669 22.179 0 0 129.830448602723 16.1496058394243 "uLSIF" 10 1000 1.99494949494949
145.91 22.553 0 0 137.322778319714 16.2116010007342 "uLSIF" 10 1000 2.03030303030303
153.434 23.193 0 0 142.658491121591 16.6960027404019 "uLSIF" 10 1000 2.06565656565657
165.046 23.726 0 0 152.792144180659 17.2131698770801 "uLSIF" 10 1000 2.1010101010101
173.351 24.405 0 0 164.563668529843 17.7800198004418 "uLSIF" 10 1000 2.13636363636364
187.155 25.031 0 0 178.12992799147 18.2346522188262 "uLSIF" 10 1000 2.17171717171717
200.68 25.745 0 0 194.787149559804 18.9871136691569 "uLSIF" 10 1000 2.20707070707071
211.124 26.171 0 0 202.841043955885 19.1999582655119 "uLSIF" 10 1000 2.24242424242424
220.184 26.766 0 0 214.280994230679 19.4558930860492 "uLSIF" 10 1000 2.27777777777778
231.801 27.291 0 0 227.33928069638 19.769551187474 "uLSIF" 10 1000 2.31313131313131
245.695 28.115 0 0 242.081985415402 20.3721574655165 "uLSIF" 10 1000 2.34848484848485
257.173 28.895 0 0 251.570846804557 21.5078721300728 "uLSIF" 10 1000 2.38383838383838
271.945 29.484 0 0 261.877952560037 21.6728275833001 "uLSIF" 10 1000 2.41919191919192
285.429 30.172 0 0 274.542482201814 22.0820749485648 "uLSIF" 10 1000 2.45454545454545
305.089 30.616 0 0 292.609496422102 22.481369085444 "uLSIF" 10 1000 2.48989898989899
320.079 31.414 0 0 306.412805813606 23.3550864709182 "uLSIF" 10 1000 2.52525252525253
338.184 32.208 0 0 326.513701613487 23.7990152974683 "uLSIF" 10 1000 2.56060606060606
362.573 33.059 0 0 349.109464336172 24.5858492426636 "uLSIF" 10 1000 2.5959595959596
390.689 33.969 0 0 388.708119649283 25.1760177722941 "uLSIF" 10 1000 2.63131313131313
415.322 35.126 0 0 418.233345690474 26.7154232202643 "uLSIF" 10 1000 2.66666666666667
440.455 35.854 0 0 448.569942113789 27.0220812832187 "uLSIF" 10 1000 2.7020202020202
464.761 37.005 0 0 478.769594067129 28.398123677955 "uLSIF" 10 1000 2.73737373737374
495.551 37.458 0 0 503.156556072679 28.6734442019511 "uLSIF" 10 1000 2.77272727272727
522.537 38.154 0 0 522.98162722357 28.9807896747168 "uLSIF" 10 1000 2.80808080808081
557.877 38.619 0 0 564.501580072992 29.0258908793743 "uLSIF" 10 1000 2.84343434343434
587.294 39.441 0 0 586.236140455684 30.0079488801883 "uLSIF" 10 1000 2.87878787878788
619.517 40.285 0 0 626.03684223761 30.1513993353854 "uLSIF" 10 1000 2.91414141414141
652.447 40.922 0 0 658.181509988765 30.4406397526161 "uLSIF" 10 1000 2.94949494949495
683.736 41.749 0 0 681.363527465743 31.2784965006847 "uLSIF" 10 1000 2.98484848484848
707.612612612613 42.355 1 0 695.499681304363 31.8475311482733 "uLSIF" 10 1000 3.02020202020202
737.605605605606 42.874 1 0 718.848867284773 32.0262674348074 "uLSIF" 10 1000 3.05555555555556
791.214214214214 43.706 1 0 776.097937231189 32.4954384109142 "uLSIF" 10 1000 3.09090909090909
822.077077077077 44.065 1 0 797.707433438972 32.5268623105853 "uLSIF" 10 1000 3.12626262626263
884.61961961962 44.824 1 0 857.607980578632 33.1746526972263 "uLSIF" 10 1000 3.16161616161616
930.532532532533 45.398 1 0 882.047536363831 33.5861522896807 "uLSIF" 10 1000 3.1969696969697
982.455455455455 46.356 1 0 965.669623323934 34.3737227663344 "uLSIF" 10 1000 3.23232323232323
1030.74374374374 47.069 1 0 1019.36192289987 34.9424557553446 "uLSIF" 10 1000 3.26767676767677
1087.00900900901 47.732 1 0 1085.68463246066 35.1577906906314 "uLSIF" 10 1000 3.3030303030303
1148.77477477477 48.982 1 0 1161.46512077543 36.0756584018799 "uLSIF" 10 1000 3.33838383838384
1210.79079079079 50.329 1 0 1204.554883852 37.2313971794766 "uLSIF" 10 1000 3.37373737373737
1296.31831831832 50.959 1 0 1312.87936430779 37.4077085058101 "uLSIF" 10 1000 3.40909090909091
1362.0980980981 51.874 1 0 1365.09272237007 37.8540229176643 "uLSIF" 10 1000 3.44444444444444
1440.07607607608 52.901 1 0 1440.99822414262 38.5665993001922 "uLSIF" 10 1000 3.47979797979798
1520.45745745746 53.701 1 0 1504.94207704232 38.8347490881136 "uLSIF" 10 1000 3.51515151515152
1593.74448897796 54.714 2 0 1580.90667834049 39.3323688485608 "uLSIF" 10 1000 3.55050505050505
1654.31557788945 55.527 5 0 1616.08309574186 40.0085735431414 "uLSIF" 10 1000 3.58585858585859
1776.32560483871 56.021 8 0 1765.60878888505 40.2339076691082 "uLSIF" 10 1000 3.62121212121212
1839.95854398382 57.543 11 0 1802.12909262857 41.5744944598198 "uLSIF" 10 1000 3.65656565656566
1912.51825557809 58.214 14 0 1864.83836241657 41.8141199192883 "uLSIF" 10 1000 3.69191919191919
2000.96243654822 59.406 15 0 1924.21422448688 42.6830294731408 "uLSIF" 10 1000 3.72727272727273
2097.6575203252 60.255 16 0 1996.49735392162 43.0405909284186 "uLSIF" 10 1000 3.76262626262626
2176.00102040816 61.085 20 0 2062.62873644076 43.5400219167206 "uLSIF" 10 1000 3.7979797979798
2268.12833675565 62.163 26 0 2091.29572067741 44.3788678868098 "uLSIF" 10 1000 3.83333333333333
2331.21524201854 62.897 29 0 2117.48033548104 45.213921414645 "uLSIF" 10 1000 3.86868686868687
2423.15289256198 63.487 32 0 2167.42924448693 45.3318299410669 "uLSIF" 10 1000 3.9040404040404
2541.84384694933 64.689 33 0 2237.29298993135 46.6906017447975 "uLSIF" 10 1000 3.93939393939394
2622.88645833333 65.376 40 0 2287.30132105256 47.0346987540782 "uLSIF" 10 1000 3.97474747474747
2757.34174553102 67.132 49 0 2348.94018608902 49.1076178829124 "uLSIF" 10 1000 4.01010101010101
2864.48723404255 68.645 60 0 2391.60431555468 50.8267679017202 "uLSIF" 10 1000 4.04545454545454
2953.98394004283 69.557 66 0 2442.12905478261 51.3309810993382 "uLSIF" 10 1000 4.08080808080808
2975.52448313384 70.128 81 0 2449.79924062953 51.9740985773002 "uLSIF" 10 1000 4.11616161616162
3074.58039647577 70.889 92 0 2500.1215430501 52.2151040992556 "uLSIF" 10 1000 4.15151515151515
3206.52519596865 71.37 107 0 2580.23343633238 52.2510408630419 "uLSIF" 10 1000 4.18686868686869
3280.06271379704 73.136 123 0 2589.02715054229 54.0000880880162 "uLSIF" 10 1000 4.22222222222222
3338.73108265425 73.941 141 0 2624.44489388247 54.3222277104265 "uLSIF" 10 1000 4.25757575757576
3402.83451536643 75.253 154 0 2631.36208498309 55.1812464607403 "uLSIF" 10 1000 4.29292929292929
3472.79663056558 75.963 169 0 2662.34715871744 55.5022714231871 "uLSIF" 10 1000 4.32828282828283
3602.39434889435 77.165 186 0 2702.88037067352 56.5026399677336 "uLSIF" 10 1000 4.36363636363636
3677.46221662468 78.647 206 0 2724.55015835742 57.6516096835041 "uLSIF" 10 1000 4.3989898989899
3765.13554987212 79.597 218 0 2755.26642449528 58.6644876659902 "uLSIF" 10 1000 4.43434343434343
3828.06955380577 81.328 238 0 2785.59218439415 60.1807123099597 "uLSIF" 10 1000 4.46969696969697
3917.9375 82.947 248 0 2801.38245642999 61.6927888102912 "uLSIF" 10 1000 4.50505050505051
3989.77747625509 83.981 263 0 2817.17130656348 62.1809545609434 "uLSIF" 10 1000 4.54040404040404
4041.43291839557 85.285 277 0 2806.75611982947 62.9225318945449 "uLSIF" 10 1000 4.57575757575758
4075.98293029872 86.769 297 0 2818.5864215352 63.9858251867148 "uLSIF" 10 1000 4.61111111111111
4081.26883308715 88.347 323 0 2801.23930811876 65.7692343210956 "uLSIF" 10 1000 4.64646464646465
4089.73893129771 90.262 345 0 2824.07190360908 67.5944847629625 "uLSIF" 10 1000 4.68181818181818
4130.24132492114 91.228 366 0 2838.08738805538 69.0729983068282 "uLSIF" 10 1000 4.71717171717172
4151.96618357488 92.063 379 0 2837.8756622976 69.1830566419721 "uLSIF" 10 1000 4.75252525252525
4172.62563237774 93.128 407 0 2838.3746987595 69.7021664513235 "uLSIF" 10 1000 4.78787878787879
4222.04401408451 93.86 432 0 2843.17252437314 69.8854661455326 "uLSIF" 10 1000 4.82323232323232
4307.89233576642 95.022 452 0 2882.38470316727 70.9752139623192 "uLSIF" 10 1000 4.85858585858586
4313.25 96.83 468 0 2878.43490696828 73.0152060896929 "uLSIF" 10 1000 4.89393939393939
4346.65637065637 97.799 482 0 2897.5541065617 73.464737572979 "uLSIF" 10 1000 4.92929292929293
4409.38369781312 98.626 497 0 2913.24071782144 73.9225315087671 "uLSIF" 10 1000 4.96464646464646
4427.70625 100.316 520 0 2911.42434761791 77.8803408537192 "uLSIF" 10 1000 5
