148.76 15.965 0 0 "KDE LDA" 56 1500 2.5
149.755 15.97 0 0 "KDE LDA" 56 1500 2.51010101010101
149.76 16 0 0 "KDE LDA" 56 1500 2.52020202020202
153.295 16.09 0 0 "KDE LDA" 56 1500 2.53030303030303
157.02 16.105 0 0 "KDE LDA" 56 1500 2.54040404040404
157.335 16.135 0 0 "KDE LDA" 56 1500 2.55050505050505
160.395 16.17 0 0 "KDE LDA" 56 1500 2.56060606060606
161.44 16.395 0 0 "KDE LDA" 56 1500 2.57070707070707
161.45 16.475 0 0 "KDE LDA" 56 1500 2.58080808080808
166.8 16.525 0 0 "KDE LDA" 56 1500 2.59090909090909
168.295 16.795 0 0 "KDE LDA" 56 1500 2.6010101010101
170.87 16.82 0 0 "KDE LDA" 56 1500 2.61111111111111
173.005 16.835 0 0 "KDE LDA" 56 1500 2.62121212121212
173.42 16.875 0 0 "KDE LDA" 56 1500 2.63131313131313
174.92 16.88 0 0 "KDE LDA" 56 1500 2.64141414141414
174.955 16.95 0 0 "KDE LDA" 56 1500 2.65151515151515
184.22 17.235 0 0 "KDE LDA" 56 1500 2.66161616161616
195.19 17.34 0 0 "KDE LDA" 56 1500 2.67171717171717
195.305 17.355 0 0 "KDE LDA" 56 1500 2.68181818181818
195.515 17.39 0 0 "KDE LDA" 56 1500 2.69191919191919
196.17 17.42 0 0 "KDE LDA" 56 1500 2.7020202020202
199.09 17.475 0 0 "KDE LDA" 56 1500 2.71212121212121
199.09 17.505 0 0 "KDE LDA" 56 1500 2.72222222222222
201.35 17.54 0 0 "KDE LDA" 56 1500 2.73232323232323
203.14 17.59 0 0 "KDE LDA" 56 1500 2.74242424242424
203.72 17.705 0 0 "KDE LDA" 56 1500 2.75252525252525
206.135 17.855 0 0 "KDE LDA" 56 1500 2.76262626262626
206.2 17.975 0 0 "KDE LDA" 56 1500 2.77272727272727
214.415 18.11 0 0 "KDE LDA" 56 1500 2.78282828282828
218.025 18.575 0 0 "KDE LDA" 56 1500 2.79292929292929
252.105 19.065 0 0 "KDE LDA" 56 1500 2.8030303030303
254.965 19.165 0 0 "KDE LDA" 56 1500 2.81313131313131
256.5 19.48 0 0 "KDE LDA" 56 1500 2.82323232323232
256.58 19.51 0 0 "KDE LDA" 56 1500 2.83333333333333
257.425 19.57 0 0 "KDE LDA" 56 1500 2.84343434343434
257.43 19.65 0 0 "KDE LDA" 56 1500 2.85353535353535
258.15 19.71 0 0 "KDE LDA" 56 1500 2.86363636363636
258.805 19.715 0 0 "KDE LDA" 56 1500 2.87373737373737
260.52 20 0 0 "KDE LDA" 56 1500 2.88383838383838
260.54 20.025 0 0 "KDE LDA" 56 1500 2.89393939393939
260.61 20.42 0 0 "KDE LDA" 56 1500 2.9040404040404
260.625 20.48 0 0 "KDE LDA" 56 1500 2.91414141414141
263.945 20.555 0 0 "KDE LDA" 56 1500 2.92424242424242
266.045 20.57 0 0 "KDE LDA" 56 1500 2.93434343434343
266.045 20.615 0 0 "KDE LDA" 56 1500 2.94444444444444
267.165 20.64 0 0 "KDE LDA" 56 1500 2.95454545454545
271.045 20.71 0 0 "KDE LDA" 56 1500 2.96464646464646
273.065 20.745 0 0 "KDE LDA" 56 1500 2.97474747474747
274.035 20.765 0 0 "KDE LDA" 56 1500 2.98484848484848
274.18 20.805 0 0 "KDE LDA" 56 1500 2.99494949494949
275.795 20.835 0 0 "KDE LDA" 56 1500 3.00505050505051
275.795 20.865 0 0 "KDE LDA" 56 1500 3.01515151515152
278.185 20.875 0 0 "KDE LDA" 56 1500 3.02525252525253
280.935 20.88 0 0 "KDE LDA" 56 1500 3.03535353535354
280.945 20.955 0 0 "KDE LDA" 56 1500 3.04545454545455
284.045 20.975 0 0 "KDE LDA" 56 1500 3.05555555555556
287.895 20.975 0 0 "KDE LDA" 56 1500 3.06565656565657
294.58 21.21 0 0 "KDE LDA" 56 1500 3.07575757575758
296.955 21.265 0 0 "KDE LDA" 56 1500 3.08585858585859
297.02 21.335 0 0 "KDE LDA" 56 1500 3.0959595959596
298.185 21.365 0 0 "KDE LDA" 56 1500 3.10606060606061
298.185 21.385 0 0 "KDE LDA" 56 1500 3.11616161616162
302.43 21.54 0 0 "KDE LDA" 56 1500 3.12626262626263
302.885 21.565 0 0 "KDE LDA" 56 1500 3.13636363636364
303.75 21.58 0 0 "KDE LDA" 56 1500 3.14646464646465
303.755 21.63 0 0 "KDE LDA" 56 1500 3.15656565656566
304.69 21.695 0 0 "KDE LDA" 56 1500 3.16666666666667
308.835 21.98 0 0 "KDE LDA" 56 1500 3.17676767676768
308.88 22.095 0 0 "KDE LDA" 56 1500 3.18686868686869
309.965 22.285 0 0 "KDE LDA" 56 1500 3.1969696969697
326.56 22.44 0 0 "KDE LDA" 56 1500 3.20707070707071
335.215 22.465 0 0 "KDE LDA" 56 1500 3.21717171717172
338.505 22.66 0 0 "KDE LDA" 56 1500 3.22727272727273
346.875 22.745 0 0 "KDE LDA" 56 1500 3.23737373737374
355.12 22.86 0 0 "KDE LDA" 56 1500 3.24747474747475
358.84 22.885 0 0 "KDE LDA" 56 1500 3.25757575757576
359.535 22.92 0 0 "KDE LDA" 56 1500 3.26767676767677
359.715 23.075 0 0 "KDE LDA" 56 1500 3.27777777777778
359.715 23.075 0 0 "KDE LDA" 56 1500 3.28787878787879
362.945 23.13 0 0 "KDE LDA" 56 1500 3.2979797979798
372.04 23.17 0 0 "KDE LDA" 56 1500 3.30808080808081
374.76 23.235 0 0 "KDE LDA" 56 1500 3.31818181818182
383.255 23.445 0 0 "KDE LDA" 56 1500 3.32828282828283
392.52 23.59 0 0 "KDE LDA" 56 1500 3.33838383838384
420 23.69 0 0 "KDE LDA" 56 1500 3.34848484848485
503.95 24.14 0 0 "KDE LDA" 56 1500 3.35858585858586
503.965 24.195 0 0 "KDE LDA" 56 1500 3.36868686868687
511.265 24.195 0 0 "KDE LDA" 56 1500 3.37878787878788
512.83 24.22 0 0 "KDE LDA" 56 1500 3.38888888888889
517.68 24.295 0 0 "KDE LDA" 56 1500 3.3989898989899
517.68 24.335 0 0 "KDE LDA" 56 1500 3.40909090909091
526.42 24.4 0 0 "KDE LDA" 56 1500 3.41919191919192
526.445 24.435 0 0 "KDE LDA" 56 1500 3.42929292929293
530.385 24.59 0 0 "KDE LDA" 56 1500 3.43939393939394
547.875 24.635 0 0 "KDE LDA" 56 1500 3.44949494949495
550.29 24.64 0 0 "KDE LDA" 56 1500 3.45959595959596
573.74 24.67 0 0 "KDE LDA" 56 1500 3.46969696969697
574.425 24.755 0 0 "KDE LDA" 56 1500 3.47979797979798
574.435 25.175 0 0 "KDE LDA" 56 1500 3.48989898989899
581.82 25.195 0 0 "KDE LDA" 56 1500 3.5
99.455 13.865 0 0 "KDE QDA" 56 1500 2.8
100.255 13.87 0 0 "KDE QDA" 56 1500 2.81010101010101
100.255 13.88 0 0 "KDE QDA" 56 1500 2.82020202020202
102.88 13.945 0 0 "KDE QDA" 56 1500 2.83030303030303
103.135 13.995 0 0 "KDE QDA" 56 1500 2.84040404040404
103.225 14 0 0 "KDE QDA" 56 1500 2.85050505050505
104.07 14.01 0 0 "KDE QDA" 56 1500 2.86060606060606
104.105 14.015 0 0 "KDE QDA" 56 1500 2.87070707070707
104.16 14.02 0 0 "KDE QDA" 56 1500 2.88080808080808
104.175 14.025 0 0 "KDE QDA" 56 1500 2.89090909090909
104.18 14.025 0 0 "KDE QDA" 56 1500 2.9010101010101
104.215 14.055 0 0 "KDE QDA" 56 1500 2.91111111111111
104.215 14.055 0 0 "KDE QDA" 56 1500 2.92121212121212
105 14.06 0 0 "KDE QDA" 56 1500 2.93131313131313
105 14.12 0 0 "KDE QDA" 56 1500 2.94141414141414
105.095 14.12 0 0 "KDE QDA" 56 1500 2.95151515151515
107.605 14.29 0 0 "KDE QDA" 56 1500 2.96161616161616
107.64 14.29 0 0 "KDE QDA" 56 1500 2.97171717171717
108.14 14.3 0 0 "KDE QDA" 56 1500 2.98181818181818
108.375 14.31 0 0 "KDE QDA" 56 1500 2.99191919191919
108.375 14.31 0 0 "KDE QDA" 56 1500 3.0020202020202
108.53 14.33 0 0 "KDE QDA" 56 1500 3.01212121212121
108.615 14.33 0 0 "KDE QDA" 56 1500 3.02222222222222
108.65 14.33 0 0 "KDE QDA" 56 1500 3.03232323232323
108.925 14.33 0 0 "KDE QDA" 56 1500 3.04242424242424
109.01 14.33 0 0 "KDE QDA" 56 1500 3.05252525252525
109.02 14.33 0 0 "KDE QDA" 56 1500 3.06262626262626
109.03 14.34 0 0 "KDE QDA" 56 1500 3.07272727272727
110.92 14.37 0 0 "KDE QDA" 56 1500 3.08282828282828
115.69 14.525 0 0 "KDE QDA" 56 1500 3.09292929292929
115.935 14.565 0 0 "KDE QDA" 56 1500 3.1030303030303
115.935 14.575 0 0 "KDE QDA" 56 1500 3.11313131313131
116.825 14.59 0 0 "KDE QDA" 56 1500 3.12323232323232
120.665 14.655 0 0 "KDE QDA" 56 1500 3.13333333333333
120.725 14.665 0 0 "KDE QDA" 56 1500 3.14343434343434
120.74 14.7 0 0 "KDE QDA" 56 1500 3.15353535353535
124.3 14.7 0 0 "KDE QDA" 56 1500 3.16363636363636
125.31 14.735 0 0 "KDE QDA" 56 1500 3.17373737373737
128.025 14.735 0 0 "KDE QDA" 56 1500 3.18383838383838
128.17 14.735 0 0 "KDE QDA" 56 1500 3.19393939393939
128.185 14.755 0 0 "KDE QDA" 56 1500 3.2040404040404
128.225 14.76 0 0 "KDE QDA" 56 1500 3.21414141414141
133.79 15.225 0 0 "KDE QDA" 56 1500 3.22424242424242
138.19 15.31 0 0 "KDE QDA" 56 1500 3.23434343434343
138.34 15.315 0 0 "KDE QDA" 56 1500 3.24444444444444
138.74 15.395 0 0 "KDE QDA" 56 1500 3.25454545454545
138.745 15.42 0 0 "KDE QDA" 56 1500 3.26464646464646
138.76 15.42 0 0 "KDE QDA" 56 1500 3.27474747474747
140.275 15.435 0 0 "KDE QDA" 56 1500 3.28484848484848
144.05 15.44 0 0 "KDE QDA" 56 1500 3.29494949494949
146.745 15.465 0 0 "KDE QDA" 56 1500 3.30505050505051
150.69 15.48 0 0 "KDE QDA" 56 1500 3.31515151515151
152.115 15.485 0 0 "KDE QDA" 56 1500 3.32525252525252
152.815 15.49 0 0 "KDE QDA" 56 1500 3.33535353535354
153.1 15.49 0 0 "KDE QDA" 56 1500 3.34545454545455
153.275 15.5 0 0 "KDE QDA" 56 1500 3.35555555555556
166.955 16.055 0 0 "KDE QDA" 56 1500 3.36565656565657
171.02 16.06 0 0 "KDE QDA" 56 1500 3.37575757575758
177.45 16.17 0 0 "KDE QDA" 56 1500 3.38585858585859
177.91 16.225 0 0 "KDE QDA" 56 1500 3.3959595959596
178.935 16.235 0 0 "KDE QDA" 56 1500 3.40606060606061
180.305 16.25 0 0 "KDE QDA" 56 1500 3.41616161616162
180.335 16.27 0 0 "KDE QDA" 56 1500 3.42626262626263
180.385 16.28 0 0 "KDE QDA" 56 1500 3.43636363636364
180.395 16.305 0 0 "KDE QDA" 56 1500 3.44646464646465
181.515 16.305 0 0 "KDE QDA" 56 1500 3.45656565656566
181.55 16.325 0 0 "KDE QDA" 56 1500 3.46666666666667
181.64 16.33 0 0 "KDE QDA" 56 1500 3.47676767676768
181.645 16.33 0 0 "KDE QDA" 56 1500 3.48686868686869
181.66 16.335 0 0 "KDE QDA" 56 1500 3.4969696969697
182.55 16.335 0 0 "KDE QDA" 56 1500 3.50707070707071
188.71 16.45 0 0 "KDE QDA" 56 1500 3.51717171717172
196.635 16.485 0 0 "KDE QDA" 56 1500 3.52727272727273
196.635 16.52 0 0 "KDE QDA" 56 1500 3.53737373737374
197.425 16.57 0 0 "KDE QDA" 56 1500 3.54747474747475
197.725 16.62 0 0 "KDE QDA" 56 1500 3.55757575757576
199.045 16.62 0 0 "KDE QDA" 56 1500 3.56767676767677
199.05 16.64 0 0 "KDE QDA" 56 1500 3.57777777777778
201.95 16.64 0 0 "KDE QDA" 56 1500 3.58787878787879
204.595 16.64 0 0 "KDE QDA" 56 1500 3.5979797979798
204.595 16.645 0 0 "KDE QDA" 56 1500 3.60808080808081
205.81 16.645 0 0 "KDE QDA" 56 1500 3.61818181818182
205.815 16.69 0 0 "KDE QDA" 56 1500 3.62828282828283
206.69 16.725 0 0 "KDE QDA" 56 1500 3.63838383838384
209.17 16.735 0 0 "KDE QDA" 56 1500 3.64848484848485
218.185 17.1 0 0 "KDE QDA" 56 1500 3.65858585858586
218.195 17.145 0 0 "KDE QDA" 56 1500 3.66868686868687
219.21 17.22 0 0 "KDE QDA" 56 1500 3.67878787878788
219.975 17.225 0 0 "KDE QDA" 56 1500 3.68888888888889
219.985 17.24 0 0 "KDE QDA" 56 1500 3.6989898989899
221.76 17.255 0 0 "KDE QDA" 56 1500 3.70909090909091
222.3 17.26 0 0 "KDE QDA" 56 1500 3.71919191919192
222.955 17.26 0 0 "KDE QDA" 56 1500 3.72929292929293
222.99 17.275 0 0 "KDE QDA" 56 1500 3.73939393939394
227.475 17.275 0 0 "KDE QDA" 56 1500 3.74949494949495
229.4 17.275 0 0 "KDE QDA" 56 1500 3.75959595959596
229.54 17.305 0 0 "KDE QDA" 56 1500 3.76969696969697
230.775 17.32 0 0 "KDE QDA" 56 1500 3.77979797979798
238.89 17.76 0 0 "KDE QDA" 56 1500 3.78989898989899
238.925 17.79 0 0 "KDE QDA" 56 1500 3.8
