134.61 16.77 0 0 "KDE LDA" 31 1000 2.5
136.24 16.81 0 0 "KDE LDA" 31 1000 2.51010101010101
140.58 16.83 0 0 "KDE LDA" 31 1000 2.52020202020202
143.405 16.905 0 0 "KDE LDA" 31 1000 2.53030303030303
146.045 17.24 0 0 "KDE LDA" 31 1000 2.54040404040404
146.845 17.31 0 0 "KDE LDA" 31 1000 2.55050505050505
149.085 17.38 0 0 "KDE LDA" 31 1000 2.56060606060606
149.765 17.385 0 0 "KDE LDA" 31 1000 2.57070707070707
149.835 17.61 0 0 "KDE LDA" 31 1000 2.58080808080808
149.835 17.665 0 0 "KDE LDA" 31 1000 2.59090909090909
150.325 17.665 0 0 "KDE LDA" 31 1000 2.6010101010101
151.555 17.69 0 0 "KDE LDA" 31 1000 2.61111111111111
151.555 17.695 0 0 "KDE LDA" 31 1000 2.62121212121212
152.64 17.73 0 0 "KDE LDA" 31 1000 2.63131313131313
155.86 17.88 0 0 "KDE LDA" 31 1000 2.64141414141414
157.29 17.885 0 0 "KDE LDA" 31 1000 2.65151515151515
162.61 18.27 0 0 "KDE LDA" 31 1000 2.66161616161616
173.535 18.665 0 0 "KDE LDA" 31 1000 2.67171717171717
174.38 18.885 0 0 "KDE LDA" 31 1000 2.68181818181818
174.38 18.97 0 0 "KDE LDA" 31 1000 2.69191919191919
176.285 19.01 0 0 "KDE LDA" 31 1000 2.7020202020202
176.285 19.01 0 0 "KDE LDA" 31 1000 2.71212121212121
178.295 19.05 0 0 "KDE LDA" 31 1000 2.72222222222222
182.78 19.05 0 0 "KDE LDA" 31 1000 2.73232323232323
182.845 19.1 0 0 "KDE LDA" 31 1000 2.74242424242424
185.655 19.1 0 0 "KDE LDA" 31 1000 2.75252525252525
186.32 19.24 0 0 "KDE LDA" 31 1000 2.76262626262626
189.035 19.315 0 0 "KDE LDA" 31 1000 2.77272727272727
199.675 19.37 0 0 "KDE LDA" 31 1000 2.78282828282828
205.555 19.54 0 0 "KDE LDA" 31 1000 2.79292929292929
239.735 20.445 0 0 "KDE LDA" 31 1000 2.8030303030303
239.75 20.455 0 0 "KDE LDA" 31 1000 2.81313131313131
244.375 20.615 0 0 "KDE LDA" 31 1000 2.82323232323232
254.085 20.845 0 0 "KDE LDA" 31 1000 2.83333333333333
254.085 20.92 0 0 "KDE LDA" 31 1000 2.84343434343434
254.595 21.04 0 0 "KDE LDA" 31 1000 2.85353535353535
254.595 21.105 0 0 "KDE LDA" 31 1000 2.86363636363636
255.255 21.15 0 0 "KDE LDA" 31 1000 2.87373737373737
262.49 21.15 0 0 "KDE LDA" 31 1000 2.88383838383838
265.735 21.17 0 0 "KDE LDA" 31 1000 2.89393939393939
265.74 21.205 0 0 "KDE LDA" 31 1000 2.9040404040404
266.77 21.23 0 0 "KDE LDA" 31 1000 2.91414141414141
266.775 21.24 0 0 "KDE LDA" 31 1000 2.92424242424242
269.075 21.24 0 0 "KDE LDA" 31 1000 2.93434343434343
269.615 21.255 0 0 "KDE LDA" 31 1000 2.94444444444444
273.94 21.3 0 0 "KDE LDA" 31 1000 2.95454545454545
275.21 21.35 0 0 "KDE LDA" 31 1000 2.96464646464646
275.615 21.4 0 0 "KDE LDA" 31 1000 2.97474747474747
282.705 21.445 0 0 "KDE LDA" 31 1000 2.98484848484848
285.82 21.505 0 0 "KDE LDA" 31 1000 2.99494949494949
288.165 21.77 0 0 "KDE LDA" 31 1000 3.00505050505051
293.33 22.235 0 0 "KDE LDA" 31 1000 3.01515151515152
296.15 22.27 0 0 "KDE LDA" 31 1000 3.02525252525253
296.95 22.29 0 0 "KDE LDA" 31 1000 3.03535353535354
308.175 22.31 0 0 "KDE LDA" 31 1000 3.04545454545455
308.495 22.35 0 0 "KDE LDA" 31 1000 3.05555555555556
312.64 22.435 0 0 "KDE LDA" 31 1000 3.06565656565657
320.84 22.475 0 0 "KDE LDA" 31 1000 3.07575757575758
327.68 22.52 0 0 "KDE LDA" 31 1000 3.08585858585859
349.43 22.72 0 0 "KDE LDA" 31 1000 3.0959595959596
349.455 22.75 0 0 "KDE LDA" 31 1000 3.10606060606061
354.605 22.78 0 0 "KDE LDA" 31 1000 3.11616161616162
357.18 22.78 0 0 "KDE LDA" 31 1000 3.12626262626263
363.035 22.805 0 0 "KDE LDA" 31 1000 3.13636363636364
364.02 22.82 0 0 "KDE LDA" 31 1000 3.14646464646465
365.765 22.845 0 0 "KDE LDA" 31 1000 3.15656565656566
367.065 22.85 0 0 "KDE LDA" 31 1000 3.16666666666667
369.25 22.87 0 0 "KDE LDA" 31 1000 3.17676767676768
380.675 22.91 0 0 "KDE LDA" 31 1000 3.18686868686869
396.485 23.015 0 0 "KDE LDA" 31 1000 3.1969696969697
399.12 23.055 0 0 "KDE LDA" 31 1000 3.20707070707071
417.565 23.07 0 0 "KDE LDA" 31 1000 3.21717171717172
431.52 23.14 0 0 "KDE LDA" 31 1000 3.22727272727273
437.915 23.16 0 0 "KDE LDA" 31 1000 3.23737373737374
447.295 23.2 0 0 "KDE LDA" 31 1000 3.24747474747475
450.385 23.225 0 0 "KDE LDA" 31 1000 3.25757575757576
450.6 23.24 0 0 "KDE LDA" 31 1000 3.26767676767677
450.64 23.24 0 0 "KDE LDA" 31 1000 3.27777777777778
450.645 23.305 0 0 "KDE LDA" 31 1000 3.28787878787879
456.77 23.325 0 0 "KDE LDA" 31 1000 3.2979797979798
467.14 23.36 0 0 "KDE LDA" 31 1000 3.30808080808081
473.165 23.595 0 0 "KDE LDA" 31 1000 3.31818181818182
474.005 23.78 0 0 "KDE LDA" 31 1000 3.32828282828283
474.435 23.81 0 0 "KDE LDA" 31 1000 3.33838383838384
484.925 23.885 0 0 "KDE LDA" 31 1000 3.34848484848485
536.645 24.1 0 0 "KDE LDA" 31 1000 3.35858585858586
539.915 24.145 0 0 "KDE LDA" 31 1000 3.36868686868687
548.135 24.155 0 0 "KDE LDA" 31 1000 3.37878787878788
548.185 24.245 0 0 "KDE LDA" 31 1000 3.38888888888889
554.76 24.255 0 0 "KDE LDA" 31 1000 3.3989898989899
554.915 24.26 0 0 "KDE LDA" 31 1000 3.40909090909091
554.955 24.28 0 0 "KDE LDA" 31 1000 3.41919191919192
556.44 24.305 0 0 "KDE LDA" 31 1000 3.42929292929293
560.56 24.545 0 0 "KDE LDA" 31 1000 3.43939393939394
563.625 24.575 0 0 "KDE LDA" 31 1000 3.44949494949495
563.65 24.64 0 0 "KDE LDA" 31 1000 3.45959595959596
565.88 24.755 0 0 "KDE LDA" 31 1000 3.46969696969697
576.08 25.025 0 0 "KDE LDA" 31 1000 3.47979797979798
585.815 25.07 0 0 "KDE LDA" 31 1000 3.48989898989899
589.445 25.23 0 0 "KDE LDA" 31 1000 3.5
112.515 14.525 0 0 "KDE QDA" 31 1000 3.5
113.27 14.53 0 0 "KDE QDA" 31 1000 3.51010101010101
117.61 14.635 0 0 "KDE QDA" 31 1000 3.52020202020202
119.22 14.71 0 0 "KDE QDA" 31 1000 3.53030303030303
119.745 14.72 0 0 "KDE QDA" 31 1000 3.54040404040404
120.14 14.845 0 0 "KDE QDA" 31 1000 3.55050505050505
120.17 14.85 0 0 "KDE QDA" 31 1000 3.56060606060606
120.295 14.955 0 0 "KDE QDA" 31 1000 3.57070707070707
120.59 14.955 0 0 "KDE QDA" 31 1000 3.58080808080808
120.735 15.005 0 0 "KDE QDA" 31 1000 3.59090909090909
120.735 15.015 0 0 "KDE QDA" 31 1000 3.6010101010101
122.405 15.02 0 0 "KDE QDA" 31 1000 3.61111111111111
123.2 15.02 0 0 "KDE QDA" 31 1000 3.62121212121212
127.505 15.025 0 0 "KDE QDA" 31 1000 3.63131313131313
128.29 15.065 0 0 "KDE QDA" 31 1000 3.64141414141414
128.965 15.22 0 0 "KDE QDA" 31 1000 3.65151515151515
131.05 15.26 0 0 "KDE QDA" 31 1000 3.66161616161616
131.625 15.33 0 0 "KDE QDA" 31 1000 3.67171717171717
131.685 15.375 0 0 "KDE QDA" 31 1000 3.68181818181818
131.88 15.385 0 0 "KDE QDA" 31 1000 3.69191919191919
132.045 15.41 0 0 "KDE QDA" 31 1000 3.7020202020202
132.585 15.42 0 0 "KDE QDA" 31 1000 3.71212121212121
132.87 15.43 0 0 "KDE QDA" 31 1000 3.72222222222222
132.935 15.445 0 0 "KDE QDA" 31 1000 3.73232323232323
135.81 15.445 0 0 "KDE QDA" 31 1000 3.74242424242424
136.21 15.465 0 0 "KDE QDA" 31 1000 3.75252525252525
136.32 15.49 0 0 "KDE QDA" 31 1000 3.76262626262626
136.46 15.495 0 0 "KDE QDA" 31 1000 3.77272727272727
137.97 15.52 0 0 "KDE QDA" 31 1000 3.78282828282828
144.055 15.945 0 0 "KDE QDA" 31 1000 3.79292929292929
144.42 15.965 0 0 "KDE QDA" 31 1000 3.8030303030303
144.44 16.04 0 0 "KDE QDA" 31 1000 3.81313131313131
146.245 16.05 0 0 "KDE QDA" 31 1000 3.82323232323232
146.28 16.1 0 0 "KDE QDA" 31 1000 3.83333333333333
146.645 16.105 0 0 "KDE QDA" 31 1000 3.84343434343434
147.135 16.185 0 0 "KDE QDA" 31 1000 3.85353535353535
149.235 16.2 0 0 "KDE QDA" 31 1000 3.86363636363636
149.315 16.205 0 0 "KDE QDA" 31 1000 3.87373737373737
150.7 16.23 0 0 "KDE QDA" 31 1000 3.88383838383838
152.315 16.24 0 0 "KDE QDA" 31 1000 3.89393939393939
152.975 16.25 0 0 "KDE QDA" 31 1000 3.9040404040404
154.545 16.265 0 0 "KDE QDA" 31 1000 3.91414141414141
165 16.985 0 0 "KDE QDA" 31 1000 3.92424242424242
165.035 16.985 0 0 "KDE QDA" 31 1000 3.93434343434343
165.945 17.045 0 0 "KDE QDA" 31 1000 3.94444444444444
166.1 17.05 0 0 "KDE QDA" 31 1000 3.95454545454545
166.105 17.08 0 0 "KDE QDA" 31 1000 3.96464646464646
166.735 17.11 0 0 "KDE QDA" 31 1000 3.97474747474747
166.82 17.115 0 0 "KDE QDA" 31 1000 3.98484848484848
166.835 17.115 0 0 "KDE QDA" 31 1000 3.99494949494949
166.865 17.115 0 0 "KDE QDA" 31 1000 4.00505050505051
168.18 17.125 0 0 "KDE QDA" 31 1000 4.01515151515152
168.33 17.13 0 0 "KDE QDA" 31 1000 4.02525252525253
170.565 17.21 0 0 "KDE QDA" 31 1000 4.03535353535354
171.55 17.22 0 0 "KDE QDA" 31 1000 4.04545454545455
174.85 17.255 0 0 "KDE QDA" 31 1000 4.05555555555556
174.855 17.265 0 0 "KDE QDA" 31 1000 4.06565656565657
175.355 17.295 0 0 "KDE QDA" 31 1000 4.07575757575758
176.13 17.565 0 0 "KDE QDA" 31 1000 4.08585858585859
176.23 17.58 0 0 "KDE QDA" 31 1000 4.0959595959596
176.295 17.615 0 0 "KDE QDA" 31 1000 4.10606060606061
176.355 17.615 0 0 "KDE QDA" 31 1000 4.11616161616162
176.36 17.63 0 0 "KDE QDA" 31 1000 4.12626262626263
176.475 17.63 0 0 "KDE QDA" 31 1000 4.13636363636364
178.1 17.635 0 0 "KDE QDA" 31 1000 4.14646464646465
180.96 17.68 0 0 "KDE QDA" 31 1000 4.15656565656566
180.975 17.7 0 0 "KDE QDA" 31 1000 4.16666666666667
181.015 17.705 0 0 "KDE QDA" 31 1000 4.17676767676768
181.715 17.715 0 0 "KDE QDA" 31 1000 4.18686868686869
183.12 17.715 0 0 "KDE QDA" 31 1000 4.1969696969697
183.84 17.745 0 0 "KDE QDA" 31 1000 4.20707070707071
187.02 18.025 0 0 "KDE QDA" 31 1000 4.21717171717172
187.845 18.035 0 0 "KDE QDA" 31 1000 4.22727272727273
188.235 18.175 0 0 "KDE QDA" 31 1000 4.23737373737374
192.78 18.205 0 0 "KDE QDA" 31 1000 4.24747474747475
192.79 18.22 0 0 "KDE QDA" 31 1000 4.25757575757576
195.165 18.265 0 0 "KDE QDA" 31 1000 4.26767676767677
195.255 18.275 0 0 "KDE QDA" 31 1000 4.27777777777778
195.855 18.29 0 0 "KDE QDA" 31 1000 4.28787878787879
196.93 18.3 0 0 "KDE QDA" 31 1000 4.2979797979798
196.985 18.3 0 0 "KDE QDA" 31 1000 4.30808080808081
197.025 18.33 0 0 "KDE QDA" 31 1000 4.31818181818182
197.105 18.33 0 0 "KDE QDA" 31 1000 4.32828282828283
197.215 18.34 0 0 "KDE QDA" 31 1000 4.33838383838384
201.73 18.585 0 0 "KDE QDA" 31 1000 4.34848484848485
201.78 18.65 0 0 "KDE QDA" 31 1000 4.35858585858586
202.14 18.755 0 0 "KDE QDA" 31 1000 4.36868686868687
202.375 18.815 0 0 "KDE QDA" 31 1000 4.37878787878788
204.885 18.875 0 0 "KDE QDA" 31 1000 4.38888888888889
207.545 18.905 0 0 "KDE QDA" 31 1000 4.3989898989899
207.55 18.915 0 0 "KDE QDA" 31 1000 4.40909090909091
210.575 18.915 0 0 "KDE QDA" 31 1000 4.41919191919192
211.7 18.92 0 0 "KDE QDA" 31 1000 4.42929292929293
211.765 18.925 0 0 "KDE QDA" 31 1000 4.43939393939394
215.23 18.94 0 0 "KDE QDA" 31 1000 4.44949494949495
217.99 18.97 0 0 "KDE QDA" 31 1000 4.45959595959596
217.995 18.99 0 0 "KDE QDA" 31 1000 4.46969696969697
226.56 19.42 0 0 "KDE QDA" 31 1000 4.47979797979798
226.715 19.42 0 0 "KDE QDA" 31 1000 4.48989898989899
226.725 19.425 0 0 "KDE QDA" 31 1000 4.5
