140.665 15.655 0 0 "KDE LDA" 161 1500 2.5
140.9 15.745 0 0 "KDE LDA" 161 1500 2.51010101010101
141.98 15.835 0 0 "KDE LDA" 161 1500 2.52020202020202
142.045 16.18 0 0 "KDE LDA" 161 1500 2.53030303030303
143.955 16.215 0 0 "KDE LDA" 161 1500 2.54040404040404
145.72 16.215 0 0 "KDE LDA" 161 1500 2.55050505050505
147.085 16.29 0 0 "KDE LDA" 161 1500 2.56060606060606
147.465 16.3 0 0 "KDE LDA" 161 1500 2.57070707070707
148.345 16.325 0 0 "KDE LDA" 161 1500 2.58080808080808
148.345 16.39 0 0 "KDE LDA" 161 1500 2.59090909090909
149.915 16.39 0 0 "KDE LDA" 161 1500 2.6010101010101
150.995 16.425 0 0 "KDE LDA" 161 1500 2.61111111111111
151.975 16.615 0 0 "KDE LDA" 161 1500 2.62121212121212
152.965 16.67 0 0 "KDE LDA" 161 1500 2.63131313131313
155.05 16.685 0 0 "KDE LDA" 161 1500 2.64141414141414
155.96 16.86 0 0 "KDE LDA" 161 1500 2.65151515151515
164.89 17.07 0 0 "KDE LDA" 161 1500 2.66161616161616
173.655 17.415 0 0 "KDE LDA" 161 1500 2.67171717171717
175.305 17.43 0 0 "KDE LDA" 161 1500 2.68181818181818
175.875 17.44 0 0 "KDE LDA" 161 1500 2.69191919191919
177.245 17.49 0 0 "KDE LDA" 161 1500 2.7020202020202
181.95 17.49 0 0 "KDE LDA" 161 1500 2.71212121212121
181.98 17.54 0 0 "KDE LDA" 161 1500 2.72222222222222
182 17.595 0 0 "KDE LDA" 161 1500 2.73232323232323
185.18 17.6 0 0 "KDE LDA" 161 1500 2.74242424242424
188.895 17.64 0 0 "KDE LDA" 161 1500 2.75252525252525
194.74 17.65 0 0 "KDE LDA" 161 1500 2.76262626262626
196.745 17.69 0 0 "KDE LDA" 161 1500 2.77272727272727
199.26 17.84 0 0 "KDE LDA" 161 1500 2.78282828282828
208.115 18.07 0 0 "KDE LDA" 161 1500 2.79292929292929
239.71 18.865 0 0 "KDE LDA" 161 1500 2.8030303030303
239.715 18.865 0 0 "KDE LDA" 161 1500 2.81313131313131
240.3 18.945 0 0 "KDE LDA" 161 1500 2.82323232323232
240.79 18.985 0 0 "KDE LDA" 161 1500 2.83333333333333
241.85 19.03 0 0 "KDE LDA" 161 1500 2.84343434343434
242.32 19.05 0 0 "KDE LDA" 161 1500 2.85353535353535
243.04 19.07 0 0 "KDE LDA" 161 1500 2.86363636363636
244.775 19.095 0 0 "KDE LDA" 161 1500 2.87373737373737
248.89 19.21 0 0 "KDE LDA" 161 1500 2.88383838383838
248.925 19.345 0 0 "KDE LDA" 161 1500 2.89393939393939
250.695 19.345 0 0 "KDE LDA" 161 1500 2.9040404040404
255.975 19.365 0 0 "KDE LDA" 161 1500 2.91414141414141
257.23 19.37 0 0 "KDE LDA" 161 1500 2.92424242424242
257.23 19.395 0 0 "KDE LDA" 161 1500 2.93434343434343
259.265 19.57 0 0 "KDE LDA" 161 1500 2.94444444444444
268.705 19.85 0 0 "KDE LDA" 161 1500 2.95454545454545
268.71 19.9 0 0 "KDE LDA" 161 1500 2.96464646464646
271.03 19.915 0 0 "KDE LDA" 161 1500 2.97474747474747
275.66 20 0 0 "KDE LDA" 161 1500 2.98484848484848
276.365 20 0 0 "KDE LDA" 161 1500 2.99494949494949
276.37 20.025 0 0 "KDE LDA" 161 1500 3.00505050505051
277.61 20.13 0 0 "KDE LDA" 161 1500 3.01515151515152
278.405 20.135 0 0 "KDE LDA" 161 1500 3.02525252525253
279.27 20.16 0 0 "KDE LDA" 161 1500 3.03535353535354
281.535 20.235 0 0 "KDE LDA" 161 1500 3.04545454545455
283.77 20.26 0 0 "KDE LDA" 161 1500 3.05555555555556
290.29 20.335 0 0 "KDE LDA" 161 1500 3.06565656565657
293.74 20.335 0 0 "KDE LDA" 161 1500 3.07575757575758
307.3 20.4 0 0 "KDE LDA" 161 1500 3.08585858585859
321.39 20.84 0 0 "KDE LDA" 161 1500 3.0959595959596
326.58 20.85 0 0 "KDE LDA" 161 1500 3.10606060606061
327.96 20.875 0 0 "KDE LDA" 161 1500 3.11616161616162
328 20.885 0 0 "KDE LDA" 161 1500 3.12626262626263
332.685 21.025 0 0 "KDE LDA" 161 1500 3.13636363636364
337.525 21.085 0 0 "KDE LDA" 161 1500 3.14646464646465
337.84 21.12 0 0 "KDE LDA" 161 1500 3.15656565656566
339.105 21.175 0 0 "KDE LDA" 161 1500 3.16666666666667
339.14 21.205 0 0 "KDE LDA" 161 1500 3.17676767676768
341.64 21.23 0 0 "KDE LDA" 161 1500 3.18686868686869
345.65 21.275 0 0 "KDE LDA" 161 1500 3.1969696969697
348.24 21.285 0 0 "KDE LDA" 161 1500 3.20707070707071
362.655 21.29 0 0 "KDE LDA" 161 1500 3.21717171717172
386.08 21.675 0 0 "KDE LDA" 161 1500 3.22727272727273
386.885 21.71 0 0 "KDE LDA" 161 1500 3.23737373737374
387.015 21.745 0 0 "KDE LDA" 161 1500 3.24747474747475
387.985 21.87 0 0 "KDE LDA" 161 1500 3.25757575757576
388.21 21.935 0 0 "KDE LDA" 161 1500 3.26767676767677
388.27 21.94 0 0 "KDE LDA" 161 1500 3.27777777777778
388.645 22.12 0 0 "KDE LDA" 161 1500 3.28787878787879
388.655 22.17 0 0 "KDE LDA" 161 1500 3.2979797979798
388.655 22.255 0 0 "KDE LDA" 161 1500 3.30808080808081
393.695 22.29 0 0 "KDE LDA" 161 1500 3.31818181818182
397.68 22.35 0 0 "KDE LDA" 161 1500 3.32828282828283
402.76 22.395 0 0 "KDE LDA" 161 1500 3.33838383838384
414.375 22.835 0 0 "KDE LDA" 161 1500 3.34848484848485
469.625 23.23 0 0 "KDE LDA" 161 1500 3.35858585858586
469.645 23.255 0 0 "KDE LDA" 161 1500 3.36868686868687
471.08 23.42 0 0 "KDE LDA" 161 1500 3.37878787878788
473.87 23.53 0 0 "KDE LDA" 161 1500 3.38888888888889
478.93 23.805 0 0 "KDE LDA" 161 1500 3.3989898989899
479.195 23.995 0 0 "KDE LDA" 161 1500 3.40909090909091
491.085 24.025 0 0 "KDE LDA" 161 1500 3.41919191919192
499.855 24.1 0 0 "KDE LDA" 161 1500 3.42929292929293
501.09 24.13 0 0 "KDE LDA" 161 1500 3.43939393939394
508.83 24.22 0 0 "KDE LDA" 161 1500 3.44949494949495
515.675 24.255 0 0 "KDE LDA" 161 1500 3.45959595959596
515.99 24.295 0 0 "KDE LDA" 161 1500 3.46969696969697
518.13 24.3 0 0 "KDE LDA" 161 1500 3.47979797979798
518.155 24.42 0 0 "KDE LDA" 161 1500 3.48989898989899
522.08 24.425 0 0 "KDE LDA" 161 1500 3.5
91.045 12.655 0 0 "KDE QDA" 161 1500 2.8
91.045 12.655 0 0 "KDE QDA" 161 1500 2.81010101010101
91.045 12.665 0 0 "KDE QDA" 161 1500 2.82020202020202
93.895 12.69 0 0 "KDE QDA" 161 1500 2.83030303030303
94.62 12.73 0 0 "KDE QDA" 161 1500 2.84040404040404
94.635 12.77 0 0 "KDE QDA" 161 1500 2.85050505050505
96.01 12.775 0 0 "KDE QDA" 161 1500 2.86060606060606
96.01 12.825 0 0 "KDE QDA" 161 1500 2.87070707070707
96.235 12.825 0 0 "KDE QDA" 161 1500 2.88080808080808
96.265 12.84 0 0 "KDE QDA" 161 1500 2.89090909090909
96.27 12.855 0 0 "KDE QDA" 161 1500 2.9010101010101
96.285 12.865 0 0 "KDE QDA" 161 1500 2.91111111111111
96.29 12.87 0 0 "KDE QDA" 161 1500 2.92121212121212
97.38 12.875 0 0 "KDE QDA" 161 1500 2.93131313131313
98.245 12.885 0 0 "KDE QDA" 161 1500 2.94141414141414
98.515 12.91 0 0 "KDE QDA" 161 1500 2.95151515151515
102.7 12.98 0 0 "KDE QDA" 161 1500 2.96161616161616
102.71 12.98 0 0 "KDE QDA" 161 1500 2.97171717171717
102.78 12.98 0 0 "KDE QDA" 161 1500 2.98181818181818
102.785 12.995 0 0 "KDE QDA" 161 1500 2.99191919191919
102.785 13 0 0 "KDE QDA" 161 1500 3.0020202020202
104.615 13.035 0 0 "KDE QDA" 161 1500 3.01212121212121
107.51 13.045 0 0 "KDE QDA" 161 1500 3.02222222222222
107.525 13.045 0 0 "KDE QDA" 161 1500 3.03232323232323
107.595 13.045 0 0 "KDE QDA" 161 1500 3.04242424242424
107.63 13.045 0 0 "KDE QDA" 161 1500 3.05252525252525
108.27 13.085 0 0 "KDE QDA" 161 1500 3.06262626262626
109.62 13.09 0 0 "KDE QDA" 161 1500 3.07272727272727
110.465 13.095 0 0 "KDE QDA" 161 1500 3.08282828282828
117.755 13.295 0 0 "KDE QDA" 161 1500 3.09292929292929
118.21 13.335 0 0 "KDE QDA" 161 1500 3.1030303030303
118.6 13.355 0 0 "KDE QDA" 161 1500 3.11313131313131
119.405 13.405 0 0 "KDE QDA" 161 1500 3.12323232323232
119.415 13.445 0 0 "KDE QDA" 161 1500 3.13333333333333
119.67 13.45 0 0 "KDE QDA" 161 1500 3.14343434343434
119.7 13.48 0 0 "KDE QDA" 161 1500 3.15353535353535
119.7 13.48 0 0 "KDE QDA" 161 1500 3.16363636363636
119.7 13.48 0 0 "KDE QDA" 161 1500 3.17373737373737
120.115 13.48 0 0 "KDE QDA" 161 1500 3.18383838383838
120.115 13.48 0 0 "KDE QDA" 161 1500 3.19393939393939
120.12 13.48 0 0 "KDE QDA" 161 1500 3.2040404040404
120.17 13.49 0 0 "KDE QDA" 161 1500 3.21414141414141
128.13 13.87 0 0 "KDE QDA" 161 1500 3.22424242424242
129.825 13.97 0 0 "KDE QDA" 161 1500 3.23434343434343
129.85 13.97 0 0 "KDE QDA" 161 1500 3.24444444444444
131.79 14.07 0 0 "KDE QDA" 161 1500 3.25454545454545
132.065 14.11 0 0 "KDE QDA" 161 1500 3.26464646464646
132.075 14.13 0 0 "KDE QDA" 161 1500 3.27474747474747
132.82 14.145 0 0 "KDE QDA" 161 1500 3.28484848484848
133.32 14.15 0 0 "KDE QDA" 161 1500 3.29494949494949
133.335 14.175 0 0 "KDE QDA" 161 1500 3.30505050505051
133.965 14.19 0 0 "KDE QDA" 161 1500 3.31515151515151
134.445 14.215 0 0 "KDE QDA" 161 1500 3.32525252525252
134.45 14.235 0 0 "KDE QDA" 161 1500 3.33535353535354
134.485 14.24 0 0 "KDE QDA" 161 1500 3.34545454545455
135.995 14.265 0 0 "KDE QDA" 161 1500 3.35555555555556
156.285 14.73 0 0 "KDE QDA" 161 1500 3.36565656565657
158.805 14.735 0 0 "KDE QDA" 161 1500 3.37575757575758
164.505 14.895 0 0 "KDE QDA" 161 1500 3.38585858585859
167.095 14.93 0 0 "KDE QDA" 161 1500 3.3959595959596
167.41 14.96 0 0 "KDE QDA" 161 1500 3.40606060606061
167.415 14.96 0 0 "KDE QDA" 161 1500 3.41616161616162
168.8 14.99 0 0 "KDE QDA" 161 1500 3.42626262626263
168.83 15 0 0 "KDE QDA" 161 1500 3.43636363636364
168.865 15.005 0 0 "KDE QDA" 161 1500 3.44646464646465
168.88 15.04 0 0 "KDE QDA" 161 1500 3.45656565656566
170.215 15.06 0 0 "KDE QDA" 161 1500 3.46666666666667
171.255 15.065 0 0 "KDE QDA" 161 1500 3.47676767676768
172.015 15.075 0 0 "KDE QDA" 161 1500 3.48686868686869
173.03 15.08 0 0 "KDE QDA" 161 1500 3.4969696969697
173.355 15.085 0 0 "KDE QDA" 161 1500 3.50707070707071
176.21 15.125 0 0 "KDE QDA" 161 1500 3.51717171717172
176.93 15.155 0 0 "KDE QDA" 161 1500 3.52727272727273
180.3 15.155 0 0 "KDE QDA" 161 1500 3.53737373737374
180.42 15.19 0 0 "KDE QDA" 161 1500 3.54747474747475
180.425 15.2 0 0 "KDE QDA" 161 1500 3.55757575757576
180.835 15.205 0 0 "KDE QDA" 161 1500 3.56767676767677
180.845 15.22 0 0 "KDE QDA" 161 1500 3.57777777777778
180.85 15.23 0 0 "KDE QDA" 161 1500 3.58787878787879
180.875 15.235 0 0 "KDE QDA" 161 1500 3.5979797979798
180.885 15.235 0 0 "KDE QDA" 161 1500 3.60808080808081
182.42 15.245 0 0 "KDE QDA" 161 1500 3.61818181818182
182.45 15.27 0 0 "KDE QDA" 161 1500 3.62828282828283
186.4 15.285 0 0 "KDE QDA" 161 1500 3.63838383838384
186.465 15.3 0 0 "KDE QDA" 161 1500 3.64848484848485
200.56 15.53 0 0 "KDE QDA" 161 1500 3.65858585858586
201.635 15.55 0 0 "KDE QDA" 161 1500 3.66868686868687
206.23 15.565 0 0 "KDE QDA" 161 1500 3.67878787878788
206.235 15.565 0 0 "KDE QDA" 161 1500 3.68888888888889
207.485 15.615 0 0 "KDE QDA" 161 1500 3.6989898989899
210.21 15.62 0 0 "KDE QDA" 161 1500 3.70909090909091
212.83 15.63 0 0 "KDE QDA" 161 1500 3.71919191919192
212.865 15.63 0 0 "KDE QDA" 161 1500 3.72929292929293
212.87 15.63 0 0 "KDE QDA" 161 1500 3.73939393939394
212.89 15.635 0 0 "KDE QDA" 161 1500 3.74949494949495
213.455 15.64 0 0 "KDE QDA" 161 1500 3.75959595959596
214.48 15.645 0 0 "KDE QDA" 161 1500 3.76969696969697
214.505 15.67 0 0 "KDE QDA" 161 1500 3.77979797979798
228.935 16.245 0 0 "KDE QDA" 161 1500 3.78989898989899
229.18 16.25 0 0 "KDE QDA" 161 1500 3.8
