67.622 16.96 0 0 61.7618299570183 12.5045096970158 "LDA" 40 200 1.5
71.808 17.357 0 0 66.5718630424968 12.6669650273064 "LDA" 40 200 1.53535353535354
75.843 17.95 0 0 69.3446972596899 13.0228681593225 "LDA" 40 200 1.57070707070707
80.577 18.372 0 0 74.8042762865249 13.2473812170221 "LDA" 40 200 1.60606060606061
84.131 18.832 0 0 77.636662024396 13.3138662692336 "LDA" 40 200 1.64141414141414
89.219 19.463 0 0 81.6330999166515 13.7563755716711 "LDA" 40 200 1.67676767676768
93.017 20.046 0 0 84.1997286533948 14.2199891734168 "LDA" 40 200 1.71212121212121
97.738 20.768 0 0 86.9396909694638 15.0626378519521 "LDA" 40 200 1.74747474747475
101.282 21.452 0 0 89.5998806618324 15.6327886213586 "LDA" 40 200 1.78282828282828
107.945 21.863 0 0 97.2419661204717 15.8526823767632 "LDA" 40 200 1.81818181818182
113.249 22.38 0 0 100.631375190209 16.382734631129 "LDA" 40 200 1.85353535353535
119.859 23.113 0 0 106.646934731795 17.1014236158774 "LDA" 40 200 1.88888888888889
125.479 23.606 0 0 111.535993458779 17.4528325885905 "LDA" 40 200 1.92424242424242
131.693 24.297 0 0 117.306912254405 18.1380754431329 "LDA" 40 200 1.95959595959596
138.012 24.845 0 0 123.653605164063 18.5147446855411 "LDA" 40 200 1.99494949494949
145.162 25.549 0 0 133.313195761576 19.045007516704 "LDA" 40 200 2.03030303030303
150.398 26.323 0 0 138.094821683421 19.5808089485363 "LDA" 40 200 2.06565656565657
159.762 26.942 0 0 149.620083964438 19.8176531248121 "LDA" 40 200 2.1010101010101
170.23 27.454 0 0 160.73724385332 20.1146335408449 "LDA" 40 200 2.13636363636364
177.476 28.128 0 0 166.97336173033 20.3804066931202 "LDA" 40 200 2.17171717171717
185.463 28.892 0 0 175.8554741223 20.7993015975765 "LDA" 40 200 2.20707070707071
195.886 29.395 0 0 188.241700858078 20.9691363598904 "LDA" 40 200 2.24242424242424
207.923 30.435 0 0 196.072495507387 22.1222324408765 "LDA" 40 200 2.27777777777778
221.12 31.44 0 0 211.30143846623 22.8124704670233 "LDA" 40 200 2.31313131313131
232.019 31.962 0 0 220.429176064923 22.8963490277118 "LDA" 40 200 2.34848484848485
244.986 32.64 0 0 232.946465652218 23.3008010018396 "LDA" 40 200 2.38383838383838
255.594 33.105 0 0 245.061192668591 23.5149085885088 "LDA" 40 200 2.41919191919192
266.752 33.909 0 0 256.567576707224 23.8051970461579 "LDA" 40 200 2.45454545454545
281.434 34.603 0 0 270.578547550234 24.0652140137071 "LDA" 40 200 2.48989898989899
296.399 35.265 0 0 285.451488612954 24.2807811104036 "LDA" 40 200 2.52525252525253
309.403 35.968 0 0 296.480345362363 24.7236776438344 "LDA" 40 200 2.56060606060606
330.22 36.521 0 0 320.212188158798 24.9168298025131 "LDA" 40 200 2.5959595959596
345.626 36.96 0 0 334.908754734775 25.1949833734255 "LDA" 40 200 2.63131313131313
370.857 37.869 0 0 359.590981846354 25.9840529942888 "LDA" 40 200 2.66666666666667
389.262 38.582 0 0 370.332666179531 26.867585361233 "LDA" 40 200 2.7020202020202
404.524 39.333 0 0 385.652786189203 27.4079423946108 "LDA" 40 200 2.73737373737374
421.22 40.314 0 0 403.091518606349 28.2311246747345 "LDA" 40 200 2.77272727272727
445.442 41.108 0 0 420.147000629706 28.6485090898824 "LDA" 40 200 2.80808080808081
472.874 42.002 0 0 450.193463166979 29.678524404202 "LDA" 40 200 2.84343434343434
504.047 42.844 0 0 488.052052138495 30.0508355410747 "LDA" 40 200 2.87878787878788
527.65 43.739 0 0 506.490503494518 30.5472423143729 "LDA" 40 200 2.91414141414141
545.868 44.233 0 0 515.665938312718 30.6536516153844 "LDA" 40 200 2.94949494949495
587.409 44.664 0 0 571.306683880073 30.788000990727 "LDA" 40 200 2.98484848484848
611.788 45.689 0 0 589.861422330325 31.4068251765069 "LDA" 40 200 3.02020202020202
643.775 46.423 0 0 613.640954953788 32.1376243350049 "LDA" 40 200 3.05555555555556
673.842 47.188 0 0 644.733812301422 32.5983943057217 "LDA" 40 200 3.09090909090909
701.125 47.692 0 0 672.487103429708 32.8802105261545 "LDA" 40 200 3.12626262626263
748.858 48.526 0 0 723.304722477019 34.1757121842882 "LDA" 40 200 3.16161616161616
797.671 49.196 0 0 767.492602996703 34.5355510783929 "LDA" 40 200 3.1969696969697
834.653 49.8 0 0 800.961193457226 34.6436745190833 "LDA" 40 200 3.23232323232323
881.434 50.283 0 0 842.638562725082 34.8527994374717 "LDA" 40 200 3.26767676767677
914.787 50.993 0 0 864.986182969259 35.3665908273154 "LDA" 40 200 3.3030303030303
954.429 51.723 0 0 915.031959248116 35.8105943774977 "LDA" 40 200 3.33838383838384
1003.668 53.018 0 0 963.506217939463 36.7748836581174 "LDA" 40 200 3.37373737373737
1047.752 53.388 0 0 987.848545701843 36.8929606638793 "LDA" 40 200 3.40909090909091
1116.605 54.181 0 0 1049.66433882418 37.4767226921424 "LDA" 40 200 3.44444444444444
1180.855 55.127 0 0 1113.5226448778 38.813597699342 "LDA" 40 200 3.47979797979798
1232.865 55.786 0 0 1164.78934017357 39.2749376157967 "LDA" 40 200 3.51515151515152
1270.112 56.42 0 0 1195.53783217603 39.4455009798018 "LDA" 40 200 3.55050505050505
1337.355 57.212 0 0 1257.4664714822 39.8755955330967 "LDA" 40 200 3.58585858585859
1405.912 57.734 0 0 1352.18720689796 39.9744819003724 "LDA" 40 200 3.62121212121212
1470.75 59.004 0 0 1418.61940297971 40.9210522410717 "LDA" 40 200 3.65656565656566
1520.615 59.879 0 0 1466.3659215185 41.6184388637231 "LDA" 40 200 3.69191919191919
1593.944 60.471 0 0 1531.25721860618 41.6140708161301 "LDA" 40 200 3.72727272727273
1652.547 61.368 0 0 1560.61233515939 41.831692130088 "LDA" 40 200 3.76262626262626
1727.21521521522 61.986 1 0 1621.5587588322 41.9006141418651 "LDA" 40 200 3.7979797979798
1797.40421263791 62.769 3 0 1679.68543625327 42.1932922739256 "LDA" 40 200 3.83333333333333
1861.93580742227 63.497 3 0 1740.75674061936 42.2895542350283 "LDA" 40 200 3.86868686868687
1938.78614457831 64.545 4 0 1787.34098718492 42.7998808970867 "LDA" 40 200 3.9040404040404
2014.21987951807 65.441 4 0 1848.1965358212 43.4073348147029 "LDA" 40 200 3.93939393939394
2083.38469284995 65.926 7 0 1905.12310875794 43.4667906094513 "LDA" 40 200 3.97474747474747
2164.14516129032 66.507 8 0 1950.95228502979 43.5723364016609 "LDA" 40 200 4.01010101010101
2255.83047426842 67.262 9 0 2004.16788685647 44.1473707750116 "LDA" 40 200 4.04545454545454
2341.38181818182 68.084 10 0 2057.24578111508 44.5068062188223 "LDA" 40 200 4.08080808080808
2405.97448979592 68.625 20 0 2099.7178234376 44.6603954967477 "LDA" 40 200 4.11616161616162
2490.34151329243 69.566 22 0 2159.04696125285 45.5301948452084 "LDA" 40 200 4.15151515151515
2602.72016460905 70.155 28 0 2236.98352458701 45.7946735672079 "LDA" 40 200 4.18686868686869
2700.9052523172 70.934 29 0 2292.87504959941 46.2844671125843 "LDA" 40 200 4.22222222222222
2788.38652849741 71.673 35 0 2348.90759610644 46.6251216939213 "LDA" 40 200 4.25757575757576
2810.41108786611 72.251 44 0 2350.69238222614 46.7598169316292 "LDA" 40 200 4.29292929292929
2872.40526315789 73.464 50 0 2374.17798474311 47.1308181344014 "LDA" 40 200 4.32828282828283
2976.32592592593 74.338 55 0 2431.20332328833 47.3351494385765 "LDA" 40 200 4.36363636363636
3061.71978609626 74.797 65 0 2462.53651384008 47.4801237693538 "LDA" 40 200 4.3989898989899
3144.28556034483 75.423 72 0 2511.06495141244 47.6552315290996 "LDA" 40 200 4.43434343434343
3246.98152173913 76.356 80 0 2559.9430468973 48.6902660293205 "LDA" 40 200 4.46969696969697
3314.53172866521 77.145 86 0 2596.58769246598 48.8629057523042 "LDA" 40 200 4.50505050505051
3364.80620155039 77.99 97 0 2609.00686499716 50.0790756086194 "LDA" 40 200 4.54040404040404
3437.70424107143 78.81 104 0 2651.12372561491 50.3956508204986 "LDA" 40 200 4.57575757575758
3496.21266968326 79.495 116 0 2668.58628213655 50.7670687579091 "LDA" 40 200 4.61111111111111
3555.68045977011 80.048 130 0 2680.77441518217 50.8883613542559 "LDA" 40 200 4.64646464646465
3630.66898954704 80.803 139 0 2705.95885096122 51.2133087585053 "LDA" 40 200 4.68181818181818
3651.12352941176 82.053 150 0 2711.74383586754 51.8793374731854 "LDA" 40 200 4.71717171717172
3699.88595438175 82.802 167 0 2716.88133883939 52.3601793769309 "LDA" 40 200 4.75252525252525
3789.90510948905 83.498 178 0 2738.71820721158 52.5283849668656 "LDA" 40 200 4.78787878787879
3859.73762376238 84.393 192 0 2765.24508984463 52.7620544083092 "LDA" 40 200 4.82323232323232
3892.32869785082 85.264 209 0 2775.57006495816 53.0920622228132 "LDA" 40 200 4.85858585858586
3948.49612403101 85.711 226 0 2783.05447558719 53.1143918125551 "LDA" 40 200 4.89393939393939
3925.9774535809 86.307 246 0 2759.66558125091 53.3549763799451 "LDA" 40 200 4.92929292929293
3895.54533152909 87.534 261 0 2744.21399175845 54.7487193116539 "LDA" 40 200 4.96464646464646
3913.70775623269 88.288 278 0 2732.71912801962 55.5349185934686 "LDA" 40 200 5
26.285 14.512 0 0 19.5639086463192 9.21883088264683 "uLSIF" 40 200 1.5
27.378 14.918 0 0 20.2912012667769 9.56539454349755 "uLSIF" 40 200 1.53535353535354
28.14 15.26 0 0 20.7333613355932 9.80359681497105 "uLSIF" 40 200 1.57070707070707
28.912 15.705 0 0 21.2693827518018 10.0376655517969 "uLSIF" 40 200 1.60606060606061
29.794 16.255 0 0 22.0281366166728 10.4416954563904 "uLSIF" 40 200 1.64141414141414
30.513 16.87 0 0 22.3507804872311 11.0844921383871 "uLSIF" 40 200 1.67676767676768
31.431 17.341 0 0 23.2316367901177 11.7036615934798 "uLSIF" 40 200 1.71212121212121
32.359 17.801 0 0 24.2312870948754 11.9011359136864 "uLSIF" 40 200 1.74747474747475
33.271 18.182 0 0 24.6290102754282 12.0797680771113 "uLSIF" 40 200 1.78282828282828
34.253 18.684 0 0 25.56020961016 12.3080311842159 "uLSIF" 40 200 1.81818181818182
35.181 19.131 0 0 26.7240044044939 12.479325806011 "uLSIF" 40 200 1.85353535353535
36.112 19.533 0 0 27.0948996969834 12.5593251270778 "uLSIF" 40 200 1.88888888888889
36.864 19.891 0 0 27.3130281277178 12.646384860902 "uLSIF" 40 200 1.92424242424242
37.849 20.304 0 0 27.9408104372061 12.9135720985459 "uLSIF" 40 200 1.95959595959596
38.729 20.686 0 0 28.3002909077887 13.0346194921565 "uLSIF" 40 200 1.99494949494949
39.691 21.128 0 0 28.9931046823054 13.2312766837778 "uLSIF" 40 200 2.03030303030303
40.559 21.478 0 0 29.2693904312375 13.3809777881352 "uLSIF" 40 200 2.06565656565657
41.197 21.943 0 0 29.8892883916724 13.6717470598189 "uLSIF" 40 200 2.1010101010101
42.545 22.332 0 0 30.4871684884386 13.7984844883115 "uLSIF" 40 200 2.13636363636364
43.649 22.746 0 0 31.6749601752252 14.0048427202743 "uLSIF" 40 200 2.17171717171717
45.297 23.206 0 0 33.4331656827104 14.162490605121 "uLSIF" 40 200 2.20707070707071
46.476 23.566 0 0 34.705069742991 14.3369170741548 "uLSIF" 40 200 2.24242424242424
47.217 24.096 0 0 35.237900343531 14.6780867360235 "uLSIF" 40 200 2.27777777777778
48.418 24.416 0 0 36.0265344876133 14.7637702810939 "uLSIF" 40 200 2.31313131313131
49.609 24.833 0 0 36.8147721227016 14.9062841884994 "uLSIF" 40 200 2.34848484848485
50.771 25.286 0 0 37.6405814563534 15.036365794177 "uLSIF" 40 200 2.38383838383838
51.541 25.894 0 0 37.9778440098386 15.5000327423853 "uLSIF" 40 200 2.41919191919192
52.726 26.184 0 0 38.4978832016906 15.5541658752913 "uLSIF" 40 200 2.45454545454545
53.625 26.608 0 0 39.1419016332046 15.6703508542692 "uLSIF" 40 200 2.48989898989899
54.538 27.014 0 0 39.4316549413211 15.9020967385021 "uLSIF" 40 200 2.52525252525253
55.531 27.503 0 0 40.0107222741217 16.1958728476516 "uLSIF" 40 200 2.56060606060606
56.98 27.899 0 0 40.713747177203 16.4000536816427 "uLSIF" 40 200 2.5959595959596
58.396 28.343 0 0 42.2132104813071 16.7125300197086 "uLSIF" 40 200 2.63131313131313
59.811 28.704 0 0 43.1195614028665 16.8506477124272 "uLSIF" 40 200 2.66666666666667
60.952 29.145 0 0 44.0782552806777 16.9974965771401 "uLSIF" 40 200 2.7020202020202
61.837 29.702 0 0 44.3922865609117 17.1502573545509 "uLSIF" 40 200 2.73737373737374
63.096 30.18 0 0 45.0534637802533 17.4478086310581 "uLSIF" 40 200 2.77272727272727
64.473 30.535 0 0 47.0727215286318 17.5569650572649 "uLSIF" 40 200 2.80808080808081
65.905 30.887 0 0 48.3986818767558 17.6023883344015 "uLSIF" 40 200 2.84343434343434
66.984 31.46 0 0 49.0557255395148 18.3646851773087 "uLSIF" 40 200 2.87878787878788
67.919 31.913 0 0 49.3317145156851 18.6315475891179 "uLSIF" 40 200 2.91414141414141
69.168 32.379 0 0 50.5393510247411 18.8656638439328 "uLSIF" 40 200 2.94949494949495
70.349 32.826 0 0 51.2717074709531 19.1654125193547 "uLSIF" 40 200 2.98484848484848
71.511 33.3 0 0 51.4600234455156 19.2718292697762 "uLSIF" 40 200 3.02020202020202
72.343 33.845 0 0 51.6903399315795 19.4469833177323 "uLSIF" 40 200 3.05555555555556
73.686 34.476 0 0 52.7894319739105 20.0731750442315 "uLSIF" 40 200 3.09090909090909
75.192 34.862 0 0 54.2908890757615 20.2600944575149 "uLSIF" 40 200 3.12626262626263
76.293 35.252 0 0 54.8908750081392 20.3211083222211 "uLSIF" 40 200 3.16161616161616
77.749 35.713 0 0 56.4562424033544 20.5827179759933 "uLSIF" 40 200 3.1969696969697
79.032 36.286 0 0 57.4901042622823 20.8000684337059 "uLSIF" 40 200 3.23232323232323
79.716 36.834 0 0 57.5128426620618 21.0371815366747 "uLSIF" 40 200 3.26767676767677
81.18 37.197 0 0 58.4670676363883 21.0705994494974 "uLSIF" 40 200 3.3030303030303
82.727 37.648 0 0 60.2938456131206 21.2362679177645 "uLSIF" 40 200 3.33838383838384
84.489 38.01 0 0 60.7357119469732 21.2845232723435 "uLSIF" 40 200 3.37373737373737
85.031 38.641 0 0 60.9142395797861 21.8792783661121 "uLSIF" 40 200 3.40909090909091
86.517 39.019 0 0 62.5443803271766 22.0028353573753 "uLSIF" 40 200 3.44444444444444
87.715 39.4 0 0 63.6425026467623 22.2057446417609 "uLSIF" 40 200 3.47979797979798
88.73 39.871 0 0 63.9821288549608 22.288767308852 "uLSIF" 40 200 3.51515151515152
90.157 40.248 0 0 64.3682345619376 22.3634214425838 "uLSIF" 40 200 3.55050505050505
91.713 40.678 0 0 64.9589123314984 22.4101881413908 "uLSIF" 40 200 3.58585858585859
93.535 41.119 0 0 66.6345626528751 22.5579631327986 "uLSIF" 40 200 3.62121212121212
94.92 41.53 0 0 67.9927099666472 22.6503894037198 "uLSIF" 40 200 3.65656565656566
96.6 41.822 0 0 69.8891156653773 22.6278221297219 "uLSIF" 40 200 3.69191919191919
98.145 42.169 0 0 70.5852977556889 22.6686193956603 "uLSIF" 40 200 3.72727272727273
100.278 42.69 0 0 71.6304938112508 22.9906605053111 "uLSIF" 40 200 3.76262626262626
101.714 43.041 0 0 72.6206028338787 22.9857273685795 "uLSIF" 40 200 3.7979797979798
103.919 43.529 0 0 75.159959143539 23.1020099095698 "uLSIF" 40 200 3.83333333333333
105.281 44.108 0 0 75.42871820819 23.8408624576109 "uLSIF" 40 200 3.86868686868687
107.172 44.689 0 0 76.3207001098998 24.2097995322843 "uLSIF" 40 200 3.9040404040404
108.233 45.227 0 0 76.5895467388969 24.4070722573638 "uLSIF" 40 200 3.93939393939394
109.255 45.702 0 0 76.7772800099465 24.5301635731384 "uLSIF" 40 200 3.97474747474747
110.422 46.238 0 0 77.2072073634895 24.7537492938768 "uLSIF" 40 200 4.01010101010101
112.328 46.65 0 0 79.0907311874139 24.9176722506415 "uLSIF" 40 200 4.04545454545454
113.512 47.086 0 0 79.685718103495 25.1503706760983 "uLSIF" 40 200 4.08080808080808
115.289 47.602 0 0 80.792753065779 25.4539879292323 "uLSIF" 40 200 4.11616161616162
116.517 48.231 0 0 81.2078963736497 25.8600537776197 "uLSIF" 40 200 4.15151515151515
117.878 48.571 0 0 81.6430566839869 25.9870407181211 "uLSIF" 40 200 4.18686868686869
118.829 49.236 0 0 81.8914890264854 26.4345434817605 "uLSIF" 40 200 4.22222222222222
119.985 49.576 0 0 82.5392239998566 26.5627145036384 "uLSIF" 40 200 4.25757575757576
121.136 49.923 0 0 83.1159778247827 26.7422178814177 "uLSIF" 40 200 4.29292929292929
122.665 50.474 0 0 83.705910510874 27.0029347012965 "uLSIF" 40 200 4.32828282828283
124.325 50.889 0 0 84.9215581937004 27.1495815580789 "uLSIF" 40 200 4.36363636363636
125.474 51.33 0 0 85.2828733831857 27.3009604673983 "uLSIF" 40 200 4.3989898989899
127.174 51.739 0 0 85.8794445895116 27.2633484584922 "uLSIF" 40 200 4.43434343434343
128.68 52.079 0 0 86.3346701810766 27.3459788919973 "uLSIF" 40 200 4.46969696969697
130.083 52.668 0 0 86.9405818693191 27.6189533216337 "uLSIF" 40 200 4.50505050505051
131.766 52.903 0 0 87.5874009021663 27.6619372744169 "uLSIF" 40 200 4.54040404040404
134.137 53.407 0 0 90.879763216914 27.9110440037161 "uLSIF" 40 200 4.57575757575758
135.737 53.758 0 0 92.2718696512048 28.0412508235233 "uLSIF" 40 200 4.61111111111111
136.864 54.247 0 0 92.6289675513531 28.0876646930269 "uLSIF" 40 200 4.64646464646465
137.966 54.869 0 0 93.2172102794988 28.5045671664972 "uLSIF" 40 200 4.68181818181818
139.893 55.301 0 0 94.3682728565164 28.5479488647501 "uLSIF" 40 200 4.71717171717172
141.364 55.625 0 0 94.9246026285293 28.6252647285712 "uLSIF" 40 200 4.75252525252525
143.135 56.215 0 0 96.1985703632852 29.5855383435739 "uLSIF" 40 200 4.78787878787879
143.985 56.824 0 0 96.3310876791779 29.6930412841241 "uLSIF" 40 200 4.82323232323232
145.368 57.355 0 0 96.7080815083674 29.7765279476405 "uLSIF" 40 200 4.85858585858586
146.326 57.891 0 0 96.8876924534223 29.9863018276228 "uLSIF" 40 200 4.89393939393939
148.044 58.613 0 0 97.3175049041063 30.401208273101 "uLSIF" 40 200 4.92929292929293
149.4 58.993 0 0 97.6580416202019 30.4219401985713 "uLSIF" 40 200 4.96464646464646
150.74 59.493 0 0 98.367182040061 30.4569462779277 "uLSIF" 40 200 5
