92.632 20.132 0 0 89.2410586139729 15.631856285513 "LDA" 23 5000 1.5
99.805 20.876 0 0 96.0573995015428 16.3600817930803 "LDA" 23 5000 1.53535353535354
107.938 21.623 0 0 103.944497760173 17.0580728351373 "LDA" 23 5000 1.57070707070707
115.783 22.26 0 0 112.27430440858 17.6482821221178 "LDA" 23 5000 1.60606060606061
121.7 22.931 0 0 116.90146257405 18.1453435484835 "LDA" 23 5000 1.64141414141414
130.687 23.697 0 0 126.343514731524 18.4647810476902 "LDA" 23 5000 1.67676767676768
140.273 24.29 0 0 133.563624212256 19.1704827119039 "LDA" 23 5000 1.71212121212121
146.811 25.03 0 0 138.620745164604 19.9473556392068 "LDA" 23 5000 1.74747474747475
155.017 25.919 0 0 143.398011494932 20.7703598150549 "LDA" 23 5000 1.78282828282828
167.833 26.912 0 0 156.828288976266 21.7582093857853 "LDA" 23 5000 1.81818181818182
178.289 27.508 0 0 167.799064374641 21.9182651308525 "LDA" 23 5000 1.85353535353535
186.057 28.399 0 0 172.174724878209 22.8359207889298 "LDA" 23 5000 1.88888888888889
202.585 29.217 0 0 189.801099133362 23.3377497107489 "LDA" 23 5000 1.92424242424242
216.674 29.824 0 0 205.726573750566 23.8429761462681 "LDA" 23 5000 1.95959595959596
229.899 30.746 0 0 216.938546902417 24.4840550757621 "LDA" 23 5000 1.99494949494949
245.84 31.508 0 0 230.849058234353 24.9678860004473 "LDA" 23 5000 2.03030303030303
258.207 32.525 0 0 242.8991151304 25.7643780863847 "LDA" 23 5000 2.06565656565657
273.707 33.082 0 0 260.379997107869 25.9705553607493 "LDA" 23 5000 2.1010101010101
294.089 33.678 0 0 285.393115385269 26.2381164483039 "LDA" 23 5000 2.13636363636364
311.598 34.358 0 0 307.508695802239 26.9064265890473 "LDA" 23 5000 2.17171717171717
329.828 35.418 0 0 322.174764677488 27.5049777276732 "LDA" 23 5000 2.20707070707071
344.353 36.209 0 0 337.174033282102 27.9351336257891 "LDA" 23 5000 2.24242424242424
366.323 37.02 0 0 355.834482378886 28.3199509113208 "LDA" 23 5000 2.27777777777778
388.198 37.583 0 0 377.500295720771 28.486111871745 "LDA" 23 5000 2.31313131313131
403.544 38.286 0 0 390.046561815874 28.6988471515465 "LDA" 23 5000 2.34848484848485
425.013 39.208 0 0 409.657271277968 29.0639889115629 "LDA" 23 5000 2.38383838383838
447.79 40.068 0 0 426.958932252072 29.9860056782583 "LDA" 23 5000 2.41919191919192
476.208 40.892 0 0 457.00717093968 30.666574226261 "LDA" 23 5000 2.45454545454545
502.608 41.727 0 0 485.809898616314 31.0314585932151 "LDA" 23 5000 2.48989898989899
540.308 42.709 0 0 532.664337488847 31.7727213946937 "LDA" 23 5000 2.52525252525253
573.275 43.324 0 0 562.918130989931 32.4724110820475 "LDA" 23 5000 2.56060606060606
603.58 44.446 0 0 596.812641395044 33.538663150548 "LDA" 23 5000 2.5959595959596
635.537 45.688 0 0 623.382658220109 34.2723686262162 "LDA" 23 5000 2.63131313131313
672.139 46.718 0 0 666.533674181446 34.726883425272 "LDA" 23 5000 2.66666666666667
711.238 48.006 0 0 702.500115137192 35.6758844702235 "LDA" 23 5000 2.7020202020202
741.565 48.544 0 0 735.368084699761 35.7617808416886 "LDA" 23 5000 2.73737373737374
808.606 49.709 0 0 825.970506762828 36.6664799203544 "LDA" 23 5000 2.77272727272727
854.35 50.551 0 0 876.083241105173 36.9399507167912 "LDA" 23 5000 2.80808080808081
885.792 51.284 0 0 896.495427086378 37.1647489237121 "LDA" 23 5000 2.84343434343434
930.469 52.091 0 0 947.691635752619 38.1508349214693 "LDA" 23 5000 2.87878787878788
981.811 52.963 0 0 979.349209502491 38.7346098599302 "LDA" 23 5000 2.91414141414141
1039.476 53.845 0 0 1051.69462250361 39.5624337113019 "LDA" 23 5000 2.94949494949495
1100.509 54.791 0 0 1109.33726300079 40.1226263365715 "LDA" 23 5000 2.98484848484848
1166.058 55.653 0 0 1186.60752570345 41.1284833557371 "LDA" 23 5000 3.02020202020202
1242.06606606607 56.24 1 0 1263.13575339417 41.3732056063117 "LDA" 23 5000 3.05555555555556
1311.96593186373 56.966 2 0 1317.04204720426 41.61534189071 "LDA" 23 5000 3.09090909090909
1383.54964894684 57.544 3 0 1373.57819545466 41.6710035460695 "LDA" 23 5000 3.12626262626263
1476.18355065196 58.715 3 0 1444.46728532137 42.2926523576311 "LDA" 23 5000 3.16161616161616
1566.41023069208 59.665 3 0 1546.51679915088 42.4869852886613 "LDA" 23 5000 3.1969696969697
1642.85255767302 60.394 3 0 1600.85195231129 42.694327135693 "LDA" 23 5000 3.23232323232323
1738.63654618474 61.374 4 0 1652.52433866467 42.9706015386869 "LDA" 23 5000 3.26767676767677
1821.40342052314 62.617 6 0 1699.71600412869 44.8286283184855 "LDA" 23 5000 3.3030303030303
1884.12588116818 64.084 7 0 1757.00311405737 46.1248137388374 "LDA" 23 5000 3.33838383838384
1970.44310171198 65.046 7 0 1829.31819415844 46.8551094896307 "LDA" 23 5000 3.37373737373737
2065.19959677419 65.792 8 0 1907.53967586915 47.1567438919874 "LDA" 23 5000 3.40909090909091
2157.92641129032 66.798 8 0 1956.3493735709 47.710832307973 "LDA" 23 5000 3.44444444444444
2247.07171717172 67.605 10 0 2009.65695474159 47.9613517977367 "LDA" 23 5000 3.47979797979798
2348.00909090909 68.344 10 0 2096.4648594465 48.1424486223889 "LDA" 23 5000 3.51515151515152
2439.65517241379 69.379 14 0 2165.8427381166 48.4929987722963 "LDA" 23 5000 3.55050505050505
2526.86618998979 70.258 21 0 2178.49493726472 48.8066135018762 "LDA" 23 5000 3.58585858585859
2628.30296827021 70.93 23 0 2249.04551711036 49.1690420355603 "LDA" 23 5000 3.62121212121212
2716.27909371782 71.663 29 0 2298.04465546717 49.2374223000631 "LDA" 23 5000 3.65656565656566
2767.53790238837 72.761 37 0 2320.7020971839 50.0287993035987 "LDA" 23 5000 3.69191919191919
2845.08429926238 73.875 51 0 2342.10426844719 50.8357122960291 "LDA" 23 5000 3.72727272727273
2911.34361702128 74.631 60 0 2377.53645733904 51.3131355198343 "LDA" 23 5000 3.76262626262626
3027.10610932476 75.402 67 0 2441.90379637403 51.604917047346 "LDA" 23 5000 3.7979797979798
3122.58008658009 76.499 76 0 2494.46975566817 52.6074285680315 "LDA" 23 5000 3.83333333333333
3176.94863387978 77.557 85 0 2519.31902650595 52.9332095727784 "LDA" 23 5000 3.86868686868687
3272.27513812155 78.225 95 0 2560.57856615708 53.2422681157942 "LDA" 23 5000 3.9040404040404
3356.08705357143 79.634 104 0 2604.4144495098 54.621786711747 "LDA" 23 5000 3.93939393939394
3428.68977272727 80.726 120 0 2651.85208902322 54.9758061629228 "LDA" 23 5000 3.97474747474747
3526.22324510932 81.505 131 0 2699.25333990001 55.2734396263533 "LDA" 23 5000 4.01010101010101
3656.31542056075 82.311 144 0 2739.62923833708 55.465617401357 "LDA" 23 5000 4.04545454545454
3764.29131985731 83.48 159 0 2768.68160640597 57.291394675849 "LDA" 23 5000 4.08080808080808
3786.87484811665 84.301 177 0 2761.31527427215 58.4409252214639 "LDA" 23 5000 4.11616161616162
3881.97994987469 85.269 202 0 2761.79149885737 59.3192499313032 "LDA" 23 5000 4.15151515151515
3892.55989583333 86.467 232 0 2735.47868937638 59.7220699292702 "LDA" 23 5000 4.18686868686869
3953.53877005348 87.427 252 0 2757.9294024424 60.4878454770084 "LDA" 23 5000 4.22222222222222
3998.71234735414 88.164 263 0 2790.03371225387 60.818237083641 "LDA" 23 5000 4.25757575757576
4037.05702364395 89.356 281 0 2809.69531072029 61.6570259812526 "LDA" 23 5000 4.29292929292929
4093.36842105263 90.115 297 0 2807.9015117495 61.680550137505 "LDA" 23 5000 4.32828282828283
4135.43045387994 91.059 317 0 2809.45639471279 61.9259908870851 "LDA" 23 5000 4.36363636363636
4174.01367781155 91.93 342 0 2789.33791887749 62.2141277982557 "LDA" 23 5000 4.3989898989899
4205.55399061033 92.84 361 0 2794.73678638124 63.0637093059981 "LDA" 23 5000 4.43434343434343
4228.1744 94.171 375 0 2789.76186144523 63.6163249158248 "LDA" 23 5000 4.46969696969697
4281.19344262295 95.79 390 0 2793.45544363182 65.7937133221155 "LDA" 23 5000 4.50505050505051
4340.07912457912 96.763 406 0 2816.86855104452 66.0322731101398 "LDA" 23 5000 4.54040404040404
4360.74605954466 98.171 429 0 2832.71797884678 67.4668179961863 "LDA" 23 5000 4.57575757575758
4380.40900900901 99.631 445 0 2825.87932136315 68.4014736727258 "LDA" 23 5000 4.61111111111111
4404.37962962963 100.459 460 0 2833.57296140387 68.6397241452115 "LDA" 23 5000 4.64646464646465
4402.92160611855 101.148 477 0 2844.70721001316 68.701717751611 "LDA" 23 5000 4.68181818181818
4421.1351888668 102.474 497 0 2831.46014125016 69.7818804191664 "LDA" 23 5000 4.71717171717172
4438.01030927835 103.693 515 0 2831.97800838498 71.0748928341886 "LDA" 23 5000 4.75252525252525
4406.63010752688 104.435 535 0 2830.33444562504 71.2106785232084 "LDA" 23 5000 4.78787878787879
4435.09756097561 105.452 549 0 2863.9701789677 71.260365812531 "LDA" 23 5000 4.82323232323232
4474.02093023256 106.034 570 0 2878.36692271018 71.2524649240836 "LDA" 23 5000 4.85858585858586
4491.97362110312 106.903 583 0 2863.86810298968 71.7932996098443 "LDA" 23 5000 4.89393939393939
4534.891959799 108.741 602 0 2876.39694606301 73.2216315464653 "LDA" 23 5000 4.92929292929293
4535.73506493506 110.175 615 0 2877.38618683143 74.2370225056913 "LDA" 23 5000 4.96464646464646
4551.12698412698 111.081 622 0 2880.49135024661 74.6780238507035 "LDA" 23 5000 5
34.89 14.824 0 0 27.7956561084371 10.4749581740811 "uLSIF" 23 5000 1.5
36.025 15.114 0 0 28.9086160700073 10.5319478695029 "uLSIF" 23 5000 1.53535353535354
37.277 15.731 0 0 30.3289979906874 11.2399722408899 "uLSIF" 23 5000 1.57070707070707
38.676 16.139 0 0 31.618677467041 11.6200992123865 "uLSIF" 23 5000 1.60606060606061
40.356 16.648 0 0 32.6278384181337 11.8844156497211 "uLSIF" 23 5000 1.64141414141414
41.687 17.179 0 0 34.2100768832863 12.1306269875514 "uLSIF" 23 5000 1.67676767676768
43.332 17.643 0 0 35.0587063208112 12.4794746799811 "uLSIF" 23 5000 1.71212121212121
44.938 18.388 0 0 36.0972737082618 13.5262121236662 "uLSIF" 23 5000 1.74747474747475
46.379 18.74 0 0 36.6900465864861 13.6527212231407 "uLSIF" 23 5000 1.78282828282828
47.992 19.346 0 0 38.072239642966 14.3506873084959 "uLSIF" 23 5000 1.81818181818182
50.106 19.815 0 0 40.2745428627415 14.5968435917784 "uLSIF" 23 5000 1.85353535353535
52.076 20.21 0 0 41.5835233405421 14.9039601458145 "uLSIF" 23 5000 1.88888888888889
53.13 20.709 0 0 41.9661322527613 15.2024153486356 "uLSIF" 23 5000 1.92424242424242
55.247 21.105 0 0 44.5331695951927 15.5488179853242 "uLSIF" 23 5000 1.95959595959596
57.072 21.513 0 0 45.6828604592547 15.7781107798044 "uLSIF" 23 5000 1.99494949494949
58.853 21.978 0 0 47.0864367257018 15.8718439833383 "uLSIF" 23 5000 2.03030303030303
60.793 22.32 0 0 49.974749890586 15.9329676915338 "uLSIF" 23 5000 2.06565656565657
61.984 22.864 0 0 50.9814952395166 16.0776862762027 "uLSIF" 23 5000 2.1010101010101
63.007 23.364 0 0 51.9448478505638 16.2145124630503 "uLSIF" 23 5000 2.13636363636364
65.396 23.691 0 0 55.2748993531286 16.419839528148 "uLSIF" 23 5000 2.17171717171717
67.367 24.157 0 0 56.1307132323113 16.697819263849 "uLSIF" 23 5000 2.20707070707071
70.043 24.533 0 0 58.774123120201 16.8425230171011 "uLSIF" 23 5000 2.24242424242424
72.857 25.092 0 0 63.1577663827217 17.0530449580813 "uLSIF" 23 5000 2.27777777777778
76.186 25.524 0 0 65.8382721681097 17.2537275716036 "uLSIF" 23 5000 2.31313131313131
79.528 25.927 0 0 67.6389550794824 17.3638467562396 "uLSIF" 23 5000 2.34848484848485
81.372 26.451 0 0 68.6313622178657 17.5294860701015 "uLSIF" 23 5000 2.38383838383838
82.63 26.96 0 0 69.2402868084565 17.8912407757678 "uLSIF" 23 5000 2.41919191919192
86.123 27.326 0 0 73.2263338353558 18.1276124830143 "uLSIF" 23 5000 2.45454545454545
87.966 27.776 0 0 74.2287191506545 18.3660321010047 "uLSIF" 23 5000 2.48989898989899
89.364 28.457 0 0 74.9769901573346 18.6335546893329 "uLSIF" 23 5000 2.52525252525253
91.705 28.915 0 0 77.249345864133 18.879624339886 "uLSIF" 23 5000 2.56060606060606
94.698 29.378 0 0 78.6035706397446 19.2049458719869 "uLSIF" 23 5000 2.5959595959596
97.224 29.946 0 0 80.7099865315682 19.8315499740785 "uLSIF" 23 5000 2.63131313131313
100.181 30.402 0 0 83.7073423192862 20.085662295026 "uLSIF" 23 5000 2.66666666666667
101.683 30.94 0 0 84.3067740050771 20.4674208271417 "uLSIF" 23 5000 2.7020202020202
104.002 31.606 0 0 87.0063336665676 21.066241965537 "uLSIF" 23 5000 2.73737373737374
106.142 32.041 0 0 88.2863880919495 21.2743958532062 "uLSIF" 23 5000 2.77272727272727
108.578 32.546 0 0 89.8010252733238 21.4913881302201 "uLSIF" 23 5000 2.80808080808081
111.503 33.079 0 0 91.7862010200754 21.7467625333216 "uLSIF" 23 5000 2.84343434343434
113.359 33.426 0 0 94.0232124716205 21.9167257332583 "uLSIF" 23 5000 2.87878787878788
116.646 33.879 0 0 97.1552872150241 22.2889918605162 "uLSIF" 23 5000 2.91414141414141
119.368 34.289 0 0 100.302947400648 22.393368258079 "uLSIF" 23 5000 2.94949494949495
122.108 34.966 0 0 103.387142514131 23.3976129614175 "uLSIF" 23 5000 2.98484848484848
125.237 35.618 0 0 105.368160657194 24.097235375718 "uLSIF" 23 5000 3.02020202020202
127.622 36.005 0 0 107.000056673481 24.1702539534895 "uLSIF" 23 5000 3.05555555555556
130.219 36.538 0 0 110.171669842278 24.3557335705118 "uLSIF" 23 5000 3.09090909090909
133.591 37.109 0 0 115.339797936306 25.2104876527148 "uLSIF" 23 5000 3.12626262626263
135.741 37.815 0 0 116.1703123025 25.8745099521762 "uLSIF" 23 5000 3.16161616161616
138.553 38.491 0 0 118.578083780069 26.4132083733986 "uLSIF" 23 5000 3.1969696969697
141.694 39.189 0 0 121.231643870218 26.8429473572263 "uLSIF" 23 5000 3.23232323232323
144.89 39.863 0 0 123.490914264596 27.2359326447072 "uLSIF" 23 5000 3.26767676767677
149.105 40.791 0 0 126.467260359917 28.3580587928458 "uLSIF" 23 5000 3.3030303030303
155.296 41.571 0 0 134.352599546883 29.1145430260483 "uLSIF" 23 5000 3.33838383838384
160.841 42.237 0 0 142.330663374892 29.3994755082495 "uLSIF" 23 5000 3.37373737373737
165.962 42.828 0 0 151.129675228708 29.6734043703605 "uLSIF" 23 5000 3.40909090909091
171.274 43.42 0 0 154.089358667153 29.9773287709269 "uLSIF" 23 5000 3.44444444444444
175.784 43.863 0 0 159.94403220326 30.3173444149116 "uLSIF" 23 5000 3.47979797979798
178.684 44.361 0 0 161.385375370209 30.4643850710589 "uLSIF" 23 5000 3.51515151515152
182.224 44.924 0 0 164.032107699549 30.6876841413287 "uLSIF" 23 5000 3.55050505050505
186.746 45.503 0 0 177.297190552411 30.8998509995079 "uLSIF" 23 5000 3.58585858585859
189.491 46.064 0 0 179.329939346853 31.6833353316493 "uLSIF" 23 5000 3.62121212121212
195.71 46.665 0 0 184.404139830934 31.9194239394232 "uLSIF" 23 5000 3.65656565656566
200.001 47.604 0 0 186.789044502471 32.4791637835718 "uLSIF" 23 5000 3.69191919191919
204.613 47.95 0 0 192.501808243915 32.6007102116857 "uLSIF" 23 5000 3.72727272727273
209.203 48.58 0 0 196.107628594588 33.0842888720639 "uLSIF" 23 5000 3.76262626262626
211.524 49.284 0 0 196.273795568402 33.6284435592285 "uLSIF" 23 5000 3.7979797979798
215.559 49.744 0 0 199.074109366387 33.9306314670351 "uLSIF" 23 5000 3.83333333333333
220.288 50.383 0 0 203.346405959921 34.3401449699409 "uLSIF" 23 5000 3.86868686868687
224.031 50.884 0 0 208.987812910095 34.6289432080696 "uLSIF" 23 5000 3.9040404040404
230.531 51.286 0 0 215.416669225899 34.7588316889446 "uLSIF" 23 5000 3.93939393939394
234.426 52.072 0 0 215.988656238293 35.1751347702622 "uLSIF" 23 5000 3.97474747474747
240.551 52.606 0 0 220.898328355989 35.347987838691 "uLSIF" 23 5000 4.01010101010101
248.203 53.74 0 0 226.876576075565 36.3660127988605 "uLSIF" 23 5000 4.04545454545454
254.26 54.615 0 0 232.686457249638 37.2078109567897 "uLSIF" 23 5000 4.08080808080808
261.516 55.761 0 0 241.3894334941 38.3420655806777 "uLSIF" 23 5000 4.11616161616162
264.764 56.195 0 0 245.711086933907 38.3834895139468 "uLSIF" 23 5000 4.15151515151515
273.825 56.668 0 0 255.442163853335 38.7274009919022 "uLSIF" 23 5000 4.18686868686869
278.468 57.188 0 0 258.755570802681 38.8589072243504 "uLSIF" 23 5000 4.22222222222222
283.106 57.62 0 0 260.525277438072 38.9100448675094 "uLSIF" 23 5000 4.25757575757576
291.077 58.46 0 0 265.75850438632 39.5005657515775 "uLSIF" 23 5000 4.29292929292929
295.521 58.868 0 0 269.935883016578 39.6131515759322 "uLSIF" 23 5000 4.32828282828283
302.317 59.47 0 0 280.632687362353 39.8783322291866 "uLSIF" 23 5000 4.36363636363636
309.488 60.126 0 0 287.899548464401 39.9751690195068 "uLSIF" 23 5000 4.3989898989899
314.453 60.588 0 0 292.275950125942 39.9265624163462 "uLSIF" 23 5000 4.43434343434343
317.544 61.238 0 0 292.714379168109 40.1653658344177 "uLSIF" 23 5000 4.46969696969697
324 62.254 0 0 301.101700815911 41.2277480734906 "uLSIF" 23 5000 4.50505050505051
328.95 62.935 0 0 304.065676187621 41.5842280561155 "uLSIF" 23 5000 4.54040404040404
334.117 63.732 0 0 308.094491230412 42.0117502987338 "uLSIF" 23 5000 4.57575757575758
338.925 64.73 0 0 311.064395959154 42.8429996921623 "uLSIF" 23 5000 4.61111111111111
345.919 65.403 0 0 319.32942194342 43.1797531498512 "uLSIF" 23 5000 4.64646464646465
352.611 66.207 0 0 323.279556035253 43.8410559771225 "uLSIF" 23 5000 4.68181818181818
356.833 67.111 0 0 328.01739972984 44.3676590341227 "uLSIF" 23 5000 4.71717171717172
360.038 67.45 0 0 328.85427728964 44.4413831528288 "uLSIF" 23 5000 4.75252525252525
368.607 68.164 0 0 336.465661981565 44.6684942479414 "uLSIF" 23 5000 4.78787878787879
372.004 68.906 0 0 338.461711740507 45.0530680746932 "uLSIF" 23 5000 4.82323232323232
377.218 69.302 0 0 343.954114539874 45.049908882153 "uLSIF" 23 5000 4.85858585858586
388.236 69.998 0 0 355.93843916677 45.5263950763582 "uLSIF" 23 5000 4.89393939393939
392.878 70.641 0 0 357.610386180693 45.6564631967001 "uLSIF" 23 5000 4.92929292929293
398.904 71.476 0 0 360.431482583913 46.1060863140128 "uLSIF" 23 5000 4.96464646464646
404.911 71.911 0 0 363.997210220144 46.1271372598798 "uLSIF" 23 5000 5
