134.38 14.685 0 0 "KDE LDA" 19 1500 2.5
137 14.71 0 0 "KDE LDA" 19 1500 2.51010101010101
137.425 14.75 0 0 "KDE LDA" 19 1500 2.52020202020202
138.465 14.845 0 0 "KDE LDA" 19 1500 2.53030303030303
144.565 14.95 0 0 "KDE LDA" 19 1500 2.54040404040404
145 14.985 0 0 "KDE LDA" 19 1500 2.55050505050505
145.34 15 0 0 "KDE LDA" 19 1500 2.56060606060606
145.34 15.07 0 0 "KDE LDA" 19 1500 2.57070707070707
145.46 15.21 0 0 "KDE LDA" 19 1500 2.58080808080808
145.745 15.225 0 0 "KDE LDA" 19 1500 2.59090909090909
146.51 15.23 0 0 "KDE LDA" 19 1500 2.6010101010101
148.015 15.295 0 0 "KDE LDA" 19 1500 2.61111111111111
148.79 15.38 0 0 "KDE LDA" 19 1500 2.62121212121212
149.495 15.4 0 0 "KDE LDA" 19 1500 2.63131313131313
153.18 15.43 0 0 "KDE LDA" 19 1500 2.64141414141414
155.18 15.445 0 0 "KDE LDA" 19 1500 2.65151515151515
162.565 15.55 0 0 "KDE LDA" 19 1500 2.66161616161616
170.85 15.895 0 0 "KDE LDA" 19 1500 2.67171717171717
170.865 15.915 0 0 "KDE LDA" 19 1500 2.68181818181818
171.685 15.925 0 0 "KDE LDA" 19 1500 2.69191919191919
173.06 15.99 0 0 "KDE LDA" 19 1500 2.7020202020202
174.865 16.04 0 0 "KDE LDA" 19 1500 2.71212121212121
175.41 16.05 0 0 "KDE LDA" 19 1500 2.72222222222222
179.04 16.105 0 0 "KDE LDA" 19 1500 2.73232323232323
179.81 16.15 0 0 "KDE LDA" 19 1500 2.74242424242424
187.89 16.19 0 0 "KDE LDA" 19 1500 2.75252525252525
191.54 16.3 0 0 "KDE LDA" 19 1500 2.76262626262626
192.065 16.455 0 0 "KDE LDA" 19 1500 2.77272727272727
198.695 16.56 0 0 "KDE LDA" 19 1500 2.78282828282828
203.27 16.6 0 0 "KDE LDA" 19 1500 2.79292929292929
238.1 17.155 0 0 "KDE LDA" 19 1500 2.8030303030303
239.775 17.24 0 0 "KDE LDA" 19 1500 2.81313131313131
240.255 17.265 0 0 "KDE LDA" 19 1500 2.82323232323232
244.835 17.285 0 0 "KDE LDA" 19 1500 2.83333333333333
245.655 17.295 0 0 "KDE LDA" 19 1500 2.84343434343434
245.66 17.315 0 0 "KDE LDA" 19 1500 2.85353535353535
249.61 17.335 0 0 "KDE LDA" 19 1500 2.86363636363636
249.615 17.35 0 0 "KDE LDA" 19 1500 2.87373737373737
251.62 17.395 0 0 "KDE LDA" 19 1500 2.88383838383838
251.955 17.4 0 0 "KDE LDA" 19 1500 2.89393939393939
253.975 17.46 0 0 "KDE LDA" 19 1500 2.9040404040404
254.755 17.48 0 0 "KDE LDA" 19 1500 2.91414141414141
255.4 17.51 0 0 "KDE LDA" 19 1500 2.92424242424242
257.425 17.53 0 0 "KDE LDA" 19 1500 2.93434343434343
259.37 17.66 0 0 "KDE LDA" 19 1500 2.94444444444444
259.62 17.735 0 0 "KDE LDA" 19 1500 2.95454545454545
259.625 18.14 0 0 "KDE LDA" 19 1500 2.96464646464646
261.955 18.23 0 0 "KDE LDA" 19 1500 2.97474747474747
261.955 18.37 0 0 "KDE LDA" 19 1500 2.98484848484848
261.97 18.405 0 0 "KDE LDA" 19 1500 2.99494949494949
261.975 18.41 0 0 "KDE LDA" 19 1500 3.00505050505051
267.135 18.415 0 0 "KDE LDA" 19 1500 3.01515151515152
268.76 18.44 0 0 "KDE LDA" 19 1500 3.02525252525253
268.77 18.565 0 0 "KDE LDA" 19 1500 3.03535353535354
276.955 18.575 0 0 "KDE LDA" 19 1500 3.04545454545455
279.56 18.605 0 0 "KDE LDA" 19 1500 3.05555555555556
287.48 18.645 0 0 "KDE LDA" 19 1500 3.06565656565657
290 18.655 0 0 "KDE LDA" 19 1500 3.07575757575758
290.255 18.77 0 0 "KDE LDA" 19 1500 3.08585858585859
296.825 18.895 0 0 "KDE LDA" 19 1500 3.0959595959596
296.875 18.93 0 0 "KDE LDA" 19 1500 3.10606060606061
299.295 18.965 0 0 "KDE LDA" 19 1500 3.11616161616162
301.43 18.97 0 0 "KDE LDA" 19 1500 3.12626262626263
301.79 18.985 0 0 "KDE LDA" 19 1500 3.13636363636364
305.915 18.99 0 0 "KDE LDA" 19 1500 3.14646464646465
306.525 19.095 0 0 "KDE LDA" 19 1500 3.15656565656566
306.53 19.145 0 0 "KDE LDA" 19 1500 3.16666666666667
315.405 19.535 0 0 "KDE LDA" 19 1500 3.17676767676768
316.35 19.585 0 0 "KDE LDA" 19 1500 3.18686868686869
324.705 19.725 0 0 "KDE LDA" 19 1500 3.1969696969697
338.345 19.79 0 0 "KDE LDA" 19 1500 3.20707070707071
351.205 19.87 0 0 "KDE LDA" 19 1500 3.21717171717172
373.345 20.03 0 0 "KDE LDA" 19 1500 3.22727272727273
378.475 20.195 0 0 "KDE LDA" 19 1500 3.23737373737374
379.095 20.21 0 0 "KDE LDA" 19 1500 3.24747474747475
383.425 20.24 0 0 "KDE LDA" 19 1500 3.25757575757576
385.52 20.27 0 0 "KDE LDA" 19 1500 3.26767676767677
385.525 20.275 0 0 "KDE LDA" 19 1500 3.27777777777778
390.86 20.295 0 0 "KDE LDA" 19 1500 3.28787878787879
400.175 20.35 0 0 "KDE LDA" 19 1500 3.2979797979798
408.895 20.44 0 0 "KDE LDA" 19 1500 3.30808080808081
415.97 20.525 0 0 "KDE LDA" 19 1500 3.31818181818182
420.84 20.825 0 0 "KDE LDA" 19 1500 3.32828282828283
430.505 20.965 0 0 "KDE LDA" 19 1500 3.33838383838384
440.405 21.29 0 0 "KDE LDA" 19 1500 3.34848484848485
473.16 21.62 0 0 "KDE LDA" 19 1500 3.35858585858586
477.86 21.635 0 0 "KDE LDA" 19 1500 3.36868686868687
485.18 21.655 0 0 "KDE LDA" 19 1500 3.37878787878788
487.545 21.665 0 0 "KDE LDA" 19 1500 3.38888888888889
487.58 21.7 0 0 "KDE LDA" 19 1500 3.3989898989899
487.585 21.735 0 0 "KDE LDA" 19 1500 3.40909090909091
490.26 21.795 0 0 "KDE LDA" 19 1500 3.41919191919192
499.17 21.845 0 0 "KDE LDA" 19 1500 3.42929292929293
504.29 21.9 0 0 "KDE LDA" 19 1500 3.43939393939394
503.70351758794 21.935 1 0 "KDE LDA" 19 1500 3.44949494949495
509.48743718593 22.01 1 0 "KDE LDA" 19 1500 3.45959595959596
510.824120603015 22.045 1 0 "KDE LDA" 19 1500 3.46969696969697
516.105527638191 22.07 1 0 "KDE LDA" 19 1500 3.47979797979798
523.226130653266 22.085 1 0 "KDE LDA" 19 1500 3.48989898989899
525.668341708543 22.225 1 0 "KDE LDA" 19 1500 3.5
100.265 12.96 0 0 "KDE QDA" 19 1500 2.8
100.265 12.985 0 0 "KDE QDA" 19 1500 2.81010101010101
100.45 12.985 0 0 "KDE QDA" 19 1500 2.82020202020202
101.175 13.03 0 0 "KDE QDA" 19 1500 2.83030303030303
101.33 13.265 0 0 "KDE QDA" 19 1500 2.84040404040404
101.335 13.285 0 0 "KDE QDA" 19 1500 2.85050505050505
101.97 13.295 0 0 "KDE QDA" 19 1500 2.86060606060606
101.975 13.305 0 0 "KDE QDA" 19 1500 2.87070707070707
102 13.32 0 0 "KDE QDA" 19 1500 2.88080808080808
102.015 13.32 0 0 "KDE QDA" 19 1500 2.89090909090909
102.025 13.325 0 0 "KDE QDA" 19 1500 2.9010101010101
102.165 13.33 0 0 "KDE QDA" 19 1500 2.91111111111111
102.165 13.335 0 0 "KDE QDA" 19 1500 2.92121212121212
102.19 13.34 0 0 "KDE QDA" 19 1500 2.93131313131313
102.23 13.355 0 0 "KDE QDA" 19 1500 2.94141414141414
103.88 13.36 0 0 "KDE QDA" 19 1500 2.95151515151515
105.33 13.555 0 0 "KDE QDA" 19 1500 2.96161616161616
105.34 13.58 0 0 "KDE QDA" 19 1500 2.97171717171717
105.77 13.63 0 0 "KDE QDA" 19 1500 2.98181818181818
107.365 13.795 0 0 "KDE QDA" 19 1500 2.99191919191919
108.99 13.795 0 0 "KDE QDA" 19 1500 3.0020202020202
110.91 13.81 0 0 "KDE QDA" 19 1500 3.01212121212121
111.61 13.885 0 0 "KDE QDA" 19 1500 3.02222222222222
111.61 13.89 0 0 "KDE QDA" 19 1500 3.03232323232323
111.63 13.89 0 0 "KDE QDA" 19 1500 3.04242424242424
112.29 13.89 0 0 "KDE QDA" 19 1500 3.05252525252525
112.305 13.89 0 0 "KDE QDA" 19 1500 3.06262626262626
112.54 13.89 0 0 "KDE QDA" 19 1500 3.07272727272727
113.955 13.89 0 0 "KDE QDA" 19 1500 3.08282828282828
123.415 14.285 0 0 "KDE QDA" 19 1500 3.09292929292929
123.95 14.335 0 0 "KDE QDA" 19 1500 3.1030303030303
123.96 14.34 0 0 "KDE QDA" 19 1500 3.11313131313131
124.355 14.355 0 0 "KDE QDA" 19 1500 3.12323232323232
126.235 14.355 0 0 "KDE QDA" 19 1500 3.13333333333333
126.245 14.355 0 0 "KDE QDA" 19 1500 3.14343434343434
126.25 14.355 0 0 "KDE QDA" 19 1500 3.15353535353535
126.27 14.365 0 0 "KDE QDA" 19 1500 3.16363636363636
126.295 14.37 0 0 "KDE QDA" 19 1500 3.17373737373737
126.295 14.375 0 0 "KDE QDA" 19 1500 3.18383838383838
126.335 14.375 0 0 "KDE QDA" 19 1500 3.19393939393939
126.835 14.375 0 0 "KDE QDA" 19 1500 3.2040404040404
127.33 14.385 0 0 "KDE QDA" 19 1500 3.21414141414141
139.56 14.645 0 0 "KDE QDA" 19 1500 3.22424242424242
143.505 14.77 0 0 "KDE QDA" 19 1500 3.23434343434343
144.68 14.92 0 0 "KDE QDA" 19 1500 3.24444444444444
144.745 14.93 0 0 "KDE QDA" 19 1500 3.25454545454545
144.815 14.935 0 0 "KDE QDA" 19 1500 3.26464646464646
144.815 14.935 0 0 "KDE QDA" 19 1500 3.27474747474747
145.255 14.95 0 0 "KDE QDA" 19 1500 3.28484848484848
145.27 14.965 0 0 "KDE QDA" 19 1500 3.29494949494949
145.98 14.975 0 0 "KDE QDA" 19 1500 3.30505050505051
150.63 15.03 0 0 "KDE QDA" 19 1500 3.31515151515151
152.75 15.05 0 0 "KDE QDA" 19 1500 3.32525252525252
152.78 15.06 0 0 "KDE QDA" 19 1500 3.33535353535354
152.95 15.075 0 0 "KDE QDA" 19 1500 3.34545454545455
154.47 15.075 0 0 "KDE QDA" 19 1500 3.35555555555556
168.125 15.98 0 0 "KDE QDA" 19 1500 3.36565656565657
168.15 15.98 0 0 "KDE QDA" 19 1500 3.37575757575758
169.825 16.01 0 0 "KDE QDA" 19 1500 3.38585858585859
169.83 16.015 0 0 "KDE QDA" 19 1500 3.3959595959596
170.625 16.025 0 0 "KDE QDA" 19 1500 3.40606060606061
171.48 16.105 0 0 "KDE QDA" 19 1500 3.41616161616162
171.515 16.11 0 0 "KDE QDA" 19 1500 3.42626262626263
171.545 16.14 0 0 "KDE QDA" 19 1500 3.43636363636364
171.545 16.14 0 0 "KDE QDA" 19 1500 3.44646464646465
171.555 16.16 0 0 "KDE QDA" 19 1500 3.45656565656566
171.745 16.165 0 0 "KDE QDA" 19 1500 3.46666666666667
172.4 16.165 0 0 "KDE QDA" 19 1500 3.47676767676768
174.06 16.175 0 0 "KDE QDA" 19 1500 3.48686868686869
174.075 16.175 0 0 "KDE QDA" 19 1500 3.4969696969697
176.37 16.175 0 0 "KDE QDA" 19 1500 3.50707070707071
180.77 16.335 0 0 "KDE QDA" 19 1500 3.51717171717172
186.335 16.38 0 0 "KDE QDA" 19 1500 3.52727272727273
193.445 16.405 0 0 "KDE QDA" 19 1500 3.53737373737374
195.64 16.47 0 0 "KDE QDA" 19 1500 3.54747474747475
195.645 16.47 0 0 "KDE QDA" 19 1500 3.55757575757576
195.655 16.51 0 0 "KDE QDA" 19 1500 3.56767676767677
195.66 16.525 0 0 "KDE QDA" 19 1500 3.57777777777778
195.665 16.535 0 0 "KDE QDA" 19 1500 3.58787878787879
195.67 16.535 0 0 "KDE QDA" 19 1500 3.5979797979798
195.67 16.57 0 0 "KDE QDA" 19 1500 3.60808080808081
196.275 16.57 0 0 "KDE QDA" 19 1500 3.61818181818182
198.305 16.57 0 0 "KDE QDA" 19 1500 3.62828282828283
202.215 16.57 0 0 "KDE QDA" 19 1500 3.63838383838384
211.035 16.57 0 0 "KDE QDA" 19 1500 3.64848484848485
219.095 16.975 0 0 "KDE QDA" 19 1500 3.65858585858586
219.115 16.99 0 0 "KDE QDA" 19 1500 3.66868686868687
222.36 17.04 0 0 "KDE QDA" 19 1500 3.67878787878788
222.375 17.04 0 0 "KDE QDA" 19 1500 3.68888888888889
226.91 17.04 0 0 "KDE QDA" 19 1500 3.6989898989899
226.96 17.045 0 0 "KDE QDA" 19 1500 3.70909090909091
231.765 17.085 0 0 "KDE QDA" 19 1500 3.71919191919192
234.775 17.14 0 0 "KDE QDA" 19 1500 3.72929292929293
234.775 17.185 0 0 "KDE QDA" 19 1500 3.73939393939394
238.675 17.19 0 0 "KDE QDA" 19 1500 3.74949494949495
239.065 17.19 0 0 "KDE QDA" 19 1500 3.75959595959596
239.155 17.225 0 0 "KDE QDA" 19 1500 3.76969696969697
244.735 17.235 0 0 "KDE QDA" 19 1500 3.77979797979798
263.42 17.6 0 0 "KDE QDA" 19 1500 3.78989898989899
265.435 17.6 0 0 "KDE QDA" 19 1500 3.8
