145.25 15.195 0 0 "KDE LDA" 182 2000 2.5
146.2 15.285 0 0 "KDE LDA" 182 2000 2.51010101010101
147.82 15.3 0 0 "KDE LDA" 182 2000 2.52020202020202
149.72 15.445 0 0 "KDE LDA" 182 2000 2.53030303030303
152.28 15.495 0 0 "KDE LDA" 182 2000 2.54040404040404
152.29 15.605 0 0 "KDE LDA" 182 2000 2.55050505050505
152.375 15.61 0 0 "KDE LDA" 182 2000 2.56060606060606
153.325 15.655 0 0 "KDE LDA" 182 2000 2.57070707070707
155.36 15.695 0 0 "KDE LDA" 182 2000 2.58080808080808
155.46 15.725 0 0 "KDE LDA" 182 2000 2.59090909090909
155.46 15.775 0 0 "KDE LDA" 182 2000 2.6010101010101
155.535 15.795 0 0 "KDE LDA" 182 2000 2.61111111111111
156.73 15.8 0 0 "KDE LDA" 182 2000 2.62121212121212
161.03 15.945 0 0 "KDE LDA" 182 2000 2.63131313131313
164.25 15.98 0 0 "KDE LDA" 182 2000 2.64141414141414
167.72 16.145 0 0 "KDE LDA" 182 2000 2.65151515151515
178.455 16.23 0 0 "KDE LDA" 182 2000 2.66161616161616
188.1 16.365 0 0 "KDE LDA" 182 2000 2.67171717171717
189.76 16.4 0 0 "KDE LDA" 182 2000 2.68181818181818
189.925 16.42 0 0 "KDE LDA" 182 2000 2.69191919191919
189.945 16.43 0 0 "KDE LDA" 182 2000 2.7020202020202
189.96 16.515 0 0 "KDE LDA" 182 2000 2.71212121212121
191.515 16.545 0 0 "KDE LDA" 182 2000 2.72222222222222
192.69 16.725 0 0 "KDE LDA" 182 2000 2.73232323232323
193.995 16.735 0 0 "KDE LDA" 182 2000 2.74242424242424
195.28 16.735 0 0 "KDE LDA" 182 2000 2.75252525252525
204.79 16.765 0 0 "KDE LDA" 182 2000 2.76262626262626
212.46 16.94 0 0 "KDE LDA" 182 2000 2.77272727272727
216.545 16.955 0 0 "KDE LDA" 182 2000 2.78282828282828
225.19 17.1 0 0 "KDE LDA" 182 2000 2.79292929292929
266.75 17.73 0 0 "KDE LDA" 182 2000 2.8030303030303
268.96 17.74 0 0 "KDE LDA" 182 2000 2.81313131313131
273.73 17.795 0 0 "KDE LDA" 182 2000 2.82323232323232
273.735 17.85 0 0 "KDE LDA" 182 2000 2.83333333333333
273.74 17.855 0 0 "KDE LDA" 182 2000 2.84343434343434
275.81 17.955 0 0 "KDE LDA" 182 2000 2.85353535353535
275.82 18.005 0 0 "KDE LDA" 182 2000 2.86363636363636
275.83 18.05 0 0 "KDE LDA" 182 2000 2.87373737373737
275.83 18.05 0 0 "KDE LDA" 182 2000 2.88383838383838
276.075 18.06 0 0 "KDE LDA" 182 2000 2.89393939393939
277.3 18.105 0 0 "KDE LDA" 182 2000 2.9040404040404
279.195 18.115 0 0 "KDE LDA" 182 2000 2.91414141414141
279.245 18.205 0 0 "KDE LDA" 182 2000 2.92424242424242
281.915 18.245 0 0 "KDE LDA" 182 2000 2.93434343434343
287.305 18.295 0 0 "KDE LDA" 182 2000 2.94444444444444
292.69 18.515 0 0 "KDE LDA" 182 2000 2.95454545454545
300.485 18.53 0 0 "KDE LDA" 182 2000 2.96464646464646
300.485 18.58 0 0 "KDE LDA" 182 2000 2.97474747474747
300.505 18.58 0 0 "KDE LDA" 182 2000 2.98484848484848
305.945 18.695 0 0 "KDE LDA" 182 2000 2.99494949494949
305.95 18.71 0 0 "KDE LDA" 182 2000 3.00505050505051
308.495 18.74 0 0 "KDE LDA" 182 2000 3.01515151515152
308.495 18.805 0 0 "KDE LDA" 182 2000 3.02525252525253
316.18 18.835 0 0 "KDE LDA" 182 2000 3.03535353535354
320.095 18.89 0 0 "KDE LDA" 182 2000 3.04545454545455
331.59 18.895 0 0 "KDE LDA" 182 2000 3.05555555555556
337.145 18.9 0 0 "KDE LDA" 182 2000 3.06565656565657
339.685 18.95 0 0 "KDE LDA" 182 2000 3.07575757575758
351.1 18.985 0 0 "KDE LDA" 182 2000 3.08585858585859
362.625 19.125 0 0 "KDE LDA" 182 2000 3.0959595959596
362.635 19.125 0 0 "KDE LDA" 182 2000 3.10606060606061
363.16 19.145 0 0 "KDE LDA" 182 2000 3.11616161616162
363.885 19.16 0 0 "KDE LDA" 182 2000 3.12626262626263
365.445 19.23 0 0 "KDE LDA" 182 2000 3.13636363636364
365.45 19.26 0 0 "KDE LDA" 182 2000 3.14646464646465
366 19.275 0 0 "KDE LDA" 182 2000 3.15656565656566
366.025 19.34 0 0 "KDE LDA" 182 2000 3.16666666666667
366.065 19.4 0 0 "KDE LDA" 182 2000 3.17676767676768
369.745 19.415 0 0 "KDE LDA" 182 2000 3.18686868686869
369.75 19.44 0 0 "KDE LDA" 182 2000 3.1969696969697
371.085 19.45 0 0 "KDE LDA" 182 2000 3.20707070707071
377.14 19.645 0 0 "KDE LDA" 182 2000 3.21717171717172
417.735 19.77 0 0 "KDE LDA" 182 2000 3.22727272727273
419.42 19.795 0 0 "KDE LDA" 182 2000 3.23737373737374
425.18 19.965 0 0 "KDE LDA" 182 2000 3.24747474747475
434.97 20.185 0 0 "KDE LDA" 182 2000 3.25757575757576
435.005 20.24 0 0 "KDE LDA" 182 2000 3.26767676767677
440.66 20.255 0 0 "KDE LDA" 182 2000 3.27777777777778
440.68 20.325 0 0 "KDE LDA" 182 2000 3.28787878787879
453.96 20.325 0 0 "KDE LDA" 182 2000 3.2979797979798
455.67 20.335 0 0 "KDE LDA" 182 2000 3.30808080808081
460.725 20.395 0 0 "KDE LDA" 182 2000 3.31818181818182
476.165 20.42 0 0 "KDE LDA" 182 2000 3.32828282828283
477.015 20.52 0 0 "KDE LDA" 182 2000 3.33838383838384
494.065 20.59 0 0 "KDE LDA" 182 2000 3.34848484848485
543.32 21.325 0 0 "KDE LDA" 182 2000 3.35858585858586
551.16 21.725 0 0 "KDE LDA" 182 2000 3.36868686868687
557.155 21.8 0 0 "KDE LDA" 182 2000 3.37878787878788
563.995 22.03 0 0 "KDE LDA" 182 2000 3.38888888888889
571.54 22.05 0 0 "KDE LDA" 182 2000 3.3989898989899
573.19 22.08 0 0 "KDE LDA" 182 2000 3.40909090909091
576.36 22.155 0 0 "KDE LDA" 182 2000 3.41919191919192
591.48 22.18 0 0 "KDE LDA" 182 2000 3.42929292929293
594.055 22.195 0 0 "KDE LDA" 182 2000 3.43939393939394
594.06 22.21 0 0 "KDE LDA" 182 2000 3.44949494949495
598.975 22.325 0 0 "KDE LDA" 182 2000 3.45959595959596
608.8 22.62 0 0 "KDE LDA" 182 2000 3.46969696969697
615.635 22.735 0 0 "KDE LDA" 182 2000 3.47979797979798
620.15 22.89 0 0 "KDE LDA" 182 2000 3.48989898989899
624.26 22.91 0 0 "KDE LDA" 182 2000 3.5
100.455 11.14 0 0 "KDE QDA" 182 2000 2.7
100.46 11.145 0 0 "KDE QDA" 182 2000 2.71010101010101
101.075 11.15 0 0 "KDE QDA" 182 2000 2.72020202020202
101.075 11.15 0 0 "KDE QDA" 182 2000 2.73030303030303
101.175 11.15 0 0 "KDE QDA" 182 2000 2.74040404040404
101.18 11.155 0 0 "KDE QDA" 182 2000 2.75050505050505
101.195 11.17 0 0 "KDE QDA" 182 2000 2.76060606060606
101.195 11.17 0 0 "KDE QDA" 182 2000 2.77070707070707
103.11 11.205 0 0 "KDE QDA" 182 2000 2.78080808080808
103.385 11.22 0 0 "KDE QDA" 182 2000 2.79090909090909
119.015 12.48 0 0 "KDE QDA" 182 2000 2.8010101010101
122.11 12.48 0 0 "KDE QDA" 182 2000 2.81111111111111
123.35 12.515 0 0 "KDE QDA" 182 2000 2.82121212121212
125.96 12.67 0 0 "KDE QDA" 182 2000 2.83131313131313
125.96 12.68 0 0 "KDE QDA" 182 2000 2.84141414141414
126.62 12.69 0 0 "KDE QDA" 182 2000 2.85151515151515
126.63 12.69 0 0 "KDE QDA" 182 2000 2.86161616161616
126.635 12.69 0 0 "KDE QDA" 182 2000 2.87171717171717
127.36 12.69 0 0 "KDE QDA" 182 2000 2.88181818181818
127.375 12.69 0 0 "KDE QDA" 182 2000 2.89191919191919
127.375 12.695 0 0 "KDE QDA" 182 2000 2.9020202020202
127.38 12.695 0 0 "KDE QDA" 182 2000 2.91212121212121
127.385 12.695 0 0 "KDE QDA" 182 2000 2.92222222222222
127.385 12.695 0 0 "KDE QDA" 182 2000 2.93232323232323
127.52 12.705 0 0 "KDE QDA" 182 2000 2.94242424242424
127.525 12.715 0 0 "KDE QDA" 182 2000 2.95252525252525
130.76 12.89 0 0 "KDE QDA" 182 2000 2.96262626262626
130.77 12.9 0 0 "KDE QDA" 182 2000 2.97272727272727
131.945 12.9 0 0 "KDE QDA" 182 2000 2.98282828282828
131.985 12.915 0 0 "KDE QDA" 182 2000 2.99292929292929
132.045 12.925 0 0 "KDE QDA" 182 2000 3.0030303030303
132.31 12.925 0 0 "KDE QDA" 182 2000 3.01313131313131
132.325 12.925 0 0 "KDE QDA" 182 2000 3.02323232323232
132.46 12.925 0 0 "KDE QDA" 182 2000 3.03333333333333
133.27 12.93 0 0 "KDE QDA" 182 2000 3.04343434343434
133.275 12.935 0 0 "KDE QDA" 182 2000 3.05353535353535
133.895 12.935 0 0 "KDE QDA" 182 2000 3.06363636363636
133.895 12.935 0 0 "KDE QDA" 182 2000 3.07373737373737
134.615 12.96 0 0 "KDE QDA" 182 2000 3.08383838383838
146.84 13.265 0 0 "KDE QDA" 182 2000 3.09393939393939
146.875 13.33 0 0 "KDE QDA" 182 2000 3.1040404040404
146.88 13.335 0 0 "KDE QDA" 182 2000 3.11414141414141
147.24 13.36 0 0 "KDE QDA" 182 2000 3.12424242424242
148.715 13.36 0 0 "KDE QDA" 182 2000 3.13434343434343
148.72 13.36 0 0 "KDE QDA" 182 2000 3.14444444444444
148.755 13.36 0 0 "KDE QDA" 182 2000 3.15454545454545
149.73 13.36 0 0 "KDE QDA" 182 2000 3.16464646464646
149.78 13.36 0 0 "KDE QDA" 182 2000 3.17474747474748
151.265 13.365 0 0 "KDE QDA" 182 2000 3.18484848484849
151.405 13.37 0 0 "KDE QDA" 182 2000 3.19494949494949
151.405 13.37 0 0 "KDE QDA" 182 2000 3.20505050505051
152.67 13.37 0 0 "KDE QDA" 182 2000 3.21515151515152
163.87 13.99 0 0 "KDE QDA" 182 2000 3.22525252525253
164.01 14.02 0 0 "KDE QDA" 182 2000 3.23535353535354
164.02 14.05 0 0 "KDE QDA" 182 2000 3.24545454545455
166.665 14.145 0 0 "KDE QDA" 182 2000 3.25555555555556
166.665 14.145 0 0 "KDE QDA" 182 2000 3.26565656565657
167.59 14.18 0 0 "KDE QDA" 182 2000 3.27575757575758
167.81 14.195 0 0 "KDE QDA" 182 2000 3.28585858585859
168.215 14.195 0 0 "KDE QDA" 182 2000 3.2959595959596
168.225 14.195 0 0 "KDE QDA" 182 2000 3.30606060606061
168.245 14.22 0 0 "KDE QDA" 182 2000 3.31616161616162
169.04 14.22 0 0 "KDE QDA" 182 2000 3.32626262626263
169.04 14.22 0 0 "KDE QDA" 182 2000 3.33636363636364
169.045 14.22 0 0 "KDE QDA" 182 2000 3.34646464646465
169.31 14.22 0 0 "KDE QDA" 182 2000 3.35656565656566
187.115 15.135 0 0 "KDE QDA" 182 2000 3.36666666666667
188.6 15.14 0 0 "KDE QDA" 182 2000 3.37676767676768
191.31 15.295 0 0 "KDE QDA" 182 2000 3.38686868686869
191.68 15.335 0 0 "KDE QDA" 182 2000 3.3969696969697
191.855 15.345 0 0 "KDE QDA" 182 2000 3.40707070707071
192.34 15.355 0 0 "KDE QDA" 182 2000 3.41717171717172
192.345 15.36 0 0 "KDE QDA" 182 2000 3.42727272727273
195.35 15.36 0 0 "KDE QDA" 182 2000 3.43737373737374
195.35 15.36 0 0 "KDE QDA" 182 2000 3.44747474747475
195.35 15.36 0 0 "KDE QDA" 182 2000 3.45757575757576
195.365 15.365 0 0 "KDE QDA" 182 2000 3.46767676767677
195.43 15.365 0 0 "KDE QDA" 182 2000 3.47777777777778
195.435 15.365 0 0 "KDE QDA" 182 2000 3.48787878787879
195.95 15.4 0 0 "KDE QDA" 182 2000 3.4979797979798
196.33 15.41 0 0 "KDE QDA" 182 2000 3.50808080808081
207.975 15.67 0 0 "KDE QDA" 182 2000 3.51818181818182
209.38 15.77 0 0 "KDE QDA" 182 2000 3.52828282828283
209.4 15.775 0 0 "KDE QDA" 182 2000 3.53838383838384
210.19 15.795 0 0 "KDE QDA" 182 2000 3.54848484848485
211.755 15.905 0 0 "KDE QDA" 182 2000 3.55858585858586
211.755 15.905 0 0 "KDE QDA" 182 2000 3.56868686868687
211.78 15.905 0 0 "KDE QDA" 182 2000 3.57878787878788
215.665 15.905 0 0 "KDE QDA" 182 2000 3.58888888888889
219.83 15.92 0 0 "KDE QDA" 182 2000 3.5989898989899
219.835 15.995 0 0 "KDE QDA" 182 2000 3.60909090909091
219.87 16 0 0 "KDE QDA" 182 2000 3.61919191919192
219.87 16 0 0 "KDE QDA" 182 2000 3.62929292929293
219.895 16 0 0 "KDE QDA" 182 2000 3.63939393939394
221.31 16.025 0 0 "KDE QDA" 182 2000 3.64949494949495
228.88 16.395 0 0 "KDE QDA" 182 2000 3.65959595959596
228.9 16.405 0 0 "KDE QDA" 182 2000 3.66969696969697
230.07 16.43 0 0 "KDE QDA" 182 2000 3.67979797979798
231.45 16.44 0 0 "KDE QDA" 182 2000 3.68989898989899
232.48 16.465 0 0 "KDE QDA" 182 2000 3.7
