32.999 8.897 0 0 31.2294456767532 6.03214537107469 "LDA" 48 200 1.5
34.615 9.204 0 0 32.5553471126576 6.15762131835827 "LDA" 48 200 1.53535353535354
35.86 9.476 0 0 33.2092947419432 6.29834050310819 "LDA" 48 200 1.57070707070707
37.89 9.761 0 0 34.5432357363223 6.40725619371755 "LDA" 48 200 1.60606060606061
39.943 10.088 0 0 35.9922657552174 6.72454277073731 "LDA" 48 200 1.64141414141414
42.123 10.429 0 0 37.8227237177524 6.8907504265821 "LDA" 48 200 1.67676767676768
44.07 10.629 0 0 40.4682440782742 6.98198446769306 "LDA" 48 200 1.71212121212121
45.226 10.879 0 0 41.343684212032 7.14712812536899 "LDA" 48 200 1.74747474747475
46.951 11.184 0 0 42.4916243174715 7.39667863671627 "LDA" 48 200 1.78282828282828
49.068 11.458 0 0 44.6612360106838 7.66204561086287 "LDA" 48 200 1.81818181818182
51.195 11.651 0 0 45.3667401971545 7.7014616477336 "LDA" 48 200 1.85353535353535
53.607 11.982 0 0 47.8550379339068 7.87805431180439 "LDA" 48 200 1.88888888888889
57.044 12.263 0 0 52.5221919253628 7.9462553428627 "LDA" 48 200 1.92424242424242
59.11 12.579 0 0 53.6380922940492 8.2641427295912 "LDA" 48 200 1.95959595959596
61.54 12.808 0 0 56.8646109982649 8.36726640828097 "LDA" 48 200 1.99494949494949
63.831 13.011 0 0 58.5911201323064 8.43124931222918 "LDA" 48 200 2.03030303030303
65.988 13.357 0 0 60.4883351952647 8.59531444628004 "LDA" 48 200 2.06565656565657
69.858 13.615 0 0 64.3027423884758 8.78247726481013 "LDA" 48 200 2.1010101010101
72.405 13.875 0 0 65.8607516933539 8.79993260279951 "LDA" 48 200 2.13636363636364
74.974 14.145 0 0 67.4594107304244 8.98157244827673 "LDA" 48 200 2.17171717171717
78.391 14.411 0 0 70.2073442752978 9.11840031059309 "LDA" 48 200 2.20707070707071
82.864 14.653 0 0 75.1371885360445 9.19658459256305 "LDA" 48 200 2.24242424242424
85.114 14.82 0 0 76.1159026395577 9.25100973846537 "LDA" 48 200 2.27777777777778
91.301 15.103 0 0 82.0988588326392 9.47354944775923 "LDA" 48 200 2.31313131313131
94.497 15.43 0 0 85.1492594647034 9.59328573175693 "LDA" 48 200 2.34848484848485
99.002 15.72 0 0 88.5501729480475 9.77758667571918 "LDA" 48 200 2.38383838383838
103 16.015 0 0 93.6927870134 9.98892154106506 "LDA" 48 200 2.41919191919192
107.519 16.191 0 0 97.0084134045665 9.99842425022501 "LDA" 48 200 2.45454545454545
109.917 16.468 0 0 98.2718854732852 10.0450923280914 "LDA" 48 200 2.48989898989899
112.989 16.798 0 0 99.9350684039236 10.2189834926779 "LDA" 48 200 2.52525252525253
117.946 17.148 0 0 105.106462467597 10.6216248716905 "LDA" 48 200 2.56060606060606
120.729 17.441 0 0 108.026854811016 10.6948070528597 "LDA" 48 200 2.5959595959596
126.49 17.732 0 0 113.056010727257 10.7887243255434 "LDA" 48 200 2.63131313131313
129.861 18.025 0 0 114.376937197858 10.8875577570874 "LDA" 48 200 2.66666666666667
135.549 18.28 0 0 117.917030258674 11.0554884027719 "LDA" 48 200 2.7020202020202
142.234 18.577 0 0 125.759925265574 11.1598662005247 "LDA" 48 200 2.73737373737374
147.394 18.915 0 0 131.913645897511 11.3371206796658 "LDA" 48 200 2.77272727272727
151.388 19.11 0 0 135.33863455053 11.4565768514488 "LDA" 48 200 2.80808080808081
156.583 19.273 0 0 140.540081918382 11.4714456397206 "LDA" 48 200 2.84343434343434
161.437 19.519 0 0 143.479393528713 11.533197893631 "LDA" 48 200 2.87878787878788
165.569 19.801 0 0 148.479484766066 11.6713160619794 "LDA" 48 200 2.91414141414141
174.069 19.994 0 0 159.501193944967 11.6824845150526 "LDA" 48 200 2.94949494949495
181.429 20.266 0 0 167.940760561747 11.7844863323828 "LDA" 48 200 2.98484848484848
187.787 20.514 0 0 173.548144875103 11.8939173222816 "LDA" 48 200 3.02020202020202
193.69 20.81 0 0 177.066904272336 11.9828831876761 "LDA" 48 200 3.05555555555556
201.567 21.163 0 0 185.772228365361 12.1810019213449 "LDA" 48 200 3.09090909090909
211.329 21.369 0 0 199.586641803971 12.1977712974389 "LDA" 48 200 3.12626262626263
218.975 21.754 0 0 206.384885822814 12.3228786140795 "LDA" 48 200 3.16161616161616
226.904 22.137 0 0 215.416097074659 12.547576366481 "LDA" 48 200 3.1969696969697
234.676 22.38 0 0 221.776716397227 12.6059712244043 "LDA" 48 200 3.23232323232323
245.594 22.586 0 0 232.308364766188 12.6617899573846 "LDA" 48 200 3.26767676767677
254.449 22.801 0 0 240.879688690067 12.7105057317148 "LDA" 48 200 3.3030303030303
267.635 23.075 0 0 257.145315898401 12.7466015412286 "LDA" 48 200 3.33838383838384
275.274 23.3 0 0 262.792539549438 12.811484462549 "LDA" 48 200 3.37373737373737
282.742 23.478 0 0 269.463218012889 12.8065422157397 "LDA" 48 200 3.40909090909091
295.567 23.821 0 0 283.703823327022 13.0160045857158 "LDA" 48 200 3.44444444444444
304.674 24.083 0 0 293.089524195583 13.054904884431 "LDA" 48 200 3.47979797979798
313.903 24.342 0 0 298.88079114978 13.1100308507993 "LDA" 48 200 3.51515151515152
319.93 24.538 0 0 305.107888989983 13.1376235732781 "LDA" 48 200 3.55050505050505
332.683 24.919 0 0 317.19581916964 13.4863011726462 "LDA" 48 200 3.58585858585859
344.648 25.147 0 0 330.975580565895 13.6095779365714 "LDA" 48 200 3.62121212121212
349.405 25.507 0 0 333.566715558865 13.8355112797602 "LDA" 48 200 3.65656565656566
358.89 25.897 0 0 340.506902794717 14.0307252931647 "LDA" 48 200 3.69191919191919
370.303 26.26 0 0 351.228291149081 14.2245118277126 "LDA" 48 200 3.72727272727273
381.789 26.505 0 0 359.854395088715 14.2611835538414 "LDA" 48 200 3.76262626262626
400.962 26.786 0 0 382.787231527673 14.364697997123 "LDA" 48 200 3.7979797979798
413.288 27.092 0 0 398.687339466217 14.5049622519305 "LDA" 48 200 3.83333333333333
427.067 27.456 0 0 410.655715444979 14.7378855087583 "LDA" 48 200 3.86868686868687
442.953 27.732 0 0 427.835143134246 14.7648968224698 "LDA" 48 200 3.9040404040404
466.26 27.9 0 0 459.653669512053 14.7775632760065 "LDA" 48 200 3.93939393939394
481.888 28.191 0 0 470.236335971251 14.9396690964932 "LDA" 48 200 3.97474747474747
498.529 28.45 0 0 483.485753288174 15.0121572355496 "LDA" 48 200 4.01010101010101
523.338 28.734 0 0 505.919402867886 15.1861075283254 "LDA" 48 200 4.04545454545454
546.891 29.067 0 0 518.862868005405 15.5718011800816 "LDA" 48 200 4.08080808080808
562.989 29.35 0 0 531.7404487001 15.5886659630164 "LDA" 48 200 4.11616161616162
583.91 29.545 0 0 551.618123754518 15.6894274316539 "LDA" 48 200 4.15151515151515
601.191 29.867 0 0 575.515647728 15.8869035593694 "LDA" 48 200 4.18686868686869
618.599 30.1 0 0 591.513762079742 15.9378171031674 "LDA" 48 200 4.22222222222222
644.198 30.294 0 0 616.864849897479 15.9722470766225 "LDA" 48 200 4.25757575757576
663.283 30.532 0 0 636.487383300015 16.0627827286865 "LDA" 48 200 4.29292929292929
684.249 30.693 0 0 660.480173099888 16.0752967675924 "LDA" 48 200 4.32828282828283
710.699 31.044 0 0 701.425305972674 16.2774389576192 "LDA" 48 200 4.36363636363636
731.997 31.387 0 0 716.576001661483 16.3762453698158 "LDA" 48 200 4.3989898989899
758.841 31.59 0 0 753.052377728537 16.4616185378256 "LDA" 48 200 4.43434343434343
779.826 31.883 0 0 769.331221420431 16.5520174081675 "LDA" 48 200 4.46969696969697
809.437 32.232 0 0 799.613451426815 16.8976242621768 "LDA" 48 200 4.50505050505051
843.618 32.606 0 0 822.379276094522 17.0864481596004 "LDA" 48 200 4.54040404040404
860.388 32.999 0 0 835.699144738414 17.4486519380282 "LDA" 48 200 4.57575757575758
884.345 33.361 0 0 849.9881280305 17.6669975321729 "LDA" 48 200 4.61111111111111
902.585 33.552 0 0 861.140728411523 17.7455402904561 "LDA" 48 200 4.64646464646465
933.393 33.778 0 0 902.858049312409 17.8249388342413 "LDA" 48 200 4.68181818181818
970.226 34.092 0 0 928.942053231665 17.9297242313152 "LDA" 48 200 4.71717171717172
1001.993 34.34 0 0 980.568037735081 18.1811152835285 "LDA" 48 200 4.75252525252525
1039.995 34.643 0 0 1020.79084876968 18.3084885163072 "LDA" 48 200 4.78787878787879
1066.043 34.805 0 0 1057.54296284797 18.3332780506947 "LDA" 48 200 4.82323232323232
1107.67 35.108 0 0 1084.72523614874 18.3730210881037 "LDA" 48 200 4.85858585858586
1145.14 35.437 0 0 1110.79309941578 18.6331216983152 "LDA" 48 200 4.89393939393939
1204.029 35.731 0 0 1159.97341887282 18.5924801820338 "LDA" 48 200 4.92929292929293
1253.07 35.974 0 0 1187.38980863811 18.555528330706 "LDA" 48 200 4.96464646464646
1290.627 36.154 0 0 1224.06205062275 18.6434938749115 "LDA" 48 200 5
42.924 14.67 0 0 39.4855331904146 11.1826719594269 "uLSIF" 48 200 1.5
45.17 15.215 0 0 42.0739029959584 11.520742272202 "uLSIF" 48 200 1.53535353535354
47.825 15.848 0 0 43.8762293103965 12.083994327991 "uLSIF" 48 200 1.57070707070707
51.104 16.363 0 0 47.7613895770876 12.4243146529132 "uLSIF" 48 200 1.60606060606061
55.081 16.834 0 0 50.7282346705737 12.6682646376261 "uLSIF" 48 200 1.64141414141414
58.419 17.386 0 0 52.3597458166288 13.01216047858 "uLSIF" 48 200 1.67676767676768
62.76 17.792 0 0 57.9468570177731 13.3506920036745 "uLSIF" 48 200 1.71212121212121
65.573 18.429 0 0 59.6177401948946 13.882567654605 "uLSIF" 48 200 1.74747474747475
70.464 19.248 0 0 63.8895185032301 14.4795080079453 "uLSIF" 48 200 1.78282828282828
74.411 20.249 0 0 67.4175288942142 15.2596807586809 "uLSIF" 48 200 1.81818181818182
79.041 20.826 0 0 72.3150661189478 15.6638143208824 "uLSIF" 48 200 1.85353535353535
84.513 21.462 0 0 79.1634428362087 16.2566550936789 "uLSIF" 48 200 1.88888888888889
88.798 22.32 0 0 83.2284456791677 16.9481219856018 "uLSIF" 48 200 1.92424242424242
94.022 22.839 0 0 88.6908652882899 17.3564490989754 "uLSIF" 48 200 1.95959595959596
98.744 23.79 0 0 92.3981920271706 18.4574802879098 "uLSIF" 48 200 1.99494949494949
104.51 24.282 0 0 99.3472081528604 19.0878186501449 "uLSIF" 48 200 2.03030303030303
108.722 24.912 0 0 103.198365387338 19.6542755284072 "uLSIF" 48 200 2.06565656565657
115.093 25.594 0 0 108.762427412304 19.9177277790384 "uLSIF" 48 200 2.1010101010101
121.693 26.229 0 0 114.359270694569 20.1638572733527 "uLSIF" 48 200 2.13636363636364
129.485 26.938 0 0 121.64521911828 20.9174974052275 "uLSIF" 48 200 2.17171717171717
136.406 27.694 0 0 128.695367677557 21.736992912104 "uLSIF" 48 200 2.20707070707071
142.228 28.739 0 0 134.428706358029 22.5959610651208 "uLSIF" 48 200 2.24242424242424
149.031 29.663 0 0 140.2453450058 24.1724168575825 "uLSIF" 48 200 2.27777777777778
156.497 30.536 0 0 144.902569838308 24.7982188000601 "uLSIF" 48 200 2.31313131313131
165.804 31.701 0 0 155.913285311216 25.8590852756104 "uLSIF" 48 200 2.34848484848485
171.425 32.243 0 0 158.332149118379 26.1553829078271 "uLSIF" 48 200 2.38383838383838
182.007 33.329 0 0 169.926507552439 27.1813830881835 "uLSIF" 48 200 2.41919191919192
188.549 34.403 0 0 175.616863888073 28.1161004783044 "uLSIF" 48 200 2.45454545454545
196.261 35.094 0 0 181.984321226231 28.4829851743887 "uLSIF" 48 200 2.48989898989899
206.353 35.982 0 0 191.931759204128 29.1199183660539 "uLSIF" 48 200 2.52525252525253
217.542 36.658 0 0 204.904451074324 29.4251742029997 "uLSIF" 48 200 2.56060606060606
234.563 37.543 0 0 223.526352050628 30.115695344888 "uLSIF" 48 200 2.5959595959596
248.529 38.573 0 0 237.1033681038 31.1976275213831 "uLSIF" 48 200 2.63131313131313
259.369 40.142 0 0 244.753899479273 32.8083255016501 "uLSIF" 48 200 2.66666666666667
273.48 41.088 0 0 259.542975547704 34.2801602298674 "uLSIF" 48 200 2.7020202020202
287.208 42.518 0 0 269.237946448505 35.840985648448 "uLSIF" 48 200 2.73737373737374
303.538 43.46 0 0 287.015313783684 36.2188100605501 "uLSIF" 48 200 2.77272727272727
317.812 44.083 0 0 295.161106405866 36.4986611160363 "uLSIF" 48 200 2.80808080808081
341.259 45.043 0 0 322.137210364312 37.2525019280571 "uLSIF" 48 200 2.84343434343434
359.233 46.219 0 0 346.280552344384 38.5253584310677 "uLSIF" 48 200 2.87878787878788
378.252 47.452 0 0 364.535011034976 39.3036445189562 "uLSIF" 48 200 2.91414141414141
399.494 48.596 0 0 391.825557144032 40.5727856442583 "uLSIF" 48 200 2.94949494949495
423.694 49.889 0 0 418.638269111132 41.7344035471868 "uLSIF" 48 200 2.98484848484848
444.293 51.015 0 0 433.291128865285 42.3027220790258 "uLSIF" 48 200 3.02020202020202
471.744 52.37 0 0 458.075788371195 43.0602285558644 "uLSIF" 48 200 3.05555555555556
492.344 54.02 0 0 483.287716252628 44.5472789299196 "uLSIF" 48 200 3.09090909090909
515.619 55.707 0 0 514.650315054587 45.7813836191752 "uLSIF" 48 200 3.12626262626263
532.685 56.815 0 0 526.319410526438 46.5407651185261 "uLSIF" 48 200 3.16161616161616
558.605 57.378 0 0 544.906458048556 46.7462546984069 "uLSIF" 48 200 3.1969696969697
593.063 59.664 0 0 596.831573358814 49.6471746018436 "uLSIF" 48 200 3.23232323232323
627.013 60.705 0 0 635.239327997594 50.1151624212125 "uLSIF" 48 200 3.26767676767677
665.482 62.114 0 0 677.20689072753 51.0452213103109 "uLSIF" 48 200 3.3030303030303
694.061 63.434 0 0 700.805876227615 52.1202087501591 "uLSIF" 48 200 3.33838383838384
722.787 64.404 0 0 720.670927828518 52.7260924479031 "uLSIF" 48 200 3.37373737373737
755.049 66.017 0 0 752.960053017715 54.9731457873547 "uLSIF" 48 200 3.40909090909091
803.044 67.166 0 0 801.133704993915 55.6976001876801 "uLSIF" 48 200 3.44444444444444
835.537 68.154 0 0 832.902359806942 56.5661914752798 "uLSIF" 48 200 3.47979797979798
871.298 69.511 0 0 858.607207944083 57.8316382041645 "uLSIF" 48 200 3.51515151515152
924.575 70.905 0 0 914.073747128857 59.5223057339001 "uLSIF" 48 200 3.55050505050505
989.767 72.607 0 0 984.37456386936 60.6094386630915 "uLSIF" 48 200 3.58585858585859
1048.093 74.084 0 0 1032.70301242074 61.6090953076299 "uLSIF" 48 200 3.62121212121212
1110.347 75.524 0 0 1103.69476701203 63.0751924603001 "uLSIF" 48 200 3.65656565656566
1176.508 76.88 0 0 1193.93303163118 63.8459858558853 "uLSIF" 48 200 3.69191919191919
1250.915 78.856 0 0 1270.59215021469 65.8336337393838 "uLSIF" 48 200 3.72727272727273
1300.308 80.5 0 0 1305.51678012931 69.3311099204593 "uLSIF" 48 200 3.76262626262626
1352.259 82.083 0 0 1333.5231080858 71.4705684401149 "uLSIF" 48 200 3.7979797979798
1432.023 83.33 0 0 1421.97698610773 72.2888288380354 "uLSIF" 48 200 3.83333333333333
1526.595 85.21 0 0 1497.92672833435 73.4805231832714 "uLSIF" 48 200 3.86868686868687
1578.122 87.171 0 0 1542.63119186347 75.1689439138873 "uLSIF" 48 200 3.9040404040404
1627.57114228457 88.646 2 0 1578.98434607324 76.9366228003799 "uLSIF" 48 200 3.93939393939394
1684.20762286861 90.143 3 0 1597.97467510319 77.7614261082601 "uLSIF" 48 200 3.97474747474747
1758.38615847543 92.471 3 0 1644.87273354727 79.7761831526076 "uLSIF" 48 200 4.01010101010101
1815.58835341365 95.091 4 0 1713.27431123935 81.233808544538 "uLSIF" 48 200 4.04545454545454
1883.92361809045 97.151 5 0 1757.18994110761 83.0579485770135 "uLSIF" 48 200 4.08080808080808
1971.25679758308 99.086 7 0 1828.29869233221 84.8021344425127 "uLSIF" 48 200 4.11616161616162
2057.46022155086 100.552 7 0 1886.05980108396 85.5725537655501 "uLSIF" 48 200 4.15151515151515
2150.62940584089 102.693 7 0 1951.48068308993 87.9695367180616 "uLSIF" 48 200 4.18686868686869
2245.13650151668 104.924 11 0 2008.23032066099 90.9159057917036 "uLSIF" 48 200 4.22222222222222
2386.93218623482 106.566 12 0 2120.84412293208 93.6900820550152 "uLSIF" 48 200 4.25757575757576
2438.48934010152 108.215 15 0 2145.0011176817 94.626978394325 "uLSIF" 48 200 4.29292929292929
2519.97655453619 111.565 19 0 2206.35332999878 98.12195316387 "uLSIF" 48 200 4.32828282828283
2601.01334702259 113.616 26 0 2225.27467935722 98.9467179698094 "uLSIF" 48 200 4.36363636363636
2678.01956745623 115.118 29 0 2263.35613559244 99.4412320651481 "uLSIF" 48 200 4.3989898989899
2753.84974093264 117.559 35 0 2307.36415225972 101.430037817067 "uLSIF" 48 200 4.43434343434343
2857.24264705882 119.143 48 0 2347.19775939575 102.008628612051 "uLSIF" 48 200 4.46969696969697
2934.63924050633 121.145 52 0 2394.79827586166 104.250977171637 "uLSIF" 48 200 4.50505050505051
3017.00320512821 122.523 64 0 2423.07610633715 105.041445040404 "uLSIF" 48 200 4.54040404040404
3092.686825054 125.015 74 0 2471.00880879991 107.64802307461 "uLSIF" 48 200 4.57575757575758
3236.21109902067 128.452 81 0 2508.45003768348 111.218745296399 "uLSIF" 48 200 4.61111111111111
3310.9900990099 130.334 91 0 2547.22082268212 112.693505892178 "uLSIF" 48 200 4.64646464646465
3362.09182530795 133.064 107 0 2580.64266826013 115.250078023767 "uLSIF" 48 200 4.68181818181818
3412.39179954442 135.533 122 0 2596.71604845117 117.761796656436 "uLSIF" 48 200 4.71717171717172
3505.36133486766 138.031 131 0 2643.18735736857 119.465509863923 "uLSIF" 48 200 4.75252525252525
3564.20372526193 139.853 141 0 2641.88472257063 120.909795176278 "uLSIF" 48 200 4.78787878787879
3674.09155766944 142.468 159 0 2684.42014709528 122.954759358265 "uLSIF" 48 200 4.82323232323232
3718.83513838749 144.39 169 0 2693.22041260276 124.795279404959 "uLSIF" 48 200 4.85858585858586
3828.5509202454 145.905 185 0 2720.54117268625 125.537060378713 "uLSIF" 48 200 4.89393939393939
3870.85338345865 147.421 202 0 2725.33016655691 126.567029561304 "uLSIF" 48 200 4.92929292929293
3935.44487179487 149.576 220 0 2754.07533311533 131.817540896832 "uLSIF" 48 200 4.96464646464646
4008.12172774869 152.764 236 0 2764.05217797492 135.055389608346 "uLSIF" 48 200 5
