48.064 13.237 0 0 44.5710273662217 9.50648222026446 "LDA" 19 1000 1.5
51.317 13.73 0 0 48.0714403193245 10.0009559102677 "LDA" 19 1000 1.53535353535354
55.014 14.092 0 0 52.2277276888392 10.2924958815377 "LDA" 19 1000 1.57070707070707
57.929 14.677 0 0 53.9376049173879 10.7589230606704 "LDA" 19 1000 1.60606060606061
60.521 15.078 0 0 55.9965103213421 11.2736423134234 "LDA" 19 1000 1.64141414141414
64.748 15.448 0 0 60.6713070858334 11.5196353240021 "LDA" 19 1000 1.67676767676768
68.901 15.912 0 0 64.794363246416 11.7929355687772 "LDA" 19 1000 1.71212121212121
71.965 16.261 0 0 67.203199663744 12.1166700331689 "LDA" 19 1000 1.74747474747475
76.101 16.758 0 0 73.0746241844575 12.4846025688166 "LDA" 19 1000 1.78282828282828
79.43 17.135 0 0 76.4942250530487 12.690540761718 "LDA" 19 1000 1.81818181818182
84.126 17.542 0 0 81.4701387473196 12.8874482471249 "LDA" 19 1000 1.85353535353535
88.213 18.128 0 0 84.5560841238663 13.3963083376383 "LDA" 19 1000 1.88888888888889
92.788 18.506 0 0 87.9880500576809 13.5418368527074 "LDA" 19 1000 1.92424242424242
97.15 18.868 0 0 91.6406651629696 13.5861384933011 "LDA" 19 1000 1.95959595959596
103.005 19.289 0 0 97.3317339896986 13.7308417445914 "LDA" 19 1000 1.99494949494949
108.928 19.787 0 0 104.650879703052 13.9656245714135 "LDA" 19 1000 2.03030303030303
114.317 20.238 0 0 108.636588769251 14.1784478834739 "LDA" 19 1000 2.06565656565657
122.17 20.712 0 0 118.945639538258 14.3477843207554 "LDA" 19 1000 2.1010101010101
129.637 21.066 0 0 126.348039391429 14.9639421130785 "LDA" 19 1000 2.13636363636364
137.962 21.591 0 0 135.079839795282 15.3297984892732 "LDA" 19 1000 2.17171717171717
143.934 22.016 0 0 139.891591245869 15.5023891083945 "LDA" 19 1000 2.20707070707071
151.83 22.471 0 0 147.361496024269 15.7468448306993 "LDA" 19 1000 2.24242424242424
160.725 22.917 0 0 153.760585628088 15.953389032479 "LDA" 19 1000 2.27777777777778
168.206 23.432 0 0 158.730523034932 16.3495775078344 "LDA" 19 1000 2.31313131313131
176.289 23.885 0 0 163.726704947339 16.6833482583416 "LDA" 19 1000 2.34848484848485
187.764 24.409 0 0 175.64231986776 17.0593299909387 "LDA" 19 1000 2.38383838383838
195.745 25 0 0 182.624729340708 17.4472463846421 "LDA" 19 1000 2.41919191919192
207.432 25.417 0 0 196.050813049315 17.6290639256568 "LDA" 19 1000 2.45454545454545
215.388 26.004 0 0 201.941937204737 18.3564959876591 "LDA" 19 1000 2.48989898989899
226.004 26.399 0 0 210.811563960565 18.7181240290572 "LDA" 19 1000 2.52525252525253
234.604 26.936 0 0 220.575843842627 18.994543866508 "LDA" 19 1000 2.56060606060606
244.251 27.576 0 0 230.971495710685 19.4889723701391 "LDA" 19 1000 2.5959595959596
258.114 28.111 0 0 249.194917907872 19.8595337326957 "LDA" 19 1000 2.63131313131313
271.486 28.473 0 0 262.040739491311 19.977346304386 "LDA" 19 1000 2.66666666666667
285.035 29.132 0 0 276.239595440424 20.5871903961762 "LDA" 19 1000 2.7020202020202
298.983 29.796 0 0 293.274261576947 21.7115124708937 "LDA" 19 1000 2.73737373737374
319.049 30.213 0 0 313.809367160889 21.7842186727728 "LDA" 19 1000 2.77272727272727
337.378 30.748 0 0 330.724068560977 21.8679377789197 "LDA" 19 1000 2.80808080808081
348.968 31.123 0 0 340.103006501017 21.9276239408581 "LDA" 19 1000 2.84343434343434
376.294 31.457 0 0 367.849900248883 22.3795664836474 "LDA" 19 1000 2.87878787878788
401.817 32.006 0 0 395.202607040505 23.0091152238278 "LDA" 19 1000 2.91414141414141
417.114 32.499 0 0 408.876437258183 23.2226460656466 "LDA" 19 1000 2.94949494949495
431.542 33.162 0 0 422.85764841945 24.0661782785912 "LDA" 19 1000 2.98484848484848
450.768 33.639 0 0 441.856192749486 24.2357184553924 "LDA" 19 1000 3.02020202020202
478.518 34.264 0 0 472.34877266596 24.6100784224667 "LDA" 19 1000 3.05555555555556
495.977 34.699 0 0 493.142610311769 24.8596943545854 "LDA" 19 1000 3.09090909090909
518.297 35.266 0 0 514.342579493551 25.6057590963224 "LDA" 19 1000 3.12626262626263
538.65 35.685 0 0 532.185270993723 25.8131379939188 "LDA" 19 1000 3.16161616161616
556.246 36.145 0 0 555.860054225777 26.1060817148515 "LDA" 19 1000 3.1969696969697
579.815 36.571 0 0 574.06049178046 26.21480831849 "LDA" 19 1000 3.23232323232323
607.664 37.014 0 0 611.398077125462 26.2095544552887 "LDA" 19 1000 3.26767676767677
640.166 37.332 0 0 649.502705312463 26.4349878869763 "LDA" 19 1000 3.3030303030303
675.622 37.83 0 0 706.929576791453 26.7434910644499 "LDA" 19 1000 3.33838383838384
707.553 38.422 0 0 729.5582282446 26.8805967657432 "LDA" 19 1000 3.37373737373737
736.554 39.202 0 0 752.3343219713 27.5244035137692 "LDA" 19 1000 3.40909090909091
769.637 39.912 0 0 782.941923316338 28.6959529152407 "LDA" 19 1000 3.44444444444444
798.608 40.338 0 0 799.940961495208 28.7456443321083 "LDA" 19 1000 3.47979797979798
833.568 40.772 0 0 826.728812795288 28.8760426970498 "LDA" 19 1000 3.51515151515152
869.7 41.294 0 0 848.272475206046 29.0001478025987 "LDA" 19 1000 3.55050505050505
909.459 41.885 0 0 898.565332057149 29.4558894692458 "LDA" 19 1000 3.58585858585859
951.41 42.256 0 0 928.823098468297 29.551544084155 "LDA" 19 1000 3.62121212121212
992.132 42.918 0 0 974.592588361562 29.7688673190879 "LDA" 19 1000 3.65656565656566
1033.239 43.527 0 0 998.806457838164 30.20333611561 "LDA" 19 1000 3.69191919191919
1090.746 43.837 0 0 1048.73232761224 30.3372506957994 "LDA" 19 1000 3.72727272727273
1141.319 44.519 0 0 1100.34097419777 30.4825330939511 "LDA" 19 1000 3.76262626262626
1186.426 44.943 0 0 1133.31559539378 30.4741599625884 "LDA" 19 1000 3.7979797979798
1212.41541541542 45.492 1 0 1176.58961190054 30.697202710577 "LDA" 19 1000 3.83333333333333
1273.30530530531 46.136 1 0 1230.78805012502 31.6074126200253 "LDA" 19 1000 3.86868686868687
1349.62162162162 46.962 1 0 1316.20741484416 33.1250029708953 "LDA" 19 1000 3.9040404040404
1401.58858858859 47.54 1 0 1366.33183351207 33.4562658065977 "LDA" 19 1000 3.93939393939394
1477.42342342342 48.032 1 0 1453.72509340187 33.6869676252967 "LDA" 19 1000 3.97474747474747
1522.750501002 48.39 2 0 1475.33238417862 33.6877242146566 "LDA" 19 1000 4.01010101010101
1614.61723446894 48.777 2 0 1551.5073719319 33.7847995951387 "LDA" 19 1000 4.04545454545454
1682.90280561122 49.628 2 0 1595.16858608306 34.7382262120616 "LDA" 19 1000 4.08080808080808
1753.66533066132 50.009 2 0 1636.18567311021 34.6690764783815 "LDA" 19 1000 4.11616161616162
1814.07414829659 50.368 2 0 1697.28191595259 34.8560973650741 "LDA" 19 1000 4.15151515151515
1884.81243731194 51.317 3 0 1748.70044975624 35.5454637188909 "LDA" 19 1000 4.18686868686869
1975.50551654965 51.728 3 0 1817.14437785763 35.6136820667331 "LDA" 19 1000 4.22222222222222
2068.3851554664 52.425 3 0 1900.44359123711 35.8961684572311 "LDA" 19 1000 4.25757575757576
2140.70110330993 53.042 3 0 1956.78980996178 36.1855721473577 "LDA" 19 1000 4.29292929292929
2211.33668341709 53.418 5 0 1990.06867676482 36.2893123411038 "LDA" 19 1000 4.32828282828283
2290.8689516129 53.835 8 0 2046.09416029144 36.5365939531547 "LDA" 19 1000 4.36363636363636
2365.60282258065 54.228 8 0 2092.1112819486 36.7399215818139 "LDA" 19 1000 4.3989898989899
2416.74190283401 54.483 12 0 2128.91500046738 36.8033721172286 "LDA" 19 1000 4.43434343434343
2538.24008138352 54.813 17 0 2203.97838194624 36.9786350539126 "LDA" 19 1000 4.46969696969697
2615.60327198364 55.441 22 0 2248.7586171914 37.1281162465323 "LDA" 19 1000 4.50505050505051
2688.37948717949 56.022 25 0 2272.87073215391 37.4299414442037 "LDA" 19 1000 4.54040404040404
2734.61673553719 56.656 32 0 2300.24310499958 38.0525381500322 "LDA" 19 1000 4.57575757575758
2821.28911917098 57.175 35 0 2354.80370783277 38.1249509755342 "LDA" 19 1000 4.61111111111111
2893.41596638655 57.614 48 0 2367.16989139321 38.126797094126 "LDA" 19 1000 4.64646464646465
2986.80233793836 58.13 59 0 2379.26057243137 38.3592561519711 "LDA" 19 1000 4.68181818181818
3046.31443850267 59.175 65 0 2400.22392325187 38.8954397099484 "LDA" 19 1000 4.71717171717172
3107.05818965517 59.701 72 0 2424.39478960321 39.1381577797729 "LDA" 19 1000 4.75252525252525
3181.32459016393 60.278 85 0 2468.36759206984 39.3731756779024 "LDA" 19 1000 4.78787878787879
3216.65966850829 60.871 95 0 2498.48179989375 39.5873656425698 "LDA" 19 1000 4.82323232323232
3290.18946188341 61.366 108 0 2522.87299818318 39.7163118810071 "LDA" 19 1000 4.85858585858586
3333.97392290249 62.106 118 0 2550.72661397711 39.9525590040359 "LDA" 19 1000 4.89393939393939
3420.80963302752 62.723 128 0 2612.31236591811 40.2016970717338 "LDA" 19 1000 4.92929292929293
3467.0151338766 63.126 141 0 2638.35034255759 40.288078301816 "LDA" 19 1000 4.96464646464646
3484.39740566038 63.531 152 0 2625.17947957271 40.2471722469278 "LDA" 19 1000 5
20.59 10.893 0 0 13.619889918843 5.10564575921779 "uLSIF" 19 1000 1.5
21.356 11.107 0 0 13.9189439614146 5.13867268435702 "uLSIF" 19 1000 1.53535353535354
22.046 11.336 0 0 14.7940105024549 5.21654256345295 "uLSIF" 19 1000 1.57070707070707
22.617 11.617 0 0 14.9812131600798 5.3155023812962 "uLSIF" 19 1000 1.60606060606061
23.031 11.855 0 0 15.065158412642 5.33408168548509 "uLSIF" 19 1000 1.64141414141414
23.494 12.103 0 0 15.2570882786573 5.40810860085471 "uLSIF" 19 1000 1.67676767676768
24.276 12.325 0 0 15.5843092466331 5.46216167924478 "uLSIF" 19 1000 1.71212121212121
24.976 12.607 0 0 15.8749311002422 5.58352278823385 "uLSIF" 19 1000 1.74747474747475
25.429 12.895 0 0 16.0465089489723 5.67698892047564 "uLSIF" 19 1000 1.78282828282828
25.816 13.121 0 0 16.0770835855455 5.69814248925278 "uLSIF" 19 1000 1.81818181818182
26.423 13.374 0 0 16.6277043379882 5.79151669821176 "uLSIF" 19 1000 1.85353535353535
27.061 13.708 0 0 16.9461633254094 5.96072699142196 "uLSIF" 19 1000 1.88888888888889
27.748 13.951 0 0 17.5311105134796 5.98434720010557 "uLSIF" 19 1000 1.92424242424242
28.344 14.204 0 0 17.860421570015 6.02500495308383 "uLSIF" 19 1000 1.95959595959596
29.018 14.459 0 0 18.0969382817972 6.0324712771558 "uLSIF" 19 1000 1.99494949494949
29.582 14.703 0 0 18.628749456319 6.11966022269548 "uLSIF" 19 1000 2.03030303030303
30.235 14.933 0 0 19.3542854004834 6.22601592306623 "uLSIF" 19 1000 2.06565656565657
30.828 15.199 0 0 19.9047384965142 6.3546660636717 "uLSIF" 19 1000 2.1010101010101
31.336 15.442 0 0 20.0261866602744 6.40934596629919 "uLSIF" 19 1000 2.13636363636364
31.917 15.721 0 0 20.1560009767656 6.56294379308792 "uLSIF" 19 1000 2.17171717171717
32.626 15.99 0 0 20.7094907471673 6.6605001510594 "uLSIF" 19 1000 2.20707070707071
33.048 16.228 0 0 20.7817606948395 6.71499122167014 "uLSIF" 19 1000 2.24242424242424
33.639 16.425 0 0 21.0861875716381 6.78102922552007 "uLSIF" 19 1000 2.27777777777778
34.325 16.655 0 0 21.3902060746482 6.80413633544121 "uLSIF" 19 1000 2.31313131313131
34.985 16.977 0 0 21.9052645639265 6.89899029330141 "uLSIF" 19 1000 2.34848484848485
35.666 17.19 0 0 22.1886633392095 6.92255890706766 "uLSIF" 19 1000 2.38383838383838
36.302 17.362 0 0 22.3542055664366 6.97263031958339 "uLSIF" 19 1000 2.41919191919192
36.796 17.598 0 0 22.5842518678931 7.06883048066399 "uLSIF" 19 1000 2.45454545454545
37.385 17.892 0 0 23.0217457152097 7.17229236560932 "uLSIF" 19 1000 2.48989898989899
38.002 18.166 0 0 23.0823914010831 7.22735627174133 "uLSIF" 19 1000 2.52525252525253
38.714 18.435 0 0 23.3921652994629 7.34341206120838 "uLSIF" 19 1000 2.56060606060606
39.222 18.709 0 0 23.4943120499132 7.3558430806691 "uLSIF" 19 1000 2.5959595959596
39.979 18.949 0 0 24.3450043795075 7.40602783199255 "uLSIF" 19 1000 2.63131313131313
40.626 19.179 0 0 24.6208104722064 7.45026613386834 "uLSIF" 19 1000 2.66666666666667
41.208 19.45 0 0 24.7807348724936 7.46640792129972 "uLSIF" 19 1000 2.7020202020202
41.831 19.713 0 0 25.1758269230876 7.59949889028108 "uLSIF" 19 1000 2.73737373737374
42.332 19.952 0 0 25.2276874130827 7.65887422238767 "uLSIF" 19 1000 2.77272727272727
42.966 20.219 0 0 25.4208391494668 7.69026522164087 "uLSIF" 19 1000 2.80808080808081
43.907 20.475 0 0 26.5475257250487 7.74023812852591 "uLSIF" 19 1000 2.84343434343434
44.499 20.732 0 0 26.6256065080577 7.79711298949624 "uLSIF" 19 1000 2.87878787878788
44.947 21.056 0 0 26.7003576773814 7.93358719658427 "uLSIF" 19 1000 2.91414141414141
45.4 21.311 0 0 26.8473607786833 7.99501089425144 "uLSIF" 19 1000 2.94949494949495
45.924 21.541 0 0 26.9907896647491 8.01801768566318 "uLSIF" 19 1000 2.98484848484848
46.36 21.822 0 0 27.0439230470317 8.08886554133185 "uLSIF" 19 1000 3.02020202020202
47.137 22.086 0 0 27.3472869788779 8.10557242298805 "uLSIF" 19 1000 3.05555555555556
47.772 22.355 0 0 27.7017581283825 8.19415151917019 "uLSIF" 19 1000 3.09090909090909
48.257 22.579 0 0 27.8384973181552 8.19932850835896 "uLSIF" 19 1000 3.12626262626263
48.916 22.859 0 0 28.0032341904489 8.31783056483512 "uLSIF" 19 1000 3.16161616161616
49.552 23.1 0 0 28.4799298173714 8.34191750064621 "uLSIF" 19 1000 3.1969696969697
50.378 23.354 0 0 29.1184993260814 8.32466119334499 "uLSIF" 19 1000 3.23232323232323
51.052 23.571 0 0 29.6246673722578 8.34317490932364 "uLSIF" 19 1000 3.26767676767677
51.485 23.859 0 0 29.6621242768723 8.42092815733699 "uLSIF" 19 1000 3.3030303030303
52.305 24.097 0 0 30.4510959448793 8.45168752510539 "uLSIF" 19 1000 3.33838383838384
52.839 24.32 0 0 30.5705354326128 8.53712378277851 "uLSIF" 19 1000 3.37373737373737
53.538 24.582 0 0 30.701549490883 8.65171243905668 "uLSIF" 19 1000 3.40909090909091
54.15 24.898 0 0 30.8097507412952 8.87571824554917 "uLSIF" 19 1000 3.44444444444444
54.807 25.189 0 0 30.9989465254174 8.91542280342126 "uLSIF" 19 1000 3.47979797979798
55.455 25.402 0 0 31.1345681893348 8.92199518033932 "uLSIF" 19 1000 3.51515151515152
56.205 25.67 0 0 31.5612275757152 8.96914408098931 "uLSIF" 19 1000 3.55050505050505
56.861 25.951 0 0 31.8736192894156 8.99118682046149 "uLSIF" 19 1000 3.58585858585859
57.37 26.225 0 0 31.9547838078778 9.08927884873107 "uLSIF" 19 1000 3.62121212121212
57.862 26.51 0 0 32.1127417730748 9.11092250592161 "uLSIF" 19 1000 3.65656565656566
58.436 26.789 0 0 32.4288071247083 9.18481572160486 "uLSIF" 19 1000 3.69191919191919
59.183 26.987 0 0 33.0828049443058 9.23450632720056 "uLSIF" 19 1000 3.72727272727273
59.874 27.245 0 0 33.2410452767522 9.34164017939255 "uLSIF" 19 1000 3.76262626262626
60.471 27.515 0 0 33.4370931481521 9.39723805610367 "uLSIF" 19 1000 3.7979797979798
61.322 27.694 0 0 33.9159639197916 9.47143453084442 "uLSIF" 19 1000 3.83333333333333
61.878 27.936 0 0 33.9758071496686 9.53293138445781 "uLSIF" 19 1000 3.86868686868687
62.39 28.185 0 0 34.1233688885535 9.57979893043416 "uLSIF" 19 1000 3.9040404040404
62.826 28.437 0 0 34.1501091353154 9.59479499995133 "uLSIF" 19 1000 3.93939393939394
63.332 28.705 0 0 34.4078723212825 9.628742788531 "uLSIF" 19 1000 3.97474747474747
64.209 28.976 0 0 34.8999903771954 9.67082979629716 "uLSIF" 19 1000 4.01010101010101
64.838 29.226 0 0 35.2240044073141 9.74771470355703 "uLSIF" 19 1000 4.04545454545454
65.624 29.497 0 0 35.3717370761429 9.79571064022141 "uLSIF" 19 1000 4.08080808080808
66.31 29.792 0 0 35.776498680808 9.84345618315181 "uLSIF" 19 1000 4.11616161616162
66.974 30.012 0 0 35.94884759827 9.83740975209585 "uLSIF" 19 1000 4.15151515151515
67.523 30.285 0 0 35.9369020914704 9.88096191716214 "uLSIF" 19 1000 4.18686868686869
68.16 30.595 0 0 36.0592383262413 9.9824157208375 "uLSIF" 19 1000 4.22222222222222
68.834 30.909 0 0 36.3394138229691 10.0334135959995 "uLSIF" 19 1000 4.25757575757576
69.362 31.194 0 0 36.2911835850804 10.1069537702769 "uLSIF" 19 1000 4.29292929292929
69.887 31.521 0 0 36.4820115696513 10.2267367789117 "uLSIF" 19 1000 4.32828282828283
70.462 31.776 0 0 36.9154616293405 10.3077676571639 "uLSIF" 19 1000 4.36363636363636
71.04 31.997 0 0 36.9251928887294 10.3593584409126 "uLSIF" 19 1000 4.3989898989899
71.851 32.292 0 0 37.42073102052 10.430029794853 "uLSIF" 19 1000 4.43434343434343
72.453 32.537 0 0 37.7194717559717 10.4889775311824 "uLSIF" 19 1000 4.46969696969697
73.008 32.882 0 0 37.7141656979747 10.6107805869627 "uLSIF" 19 1000 4.50505050505051
73.717 33.128 0 0 37.779335478396 10.6619554160245 "uLSIF" 19 1000 4.54040404040404
74.169 33.369 0 0 37.8970001665253 10.6934179843579 "uLSIF" 19 1000 4.57575757575758
74.808 33.591 0 0 38.3269629907209 10.6871855478856 "uLSIF" 19 1000 4.61111111111111
75.426 33.867 0 0 38.3806670030577 10.7597901505598 "uLSIF" 19 1000 4.64646464646465
76.226 34.087 0 0 39.0053116682631 10.7911945993426 "uLSIF" 19 1000 4.68181818181818
76.832 34.338 0 0 39.1630632295473 10.8532736789205 "uLSIF" 19 1000 4.71717171717172
77.667 34.6 0 0 39.6214837300797 10.8770543029954 "uLSIF" 19 1000 4.75252525252525
78.174 34.929 0 0 39.7181476815732 10.9797319417877 "uLSIF" 19 1000 4.78787878787879
78.902 35.199 0 0 40.1504477491155 11.0300072556667 "uLSIF" 19 1000 4.82323232323232
79.546 35.455 0 0 40.1579200475142 11.0501620386798 "uLSIF" 19 1000 4.85858585858586
80.109 35.732 0 0 40.3580213698453 11.077494612361 "uLSIF" 19 1000 4.89393939393939
80.605 35.971 0 0 40.524303747186 11.1345470108639 "uLSIF" 19 1000 4.92929292929293
81.212 36.228 0 0 40.711798124211 11.1887982020057 "uLSIF" 19 1000 4.96464646464646
81.914 36.439 0 0 41.0585485423975 11.2082962534412 "uLSIF" 19 1000 5
