21.514 0 16.3526515652115 "LDA" 38 1 2 1.5
22.363 0 17.0579660336514 "LDA" 38 1 2 1.53535353535354
23.253 0 18.3465961035989 "LDA" 38 1 2 1.57070707070707
23.871 0 19.1139137986102 "LDA" 38 1 2 1.60606060606061
24.674 0 19.6434617516768 "LDA" 38 1 2 1.64141414141414
25.415 0 20.0148787248479 "LDA" 38 1 2 1.67676767676768
26.218 0 20.5374843703961 "LDA" 38 1 2 1.71212121212121
26.891 0 20.9212527784026 "LDA" 38 1 2 1.74747474747475
27.8 0 21.8147629802362 "LDA" 38 1 2 1.78282828282828
28.724 0 22.4011525515014 "LDA" 38 1 2 1.81818181818182
29.767 0 23.1950581314581 "LDA" 38 1 2 1.85353535353535
31.173 0 24.637493319676 "LDA" 38 1 2 1.88888888888889
32.316 0 25.8925968294138 "LDA" 38 1 2 1.92424242424242
33.445 0 26.7950919377402 "LDA" 38 1 2 1.95959595959596
34.091 0 27.0443361004687 "LDA" 38 1 2 1.99494949494949
35.272 0 27.7562321726928 "LDA" 38 1 2 2.03030303030303
36.318 0 28.5586146455053 "LDA" 38 1 2 2.06565656565657
37.311 0 29.5170719505939 "LDA" 38 1 2 2.1010101010101
38.082 0 30.2151655999472 "LDA" 38 1 2 2.13636363636364
39.154 0 31.3831991547896 "LDA" 38 1 2 2.17171717171717
40.197 0 32.8015568705684 "LDA" 38 1 2 2.20707070707071
41.765 0 34.3493763357452 "LDA" 38 1 2 2.24242424242424
42.926 0 34.8465321776042 "LDA" 38 1 2 2.27777777777778
44.234 0 36.1306056503993 "LDA" 38 1 2 2.31313131313131
45.004 0 36.4444808466822 "LDA" 38 1 2 2.34848484848485
45.91 0 37.0409493929615 "LDA" 38 1 2 2.38383838383838
46.793 0 37.4026082794517 "LDA" 38 1 2 2.41919191919192
47.946 0 38.3777270553368 "LDA" 38 1 2 2.45454545454545
48.526 0 38.4952361625073 "LDA" 38 1 2 2.48989898989899
49.496 0 39.2750877340397 "LDA" 38 1 2 2.52525252525253
51.041 0 40.0249586672656 "LDA" 38 1 2 2.56060606060606
52.229 0 41.5985696869496 "LDA" 38 1 2 2.5959595959596
53.602 0 43.1301728237647 "LDA" 38 1 2 2.63131313131313
55.014 0 44.2633827339377 "LDA" 38 1 2 2.66666666666667
56.055 0 45.0106424407932 "LDA" 38 1 2 2.7020202020202
57.327 0 45.7145698097761 "LDA" 38 1 2 2.73737373737374
58.733 0 46.6288962443351 "LDA" 38 1 2 2.77272727272727
59.741 0 46.9584605371174 "LDA" 38 1 2 2.80808080808081
61.08 0 47.6530209998318 "LDA" 38 1 2 2.84343434343434
61.722 0 47.7582827326273 "LDA" 38 1 2 2.87878787878788
62.546 0 47.9034092797227 "LDA" 38 1 2 2.91414141414141
63.662 0 48.2024193296273 "LDA" 38 1 2 2.94949494949495
64.908 0 49.6230993387957 "LDA" 38 1 2 2.98484848484848
66.525 0 55.241678269383 "LDA" 38 1 2 3.02020202020202
67.785 0 56.0690155924777 "LDA" 38 1 2 3.05555555555556
69.124 0 56.8746635273682 "LDA" 38 1 2 3.09090909090909
70.466 0 57.6052185587834 "LDA" 38 1 2 3.12626262626263
71.727 0 58.8340880860826 "LDA" 38 1 2 3.16161616161616
73.393 0 59.9720701677056 "LDA" 38 1 2 3.1969696969697
74.294 0 60.2286730474535 "LDA" 38 1 2 3.23232323232323
75.598 0 60.5334014300261 "LDA" 38 1 2 3.26767676767677
76.474 0 61.1189893147363 "LDA" 38 1 2 3.3030303030303
77.836 0 62.7895343957067 "LDA" 38 1 2 3.33838383838384
79.749 0 64.9233782550172 "LDA" 38 1 2 3.37373737373737
81.328 0 65.8009131864914 "LDA" 38 1 2 3.40909090909091
82.812 0 67.0058537774159 "LDA" 38 1 2 3.44444444444444
84.209 0 68.1832550944532 "LDA" 38 1 2 3.47979797979798
85.756 0 69.4630086706124 "LDA" 38 1 2 3.51515151515152
86.418 0 69.8908005391268 "LDA" 38 1 2 3.55050505050505
88.045 0 70.9425952924393 "LDA" 38 1 2 3.58585858585859
89.8 0 72.5023902819528 "LDA" 38 1 2 3.62121212121212
92.152 0 74.9179524252739 "LDA" 38 1 2 3.65656565656566
93.879 0 76.0947880986325 "LDA" 38 1 2 3.69191919191919
95.274 0 77.2636822873502 "LDA" 38 1 2 3.72727272727273
97.535 0 79.7553615294464 "LDA" 38 1 2 3.76262626262626
99.958 0 82.1995316227471 "LDA" 38 1 2 3.7979797979798
101.194 0 82.973459364781 "LDA" 38 1 2 3.83333333333333
103.648 0 86.0026310559657 "LDA" 38 1 2 3.86868686868687
105.084 0 86.1530225081354 "LDA" 38 1 2 3.9040404040404
106.168 0 86.7736102477904 "LDA" 38 1 2 3.93939393939394
108.305 0 89.4551071274927 "LDA" 38 1 2 3.97474747474747
109.751 0 89.9732637353297 "LDA" 38 1 2 4.01010101010101
110.751 0 90.1925145934444 "LDA" 38 1 2 4.04545454545454
111.743 0 90.6631389030611 "LDA" 38 1 2 4.08080808080808
113.565 0 91.9942646023094 "LDA" 38 1 2 4.11616161616162
115.084 0 93.0123553203672 "LDA" 38 1 2 4.15151515151515
116.971 0 95.8583485252171 "LDA" 38 1 2 4.18686868686869
118.814 0 96.9046124181296 "LDA" 38 1 2 4.22222222222222
120.258 0 97.305600125665 "LDA" 38 1 2 4.25757575757576
121.239 0 97.2823094232797 "LDA" 38 1 2 4.29292929292929
123.855 0 100.421852818615 "LDA" 38 1 2 4.32828282828283
125.813 0 101.769775071571 "LDA" 38 1 2 4.36363636363636
128.459 0 103.573267500551 "LDA" 38 1 2 4.3989898989899
131.162 0 107.588173006939 "LDA" 38 1 2 4.43434343434343
132.53 0 108.143618129514 "LDA" 38 1 2 4.46969696969697
134.178 0 112.415352721626 "LDA" 38 1 2 4.50505050505051
136.153 0 114.678850839332 "LDA" 38 1 2 4.54040404040404
136.963 0 114.757871189736 "LDA" 38 1 2 4.57575757575758
137.824 0 114.891379367875 "LDA" 38 1 2 4.61111111111111
140.365 0 116.315007440811 "LDA" 38 1 2 4.64646464646465
142.469 0 118.445440441417 "LDA" 38 1 2 4.68181818181818
145.62 0 121.336689390275 "LDA" 38 1 2 4.71717171717172
147.519 0 122.923170089063 "LDA" 38 1 2 4.75252525252525
149.427 0 124.910525218295 "LDA" 38 1 2 4.78787878787879
152.715 0 128.867593411345 "LDA" 38 1 2 4.82323232323232
154.902 0 130.786985712003 "LDA" 38 1 2 4.85858585858586
157.305 0 133.47612464726 "LDA" 38 1 2 4.89393939393939
159.476 0 136.719902559049 "LDA" 38 1 2 4.92929292929293
161.496 0 138.378172059406 "LDA" 38 1 2 4.96464646464646
163.751 0 139.589219315638 "LDA" 38 1 2 5
14.454 0 10.8617614529993 "uLSIF" 38 1 2 1.5
14.913 0 11.131187462905 "uLSIF" 38 1 2 1.53535353535354
15.389 0 11.4482636998692 "uLSIF" 38 1 2 1.57070707070707
15.839 0 11.5785639067262 "uLSIF" 38 1 2 1.60606060606061
16.054 0 11.6236910744477 "uLSIF" 38 1 2 1.64141414141414
16.553 0 12.0776264249256 "uLSIF" 38 1 2 1.67676767676768
17.047 0 12.3885538811948 "uLSIF" 38 1 2 1.71212121212121
17.441 0 12.6051342082664 "uLSIF" 38 1 2 1.74747474747475
17.913 0 12.7984855444788 "uLSIF" 38 1 2 1.78282828282828
18.389 0 13.3473529522086 "uLSIF" 38 1 2 1.81818181818182
18.975 0 14.1714220953369 "uLSIF" 38 1 2 1.85353535353535
19.474 0 14.6933733097345 "uLSIF" 38 1 2 1.88888888888889
19.996 0 15.1612614200748 "uLSIF" 38 1 2 1.92424242424242
20.541 0 15.5371078621705 "uLSIF" 38 1 2 1.95959595959596
21.211 0 16.0882351521325 "uLSIF" 38 1 2 1.99494949494949
21.771 0 16.6116979116377 "uLSIF" 38 1 2 2.03030303030303
22.184 0 16.6585008223924 "uLSIF" 38 1 2 2.06565656565657
22.675 0 16.9736702124343 "uLSIF" 38 1 2 2.1010101010101
23.273 0 17.1363393151841 "uLSIF" 38 1 2 2.13636363636364
23.857 0 17.5585550047222 "uLSIF" 38 1 2 2.17171717171717
24.309 0 17.774798521009 "uLSIF" 38 1 2 2.20707070707071
24.877 0 18.3951692912366 "uLSIF" 38 1 2 2.24242424242424
25.33 0 18.4017859384823 "uLSIF" 38 1 2 2.27777777777778
25.789 0 18.5096484592789 "uLSIF" 38 1 2 2.31313131313131
26.121 0 18.5898881907058 "uLSIF" 38 1 2 2.34848484848485
26.675 0 19.0248605860942 "uLSIF" 38 1 2 2.38383838383838
27.362 0 20.1734460101373 "uLSIF" 38 1 2 2.41919191919192
27.894 0 20.4295896222154 "uLSIF" 38 1 2 2.45454545454545
28.537 0 21.1338418246723 "uLSIF" 38 1 2 2.48989898989899
28.918 0 21.2236122683609 "uLSIF" 38 1 2 2.52525252525253
29.581 0 21.8113542489726 "uLSIF" 38 1 2 2.56060606060606
30.227 0 22.2682137663609 "uLSIF" 38 1 2 2.5959595959596
30.579 0 22.5830855897673 "uLSIF" 38 1 2 2.63131313131313
31.082 0 23.1698104462707 "uLSIF" 38 1 2 2.66666666666667
31.93 0 23.661254298007 "uLSIF" 38 1 2 2.7020202020202
32.432 0 24.5232290851911 "uLSIF" 38 1 2 2.73737373737374
32.785 0 24.6794215663343 "uLSIF" 38 1 2 2.77272727272727
33.467 0 24.9256935951881 "uLSIF" 38 1 2 2.80808080808081
34.264 0 25.6569012271666 "uLSIF" 38 1 2 2.84343434343434
34.839 0 26.4433040168457 "uLSIF" 38 1 2 2.87878787878788
35.271 0 26.5575763928839 "uLSIF" 38 1 2 2.91414141414141
35.892 0 27.0080686420146 "uLSIF" 38 1 2 2.94949494949495
36.331 0 27.1064973982475 "uLSIF" 38 1 2 2.98484848484848
37.189 0 28.2477470643981 "uLSIF" 38 1 2 3.02020202020202
37.811 0 28.5998116816917 "uLSIF" 38 1 2 3.05555555555556
38.614 0 29.6475965970934 "uLSIF" 38 1 2 3.09090909090909
39.394 0 29.9099543525123 "uLSIF" 38 1 2 3.12626262626263
40.306 0 30.7435119582576 "uLSIF" 38 1 2 3.16161616161616
41.086 0 31.1794284867565 "uLSIF" 38 1 2 3.1969696969697
41.821 0 31.8903426283405 "uLSIF" 38 1 2 3.23232323232323
42.325 0 32.3222849610776 "uLSIF" 38 1 2 3.26767676767677
42.688 0 32.4177971116109 "uLSIF" 38 1 2 3.3030303030303
43.33 0 33.2717012806094 "uLSIF" 38 1 2 3.33838383838384
43.827 0 33.5485405878643 "uLSIF" 38 1 2 3.37373737373737
44.485 0 33.6742888972096 "uLSIF" 38 1 2 3.40909090909091
44.955 0 34.3040193088323 "uLSIF" 38 1 2 3.44444444444444
45.596 0 34.7204016435624 "uLSIF" 38 1 2 3.47979797979798
46.208 0 34.992502214206 "uLSIF" 38 1 2 3.51515151515152
46.778 0 35.5853767021657 "uLSIF" 38 1 2 3.55050505050505
47.113 0 35.6621651196478 "uLSIF" 38 1 2 3.58585858585859
47.788 0 36.0173889712776 "uLSIF" 38 1 2 3.62121212121212
48.619 0 36.3921451308827 "uLSIF" 38 1 2 3.65656565656566
49.163 0 36.5613068716117 "uLSIF" 38 1 2 3.69191919191919
49.658 0 36.9517586654339 "uLSIF" 38 1 2 3.72727272727273
50.574 0 37.6531842781761 "uLSIF" 38 1 2 3.76262626262626
50.89 0 37.7805408811106 "uLSIF" 38 1 2 3.7979797979798
51.571 0 38.1954690094631 "uLSIF" 38 1 2 3.83333333333333
52.093 0 38.377482749422 "uLSIF" 38 1 2 3.86868686868687
52.441 0 38.4531033878952 "uLSIF" 38 1 2 3.9040404040404
53.178 0 38.6431573452482 "uLSIF" 38 1 2 3.93939393939394
53.728 0 38.9973179437613 "uLSIF" 38 1 2 3.97474747474747
54.234 0 39.1372069131787 "uLSIF" 38 1 2 4.01010101010101
54.767 0 39.3961008700577 "uLSIF" 38 1 2 4.04545454545454
55.323 0 39.6711036835058 "uLSIF" 38 1 2 4.08080808080808
56.493 0 41.2626047839149 "uLSIF" 38 1 2 4.11616161616162
57.211 0 41.9266302166215 "uLSIF" 38 1 2 4.15151515151515
58.013 0 42.254375670021 "uLSIF" 38 1 2 4.18686868686869
58.691 0 42.4287133285316 "uLSIF" 38 1 2 4.22222222222222
59.261 0 42.6878100647963 "uLSIF" 38 1 2 4.25757575757576
60.108 0 42.8524523063578 "uLSIF" 38 1 2 4.29292929292929
60.797 0 43.050704455957 "uLSIF" 38 1 2 4.32828282828283
61.288 0 43.2207715235521 "uLSIF" 38 1 2 4.36363636363636
62.126 0 44.057589530014 "uLSIF" 38 1 2 4.3989898989899
62.841 0 44.6094128936788 "uLSIF" 38 1 2 4.43434343434343
63.622 0 44.7846712925615 "uLSIF" 38 1 2 4.46969696969697
64.586 0 46.0929404916107 "uLSIF" 38 1 2 4.50505050505051
65.539 0 46.2753485874162 "uLSIF" 38 1 2 4.54040404040404
66.277 0 47.1875930721195 "uLSIF" 38 1 2 4.57575757575758
66.903 0 47.3568185086293 "uLSIF" 38 1 2 4.61111111111111
67.865 0 47.6391253200692 "uLSIF" 38 1 2 4.64646464646465
68.266 0 47.6562310759082 "uLSIF" 38 1 2 4.68181818181818
68.917 0 47.9138586303467 "uLSIF" 38 1 2 4.71717171717172
69.761 0 48.3680405468978 "uLSIF" 38 1 2 4.75252525252525
70.802 0 49.3201304871679 "uLSIF" 38 1 2 4.78787878787879
71.368 0 49.6964416463826 "uLSIF" 38 1 2 4.82323232323232
72.01 0 49.911191400597 "uLSIF" 38 1 2 4.85858585858586
72.902 0 50.2315000731573 "uLSIF" 38 1 2 4.89393939393939
73.607 0 50.2955882478493 "uLSIF" 38 1 2 4.92929292929293
74.296 0 50.3298467857541 "uLSIF" 38 1 2 4.96464646464646
74.868 0 50.7402320367886 "uLSIF" 38 1 2 5
