128.11 14.36 0 0 "KDE LDA" 28 3000 2.5
131.04 14.385 0 0 "KDE LDA" 28 3000 2.51010101010101
132.67 14.62 0 0 "KDE LDA" 28 3000 2.52020202020202
139.155 14.685 0 0 "KDE LDA" 28 3000 2.53030303030303
141.445 14.745 0 0 "KDE LDA" 28 3000 2.54040404040404
141.445 14.75 0 0 "KDE LDA" 28 3000 2.55050505050505
143.34 14.755 0 0 "KDE LDA" 28 3000 2.56060606060606
143.36 14.77 0 0 "KDE LDA" 28 3000 2.57070707070707
143.825 14.775 0 0 "KDE LDA" 28 3000 2.58080808080808
144.42 14.9 0 0 "KDE LDA" 28 3000 2.59090909090909
147.275 15.015 0 0 "KDE LDA" 28 3000 2.6010101010101
147.58 15.1 0 0 "KDE LDA" 28 3000 2.61111111111111
148.005 15.16 0 0 "KDE LDA" 28 3000 2.62121212121212
148.625 15.195 0 0 "KDE LDA" 28 3000 2.63131313131313
150.355 15.335 0 0 "KDE LDA" 28 3000 2.64141414141414
151.065 15.76 0 0 "KDE LDA" 28 3000 2.65151515151515
155.845 15.915 0 0 "KDE LDA" 28 3000 2.66161616161616
167.94 16.44 0 0 "KDE LDA" 28 3000 2.67171717171717
169.54 16.47 0 0 "KDE LDA" 28 3000 2.68181818181818
170.875 16.48 0 0 "KDE LDA" 28 3000 2.69191919191919
173.135 16.555 0 0 "KDE LDA" 28 3000 2.7020202020202
176.895 16.555 0 0 "KDE LDA" 28 3000 2.71212121212121
180.405 16.58 0 0 "KDE LDA" 28 3000 2.72222222222222
181.745 16.605 0 0 "KDE LDA" 28 3000 2.73232323232323
183.6 16.7 0 0 "KDE LDA" 28 3000 2.74242424242424
184.63 16.73 0 0 "KDE LDA" 28 3000 2.75252525252525
185.245 16.915 0 0 "KDE LDA" 28 3000 2.76262626262626
186.87 16.97 0 0 "KDE LDA" 28 3000 2.77272727272727
191.705 17.18 0 0 "KDE LDA" 28 3000 2.78282828282828
199.075 17.215 0 0 "KDE LDA" 28 3000 2.79292929292929
233.59 17.69 0 0 "KDE LDA" 28 3000 2.8030303030303
235.415 17.74 0 0 "KDE LDA" 28 3000 2.81313131313131
237.985 17.8 0 0 "KDE LDA" 28 3000 2.82323232323232
240.755 17.805 0 0 "KDE LDA" 28 3000 2.83333333333333
243.07 17.86 0 0 "KDE LDA" 28 3000 2.84343434343434
247.24 17.88 0 0 "KDE LDA" 28 3000 2.85353535353535
247.25 18 0 0 "KDE LDA" 28 3000 2.86363636363636
251.21 18.065 0 0 "KDE LDA" 28 3000 2.87373737373737
252.27 18.08 0 0 "KDE LDA" 28 3000 2.88383838383838
256.05 18.105 0 0 "KDE LDA" 28 3000 2.89393939393939
257.345 18.12 0 0 "KDE LDA" 28 3000 2.9040404040404
257.355 18.14 0 0 "KDE LDA" 28 3000 2.91414141414141
259.945 18.17 0 0 "KDE LDA" 28 3000 2.92424242424242
263.06 18.19 0 0 "KDE LDA" 28 3000 2.93434343434343
266.15 18.22 0 0 "KDE LDA" 28 3000 2.94444444444444
268.705 18.235 0 0 "KDE LDA" 28 3000 2.95454545454545
273.96 18.45 0 0 "KDE LDA" 28 3000 2.96464646464646
279.005 18.48 0 0 "KDE LDA" 28 3000 2.97474747474747
279.02 18.485 0 0 "KDE LDA" 28 3000 2.98484848484848
281.205 18.5 0 0 "KDE LDA" 28 3000 2.99494949494949
282.56 18.54 0 0 "KDE LDA" 28 3000 3.00505050505051
285.06 18.67 0 0 "KDE LDA" 28 3000 3.01515151515152
285.78 19.02 0 0 "KDE LDA" 28 3000 3.02525252525253
285.81 19.04 0 0 "KDE LDA" 28 3000 3.03535353535354
292.675 19.05 0 0 "KDE LDA" 28 3000 3.04545454545455
295.9 19.135 0 0 "KDE LDA" 28 3000 3.05555555555556
300.13 19.195 0 0 "KDE LDA" 28 3000 3.06565656565657
305.57 19.28 0 0 "KDE LDA" 28 3000 3.07575757575758
312.945 19.33 0 0 "KDE LDA" 28 3000 3.08585858585859
316.185 19.41 0 0 "KDE LDA" 28 3000 3.0959595959596
317.705 19.525 0 0 "KDE LDA" 28 3000 3.10606060606061
318.66 19.54 0 0 "KDE LDA" 28 3000 3.11616161616162
325.13 19.56 0 0 "KDE LDA" 28 3000 3.12626262626263
334.735 19.655 0 0 "KDE LDA" 28 3000 3.13636363636364
334.78 19.675 0 0 "KDE LDA" 28 3000 3.14646464646465
336.645 19.69 0 0 "KDE LDA" 28 3000 3.15656565656566
337.98 19.705 0 0 "KDE LDA" 28 3000 3.16666666666667
340.58 19.725 0 0 "KDE LDA" 28 3000 3.17676767676768
345.695 19.78 0 0 "KDE LDA" 28 3000 3.18686868686869
347.435 19.915 0 0 "KDE LDA" 28 3000 3.1969696969697
347.475 20.005 0 0 "KDE LDA" 28 3000 3.20707070707071
354.66 20.03 0 0 "KDE LDA" 28 3000 3.21717171717172
384.13 20.3 0 0 "KDE LDA" 28 3000 3.22727272727273
386.99 20.32 0 0 "KDE LDA" 28 3000 3.23737373737374
395.78 20.375 0 0 "KDE LDA" 28 3000 3.24747474747475
396.525 20.39 0 0 "KDE LDA" 28 3000 3.25757575757576
397.205 20.39 0 0 "KDE LDA" 28 3000 3.26767676767677
401.67 20.425 0 0 "KDE LDA" 28 3000 3.27777777777778
401.695 20.575 0 0 "KDE LDA" 28 3000 3.28787878787879
407.39 20.595 0 0 "KDE LDA" 28 3000 3.2979797979798
408.865 20.745 0 0 "KDE LDA" 28 3000 3.30808080808081
410.585 20.83 0 0 "KDE LDA" 28 3000 3.31818181818182
415.26 20.86 0 0 "KDE LDA" 28 3000 3.32828282828283
421.665 20.89 0 0 "KDE LDA" 28 3000 3.33838383838384
439.235 20.99 0 0 "KDE LDA" 28 3000 3.34848484848485
475.655 21.36 0 0 "KDE LDA" 28 3000 3.35858585858586
479.555 21.565 0 0 "KDE LDA" 28 3000 3.36868686868687
485.875 21.615 0 0 "KDE LDA" 28 3000 3.37878787878788
495.21 21.635 0 0 "KDE LDA" 28 3000 3.38888888888889
495.225 21.64 0 0 "KDE LDA" 28 3000 3.3989898989899
497.8 21.655 0 0 "KDE LDA" 28 3000 3.40909090909091
503.12 21.7 0 0 "KDE LDA" 28 3000 3.41919191919192
503.135 21.745 0 0 "KDE LDA" 28 3000 3.42929292929293
506.02 21.975 0 0 "KDE LDA" 28 3000 3.43939393939394
506.02 21.975 0 0 "KDE LDA" 28 3000 3.44949494949495
508.28 22.055 0 0 "KDE LDA" 28 3000 3.45959595959596
514.7 22.075 0 0 "KDE LDA" 28 3000 3.46969696969697
519.01 22.105 0 0 "KDE LDA" 28 3000 3.47979797979798
526.985 22.19 0 0 "KDE LDA" 28 3000 3.48989898989899
534.245 22.235 0 0 "KDE LDA" 28 3000 3.5
109.935 11.98 0 0 "KDE QDA" 28 3000 2.7
111.025 11.99 0 0 "KDE QDA" 28 3000 2.71010101010101
111.025 11.99 0 0 "KDE QDA" 28 3000 2.72020202020202
111.025 11.99 0 0 "KDE QDA" 28 3000 2.73030303030303
111.025 11.99 0 0 "KDE QDA" 28 3000 2.74040404040404
111.025 11.99 0 0 "KDE QDA" 28 3000 2.75050505050505
111.04 11.99 0 0 "KDE QDA" 28 3000 2.76060606060606
111.24 11.99 0 0 "KDE QDA" 28 3000 2.77070707070707
111.245 12.02 0 0 "KDE QDA" 28 3000 2.78080808080808
111.765 12.025 0 0 "KDE QDA" 28 3000 2.79090909090909
144.67 13.525 0 0 "KDE QDA" 28 3000 2.8010101010101
145.265 13.55 0 0 "KDE QDA" 28 3000 2.81111111111111
145.265 13.55 0 0 "KDE QDA" 28 3000 2.82121212121212
150.915 13.615 0 0 "KDE QDA" 28 3000 2.83131313131313
151.12 13.615 0 0 "KDE QDA" 28 3000 2.84141414141414
151.235 13.615 0 0 "KDE QDA" 28 3000 2.85151515151515
151.24 13.62 0 0 "KDE QDA" 28 3000 2.86161616161616
151.245 13.62 0 0 "KDE QDA" 28 3000 2.87171717171717
151.245 13.625 0 0 "KDE QDA" 28 3000 2.88181818181818
151.81 13.625 0 0 "KDE QDA" 28 3000 2.89191919191919
151.81 13.625 0 0 "KDE QDA" 28 3000 2.9020202020202
151.81 13.625 0 0 "KDE QDA" 28 3000 2.91212121212121
151.81 13.625 0 0 "KDE QDA" 28 3000 2.92222222222222
151.81 13.625 0 0 "KDE QDA" 28 3000 2.93232323232323
151.81 13.625 0 0 "KDE QDA" 28 3000 2.94242424242424
151.81 13.625 0 0 "KDE QDA" 28 3000 2.95252525252525
157.985 13.87 0 0 "KDE QDA" 28 3000 2.96262626262626
158.005 13.875 0 0 "KDE QDA" 28 3000 2.97272727272727
158.04 13.885 0 0 "KDE QDA" 28 3000 2.98282828282828
159.345 13.89 0 0 "KDE QDA" 28 3000 2.99292929292929
159.37 13.89 0 0 "KDE QDA" 28 3000 3.0030303030303
159.37 13.915 0 0 "KDE QDA" 28 3000 3.01313131313131
159.37 13.92 0 0 "KDE QDA" 28 3000 3.02323232323232
159.37 13.92 0 0 "KDE QDA" 28 3000 3.03333333333333
159.37 13.92 0 0 "KDE QDA" 28 3000 3.04343434343434
159.41 13.92 0 0 "KDE QDA" 28 3000 3.05353535353535
159.41 13.925 0 0 "KDE QDA" 28 3000 3.06363636363636
159.605 13.925 0 0 "KDE QDA" 28 3000 3.07373737373737
159.63 13.925 0 0 "KDE QDA" 28 3000 3.08383838383838
174.57 14.55 0 0 "KDE QDA" 28 3000 3.09393939393939
175.97 14.565 0 0 "KDE QDA" 28 3000 3.1040404040404
176.17 14.565 0 0 "KDE QDA" 28 3000 3.11414141414141
176.755 14.585 0 0 "KDE QDA" 28 3000 3.12424242424242
176.785 14.59 0 0 "KDE QDA" 28 3000 3.13434343434343
176.945 14.595 0 0 "KDE QDA" 28 3000 3.14444444444444
176.95 14.6 0 0 "KDE QDA" 28 3000 3.15454545454545
176.95 14.605 0 0 "KDE QDA" 28 3000 3.16464646464646
176.95 14.605 0 0 "KDE QDA" 28 3000 3.17474747474748
179.795 14.605 0 0 "KDE QDA" 28 3000 3.18484848484849
179.795 14.71 0 0 "KDE QDA" 28 3000 3.19494949494949
179.8 14.71 0 0 "KDE QDA" 28 3000 3.20505050505051
179.8 14.71 0 0 "KDE QDA" 28 3000 3.21515151515152
213.23 15.215 0 0 "KDE QDA" 28 3000 3.22525252525253
215.23 15.22 0 0 "KDE QDA" 28 3000 3.23535353535354
215.23 15.235 0 0 "KDE QDA" 28 3000 3.24545454545455
224.46 15.31 0 0 "KDE QDA" 28 3000 3.25555555555556
225.25 15.32 0 0 "KDE QDA" 28 3000 3.26565656565657
225.3 15.325 0 0 "KDE QDA" 28 3000 3.27575757575758
225.32 15.325 0 0 "KDE QDA" 28 3000 3.28585858585859
225.725 15.33 0 0 "KDE QDA" 28 3000 3.2959595959596
226.305 15.345 0 0 "KDE QDA" 28 3000 3.30606060606061
226.31 15.345 0 0 "KDE QDA" 28 3000 3.31616161616162
226.315 15.345 0 0 "KDE QDA" 28 3000 3.32626262626263
227.135 15.455 0 0 "KDE QDA" 28 3000 3.33636363636364
227.135 15.455 0 0 "KDE QDA" 28 3000 3.34646464646465
227.135 15.46 0 0 "KDE QDA" 28 3000 3.35656565656566
268.695 16.15 0 0 "KDE QDA" 28 3000 3.36666666666667
268.705 16.15 0 0 "KDE QDA" 28 3000 3.37676767676768
271.17 16.515 0 0 "KDE QDA" 28 3000 3.38686868686869
272.115 16.55 0 0 "KDE QDA" 28 3000 3.3969696969697
274.6 16.55 0 0 "KDE QDA" 28 3000 3.40707070707071
276.835 16.57 0 0 "KDE QDA" 28 3000 3.41717171717172
277.11 16.61 0 0 "KDE QDA" 28 3000 3.42727272727273
277.115 16.635 0 0 "KDE QDA" 28 3000 3.43737373737374
278.235 16.635 0 0 "KDE QDA" 28 3000 3.44747474747475
279.74 16.635 0 0 "KDE QDA" 28 3000 3.45757575757576
279.74 16.705 0 0 "KDE QDA" 28 3000 3.46767676767677
279.74 16.705 0 0 "KDE QDA" 28 3000 3.47777777777778
279.74 16.705 0 0 "KDE QDA" 28 3000 3.48787878787879
279.74 16.705 0 0 "KDE QDA" 28 3000 3.4979797979798
279.74 16.705 0 0 "KDE QDA" 28 3000 3.50808080808081
297.165 17.01 0 0 "KDE QDA" 28 3000 3.51818181818182
300.26 17.06 0 0 "KDE QDA" 28 3000 3.52828282828283
300.295 17.065 0 0 "KDE QDA" 28 3000 3.53838383838384
302.82 17.17 0 0 "KDE QDA" 28 3000 3.54848484848485
302.82 17.175 0 0 "KDE QDA" 28 3000 3.55858585858586
303.43 17.19 0 0 "KDE QDA" 28 3000 3.56868686868687
303.43 17.19 0 0 "KDE QDA" 28 3000 3.57878787878788
303.43 17.2 0 0 "KDE QDA" 28 3000 3.58888888888889
303.785 17.2 0 0 "KDE QDA" 28 3000 3.5989898989899
306.21 17.205 0 0 "KDE QDA" 28 3000 3.60909090909091
306.21 17.23 0 0 "KDE QDA" 28 3000 3.61919191919192
307.055 17.255 0 0 "KDE QDA" 28 3000 3.62929292929293
307.055 17.255 0 0 "KDE QDA" 28 3000 3.63939393939394
307.055 17.255 0 0 "KDE QDA" 28 3000 3.64949494949495
332.615 17.745 0 0 "KDE QDA" 28 3000 3.65959595959596
332.615 17.79 0 0 "KDE QDA" 28 3000 3.66969696969697
338.92 17.805 0 0 "KDE QDA" 28 3000 3.67979797979798
341.425 17.805 0 0 "KDE QDA" 28 3000 3.68989898989899
344.66 17.81 0 0 "KDE QDA" 28 3000 3.7
