126.35 15.885 0 0 "KDE LDA" 40 600 2.3
128.265 15.885 0 0 "KDE LDA" 40 600 2.31010101010101
129.53 15.89 0 0 "KDE LDA" 40 600 2.32020202020202
130.89 15.89 0 0 "KDE LDA" 40 600 2.33030303030303
130.895 15.98 0 0 "KDE LDA" 40 600 2.34040404040404
130.91 16.02 0 0 "KDE LDA" 40 600 2.35050505050505
133.435 16.02 0 0 "KDE LDA" 40 600 2.36060606060606
136.05 16.03 0 0 "KDE LDA" 40 600 2.37070707070707
138.51 16.045 0 0 "KDE LDA" 40 600 2.38080808080808
138.53 16.165 0 0 "KDE LDA" 40 600 2.39090909090909
141.305 16.19 0 0 "KDE LDA" 40 600 2.4010101010101
142.71 16.21 0 0 "KDE LDA" 40 600 2.41111111111111
144.11 16.21 0 0 "KDE LDA" 40 600 2.42121212121212
144.54 16.3 0 0 "KDE LDA" 40 600 2.43131313131313
144.545 16.325 0 0 "KDE LDA" 40 600 2.44141414141414
144.545 16.375 0 0 "KDE LDA" 40 600 2.45151515151515
145.15 16.375 0 0 "KDE LDA" 40 600 2.46161616161616
145.625 16.41 0 0 "KDE LDA" 40 600 2.47171717171717
146.185 16.74 0 0 "KDE LDA" 40 600 2.48181818181818
147.32 16.755 0 0 "KDE LDA" 40 600 2.49191919191919
147.515 16.78 0 0 "KDE LDA" 40 600 2.5020202020202
147.55 16.83 0 0 "KDE LDA" 40 600 2.51212121212121
150.135 16.86 0 0 "KDE LDA" 40 600 2.52222222222222
158.605 17.285 0 0 "KDE LDA" 40 600 2.53232323232323
159.365 17.305 0 0 "KDE LDA" 40 600 2.54242424242424
159.365 17.345 0 0 "KDE LDA" 40 600 2.55252525252525
159.375 17.37 0 0 "KDE LDA" 40 600 2.56262626262626
159.5 17.385 0 0 "KDE LDA" 40 600 2.57272727272727
159.915 17.385 0 0 "KDE LDA" 40 600 2.58282828282828
159.915 17.435 0 0 "KDE LDA" 40 600 2.59292929292929
159.92 17.49 0 0 "KDE LDA" 40 600 2.6030303030303
160.615 17.61 0 0 "KDE LDA" 40 600 2.61313131313131
160.76 17.695 0 0 "KDE LDA" 40 600 2.62323232323232
165.815 17.7 0 0 "KDE LDA" 40 600 2.63333333333333
166.695 17.77 0 0 "KDE LDA" 40 600 2.64343434343434
166.71 17.79 0 0 "KDE LDA" 40 600 2.65353535353535
171.46 17.85 0 0 "KDE LDA" 40 600 2.66363636363636
191.14 18.03 0 0 "KDE LDA" 40 600 2.67373737373737
194.35 18.035 0 0 "KDE LDA" 40 600 2.68383838383838
197.55 18.035 0 0 "KDE LDA" 40 600 2.69393939393939
197.555 18.065 0 0 "KDE LDA" 40 600 2.7040404040404
197.565 18.135 0 0 "KDE LDA" 40 600 2.71414141414141
197.57 18.14 0 0 "KDE LDA" 40 600 2.72424242424242
198.325 18.195 0 0 "KDE LDA" 40 600 2.73434343434343
198.415 18.24 0 0 "KDE LDA" 40 600 2.74444444444444
199.475 18.28 0 0 "KDE LDA" 40 600 2.75454545454545
199.755 18.305 0 0 "KDE LDA" 40 600 2.76464646464646
205.32 18.33 0 0 "KDE LDA" 40 600 2.77474747474747
207.065 18.39 0 0 "KDE LDA" 40 600 2.78484848484848
216.85 18.515 0 0 "KDE LDA" 40 600 2.79494949494949
261.705 19.055 0 0 "KDE LDA" 40 600 2.80505050505051
262.325 19.21 0 0 "KDE LDA" 40 600 2.81515151515151
269.54 19.295 0 0 "KDE LDA" 40 600 2.82525252525252
277.335 19.365 0 0 "KDE LDA" 40 600 2.83535353535354
277.895 19.37 0 0 "KDE LDA" 40 600 2.84545454545455
277.915 19.375 0 0 "KDE LDA" 40 600 2.85555555555556
277.915 19.39 0 0 "KDE LDA" 40 600 2.86565656565657
278.325 19.395 0 0 "KDE LDA" 40 600 2.87575757575758
278.345 19.395 0 0 "KDE LDA" 40 600 2.88585858585859
283.975 19.42 0 0 "KDE LDA" 40 600 2.8959595959596
283.98 19.43 0 0 "KDE LDA" 40 600 2.90606060606061
283.98 19.45 0 0 "KDE LDA" 40 600 2.91616161616162
283.99 19.455 0 0 "KDE LDA" 40 600 2.92626262626263
288.24 19.76 0 0 "KDE LDA" 40 600 2.93636363636364
291.37 19.785 0 0 "KDE LDA" 40 600 2.94646464646465
294.12 19.935 0 0 "KDE LDA" 40 600 2.95656565656566
306.47 19.98 0 0 "KDE LDA" 40 600 2.96666666666667
306.52 19.985 0 0 "KDE LDA" 40 600 2.97676767676768
307.25 20.005 0 0 "KDE LDA" 40 600 2.98686868686869
309.645 20.105 0 0 "KDE LDA" 40 600 2.9969696969697
314.875 20.155 0 0 "KDE LDA" 40 600 3.00707070707071
315.2 20.16 0 0 "KDE LDA" 40 600 3.01717171717172
320.585 20.16 0 0 "KDE LDA" 40 600 3.02727272727273
323.275 20.18 0 0 "KDE LDA" 40 600 3.03737373737374
324.375 20.2 0 0 "KDE LDA" 40 600 3.04747474747475
326.11 20.42 0 0 "KDE LDA" 40 600 3.05757575757576
327.375 20.5 0 0 "KDE LDA" 40 600 3.06767676767677
338.225 20.56 0 0 "KDE LDA" 40 600 3.07777777777778
347.13 20.665 0 0 "KDE LDA" 40 600 3.08787878787879
355.09 20.78 0 0 "KDE LDA" 40 600 3.0979797979798
360.61 20.78 0 0 "KDE LDA" 40 600 3.10808080808081
364.92 20.805 0 0 "KDE LDA" 40 600 3.11818181818182
372.61 20.81 0 0 "KDE LDA" 40 600 3.12828282828283
372.615 20.86 0 0 "KDE LDA" 40 600 3.13838383838384
378.51 20.865 0 0 "KDE LDA" 40 600 3.14848484848485
379.675 20.895 0 0 "KDE LDA" 40 600 3.15858585858586
379.68 20.97 0 0 "KDE LDA" 40 600 3.16868686868687
379.68 21.3 0 0 "KDE LDA" 40 600 3.17878787878788
379.84 21.35 0 0 "KDE LDA" 40 600 3.18888888888889
384.655 21.4 0 0 "KDE LDA" 40 600 3.1989898989899
399.075 21.6 0 0 "KDE LDA" 40 600 3.20909090909091
408.65 21.73 0 0 "KDE LDA" 40 600 3.21919191919192
435.505 22.32 0 0 "KDE LDA" 40 600 3.22929292929293
436.465 22.38 0 0 "KDE LDA" 40 600 3.23939393939394
437.745 22.385 0 0 "KDE LDA" 40 600 3.24949494949495
438.35 22.405 0 0 "KDE LDA" 40 600 3.25959595959596
442.585 22.415 0 0 "KDE LDA" 40 600 3.26969696969697
443.24 22.425 0 0 "KDE LDA" 40 600 3.27979797979798
446.295 22.43 0 0 "KDE LDA" 40 600 3.28989898989899
451.815 22.45 0 0 "KDE LDA" 40 600 3.3
224.36 20.43 0 0 "KDE QDA" 40 600 4.5
226.695 20.525 0 0 "KDE QDA" 40 600 4.51010101010101
226.76 20.555 0 0 "KDE QDA" 40 600 4.52020202020202
228.765 20.56 0 0 "KDE QDA" 40 600 4.53030303030303
228.85 20.57 0 0 "KDE QDA" 40 600 4.54040404040404
228.915 20.575 0 0 "KDE QDA" 40 600 4.55050505050505
234.745 20.585 0 0 "KDE QDA" 40 600 4.56060606060606
235.8 20.595 0 0 "KDE QDA" 40 600 4.57070707070707
241.795 20.655 0 0 "KDE QDA" 40 600 4.58080808080808
242.315 20.685 0 0 "KDE QDA" 40 600 4.59090909090909
242.35 20.695 0 0 "KDE QDA" 40 600 4.6010101010101
242.37 20.74 0 0 "KDE QDA" 40 600 4.61111111111111
242.39 20.94 0 0 "KDE QDA" 40 600 4.62121212121212
242.825 20.97 0 0 "KDE QDA" 40 600 4.63131313131313
251.38 21.11 0 0 "KDE QDA" 40 600 4.64141414141414
251.575 21.125 0 0 "KDE QDA" 40 600 4.65151515151515
251.62 21.18 0 0 "KDE QDA" 40 600 4.66161616161616
252.395 21.195 0 0 "KDE QDA" 40 600 4.67171717171717
255.165 21.205 0 0 "KDE QDA" 40 600 4.68181818181818
255.24 21.23 0 0 "KDE QDA" 40 600 4.69191919191919
255.24 21.235 0 0 "KDE QDA" 40 600 4.7020202020202
256.605 21.24 0 0 "KDE QDA" 40 600 4.71212121212121
256.64 21.245 0 0 "KDE QDA" 40 600 4.72222222222222
261.585 21.25 0 0 "KDE QDA" 40 600 4.73232323232323
262.26 21.27 0 0 "KDE QDA" 40 600 4.74242424242424
263.505 21.275 0 0 "KDE QDA" 40 600 4.75252525252525
263.99 21.28 0 0 "KDE QDA" 40 600 4.76262626262626
274.04 21.7 0 0 "KDE QDA" 40 600 4.77272727272727
275.75 21.7 0 0 "KDE QDA" 40 600 4.78282828282828
277.88 21.71 0 0 "KDE QDA" 40 600 4.79292929292929
279.685 21.74 0 0 "KDE QDA" 40 600 4.8030303030303
280.585 21.745 0 0 "KDE QDA" 40 600 4.81313131313131
280.645 21.745 0 0 "KDE QDA" 40 600 4.82323232323232
283.075 21.75 0 0 "KDE QDA" 40 600 4.83333333333333
289.005 21.855 0 0 "KDE QDA" 40 600 4.84343434343434
292.075 21.87 0 0 "KDE QDA" 40 600 4.85353535353535
292.15 21.895 0 0 "KDE QDA" 40 600 4.86363636363636
294.065 21.91 0 0 "KDE QDA" 40 600 4.87373737373737
294.105 21.92 0 0 "KDE QDA" 40 600 4.88383838383838
298.235 21.925 0 0 "KDE QDA" 40 600 4.89393939393939
309.24 22.255 0 0 "KDE QDA" 40 600 4.9040404040404
312.28 22.29 0 0 "KDE QDA" 40 600 4.91414141414141
312.395 22.51 0 0 "KDE QDA" 40 600 4.92424242424242
313.7 22.61 0 0 "KDE QDA" 40 600 4.93434343434343
314.095 22.685 0 0 "KDE QDA" 40 600 4.94444444444444
317.8 22.7 0 0 "KDE QDA" 40 600 4.95454545454546
317.825 22.7 0 0 "KDE QDA" 40 600 4.96464646464646
317.84 22.72 0 0 "KDE QDA" 40 600 4.97474747474747
320.52 22.72 0 0 "KDE QDA" 40 600 4.98484848484848
320.545 22.73 0 0 "KDE QDA" 40 600 4.99494949494949
320.965 22.84 0 0 "KDE QDA" 40 600 5.00505050505051
322.83 22.85 0 0 "KDE QDA" 40 600 5.01515151515152
326.61 22.875 0 0 "KDE QDA" 40 600 5.02525252525253
331.14 22.95 0 0 "KDE QDA" 40 600 5.03535353535354
337.695 23.34 0 0 "KDE QDA" 40 600 5.04545454545455
337.705 23.345 0 0 "KDE QDA" 40 600 5.05555555555556
339.46 23.54 0 0 "KDE QDA" 40 600 5.06565656565657
339.505 23.555 0 0 "KDE QDA" 40 600 5.07575757575758
342.15 23.57 0 0 "KDE QDA" 40 600 5.08585858585859
343.845 23.62 0 0 "KDE QDA" 40 600 5.0959595959596
347.69 23.62 0 0 "KDE QDA" 40 600 5.10606060606061
352.535 23.665 0 0 "KDE QDA" 40 600 5.11616161616162
357.815 23.67 0 0 "KDE QDA" 40 600 5.12626262626263
357.815 23.68 0 0 "KDE QDA" 40 600 5.13636363636364
357.855 23.68 0 0 "KDE QDA" 40 600 5.14646464646465
361.235 23.71 0 0 "KDE QDA" 40 600 5.15656565656566
366.32 23.71 0 0 "KDE QDA" 40 600 5.16666666666667
366.345 23.72 0 0 "KDE QDA" 40 600 5.17676767676768
366.52 23.745 0 0 "KDE QDA" 40 600 5.18686868686869
372.78 23.8 0 0 "KDE QDA" 40 600 5.1969696969697
372.995 23.815 0 0 "KDE QDA" 40 600 5.20707070707071
373.17 23.855 0 0 "KDE QDA" 40 600 5.21717171717172
381.085 23.9 0 0 "KDE QDA" 40 600 5.22727272727273
381.92 23.92 0 0 "KDE QDA" 40 600 5.23737373737374
382.05 23.95 0 0 "KDE QDA" 40 600 5.24747474747475
382.065 23.975 0 0 "KDE QDA" 40 600 5.25757575757576
382.325 23.99 0 0 "KDE QDA" 40 600 5.26767676767677
384.31 24.07 0 0 "KDE QDA" 40 600 5.27777777777778
385.74 24.085 0 0 "KDE QDA" 40 600 5.28787878787879
386.03 24.095 0 0 "KDE QDA" 40 600 5.2979797979798
387.345 24.115 0 0 "KDE QDA" 40 600 5.30808080808081
390.755 24.13 0 0 "KDE QDA" 40 600 5.31818181818182
395.615 24.2 0 0 "KDE QDA" 40 600 5.32828282828283
406.125 24.335 0 0 "KDE QDA" 40 600 5.33838383838384
406.69 24.35 0 0 "KDE QDA" 40 600 5.34848484848485
409.71 24.385 0 0 "KDE QDA" 40 600 5.35858585858586
414.505 24.415 0 0 "KDE QDA" 40 600 5.36868686868687
414.53 24.45 0 0 "KDE QDA" 40 600 5.37878787878788
414.705 24.485 0 0 "KDE QDA" 40 600 5.38888888888889
418.615 24.51 0 0 "KDE QDA" 40 600 5.3989898989899
418.76 24.535 0 0 "KDE QDA" 40 600 5.40909090909091
419.165 24.535 0 0 "KDE QDA" 40 600 5.41919191919192
420.31 24.545 0 0 "KDE QDA" 40 600 5.42929292929293
420.915 24.645 0 0 "KDE QDA" 40 600 5.43939393939394
425.015 24.655 0 0 "KDE QDA" 40 600 5.44949494949495
426.45 24.785 0 0 "KDE QDA" 40 600 5.45959595959596
429.465 24.975 0 0 "KDE QDA" 40 600 5.46969696969697
429.61 25 0 0 "KDE QDA" 40 600 5.47979797979798
436.285 25.06 0 0 "KDE QDA" 40 600 5.48989898989899
436.29 25.085 0 0 "KDE QDA" 40 600 5.5
