142.63 14.5 0 0 "KDE LDA" 187 2000 2.5
144.275 14.5 0 0 "KDE LDA" 187 2000 2.51010101010101
144.4 14.56 0 0 "KDE LDA" 187 2000 2.52020202020202
148.76 14.79 0 0 "KDE LDA" 187 2000 2.53030303030303
151.16 14.9 0 0 "KDE LDA" 187 2000 2.54040404040404
151.565 14.92 0 0 "KDE LDA" 187 2000 2.55050505050505
151.57 14.945 0 0 "KDE LDA" 187 2000 2.56060606060606
151.84 14.955 0 0 "KDE LDA" 187 2000 2.57070707070707
154.125 15.085 0 0 "KDE LDA" 187 2000 2.58080808080808
154.125 15.11 0 0 "KDE LDA" 187 2000 2.59090909090909
157.12 15.115 0 0 "KDE LDA" 187 2000 2.6010101010101
157.155 15.13 0 0 "KDE LDA" 187 2000 2.61111111111111
158.98 15.135 0 0 "KDE LDA" 187 2000 2.62121212121212
159 15.175 0 0 "KDE LDA" 187 2000 2.63131313131313
162.42 15.245 0 0 "KDE LDA" 187 2000 2.64141414141414
164.14 15.335 0 0 "KDE LDA" 187 2000 2.65151515151515
165.685 15.56 0 0 "KDE LDA" 187 2000 2.66161616161616
173.825 15.77 0 0 "KDE LDA" 187 2000 2.67171717171717
174.965 15.795 0 0 "KDE LDA" 187 2000 2.68181818181818
176.445 15.82 0 0 "KDE LDA" 187 2000 2.69191919191919
180.815 15.965 0 0 "KDE LDA" 187 2000 2.7020202020202
182.28 16.04 0 0 "KDE LDA" 187 2000 2.71212121212121
185.055 16.045 0 0 "KDE LDA" 187 2000 2.72222222222222
187.905 16.05 0 0 "KDE LDA" 187 2000 2.73232323232323
190.48 16.085 0 0 "KDE LDA" 187 2000 2.74242424242424
192.78 16.175 0 0 "KDE LDA" 187 2000 2.75252525252525
196.885 16.2 0 0 "KDE LDA" 187 2000 2.76262626262626
201.64 16.225 0 0 "KDE LDA" 187 2000 2.77272727272727
207.975 16.375 0 0 "KDE LDA" 187 2000 2.78282828282828
215.24 16.855 0 0 "KDE LDA" 187 2000 2.79292929292929
248.06 17.365 0 0 "KDE LDA" 187 2000 2.8030303030303
248.355 17.38 0 0 "KDE LDA" 187 2000 2.81313131313131
249.77 17.935 0 0 "KDE LDA" 187 2000 2.82323232323232
254.13 17.94 0 0 "KDE LDA" 187 2000 2.83333333333333
254.135 17.94 0 0 "KDE LDA" 187 2000 2.84343434343434
254.28 17.96 0 0 "KDE LDA" 187 2000 2.85353535353535
254.295 17.965 0 0 "KDE LDA" 187 2000 2.86363636363636
257.28 18.05 0 0 "KDE LDA" 187 2000 2.87373737373737
258.15 18.06 0 0 "KDE LDA" 187 2000 2.88383838383838
259.75 18.065 0 0 "KDE LDA" 187 2000 2.89393939393939
259.915 18.085 0 0 "KDE LDA" 187 2000 2.9040404040404
259.92 18.125 0 0 "KDE LDA" 187 2000 2.91414141414141
260.98 18.155 0 0 "KDE LDA" 187 2000 2.92424242424242
263.53 18.17 0 0 "KDE LDA" 187 2000 2.93434343434343
265.685 18.295 0 0 "KDE LDA" 187 2000 2.94444444444444
267.145 18.345 0 0 "KDE LDA" 187 2000 2.95454545454545
277.6 18.405 0 0 "KDE LDA" 187 2000 2.96464646464646
277.6 18.41 0 0 "KDE LDA" 187 2000 2.97474747474747
279.48 18.475 0 0 "KDE LDA" 187 2000 2.98484848484848
279.755 18.54 0 0 "KDE LDA" 187 2000 2.99494949494949
282.545 18.57 0 0 "KDE LDA" 187 2000 3.00505050505051
284.91 18.6 0 0 "KDE LDA" 187 2000 3.01515151515152
287.02 18.64 0 0 "KDE LDA" 187 2000 3.02525252525253
287.12 18.715 0 0 "KDE LDA" 187 2000 3.03535353535354
294.165 18.725 0 0 "KDE LDA" 187 2000 3.04545454545455
300.135 18.82 0 0 "KDE LDA" 187 2000 3.05555555555556
300.89 18.825 0 0 "KDE LDA" 187 2000 3.06565656565657
306.485 18.875 0 0 "KDE LDA" 187 2000 3.07575757575758
311.265 18.925 0 0 "KDE LDA" 187 2000 3.08585858585859
315.08 18.97 0 0 "KDE LDA" 187 2000 3.0959595959596
315.35 19.005 0 0 "KDE LDA" 187 2000 3.10606060606061
315.355 19.02 0 0 "KDE LDA" 187 2000 3.11616161616162
322.255 19.03 0 0 "KDE LDA" 187 2000 3.12626262626263
323.755 19.04 0 0 "KDE LDA" 187 2000 3.13636363636364
323.82 19.095 0 0 "KDE LDA" 187 2000 3.14646464646465
330.5 19.115 0 0 "KDE LDA" 187 2000 3.15656565656566
334.775 19.12 0 0 "KDE LDA" 187 2000 3.16666666666667
340.13 19.12 0 0 "KDE LDA" 187 2000 3.17676767676768
340.51 19.17 0 0 "KDE LDA" 187 2000 3.18686868686869
340.955 19.34 0 0 "KDE LDA" 187 2000 3.1969696969697
349.545 19.36 0 0 "KDE LDA" 187 2000 3.20707070707071
362.24 19.495 0 0 "KDE LDA" 187 2000 3.21717171717172
397.365 19.79 0 0 "KDE LDA" 187 2000 3.22727272727273
397.405 19.875 0 0 "KDE LDA" 187 2000 3.23737373737374
407.43 19.955 0 0 "KDE LDA" 187 2000 3.24747474747475
410.715 19.96 0 0 "KDE LDA" 187 2000 3.25757575757576
410.73 20.11 0 0 "KDE LDA" 187 2000 3.26767676767677
412.235 20.12 0 0 "KDE LDA" 187 2000 3.27777777777778
417.595 20.125 0 0 "KDE LDA" 187 2000 3.28787878787879
425.015 20.275 0 0 "KDE LDA" 187 2000 3.2979797979798
426.36 20.41 0 0 "KDE LDA" 187 2000 3.30808080808081
429.365 20.465 0 0 "KDE LDA" 187 2000 3.31818181818182
434.19 20.5 0 0 "KDE LDA" 187 2000 3.32828282828283
437.42 20.695 0 0 "KDE LDA" 187 2000 3.33838383838384
467.195 20.725 0 0 "KDE LDA" 187 2000 3.34848484848485
493.44 21.575 0 0 "KDE LDA" 187 2000 3.35858585858586
496.675 21.645 0 0 "KDE LDA" 187 2000 3.36868686868687
504.89 21.655 0 0 "KDE LDA" 187 2000 3.37878787878788
508.785 21.68 0 0 "KDE LDA" 187 2000 3.38888888888889
501.91959798995 21.69 1 0 "KDE LDA" 187 2000 3.3989898989899
509.572864321608 21.845 1 0 "KDE LDA" 187 2000 3.40909090909091
512.110552763819 21.905 1 0 "KDE LDA" 187 2000 3.41919191919192
512.266331658292 21.94 1 0 "KDE LDA" 187 2000 3.42929292929293
512.738693467337 21.96 1 0 "KDE LDA" 187 2000 3.43939393939394
512.768844221105 22.035 1 0 "KDE LDA" 187 2000 3.44949494949495
515.793969849246 22.17 1 0 "KDE LDA" 187 2000 3.45959595959596
517.834170854271 22.24 1 0 "KDE LDA" 187 2000 3.46969696969697
520.035175879397 22.24 1 0 "KDE LDA" 187 2000 3.47979797979798
524.56783919598 22.29 1 0 "KDE LDA" 187 2000 3.48989898989899
524.572864321608 22.32 1 0 "KDE LDA" 187 2000 3.5
103.285 12.04 0 0 "KDE QDA" 187 2000 2.7
103.29 12.04 0 0 "KDE QDA" 187 2000 2.71010101010101
103.295 12.04 0 0 "KDE QDA" 187 2000 2.72020202020202
103.445 12.045 0 0 "KDE QDA" 187 2000 2.73030303030303
103.45 12.05 0 0 "KDE QDA" 187 2000 2.74040404040404
103.485 12.05 0 0 "KDE QDA" 187 2000 2.75050505050505
103.52 12.075 0 0 "KDE QDA" 187 2000 2.76060606060606
103.985 12.08 0 0 "KDE QDA" 187 2000 2.77070707070707
103.985 12.085 0 0 "KDE QDA" 187 2000 2.78080808080808
104.115 12.09 0 0 "KDE QDA" 187 2000 2.79090909090909
121.66 13.16 0 0 "KDE QDA" 187 2000 2.8010101010101
123.225 13.16 0 0 "KDE QDA" 187 2000 2.81111111111111
123.31 13.175 0 0 "KDE QDA" 187 2000 2.82121212121212
125.06 13.245 0 0 "KDE QDA" 187 2000 2.83131313131313
125.065 13.27 0 0 "KDE QDA" 187 2000 2.84141414141414
125.08 13.275 0 0 "KDE QDA" 187 2000 2.85151515151515
125.08 13.28 0 0 "KDE QDA" 187 2000 2.86161616161616
125.08 13.285 0 0 "KDE QDA" 187 2000 2.87171717171717
125.08 13.285 0 0 "KDE QDA" 187 2000 2.88181818181818
125.08 13.29 0 0 "KDE QDA" 187 2000 2.89191919191919
125.41 13.29 0 0 "KDE QDA" 187 2000 2.9020202020202
125.415 13.29 0 0 "KDE QDA" 187 2000 2.91212121212121
125.42 13.29 0 0 "KDE QDA" 187 2000 2.92222222222222
125.79 13.29 0 0 "KDE QDA" 187 2000 2.93232323232323
125.825 13.3 0 0 "KDE QDA" 187 2000 2.94242424242424
125.825 13.31 0 0 "KDE QDA" 187 2000 2.95252525252525
134.615 13.48 0 0 "KDE QDA" 187 2000 2.96262626262626
136.87 13.505 0 0 "KDE QDA" 187 2000 2.97272727272727
137.37 13.51 0 0 "KDE QDA" 187 2000 2.98282828282828
137.96 13.515 0 0 "KDE QDA" 187 2000 2.99292929292929
137.96 13.52 0 0 "KDE QDA" 187 2000 3.0030303030303
137.965 13.55 0 0 "KDE QDA" 187 2000 3.01313131313131
137.965 13.55 0 0 "KDE QDA" 187 2000 3.02323232323232
138.01 13.565 0 0 "KDE QDA" 187 2000 3.03333333333333
138.01 13.565 0 0 "KDE QDA" 187 2000 3.04343434343434
138.01 13.585 0 0 "KDE QDA" 187 2000 3.05353535353535
138.145 13.59 0 0 "KDE QDA" 187 2000 3.06363636363636
138.15 13.59 0 0 "KDE QDA" 187 2000 3.07373737373737
138.15 13.59 0 0 "KDE QDA" 187 2000 3.08383838383838
142.73 13.985 0 0 "KDE QDA" 187 2000 3.09393939393939
143.045 14.11 0 0 "KDE QDA" 187 2000 3.1040404040404
145.48 14.115 0 0 "KDE QDA" 187 2000 3.11414141414141
147.215 14.325 0 0 "KDE QDA" 187 2000 3.12424242424242
147.215 14.335 0 0 "KDE QDA" 187 2000 3.13434343434343
149.035 14.375 0 0 "KDE QDA" 187 2000 3.14444444444444
149.44 14.385 0 0 "KDE QDA" 187 2000 3.15454545454545
149.44 14.39 0 0 "KDE QDA" 187 2000 3.16464646464646
149.83 14.395 0 0 "KDE QDA" 187 2000 3.17474747474748
149.83 14.395 0 0 "KDE QDA" 187 2000 3.18484848484849
149.83 14.4 0 0 "KDE QDA" 187 2000 3.19494949494949
149.835 14.405 0 0 "KDE QDA" 187 2000 3.20505050505051
150.805 14.405 0 0 "KDE QDA" 187 2000 3.21515151515152
157.975 15.065 0 0 "KDE QDA" 187 2000 3.22525252525253
161.25 15.105 0 0 "KDE QDA" 187 2000 3.23535353535354
161.265 15.115 0 0 "KDE QDA" 187 2000 3.24545454545455
163.31 15.13 0 0 "KDE QDA" 187 2000 3.25555555555556
163.74 15.14 0 0 "KDE QDA" 187 2000 3.26565656565657
163.88 15.145 0 0 "KDE QDA" 187 2000 3.27575757575758
163.895 15.15 0 0 "KDE QDA" 187 2000 3.28585858585859
165.83 15.215 0 0 "KDE QDA" 187 2000 3.2959595959596
165.835 15.22 0 0 "KDE QDA" 187 2000 3.30606060606061
165.835 15.235 0 0 "KDE QDA" 187 2000 3.31616161616162
165.845 15.235 0 0 "KDE QDA" 187 2000 3.32626262626263
165.845 15.25 0 0 "KDE QDA" 187 2000 3.33636363636364
167.25 15.26 0 0 "KDE QDA" 187 2000 3.34646464646465
167.255 15.265 0 0 "KDE QDA" 187 2000 3.35656565656566
187.27 16.445 0 0 "KDE QDA" 187 2000 3.36666666666667
187.27 16.45 0 0 "KDE QDA" 187 2000 3.37676767676768
190.43 16.625 0 0 "KDE QDA" 187 2000 3.38686868686869
192.69 16.65 0 0 "KDE QDA" 187 2000 3.3969696969697
194.02 16.65 0 0 "KDE QDA" 187 2000 3.40707070707071
194.805 16.66 0 0 "KDE QDA" 187 2000 3.41717171717172
194.805 16.66 0 0 "KDE QDA" 187 2000 3.42727272727273
194.805 16.665 0 0 "KDE QDA" 187 2000 3.43737373737374
195.07 16.665 0 0 "KDE QDA" 187 2000 3.44747474747475
196.34 16.86 0 0 "KDE QDA" 187 2000 3.45757575757576
197.14 16.86 0 0 "KDE QDA" 187 2000 3.46767676767677
199.35 16.865 0 0 "KDE QDA" 187 2000 3.47777777777778
202.685 16.865 0 0 "KDE QDA" 187 2000 3.48787878787879
203.26 16.885 0 0 "KDE QDA" 187 2000 3.4979797979798
203.85 16.885 0 0 "KDE QDA" 187 2000 3.50808080808081
213.27 17.125 0 0 "KDE QDA" 187 2000 3.51818181818182
214.51 17.135 0 0 "KDE QDA" 187 2000 3.52828282828283
214.535 17.14 0 0 "KDE QDA" 187 2000 3.53838383838384
217.095 17.15 0 0 "KDE QDA" 187 2000 3.54848484848485
217.22 17.165 0 0 "KDE QDA" 187 2000 3.55858585858586
217.85 17.165 0 0 "KDE QDA" 187 2000 3.56868686868687
217.865 17.185 0 0 "KDE QDA" 187 2000 3.57878787878788
217.87 17.19 0 0 "KDE QDA" 187 2000 3.58888888888889
217.87 17.21 0 0 "KDE QDA" 187 2000 3.5989898989899
217.87 17.21 0 0 "KDE QDA" 187 2000 3.60909090909091
218.175 17.215 0 0 "KDE QDA" 187 2000 3.61919191919192
218.175 17.225 0 0 "KDE QDA" 187 2000 3.62929292929293
218.475 17.225 0 0 "KDE QDA" 187 2000 3.63939393939394
221.56 17.225 0 0 "KDE QDA" 187 2000 3.64949494949495
237.325 17.785 0 0 "KDE QDA" 187 2000 3.65959595959596
240.22 17.81 0 0 "KDE QDA" 187 2000 3.66969696969697
248.13 17.91 0 0 "KDE QDA" 187 2000 3.67979797979798
252.395 17.93 0 0 "KDE QDA" 187 2000 3.68989898989899
253.585 17.94 0 0 "KDE QDA" 187 2000 3.7
