35.618 10.309 0 0 31.0202245370715 6.90820108582851 "LDA" 7 200 1.5
37.85 10.661 0 0 32.7189552099395 7.17701808473328 "LDA" 7 200 1.53535353535354
40.788 10.937 0 0 35.5915413239412 7.30934042561006 "LDA" 7 200 1.57070707070707
44.118 11.339 0 0 38.1637071645896 7.56672546973487 "LDA" 7 200 1.60606060606061
46.142 11.671 0 0 39.7619522766281 7.87164034504383 "LDA" 7 200 1.64141414141414
48.729 11.989 0 0 41.4945219800681 8.01555538488308 "LDA" 7 200 1.67676767676768
51.634 12.211 0 0 45.1731187173816 8.1003762317003 "LDA" 7 200 1.71212121212121
54.19 12.486 0 0 47.5199752530244 8.24097795881761 "LDA" 7 200 1.74747474747475
56.931 12.721 0 0 49.8532806201216 8.41308141758648 "LDA" 7 200 1.78282828282828
59.793 12.949 0 0 53.4282765184479 8.55450633166979 "LDA" 7 200 1.81818181818182
62.405 13.267 0 0 56.0580188418791 8.79983796147112 "LDA" 7 200 1.85353535353535
65.312 13.569 0 0 58.8877952417004 8.98866147071048 "LDA" 7 200 1.88888888888889
68.988 13.884 0 0 64.3770165218633 9.09380235331961 "LDA" 7 200 1.92424242424242
73.139 14.15 0 0 69.8636859435116 9.21262027722691 "LDA" 7 200 1.95959595959596
75.555 14.36 0 0 71.543759228073 9.33646451123602 "LDA" 7 200 1.99494949494949
79.06 14.674 0 0 74.228217196887 9.52746012830788 "LDA" 7 200 2.03030303030303
83.501 14.887 0 0 79.3406638486214 9.68297428432974 "LDA" 7 200 2.06565656565657
86.211 15.202 0 0 80.962827633788 9.84276770405947 "LDA" 7 200 2.1010101010101
91.625 15.49 0 0 86.5425790752332 9.94176738506483 "LDA" 7 200 2.13636363636364
96.759 15.886 0 0 91.8789347873475 10.1519488801937 "LDA" 7 200 2.17171717171717
99.782 16.271 0 0 94.5514487062597 10.5426137985656 "LDA" 7 200 2.20707070707071
102.962 16.575 0 0 95.5510259209945 10.7697893834264 "LDA" 7 200 2.24242424242424
107.766 16.85 0 0 99.5296307206622 10.863955335214 "LDA" 7 200 2.27777777777778
112.807 17.241 0 0 104.324980002167 11.1126238759984 "LDA" 7 200 2.31313131313131
117.179 17.492 0 0 107.822755973429 11.2233640188626 "LDA" 7 200 2.34848484848485
123.225 17.791 0 0 112.770002431713 11.2746812565783 "LDA" 7 200 2.38383838383838
128.858 18.064 0 0 117.299876799156 11.4612068851087 "LDA" 7 200 2.41919191919192
134.25 18.462 0 0 121.446221368492 11.8910029834305 "LDA" 7 200 2.45454545454545
139.155 18.808 0 0 127.192558437677 12.063360255777 "LDA" 7 200 2.48989898989899
147.007 19.059 0 0 135.783976371438 12.1566979194313 "LDA" 7 200 2.52525252525253
153.548 19.349 0 0 145.417047878898 12.2415298902569 "LDA" 7 200 2.56060606060606
157.639 19.639 0 0 147.801081994818 12.3767468610642 "LDA" 7 200 2.5959595959596
164.738 20.007 0 0 155.775181794993 12.6172955559877 "LDA" 7 200 2.63131313131313
170.329 20.29 0 0 160.142100183716 12.7414380759883 "LDA" 7 200 2.66666666666667
175.915 20.566 0 0 164.293841154321 12.8556178735567 "LDA" 7 200 2.7020202020202
180.455 20.889 0 0 167.453840695768 13.3085610340411 "LDA" 7 200 2.73737373737374
187.052 21.162 0 0 176.054708987168 13.3922779656453 "LDA" 7 200 2.77272727272727
193.615 21.49 0 0 182.954571274265 13.5766794992821 "LDA" 7 200 2.80808080808081
200.973 21.797 0 0 189.470122178137 13.7479015051678 "LDA" 7 200 2.84343434343434
209.435 22.071 0 0 194.415578573817 13.8447692879526 "LDA" 7 200 2.87878787878788
220.477 22.307 0 0 204.610691328694 13.9376112733857 "LDA" 7 200 2.91414141414141
229.372 22.633 0 0 215.262275987836 13.974032509787 "LDA" 7 200 2.94949494949495
241.475 22.887 0 0 228.075978627796 14.1181285074387 "LDA" 7 200 2.98484848484848
252.026 23.36 0 0 235.731713532068 14.3340107389336 "LDA" 7 200 3.02020202020202
258.839 23.831 0 0 238.882825006494 14.6272483876974 "LDA" 7 200 3.05555555555556
264.074 24.207 0 0 242.94771065831 14.9206157974722 "LDA" 7 200 3.09090909090909
274.764 24.454 0 0 252.047519837542 15.0552497337156 "LDA" 7 200 3.12626262626263
288.826 24.817 0 0 262.715894771073 15.3532808947871 "LDA" 7 200 3.16161616161616
300.292 25.186 0 0 269.060934590145 15.4310570448535 "LDA" 7 200 3.1969696969697
317.569 25.46 0 0 293.000875001683 15.4782420182647 "LDA" 7 200 3.23232323232323
328.618 25.805 0 0 301.681152201449 15.7657074859498 "LDA" 7 200 3.26767676767677
342.385 26.13 0 0 315.942200804592 16.0144798093339 "LDA" 7 200 3.3030303030303
354.136 26.461 0 0 328.401822865314 16.0769694889288 "LDA" 7 200 3.33838383838384
369.947 26.779 0 0 344.310615565351 16.2569507426038 "LDA" 7 200 3.37373737373737
383.334 27.28 0 0 356.023427775652 16.7557260169279 "LDA" 7 200 3.40909090909091
397.989 27.537 0 0 372.981095736469 16.8200935356064 "LDA" 7 200 3.44444444444444
414.675 28.032 0 0 390.707265791849 17.037642362054 "LDA" 7 200 3.47979797979798
426.833 28.377 0 0 406.346919429605 17.1284633068835 "LDA" 7 200 3.51515151515152
443.517 28.698 0 0 431.395525951314 17.4532349841344 "LDA" 7 200 3.55050505050505
463.338 29.22 0 0 445.607225654562 17.7222368136101 "LDA" 7 200 3.58585858585859
480.972 29.527 0 0 458.968357481395 17.7670182624417 "LDA" 7 200 3.62121212121212
501.916 29.879 0 0 478.156401701879 17.935664109451 "LDA" 7 200 3.65656565656566
517.702 30.157 0 0 491.933489156567 17.933375503707 "LDA" 7 200 3.69191919191919
541.965 30.473 0 0 524.273686802679 18.0044280784042 "LDA" 7 200 3.72727272727273
571.824 30.852 0 0 548.900733319823 18.3385495172982 "LDA" 7 200 3.76262626262626
608.247 31.186 0 0 609.418699370262 18.4737295282431 "LDA" 7 200 3.7979797979798
628.898 31.427 0 0 620.814557102449 18.557290859499 "LDA" 7 200 3.83333333333333
650.181 31.82 0 0 631.396188922919 18.6082741775767 "LDA" 7 200 3.86868686868687
675.841 32.131 0 0 674.524461356271 18.6399379367606 "LDA" 7 200 3.9040404040404
704.507 32.508 0 0 714.982937245045 18.8599478693244 "LDA" 7 200 3.93939393939394
727.475 32.981 0 0 728.442469798959 19.0756525319455 "LDA" 7 200 3.97474747474747
764.928 33.428 0 0 783.349900033109 19.1949801579284 "LDA" 7 200 4.01010101010101
804.416 33.756 0 0 804.016073714196 19.3012176041047 "LDA" 7 200 4.04545454545454
840.972 33.998 0 0 828.361771474541 19.3673201318378 "LDA" 7 200 4.08080808080808
867.275 34.43 0 0 843.659767428896 19.6228478095346 "LDA" 7 200 4.11616161616162
922.83 34.659 0 0 925.106920260525 19.6120715976756 "LDA" 7 200 4.15151515151515
960.445 35.081 0 0 954.23221182744 19.8262330894832 "LDA" 7 200 4.18686868686869
981.446446446446 35.367 1 0 970.787878527063 20.0220176853431 "LDA" 7 200 4.22222222222222
1013.96696696697 35.695 1 0 980.719480436953 19.9871323721153 "LDA" 7 200 4.25757575757576
1048.8988988989 36.06 1 0 1009.50726129633 20.0934353993076 "LDA" 7 200 4.29292929292929
1090.63063063063 36.425 1 0 1034.74888606712 20.2539032187773 "LDA" 7 200 4.32828282828283
1131.71071071071 36.643 1 0 1081.67150831442 20.3199520533748 "LDA" 7 200 4.36363636363636
1162.5035035035 36.928 1 0 1115.3987234897 20.3336241794785 "LDA" 7 200 4.3989898989899
1208.92192192192 37.148 1 0 1172.47238043191 20.3384795338725 "LDA" 7 200 4.43434343434343
1266.19019019019 37.463 1 0 1236.03967088434 20.4075745766149 "LDA" 7 200 4.46969696969697
1314.93593593594 37.717 1 0 1279.83120438726 20.4373333778063 "LDA" 7 200 4.50505050505051
1360.83583583584 38.01 1 0 1331.85050535498 20.5115729436975 "LDA" 7 200 4.54040404040404
1411.11111111111 38.267 1 0 1387.38148013064 20.5745722683127 "LDA" 7 200 4.57575757575758
1476.65265265265 38.5 1 0 1438.03519390462 20.6058389928826 "LDA" 7 200 4.61111111111111
1512.59018036072 38.804 2 0 1464.98149398445 20.7779042568134 "LDA" 7 200 4.64646464646465
1549.02306920762 39.096 3 0 1490.76965124788 20.7631860246421 "LDA" 7 200 4.68181818181818
1582.21787148594 39.322 4 0 1519.10105450258 20.8118102876095 "LDA" 7 200 4.71717171717172
1618.45829145729 39.622 5 0 1537.91662265826 20.8399957154847 "LDA" 7 200 4.75252525252525
1677.83618090452 39.962 5 0 1576.29234204287 21.0156659236441 "LDA" 7 200 4.78787878787879
1738.34708249497 40.395 6 0 1644.88923867509 21.1778534435499 "LDA" 7 200 4.82323232323232
1803.91842900302 40.724 7 0 1702.62644786237 21.2064031729932 "LDA" 7 200 4.85858585858586
1840.93454179255 41.049 7 0 1722.62256070165 21.3822777271459 "LDA" 7 200 4.89393939393939
1916.9113796576 41.386 7 0 1792.5218112345 21.6226858772111 "LDA" 7 200 4.92929292929293
1947.29607250755 41.692 7 0 1813.03761463777 21.6865267260906 "LDA" 7 200 4.96464646464646
1978.86060606061 41.905 10 0 1843.11630112092 21.7506566812606 "LDA" 7 200 5
29.15 13.263 0 0 19.6300493845237 5.34119456295681 "uLSIF" 7 200 1.5
30.038 13.611 0 0 19.9610871698162 5.42652062800153 "uLSIF" 7 200 1.53535353535354
30.956 13.917 0 0 20.5753592777723 5.5549048567881 "uLSIF" 7 200 1.57070707070707
31.772 14.202 0 0 21.3247922091345 5.60594529251068 "uLSIF" 7 200 1.60606060606061
32.839 14.534 0 0 22.0605926654011 5.67336152832084 "uLSIF" 7 200 1.64141414141414
33.741 14.792 0 0 22.5166364699064 5.75028710603234 "uLSIF" 7 200 1.67676767676768
34.744 15.11 0 0 23.0168251120401 5.76082347300168 "uLSIF" 7 200 1.71212121212121
35.591 15.438 0 0 23.5242664096059 5.8246100369108 "uLSIF" 7 200 1.74747474747475
36.595 15.736 0 0 24.2937267655698 5.8893963178741 "uLSIF" 7 200 1.78282828282828
37.618 16.131 0 0 24.780640753543 6.09319013046253 "uLSIF" 7 200 1.81818181818182
38.588 16.45 0 0 25.3926178453708 6.24167112706673 "uLSIF" 7 200 1.85353535353535
39.678 16.741 0 0 26.5314574464773 6.36320747810484 "uLSIF" 7 200 1.88888888888889
40.948 17.096 0 0 27.4211454030501 6.47848398583764 "uLSIF" 7 200 1.92424242424242
41.819 17.394 0 0 27.8760347307918 6.57495201457729 "uLSIF" 7 200 1.95959595959596
43.023 17.683 0 0 28.310951608538 6.71010704359748 "uLSIF" 7 200 1.99494949494949
44.118 18.001 0 0 29.1137026790425 6.74792809190595 "uLSIF" 7 200 2.03030303030303
45.045 18.322 0 0 29.6141853674042 6.76994447157051 "uLSIF" 7 200 2.06565656565657
46.39 18.704 0 0 30.107646377131 6.82898374716319 "uLSIF" 7 200 2.1010101010101
47.239 19.024 0 0 30.5876688305023 6.97352522430758 "uLSIF" 7 200 2.13636363636364
48.229 19.374 0 0 30.9526513505003 7.09679424025302 "uLSIF" 7 200 2.17171717171717
49.286 19.642 0 0 31.3827194340943 7.10903470060277 "uLSIF" 7 200 2.20707070707071
50.173 19.966 0 0 31.7904341383175 7.22752247184892 "uLSIF" 7 200 2.24242424242424
51.296 20.273 0 0 32.4859927310791 7.34495877588291 "uLSIF" 7 200 2.27777777777778
52.504 20.658 0 0 33.4898425429794 7.42685627935496 "uLSIF" 7 200 2.31313131313131
53.475 20.933 0 0 33.9126147685554 7.46124528354223 "uLSIF" 7 200 2.34848484848485
54.617 21.24 0 0 34.5362282547192 7.52801906686421 "uLSIF" 7 200 2.38383838383838
55.259 21.582 0 0 34.6613809639825 7.60454502946134 "uLSIF" 7 200 2.41919191919192
56.18 21.904 0 0 34.9542758672155 7.66913291054469 "uLSIF" 7 200 2.45454545454545
57.195 22.155 0 0 35.1444463195411 7.76577634768619 "uLSIF" 7 200 2.48989898989899
58.534 22.451 0 0 35.9958684649578 7.85119355513799 "uLSIF" 7 200 2.52525252525253
59.833 22.762 0 0 36.9604543557866 7.91239293526061 "uLSIF" 7 200 2.56060606060606
60.882 23.108 0 0 37.2678006456641 7.98912774726767 "uLSIF" 7 200 2.5959595959596
62.088 23.4 0 0 38.6506161157377 8.02461179088399 "uLSIF" 7 200 2.63131313131313
63.337 23.71 0 0 39.2312697159233 8.06417577505172 "uLSIF" 7 200 2.66666666666667
64.263 23.976 0 0 39.4728759902156 8.08868659615706 "uLSIF" 7 200 2.7020202020202
65.283 24.291 0 0 40.0184505870403 8.12060732108524 "uLSIF" 7 200 2.73737373737374
66.476 24.606 0 0 40.7655645766774 8.13910369813587 "uLSIF" 7 200 2.77272727272727
67.581 24.893 0 0 41.4862452813887 8.19736224329191 "uLSIF" 7 200 2.80808080808081
68.503 25.219 0 0 41.7731610964263 8.23157322738478 "uLSIF" 7 200 2.84343434343434
69.496 25.487 0 0 42.3171682266988 8.28435039465747 "uLSIF" 7 200 2.87878787878788
70.297 25.756 0 0 42.5340562013187 8.31803183773984 "uLSIF" 7 200 2.91414141414141
71.088 26.075 0 0 43.3779194971347 8.36572533378669 "uLSIF" 7 200 2.94949494949495
72.011 26.396 0 0 43.7863691703837 8.42746736607186 "uLSIF" 7 200 2.98484848484848
73.28 26.644 0 0 44.5169558635736 8.51409148140621 "uLSIF" 7 200 3.02020202020202
74.524 27.034 0 0 45.2837724140121 8.58513532499917 "uLSIF" 7 200 3.05555555555556
75.151 27.363 0 0 45.4023741072488 8.65783975303246 "uLSIF" 7 200 3.09090909090909
76.378 27.666 0 0 45.8302250215458 8.78473765206541 "uLSIF" 7 200 3.12626262626263
77.784 27.962 0 0 46.5596514714742 8.84504328936782 "uLSIF" 7 200 3.16161616161616
78.846 28.296 0 0 46.720371114505 8.89513954401546 "uLSIF" 7 200 3.1969696969697
80.271 28.568 0 0 47.8277435392059 8.92732171891845 "uLSIF" 7 200 3.23232323232323
81.126 28.881 0 0 47.9690645641038 9.01321679962693 "uLSIF" 7 200 3.26767676767677
82.213 29.178 0 0 49.3718463317933 9.04987382322075 "uLSIF" 7 200 3.3030303030303
83.319 29.585 0 0 49.8218371244423 9.26383255427221 "uLSIF" 7 200 3.33838383838384
84.614 29.819 0 0 50.5542751776617 9.26650457870211 "uLSIF" 7 200 3.37373737373737
85.561 30.151 0 0 51.1481222471501 9.36460863543666 "uLSIF" 7 200 3.40909090909091
86.941 30.469 0 0 51.2614792827739 9.42591570548384 "uLSIF" 7 200 3.44444444444444
87.889 30.776 0 0 51.4879956173543 9.43911653286053 "uLSIF" 7 200 3.47979797979798
88.97 31.114 0 0 51.7863971611362 9.43079763031441 "uLSIF" 7 200 3.51515151515152
90.032 31.465 0 0 52.0321277512108 9.52688493352032 "uLSIF" 7 200 3.55050505050505
91.21 31.798 0 0 53.0786326240724 9.64511400783963 "uLSIF" 7 200 3.58585858585859
92.158 32.072 0 0 53.6205949631688 9.69529859338096 "uLSIF" 7 200 3.62121212121212
93.396 32.377 0 0 54.3203450272905 9.8551506835256 "uLSIF" 7 200 3.65656565656566
94.698 32.672 0 0 54.5055928841771 9.88220997925434 "uLSIF" 7 200 3.69191919191919
95.926 32.976 0 0 55.7617063215599 9.9371107556558 "uLSIF" 7 200 3.72727272727273
96.91 33.319 0 0 55.9323012428625 9.94304294987722 "uLSIF" 7 200 3.76262626262626
98.86 33.564 0 0 57.1221615604779 9.95344035873903 "uLSIF" 7 200 3.7979797979798
99.733 33.905 0 0 57.2620349939788 10.0498245742885 "uLSIF" 7 200 3.83333333333333
101.175 34.253 0 0 58.552205216676 10.1219288895173 "uLSIF" 7 200 3.86868686868687
102.502 34.514 0 0 59.5169409686205 10.207742257816 "uLSIF" 7 200 3.9040404040404
103.435 34.838 0 0 59.8200653227261 10.2666040714133 "uLSIF" 7 200 3.93939393939394
104.264 35.105 0 0 60.0107790117542 10.2589093094841 "uLSIF" 7 200 3.97474747474747
105.782 35.421 0 0 60.569787643471 10.2871562924155 "uLSIF" 7 200 4.01010101010101
107.154 35.823 0 0 62.1124161197762 10.3869899663262 "uLSIF" 7 200 4.04545454545454
108.578 36.255 0 0 63.038494332969 10.4437084431751 "uLSIF" 7 200 4.08080808080808
109.818 36.524 0 0 63.6783307397878 10.5656545967137 "uLSIF" 7 200 4.11616161616162
111.215 36.919 0 0 64.5506899000047 10.6162679009219 "uLSIF" 7 200 4.15151515151515
112.284 37.181 0 0 65.0583579099099 10.6397106371575 "uLSIF" 7 200 4.18686868686869
113.603 37.442 0 0 65.7130854594471 10.7158511311732 "uLSIF" 7 200 4.22222222222222
114.984 37.821 0 0 66.2950131817829 10.7427354693935 "uLSIF" 7 200 4.25757575757576
115.945 38.096 0 0 66.4788644188092 10.739838366015 "uLSIF" 7 200 4.29292929292929
117.028 38.455 0 0 66.9611455323982 10.8003065522059 "uLSIF" 7 200 4.32828282828283
118.255 38.748 0 0 67.100331067957 10.8720143808172 "uLSIF" 7 200 4.36363636363636
119.114 39.042 0 0 67.1993955535521 10.935621784966 "uLSIF" 7 200 4.3989898989899
120.132 39.317 0 0 67.2342250421392 10.8918843247688 "uLSIF" 7 200 4.43434343434343
121.095 39.678 0 0 67.5139104415016 10.9569325255917 "uLSIF" 7 200 4.46969696969697
122.008 39.947 0 0 67.7044003135824 10.9893109864066 "uLSIF" 7 200 4.50505050505051
123.117 40.308 0 0 67.9186591096678 11.0725668992216 "uLSIF" 7 200 4.54040404040404
124.093 40.662 0 0 67.8123208706343 11.1645153232195 "uLSIF" 7 200 4.57575757575758
124.926 40.935 0 0 68.029762402735 11.1696703862082 "uLSIF" 7 200 4.61111111111111
126.021 41.248 0 0 68.1954630468932 11.2313239931292 "uLSIF" 7 200 4.64646464646465
127.354 41.566 0 0 68.5750189005969 11.2448250359928 "uLSIF" 7 200 4.68181818181818
128.437 41.912 0 0 69.0295959434511 11.3054884932085 "uLSIF" 7 200 4.71717171717172
129.707 42.209 0 0 69.8782807825516 11.3170400014489 "uLSIF" 7 200 4.75252525252525
131.171 42.544 0 0 70.9331182612626 11.3334244829403 "uLSIF" 7 200 4.78787878787879
132.161 42.881 0 0 71.178813578919 11.3258604138544 "uLSIF" 7 200 4.82323232323232
133.349 43.164 0 0 72.2075420446377 11.3788656105335 "uLSIF" 7 200 4.85858585858586
134.425 43.536 0 0 73.0065224985229 11.6456139522279 "uLSIF" 7 200 4.89393939393939
135.542 43.859 0 0 73.0953840619992 11.7119720495435 "uLSIF" 7 200 4.92929292929293
136.303 44.173 0 0 73.0939526699502 11.7038477028305 "uLSIF" 7 200 4.96464646464646
137.57 44.498 0 0 73.3911940723638 11.6949034526484 "uLSIF" 7 200 5
