134.18 15.955 0 0 "KDE LDA" 44 1500 2.5
137.27 16.13 0 0 "KDE LDA" 44 1500 2.51010101010101
138.38 16.155 0 0 "KDE LDA" 44 1500 2.52020202020202
144.34 16.19 0 0 "KDE LDA" 44 1500 2.53030303030303
151.97 16.295 0 0 "KDE LDA" 44 1500 2.54040404040404
152.04 16.365 0 0 "KDE LDA" 44 1500 2.55050505050505
152.2 16.445 0 0 "KDE LDA" 44 1500 2.56060606060606
155.785 16.605 0 0 "KDE LDA" 44 1500 2.57070707070707
155.835 16.64 0 0 "KDE LDA" 44 1500 2.58080808080808
156.225 16.695 0 0 "KDE LDA" 44 1500 2.59090909090909
157.48 16.725 0 0 "KDE LDA" 44 1500 2.6010101010101
157.48 16.73 0 0 "KDE LDA" 44 1500 2.61111111111111
157.915 16.73 0 0 "KDE LDA" 44 1500 2.62121212121212
158.13 16.74 0 0 "KDE LDA" 44 1500 2.63131313131313
158.705 16.78 0 0 "KDE LDA" 44 1500 2.64141414141414
160.94 16.905 0 0 "KDE LDA" 44 1500 2.65151515151515
164.895 17.03 0 0 "KDE LDA" 44 1500 2.66161616161616
173.995 17.495 0 0 "KDE LDA" 44 1500 2.67171717171717
174.34 17.505 0 0 "KDE LDA" 44 1500 2.68181818181818
175.41 17.57 0 0 "KDE LDA" 44 1500 2.69191919191919
175.82 17.595 0 0 "KDE LDA" 44 1500 2.7020202020202
176.835 17.595 0 0 "KDE LDA" 44 1500 2.71212121212121
176.84 17.67 0 0 "KDE LDA" 44 1500 2.72222222222222
178.555 17.705 0 0 "KDE LDA" 44 1500 2.73232323232323
182.2 17.715 0 0 "KDE LDA" 44 1500 2.74242424242424
184.385 17.96 0 0 "KDE LDA" 44 1500 2.75252525252525
188.69 18.025 0 0 "KDE LDA" 44 1500 2.76262626262626
192.815 18.11 0 0 "KDE LDA" 44 1500 2.77272727272727
194.88 18.145 0 0 "KDE LDA" 44 1500 2.78282828282828
204.47 18.335 0 0 "KDE LDA" 44 1500 2.79292929292929
243.635 18.985 0 0 "KDE LDA" 44 1500 2.8030303030303
246.845 19.015 0 0 "KDE LDA" 44 1500 2.81313131313131
249.32 19.115 0 0 "KDE LDA" 44 1500 2.82323232323232
251.41 19.145 0 0 "KDE LDA" 44 1500 2.83333333333333
254.97 19.165 0 0 "KDE LDA" 44 1500 2.84343434343434
257.68 19.18 0 0 "KDE LDA" 44 1500 2.85353535353535
257.69 19.18 0 0 "KDE LDA" 44 1500 2.86363636363636
260.115 19.23 0 0 "KDE LDA" 44 1500 2.87373737373737
260.115 19.235 0 0 "KDE LDA" 44 1500 2.88383838383838
264.01 19.285 0 0 "KDE LDA" 44 1500 2.89393939393939
267.48 19.31 0 0 "KDE LDA" 44 1500 2.9040404040404
267.485 19.385 0 0 "KDE LDA" 44 1500 2.91414141414141
268.135 19.395 0 0 "KDE LDA" 44 1500 2.92424242424242
269.845 19.405 0 0 "KDE LDA" 44 1500 2.93434343434343
270.105 19.41 0 0 "KDE LDA" 44 1500 2.94444444444444
271.565 19.465 0 0 "KDE LDA" 44 1500 2.95454545454545
286.355 19.7 0 0 "KDE LDA" 44 1500 2.96464646464646
286.385 19.74 0 0 "KDE LDA" 44 1500 2.97474747474747
287.71 19.76 0 0 "KDE LDA" 44 1500 2.98484848484848
289.135 19.77 0 0 "KDE LDA" 44 1500 2.99494949494949
294.1 19.805 0 0 "KDE LDA" 44 1500 3.00505050505051
294.11 19.88 0 0 "KDE LDA" 44 1500 3.01515151515152
294.715 19.895 0 0 "KDE LDA" 44 1500 3.02525252525253
298.465 19.9 0 0 "KDE LDA" 44 1500 3.03535353535354
299.545 19.905 0 0 "KDE LDA" 44 1500 3.04545454545455
301.71 20.06 0 0 "KDE LDA" 44 1500 3.05555555555556
307.455 20.09 0 0 "KDE LDA" 44 1500 3.06565656565657
314.48 20.14 0 0 "KDE LDA" 44 1500 3.07575757575758
317.54 20.195 0 0 "KDE LDA" 44 1500 3.08585858585859
322.02 20.505 0 0 "KDE LDA" 44 1500 3.0959595959596
322.495 20.755 0 0 "KDE LDA" 44 1500 3.10606060606061
323 20.825 0 0 "KDE LDA" 44 1500 3.11616161616162
326.04 20.825 0 0 "KDE LDA" 44 1500 3.12626262626263
327.67 20.83 0 0 "KDE LDA" 44 1500 3.13636363636364
332.455 20.925 0 0 "KDE LDA" 44 1500 3.14646464646465
332.53 20.93 0 0 "KDE LDA" 44 1500 3.15656565656566
332.55 20.97 0 0 "KDE LDA" 44 1500 3.16666666666667
335.78 20.97 0 0 "KDE LDA" 44 1500 3.17676767676768
343.5 20.975 0 0 "KDE LDA" 44 1500 3.18686868686869
353.38 21.045 0 0 "KDE LDA" 44 1500 3.1969696969697
353.78 21.075 0 0 "KDE LDA" 44 1500 3.20707070707071
363.045 21.325 0 0 "KDE LDA" 44 1500 3.21717171717172
403.25 21.63 0 0 "KDE LDA" 44 1500 3.22727272727273
405.2 21.675 0 0 "KDE LDA" 44 1500 3.23737373737374
409.045 21.725 0 0 "KDE LDA" 44 1500 3.24747474747475
410.925 21.77 0 0 "KDE LDA" 44 1500 3.25757575757576
414.365 21.98 0 0 "KDE LDA" 44 1500 3.26767676767677
419.845 22.05 0 0 "KDE LDA" 44 1500 3.27777777777778
420.725 22.155 0 0 "KDE LDA" 44 1500 3.28787878787879
420.765 22.165 0 0 "KDE LDA" 44 1500 3.2979797979798
429.15 22.18 0 0 "KDE LDA" 44 1500 3.30808080808081
429.16 22.28 0 0 "KDE LDA" 44 1500 3.31818181818182
432.095 22.41 0 0 "KDE LDA" 44 1500 3.32828282828283
440.645 22.71 0 0 "KDE LDA" 44 1500 3.33838383838384
452.08 22.795 0 0 "KDE LDA" 44 1500 3.34848484848485
499.235 23.24 0 0 "KDE LDA" 44 1500 3.35858585858586
502.195 23.245 0 0 "KDE LDA" 44 1500 3.36868686868687
502.625 23.31 0 0 "KDE LDA" 44 1500 3.37878787878788
508.445 23.335 0 0 "KDE LDA" 44 1500 3.38888888888889
516.27 23.34 0 0 "KDE LDA" 44 1500 3.3989898989899
519.35 23.38 0 0 "KDE LDA" 44 1500 3.40909090909091
521.445 23.42 0 0 "KDE LDA" 44 1500 3.41919191919192
523.45 23.43 0 0 "KDE LDA" 44 1500 3.42929292929293
532.695 23.43 0 0 "KDE LDA" 44 1500 3.43939393939394
537.675 23.58 0 0 "KDE LDA" 44 1500 3.44949494949495
545.23 23.6 0 0 "KDE LDA" 44 1500 3.45959595959596
548.99 23.675 0 0 "KDE LDA" 44 1500 3.46969696969697
550.145 23.705 0 0 "KDE LDA" 44 1500 3.47979797979798
555.175 23.71 0 0 "KDE LDA" 44 1500 3.48989898989899
561.255 23.715 0 0 "KDE LDA" 44 1500 3.5
99.45 12.85 0 0 "KDE QDA" 44 1500 2.8
99.45 12.85 0 0 "KDE QDA" 44 1500 2.81010101010101
99.62 12.855 0 0 "KDE QDA" 44 1500 2.82020202020202
103.33 12.925 0 0 "KDE QDA" 44 1500 2.83030303030303
103.885 12.93 0 0 "KDE QDA" 44 1500 2.84040404040404
103.89 12.935 0 0 "KDE QDA" 44 1500 2.85050505050505
106.585 12.945 0 0 "KDE QDA" 44 1500 2.86060606060606
106.685 12.965 0 0 "KDE QDA" 44 1500 2.87070707070707
107.33 12.965 0 0 "KDE QDA" 44 1500 2.88080808080808
107.6 12.965 0 0 "KDE QDA" 44 1500 2.89090909090909
109.255 12.965 0 0 "KDE QDA" 44 1500 2.9010101010101
109.73 12.965 0 0 "KDE QDA" 44 1500 2.91111111111111
110.01 12.97 0 0 "KDE QDA" 44 1500 2.92121212121212
110.15 12.975 0 0 "KDE QDA" 44 1500 2.93131313131313
110.325 12.975 0 0 "KDE QDA" 44 1500 2.94141414141414
111.35 12.975 0 0 "KDE QDA" 44 1500 2.95151515151515
116.815 13.06 0 0 "KDE QDA" 44 1500 2.96161616161616
117.285 13.105 0 0 "KDE QDA" 44 1500 2.97171717171717
118.335 13.105 0 0 "KDE QDA" 44 1500 2.98181818181818
118.73 13.19 0 0 "KDE QDA" 44 1500 2.99191919191919
118.985 13.19 0 0 "KDE QDA" 44 1500 3.0020202020202
119.345 13.19 0 0 "KDE QDA" 44 1500 3.01212121212121
119.35 13.24 0 0 "KDE QDA" 44 1500 3.02222222222222
119.59 13.24 0 0 "KDE QDA" 44 1500 3.03232323232323
121.965 13.245 0 0 "KDE QDA" 44 1500 3.04242424242424
122.28 13.25 0 0 "KDE QDA" 44 1500 3.05252525252525
122.28 13.25 0 0 "KDE QDA" 44 1500 3.06262626262626
122.575 13.25 0 0 "KDE QDA" 44 1500 3.07272727272727
123.78 13.26 0 0 "KDE QDA" 44 1500 3.08282828282828
128.675 13.485 0 0 "KDE QDA" 44 1500 3.09292929292929
130.04 13.51 0 0 "KDE QDA" 44 1500 3.1030303030303
131.825 13.515 0 0 "KDE QDA" 44 1500 3.11313131313131
132.11 13.545 0 0 "KDE QDA" 44 1500 3.12323232323232
132.16 13.545 0 0 "KDE QDA" 44 1500 3.13333333333333
133.435 13.55 0 0 "KDE QDA" 44 1500 3.14343434343434
134.46 13.555 0 0 "KDE QDA" 44 1500 3.15353535353535
135.67 13.565 0 0 "KDE QDA" 44 1500 3.16363636363636
135.675 13.565 0 0 "KDE QDA" 44 1500 3.17373737373737
135.975 13.565 0 0 "KDE QDA" 44 1500 3.18383838383838
135.99 13.57 0 0 "KDE QDA" 44 1500 3.19393939393939
139.23 13.585 0 0 "KDE QDA" 44 1500 3.2040404040404
139.805 13.585 0 0 "KDE QDA" 44 1500 3.21414141414141
154.35 14.15 0 0 "KDE QDA" 44 1500 3.22424242424242
156.06 14.195 0 0 "KDE QDA" 44 1500 3.23434343434343
156.085 14.215 0 0 "KDE QDA" 44 1500 3.24444444444444
159.275 14.24 0 0 "KDE QDA" 44 1500 3.25454545454545
160.005 14.25 0 0 "KDE QDA" 44 1500 3.26464646464646
160.455 14.26 0 0 "KDE QDA" 44 1500 3.27474747474747
161.515 14.26 0 0 "KDE QDA" 44 1500 3.28484848484848
161.52 14.355 0 0 "KDE QDA" 44 1500 3.29494949494949
162.08 14.355 0 0 "KDE QDA" 44 1500 3.30505050505051
163.72 14.355 0 0 "KDE QDA" 44 1500 3.31515151515151
163.735 14.355 0 0 "KDE QDA" 44 1500 3.32525252525252
163.87 14.36 0 0 "KDE QDA" 44 1500 3.33535353535354
165.26 14.365 0 0 "KDE QDA" 44 1500 3.34545454545455
167.33 14.39 0 0 "KDE QDA" 44 1500 3.35555555555556
192.475 15.195 0 0 "KDE QDA" 44 1500 3.36565656565657
192.57 15.195 0 0 "KDE QDA" 44 1500 3.37575757575758
193.84 15.335 0 0 "KDE QDA" 44 1500 3.38585858585859
196.085 15.37 0 0 "KDE QDA" 44 1500 3.3959595959596
196.095 15.38 0 0 "KDE QDA" 44 1500 3.40606060606061
196.13 15.395 0 0 "KDE QDA" 44 1500 3.41616161616162
196.14 15.425 0 0 "KDE QDA" 44 1500 3.42626262626263
197.085 15.425 0 0 "KDE QDA" 44 1500 3.43636363636364
197.11 15.425 0 0 "KDE QDA" 44 1500 3.44646464646465
197.11 15.425 0 0 "KDE QDA" 44 1500 3.45656565656566
197.115 15.425 0 0 "KDE QDA" 44 1500 3.46666666666667
197.145 15.44 0 0 "KDE QDA" 44 1500 3.47676767676768
197.62 15.44 0 0 "KDE QDA" 44 1500 3.48686868686869
197.675 15.47 0 0 "KDE QDA" 44 1500 3.4969696969697
197.71 15.47 0 0 "KDE QDA" 44 1500 3.50707070707071
200.525 15.8 0 0 "KDE QDA" 44 1500 3.51717171717172
201.535 15.885 0 0 "KDE QDA" 44 1500 3.52727272727273
201.545 15.89 0 0 "KDE QDA" 44 1500 3.53737373737374
201.575 15.915 0 0 "KDE QDA" 44 1500 3.54747474747475
203.78 15.925 0 0 "KDE QDA" 44 1500 3.55757575757576
203.785 15.925 0 0 "KDE QDA" 44 1500 3.56767676767677
203.83 15.935 0 0 "KDE QDA" 44 1500 3.57777777777778
204.21 15.94 0 0 "KDE QDA" 44 1500 3.58787878787879
204.9 15.945 0 0 "KDE QDA" 44 1500 3.5979797979798
207.035 15.95 0 0 "KDE QDA" 44 1500 3.60808080808081
207.24 15.955 0 0 "KDE QDA" 44 1500 3.61818181818182
207.66 15.96 0 0 "KDE QDA" 44 1500 3.62828282828283
209.825 15.965 0 0 "KDE QDA" 44 1500 3.63838383838384
209.835 15.97 0 0 "KDE QDA" 44 1500 3.64848484848485
215.585 16.36 0 0 "KDE QDA" 44 1500 3.65858585858586
215.7 16.365 0 0 "KDE QDA" 44 1500 3.66868686868687
219.81 16.38 0 0 "KDE QDA" 44 1500 3.67878787878788
220.445 16.385 0 0 "KDE QDA" 44 1500 3.68888888888889
220.45 16.39 0 0 "KDE QDA" 44 1500 3.6989898989899
220.47 16.41 0 0 "KDE QDA" 44 1500 3.70909090909091
222.285 16.415 0 0 "KDE QDA" 44 1500 3.71919191919192
223.505 16.42 0 0 "KDE QDA" 44 1500 3.72929292929293
225.09 16.44 0 0 "KDE QDA" 44 1500 3.73939393939394
225.09 16.47 0 0 "KDE QDA" 44 1500 3.74949494949495
225.755 16.495 0 0 "KDE QDA" 44 1500 3.75959595959596
225.92 16.495 0 0 "KDE QDA" 44 1500 3.76969696969697
229 16.54 0 0 "KDE QDA" 44 1500 3.77979797979798
236.555 16.94 0 0 "KDE QDA" 44 1500 3.78989898989899
236.675 16.995 0 0 "KDE QDA" 44 1500 3.8
