32.309 9.162 0 0 29.7442135084664 6.00381560358093 "LDA" 9 1000 1.5
34.505 9.522 0 0 32.4201950031773 6.2219151575884 "LDA" 9 1000 1.53535353535354
36.309 9.808 0 0 34.5560651787879 6.40797926012547 "LDA" 9 1000 1.57070707070707
38.775 10.06 0 0 36.2463539293702 6.51927150078143 "LDA" 9 1000 1.60606060606061
41.045 10.491 0 0 38.1421525192116 6.70289846617475 "LDA" 9 1000 1.64141414141414
43.891 10.734 0 0 40.8470513085168 6.91701446355934 "LDA" 9 1000 1.67676767676768
45.759 11.109 0 0 43.1365469257877 7.21770144950691 "LDA" 9 1000 1.71212121212121
47.2 11.359 0 0 44.2452669066833 7.35678198951425 "LDA" 9 1000 1.74747474747475
49.01 11.611 0 0 45.3988210524563 7.5174590914212 "LDA" 9 1000 1.78282828282828
51.11 11.821 0 0 46.4304823331579 7.63539509509876 "LDA" 9 1000 1.81818181818182
53.341 12.04 0 0 49.1666358120736 7.7309875286517 "LDA" 9 1000 1.85353535353535
56.571 12.387 0 0 52.4627801617709 7.86556406738246 "LDA" 9 1000 1.88888888888889
59.255 12.651 0 0 54.5985070489292 8.01545048306372 "LDA" 9 1000 1.92424242424242
62.543 12.881 0 0 57.8579267749086 8.04646410447375 "LDA" 9 1000 1.95959595959596
65.215 13.13 0 0 59.4248608672253 8.10757872813042 "LDA" 9 1000 1.99494949494949
68.724 13.389 0 0 62.214391055884 8.15697341023098 "LDA" 9 1000 2.03030303030303
72.047 13.612 0 0 64.8297438425194 8.27235685206386 "LDA" 9 1000 2.06565656565657
75.076 13.886 0 0 67.3099610373892 8.49901389793176 "LDA" 9 1000 2.1010101010101
78.899 14.22 0 0 74.5192049804003 8.62426680813958 "LDA" 9 1000 2.13636363636364
81.958 14.438 0 0 76.8880485381701 8.7237755736986 "LDA" 9 1000 2.17171717171717
85.515 14.634 0 0 79.2309113434417 8.75538124245316 "LDA" 9 1000 2.20707070707071
90.072 14.889 0 0 84.7522374793596 8.80364601646291 "LDA" 9 1000 2.24242424242424
93.301 15.163 0 0 86.8849434159475 9.00141413648191 "LDA" 9 1000 2.27777777777778
96.216 15.476 0 0 89.6765701352992 9.18039779659377 "LDA" 9 1000 2.31313131313131
99.102 15.674 0 0 93.1482592118296 9.43168493328105 "LDA" 9 1000 2.34848484848485
102.573 16.003 0 0 96.1637672990256 9.54023097241398 "LDA" 9 1000 2.38383838383838
105.769 16.287 0 0 100.232760339348 9.682581442125 "LDA" 9 1000 2.41919191919192
108.336 16.489 0 0 101.179565172066 9.84859755873261 "LDA" 9 1000 2.45454545454545
112.446 16.857 0 0 104.570627329571 10.2536670849355 "LDA" 9 1000 2.48989898989899
115.897 17.241 0 0 107.252064765189 10.3891700271896 "LDA" 9 1000 2.52525252525253
121.625 17.602 0 0 114.718039573572 10.5981090726561 "LDA" 9 1000 2.56060606060606
127.662 17.883 0 0 122.090334612556 10.7812590427346 "LDA" 9 1000 2.5959595959596
134.591 18.168 0 0 132.670732425212 10.9151691199412 "LDA" 9 1000 2.63131313131313
139.581 18.503 0 0 136.094596432695 11.1909440275711 "LDA" 9 1000 2.66666666666667
145.255 18.78 0 0 141.995678623498 11.3675336296323 "LDA" 9 1000 2.7020202020202
152.58 19.018 0 0 148.456670388982 11.3626046655151 "LDA" 9 1000 2.73737373737374
158.443 19.367 0 0 154.696573267738 11.5137690561292 "LDA" 9 1000 2.77272727272727
163.747 19.619 0 0 157.490349549429 11.6241541610545 "LDA" 9 1000 2.80808080808081
169.02 19.889 0 0 162.289653186922 11.8447869536762 "LDA" 9 1000 2.84343434343434
175.045 20.225 0 0 166.447089516785 12.1109475289942 "LDA" 9 1000 2.87878787878788
179.363 20.521 0 0 172.155152776871 12.2654800558723 "LDA" 9 1000 2.91414141414141
184.247 20.692 0 0 176.505603931488 12.4076220560221 "LDA" 9 1000 2.94949494949495
195.7 20.925 0 0 193.325649635031 12.530857807724 "LDA" 9 1000 2.98484848484848
202.692 21.193 0 0 196.563293277927 12.6117725878565 "LDA" 9 1000 3.02020202020202
211.779 21.54 0 0 203.984557893138 13.2021474274717 "LDA" 9 1000 3.05555555555556
220.509 21.858 0 0 210.931932620927 13.2829316143791 "LDA" 9 1000 3.09090909090909
229.721 22.164 0 0 215.796485796878 13.4625534110118 "LDA" 9 1000 3.12626262626263
236.369 22.448 0 0 220.162222561554 13.5680281318763 "LDA" 9 1000 3.16161616161616
247.959 22.719 0 0 233.966937507945 13.6677300911982 "LDA" 9 1000 3.1969696969697
259.316 23.029 0 0 254.544127523808 13.8582903422901 "LDA" 9 1000 3.23232323232323
266.988 23.272 0 0 262.796232308828 13.9259451366127 "LDA" 9 1000 3.26767676767677
279.83 23.512 0 0 280.630648113603 14.0007813309786 "LDA" 9 1000 3.3030303030303
289.823 23.854 0 0 290.548481481303 14.2842123592 "LDA" 9 1000 3.33838383838384
298.573 24.079 0 0 295.233357543497 14.3336042644972 "LDA" 9 1000 3.37373737373737
308.004 24.358 0 0 301.717227332596 14.4133820313479 "LDA" 9 1000 3.40909090909091
325.304 24.608 0 0 322.04683471158 14.4979490455211 "LDA" 9 1000 3.44444444444444
334.868 24.976 0 0 328.911108193526 15.0628122311975 "LDA" 9 1000 3.47979797979798
342.912 25.278 0 0 333.968710144162 15.4412158571515 "LDA" 9 1000 3.51515151515152
354.884 25.538 0 0 343.595492412817 15.5640224490584 "LDA" 9 1000 3.55050505050505
367.928 25.926 0 0 360.219009146589 15.8134939400055 "LDA" 9 1000 3.58585858585859
384.133 26.212 0 0 376.463049632681 15.9935878042061 "LDA" 9 1000 3.62121212121212
398.658 26.494 0 0 384.780908288578 16.1007825648072 "LDA" 9 1000 3.65656565656566
414.778 26.834 0 0 397.200711380432 16.4621215353746 "LDA" 9 1000 3.69191919191919
432.582 27.244 0 0 411.260470323189 16.82181433251 "LDA" 9 1000 3.72727272727273
452.249 27.446 0 0 434.780893582531 16.9312063879025 "LDA" 9 1000 3.76262626262626
467.802 27.694 0 0 444.987144032672 16.9993335557998 "LDA" 9 1000 3.7979797979798
484.138 27.958 0 0 459.483261745 17.0656811605477 "LDA" 9 1000 3.83333333333333
503.647 28.143 0 0 478.521388351775 17.0597651386702 "LDA" 9 1000 3.86868686868687
518.832 28.419 0 0 494.225374193289 17.0981808034301 "LDA" 9 1000 3.9040404040404
547.653 28.641 0 0 525.207093518435 17.1847442353511 "LDA" 9 1000 3.93939393939394
572.709 29.185 0 0 545.380375584851 17.4252809278765 "LDA" 9 1000 3.97474747474747
601.447 29.457 0 0 573.842386265842 17.4762000608991 "LDA" 9 1000 4.01010101010101
624.654 29.767 0 0 595.105857192874 17.6172949138079 "LDA" 9 1000 4.04545454545454
646.772 29.98 0 0 617.150351674997 17.6212402545368 "LDA" 9 1000 4.08080808080808
674.132 30.3 0 0 646.528071411538 17.7461242226275 "LDA" 9 1000 4.11616161616162
692.598 30.694 0 0 658.220227784185 17.8590399884571 "LDA" 9 1000 4.15151515151515
719.185 30.986 0 0 681.675295124433 17.9640895264 "LDA" 9 1000 4.18686868686869
759.911 31.29 0 0 715.196919535251 18.0739195131152 "LDA" 9 1000 4.22222222222222
791.368 31.578 0 0 767.12057497668 18.1245804480108 "LDA" 9 1000 4.25757575757576
814.534 31.862 0 0 789.26610076819 18.1392940874222 "LDA" 9 1000 4.29292929292929
834.138 32.166 0 0 802.134308208048 18.262145272392 "LDA" 9 1000 4.32828282828283
852.663 32.433 0 0 813.97518453085 18.321003525194 "LDA" 9 1000 4.36363636363636
873.711 32.765 0 0 821.469576883249 18.5260624523937 "LDA" 9 1000 4.3989898989899
901.096 32.993 0 0 843.044596077203 18.5792394661121 "LDA" 9 1000 4.43434343434343
928.515 33.243 0 0 858.515568149906 18.6100049243218 "LDA" 9 1000 4.46969696969697
958.518 33.51 0 0 872.081095491189 18.705501752046 "LDA" 9 1000 4.50505050505051
1001.438 33.765 0 0 933.285617697069 18.7708316043568 "LDA" 9 1000 4.54040404040404
1035.138 34.091 0 0 951.517446191296 18.8764678910023 "LDA" 9 1000 4.57575757575758
1079.215 34.327 0 0 1007.55275858703 18.9599987487487 "LDA" 9 1000 4.61111111111111
1112.73 34.677 0 0 1045.9732803486 19.1497097205776 "LDA" 9 1000 4.64646464646465
1142.91191191191 35.133 1 0 1063.98959297362 19.3618747334341 "LDA" 9 1000 4.68181818181818
1162.93493493493 35.336 1 0 1080.30426054954 19.4135517098235 "LDA" 9 1000 4.71717171717172
1188.78478478478 35.619 1 0 1106.66268905363 19.5055455013518 "LDA" 9 1000 4.75252525252525
1225.11111111111 35.949 1 0 1126.56224490703 19.5168980196216 "LDA" 9 1000 4.78787878787879
1255.02002002002 36.173 1 0 1159.06453175703 19.6265705937964 "LDA" 9 1000 4.82323232323232
1319.92292292292 36.472 1 0 1238.9743265414 19.6966284722328 "LDA" 9 1000 4.85858585858586
1365.15415415415 36.77 1 0 1280.91188329478 19.7795938363843 "LDA" 9 1000 4.89393939393939
1396.53353353353 36.96 1 0 1301.07927243999 19.7713759588782 "LDA" 9 1000 4.92929292929293
1454.87187187187 37.243 1 0 1369.1156074974 19.7889249973957 "LDA" 9 1000 4.96464646464646
1498.02102102102 37.606 1 0 1398.43922251799 19.8332075096319 "LDA" 9 1000 5
35.169 11.305 0 0 29.537110215454 8.20593153227056 "uLSIF" 9 1000 1.5
36.446 11.608 0 0 30.8783185188986 8.31537620805466 "uLSIF" 9 1000 1.53535353535354
37.464 11.913 0 0 31.8914058292476 8.34644200208053 "uLSIF" 9 1000 1.57070707070707
39.355 12.215 0 0 33.8789131430711 8.56178013494151 "uLSIF" 9 1000 1.60606060606061
42.099 12.689 0 0 37.5120827914867 8.79327018808137 "uLSIF" 9 1000 1.64141414141414
44.296 13.02 0 0 39.8779216187684 8.87041624075693 "uLSIF" 9 1000 1.67676767676768
45.837 13.292 0 0 40.9583693403316 9.03129560474577 "uLSIF" 9 1000 1.71212121212121
48.532 13.608 0 0 43.2573250695437 9.15577217738428 "uLSIF" 9 1000 1.74747474747475
50.86 13.93 0 0 44.9456172335914 9.2774549942951 "uLSIF" 9 1000 1.78282828282828
52.907 14.239 0 0 47.4757232203502 9.40597423722558 "uLSIF" 9 1000 1.81818181818182
54.759 14.517 0 0 48.91262990644 9.4262699709676 "uLSIF" 9 1000 1.85353535353535
57.377 14.83 0 0 50.3134406825186 9.47834051608925 "uLSIF" 9 1000 1.88888888888889
60.027 15.185 0 0 53.4245116912588 10.3559654799068 "uLSIF" 9 1000 1.92424242424242
62.499 15.577 0 0 55.6204965695079 10.6330208375669 "uLSIF" 9 1000 1.95959595959596
65.843 15.805 0 0 60.0461313399031 10.6834971854778 "uLSIF" 9 1000 1.99494949494949
69.57 16.156 0 0 63.8844607422206 10.7882366515594 "uLSIF" 9 1000 2.03030303030303
72.577 16.45 0 0 66.2349994047418 10.9909189925274 "uLSIF" 9 1000 2.06565656565657
75.364 16.831 0 0 68.7199675344651 11.1973130178101 "uLSIF" 9 1000 2.1010101010101
79.437 17.339 0 0 71.769512286861 11.4805872185565 "uLSIF" 9 1000 2.13636363636364
81.961 17.761 0 0 73.6971420595653 12.341725859749 "uLSIF" 9 1000 2.17171717171717
86.142 18.108 0 0 78.1535399825997 12.4633732059853 "uLSIF" 9 1000 2.20707070707071
90.684 18.48 0 0 82.3054453261164 12.5581570028132 "uLSIF" 9 1000 2.24242424242424
94.789 18.808 0 0 85.9859643492184 12.7001744251971 "uLSIF" 9 1000 2.27777777777778
100.025 19.107 0 0 91.404240110129 12.8802737724185 "uLSIF" 9 1000 2.31313131313131
104.399 19.622 0 0 95.4207467897727 13.3418559848741 "uLSIF" 9 1000 2.34848484848485
108.47 20.017 0 0 99.7677036655384 13.7309595531503 "uLSIF" 9 1000 2.38383838383838
113.514 20.209 0 0 106.260213801013 13.7734173691944 "uLSIF" 9 1000 2.41919191919192
117.018 20.691 0 0 110.115762528156 14.0690958649964 "uLSIF" 9 1000 2.45454545454545
122.626 21.012 0 0 115.204992575471 14.2135808958152 "uLSIF" 9 1000 2.48989898989899
127.831 21.339 0 0 117.856567952786 14.4038032667955 "uLSIF" 9 1000 2.52525252525253
134.204 21.698 0 0 121.815201544501 14.6694235738146 "uLSIF" 9 1000 2.56060606060606
140.444 22.157 0 0 126.690889354545 14.8736537735883 "uLSIF" 9 1000 2.5959595959596
146.682 22.466 0 0 130.908364422889 14.9512000315153 "uLSIF" 9 1000 2.63131313131313
150.892 22.891 0 0 133.169961232158 15.1250085912334 "uLSIF" 9 1000 2.66666666666667
157.034 23.354 0 0 137.391037339199 15.3409265700618 "uLSIF" 9 1000 2.7020202020202
162.458 23.635 0 0 140.794308383802 15.4857218941379 "uLSIF" 9 1000 2.73737373737374
168.946 23.973 0 0 146.53208773759 15.5220231994481 "uLSIF" 9 1000 2.77272727272727
175.245 24.546 0 0 149.295050108793 16.121221348824 "uLSIF" 9 1000 2.80808080808081
182.357 24.812 0 0 156.174620419142 16.2047909968395 "uLSIF" 9 1000 2.84343434343434
187.348 25.17 0 0 161.226060978797 16.3213199676217 "uLSIF" 9 1000 2.87878787878788
195.601 25.528 0 0 171.824717466762 16.4588611425612 "uLSIF" 9 1000 2.91414141414141
201.901 25.866 0 0 177.551028063953 16.5856904929861 "uLSIF" 9 1000 2.94949494949495
210.487 26.36 0 0 183.952364223196 17.1041208762962 "uLSIF" 9 1000 2.98484848484848
219.454 26.603 0 0 194.383998886284 17.14950426387 "uLSIF" 9 1000 3.02020202020202
225.63 26.833 0 0 199.663618770823 17.2169548566096 "uLSIF" 9 1000 3.05555555555556
232.527 27.327 0 0 203.80244529374 17.600393315061 "uLSIF" 9 1000 3.09090909090909
238.561 27.716 0 0 209.510245147634 17.7070857253497 "uLSIF" 9 1000 3.12626262626263
245.629 28.048 0 0 215.08447338125 17.8020956803015 "uLSIF" 9 1000 3.16161616161616
255.426 28.398 0 0 224.329985660559 17.9096161419041 "uLSIF" 9 1000 3.1969696969697
266.937 28.902 0 0 243.99288423755 18.110117955783 "uLSIF" 9 1000 3.23232323232323
277.112 29.184 0 0 255.481142298351 18.116687289854 "uLSIF" 9 1000 3.26767676767677
287.17 29.597 0 0 274.090029815833 18.2938584299829 "uLSIF" 9 1000 3.3030303030303
297.142 29.876 0 0 281.647807240396 18.2763959973144 "uLSIF" 9 1000 3.33838383838384
309.811 30.214 0 0 295.134853687024 18.4015983768482 "uLSIF" 9 1000 3.37373737373737
321.447 30.646 0 0 303.931685845126 18.7577327131116 "uLSIF" 9 1000 3.40909090909091
329.126 31.023 0 0 310.96109873894 18.8600151423898 "uLSIF" 9 1000 3.44444444444444
340.252 31.375 0 0 320.813234807462 18.9690326374119 "uLSIF" 9 1000 3.47979797979798
352.137 31.791 0 0 331.192129220272 19.1263466489588 "uLSIF" 9 1000 3.51515151515152
366.911 32.077 0 0 343.701300059605 19.290702480786 "uLSIF" 9 1000 3.55050505050505
375.975 32.409 0 0 355.03517621688 19.5060042859424 "uLSIF" 9 1000 3.58585858585859
391.59 32.877 0 0 369.440263111654 20.046838821788 "uLSIF" 9 1000 3.62121212121212
409.068 33.192 0 0 383.746143275054 20.0724697045491 "uLSIF" 9 1000 3.65656565656566
429.575 33.561 0 0 399.293959434701 20.4589551993216 "uLSIF" 9 1000 3.69191919191919
449.789 33.895 0 0 428.472768554073 20.5876133834115 "uLSIF" 9 1000 3.72727272727273
469.714 34.485 0 0 453.092249758027 21.1403095456923 "uLSIF" 9 1000 3.76262626262626
485.443 35.007 0 0 464.15221428862 21.4673659026626 "uLSIF" 9 1000 3.7979797979798
497.471 35.281 0 0 471.540271224406 21.5567792987202 "uLSIF" 9 1000 3.83333333333333
518.722 35.737 0 0 496.706895921988 21.7861071663908 "uLSIF" 9 1000 3.86868686868687
536.379 36.318 0 0 511.52768833655 22.3729619278589 "uLSIF" 9 1000 3.9040404040404
553.51 36.521 0 0 524.385192134303 22.3874240536011 "uLSIF" 9 1000 3.93939393939394
565.593 36.82 0 0 537.44387546075 22.4682091057659 "uLSIF" 9 1000 3.97474747474747
583.839 37.153 0 0 552.879988207532 22.5887547873459 "uLSIF" 9 1000 4.01010101010101
606.405 37.559 0 0 575.665068634745 22.5766300236156 "uLSIF" 9 1000 4.04545454545454
623.06 37.941 0 0 596.7940847391 22.6144850468441 "uLSIF" 9 1000 4.08080808080808
641.616 38.307 0 0 609.386324293741 22.763543878973 "uLSIF" 9 1000 4.11616161616162
665.546 38.616 0 0 636.086586896808 22.821730332632 "uLSIF" 9 1000 4.15151515151515
693.206 38.973 0 0 665.964058858803 22.8759607575415 "uLSIF" 9 1000 4.18686868686869
728.783 39.31 0 0 698.583067511096 23.1094774486129 "uLSIF" 9 1000 4.22222222222222
745.25 39.608 0 0 705.976335358407 23.228730268999 "uLSIF" 9 1000 4.25757575757576
770.634 39.93 0 0 725.113742790732 23.7111644446096 "uLSIF" 9 1000 4.29292929292929
804.471 40.395 0 0 759.650150734212 24.0864512149908 "uLSIF" 9 1000 4.32828282828283
838.545 40.756 0 0 790.077980448886 24.0932968053554 "uLSIF" 9 1000 4.36363636363636
881.159 41.044 0 0 845.112005606962 24.0752919750454 "uLSIF" 9 1000 4.3989898989899
903.464 41.528 0 0 867.227323101581 24.2310618908945 "uLSIF" 9 1000 4.43434343434343
935.163 41.949 0 0 907.176525092376 24.3831691528796 "uLSIF" 9 1000 4.46969696969697
960.014 42.326 0 0 946.394964712531 24.484509699302 "uLSIF" 9 1000 4.50505050505051
995.285 42.878 0 0 976.102934486785 24.6171306028773 "uLSIF" 9 1000 4.54040404040404
1031.09 43.176 0 0 998.041518561614 24.7656690271505 "uLSIF" 9 1000 4.57575757575758
1056.393 43.457 0 0 1011.56995325154 24.8851244807098 "uLSIF" 9 1000 4.61111111111111
1104.931 43.999 0 0 1055.39226122995 25.2152098108623 "uLSIF" 9 1000 4.64646464646465
1151.101 44.319 0 0 1085.00065124967 25.3133562572213 "uLSIF" 9 1000 4.68181818181818
1175.74974974975 44.76 1 0 1119.69880783986 25.4431868238976 "uLSIF" 9 1000 4.71717171717172
1212.34534534535 45.282 1 0 1145.30489760273 25.8559278503983 "uLSIF" 9 1000 4.75252525252525
1274.24324324324 45.785 1 0 1200.76218776034 27.0973622709304 "uLSIF" 9 1000 4.78787878787879
1318.95795795796 46.057 1 0 1257.25500377739 27.3943461539275 "uLSIF" 9 1000 4.82323232323232
1380.21721721722 46.465 1 0 1329.71842509757 27.5560903089156 "uLSIF" 9 1000 4.85858585858586
1411.29129129129 46.861 1 0 1356.7286041227 27.6941265188784 "uLSIF" 9 1000 4.89393939393939
1458.37237237237 47.157 1 0 1381.74859429389 27.7191757399765 "uLSIF" 9 1000 4.92929292929293
1498.66566566567 47.595 1 0 1418.5720883593 28.0130274105585 "uLSIF" 9 1000 4.96464646464646
1537.4974974975 48.029 1 0 1453.78758090876 28.076439329898 "uLSIF" 9 1000 5
