125.44 13.915 0 0 "KDE LDA" 62 3000 2.5
128.515 13.95 0 0 "KDE LDA" 62 3000 2.51010101010101
128.535 14.015 0 0 "KDE LDA" 62 3000 2.52020202020202
132.695 14.17 0 0 "KDE LDA" 62 3000 2.53030303030303
134.82 14.365 0 0 "KDE LDA" 62 3000 2.54040404040404
135.025 14.37 0 0 "KDE LDA" 62 3000 2.55050505050505
135.605 14.39 0 0 "KDE LDA" 62 3000 2.56060606060606
136.575 14.43 0 0 "KDE LDA" 62 3000 2.57070707070707
137.155 14.44 0 0 "KDE LDA" 62 3000 2.58080808080808
137.525 14.465 0 0 "KDE LDA" 62 3000 2.59090909090909
138.875 14.49 0 0 "KDE LDA" 62 3000 2.6010101010101
140.39 14.5 0 0 "KDE LDA" 62 3000 2.61111111111111
142.38 14.545 0 0 "KDE LDA" 62 3000 2.62121212121212
142.39 14.585 0 0 "KDE LDA" 62 3000 2.63131313131313
146.96 14.62 0 0 "KDE LDA" 62 3000 2.64141414141414
147.575 14.64 0 0 "KDE LDA" 62 3000 2.65151515151515
151.22 14.675 0 0 "KDE LDA" 62 3000 2.66161616161616
161.485 14.865 0 0 "KDE LDA" 62 3000 2.67171717171717
163.695 15.015 0 0 "KDE LDA" 62 3000 2.68181818181818
165.045 15.13 0 0 "KDE LDA" 62 3000 2.69191919191919
165.065 15.135 0 0 "KDE LDA" 62 3000 2.7020202020202
165.105 15.3 0 0 "KDE LDA" 62 3000 2.71212121212121
171.27 15.38 0 0 "KDE LDA" 62 3000 2.72222222222222
171.275 15.385 0 0 "KDE LDA" 62 3000 2.73232323232323
173.425 15.45 0 0 "KDE LDA" 62 3000 2.74242424242424
176.21 15.475 0 0 "KDE LDA" 62 3000 2.75252525252525
177.08 15.625 0 0 "KDE LDA" 62 3000 2.76262626262626
179.495 15.665 0 0 "KDE LDA" 62 3000 2.77272727272727
183.35 15.71 0 0 "KDE LDA" 62 3000 2.78282828282828
189.455 15.955 0 0 "KDE LDA" 62 3000 2.79292929292929
231.55 16.785 0 0 "KDE LDA" 62 3000 2.8030303030303
231.565 16.845 0 0 "KDE LDA" 62 3000 2.81313131313131
233.955 16.87 0 0 "KDE LDA" 62 3000 2.82323232323232
236.57 16.87 0 0 "KDE LDA" 62 3000 2.83333333333333
236.58 16.895 0 0 "KDE LDA" 62 3000 2.84343434343434
236.58 16.915 0 0 "KDE LDA" 62 3000 2.85353535353535
239.475 16.915 0 0 "KDE LDA" 62 3000 2.86363636363636
239.515 16.92 0 0 "KDE LDA" 62 3000 2.87373737373737
241.18 17.025 0 0 "KDE LDA" 62 3000 2.88383838383838
241.205 17.055 0 0 "KDE LDA" 62 3000 2.89393939393939
247.475 17.145 0 0 "KDE LDA" 62 3000 2.9040404040404
250.07 17.175 0 0 "KDE LDA" 62 3000 2.91414141414141
250.975 17.21 0 0 "KDE LDA" 62 3000 2.92424242424242
251.045 17.23 0 0 "KDE LDA" 62 3000 2.93434343434343
256.77 17.3 0 0 "KDE LDA" 62 3000 2.94444444444444
258.5 17.33 0 0 "KDE LDA" 62 3000 2.95454545454545
260.975 17.53 0 0 "KDE LDA" 62 3000 2.96464646464646
261.235 17.54 0 0 "KDE LDA" 62 3000 2.97474747474747
262.105 17.54 0 0 "KDE LDA" 62 3000 2.98484848484848
262.12 17.555 0 0 "KDE LDA" 62 3000 2.99494949494949
264.125 17.56 0 0 "KDE LDA" 62 3000 3.00505050505051
276.565 17.575 0 0 "KDE LDA" 62 3000 3.01515151515152
277.275 17.575 0 0 "KDE LDA" 62 3000 3.02525252525253
280.295 17.585 0 0 "KDE LDA" 62 3000 3.03535353535354
280.355 17.8 0 0 "KDE LDA" 62 3000 3.04545454545455
280.905 17.81 0 0 "KDE LDA" 62 3000 3.05555555555556
281.61 17.85 0 0 "KDE LDA" 62 3000 3.06565656565657
288.39 18.04 0 0 "KDE LDA" 62 3000 3.07575757575758
291.86 18.165 0 0 "KDE LDA" 62 3000 3.08585858585859
296.785 18.485 0 0 "KDE LDA" 62 3000 3.0959595959596
301.05 18.565 0 0 "KDE LDA" 62 3000 3.10606060606061
303.115 18.72 0 0 "KDE LDA" 62 3000 3.11616161616162
303.97 18.745 0 0 "KDE LDA" 62 3000 3.12626262626263
304.81 18.755 0 0 "KDE LDA" 62 3000 3.13636363636364
305.77 18.785 0 0 "KDE LDA" 62 3000 3.14646464646465
305.785 18.82 0 0 "KDE LDA" 62 3000 3.15656565656566
307.92 18.93 0 0 "KDE LDA" 62 3000 3.16666666666667
314.05 18.945 0 0 "KDE LDA" 62 3000 3.17676767676768
316.31 19.01 0 0 "KDE LDA" 62 3000 3.18686868686869
327.365 19.055 0 0 "KDE LDA" 62 3000 3.1969696969697
332.575 19.09 0 0 "KDE LDA" 62 3000 3.20707070707071
340.96 19.185 0 0 "KDE LDA" 62 3000 3.21717171717172
368.43 19.57 0 0 "KDE LDA" 62 3000 3.22727272727273
380.44 19.595 0 0 "KDE LDA" 62 3000 3.23737373737374
381.24 19.625 0 0 "KDE LDA" 62 3000 3.24747474747475
384.32 19.645 0 0 "KDE LDA" 62 3000 3.25757575757576
393.875 19.835 0 0 "KDE LDA" 62 3000 3.26767676767677
397.425 20.115 0 0 "KDE LDA" 62 3000 3.27777777777778
398.635 20.225 0 0 "KDE LDA" 62 3000 3.28787878787879
411.575 20.8 0 0 "KDE LDA" 62 3000 3.2979797979798
414.89 20.815 0 0 "KDE LDA" 62 3000 3.30808080808081
422.52 20.95 0 0 "KDE LDA" 62 3000 3.31818181818182
423.86 20.985 0 0 "KDE LDA" 62 3000 3.32828282828283
426.65 21.02 0 0 "KDE LDA" 62 3000 3.33838383838384
433.91 21.175 0 0 "KDE LDA" 62 3000 3.34848484848485
477.73 21.635 0 0 "KDE LDA" 62 3000 3.35858585858586
484.12 21.645 0 0 "KDE LDA" 62 3000 3.36868686868687
502.165 21.75 0 0 "KDE LDA" 62 3000 3.37878787878788
503.54 21.765 0 0 "KDE LDA" 62 3000 3.38888888888889
503.59 21.855 0 0 "KDE LDA" 62 3000 3.3989898989899
508.595 21.9 0 0 "KDE LDA" 62 3000 3.40909090909091
510 21.905 0 0 "KDE LDA" 62 3000 3.41919191919192
510.035 21.915 0 0 "KDE LDA" 62 3000 3.42929292929293
514.27 21.92 0 0 "KDE LDA" 62 3000 3.43939393939394
514.295 21.96 0 0 "KDE LDA" 62 3000 3.44949494949495
520.755 22.035 0 0 "KDE LDA" 62 3000 3.45959595959596
520.775 22.055 0 0 "KDE LDA" 62 3000 3.46969696969697
522.31 22.11 0 0 "KDE LDA" 62 3000 3.47979797979798
522.33 22.425 0 0 "KDE LDA" 62 3000 3.48989898989899
530.595 22.455 0 0 "KDE LDA" 62 3000 3.5
115.685 12.65 0 0 "KDE QDA" 62 3000 2.7
116.235 12.67 0 0 "KDE QDA" 62 3000 2.71010101010101
116.24 12.675 0 0 "KDE QDA" 62 3000 2.72020202020202
116.24 12.715 0 0 "KDE QDA" 62 3000 2.73030303030303
116.79 12.715 0 0 "KDE QDA" 62 3000 2.74040404040404
116.79 12.715 0 0 "KDE QDA" 62 3000 2.75050505050505
116.79 12.715 0 0 "KDE QDA" 62 3000 2.76060606060606
116.795 12.715 0 0 "KDE QDA" 62 3000 2.77070707070707
116.8 12.72 0 0 "KDE QDA" 62 3000 2.78080808080808
116.88 12.745 0 0 "KDE QDA" 62 3000 2.79090909090909
143.47 13.62 0 0 "KDE QDA" 62 3000 2.8010101010101
143.47 13.62 0 0 "KDE QDA" 62 3000 2.81111111111111
143.47 13.625 0 0 "KDE QDA" 62 3000 2.82121212121212
148.275 13.75 0 0 "KDE QDA" 62 3000 2.83131313131313
148.42 13.76 0 0 "KDE QDA" 62 3000 2.84141414141414
148.77 13.76 0 0 "KDE QDA" 62 3000 2.85151515151515
148.77 13.76 0 0 "KDE QDA" 62 3000 2.86161616161616
148.77 13.76 0 0 "KDE QDA" 62 3000 2.87171717171717
148.77 13.775 0 0 "KDE QDA" 62 3000 2.88181818181818
148.77 13.775 0 0 "KDE QDA" 62 3000 2.89191919191919
148.77 13.78 0 0 "KDE QDA" 62 3000 2.9020202020202
148.77 13.78 0 0 "KDE QDA" 62 3000 2.91212121212121
148.77 13.785 0 0 "KDE QDA" 62 3000 2.92222222222222
148.775 13.785 0 0 "KDE QDA" 62 3000 2.93232323232323
151.46 13.785 0 0 "KDE QDA" 62 3000 2.94242424242424
151.79 13.785 0 0 "KDE QDA" 62 3000 2.95252525252525
157.6 14.005 0 0 "KDE QDA" 62 3000 2.96262626262626
157.605 14.01 0 0 "KDE QDA" 62 3000 2.97272727272727
159.33 14.01 0 0 "KDE QDA" 62 3000 2.98282828282828
159.36 14.03 0 0 "KDE QDA" 62 3000 2.99292929292929
159.385 14.035 0 0 "KDE QDA" 62 3000 3.0030303030303
159.39 14.035 0 0 "KDE QDA" 62 3000 3.01313131313131
160.42 14.06 0 0 "KDE QDA" 62 3000 3.02323232323232
160.42 14.06 0 0 "KDE QDA" 62 3000 3.03333333333333
160.42 14.06 0 0 "KDE QDA" 62 3000 3.04343434343434
160.42 14.06 0 0 "KDE QDA" 62 3000 3.05353535353535
160.42 14.06 0 0 "KDE QDA" 62 3000 3.06363636363636
160.42 14.08 0 0 "KDE QDA" 62 3000 3.07373737373737
160.42 14.165 0 0 "KDE QDA" 62 3000 3.08383838383838
176.98 14.445 0 0 "KDE QDA" 62 3000 3.09393939393939
177.22 14.73 0 0 "KDE QDA" 62 3000 3.1040404040404
177.22 14.73 0 0 "KDE QDA" 62 3000 3.11414141414141
180.33 14.78 0 0 "KDE QDA" 62 3000 3.12424242424242
180.415 14.8 0 0 "KDE QDA" 62 3000 3.13434343434343
180.425 14.8 0 0 "KDE QDA" 62 3000 3.14444444444444
180.43 14.8 0 0 "KDE QDA" 62 3000 3.15454545454545
180.43 14.8 0 0 "KDE QDA" 62 3000 3.16464646464646
180.43 14.845 0 0 "KDE QDA" 62 3000 3.17474747474748
180.445 14.845 0 0 "KDE QDA" 62 3000 3.18484848484849
180.445 14.845 0 0 "KDE QDA" 62 3000 3.19494949494949
180.445 14.85 0 0 "KDE QDA" 62 3000 3.20505050505051
180.445 14.94 0 0 "KDE QDA" 62 3000 3.21515151515152
203.955 15.57 0 0 "KDE QDA" 62 3000 3.22525252525253
203.995 15.58 0 0 "KDE QDA" 62 3000 3.23535353535354
203.995 15.59 0 0 "KDE QDA" 62 3000 3.24545454545455
210.84 15.67 0 0 "KDE QDA" 62 3000 3.25555555555556
210.845 15.675 0 0 "KDE QDA" 62 3000 3.26565656565657
212.99 15.7 0 0 "KDE QDA" 62 3000 3.27575757575758
213.24 15.705 0 0 "KDE QDA" 62 3000 3.28585858585859
214.23 15.705 0 0 "KDE QDA" 62 3000 3.2959595959596
214.23 15.705 0 0 "KDE QDA" 62 3000 3.30606060606061
214.23 15.74 0 0 "KDE QDA" 62 3000 3.31616161616162
214.235 15.74 0 0 "KDE QDA" 62 3000 3.32626262626263
214.24 15.74 0 0 "KDE QDA" 62 3000 3.33636363636364
214.245 15.745 0 0 "KDE QDA" 62 3000 3.34646464646465
215.295 15.745 0 0 "KDE QDA" 62 3000 3.35656565656566
250.44 16.245 0 0 "KDE QDA" 62 3000 3.36666666666667
250.44 16.25 0 0 "KDE QDA" 62 3000 3.37676767676768
263.16 16.49 0 0 "KDE QDA" 62 3000 3.38686868686869
263.2 16.52 0 0 "KDE QDA" 62 3000 3.3969696969697
264.57 16.52 0 0 "KDE QDA" 62 3000 3.40707070707071
266.86 16.65 0 0 "KDE QDA" 62 3000 3.41717171717172
266.86 16.65 0 0 "KDE QDA" 62 3000 3.42727272727273
267.265 16.65 0 0 "KDE QDA" 62 3000 3.43737373737374
267.95 16.65 0 0 "KDE QDA" 62 3000 3.44747474747475
267.95 16.655 0 0 "KDE QDA" 62 3000 3.45757575757576
267.95 16.655 0 0 "KDE QDA" 62 3000 3.46767676767677
267.955 16.655 0 0 "KDE QDA" 62 3000 3.47777777777778
269.85 16.66 0 0 "KDE QDA" 62 3000 3.48787878787879
270.13 16.665 0 0 "KDE QDA" 62 3000 3.4979797979798
270.13 16.665 0 0 "KDE QDA" 62 3000 3.50808080808081
292.1 16.895 0 0 "KDE QDA" 62 3000 3.51818181818182
296.45 16.945 0 0 "KDE QDA" 62 3000 3.52828282828283
296.465 16.945 0 0 "KDE QDA" 62 3000 3.53838383838384
313.3 16.99 0 0 "KDE QDA" 62 3000 3.54848484848485
313.335 17.06 0 0 "KDE QDA" 62 3000 3.55858585858586
313.345 17.065 0 0 "KDE QDA" 62 3000 3.56868686868687
313.345 17.065 0 0 "KDE QDA" 62 3000 3.57878787878788
313.345 17.065 0 0 "KDE QDA" 62 3000 3.58888888888889
313.37 17.065 0 0 "KDE QDA" 62 3000 3.5989898989899
313.375 17.065 0 0 "KDE QDA" 62 3000 3.60909090909091
313.38 17.065 0 0 "KDE QDA" 62 3000 3.61919191919192
318.97 17.065 0 0 "KDE QDA" 62 3000 3.62929292929293
318.97 17.075 0 0 "KDE QDA" 62 3000 3.63939393939394
318.985 17.08 0 0 "KDE QDA" 62 3000 3.64949494949495
342.78 17.275 0 0 "KDE QDA" 62 3000 3.65959595959596
342.81 17.28 0 0 "KDE QDA" 62 3000 3.66969696969697
346.58 17.515 0 0 "KDE QDA" 62 3000 3.67979797979798
346.58 17.535 0 0 "KDE QDA" 62 3000 3.68989898989899
346.885 17.54 0 0 "KDE QDA" 62 3000 3.7
