153.275 16.7 0 0 "KDE LDA" 175 800 2.4
154.03 16.705 0 0 "KDE LDA" 175 800 2.41010101010101
154.975 16.775 0 0 "KDE LDA" 175 800 2.42020202020202
156.365 16.79 0 0 "KDE LDA" 175 800 2.43030303030303
156.37 16.8 0 0 "KDE LDA" 175 800 2.44040404040404
157.29 16.965 0 0 "KDE LDA" 175 800 2.45050505050505
160.765 17.005 0 0 "KDE LDA" 175 800 2.46060606060606
160.795 17.02 0 0 "KDE LDA" 175 800 2.47070707070707
160.815 17.2 0 0 "KDE LDA" 175 800 2.48080808080808
160.895 17.21 0 0 "KDE LDA" 175 800 2.49090909090909
162.045 17.245 0 0 "KDE LDA" 175 800 2.5010101010101
164.335 17.28 0 0 "KDE LDA" 175 800 2.51111111111111
164.92 17.48 0 0 "KDE LDA" 175 800 2.52121212121212
167.35 17.605 0 0 "KDE LDA" 175 800 2.53131313131313
168.2 17.65 0 0 "KDE LDA" 175 800 2.54141414141414
168.58 17.65 0 0 "KDE LDA" 175 800 2.55151515151515
169.585 17.675 0 0 "KDE LDA" 175 800 2.56161616161616
169.915 17.94 0 0 "KDE LDA" 175 800 2.57171717171717
173.14 17.94 0 0 "KDE LDA" 175 800 2.58181818181818
176.33 18.045 0 0 "KDE LDA" 175 800 2.59191919191919
176.34 18.085 0 0 "KDE LDA" 175 800 2.6020202020202
177.65 18.09 0 0 "KDE LDA" 175 800 2.61212121212121
179.89 18.115 0 0 "KDE LDA" 175 800 2.62222222222222
182.855 18.21 0 0 "KDE LDA" 175 800 2.63232323232323
184.425 18.235 0 0 "KDE LDA" 175 800 2.64242424242424
188.77 18.275 0 0 "KDE LDA" 175 800 2.65252525252525
197.39 18.535 0 0 "KDE LDA" 175 800 2.66262626262626
205.625 18.805 0 0 "KDE LDA" 175 800 2.67272727272727
208.195 18.86 0 0 "KDE LDA" 175 800 2.68282828282828
210.225 18.91 0 0 "KDE LDA" 175 800 2.69292929292929
212.79 18.91 0 0 "KDE LDA" 175 800 2.7030303030303
213.595 18.94 0 0 "KDE LDA" 175 800 2.71313131313131
213.84 18.95 0 0 "KDE LDA" 175 800 2.72323232323232
216.21 18.97 0 0 "KDE LDA" 175 800 2.73333333333333
217.2 19.07 0 0 "KDE LDA" 175 800 2.74343434343434
217.73 19.1 0 0 "KDE LDA" 175 800 2.75353535353535
220.15 19.34 0 0 "KDE LDA" 175 800 2.76363636363636
220.685 19.355 0 0 "KDE LDA" 175 800 2.77373737373737
224.335 19.725 0 0 "KDE LDA" 175 800 2.78383838383838
243.15 19.965 0 0 "KDE LDA" 175 800 2.79393939393939
279.62 20.59 0 0 "KDE LDA" 175 800 2.8040404040404
280.255 20.595 0 0 "KDE LDA" 175 800 2.81414141414141
280.7 20.65 0 0 "KDE LDA" 175 800 2.82424242424242
280.7 20.675 0 0 "KDE LDA" 175 800 2.83434343434343
280.805 20.845 0 0 "KDE LDA" 175 800 2.84444444444444
287.125 20.865 0 0 "KDE LDA" 175 800 2.85454545454545
287.145 21.125 0 0 "KDE LDA" 175 800 2.86464646464646
287.165 21.215 0 0 "KDE LDA" 175 800 2.87474747474747
289.89 21.215 0 0 "KDE LDA" 175 800 2.88484848484848
289.915 21.22 0 0 "KDE LDA" 175 800 2.89494949494949
291.67 21.225 0 0 "KDE LDA" 175 800 2.90505050505051
291.67 21.25 0 0 "KDE LDA" 175 800 2.91515151515152
293.27 21.255 0 0 "KDE LDA" 175 800 2.92525252525253
298.87 21.31 0 0 "KDE LDA" 175 800 2.93535353535354
302.81 21.51 0 0 "KDE LDA" 175 800 2.94545454545455
304.41 21.595 0 0 "KDE LDA" 175 800 2.95555555555556
306.965 21.685 0 0 "KDE LDA" 175 800 2.96565656565657
315.115 21.695 0 0 "KDE LDA" 175 800 2.97575757575758
315.93 21.94 0 0 "KDE LDA" 175 800 2.98585858585859
317.56 21.965 0 0 "KDE LDA" 175 800 2.9959595959596
317.565 22.165 0 0 "KDE LDA" 175 800 3.00606060606061
318.125 22.165 0 0 "KDE LDA" 175 800 3.01616161616162
321.255 22.175 0 0 "KDE LDA" 175 800 3.02626262626263
323.74 22.305 0 0 "KDE LDA" 175 800 3.03636363636364
323.785 22.34 0 0 "KDE LDA" 175 800 3.04646464646465
326.505 22.35 0 0 "KDE LDA" 175 800 3.05656565656566
330.085 22.405 0 0 "KDE LDA" 175 800 3.06666666666667
343.67 22.45 0 0 "KDE LDA" 175 800 3.07676767676768
344.87 22.55 0 0 "KDE LDA" 175 800 3.08686868686869
352.74 22.555 0 0 "KDE LDA" 175 800 3.0969696969697
355.635 22.62 0 0 "KDE LDA" 175 800 3.10707070707071
357.4 22.66 0 0 "KDE LDA" 175 800 3.11717171717172
358.365 22.72 0 0 "KDE LDA" 175 800 3.12727272727273
363.045 22.72 0 0 "KDE LDA" 175 800 3.13737373737374
364.685 22.72 0 0 "KDE LDA" 175 800 3.14747474747475
365.81 22.79 0 0 "KDE LDA" 175 800 3.15757575757576
382.5 22.8 0 0 "KDE LDA" 175 800 3.16767676767677
382.505 22.835 0 0 "KDE LDA" 175 800 3.17777777777778
393.745 23.1 0 0 "KDE LDA" 175 800 3.18787878787879
393.76 23.14 0 0 "KDE LDA" 175 800 3.1979797979798
398.945 23.555 0 0 "KDE LDA" 175 800 3.20808080808081
403.04 23.73 0 0 "KDE LDA" 175 800 3.21818181818182
424.25 24.185 0 0 "KDE LDA" 175 800 3.22828282828283
424.27 24.52 0 0 "KDE LDA" 175 800 3.23838383838384
428.29 24.595 0 0 "KDE LDA" 175 800 3.24848484848485
433.25 24.655 0 0 "KDE LDA" 175 800 3.25858585858586
433.25 24.665 0 0 "KDE LDA" 175 800 3.26868686868687
433.39 24.715 0 0 "KDE LDA" 175 800 3.27878787878788
440.08 24.74 0 0 "KDE LDA" 175 800 3.28888888888889
445.175 24.77 0 0 "KDE LDA" 175 800 3.2989898989899
447.36 24.825 0 0 "KDE LDA" 175 800 3.30909090909091
451.13 24.97 0 0 "KDE LDA" 175 800 3.31919191919192
463.67 25.055 0 0 "KDE LDA" 175 800 3.32929292929293
464.08 25.145 0 0 "KDE LDA" 175 800 3.33939393939394
470.78 25.195 0 0 "KDE LDA" 175 800 3.34949494949495
514.015 25.6 0 0 "KDE LDA" 175 800 3.35959595959596
518.505 25.61 0 0 "KDE LDA" 175 800 3.36969696969697
521.29 25.62 0 0 "KDE LDA" 175 800 3.37979797979798
521.89 25.77 0 0 "KDE LDA" 175 800 3.38989898989899
521.895 25.815 0 0 "KDE LDA" 175 800 3.4
202.43 17.475 0 0 "KDE QDA" 175 800 4.3
202.55 17.49 0 0 "KDE QDA" 175 800 4.31010101010101
202.98 17.505 0 0 "KDE QDA" 175 800 4.32020202020202
205.75 17.545 0 0 "KDE QDA" 175 800 4.33030303030303
209.095 17.565 0 0 "KDE QDA" 175 800 4.34040404040404
210.71 18.095 0 0 "KDE QDA" 175 800 4.35050505050505
210.735 18.095 0 0 "KDE QDA" 175 800 4.36060606060606
210.79 18.155 0 0 "KDE QDA" 175 800 4.37070707070707
210.835 18.19 0 0 "KDE QDA" 175 800 4.38080808080808
218.14 18.24 0 0 "KDE QDA" 175 800 4.39090909090909
220.03 18.245 0 0 "KDE QDA" 175 800 4.4010101010101
220.15 18.28 0 0 "KDE QDA" 175 800 4.41111111111111
220.215 18.28 0 0 "KDE QDA" 175 800 4.42121212121212
220.24 18.295 0 0 "KDE QDA" 175 800 4.43131313131313
222.24 18.3 0 0 "KDE QDA" 175 800 4.44141414141414
222.6 18.305 0 0 "KDE QDA" 175 800 4.45151515151515
226.325 18.32 0 0 "KDE QDA" 175 800 4.46161616161616
227.4 18.325 0 0 "KDE QDA" 175 800 4.47171717171717
243.415 18.615 0 0 "KDE QDA" 175 800 4.48181818181818
245.56 18.64 0 0 "KDE QDA" 175 800 4.49191919191919
246.155 18.645 0 0 "KDE QDA" 175 800 4.5020202020202
249.325 18.8 0 0 "KDE QDA" 175 800 4.51212121212121
250.595 18.895 0 0 "KDE QDA" 175 800 4.52222222222222
252.69 18.95 0 0 "KDE QDA" 175 800 4.53232323232323
252.7 18.975 0 0 "KDE QDA" 175 800 4.54242424242424
252.705 18.985 0 0 "KDE QDA" 175 800 4.55252525252525
253.065 19.02 0 0 "KDE QDA" 175 800 4.56262626262626
253.45 19.025 0 0 "KDE QDA" 175 800 4.57272727272727
255.325 19.025 0 0 "KDE QDA" 175 800 4.58282828282828
255.365 19.03 0 0 "KDE QDA" 175 800 4.59292929292929
255.365 19.03 0 0 "KDE QDA" 175 800 4.6030303030303
255.415 19.035 0 0 "KDE QDA" 175 800 4.61313131313131
257.68 19.075 0 0 "KDE QDA" 175 800 4.62323232323232
257.7 19.105 0 0 "KDE QDA" 175 800 4.63333333333333
259.24 19.225 0 0 "KDE QDA" 175 800 4.64343434343434
260.525 19.225 0 0 "KDE QDA" 175 800 4.65353535353535
264.245 19.305 0 0 "KDE QDA" 175 800 4.66363636363636
265.11 19.325 0 0 "KDE QDA" 175 800 4.67373737373737
265.165 19.395 0 0 "KDE QDA" 175 800 4.68383838383838
268.64 19.4 0 0 "KDE QDA" 175 800 4.69393939393939
268.69 19.4 0 0 "KDE QDA" 175 800 4.7040404040404
272.945 19.43 0 0 "KDE QDA" 175 800 4.71414141414141
273.015 19.44 0 0 "KDE QDA" 175 800 4.72424242424242
275.275 19.455 0 0 "KDE QDA" 175 800 4.73434343434343
276.58 19.475 0 0 "KDE QDA" 175 800 4.74444444444444
280.855 19.5 0 0 "KDE QDA" 175 800 4.75454545454545
284.415 19.505 0 0 "KDE QDA" 175 800 4.76464646464646
291.68 19.79 0 0 "KDE QDA" 175 800 4.77474747474747
293.185 19.82 0 0 "KDE QDA" 175 800 4.78484848484849
293.885 19.845 0 0 "KDE QDA" 175 800 4.79494949494949
298.385 19.955 0 0 "KDE QDA" 175 800 4.80505050505051
298.39 20 0 0 "KDE QDA" 175 800 4.81515151515152
299.965 20.005 0 0 "KDE QDA" 175 800 4.82525252525252
300.46 20.03 0 0 "KDE QDA" 175 800 4.83535353535354
300.48 20.05 0 0 "KDE QDA" 175 800 4.84545454545455
302.025 20.075 0 0 "KDE QDA" 175 800 4.85555555555556
302.745 20.105 0 0 "KDE QDA" 175 800 4.86565656565657
303.215 20.13 0 0 "KDE QDA" 175 800 4.87575757575758
303.29 20.2 0 0 "KDE QDA" 175 800 4.88585858585859
305.865 20.235 0 0 "KDE QDA" 175 800 4.8959595959596
306.02 20.425 0 0 "KDE QDA" 175 800 4.90606060606061
306.92 20.44 0 0 "KDE QDA" 175 800 4.91616161616162
306.965 20.455 0 0 "KDE QDA" 175 800 4.92626262626263
316.04 20.495 0 0 "KDE QDA" 175 800 4.93636363636364
316.21 20.495 0 0 "KDE QDA" 175 800 4.94646464646465
316.225 20.53 0 0 "KDE QDA" 175 800 4.95656565656566
318.145 20.56 0 0 "KDE QDA" 175 800 4.96666666666667
322.935 20.57 0 0 "KDE QDA" 175 800 4.97676767676768
323.65 20.575 0 0 "KDE QDA" 175 800 4.98686868686869
325.22 20.575 0 0 "KDE QDA" 175 800 4.9969696969697
326.215 20.605 0 0 "KDE QDA" 175 800 5.00707070707071
326.765 20.665 0 0 "KDE QDA" 175 800 5.01717171717172
329.055 20.67 0 0 "KDE QDA" 175 800 5.02727272727273
332.57 20.94 0 0 "KDE QDA" 175 800 5.03737373737374
333.705 21.04 0 0 "KDE QDA" 175 800 5.04747474747475
336.745 21.06 0 0 "KDE QDA" 175 800 5.05757575757576
339.89 21.185 0 0 "KDE QDA" 175 800 5.06767676767677
341.025 21.225 0 0 "KDE QDA" 175 800 5.07777777777778
341.045 21.3 0 0 "KDE QDA" 175 800 5.08787878787879
341.125 21.38 0 0 "KDE QDA" 175 800 5.0979797979798
341.26 21.395 0 0 "KDE QDA" 175 800 5.10808080808081
341.265 21.47 0 0 "KDE QDA" 175 800 5.11818181818182
343.775 21.475 0 0 "KDE QDA" 175 800 5.12828282828283
344.825 21.48 0 0 "KDE QDA" 175 800 5.13838383838384
344.86 21.485 0 0 "KDE QDA" 175 800 5.14848484848485
350.045 21.495 0 0 "KDE QDA" 175 800 5.15858585858586
353.38 21.505 0 0 "KDE QDA" 175 800 5.16868686868687
356.705 21.55 0 0 "KDE QDA" 175 800 5.17878787878788
361.39 21.58 0 0 "KDE QDA" 175 800 5.18888888888889
368.03 21.75 0 0 "KDE QDA" 175 800 5.1989898989899
368.08 21.76 0 0 "KDE QDA" 175 800 5.20909090909091
368.125 21.83 0 0 "KDE QDA" 175 800 5.21919191919192
368.315 21.875 0 0 "KDE QDA" 175 800 5.22929292929293
373.41 21.9 0 0 "KDE QDA" 175 800 5.23939393939394
374.015 22.185 0 0 "KDE QDA" 175 800 5.24949494949495
376.03 22.21 0 0 "KDE QDA" 175 800 5.25959595959596
376.08 22.21 0 0 "KDE QDA" 175 800 5.26969696969697
381.47 22.24 0 0 "KDE QDA" 175 800 5.27979797979798
381.695 22.275 0 0 "KDE QDA" 175 800 5.28989898989899
381.71 22.285 0 0 "KDE QDA" 175 800 5.3
