144.705 14.64 0 0 "KDE LDA" 138 1500 2.5
150.465 14.655 0 0 "KDE LDA" 138 1500 2.51010101010101
151.36 14.805 0 0 "KDE LDA" 138 1500 2.52020202020202
159.825 14.945 0 0 "KDE LDA" 138 1500 2.53030303030303
161.775 14.99 0 0 "KDE LDA" 138 1500 2.54040404040404
161.795 15.115 0 0 "KDE LDA" 138 1500 2.55050505050505
162.83 15.185 0 0 "KDE LDA" 138 1500 2.56060606060606
162.85 15.195 0 0 "KDE LDA" 138 1500 2.57070707070707
162.855 15.21 0 0 "KDE LDA" 138 1500 2.58080808080808
162.865 15.23 0 0 "KDE LDA" 138 1500 2.59090909090909
163.21 15.28 0 0 "KDE LDA" 138 1500 2.6010101010101
166.075 15.295 0 0 "KDE LDA" 138 1500 2.61111111111111
168.175 15.35 0 0 "KDE LDA" 138 1500 2.62121212121212
168.375 15.385 0 0 "KDE LDA" 138 1500 2.63131313131313
169.905 15.43 0 0 "KDE LDA" 138 1500 2.64141414141414
175.245 15.44 0 0 "KDE LDA" 138 1500 2.65151515151515
178.525 15.505 0 0 "KDE LDA" 138 1500 2.66161616161616
183.605 15.66 0 0 "KDE LDA" 138 1500 2.67171717171717
183.805 15.68 0 0 "KDE LDA" 138 1500 2.68181818181818
183.885 15.89 0 0 "KDE LDA" 138 1500 2.69191919191919
183.89 15.91 0 0 "KDE LDA" 138 1500 2.7020202020202
183.895 15.95 0 0 "KDE LDA" 138 1500 2.71212121212121
185.17 16.08 0 0 "KDE LDA" 138 1500 2.72222222222222
190.045 16.185 0 0 "KDE LDA" 138 1500 2.73232323232323
194.42 16.195 0 0 "KDE LDA" 138 1500 2.74242424242424
194.8 16.24 0 0 "KDE LDA" 138 1500 2.75252525252525
196.93 16.27 0 0 "KDE LDA" 138 1500 2.76262626262626
199.945 16.35 0 0 "KDE LDA" 138 1500 2.77272727272727
204.245 16.655 0 0 "KDE LDA" 138 1500 2.78282828282828
218.785 16.755 0 0 "KDE LDA" 138 1500 2.79292929292929
252.205 17.27 0 0 "KDE LDA" 138 1500 2.8030303030303
252.7 17.275 0 0 "KDE LDA" 138 1500 2.81313131313131
254.79 17.42 0 0 "KDE LDA" 138 1500 2.82323232323232
254.815 17.585 0 0 "KDE LDA" 138 1500 2.83333333333333
254.84 17.59 0 0 "KDE LDA" 138 1500 2.84343434343434
254.845 17.665 0 0 "KDE LDA" 138 1500 2.85353535353535
256.6 17.68 0 0 "KDE LDA" 138 1500 2.86363636363636
256.61 17.69 0 0 "KDE LDA" 138 1500 2.87373737373737
257.975 17.69 0 0 "KDE LDA" 138 1500 2.88383838383838
260.705 17.725 0 0 "KDE LDA" 138 1500 2.89393939393939
261.37 17.735 0 0 "KDE LDA" 138 1500 2.9040404040404
263.405 17.775 0 0 "KDE LDA" 138 1500 2.91414141414141
264.625 17.8 0 0 "KDE LDA" 138 1500 2.92424242424242
264.675 17.905 0 0 "KDE LDA" 138 1500 2.93434343434343
267.795 17.935 0 0 "KDE LDA" 138 1500 2.94444444444444
270.755 17.995 0 0 "KDE LDA" 138 1500 2.95454545454545
276.035 18.025 0 0 "KDE LDA" 138 1500 2.96464646464646
276.215 18.025 0 0 "KDE LDA" 138 1500 2.97474747474747
283.36 18.045 0 0 "KDE LDA" 138 1500 2.98484848484848
286.755 18.16 0 0 "KDE LDA" 138 1500 2.99494949494949
288.17 18.17 0 0 "KDE LDA" 138 1500 3.00505050505051
289.205 18.175 0 0 "KDE LDA" 138 1500 3.01515151515152
292.66 18.18 0 0 "KDE LDA" 138 1500 3.02525252525253
293.225 18.385 0 0 "KDE LDA" 138 1500 3.03535353535354
300.975 18.395 0 0 "KDE LDA" 138 1500 3.04545454545455
306.125 18.45 0 0 "KDE LDA" 138 1500 3.05555555555556
309.3 18.495 0 0 "KDE LDA" 138 1500 3.06565656565657
316.525 18.755 0 0 "KDE LDA" 138 1500 3.07575757575758
325.045 18.87 0 0 "KDE LDA" 138 1500 3.08585858585859
336.78 18.935 0 0 "KDE LDA" 138 1500 3.0959595959596
336.8 19.02 0 0 "KDE LDA" 138 1500 3.10606060606061
338.91 19.31 0 0 "KDE LDA" 138 1500 3.11616161616162
343.215 19.44 0 0 "KDE LDA" 138 1500 3.12626262626263
344.075 19.465 0 0 "KDE LDA" 138 1500 3.13636363636364
348.27 19.52 0 0 "KDE LDA" 138 1500 3.14646464646465
350.555 19.745 0 0 "KDE LDA" 138 1500 3.15656565656566
357.245 19.79 0 0 "KDE LDA" 138 1500 3.16666666666667
357.4 19.81 0 0 "KDE LDA" 138 1500 3.17676767676768
360.605 19.885 0 0 "KDE LDA" 138 1500 3.18686868686869
361.3 19.89 0 0 "KDE LDA" 138 1500 3.1969696969697
363.065 19.945 0 0 "KDE LDA" 138 1500 3.20707070707071
370.295 19.995 0 0 "KDE LDA" 138 1500 3.21717171717172
392.95 20.575 0 0 "KDE LDA" 138 1500 3.22727272727273
395.3 20.76 0 0 "KDE LDA" 138 1500 3.23737373737374
398.63 20.77 0 0 "KDE LDA" 138 1500 3.24747474747475
398.975 20.815 0 0 "KDE LDA" 138 1500 3.25757575757576
402.43 20.82 0 0 "KDE LDA" 138 1500 3.26767676767677
402.46 20.935 0 0 "KDE LDA" 138 1500 3.27777777777778
402.47 20.955 0 0 "KDE LDA" 138 1500 3.28787878787879
408.01 21.11 0 0 "KDE LDA" 138 1500 3.2979797979798
412.75 21.285 0 0 "KDE LDA" 138 1500 3.30808080808081
428.82 21.34 0 0 "KDE LDA" 138 1500 3.31818181818182
430.58 21.85 0 0 "KDE LDA" 138 1500 3.32828282828283
437.38 22.125 0 0 "KDE LDA" 138 1500 3.33838383838384
456.21 22.24 0 0 "KDE LDA" 138 1500 3.34848484848485
493.56 22.765 0 0 "KDE LDA" 138 1500 3.35858585858586
502.215 22.8 0 0 "KDE LDA" 138 1500 3.36868686868687
512.79 22.86 0 0 "KDE LDA" 138 1500 3.37878787878788
518.98 22.875 0 0 "KDE LDA" 138 1500 3.38888888888889
518.98 22.88 0 0 "KDE LDA" 138 1500 3.3989898989899
518.99 22.915 0 0 "KDE LDA" 138 1500 3.40909090909091
519.03 22.925 0 0 "KDE LDA" 138 1500 3.41919191919192
525.955 23.1 0 0 "KDE LDA" 138 1500 3.42929292929293
526.565 23.125 0 0 "KDE LDA" 138 1500 3.43939393939394
529.97 23.145 0 0 "KDE LDA" 138 1500 3.44949494949495
532.23 23.165 0 0 "KDE LDA" 138 1500 3.45959595959596
534.935 23.235 0 0 "KDE LDA" 138 1500 3.46969696969697
538.12 23.25 0 0 "KDE LDA" 138 1500 3.47979797979798
541.345 23.34 0 0 "KDE LDA" 138 1500 3.48989898989899
543.075 23.395 0 0 "KDE LDA" 138 1500 3.5
104.5 12.66 0 0 "KDE QDA" 138 1500 2.8
107.33 12.66 0 0 "KDE QDA" 138 1500 2.81010101010101
108.71 12.68 0 0 "KDE QDA" 138 1500 2.82020202020202
111.36 12.73 0 0 "KDE QDA" 138 1500 2.83030303030303
112.205 12.735 0 0 "KDE QDA" 138 1500 2.84040404040404
113.1 12.765 0 0 "KDE QDA" 138 1500 2.85050505050505
115.295 12.8 0 0 "KDE QDA" 138 1500 2.86060606060606
115.41 12.87 0 0 "KDE QDA" 138 1500 2.87070707070707
115.41 12.87 0 0 "KDE QDA" 138 1500 2.88080808080808
117.81 12.87 0 0 "KDE QDA" 138 1500 2.89090909090909
117.81 12.87 0 0 "KDE QDA" 138 1500 2.9010101010101
118.67 12.875 0 0 "KDE QDA" 138 1500 2.91111111111111
118.735 12.985 0 0 "KDE QDA" 138 1500 2.92121212121212
118.815 12.99 0 0 "KDE QDA" 138 1500 2.93131313131313
119.445 12.995 0 0 "KDE QDA" 138 1500 2.94141414141414
119.49 13 0 0 "KDE QDA" 138 1500 2.95151515151515
123.915 13.05 0 0 "KDE QDA" 138 1500 2.96161616161616
124.42 13.06 0 0 "KDE QDA" 138 1500 2.97171717171717
125.775 13.065 0 0 "KDE QDA" 138 1500 2.98181818181818
125.785 13.065 0 0 "KDE QDA" 138 1500 2.99191919191919
126.59 13.095 0 0 "KDE QDA" 138 1500 3.0020202020202
128.88 13.12 0 0 "KDE QDA" 138 1500 3.01212121212121
128.88 13.12 0 0 "KDE QDA" 138 1500 3.02222222222222
128.94 13.13 0 0 "KDE QDA" 138 1500 3.03232323232323
129.68 13.145 0 0 "KDE QDA" 138 1500 3.04242424242424
129.685 13.165 0 0 "KDE QDA" 138 1500 3.05252525252525
129.69 13.185 0 0 "KDE QDA" 138 1500 3.06262626262626
129.69 13.22 0 0 "KDE QDA" 138 1500 3.07272727272727
129.78 13.22 0 0 "KDE QDA" 138 1500 3.08282828282828
131.685 13.48 0 0 "KDE QDA" 138 1500 3.09292929292929
132.195 13.485 0 0 "KDE QDA" 138 1500 3.1030303030303
133.505 13.5 0 0 "KDE QDA" 138 1500 3.11313131313131
133.51 13.525 0 0 "KDE QDA" 138 1500 3.12323232323232
133.635 13.53 0 0 "KDE QDA" 138 1500 3.13333333333333
134.405 13.53 0 0 "KDE QDA" 138 1500 3.14343434343434
134.44 13.53 0 0 "KDE QDA" 138 1500 3.15353535353535
137.12 13.53 0 0 "KDE QDA" 138 1500 3.16363636363636
137.125 13.53 0 0 "KDE QDA" 138 1500 3.17373737373737
137.14 13.535 0 0 "KDE QDA" 138 1500 3.18383838383838
137.145 13.57 0 0 "KDE QDA" 138 1500 3.19393939393939
137.18 13.575 0 0 "KDE QDA" 138 1500 3.2040404040404
137.52 13.58 0 0 "KDE QDA" 138 1500 3.21414141414141
148.255 14.05 0 0 "KDE QDA" 138 1500 3.22424242424242
148.96 14.12 0 0 "KDE QDA" 138 1500 3.23434343434343
149.485 14.155 0 0 "KDE QDA" 138 1500 3.24444444444444
151.435 14.235 0 0 "KDE QDA" 138 1500 3.25454545454545
151.6 14.26 0 0 "KDE QDA" 138 1500 3.26464646464646
151.665 14.285 0 0 "KDE QDA" 138 1500 3.27474747474747
152.185 14.315 0 0 "KDE QDA" 138 1500 3.28484848484848
152.8 14.365 0 0 "KDE QDA" 138 1500 3.29494949494949
153.075 14.385 0 0 "KDE QDA" 138 1500 3.30505050505051
153.845 14.385 0 0 "KDE QDA" 138 1500 3.31515151515151
157.345 14.39 0 0 "KDE QDA" 138 1500 3.32525252525252
157.375 14.395 0 0 "KDE QDA" 138 1500 3.33535353535354
157.4 14.395 0 0 "KDE QDA" 138 1500 3.34545454545455
157.905 14.395 0 0 "KDE QDA" 138 1500 3.35555555555556
178.765 15.215 0 0 "KDE QDA" 138 1500 3.36565656565657
178.77 15.225 0 0 "KDE QDA" 138 1500 3.37575757575758
180.825 15.3 0 0 "KDE QDA" 138 1500 3.38585858585859
180.84 15.33 0 0 "KDE QDA" 138 1500 3.3959595959596
181.64 15.36 0 0 "KDE QDA" 138 1500 3.40606060606061
182.715 15.365 0 0 "KDE QDA" 138 1500 3.41616161616162
182.74 15.365 0 0 "KDE QDA" 138 1500 3.42626262626263
182.74 15.37 0 0 "KDE QDA" 138 1500 3.43636363636364
182.83 15.37 0 0 "KDE QDA" 138 1500 3.44646464646465
182.835 15.39 0 0 "KDE QDA" 138 1500 3.45656565656566
185.525 15.395 0 0 "KDE QDA" 138 1500 3.46666666666667
186.79 15.42 0 0 "KDE QDA" 138 1500 3.47676767676768
186.795 15.42 0 0 "KDE QDA" 138 1500 3.48686868686869
187.38 15.43 0 0 "KDE QDA" 138 1500 3.4969696969697
187.38 15.435 0 0 "KDE QDA" 138 1500 3.50707070707071
190.28 15.53 0 0 "KDE QDA" 138 1500 3.51717171717172
194.655 15.695 0 0 "KDE QDA" 138 1500 3.52727272727273
195.435 15.7 0 0 "KDE QDA" 138 1500 3.53737373737374
195.52 15.785 0 0 "KDE QDA" 138 1500 3.54747474747475
197.38 15.805 0 0 "KDE QDA" 138 1500 3.55757575757576
197.38 15.805 0 0 "KDE QDA" 138 1500 3.56767676767677
197.405 15.805 0 0 "KDE QDA" 138 1500 3.57777777777778
197.405 15.815 0 0 "KDE QDA" 138 1500 3.58787878787879
200.05 15.815 0 0 "KDE QDA" 138 1500 3.5979797979798
200.605 15.82 0 0 "KDE QDA" 138 1500 3.60808080808081
200.61 15.825 0 0 "KDE QDA" 138 1500 3.61818181818182
201.94 15.825 0 0 "KDE QDA" 138 1500 3.62828282828283
201.945 15.825 0 0 "KDE QDA" 138 1500 3.63838383838384
205.06 15.85 0 0 "KDE QDA" 138 1500 3.64848484848485
208.895 16.24 0 0 "KDE QDA" 138 1500 3.65858585858586
208.925 16.245 0 0 "KDE QDA" 138 1500 3.66868686868687
210.135 16.28 0 0 "KDE QDA" 138 1500 3.67878787878788
210.135 16.305 0 0 "KDE QDA" 138 1500 3.68888888888889
211.445 16.31 0 0 "KDE QDA" 138 1500 3.6989898989899
215.235 16.335 0 0 "KDE QDA" 138 1500 3.70909090909091
215.24 16.335 0 0 "KDE QDA" 138 1500 3.71919191919192
215.24 16.38 0 0 "KDE QDA" 138 1500 3.72929292929293
217.075 16.425 0 0 "KDE QDA" 138 1500 3.73939393939394
218.665 16.455 0 0 "KDE QDA" 138 1500 3.74949494949495
218.84 16.485 0 0 "KDE QDA" 138 1500 3.75959595959596
220.75 16.5 0 0 "KDE QDA" 138 1500 3.76969696969697
222.985 16.505 0 0 "KDE QDA" 138 1500 3.77979797979798
232.545 16.995 0 0 "KDE QDA" 138 1500 3.78989898989899
236.445 17.005 0 0 "KDE QDA" 138 1500 3.8
