145.29 15.575 0 0 "KDE LDA" 14 1500 2.5
147.57 15.69 0 0 "KDE LDA" 14 1500 2.51010101010101
148.705 15.81 0 0 "KDE LDA" 14 1500 2.52020202020202
154.775 15.95 0 0 "KDE LDA" 14 1500 2.53030303030303
159.1 16.035 0 0 "KDE LDA" 14 1500 2.54040404040404
165.44 16.05 0 0 "KDE LDA" 14 1500 2.55050505050505
168.155 16.055 0 0 "KDE LDA" 14 1500 2.56060606060606
168.455 16.085 0 0 "KDE LDA" 14 1500 2.57070707070707
168.455 16.14 0 0 "KDE LDA" 14 1500 2.58080808080808
170.28 16.15 0 0 "KDE LDA" 14 1500 2.59090909090909
170.835 16.36 0 0 "KDE LDA" 14 1500 2.6010101010101
174.495 16.385 0 0 "KDE LDA" 14 1500 2.61111111111111
175.715 16.4 0 0 "KDE LDA" 14 1500 2.62121212121212
176.065 16.51 0 0 "KDE LDA" 14 1500 2.63131313131313
177.49 16.6 0 0 "KDE LDA" 14 1500 2.64141414141414
182.335 16.67 0 0 "KDE LDA" 14 1500 2.65151515151515
188.91 16.82 0 0 "KDE LDA" 14 1500 2.66161616161616
195.56 16.955 0 0 "KDE LDA" 14 1500 2.67171717171717
196.285 16.98 0 0 "KDE LDA" 14 1500 2.68181818181818
203.57 17.035 0 0 "KDE LDA" 14 1500 2.69191919191919
207.885 17.13 0 0 "KDE LDA" 14 1500 2.7020202020202
207.885 17.14 0 0 "KDE LDA" 14 1500 2.71212121212121
210.825 17.165 0 0 "KDE LDA" 14 1500 2.72222222222222
213.9 17.295 0 0 "KDE LDA" 14 1500 2.73232323232323
214.705 17.385 0 0 "KDE LDA" 14 1500 2.74242424242424
220.245 17.42 0 0 "KDE LDA" 14 1500 2.75252525252525
221.17 17.51 0 0 "KDE LDA" 14 1500 2.76262626262626
227.435 17.645 0 0 "KDE LDA" 14 1500 2.77272727272727
235.965 17.67 0 0 "KDE LDA" 14 1500 2.78282828282828
244.175 17.785 0 0 "KDE LDA" 14 1500 2.79292929292929
264.965 18.42 0 0 "KDE LDA" 14 1500 2.8030303030303
265.07 18.465 0 0 "KDE LDA" 14 1500 2.81313131313131
268.12 18.735 0 0 "KDE LDA" 14 1500 2.82323232323232
270.18 18.9 0 0 "KDE LDA" 14 1500 2.83333333333333
272.705 18.905 0 0 "KDE LDA" 14 1500 2.84343434343434
272.71 18.96 0 0 "KDE LDA" 14 1500 2.85353535353535
272.715 19.145 0 0 "KDE LDA" 14 1500 2.86363636363636
272.72 19.19 0 0 "KDE LDA" 14 1500 2.87373737373737
278.48 19.205 0 0 "KDE LDA" 14 1500 2.88383838383838
279.38 19.225 0 0 "KDE LDA" 14 1500 2.89393939393939
279.39 19.405 0 0 "KDE LDA" 14 1500 2.9040404040404
279.85 19.455 0 0 "KDE LDA" 14 1500 2.91414141414141
282.045 19.49 0 0 "KDE LDA" 14 1500 2.92424242424242
283.61 19.52 0 0 "KDE LDA" 14 1500 2.93434343434343
287.3 19.52 0 0 "KDE LDA" 14 1500 2.94444444444444
293.925 19.6 0 0 "KDE LDA" 14 1500 2.95454545454545
299.81 19.86 0 0 "KDE LDA" 14 1500 2.96464646464646
299.83 19.86 0 0 "KDE LDA" 14 1500 2.97474747474747
300.85 19.895 0 0 "KDE LDA" 14 1500 2.98484848484848
302.09 19.91 0 0 "KDE LDA" 14 1500 2.99494949494949
305.085 19.935 0 0 "KDE LDA" 14 1500 3.00505050505051
305.085 19.95 0 0 "KDE LDA" 14 1500 3.01515151515152
307.34 20.12 0 0 "KDE LDA" 14 1500 3.02525252525253
308.54 20.145 0 0 "KDE LDA" 14 1500 3.03535353535354
312.745 20.245 0 0 "KDE LDA" 14 1500 3.04545454545455
315.745 20.37 0 0 "KDE LDA" 14 1500 3.05555555555556
315.94 20.385 0 0 "KDE LDA" 14 1500 3.06565656565657
318.6 20.42 0 0 "KDE LDA" 14 1500 3.07575757575758
324.415 20.545 0 0 "KDE LDA" 14 1500 3.08585858585859
327.24 20.79 0 0 "KDE LDA" 14 1500 3.0959595959596
327.26 20.88 0 0 "KDE LDA" 14 1500 3.10606060606061
328.26 20.97 0 0 "KDE LDA" 14 1500 3.11616161616162
328.265 21 0 0 "KDE LDA" 14 1500 3.12626262626263
328.34 21.175 0 0 "KDE LDA" 14 1500 3.13636363636364
329.61 21.195 0 0 "KDE LDA" 14 1500 3.14646464646465
329.625 21.235 0 0 "KDE LDA" 14 1500 3.15656565656566
334.465 21.245 0 0 "KDE LDA" 14 1500 3.16666666666667
338.015 21.295 0 0 "KDE LDA" 14 1500 3.17676767676768
342.615 21.355 0 0 "KDE LDA" 14 1500 3.18686868686869
350.955 21.47 0 0 "KDE LDA" 14 1500 3.1969696969697
356.435 21.57 0 0 "KDE LDA" 14 1500 3.20707070707071
364.96 21.725 0 0 "KDE LDA" 14 1500 3.21717171717172
406.28 22.02 0 0 "KDE LDA" 14 1500 3.22727272727273
415.49 22.065 0 0 "KDE LDA" 14 1500 3.23737373737374
427.405 22.09 0 0 "KDE LDA" 14 1500 3.24747474747475
429.17 22.225 0 0 "KDE LDA" 14 1500 3.25757575757576
433.245 22.245 0 0 "KDE LDA" 14 1500 3.26767676767677
435.11 22.305 0 0 "KDE LDA" 14 1500 3.27777777777778
443.02 22.395 0 0 "KDE LDA" 14 1500 3.28787878787879
443.025 22.425 0 0 "KDE LDA" 14 1500 3.2979797979798
443.625 22.485 0 0 "KDE LDA" 14 1500 3.30808080808081
448.085 22.49 0 0 "KDE LDA" 14 1500 3.31818181818182
466.155 22.565 0 0 "KDE LDA" 14 1500 3.32828282828283
474.06 22.615 0 0 "KDE LDA" 14 1500 3.33838383838384
483.61 22.64 0 0 "KDE LDA" 14 1500 3.34848484848485
532.87 22.81 0 0 "KDE LDA" 14 1500 3.35858585858586
541.15 22.825 0 0 "KDE LDA" 14 1500 3.36868686868687
547.675 22.835 0 0 "KDE LDA" 14 1500 3.37878787878788
549.9 23.095 0 0 "KDE LDA" 14 1500 3.38888888888889
554.805 23.105 0 0 "KDE LDA" 14 1500 3.3989898989899
570.265 23.12 0 0 "KDE LDA" 14 1500 3.40909090909091
570.265 23.14 0 0 "KDE LDA" 14 1500 3.41919191919192
571.865 23.555 0 0 "KDE LDA" 14 1500 3.42929292929293
582.21 23.625 0 0 "KDE LDA" 14 1500 3.43939393939394
582.265 23.63 0 0 "KDE LDA" 14 1500 3.44949494949495
582.285 23.645 0 0 "KDE LDA" 14 1500 3.45959595959596
585.525 23.695 0 0 "KDE LDA" 14 1500 3.46969696969697
590.075 23.845 0 0 "KDE LDA" 14 1500 3.47979797979798
591.53 23.9 0 0 "KDE LDA" 14 1500 3.48989898989899
604.415 23.945 0 0 "KDE LDA" 14 1500 3.5
93.3 13.425 0 0 "KDE QDA" 14 1500 2.8
94.565 13.425 0 0 "KDE QDA" 14 1500 2.81010101010101
96.84 13.515 0 0 "KDE QDA" 14 1500 2.82020202020202
100.135 13.645 0 0 "KDE QDA" 14 1500 2.83030303030303
100.185 13.66 0 0 "KDE QDA" 14 1500 2.84040404040404
100.79 13.68 0 0 "KDE QDA" 14 1500 2.85050505050505
101.635 13.7 0 0 "KDE QDA" 14 1500 2.86060606060606
102.86 13.745 0 0 "KDE QDA" 14 1500 2.87070707070707
102.86 13.765 0 0 "KDE QDA" 14 1500 2.88080808080808
102.86 13.775 0 0 "KDE QDA" 14 1500 2.89090909090909
102.905 13.81 0 0 "KDE QDA" 14 1500 2.9010101010101
102.905 13.82 0 0 "KDE QDA" 14 1500 2.91111111111111
103.53 13.83 0 0 "KDE QDA" 14 1500 2.92121212121212
103.985 13.83 0 0 "KDE QDA" 14 1500 2.93131313131313
103.985 13.88 0 0 "KDE QDA" 14 1500 2.94141414141414
104.195 13.88 0 0 "KDE QDA" 14 1500 2.95151515151515
105.57 14.08 0 0 "KDE QDA" 14 1500 2.96161616161616
105.58 14.1 0 0 "KDE QDA" 14 1500 2.97171717171717
105.61 14.26 0 0 "KDE QDA" 14 1500 2.98181818181818
105.865 14.275 0 0 "KDE QDA" 14 1500 2.99191919191919
105.885 14.28 0 0 "KDE QDA" 14 1500 3.0020202020202
105.92 14.285 0 0 "KDE QDA" 14 1500 3.01212121212121
105.94 14.305 0 0 "KDE QDA" 14 1500 3.02222222222222
107.285 14.305 0 0 "KDE QDA" 14 1500 3.03232323232323
109.48 14.33 0 0 "KDE QDA" 14 1500 3.04242424242424
110.3 14.33 0 0 "KDE QDA" 14 1500 3.05252525252525
110.3 14.34 0 0 "KDE QDA" 14 1500 3.06262626262626
110.325 14.355 0 0 "KDE QDA" 14 1500 3.07272727272727
111.215 14.38 0 0 "KDE QDA" 14 1500 3.08282828282828
116.05 14.52 0 0 "KDE QDA" 14 1500 3.09292929292929
116.79 14.565 0 0 "KDE QDA" 14 1500 3.1030303030303
118.155 14.58 0 0 "KDE QDA" 14 1500 3.11313131313131
120.395 14.595 0 0 "KDE QDA" 14 1500 3.12323232323232
120.4 14.605 0 0 "KDE QDA" 14 1500 3.13333333333333
121.09 14.605 0 0 "KDE QDA" 14 1500 3.14343434343434
121.1 14.665 0 0 "KDE QDA" 14 1500 3.15353535353535
121.56 14.67 0 0 "KDE QDA" 14 1500 3.16363636363636
124.16 14.67 0 0 "KDE QDA" 14 1500 3.17373737373737
124.655 14.67 0 0 "KDE QDA" 14 1500 3.18383838383838
125.27 14.67 0 0 "KDE QDA" 14 1500 3.19393939393939
125.27 14.675 0 0 "KDE QDA" 14 1500 3.2040404040404
125.755 14.69 0 0 "KDE QDA" 14 1500 3.21414141414141
134.305 15.045 0 0 "KDE QDA" 14 1500 3.22424242424242
135.41 15.19 0 0 "KDE QDA" 14 1500 3.23434343434343
136.59 15.195 0 0 "KDE QDA" 14 1500 3.24444444444444
142.085 15.265 0 0 "KDE QDA" 14 1500 3.25454545454545
142.625 15.265 0 0 "KDE QDA" 14 1500 3.26464646464646
142.66 15.275 0 0 "KDE QDA" 14 1500 3.27474747474747
143.895 15.28 0 0 "KDE QDA" 14 1500 3.28484848484848
146.42 15.295 0 0 "KDE QDA" 14 1500 3.29494949494949
147.295 15.325 0 0 "KDE QDA" 14 1500 3.30505050505051
148.965 15.415 0 0 "KDE QDA" 14 1500 3.31515151515151
148.995 15.42 0 0 "KDE QDA" 14 1500 3.32525252525252
149 15.42 0 0 "KDE QDA" 14 1500 3.33535353535354
149.155 15.445 0 0 "KDE QDA" 14 1500 3.34545454545455
149.175 15.46 0 0 "KDE QDA" 14 1500 3.35555555555556
163.985 16.245 0 0 "KDE QDA" 14 1500 3.36565656565657
163.995 16.3 0 0 "KDE QDA" 14 1500 3.37575757575758
172.285 16.36 0 0 "KDE QDA" 14 1500 3.38585858585859
172.34 16.42 0 0 "KDE QDA" 14 1500 3.3959595959596
173.085 16.54 0 0 "KDE QDA" 14 1500 3.40606060606061
173.16 16.56 0 0 "KDE QDA" 14 1500 3.41616161616162
173.425 16.57 0 0 "KDE QDA" 14 1500 3.42626262626263
173.435 16.575 0 0 "KDE QDA" 14 1500 3.43636363636364
173.86 16.625 0 0 "KDE QDA" 14 1500 3.44646464646465
173.965 16.625 0 0 "KDE QDA" 14 1500 3.45656565656566
173.97 16.645 0 0 "KDE QDA" 14 1500 3.46666666666667
173.975 16.71 0 0 "KDE QDA" 14 1500 3.47676767676768
175.645 16.71 0 0 "KDE QDA" 14 1500 3.48686868686869
175.675 16.715 0 0 "KDE QDA" 14 1500 3.4969696969697
175.68 16.82 0 0 "KDE QDA" 14 1500 3.50707070707071
177.495 16.975 0 0 "KDE QDA" 14 1500 3.51717171717172
177.535 17.04 0 0 "KDE QDA" 14 1500 3.52727272727273
178.19 17.055 0 0 "KDE QDA" 14 1500 3.53737373737374
178.685 17.075 0 0 "KDE QDA" 14 1500 3.54747474747475
178.69 17.085 0 0 "KDE QDA" 14 1500 3.55757575757576
178.695 17.11 0 0 "KDE QDA" 14 1500 3.56767676767677
180.695 17.115 0 0 "KDE QDA" 14 1500 3.57777777777778
180.72 17.12 0 0 "KDE QDA" 14 1500 3.58787878787879
180.75 17.13 0 0 "KDE QDA" 14 1500 3.5979797979798
181.51 17.16 0 0 "KDE QDA" 14 1500 3.60808080808081
183.64 17.165 0 0 "KDE QDA" 14 1500 3.61818181818182
183.665 17.175 0 0 "KDE QDA" 14 1500 3.62828282828283
183.7 17.185 0 0 "KDE QDA" 14 1500 3.63838383838384
183.715 17.235 0 0 "KDE QDA" 14 1500 3.64848484848485
190.195 17.465 0 0 "KDE QDA" 14 1500 3.65858585858586
190.25 17.465 0 0 "KDE QDA" 14 1500 3.66868686868687
191.655 17.545 0 0 "KDE QDA" 14 1500 3.67878787878788
191.67 17.575 0 0 "KDE QDA" 14 1500 3.68888888888889
192.85 17.595 0 0 "KDE QDA" 14 1500 3.6989898989899
193.04 17.6 0 0 "KDE QDA" 14 1500 3.70909090909091
193.05 17.7 0 0 "KDE QDA" 14 1500 3.71919191919192
197.31 17.705 0 0 "KDE QDA" 14 1500 3.72929292929293
198.325 17.705 0 0 "KDE QDA" 14 1500 3.73939393939394
200.48 17.705 0 0 "KDE QDA" 14 1500 3.74949494949495
200.48 17.71 0 0 "KDE QDA" 14 1500 3.75959595959596
200.48 17.745 0 0 "KDE QDA" 14 1500 3.76969696969697
201.09 17.76 0 0 "KDE QDA" 14 1500 3.77979797979798
215.44 18.01 0 0 "KDE QDA" 14 1500 3.78989898989899
215.455 18.015 0 0 "KDE QDA" 14 1500 3.8
