142.245 14.165 0 0 "KDE LDA" 76 1500 2.5
145.96 14.45 0 0 "KDE LDA" 76 1500 2.51010101010101
148.2 14.455 0 0 "KDE LDA" 76 1500 2.52020202020202
156.54 14.545 0 0 "KDE LDA" 76 1500 2.53030303030303
160.23 14.57 0 0 "KDE LDA" 76 1500 2.54040404040404
162.555 14.595 0 0 "KDE LDA" 76 1500 2.55050505050505
162.645 14.6 0 0 "KDE LDA" 76 1500 2.56060606060606
162.65 14.63 0 0 "KDE LDA" 76 1500 2.57070707070707
162.72 14.66 0 0 "KDE LDA" 76 1500 2.58080808080808
163.455 14.685 0 0 "KDE LDA" 76 1500 2.59090909090909
163.76 14.695 0 0 "KDE LDA" 76 1500 2.6010101010101
167.01 14.845 0 0 "KDE LDA" 76 1500 2.61111111111111
167.055 14.855 0 0 "KDE LDA" 76 1500 2.62121212121212
168.45 15.08 0 0 "KDE LDA" 76 1500 2.63131313131313
169.69 15.145 0 0 "KDE LDA" 76 1500 2.64141414141414
171.965 15.27 0 0 "KDE LDA" 76 1500 2.65151515151515
174.91 15.61 0 0 "KDE LDA" 76 1500 2.66161616161616
183.475 15.76 0 0 "KDE LDA" 76 1500 2.67171717171717
183.75 15.77 0 0 "KDE LDA" 76 1500 2.68181818181818
183.825 15.91 0 0 "KDE LDA" 76 1500 2.69191919191919
184.2 16.175 0 0 "KDE LDA" 76 1500 2.7020202020202
185.24 16.23 0 0 "KDE LDA" 76 1500 2.71212121212121
185.245 16.305 0 0 "KDE LDA" 76 1500 2.72222222222222
185.645 16.325 0 0 "KDE LDA" 76 1500 2.73232323232323
186.175 16.45 0 0 "KDE LDA" 76 1500 2.74242424242424
186.22 16.495 0 0 "KDE LDA" 76 1500 2.75252525252525
187.69 16.8 0 0 "KDE LDA" 76 1500 2.76262626262626
193.805 16.935 0 0 "KDE LDA" 76 1500 2.77272727272727
197.82 16.96 0 0 "KDE LDA" 76 1500 2.78282828282828
204.14 17.075 0 0 "KDE LDA" 76 1500 2.79292929292929
245.94 17.76 0 0 "KDE LDA" 76 1500 2.8030303030303
245.945 17.765 0 0 "KDE LDA" 76 1500 2.81313131313131
250.265 17.77 0 0 "KDE LDA" 76 1500 2.82323232323232
250.34 17.875 0 0 "KDE LDA" 76 1500 2.83333333333333
250.5 17.915 0 0 "KDE LDA" 76 1500 2.84343434343434
251.115 17.93 0 0 "KDE LDA" 76 1500 2.85353535353535
253.965 17.945 0 0 "KDE LDA" 76 1500 2.86363636363636
258.38 17.96 0 0 "KDE LDA" 76 1500 2.87373737373737
258.38 18.005 0 0 "KDE LDA" 76 1500 2.88383838383838
259.435 18.105 0 0 "KDE LDA" 76 1500 2.89393939393939
259.805 18.125 0 0 "KDE LDA" 76 1500 2.9040404040404
259.845 18.145 0 0 "KDE LDA" 76 1500 2.91414141414141
264.04 18.215 0 0 "KDE LDA" 76 1500 2.92424242424242
265.42 18.225 0 0 "KDE LDA" 76 1500 2.93434343434343
265.435 18.225 0 0 "KDE LDA" 76 1500 2.94444444444444
278.02 18.235 0 0 "KDE LDA" 76 1500 2.95454545454545
280.215 18.33 0 0 "KDE LDA" 76 1500 2.96464646464646
281.26 18.35 0 0 "KDE LDA" 76 1500 2.97474747474747
282.21 18.44 0 0 "KDE LDA" 76 1500 2.98484848484848
282.72 18.475 0 0 "KDE LDA" 76 1500 2.99494949494949
282.72 18.555 0 0 "KDE LDA" 76 1500 3.00505050505051
282.73 18.56 0 0 "KDE LDA" 76 1500 3.01515151515152
283.315 18.62 0 0 "KDE LDA" 76 1500 3.02525252525253
286.025 18.63 0 0 "KDE LDA" 76 1500 3.03535353535354
292.22 18.63 0 0 "KDE LDA" 76 1500 3.04545454545455
293.74 18.73 0 0 "KDE LDA" 76 1500 3.05555555555556
299.455 18.745 0 0 "KDE LDA" 76 1500 3.06565656565657
299.795 18.755 0 0 "KDE LDA" 76 1500 3.07575757575758
316.07 18.84 0 0 "KDE LDA" 76 1500 3.08585858585859
321.145 18.945 0 0 "KDE LDA" 76 1500 3.0959595959596
322.215 18.95 0 0 "KDE LDA" 76 1500 3.10606060606061
322.96 18.98 0 0 "KDE LDA" 76 1500 3.11616161616162
331.185 19.02 0 0 "KDE LDA" 76 1500 3.12626262626263
331.19 19.09 0 0 "KDE LDA" 76 1500 3.13636363636364
333.43 19.2 0 0 "KDE LDA" 76 1500 3.14646464646465
333.43 19.29 0 0 "KDE LDA" 76 1500 3.15656565656566
336.325 19.305 0 0 "KDE LDA" 76 1500 3.16666666666667
339.85 19.425 0 0 "KDE LDA" 76 1500 3.17676767676768
349.92 19.465 0 0 "KDE LDA" 76 1500 3.18686868686869
356.035 19.665 0 0 "KDE LDA" 76 1500 3.1969696969697
359.295 19.82 0 0 "KDE LDA" 76 1500 3.20707070707071
382.335 19.86 0 0 "KDE LDA" 76 1500 3.21717171717172
408.775 20.025 0 0 "KDE LDA" 76 1500 3.22727272727273
415.395 20.03 0 0 "KDE LDA" 76 1500 3.23737373737374
419.615 20.035 0 0 "KDE LDA" 76 1500 3.24747474747475
426.35 20.095 0 0 "KDE LDA" 76 1500 3.25757575757576
435.01 20.11 0 0 "KDE LDA" 76 1500 3.26767676767677
439.33 20.145 0 0 "KDE LDA" 76 1500 3.27777777777778
439.36 20.35 0 0 "KDE LDA" 76 1500 3.28787878787879
441.035 20.385 0 0 "KDE LDA" 76 1500 3.2979797979798
441.835 20.405 0 0 "KDE LDA" 76 1500 3.30808080808081
442.75 20.43 0 0 "KDE LDA" 76 1500 3.31818181818182
450.4 20.45 0 0 "KDE LDA" 76 1500 3.32828282828283
456.115 20.505 0 0 "KDE LDA" 76 1500 3.33838383838384
481.35 20.89 0 0 "KDE LDA" 76 1500 3.34848484848485
524.905 21.935 0 0 "KDE LDA" 76 1500 3.35858585858586
537.24 21.935 0 0 "KDE LDA" 76 1500 3.36868686868687
539.42 22.015 0 0 "KDE LDA" 76 1500 3.37878787878788
555.035 22.04 0 0 "KDE LDA" 76 1500 3.38888888888889
557.44 22.13 0 0 "KDE LDA" 76 1500 3.3989898989899
557.44 22.385 0 0 "KDE LDA" 76 1500 3.40909090909091
560.015 22.44 0 0 "KDE LDA" 76 1500 3.41919191919192
561.425 22.515 0 0 "KDE LDA" 76 1500 3.42929292929293
566.925 22.525 0 0 "KDE LDA" 76 1500 3.43939393939394
574.59 22.545 0 0 "KDE LDA" 76 1500 3.44949494949495
590.9 22.56 0 0 "KDE LDA" 76 1500 3.45959595959596
592.65 22.71 0 0 "KDE LDA" 76 1500 3.46969696969697
592.945 22.74 0 0 "KDE LDA" 76 1500 3.47979797979798
593.385 22.805 0 0 "KDE LDA" 76 1500 3.48989898989899
593.415 22.81 0 0 "KDE LDA" 76 1500 3.5
101.565 13.655 0 0 "KDE QDA" 76 1500 2.8
102.14 13.66 0 0 "KDE QDA" 76 1500 2.81010101010101
102.67 13.665 0 0 "KDE QDA" 76 1500 2.82020202020202
103.925 13.75 0 0 "KDE QDA" 76 1500 2.83030303030303
103.95 13.775 0 0 "KDE QDA" 76 1500 2.84040404040404
105.455 13.785 0 0 "KDE QDA" 76 1500 2.85050505050505
105.48 13.845 0 0 "KDE QDA" 76 1500 2.86060606060606
105.485 13.845 0 0 "KDE QDA" 76 1500 2.87070707070707
105.485 13.855 0 0 "KDE QDA" 76 1500 2.88080808080808
105.49 13.855 0 0 "KDE QDA" 76 1500 2.89090909090909
105.815 13.855 0 0 "KDE QDA" 76 1500 2.9010101010101
105.83 13.855 0 0 "KDE QDA" 76 1500 2.91111111111111
106.73 13.855 0 0 "KDE QDA" 76 1500 2.92121212121212
106.75 13.855 0 0 "KDE QDA" 76 1500 2.93131313131313
107.675 13.855 0 0 "KDE QDA" 76 1500 2.94141414141414
108.305 13.855 0 0 "KDE QDA" 76 1500 2.95151515151515
111.785 13.94 0 0 "KDE QDA" 76 1500 2.96161616161616
111.84 13.945 0 0 "KDE QDA" 76 1500 2.97171717171717
111.905 13.945 0 0 "KDE QDA" 76 1500 2.98181818181818
111.905 13.955 0 0 "KDE QDA" 76 1500 2.99191919191919
111.99 13.955 0 0 "KDE QDA" 76 1500 3.0020202020202
113.895 13.96 0 0 "KDE QDA" 76 1500 3.01212121212121
113.895 13.96 0 0 "KDE QDA" 76 1500 3.02222222222222
114.3 13.965 0 0 "KDE QDA" 76 1500 3.03232323232323
114.32 13.965 0 0 "KDE QDA" 76 1500 3.04242424242424
114.94 13.995 0 0 "KDE QDA" 76 1500 3.05252525252525
115.555 13.995 0 0 "KDE QDA" 76 1500 3.06262626262626
115.56 13.995 0 0 "KDE QDA" 76 1500 3.07272727272727
116.41 14.005 0 0 "KDE QDA" 76 1500 3.08282828282828
120.74 14.35 0 0 "KDE QDA" 76 1500 3.09292929292929
121.24 14.38 0 0 "KDE QDA" 76 1500 3.1030303030303
121.27 14.38 0 0 "KDE QDA" 76 1500 3.11313131313131
123.925 14.385 0 0 "KDE QDA" 76 1500 3.12323232323232
124.205 14.405 0 0 "KDE QDA" 76 1500 3.13333333333333
124.21 14.465 0 0 "KDE QDA" 76 1500 3.14343434343434
124.97 14.505 0 0 "KDE QDA" 76 1500 3.15353535353535
125.935 14.51 0 0 "KDE QDA" 76 1500 3.16363636363636
126.585 14.555 0 0 "KDE QDA" 76 1500 3.17373737373737
127.09 14.565 0 0 "KDE QDA" 76 1500 3.18383838383838
127.105 14.59 0 0 "KDE QDA" 76 1500 3.19393939393939
128.005 14.605 0 0 "KDE QDA" 76 1500 3.2040404040404
128.56 14.62 0 0 "KDE QDA" 76 1500 3.21414141414141
136.595 14.9 0 0 "KDE QDA" 76 1500 3.22424242424242
141.91 14.96 0 0 "KDE QDA" 76 1500 3.23434343434343
143.2 15.01 0 0 "KDE QDA" 76 1500 3.24444444444444
146.185 15.125 0 0 "KDE QDA" 76 1500 3.25454545454545
148.145 15.14 0 0 "KDE QDA" 76 1500 3.26464646464646
148.175 15.14 0 0 "KDE QDA" 76 1500 3.27474747474747
148.21 15.145 0 0 "KDE QDA" 76 1500 3.28484848484848
148.8 15.145 0 0 "KDE QDA" 76 1500 3.29494949494949
149.32 15.145 0 0 "KDE QDA" 76 1500 3.30505050505051
149.355 15.235 0 0 "KDE QDA" 76 1500 3.31515151515151
149.84 15.235 0 0 "KDE QDA" 76 1500 3.32525252525252
150.27 15.24 0 0 "KDE QDA" 76 1500 3.33535353535354
150.29 15.24 0 0 "KDE QDA" 76 1500 3.34545454545455
150.59 15.25 0 0 "KDE QDA" 76 1500 3.35555555555556
171.57 15.795 0 0 "KDE QDA" 76 1500 3.36565656565657
172.415 15.805 0 0 "KDE QDA" 76 1500 3.37575757575758
176.5 15.945 0 0 "KDE QDA" 76 1500 3.38585858585859
178.595 15.985 0 0 "KDE QDA" 76 1500 3.3959595959596
179.13 16.01 0 0 "KDE QDA" 76 1500 3.40606060606061
179.85 16.015 0 0 "KDE QDA" 76 1500 3.41616161616162
179.85 16.015 0 0 "KDE QDA" 76 1500 3.42626262626263
181.01 16.025 0 0 "KDE QDA" 76 1500 3.43636363636364
181.995 16.025 0 0 "KDE QDA" 76 1500 3.44646464646465
182.02 16.025 0 0 "KDE QDA" 76 1500 3.45656565656566
182.08 16.025 0 0 "KDE QDA" 76 1500 3.46666666666667
183.705 16.035 0 0 "KDE QDA" 76 1500 3.47676767676768
184.045 16.04 0 0 "KDE QDA" 76 1500 3.48686868686869
184.725 16.04 0 0 "KDE QDA" 76 1500 3.4969696969697
184.765 16.04 0 0 "KDE QDA" 76 1500 3.50707070707071
184.82 16.295 0 0 "KDE QDA" 76 1500 3.51717171717172
188.16 16.45 0 0 "KDE QDA" 76 1500 3.52727272727273
188.32 16.455 0 0 "KDE QDA" 76 1500 3.53737373737374
188.325 16.52 0 0 "KDE QDA" 76 1500 3.54747474747475
192.05 16.555 0 0 "KDE QDA" 76 1500 3.55757575757576
195.2 16.66 0 0 "KDE QDA" 76 1500 3.56767676767677
195.87 16.665 0 0 "KDE QDA" 76 1500 3.57777777777778
195.895 16.7 0 0 "KDE QDA" 76 1500 3.58787878787879
196.1 16.705 0 0 "KDE QDA" 76 1500 3.5979797979798
199.91 16.705 0 0 "KDE QDA" 76 1500 3.60808080808081
199.91 16.71 0 0 "KDE QDA" 76 1500 3.61818181818182
203.6 16.71 0 0 "KDE QDA" 76 1500 3.62828282828283
203.61 16.71 0 0 "KDE QDA" 76 1500 3.63838383838384
206.97 16.775 0 0 "KDE QDA" 76 1500 3.64848484848485
221.58 17.135 0 0 "KDE QDA" 76 1500 3.65858585858586
224.8 17.17 0 0 "KDE QDA" 76 1500 3.66868686868687
224.86 17.205 0 0 "KDE QDA" 76 1500 3.67878787878788
225.795 17.22 0 0 "KDE QDA" 76 1500 3.68888888888889
228.09 17.225 0 0 "KDE QDA" 76 1500 3.6989898989899
231.93 17.225 0 0 "KDE QDA" 76 1500 3.70909090909091
231.96 17.235 0 0 "KDE QDA" 76 1500 3.71919191919192
234.875 17.235 0 0 "KDE QDA" 76 1500 3.72929292929293
235.06 17.235 0 0 "KDE QDA" 76 1500 3.73939393939394
235.215 17.24 0 0 "KDE QDA" 76 1500 3.74949494949495
236.01 17.245 0 0 "KDE QDA" 76 1500 3.75959595959596
239.6 17.305 0 0 "KDE QDA" 76 1500 3.76969696969697
242.575 17.375 0 0 "KDE QDA" 76 1500 3.77979797979798
256.68 17.785 0 0 "KDE QDA" 76 1500 3.78989898989899
257.935 17.795 0 0 "KDE QDA" 76 1500 3.8
