52.097 13.621 0 0 48.523170641345 9.71595382650405 "LDA" 43 1000 1.5
55.243 14.145 0 0 51.4461335345588 10.2414287021812 "LDA" 43 1000 1.53535353535354
58.102 14.743 0 0 54.1233862294012 10.5402109583749 "LDA" 43 1000 1.57070707070707
61.539 15.073 0 0 57.3769343167757 10.7293424677279 "LDA" 43 1000 1.60606060606061
65.474 15.542 0 0 61.1681196610037 11.2642407253716 "LDA" 43 1000 1.64141414141414
68.401 15.962 0 0 64.229975001464 11.5399187919901 "LDA" 43 1000 1.67676767676768
72.438 16.415 0 0 67.872592737016 12.1020343014815 "LDA" 43 1000 1.71212121212121
77.3 16.813 0 0 73.993087359408 12.37777202247 "LDA" 43 1000 1.74747474747475
80.201 17.33 0 0 76.8090113412692 12.8302656136074 "LDA" 43 1000 1.78282828282828
85.986 17.814 0 0 83.9365066055357 13.4213090097626 "LDA" 43 1000 1.81818181818182
90.312 18.365 0 0 86.9866273017257 13.9368580035462 "LDA" 43 1000 1.85353535353535
94.248 18.718 0 0 89.0837044717069 14.1635123144325 "LDA" 43 1000 1.88888888888889
98.845 19.235 0 0 93.2064397743816 14.5603495417788 "LDA" 43 1000 1.92424242424242
104.376 19.715 0 0 96.4216353094872 14.6279099925707 "LDA" 43 1000 1.95959595959596
112.552 20.191 0 0 106.085396767922 14.9534653216278 "LDA" 43 1000 1.99494949494949
119.502 20.691 0 0 111.692162371113 15.127668867521 "LDA" 43 1000 2.03030303030303
126.48 21.07 0 0 117.615973052631 15.2755504791953 "LDA" 43 1000 2.06565656565657
133.127 21.615 0 0 123.669709581886 15.5156537248841 "LDA" 43 1000 2.1010101010101
139.785 21.92 0 0 130.494243254339 15.560067985575 "LDA" 43 1000 2.13636363636364
145.799 22.331 0 0 145.085955672951 15.8052917165817 "LDA" 43 1000 2.17171717171717
153.68 22.698 0 0 154.227999649467 15.8648823030771 "LDA" 43 1000 2.20707070707071
161.961 23.166 0 0 162.137941861833 16.1867988328902 "LDA" 43 1000 2.24242424242424
169.04 23.682 0 0 167.861007138995 16.5363940545794 "LDA" 43 1000 2.27777777777778
177.298 24.113 0 0 176.844471678261 16.7682857324894 "LDA" 43 1000 2.31313131313131
185.769 24.545 0 0 186.683765945161 17.1311836267215 "LDA" 43 1000 2.34848484848485
193.691 25.176 0 0 194.854206217574 17.6717094055248 "LDA" 43 1000 2.38383838383838
203.062 25.594 0 0 203.703257640061 17.8557551504268 "LDA" 43 1000 2.41919191919192
217.031 26.05 0 0 220.130169059878 18.0524621974785 "LDA" 43 1000 2.45454545454545
226.305 26.529 0 0 227.580044493474 18.2514183907244 "LDA" 43 1000 2.48989898989899
238.992 27.183 0 0 237.245525511811 18.5890576432498 "LDA" 43 1000 2.52525252525253
253.257 27.739 0 0 248.450116545377 19.0891926564817 "LDA" 43 1000 2.56060606060606
268.692 28.248 0 0 260.385452204457 19.4264737892363 "LDA" 43 1000 2.5959595959596
282.119 28.844 0 0 275.300568910132 19.9407948512415 "LDA" 43 1000 2.63131313131313
293.682 29.388 0 0 284.271108167782 20.405240254156 "LDA" 43 1000 2.66666666666667
307.219 29.832 0 0 296.955804436938 20.6734895256986 "LDA" 43 1000 2.7020202020202
320.274 30.299 0 0 308.713849973021 20.8953634860754 "LDA" 43 1000 2.73737373737374
332.686 30.707 0 0 320.185287016787 21.2208736030465 "LDA" 43 1000 2.77272727272727
350.454 31.133 0 0 341.760656352118 21.4612183926005 "LDA" 43 1000 2.80808080808081
361.133 31.577 0 0 347.207716661813 21.6363629846424 "LDA" 43 1000 2.84343434343434
384.281 32.293 0 0 368.153181167573 22.2193800960299 "LDA" 43 1000 2.87878787878788
407.995 32.695 0 0 390.239259499419 22.4176387143144 "LDA" 43 1000 2.91414141414141
423.057 33.172 0 0 400.681563671785 22.6032591305618 "LDA" 43 1000 2.94949494949495
446.438 33.911 0 0 420.49817463441 23.0225349628601 "LDA" 43 1000 2.98484848484848
473.225 34.334 0 0 452.600863804873 23.2109713970181 "LDA" 43 1000 3.02020202020202
492.161 34.742 0 0 468.801723690448 23.3446012261166 "LDA" 43 1000 3.05555555555556
515.84 35.19 0 0 488.798035920686 23.4047790778653 "LDA" 43 1000 3.09090909090909
543.199 35.765 0 0 513.351834032474 23.8595274901254 "LDA" 43 1000 3.12626262626263
572.158 36.419 0 0 544.426118802942 24.3160586795992 "LDA" 43 1000 3.16161616161616
599.748 37.381 0 0 568.065102304706 25.0291889460945 "LDA" 43 1000 3.1969696969697
625.325 38.086 0 0 586.590772267267 25.3379678864864 "LDA" 43 1000 3.23232323232323
654.783 38.527 0 0 621.243674909141 25.4862083844933 "LDA" 43 1000 3.26767676767677
689.106 39.073 0 0 652.200338888325 25.7727745286942 "LDA" 43 1000 3.3030303030303
719.55 39.493 0 0 679.752622008277 26.2121542042623 "LDA" 43 1000 3.33838383838384
773.022 40 0 0 746.042773127208 26.3680350665967 "LDA" 43 1000 3.37373737373737
812.317 40.542 0 0 772.830740760786 26.8180805697471 "LDA" 43 1000 3.40909090909091
840.067 41.208 0 0 804.756763226603 27.3288785646906 "LDA" 43 1000 3.44444444444444
880.308 41.831 0 0 864.644422357025 27.6308505642317 "LDA" 43 1000 3.47979797979798
937.017 42.337 0 0 906.922101621418 27.8958349688373 "LDA" 43 1000 3.51515151515152
975.066 42.796 0 0 939.687889127541 27.9621577541195 "LDA" 43 1000 3.55050505050505
1035.651 43.189 0 0 1039.7199328366 27.9792086220307 "LDA" 43 1000 3.58585858585859
1067.9 43.789 0 0 1060.38998624229 28.446822330459 "LDA" 43 1000 3.62121212121212
1111.9 44.131 0 0 1127.3342017354 28.6447614994673 "LDA" 43 1000 3.65656565656566
1151.629 44.724 0 0 1145.30261303921 28.7924787198121 "LDA" 43 1000 3.69191919191919
1223.744 45.17 0 0 1239.22299853743 28.9859152569534 "LDA" 43 1000 3.72727272727273
1266.87687687688 45.668 1 0 1266.17996954873 29.2056286483401 "LDA" 43 1000 3.76262626262626
1343.44644644645 46.142 1 0 1340.72991624021 29.3794313591497 "LDA" 43 1000 3.7979797979798
1424.71971971972 46.695 1 0 1417.02858388128 29.9890866869987 "LDA" 43 1000 3.83333333333333
1488.48096192385 47.213 2 0 1489.36470779886 30.4043427005922 "LDA" 43 1000 3.86868686868687
1581.87362086259 47.918 3 0 1550.1440210575 30.9094268576541 "LDA" 43 1000 3.9040404040404
1638.16048144433 48.464 3 0 1585.94778787526 31.1535430929974 "LDA" 43 1000 3.93939393939394
1749.04914744233 48.99 3 0 1687.32011999536 31.2553482910813 "LDA" 43 1000 3.97474747474747
1812.23169508526 49.425 3 0 1717.07184192151 31.3936607762927 "LDA" 43 1000 4.01010101010101
1904.34638554217 49.992 4 0 1795.32833953309 31.5734194666466 "LDA" 43 1000 4.04545454545454
1973.32530120482 50.643 4 0 1851.7905572559 32.2188703496353 "LDA" 43 1000 4.08080808080808
2050.32193158954 51.304 6 0 1898.24584604473 33.1570954243127 "LDA" 43 1000 4.11616161616162
2129.69919517103 51.933 6 0 1972.05703255175 33.7469905379779 "LDA" 43 1000 4.15151515151515
2206.37903225806 52.295 8 0 2018.97608339269 33.8699446138925 "LDA" 43 1000 4.18686868686869
2297.54095045501 52.914 11 0 2101.68501455291 34.0839892372111 "LDA" 43 1000 4.22222222222222
2378.50202839757 53.501 14 0 2156.96319294788 34.4276816568334 "LDA" 43 1000 4.25757575757576
2448.14517766497 54.71 15 0 2200.87948150584 35.7619185001982 "LDA" 43 1000 4.29292929292929
2515.0600814664 55.58 18 0 2225.77793509733 36.4605124616889 "LDA" 43 1000 4.32828282828283
2592.17230769231 56.118 25 0 2267.98214166696 36.5804894473572 "LDA" 43 1000 4.36363636363636
2662.41382868937 56.471 31 0 2314.63733862435 36.8952085698863 "LDA" 43 1000 4.3989898989899
2753.53160621762 57.036 35 0 2337.70690838443 37.1280378581362 "LDA" 43 1000 4.43434343434343
2819.72964509395 57.682 42 0 2372.31554078615 37.5161343469225 "LDA" 43 1000 4.46969696969697
2860.68730325289 58.258 47 0 2382.49971271974 37.7238721041004 "LDA" 43 1000 4.50505050505051
2898.08059384942 58.767 57 0 2384.65463230341 37.87747898705 "LDA" 43 1000 4.54040404040404
3005.2977588047 59.299 63 0 2436.23078547397 38.2081072347016 "LDA" 43 1000 4.57575757575758
3088.56094929881 59.757 73 0 2472.30547136542 38.2980768928897 "LDA" 43 1000 4.61111111111111
3108.31331877729 60.281 84 0 2474.48817450554 38.4723558046705 "LDA" 43 1000 4.64646464646465
3181.51273532669 60.86 97 0 2489.74693715855 38.6742303878965 "LDA" 43 1000 4.68181818181818
3298.36120401338 61.431 103 0 2562.28440490477 38.9140790016229 "LDA" 43 1000 4.71717171717172
3387.48752834467 62.046 118 0 2609.67295483023 39.2684847924885 "LDA" 43 1000 4.75252525252525
3458.73279816514 62.619 128 0 2639.69154747949 39.4558310215563 "LDA" 43 1000 4.78787878787879
3503.94090382387 63.091 137 0 2650.99373128737 39.7154634498584 "LDA" 43 1000 4.82323232323232
3574.81861012956 63.561 151 0 2656.6993917447 39.8995771312837 "LDA" 43 1000 4.85858585858586
3611.58620689655 64.193 159 0 2671.4080423199 40.3436905149289 "LDA" 43 1000 4.89393939393939
3710.64698795181 64.688 170 0 2703.08261581963 40.4926451384731 "LDA" 43 1000 4.92929292929293
3770.80392156863 65.27 184 0 2724.31888862241 40.4991516118706 "LDA" 43 1000 4.96464646464646
3803.64179104478 65.597 196 0 2734.56825117668 40.6493660708499 "LDA" 43 1000 5
29.758 11.475 0 0 25.5001116015537 7.79333761049213 "uLSIF" 43 1000 1.5
30.939 11.766 0 0 26.5138126504141 7.96484040534917 "uLSIF" 43 1000 1.53535353535354
32.122 12.062 0 0 27.5830371775833 7.99237349190052 "uLSIF" 43 1000 1.57070707070707
33.171 12.381 0 0 28.1403916220198 8.19444860792891 "uLSIF" 43 1000 1.60606060606061
34.664 12.636 0 0 29.3127334163899 8.3933278234531 "uLSIF" 43 1000 1.64141414141414
35.971 13.026 0 0 30.0273508788371 8.63712474866051 "uLSIF" 43 1000 1.67676767676768
37.524 13.322 0 0 31.9329788641639 8.67868858962203 "uLSIF" 43 1000 1.71212121212121
38.794 13.658 0 0 32.5995750937999 8.81389361864101 "uLSIF" 43 1000 1.74747474747475
40.432 13.999 0 0 34.7785411270071 8.95931181889928 "uLSIF" 43 1000 1.78282828282828
41.764 14.307 0 0 35.4614412822973 9.04004831145683 "uLSIF" 43 1000 1.81818181818182
43.443 14.733 0 0 36.900764455732 9.24993363610098 "uLSIF" 43 1000 1.85353535353535
44.825 15.07 0 0 38.1600650623864 9.34721725811862 "uLSIF" 43 1000 1.88888888888889
46.386 15.398 0 0 39.5842129379114 9.57649754896357 "uLSIF" 43 1000 1.92424242424242
48.03 15.837 0 0 40.6243453785712 10.0229182322261 "uLSIF" 43 1000 1.95959595959596
49.546 16.346 0 0 41.4517566833076 10.4665100120256 "uLSIF" 43 1000 1.99494949494949
50.952 16.744 0 0 42.6644811752581 10.7865106875585 "uLSIF" 43 1000 2.03030303030303
52.693 17.049 0 0 43.6703543705664 10.8837058970763 "uLSIF" 43 1000 2.06565656565657
55.028 17.415 0 0 45.5053838128628 11.1074817646103 "uLSIF" 43 1000 2.1010101010101
56.965 17.851 0 0 47.2840729903692 11.4715472101803 "uLSIF" 43 1000 2.13636363636364
59.139 18.133 0 0 49.5137687142909 11.6345465607248 "uLSIF" 43 1000 2.17171717171717
60.72 18.429 0 0 51.0002414173171 11.6243746104935 "uLSIF" 43 1000 2.20707070707071
63.031 18.778 0 0 52.8944028877995 11.8614252688878 "uLSIF" 43 1000 2.24242424242424
65.672 19.156 0 0 56.6995348592319 12.0390449206988 "uLSIF" 43 1000 2.27777777777778
67.706 19.523 0 0 58.3418146043756 12.1373302577538 "uLSIF" 43 1000 2.31313131313131
70.419 19.891 0 0 62.3726204578803 12.4928455601672 "uLSIF" 43 1000 2.34848484848485
73.279 20.256 0 0 65.6046120644283 13.0259794311269 "uLSIF" 43 1000 2.38383838383838
74.517 20.542 0 0 66.0542570609637 13.0321937552384 "uLSIF" 43 1000 2.41919191919192
77.68 20.853 0 0 69.7817389514699 13.2823873160216 "uLSIF" 43 1000 2.45454545454545
79.959 21.252 0 0 70.6234025234128 13.5042534358942 "uLSIF" 43 1000 2.48989898989899
81.92 21.718 0 0 73.1012680833609 13.8204008436615 "uLSIF" 43 1000 2.52525252525253
83.943 22.04 0 0 74.859813937404 13.9314926151682 "uLSIF" 43 1000 2.56060606060606
87.294 22.431 0 0 77.6576221002824 14.2880855396512 "uLSIF" 43 1000 2.5959595959596
89.836 22.847 0 0 81.0901024090407 14.6243448558376 "uLSIF" 43 1000 2.63131313131313
92.106 23.234 0 0 83.4022823710761 14.7655431754225 "uLSIF" 43 1000 2.66666666666667
94.88 23.615 0 0 85.9943639468926 14.9088245025571 "uLSIF" 43 1000 2.7020202020202
97.72 23.862 0 0 89.3503390205268 14.973682485186 "uLSIF" 43 1000 2.73737373737374
101.484 24.221 0 0 97.4871144381732 15.0173126317154 "uLSIF" 43 1000 2.77272727272727
103.715 24.615 0 0 100.640510170047 15.3934965077702 "uLSIF" 43 1000 2.80808080808081
106.957 25.192 0 0 104.128141349113 15.7811971086538 "uLSIF" 43 1000 2.84343434343434
109.208 25.842 0 0 105.083468115928 16.7305991808109 "uLSIF" 43 1000 2.87878787878788
111.545 26.278 0 0 106.789681200999 17.1943700775097 "uLSIF" 43 1000 2.91414141414141
114.263 26.568 0 0 108.299300872949 17.2341054421281 "uLSIF" 43 1000 2.94949494949495
116.781 26.81 0 0 109.075269669405 17.3228745299959 "uLSIF" 43 1000 2.98484848484848
120.18 27.197 0 0 112.451736282696 17.3985315443545 "uLSIF" 43 1000 3.02020202020202
124.07 27.639 0 0 114.867618020353 17.6792317207008 "uLSIF" 43 1000 3.05555555555556
127.089 27.954 0 0 117.429633388672 17.7965896340451 "uLSIF" 43 1000 3.09090909090909
130.553 28.345 0 0 118.902855643084 17.8613269944313 "uLSIF" 43 1000 3.12626262626263
133.279 28.722 0 0 120.386261720393 18.0170844292669 "uLSIF" 43 1000 3.16161616161616
136.933 29.291 0 0 122.869929317675 18.6473065358255 "uLSIF" 43 1000 3.1969696969697
140.454 29.629 0 0 129.640999196522 18.8183285253629 "uLSIF" 43 1000 3.23232323232323
143.803 30.093 0 0 132.189561884709 19.0516486508731 "uLSIF" 43 1000 3.26767676767677
148.725 30.443 0 0 139.31963729617 19.1945612656862 "uLSIF" 43 1000 3.3030303030303
151.559 30.887 0 0 141.856461871762 19.297062149654 "uLSIF" 43 1000 3.33838383838384
157.369 31.232 0 0 149.197307870067 19.316762495649 "uLSIF" 43 1000 3.37373737373737
161.235 31.842 0 0 153.441187342164 19.7145555288396 "uLSIF" 43 1000 3.40909090909091
163.461 32.195 0 0 154.803897643844 20.2162229575821 "uLSIF" 43 1000 3.44444444444444
168.698 32.522 0 0 161.842162867658 20.3761798358943 "uLSIF" 43 1000 3.47979797979798
173.633 32.87 0 0 165.786384954967 20.4966634653841 "uLSIF" 43 1000 3.51515151515152
179.205 33.176 0 0 169.591893631109 20.5043276273925 "uLSIF" 43 1000 3.55050505050505
182.149 33.63 0 0 172.096920800894 20.9685664932246 "uLSIF" 43 1000 3.58585858585859
185.919 34.027 0 0 174.644871869375 21.1260166519763 "uLSIF" 43 1000 3.62121212121212
190.161 34.317 0 0 178.453570308234 21.3291688643614 "uLSIF" 43 1000 3.65656565656566
195.566 34.623 0 0 183.829624856754 21.4452038406672 "uLSIF" 43 1000 3.69191919191919
201.754 35.112 0 0 187.583856414104 21.9174320993548 "uLSIF" 43 1000 3.72727272727273
206.869 35.545 0 0 190.671632684336 22.8228143719362 "uLSIF" 43 1000 3.76262626262626
212.462 35.958 0 0 198.395865570519 23.0119922602931 "uLSIF" 43 1000 3.7979797979798
217.466 36.238 0 0 200.669038236861 23.0343642833471 "uLSIF" 43 1000 3.83333333333333
222.749 36.507 0 0 205.27636587144 23.0755375112137 "uLSIF" 43 1000 3.86868686868687
228.306 36.888 0 0 211.339515365099 23.2921441687961 "uLSIF" 43 1000 3.9040404040404
233.272 37.328 0 0 213.483519807102 23.5486933173999 "uLSIF" 43 1000 3.93939393939394
237.579 37.828 0 0 215.416782422236 23.7931193526307 "uLSIF" 43 1000 3.97474747474747
244.088 38.325 0 0 219.729650651375 24.0907396884931 "uLSIF" 43 1000 4.01010101010101
250.881 38.589 0 0 225.932845087848 24.1900648663504 "uLSIF" 43 1000 4.04545454545454
258.388 38.904 0 0 233.677415662256 24.312916359456 "uLSIF" 43 1000 4.08080808080808
264.869 39.51 0 0 240.281820353085 24.7107369481471 "uLSIF" 43 1000 4.11616161616162
271.403 39.834 0 0 247.366519128571 24.866378521626 "uLSIF" 43 1000 4.15151515151515
278.633 40.167 0 0 252.788366562366 24.9227658026804 "uLSIF" 43 1000 4.18686868686869
286.94 40.596 0 0 265.710037868772 25.0436812383877 "uLSIF" 43 1000 4.22222222222222
291.718 41.124 0 0 267.919647307571 25.3518310845457 "uLSIF" 43 1000 4.25757575757576
296.572 41.49 0 0 271.852847670917 25.3978532744591 "uLSIF" 43 1000 4.29292929292929
305.313 41.931 0 0 279.907404664804 25.7012605487317 "uLSIF" 43 1000 4.32828282828283
317.604 42.275 0 0 293.015991979202 25.7972648525745 "uLSIF" 43 1000 4.36363636363636
322.551 42.672 0 0 294.129450297879 25.9755104500979 "uLSIF" 43 1000 4.3989898989899
333.021 43.119 0 0 300.645792339509 26.0955900262634 "uLSIF" 43 1000 4.43434343434343
342.198 43.306 0 0 310.416380246154 26.1411117154899 "uLSIF" 43 1000 4.46969696969697
351.462 43.849 0 0 324.566455352274 26.4212088913297 "uLSIF" 43 1000 4.50505050505051
358.963 44.316 0 0 334.721445499205 26.7036557278068 "uLSIF" 43 1000 4.54040404040404
368.705 44.854 0 0 342.535689634925 27.2972493820133 "uLSIF" 43 1000 4.57575757575758
375.322 45.101 0 0 349.83946599543 27.2881923997256 "uLSIF" 43 1000 4.61111111111111
380.903 45.462 0 0 353.063534580464 27.4114199183833 "uLSIF" 43 1000 4.64646464646465
387.647 45.902 0 0 358.196221258578 27.5696659842386 "uLSIF" 43 1000 4.68181818181818
396.632 46.392 0 0 365.175420399106 27.8241715154382 "uLSIF" 43 1000 4.71717171717172
404.422 46.759 0 0 367.379280106338 27.9389603332784 "uLSIF" 43 1000 4.75252525252525
417.81 47.253 0 0 388.766623293959 28.1528964154059 "uLSIF" 43 1000 4.78787878787879
426.627 47.786 0 0 395.984190783357 28.4306613800401 "uLSIF" 43 1000 4.82323232323232
434.812 48.041 0 0 400.839535212021 28.4365954178583 "uLSIF" 43 1000 4.85858585858586
446.637 48.407 0 0 409.764004972095 28.5348486694531 "uLSIF" 43 1000 4.89393939393939
461.116 48.874 0 0 427.838383301716 28.8039544471205 "uLSIF" 43 1000 4.92929292929293
476.271 49.219 0 0 437.950840274907 28.945688658104 "uLSIF" 43 1000 4.96464646464646
486.427 49.745 0 0 441.068604850975 29.2963863514471 "uLSIF" 43 1000 5
