52.621 0 49.0121980179889 "LDA" 24 3 3 1.5
55.085 0 51.2537874281084 "LDA" 24 3 3 1.53535353535354
58.259 0 54.8712016249669 "LDA" 24 3 3 1.57070707070707
62.096 0 58.6371307031398 "LDA" 24 3 3 1.60606060606061
65.238 0 61.4227165314764 "LDA" 24 3 3 1.64141414141414
69.334 0 65.3759777170672 "LDA" 24 3 3 1.67676767676768
71.761 0 67.1796321959415 "LDA" 24 3 3 1.71212121212121
76.827 0 71.5035931603079 "LDA" 24 3 3 1.74747474747475
79.501 0 73.8173353488054 "LDA" 24 3 3 1.78282828282828
81.897 0 75.2203063373547 "LDA" 24 3 3 1.81818181818182
86.023 0 79.5722075049273 "LDA" 24 3 3 1.85353535353535
89.859 0 82.2918651512412 "LDA" 24 3 3 1.88888888888889
94.031 0 85.5129493322708 "LDA" 24 3 3 1.92424242424242
97.242 0 88.6265767482086 "LDA" 24 3 3 1.95959595959596
100.99 0 92.0883280343397 "LDA" 24 3 3 1.99494949494949
105.568 0 98.0342597875462 "LDA" 24 3 3 2.03030303030303
109.788 0 100.37776023976 "LDA" 24 3 3 2.06565656565657
115.268 0 105.306579336961 "LDA" 24 3 3 2.1010101010101
119.675 0 108.747355656873 "LDA" 24 3 3 2.13636363636364
124.205 0 112.221551636268 "LDA" 24 3 3 2.17171717171717
127.774 0 116.282158839886 "LDA" 24 3 3 2.20707070707071
134.674 0 120.988668816472 "LDA" 24 3 3 2.24242424242424
138.906 0 124.416311561558 "LDA" 24 3 3 2.27777777777778
145.066 0 132.16490913706 "LDA" 24 3 3 2.31313131313131
153.418 0 141.326170125573 "LDA" 24 3 3 2.34848484848485
158.314 0 145.046875181784 "LDA" 24 3 3 2.38383838383838
164.19 0 150.636905761428 "LDA" 24 3 3 2.41919191919192
172.324 0 156.885397829282 "LDA" 24 3 3 2.45454545454545
178.886 0 161.580268557727 "LDA" 24 3 3 2.48989898989899
186.317 0 164.821796907253 "LDA" 24 3 3 2.52525252525253
192.2 0 170.921338937255 "LDA" 24 3 3 2.56060606060606
201.618 0 180.857030113129 "LDA" 24 3 3 2.5959595959596
208.777 0 189.487172810351 "LDA" 24 3 3 2.63131313131313
217.535 0 195.604237665734 "LDA" 24 3 3 2.66666666666667
225.562 0 201.671111945646 "LDA" 24 3 3 2.7020202020202
235.774 0 213.379238970486 "LDA" 24 3 3 2.73737373737374
244.429 0 223.746256608566 "LDA" 24 3 3 2.77272727272727
255.069 0 235.447063176754 "LDA" 24 3 3 2.80808080808081
263.207 0 240.222665625207 "LDA" 24 3 3 2.84343434343434
272.375 0 246.144131167713 "LDA" 24 3 3 2.87878787878788
288.183 0 257.860298309849 "LDA" 24 3 3 2.91414141414141
297.276276276276 1 267.192930055214 "LDA" 24 3 3 2.94949494949495
302.795795795796 1 271.232402885593 "LDA" 24 3 3 2.98484848484848
311.138276553106 2 274.462174759943 "LDA" 24 3 3 3.02020202020202
321.067134268537 2 287.561037961795 "LDA" 24 3 3 3.05555555555556
332.784353059178 3 296.326905927582 "LDA" 24 3 3 3.09090909090909
345.613841524574 3 305.476046177339 "LDA" 24 3 3 3.12626262626263
358.249246231156 5 322.530066894921 "LDA" 24 3 3 3.16161616161616
372.267336683417 5 335.58518948975 "LDA" 24 3 3 3.1969696969697
382.579476861167 6 345.542293442103 "LDA" 24 3 3 3.23232323232323
394.680808080808 10 356.234405417257 "LDA" 24 3 3 3.26767676767677
405.836363636364 10 366.21915937114 "LDA" 24 3 3 3.3030303030303
414.993933265925 11 372.159359726426 "LDA" 24 3 3 3.33838383838384
427.059656218402 11 380.663991431756 "LDA" 24 3 3 3.37373737373737
440.354251012146 12 388.386316850455 "LDA" 24 3 3 3.40909090909091
453.660913705584 15 394.604941302544 "LDA" 24 3 3 3.44444444444444
462.943934760449 19 403.217235110574 "LDA" 24 3 3 3.47979797979798
480.557142857143 20 418.891949764041 "LDA" 24 3 3 3.51515151515152
489.964065708419 26 421.137999395374 "LDA" 24 3 3 3.55050505050505
500.691358024691 28 424.435212543888 "LDA" 24 3 3 3.58585858585859
520.784090909091 32 440.876631981912 "LDA" 24 3 3 3.62121212121212
530.911734164071 37 447.414066241662 "LDA" 24 3 3 3.65656565656566
543.747138397503 39 457.779090140001 "LDA" 24 3 3 3.69191919191919
550.458725182863 43 461.18043422025 "LDA" 24 3 3 3.72727272727273
558.988445378151 48 463.341027033195 "LDA" 24 3 3 3.76262626262626
573.161392405063 52 469.778064730984 "LDA" 24 3 3 3.7979797979798
581.144373673036 58 478.816598645392 "LDA" 24 3 3 3.83333333333333
599.496801705757 62 487.138946001253 "LDA" 24 3 3 3.86868686868687
613.888412017167 68 493.726625867052 "LDA" 24 3 3 3.9040404040404
626.11879049676 74 499.908306114443 "LDA" 24 3 3 3.93939393939394
635.410228509249 81 504.172086443998 "LDA" 24 3 3 3.97474747474747
645.72349726776 85 508.405062845057 "LDA" 24 3 3 4.01010101010101
655.304972375691 95 511.987695410541 "LDA" 24 3 3 4.04545454545454
668.607580824972 103 518.920238706196 "LDA" 24 3 3 4.08080808080808
678.017997750281 111 517.773731530582 "LDA" 24 3 3 4.11616161616162
685.960227272727 120 518.391056424649 "LDA" 24 3 3 4.15151515151515
699.437856328392 123 520.750001220107 "LDA" 24 3 3 4.18686868686869
716.094361334868 131 529.218979641574 "LDA" 24 3 3 4.22222222222222
730.69696969697 142 534.459450814468 "LDA" 24 3 3 4.25757575757576
740.353427895981 154 537.284968766847 "LDA" 24 3 3 4.29292929292929
745.669047619048 160 539.150428672803 "LDA" 24 3 3 4.32828282828283
750.943236714976 172 541.640222836253 "LDA" 24 3 3 4.36363636363636
757.923076923077 181 541.797603556772 "LDA" 24 3 3 4.3989898989899
757.242839352428 197 537.540050872656 "LDA" 24 3 3 4.43434343434343
761.65613147914 209 537.131547506085 "LDA" 24 3 3 4.46969696969697
773.422391857506 214 537.667751652222 "LDA" 24 3 3 4.50505050505051
784.067010309278 224 541.768385835609 "LDA" 24 3 3 4.54040404040404
797.75 236 546.821696316317 "LDA" 24 3 3 4.57575757575758
800.817694369973 254 546.60187001504 "LDA" 24 3 3 4.61111111111111
808.683994528044 269 547.076904767305 "LDA" 24 3 3 4.64646464646465
814.995856353591 276 550.225381945584 "LDA" 24 3 3 4.68181818181818
829.271210013908 281 552.851912294461 "LDA" 24 3 3 4.71717171717172
840.210451977401 292 553.715940894211 "LDA" 24 3 3 4.75252525252525
840.462643678161 304 556.809184251881 "LDA" 24 3 3 4.78787878787879
849.893118594436 317 556.114177391375 "LDA" 24 3 3 4.82323232323232
862.880952380952 328 559.744891429707 "LDA" 24 3 3 4.85858585858586
864.132730015083 337 558.591033835315 "LDA" 24 3 3 4.89393939393939
865.993836671803 351 555.152309174435 "LDA" 24 3 3 4.92929292929293
870.523510971787 362 552.505691095426 "LDA" 24 3 3 4.96464646464646
870.256369426752 372 547.683810404746 "LDA" 24 3 3 5
21.18 0 16.7146336776783 "uLSIF" 24 3 3 1.5
22.099 0 17.8390984198314 "uLSIF" 24 3 3 1.53535353535354
22.903 0 18.4733552950149 "uLSIF" 24 3 3 1.57070707070707
23.461 0 18.7584209718557 "uLSIF" 24 3 3 1.60606060606061
24.134 0 19.0781555717533 "uLSIF" 24 3 3 1.64141414141414
24.87 0 19.5663471793266 "uLSIF" 24 3 3 1.67676767676768
25.531 0 19.8202896770679 "uLSIF" 24 3 3 1.71212121212121
26.422 0 20.5563245371948 "uLSIF" 24 3 3 1.74747474747475
27.44 0 21.1299994528366 "uLSIF" 24 3 3 1.78282828282828
28.3 0 21.4733114144769 "uLSIF" 24 3 3 1.81818181818182
29.466 0 22.4631573345654 "uLSIF" 24 3 3 1.85353535353535
30.61 0 23.1899045205381 "uLSIF" 24 3 3 1.88888888888889
31.667 0 24.1034247791903 "uLSIF" 24 3 3 1.92424242424242
32.962 0 24.8022924285178 "uLSIF" 24 3 3 1.95959595959596
33.953 0 25.7625794807411 "uLSIF" 24 3 3 1.99494949494949
34.848 0 26.1248043323084 "uLSIF" 24 3 3 2.03030303030303
36.143 0 27.213583559137 "uLSIF" 24 3 3 2.06565656565657
37.639 0 29.5783291711441 "uLSIF" 24 3 3 2.1010101010101
38.473 0 30.0931698209057 "uLSIF" 24 3 3 2.13636363636364
40.157 0 31.3748423379582 "uLSIF" 24 3 3 2.17171717171717
41.399 0 33.0818107909045 "uLSIF" 24 3 3 2.20707070707071
42.126 0 33.3209304853332 "uLSIF" 24 3 3 2.24242424242424
43.202 0 33.8031336986358 "uLSIF" 24 3 3 2.27777777777778
43.922 0 34.2818780577022 "uLSIF" 24 3 3 2.31313131313131
45.119 0 35.5952505379701 "uLSIF" 24 3 3 2.34848484848485
47.144 0 36.6578103418502 "uLSIF" 24 3 3 2.38383838383838
48.641 0 38.4041794600536 "uLSIF" 24 3 3 2.41919191919192
49.833 0 39.9702230382785 "uLSIF" 24 3 3 2.45454545454545
51.024 0 41.3163462138711 "uLSIF" 24 3 3 2.48989898989899
52.006 0 41.7234083795512 "uLSIF" 24 3 3 2.52525252525253
53.138 0 42.4504298564219 "uLSIF" 24 3 3 2.56060606060606
55.015 0 46.1734638484462 "uLSIF" 24 3 3 2.5959595959596
56.864 0 48.0668068621364 "uLSIF" 24 3 3 2.63131313131313
57.882 0 48.5160373678836 "uLSIF" 24 3 3 2.66666666666667
59.378 0 49.8326640910398 "uLSIF" 24 3 3 2.7020202020202
60.282 0 50.5814883427026 "uLSIF" 24 3 3 2.73737373737374
61.766 0 52.0481147617303 "uLSIF" 24 3 3 2.77272727272727
62.998 0 52.9675519309469 "uLSIF" 24 3 3 2.80808080808081
64.246 0 53.8289237960136 "uLSIF" 24 3 3 2.84343434343434
66.148 0 56.5037234770131 "uLSIF" 24 3 3 2.87878787878788
67.861 0 58.0167529479427 "uLSIF" 24 3 3 2.91414141414141
69.351 0 58.7737369166803 "uLSIF" 24 3 3 2.94949494949495
71.511 0 60.7943733813816 "uLSIF" 24 3 3 2.98484848484848
73.571 0 63.0571102902611 "uLSIF" 24 3 3 3.02020202020202
75.407 0 66.4784983415069 "uLSIF" 24 3 3 3.05555555555556
76.69 0 67.0850079995396 "uLSIF" 24 3 3 3.09090909090909
78.905 0 68.6870867841321 "uLSIF" 24 3 3 3.12626262626263
80.771 0 70.8679110727826 "uLSIF" 24 3 3 3.16161616161616
82.499 0 71.5847915508691 "uLSIF" 24 3 3 3.1969696969697
84.508 0 73.5034195713961 "uLSIF" 24 3 3 3.23232323232323
86.255 0 75.3242571733616 "uLSIF" 24 3 3 3.26767676767677
88.223 0 77.2913787445161 "uLSIF" 24 3 3 3.3030303030303
89.612 0 78.4871051936666 "uLSIF" 24 3 3 3.33838383838384
91.365 0 79.6119201679801 "uLSIF" 24 3 3 3.37373737373737
93.127 0 81.451317903323 "uLSIF" 24 3 3 3.40909090909091
95.154 0 82.9692363359949 "uLSIF" 24 3 3 3.44444444444444
96.997 0 84.2178225355692 "uLSIF" 24 3 3 3.47979797979798
98.649 0 85.3567547097157 "uLSIF" 24 3 3 3.51515151515152
101.534 0 88.6961320906828 "uLSIF" 24 3 3 3.55050505050505
103.7 0 90.4693910154739 "uLSIF" 24 3 3 3.58585858585859
106.17 0 91.2848400448948 "uLSIF" 24 3 3 3.62121212121212
109.184 0 94.2461164954529 "uLSIF" 24 3 3 3.65656565656566
111.258 0 94.9916251300337 "uLSIF" 24 3 3 3.69191919191919
113.639 0 96.3237298900948 "uLSIF" 24 3 3 3.72727272727273
117.447 0 99.3766315886482 "uLSIF" 24 3 3 3.76262626262626
120.186 0 101.663734531636 "uLSIF" 24 3 3 3.7979797979798
122.614 0 104.509153508997 "uLSIF" 24 3 3 3.83333333333333
125.72 0 108.873463392284 "uLSIF" 24 3 3 3.86868686868687
127.533 0 110.614051455407 "uLSIF" 24 3 3 3.9040404040404
130.546 0 112.784192855906 "uLSIF" 24 3 3 3.93939393939394
132.933 0 114.080273578826 "uLSIF" 24 3 3 3.97474747474747
134.384 0 114.563036068503 "uLSIF" 24 3 3 4.01010101010101
136.359 0 115.275055660179 "uLSIF" 24 3 3 4.04545454545454
138.898 0 119.285458529599 "uLSIF" 24 3 3 4.08080808080808
141.639 0 121.485939567147 "uLSIF" 24 3 3 4.11616161616162
144.185 0 123.626835150664 "uLSIF" 24 3 3 4.15151515151515
147.165 0 127.21086580705 "uLSIF" 24 3 3 4.18686868686869
150.504 0 130.928232960604 "uLSIF" 24 3 3 4.22222222222222
152.876 0 132.598782275936 "uLSIF" 24 3 3 4.25757575757576
155.237 0 133.565334310702 "uLSIF" 24 3 3 4.29292929292929
157.607 0 135.518950471648 "uLSIF" 24 3 3 4.32828282828283
160.664 0 140.486681260579 "uLSIF" 24 3 3 4.36363636363636
163.268 0 142.534572228215 "uLSIF" 24 3 3 4.3989898989899
165.404 0 143.484823861894 "uLSIF" 24 3 3 4.43434343434343
168.929 0 146.199001730884 "uLSIF" 24 3 3 4.46969696969697
173.398 0 148.528159654021 "uLSIF" 24 3 3 4.50505050505051
177.949 0 154.761511767379 "uLSIF" 24 3 3 4.54040404040404
180.985 0 156.694479593044 "uLSIF" 24 3 3 4.57575757575758
183.783 0 157.837101029706 "uLSIF" 24 3 3 4.61111111111111
187.843 0 162.086910383033 "uLSIF" 24 3 3 4.64646464646465
189.696 0 165.2815584921 "uLSIF" 24 3 3 4.68181818181818
193.127 0 166.572985296027 "uLSIF" 24 3 3 4.71717171717172
195.097 0 168.270052003918 "uLSIF" 24 3 3 4.75252525252525
199.84 0 173.156442425783 "uLSIF" 24 3 3 4.78787878787879
203.862 0 178.123240608419 "uLSIF" 24 3 3 4.82323232323232
206.305 0 179.410613239973 "uLSIF" 24 3 3 4.85858585858586
211.186 0 183.305319737983 "uLSIF" 24 3 3 4.89393939393939
214.925 0 184.942171994334 "uLSIF" 24 3 3 4.92929292929293
221.069 0 190.28197357729 "uLSIF" 24 3 3 4.96464646464646
223.798 0 191.783002155863 "uLSIF" 24 3 3 5
