125.95 15.05 0 0 "KDE LDA" 181 1000 2.5
125.955 15.055 0 0 "KDE LDA" 181 1000 2.51010101010101
125.965 15.06 0 0 "KDE LDA" 181 1000 2.52020202020202
134.99 15.155 0 0 "KDE LDA" 181 1000 2.53030303030303
135.805 15.255 0 0 "KDE LDA" 181 1000 2.54040404040404
136.985 15.31 0 0 "KDE LDA" 181 1000 2.55050505050505
140.05 15.32 0 0 "KDE LDA" 181 1000 2.56060606060606
140.95 15.34 0 0 "KDE LDA" 181 1000 2.57070707070707
140.965 15.365 0 0 "KDE LDA" 181 1000 2.58080808080808
142.21 15.385 0 0 "KDE LDA" 181 1000 2.59090909090909
145.05 15.395 0 0 "KDE LDA" 181 1000 2.6010101010101
145.08 15.525 0 0 "KDE LDA" 181 1000 2.61111111111111
146.535 15.65 0 0 "KDE LDA" 181 1000 2.62121212121212
148.28 15.73 0 0 "KDE LDA" 181 1000 2.63131313131313
149.08 15.785 0 0 "KDE LDA" 181 1000 2.64141414141414
150.845 15.895 0 0 "KDE LDA" 181 1000 2.65151515151515
157.025 16 0 0 "KDE LDA" 181 1000 2.66161616161616
172.815 16.33 0 0 "KDE LDA" 181 1000 2.67171717171717
173.965 16.36 0 0 "KDE LDA" 181 1000 2.68181818181818
173.98 16.405 0 0 "KDE LDA" 181 1000 2.69191919191919
174.25 16.61 0 0 "KDE LDA" 181 1000 2.7020202020202
176.335 16.635 0 0 "KDE LDA" 181 1000 2.71212121212121
178.54 16.65 0 0 "KDE LDA" 181 1000 2.72222222222222
178.56 16.685 0 0 "KDE LDA" 181 1000 2.73232323232323
178.59 16.715 0 0 "KDE LDA" 181 1000 2.74242424242424
179.765 16.73 0 0 "KDE LDA" 181 1000 2.75252525252525
180.86 16.83 0 0 "KDE LDA" 181 1000 2.76262626262626
180.865 16.835 0 0 "KDE LDA" 181 1000 2.77272727272727
181.05 16.84 0 0 "KDE LDA" 181 1000 2.78282828282828
194.35 16.97 0 0 "KDE LDA" 181 1000 2.79292929292929
239.175 18 0 0 "KDE LDA" 181 1000 2.8030303030303
246.185 18.14 0 0 "KDE LDA" 181 1000 2.81313131313131
247.955 18.195 0 0 "KDE LDA" 181 1000 2.82323232323232
251.76 18.215 0 0 "KDE LDA" 181 1000 2.83333333333333
251.765 18.225 0 0 "KDE LDA" 181 1000 2.84343434343434
251.765 18.23 0 0 "KDE LDA" 181 1000 2.85353535353535
251.785 18.3 0 0 "KDE LDA" 181 1000 2.86363636363636
257.135 18.315 0 0 "KDE LDA" 181 1000 2.87373737373737
257.135 18.315 0 0 "KDE LDA" 181 1000 2.88383838383838
257.17 18.315 0 0 "KDE LDA" 181 1000 2.89393939393939
257.18 18.325 0 0 "KDE LDA" 181 1000 2.9040404040404
257.185 18.33 0 0 "KDE LDA" 181 1000 2.91414141414141
257.24 18.36 0 0 "KDE LDA" 181 1000 2.92424242424242
260.95 18.42 0 0 "KDE LDA" 181 1000 2.93434343434343
260.955 18.465 0 0 "KDE LDA" 181 1000 2.94444444444444
268.52 18.5 0 0 "KDE LDA" 181 1000 2.95454545454545
268.91 18.54 0 0 "KDE LDA" 181 1000 2.96464646464646
270.45 18.56 0 0 "KDE LDA" 181 1000 2.97474747474747
270.955 18.57 0 0 "KDE LDA" 181 1000 2.98484848484848
273.905 18.575 0 0 "KDE LDA" 181 1000 2.99494949494949
273.915 18.58 0 0 "KDE LDA" 181 1000 3.00505050505051
276.65 18.73 0 0 "KDE LDA" 181 1000 3.01515151515152
280.73 18.755 0 0 "KDE LDA" 181 1000 3.02525252525253
283.99 18.785 0 0 "KDE LDA" 181 1000 3.03535353535354
289.545 18.81 0 0 "KDE LDA" 181 1000 3.04545454545455
290.76 18.86 0 0 "KDE LDA" 181 1000 3.05555555555556
294.055 18.935 0 0 "KDE LDA" 181 1000 3.06565656565657
294.49 18.965 0 0 "KDE LDA" 181 1000 3.07575757575758
297.03 19 0 0 "KDE LDA" 181 1000 3.08585858585859
300.45 19.28 0 0 "KDE LDA" 181 1000 3.0959595959596
301.53 19.305 0 0 "KDE LDA" 181 1000 3.10606060606061
302.815 19.425 0 0 "KDE LDA" 181 1000 3.11616161616162
302.85 19.545 0 0 "KDE LDA" 181 1000 3.12626262626263
302.855 19.55 0 0 "KDE LDA" 181 1000 3.13636363636364
303.965 19.56 0 0 "KDE LDA" 181 1000 3.14646464646465
305.07 19.595 0 0 "KDE LDA" 181 1000 3.15656565656566
305.125 19.73 0 0 "KDE LDA" 181 1000 3.16666666666667
305.125 19.785 0 0 "KDE LDA" 181 1000 3.17676767676768
306.64 19.785 0 0 "KDE LDA" 181 1000 3.18686868686869
307.64 19.815 0 0 "KDE LDA" 181 1000 3.1969696969697
314.75 20.095 0 0 "KDE LDA" 181 1000 3.20707070707071
314.805 20.135 0 0 "KDE LDA" 181 1000 3.21717171717172
341.29 20.715 0 0 "KDE LDA" 181 1000 3.22727272727273
341.3 20.82 0 0 "KDE LDA" 181 1000 3.23737373737374
344.39 20.83 0 0 "KDE LDA" 181 1000 3.24747474747475
344.58 20.855 0 0 "KDE LDA" 181 1000 3.25757575757576
344.59 20.855 0 0 "KDE LDA" 181 1000 3.26767676767677
351.26 20.87 0 0 "KDE LDA" 181 1000 3.27777777777778
353.645 20.89 0 0 "KDE LDA" 181 1000 3.28787878787879
354.035 20.985 0 0 "KDE LDA" 181 1000 3.2979797979798
354.075 21.085 0 0 "KDE LDA" 181 1000 3.30808080808081
360.115 21.095 0 0 "KDE LDA" 181 1000 3.31818181818182
362.985 21.11 0 0 "KDE LDA" 181 1000 3.32828282828283
364.72 21.125 0 0 "KDE LDA" 181 1000 3.33838383838384
374.69 21.19 0 0 "KDE LDA" 181 1000 3.34848484848485
453.54 22.15 0 0 "KDE LDA" 181 1000 3.35858585858586
457.17 22.175 0 0 "KDE LDA" 181 1000 3.36868686868687
461.86 22.21 0 0 "KDE LDA" 181 1000 3.37878787878788
462.355 22.245 0 0 "KDE LDA" 181 1000 3.38888888888889
462.355 22.34 0 0 "KDE LDA" 181 1000 3.3989898989899
462.375 22.38 0 0 "KDE LDA" 181 1000 3.40909090909091
477.545 22.38 0 0 "KDE LDA" 181 1000 3.41919191919192
477.545 22.38 0 0 "KDE LDA" 181 1000 3.42929292929293
482.03 22.39 0 0 "KDE LDA" 181 1000 3.43939393939394
482.065 22.39 0 0 "KDE LDA" 181 1000 3.44949494949495
499.22 22.555 0 0 "KDE LDA" 181 1000 3.45959595959596
499.935 22.555 0 0 "KDE LDA" 181 1000 3.46969696969697
500.425 22.59 0 0 "KDE LDA" 181 1000 3.47979797979798
511.565 22.605 0 0 "KDE LDA" 181 1000 3.48989898989899
511.565 22.625 0 0 "KDE LDA" 181 1000 3.5
193.15 15.555 0 0 "KDE QDA" 181 1000 3.5
194.91 15.58 0 0 "KDE QDA" 181 1000 3.51010101010101
197.985 15.85 0 0 "KDE QDA" 181 1000 3.52020202020202
198.375 15.92 0 0 "KDE QDA" 181 1000 3.53030303030303
202.54 15.95 0 0 "KDE QDA" 181 1000 3.54040404040404
208.765 15.955 0 0 "KDE QDA" 181 1000 3.55050505050505
208.775 15.97 0 0 "KDE QDA" 181 1000 3.56060606060606
210.275 15.98 0 0 "KDE QDA" 181 1000 3.57070707070707
210.295 15.98 0 0 "KDE QDA" 181 1000 3.58080808080808
210.98 15.98 0 0 "KDE QDA" 181 1000 3.59090909090909
210.99 15.995 0 0 "KDE QDA" 181 1000 3.6010101010101
211.41 16.02 0 0 "KDE QDA" 181 1000 3.61111111111111
211.415 16.025 0 0 "KDE QDA" 181 1000 3.62121212121212
211.42 16.055 0 0 "KDE QDA" 181 1000 3.63131313131313
211.445 16.055 0 0 "KDE QDA" 181 1000 3.64141414141414
220.315 16.565 0 0 "KDE QDA" 181 1000 3.65151515151515
222.39 16.59 0 0 "KDE QDA" 181 1000 3.66161616161616
222.435 16.595 0 0 "KDE QDA" 181 1000 3.67171717171717
224.075 16.71 0 0 "KDE QDA" 181 1000 3.68181818181818
224.1 16.73 0 0 "KDE QDA" 181 1000 3.69191919191919
224.1 16.74 0 0 "KDE QDA" 181 1000 3.7020202020202
224.1 16.745 0 0 "KDE QDA" 181 1000 3.71212121212121
224.49 16.745 0 0 "KDE QDA" 181 1000 3.72222222222222
226.05 16.75 0 0 "KDE QDA" 181 1000 3.73232323232323
227.01 16.765 0 0 "KDE QDA" 181 1000 3.74242424242424
227.01 16.77 0 0 "KDE QDA" 181 1000 3.75252525252525
227.055 16.77 0 0 "KDE QDA" 181 1000 3.76262626262626
228.21 16.815 0 0 "KDE QDA" 181 1000 3.77272727272727
230.915 16.835 0 0 "KDE QDA" 181 1000 3.78282828282828
246.545 17.29 0 0 "KDE QDA" 181 1000 3.79292929292929
247.57 17.355 0 0 "KDE QDA" 181 1000 3.8030303030303
261.805 17.475 0 0 "KDE QDA" 181 1000 3.81313131313131
264.045 17.515 0 0 "KDE QDA" 181 1000 3.82323232323232
266.15 17.53 0 0 "KDE QDA" 181 1000 3.83333333333333
267.745 17.545 0 0 "KDE QDA" 181 1000 3.84343434343434
267.765 17.55 0 0 "KDE QDA" 181 1000 3.85353535353535
267.825 17.55 0 0 "KDE QDA" 181 1000 3.86363636363636
269.07 17.55 0 0 "KDE QDA" 181 1000 3.87373737373737
272.94 17.57 0 0 "KDE QDA" 181 1000 3.88383838383838
272.945 17.57 0 0 "KDE QDA" 181 1000 3.89393939393939
273.01 17.58 0 0 "KDE QDA" 181 1000 3.9040404040404
277.425 17.585 0 0 "KDE QDA" 181 1000 3.91414141414141
291.93 18.335 0 0 "KDE QDA" 181 1000 3.92424242424242
293.17 18.34 0 0 "KDE QDA" 181 1000 3.93434343434343
297.06 18.495 0 0 "KDE QDA" 181 1000 3.94444444444444
297.07 18.54 0 0 "KDE QDA" 181 1000 3.95454545454545
297.09 18.54 0 0 "KDE QDA" 181 1000 3.96464646464646
300.99 18.56 0 0 "KDE QDA" 181 1000 3.97474747474747
302 18.565 0 0 "KDE QDA" 181 1000 3.98484848484848
304.77 18.625 0 0 "KDE QDA" 181 1000 3.99494949494949
311.425 18.63 0 0 "KDE QDA" 181 1000 4.00505050505051
315.41 18.645 0 0 "KDE QDA" 181 1000 4.01515151515152
322.435 18.715 0 0 "KDE QDA" 181 1000 4.02525252525253
327.065 18.72 0 0 "KDE QDA" 181 1000 4.03535353535354
327.065 18.74 0 0 "KDE QDA" 181 1000 4.04545454545455
327.105 18.745 0 0 "KDE QDA" 181 1000 4.05555555555556
328.845 18.785 0 0 "KDE QDA" 181 1000 4.06565656565657
329.02 18.8 0 0 "KDE QDA" 181 1000 4.07575757575758
345.825 19.095 0 0 "KDE QDA" 181 1000 4.08585858585859
349.52 19.1 0 0 "KDE QDA" 181 1000 4.0959595959596
358.725 19.125 0 0 "KDE QDA" 181 1000 4.10606060606061
364.415 19.125 0 0 "KDE QDA" 181 1000 4.11616161616162
364.42 19.175 0 0 "KDE QDA" 181 1000 4.12626262626263
367.005 19.18 0 0 "KDE QDA" 181 1000 4.13636363636364
370.115 19.18 0 0 "KDE QDA" 181 1000 4.14646464646465
370.12 19.19 0 0 "KDE QDA" 181 1000 4.15656565656566
373.145 19.195 0 0 "KDE QDA" 181 1000 4.16666666666667
373.15 19.21 0 0 "KDE QDA" 181 1000 4.17676767676768
379.37 19.21 0 0 "KDE QDA" 181 1000 4.18686868686869
379.375 19.21 0 0 "KDE QDA" 181 1000 4.1969696969697
385.515 19.215 0 0 "KDE QDA" 181 1000 4.20707070707071
394.48 19.445 0 0 "KDE QDA" 181 1000 4.21717171717172
395.04 19.45 0 0 "KDE QDA" 181 1000 4.22727272727273
397.205 19.515 0 0 "KDE QDA" 181 1000 4.23737373737374
397.245 19.52 0 0 "KDE QDA" 181 1000 4.24747474747475
397.26 19.57 0 0 "KDE QDA" 181 1000 4.25757575757576
399.45 19.585 0 0 "KDE QDA" 181 1000 4.26767676767677
399.455 19.615 0 0 "KDE QDA" 181 1000 4.27777777777778
404.27 19.695 0 0 "KDE QDA" 181 1000 4.28787878787879
404.305 19.865 0 0 "KDE QDA" 181 1000 4.2979797979798
404.315 19.94 0 0 "KDE QDA" 181 1000 4.30808080808081
406.095 19.94 0 0 "KDE QDA" 181 1000 4.31818181818182
406.115 19.94 0 0 "KDE QDA" 181 1000 4.32828282828283
406.965 19.975 0 0 "KDE QDA" 181 1000 4.33838383838384
435.625 20.845 0 0 "KDE QDA" 181 1000 4.34848484848485
437.085 20.89 0 0 "KDE QDA" 181 1000 4.35858585858586
437.86 20.9 0 0 "KDE QDA" 181 1000 4.36868686868687
448.86 20.99 0 0 "KDE QDA" 181 1000 4.37878787878788
448.92 21.08 0 0 "KDE QDA" 181 1000 4.38888888888889
451.19 21.19 0 0 "KDE QDA" 181 1000 4.3989898989899
451.195 21.31 0 0 "KDE QDA" 181 1000 4.40909090909091
451.195 21.31 0 0 "KDE QDA" 181 1000 4.41919191919192
451.195 21.31 0 0 "KDE QDA" 181 1000 4.42929292929293
451.205 21.325 0 0 "KDE QDA" 181 1000 4.43939393939394
451.215 21.335 0 0 "KDE QDA" 181 1000 4.44949494949495
453.445 21.37 0 0 "KDE QDA" 181 1000 4.45959595959596
455.23 21.395 0 0 "KDE QDA" 181 1000 4.46969696969697
462.07 21.625 0 0 "KDE QDA" 181 1000 4.47979797979798
463.5 21.64 0 0 "KDE QDA" 181 1000 4.48989898989899
466.21 21.645 0 0 "KDE QDA" 181 1000 4.5
