134.315 16.68 0 0 "KDE LDA" 55 1000 2.5
134.34 16.875 0 0 "KDE LDA" 55 1000 2.51010101010101
134.92 16.99 0 0 "KDE LDA" 55 1000 2.52020202020202
141.695 17.045 0 0 "KDE LDA" 55 1000 2.53030303030303
143.48 17.185 0 0 "KDE LDA" 55 1000 2.54040404040404
143.91 17.25 0 0 "KDE LDA" 55 1000 2.55050505050505
145.655 17.28 0 0 "KDE LDA" 55 1000 2.56060606060606
145.655 17.3 0 0 "KDE LDA" 55 1000 2.57070707070707
145.665 17.3 0 0 "KDE LDA" 55 1000 2.58080808080808
146.645 17.315 0 0 "KDE LDA" 55 1000 2.59090909090909
146.65 17.36 0 0 "KDE LDA" 55 1000 2.6010101010101
147.85 17.37 0 0 "KDE LDA" 55 1000 2.61111111111111
147.975 17.575 0 0 "KDE LDA" 55 1000 2.62121212121212
148.835 17.665 0 0 "KDE LDA" 55 1000 2.63131313131313
149.51 17.84 0 0 "KDE LDA" 55 1000 2.64141414141414
151.65 17.885 0 0 "KDE LDA" 55 1000 2.65151515151515
155.985 18.415 0 0 "KDE LDA" 55 1000 2.66161616161616
165.59 18.8 0 0 "KDE LDA" 55 1000 2.67171717171717
167.59 18.82 0 0 "KDE LDA" 55 1000 2.68181818181818
169.295 18.825 0 0 "KDE LDA" 55 1000 2.69191919191919
172.31 18.855 0 0 "KDE LDA" 55 1000 2.7020202020202
172.32 18.865 0 0 "KDE LDA" 55 1000 2.71212121212121
172.785 18.875 0 0 "KDE LDA" 55 1000 2.72222222222222
172.8 18.88 0 0 "KDE LDA" 55 1000 2.73232323232323
172.835 18.91 0 0 "KDE LDA" 55 1000 2.74242424242424
179.015 18.92 0 0 "KDE LDA" 55 1000 2.75252525252525
179.65 19.15 0 0 "KDE LDA" 55 1000 2.76262626262626
181.705 19.375 0 0 "KDE LDA" 55 1000 2.77272727272727
182.02 19.46 0 0 "KDE LDA" 55 1000 2.78282828282828
188.155 19.67 0 0 "KDE LDA" 55 1000 2.79292929292929
234.98 20.18 0 0 "KDE LDA" 55 1000 2.8030303030303
236.215 20.275 0 0 "KDE LDA" 55 1000 2.81313131313131
241.295 20.3 0 0 "KDE LDA" 55 1000 2.82323232323232
242.835 20.595 0 0 "KDE LDA" 55 1000 2.83333333333333
242.855 20.61 0 0 "KDE LDA" 55 1000 2.84343434343434
243.3 20.635 0 0 "KDE LDA" 55 1000 2.85353535353535
244.625 20.685 0 0 "KDE LDA" 55 1000 2.86363636363636
246.08 20.715 0 0 "KDE LDA" 55 1000 2.87373737373737
246.11 20.74 0 0 "KDE LDA" 55 1000 2.88383838383838
246.835 20.77 0 0 "KDE LDA" 55 1000 2.89393939393939
247.47 20.77 0 0 "KDE LDA" 55 1000 2.9040404040404
247.675 20.83 0 0 "KDE LDA" 55 1000 2.91414141414141
249.635 20.915 0 0 "KDE LDA" 55 1000 2.92424242424242
251.285 21.015 0 0 "KDE LDA" 55 1000 2.93434343434343
258.98 21.045 0 0 "KDE LDA" 55 1000 2.94444444444444
260.75 21.17 0 0 "KDE LDA" 55 1000 2.95454545454545
264.035 21.255 0 0 "KDE LDA" 55 1000 2.96464646464646
264.05 21.295 0 0 "KDE LDA" 55 1000 2.97474747474747
264.14 21.3 0 0 "KDE LDA" 55 1000 2.98484848484848
264.16 21.305 0 0 "KDE LDA" 55 1000 2.99494949494949
264.165 21.385 0 0 "KDE LDA" 55 1000 3.00505050505051
264.17 21.42 0 0 "KDE LDA" 55 1000 3.01515151515152
268.335 21.45 0 0 "KDE LDA" 55 1000 3.02525252525253
268.875 21.45 0 0 "KDE LDA" 55 1000 3.03535353535354
273.43 21.455 0 0 "KDE LDA" 55 1000 3.04545454545455
273.745 21.735 0 0 "KDE LDA" 55 1000 3.05555555555556
275.615 21.75 0 0 "KDE LDA" 55 1000 3.06565656565657
279.425 21.775 0 0 "KDE LDA" 55 1000 3.07575757575758
279.585 21.98 0 0 "KDE LDA" 55 1000 3.08585858585859
282.035 22.195 0 0 "KDE LDA" 55 1000 3.0959595959596
282.06 22.24 0 0 "KDE LDA" 55 1000 3.10606060606061
285.205 22.345 0 0 "KDE LDA" 55 1000 3.11616161616162
285.205 22.38 0 0 "KDE LDA" 55 1000 3.12626262626263
285.59 22.41 0 0 "KDE LDA" 55 1000 3.13636363636364
285.66 22.415 0 0 "KDE LDA" 55 1000 3.14646464646465
291.69 22.595 0 0 "KDE LDA" 55 1000 3.15656565656566
296.79 22.595 0 0 "KDE LDA" 55 1000 3.16666666666667
299.455 22.615 0 0 "KDE LDA" 55 1000 3.17676767676768
307.6 23.11 0 0 "KDE LDA" 55 1000 3.18686868686869
308.265 23.135 0 0 "KDE LDA" 55 1000 3.1969696969697
319.855 23.34 0 0 "KDE LDA" 55 1000 3.20707070707071
326.475 23.375 0 0 "KDE LDA" 55 1000 3.21717171717172
364.42 23.765 0 0 "KDE LDA" 55 1000 3.22727272727273
364.445 23.78 0 0 "KDE LDA" 55 1000 3.23737373737374
368.495 23.84 0 0 "KDE LDA" 55 1000 3.24747474747475
372.21 23.87 0 0 "KDE LDA" 55 1000 3.25757575757576
374.73 24.15 0 0 "KDE LDA" 55 1000 3.26767676767677
382.615 24.2 0 0 "KDE LDA" 55 1000 3.27777777777778
382.65 24.205 0 0 "KDE LDA" 55 1000 3.28787878787879
388 24.23 0 0 "KDE LDA" 55 1000 3.2979797979798
397.965 24.27 0 0 "KDE LDA" 55 1000 3.30808080808081
398.075 24.28 0 0 "KDE LDA" 55 1000 3.31818181818182
405.23 24.35 0 0 "KDE LDA" 55 1000 3.32828282828283
405.615 24.46 0 0 "KDE LDA" 55 1000 3.33838383838384
413.515 24.505 0 0 "KDE LDA" 55 1000 3.34848484848485
479.925 25.28 0 0 "KDE LDA" 55 1000 3.35858585858586
480.02 25.32 0 0 "KDE LDA" 55 1000 3.36868686868687
480.53 25.335 0 0 "KDE LDA" 55 1000 3.37878787878788
481.62 25.44 0 0 "KDE LDA" 55 1000 3.38888888888889
481.73 25.54 0 0 "KDE LDA" 55 1000 3.3989898989899
491.67 25.685 0 0 "KDE LDA" 55 1000 3.40909090909091
491.695 25.8 0 0 "KDE LDA" 55 1000 3.41919191919192
495.05 25.92 0 0 "KDE LDA" 55 1000 3.42929292929293
496.31 26.02 0 0 "KDE LDA" 55 1000 3.43939393939394
496.315 26.045 0 0 "KDE LDA" 55 1000 3.44949494949495
498.15 26.26 0 0 "KDE LDA" 55 1000 3.45959595959596
502.41 26.295 0 0 "KDE LDA" 55 1000 3.46969696969697
507.055 26.325 0 0 "KDE LDA" 55 1000 3.47979797979798
511.67 26.405 0 0 "KDE LDA" 55 1000 3.48989898989899
523.88 26.445 0 0 "KDE LDA" 55 1000 3.5
105.905 14.45 0 0 "KDE QDA" 55 1000 3.5
106.085 14.46 0 0 "KDE QDA" 55 1000 3.51010101010101
109.78 14.545 0 0 "KDE QDA" 55 1000 3.52020202020202
109.93 14.57 0 0 "KDE QDA" 55 1000 3.53030303030303
110.65 14.57 0 0 "KDE QDA" 55 1000 3.54040404040404
112.075 14.625 0 0 "KDE QDA" 55 1000 3.55050505050505
113.36 14.64 0 0 "KDE QDA" 55 1000 3.56060606060606
113.715 14.655 0 0 "KDE QDA" 55 1000 3.57070707070707
113.735 14.665 0 0 "KDE QDA" 55 1000 3.58080808080808
114.295 14.69 0 0 "KDE QDA" 55 1000 3.59090909090909
114.3 14.705 0 0 "KDE QDA" 55 1000 3.6010101010101
114.335 14.705 0 0 "KDE QDA" 55 1000 3.61111111111111
114.335 14.725 0 0 "KDE QDA" 55 1000 3.62121212121212
115.02 14.73 0 0 "KDE QDA" 55 1000 3.63131313131313
115.2 14.74 0 0 "KDE QDA" 55 1000 3.64141414141414
117.83 14.915 0 0 "KDE QDA" 55 1000 3.65151515151515
117.875 14.955 0 0 "KDE QDA" 55 1000 3.66161616161616
119.74 15.05 0 0 "KDE QDA" 55 1000 3.67171717171717
120.84 15.095 0 0 "KDE QDA" 55 1000 3.68181818181818
120.855 15.115 0 0 "KDE QDA" 55 1000 3.69191919191919
122.665 15.135 0 0 "KDE QDA" 55 1000 3.7020202020202
123.01 15.14 0 0 "KDE QDA" 55 1000 3.71212121212121
123.37 15.14 0 0 "KDE QDA" 55 1000 3.72222222222222
123.39 15.155 0 0 "KDE QDA" 55 1000 3.73232323232323
123.395 15.22 0 0 "KDE QDA" 55 1000 3.74242424242424
123.775 15.26 0 0 "KDE QDA" 55 1000 3.75252525252525
123.8 15.27 0 0 "KDE QDA" 55 1000 3.76262626262626
123.855 15.28 0 0 "KDE QDA" 55 1000 3.77272727272727
126.43 15.295 0 0 "KDE QDA" 55 1000 3.78282828282828
128.31 15.71 0 0 "KDE QDA" 55 1000 3.79292929292929
129.59 15.72 0 0 "KDE QDA" 55 1000 3.8030303030303
134.41 15.785 0 0 "KDE QDA" 55 1000 3.81313131313131
134.54 15.835 0 0 "KDE QDA" 55 1000 3.82323232323232
134.69 15.84 0 0 "KDE QDA" 55 1000 3.83333333333333
134.71 15.855 0 0 "KDE QDA" 55 1000 3.84343434343434
134.715 15.86 0 0 "KDE QDA" 55 1000 3.85353535353535
134.74 16.045 0 0 "KDE QDA" 55 1000 3.86363636363636
135.715 16.055 0 0 "KDE QDA" 55 1000 3.87373737373737
139.535 16.065 0 0 "KDE QDA" 55 1000 3.88383838383838
139.605 16.085 0 0 "KDE QDA" 55 1000 3.89393939393939
140.205 16.155 0 0 "KDE QDA" 55 1000 3.9040404040404
142.045 16.18 0 0 "KDE QDA" 55 1000 3.91414141414141
148.885 16.655 0 0 "KDE QDA" 55 1000 3.92424242424242
148.93 16.66 0 0 "KDE QDA" 55 1000 3.93434343434343
155.22 16.685 0 0 "KDE QDA" 55 1000 3.94444444444444
156.525 16.7 0 0 "KDE QDA" 55 1000 3.95454545454545
156.53 16.71 0 0 "KDE QDA" 55 1000 3.96464646464646
157.475 16.72 0 0 "KDE QDA" 55 1000 3.97474747474747
158.2 16.78 0 0 "KDE QDA" 55 1000 3.98484848484848
158.435 16.785 0 0 "KDE QDA" 55 1000 3.99494949494949
158.88 16.825 0 0 "KDE QDA" 55 1000 4.00505050505051
158.95 16.855 0 0 "KDE QDA" 55 1000 4.01515151515152
158.95 16.865 0 0 "KDE QDA" 55 1000 4.02525252525253
160.06 16.93 0 0 "KDE QDA" 55 1000 4.03535353535354
161.87 16.935 0 0 "KDE QDA" 55 1000 4.04545454545455
162.96 16.955 0 0 "KDE QDA" 55 1000 4.05555555555556
164.285 17.005 0 0 "KDE QDA" 55 1000 4.06565656565657
165.875 17.015 0 0 "KDE QDA" 55 1000 4.07575757575758
165.995 17.07 0 0 "KDE QDA" 55 1000 4.08585858585859
170.69 17.07 0 0 "KDE QDA" 55 1000 4.0959595959596
172.055 17.08 0 0 "KDE QDA" 55 1000 4.10606060606061
173.695 17.105 0 0 "KDE QDA" 55 1000 4.11616161616162
173.715 17.105 0 0 "KDE QDA" 55 1000 4.12626262626263
174.555 17.115 0 0 "KDE QDA" 55 1000 4.13636363636364
174.565 17.245 0 0 "KDE QDA" 55 1000 4.14646464646465
176.73 17.27 0 0 "KDE QDA" 55 1000 4.15656565656566
176.75 17.27 0 0 "KDE QDA" 55 1000 4.16666666666667
177.06 17.315 0 0 "KDE QDA" 55 1000 4.17676767676768
180.295 17.315 0 0 "KDE QDA" 55 1000 4.18686868686869
180.3 17.33 0 0 "KDE QDA" 55 1000 4.1969696969697
180.35 17.365 0 0 "KDE QDA" 55 1000 4.20707070707071
184.81 17.655 0 0 "KDE QDA" 55 1000 4.21717171717172
186.4 17.665 0 0 "KDE QDA" 55 1000 4.22727272727273
187.015 17.675 0 0 "KDE QDA" 55 1000 4.23737373737374
187.815 17.71 0 0 "KDE QDA" 55 1000 4.24747474747475
187.825 17.835 0 0 "KDE QDA" 55 1000 4.25757575757576
188.25 17.87 0 0 "KDE QDA" 55 1000 4.26767676767677
188.37 17.875 0 0 "KDE QDA" 55 1000 4.27777777777778
190.64 17.88 0 0 "KDE QDA" 55 1000 4.28787878787879
190.665 17.88 0 0 "KDE QDA" 55 1000 4.2979797979798
195.735 17.9 0 0 "KDE QDA" 55 1000 4.30808080808081
195.765 17.9 0 0 "KDE QDA" 55 1000 4.31818181818182
196.645 17.93 0 0 "KDE QDA" 55 1000 4.32828282828283
198.085 17.955 0 0 "KDE QDA" 55 1000 4.33838383838384
202.67 18.305 0 0 "KDE QDA" 55 1000 4.34848484848485
206.52 18.39 0 0 "KDE QDA" 55 1000 4.35858585858586
208.34 18.44 0 0 "KDE QDA" 55 1000 4.36868686868687
209.205 18.525 0 0 "KDE QDA" 55 1000 4.37878787878788
210.165 18.535 0 0 "KDE QDA" 55 1000 4.38888888888889
210.275 18.54 0 0 "KDE QDA" 55 1000 4.3989898989899
210.355 18.545 0 0 "KDE QDA" 55 1000 4.40909090909091
211.02 18.565 0 0 "KDE QDA" 55 1000 4.41919191919192
211.715 18.565 0 0 "KDE QDA" 55 1000 4.42929292929293
211.735 18.6 0 0 "KDE QDA" 55 1000 4.43939393939394
213.16 18.67 0 0 "KDE QDA" 55 1000 4.44949494949495
213.22 18.68 0 0 "KDE QDA" 55 1000 4.45959595959596
214.37 18.685 0 0 "KDE QDA" 55 1000 4.46969696969697
223.99 19.11 0 0 "KDE QDA" 55 1000 4.47979797979798
224.73 19.125 0 0 "KDE QDA" 55 1000 4.48989898989899
225.425 19.13 0 0 "KDE QDA" 55 1000 4.5
