52.471 13.608 0 0 48.3886000584395 10.2625365117819 "LDA" 4 1000 1.5
56.483 14.055 0 0 52.7377756829389 10.6026596376283 "LDA" 4 1000 1.53535353535354
60.958 14.329 0 0 56.8211305490913 10.61788578289 "LDA" 4 1000 1.57070707070707
64.49 14.835 0 0 58.7795452086432 10.8081724445714 "LDA" 4 1000 1.60606060606061
69.253 15.323 0 0 63.9538981774535 11.1130630867988 "LDA" 4 1000 1.64141414141414
73.582 15.812 0 0 67.8798862326312 11.3361882996519 "LDA" 4 1000 1.67676767676768
76.752 16.332 0 0 69.783022048104 11.7382094699985 "LDA" 4 1000 1.71212121212121
81.009 16.747 0 0 74.9267304367002 12.0419267145669 "LDA" 4 1000 1.74747474747475
85.287 17.22 0 0 78.0373914573358 12.3471475269413 "LDA" 4 1000 1.78282828282828
90.895 17.675 0 0 84.4798722999971 12.5271027497703 "LDA" 4 1000 1.81818181818182
96.627 18.246 0 0 93.2119753215398 13.0505095609252 "LDA" 4 1000 1.85353535353535
101.861 18.59 0 0 96.5807720228231 13.1979576482911 "LDA" 4 1000 1.88888888888889
106.771 18.966 0 0 103.201245419113 13.3867116219051 "LDA" 4 1000 1.92424242424242
113.303 19.447 0 0 108.476515178841 13.8214407072209 "LDA" 4 1000 1.95959595959596
118.573 19.904 0 0 112.683193836407 13.9513233574247 "LDA" 4 1000 1.99494949494949
124.182 20.309 0 0 116.964728117598 14.0638298592635 "LDA" 4 1000 2.03030303030303
131.737 20.704 0 0 123.505374006188 14.2809779192579 "LDA" 4 1000 2.06565656565657
139.12 21.277 0 0 129.090983736596 14.600186178143 "LDA" 4 1000 2.1010101010101
146.374 21.984 0 0 135.988841781556 15.1321090639978 "LDA" 4 1000 2.13636363636364
152.986 22.511 0 0 140.105865178648 15.639516407916 "LDA" 4 1000 2.17171717171717
162.67 22.916 0 0 152.452316508503 15.8481578774351 "LDA" 4 1000 2.20707070707071
171.022 23.484 0 0 160.588717699134 16.3932450260003 "LDA" 4 1000 2.24242424242424
180.051 23.945 0 0 165.218072287539 16.8189432442069 "LDA" 4 1000 2.27777777777778
191.078 24.41 0 0 179.914154582176 17.2245924940646 "LDA" 4 1000 2.31313131313131
199.933 25.052 0 0 187.005367619538 17.647967212876 "LDA" 4 1000 2.34848484848485
209.011 25.54 0 0 197.677168995669 17.8972263412717 "LDA" 4 1000 2.38383838383838
222.712 26.312 0 0 211.176301905509 18.9388314141959 "LDA" 4 1000 2.41919191919192
235.298 26.754 0 0 219.223452481978 19.1560026215397 "LDA" 4 1000 2.45454545454545
245.677 27.647 0 0 228.119690654411 19.9388050531356 "LDA" 4 1000 2.48989898989899
260.221 28.2 0 0 247.989388675999 20.7386617719681 "LDA" 4 1000 2.52525252525253
273.904 28.798 0 0 262.500280344957 21.6155598684935 "LDA" 4 1000 2.56060606060606
290.909 29.252 0 0 292.912725199134 21.7705409315536 "LDA" 4 1000 2.5959595959596
302.598 29.811 0 0 300.697894272008 22.3627227852596 "LDA" 4 1000 2.63131313131313
320.028 30.376 0 0 314.970966798411 22.7974636384916 "LDA" 4 1000 2.66666666666667
335.052 30.931 0 0 333.201915980105 23.2095868968822 "LDA" 4 1000 2.7020202020202
357.259 31.448 0 0 347.97499697179 23.445703167041 "LDA" 4 1000 2.73737373737374
374.251 31.954 0 0 360.9660350746 23.6485335092292 "LDA" 4 1000 2.77272727272727
398.661 32.442 0 0 380.026644236071 24.0391871434647 "LDA" 4 1000 2.80808080808081
419.229 33.23 0 0 401.690604695829 24.5970346609935 "LDA" 4 1000 2.84343434343434
445.137 33.965 0 0 437.726753742494 25.4855898556476 "LDA" 4 1000 2.87878787878788
461.895 34.584 0 0 449.394654541563 26.161868958226 "LDA" 4 1000 2.91414141414141
483.937 35.024 0 0 470.530513351679 26.2550709911962 "LDA" 4 1000 2.94949494949495
507.597 35.619 0 0 492.777562717011 26.4995861678455 "LDA" 4 1000 2.98484848484848
531.121 36.217 0 0 529.639927509069 26.9001027233452 "LDA" 4 1000 3.02020202020202
558.648 36.604 0 0 546.989432745767 27.0810739921549 "LDA" 4 1000 3.05555555555556
584.334 37.726 0 0 560.406104040138 28.1071687819484 "LDA" 4 1000 3.09090909090909
609.158 38.306 0 0 578.064949743644 28.2527623885273 "LDA" 4 1000 3.12626262626263
647.008 38.689 0 0 624.042257122604 28.2330902734077 "LDA" 4 1000 3.16161616161616
677.995 39.547 0 0 660.296846047215 28.7732113030278 "LDA" 4 1000 3.1969696969697
716.411 40.293 0 0 698.28286176451 29.2378179931574 "LDA" 4 1000 3.23232323232323
743.031 41.063 0 0 715.039525874313 29.7938030755005 "LDA" 4 1000 3.26767676767677
774.98 41.734 0 0 756.004390356457 30.3706374582362 "LDA" 4 1000 3.3030303030303
817.64 42.075 0 0 801.253322793289 30.4114161003599 "LDA" 4 1000 3.33838383838384
860.067 42.942 0 0 834.250848959706 31.1801352921509 "LDA" 4 1000 3.37373737373737
898.234 43.32 0 0 868.233450500825 31.1919306317601 "LDA" 4 1000 3.40909090909091
940.474 43.761 0 0 898.177215049254 31.3771956587488 "LDA" 4 1000 3.44444444444444
985.292 44.203 0 0 968.362159529175 31.5273812227842 "LDA" 4 1000 3.47979797979798
1027.996 44.981 0 0 1022.92845331656 32.1761704518258 "LDA" 4 1000 3.51515151515152
1075.544 45.576 0 0 1062.31331048502 32.4384721970453 "LDA" 4 1000 3.55050505050505
1139.146 46.326 0 0 1123.3572745348 32.9208673565492 "LDA" 4 1000 3.58585858585859
1179.764 46.637 0 0 1168.58304995779 32.9031890680957 "LDA" 4 1000 3.62121212121212
1244.387 47.239 0 0 1234.58643232861 32.9376497001193 "LDA" 4 1000 3.65656565656566
1289.384 47.753 0 0 1270.10582131622 33.3481647334766 "LDA" 4 1000 3.69191919191919
1380.581 48.622 0 0 1372.41707292683 33.8626607902539 "LDA" 4 1000 3.72727272727273
1416.356 49.008 0 0 1396.98521859215 34.0252796558038 "LDA" 4 1000 3.76262626262626
1461.841 49.503 0 0 1438.5592801555 34.2038286291592 "LDA" 4 1000 3.7979797979798
1520.707 50.166 0 0 1460.93487392726 34.549038772158 "LDA" 4 1000 3.83333333333333
1570.35270541082 51.198 2 0 1508.87118290047 35.6458893201646 "LDA" 4 1000 3.86868686868687
1628.82665330661 51.736 2 0 1540.1351348866 35.9305066107522 "LDA" 4 1000 3.9040404040404
1699.78592964824 52.178 5 0 1585.49452878522 36.0374945996113 "LDA" 4 1000 3.93939393939394
1776.65728643216 52.549 5 0 1656.90393142223 36.0558958649848 "LDA" 4 1000 3.97474747474747
1860.94259818731 53.136 7 0 1742.71017144601 36.3561999840093 "LDA" 4 1000 4.01010101010101
1957.47935548842 53.889 7 0 1825.74490592715 36.614741816901 "LDA" 4 1000 4.04545454545454
2010.04439959637 54.553 9 0 1870.03568432609 36.9939149150335 "LDA" 4 1000 4.08080808080808
2115.94343434343 55.256 10 0 1962.58932852215 37.3728403147686 "LDA" 4 1000 4.11616161616162
2179.57489878542 55.781 12 0 2023.8955844698 37.6766581528878 "LDA" 4 1000 4.15151515151515
2262.65076142132 56.602 15 0 2068.34466280855 38.1650909886269 "LDA" 4 1000 4.18686868686869
2338.82772680938 57.112 19 0 2102.52005399105 38.364244698303 "LDA" 4 1000 4.22222222222222
2455.1717791411 57.7 22 0 2173.58991271119 38.3973482985005 "LDA" 4 1000 4.25757575757576
2508.57628865979 58.222 30 0 2210.95883380091 38.4766314425674 "LDA" 4 1000 4.29292929292929
2569.6282450675 58.663 37 0 2241.01816612587 38.5732203001554 "LDA" 4 1000 4.32828282828283
2637.10960334029 59.174 42 0 2288.51468841531 38.9018132620457 "LDA" 4 1000 4.36363636363636
2722.68664563617 59.487 49 0 2285.57798255436 38.8404996803004 "LDA" 4 1000 4.3989898989899
2792.17142857143 59.903 55 0 2327.27295498869 38.7954982141186 "LDA" 4 1000 4.43434343434343
2861.21535181237 60.623 62 0 2357.66314908328 39.3673043991541 "LDA" 4 1000 4.46969696969697
2930.28293736501 61.131 74 0 2384.10457639996 39.7627830756088 "LDA" 4 1000 4.50505050505051
3008.74618736383 61.731 82 0 2440.4795097646 40.5202483892872 "LDA" 4 1000 4.54040404040404
3073.45303867403 62.36 95 0 2476.69800970053 40.6780666343068 "LDA" 4 1000 4.57575757575758
3125.70022371365 63.147 106 0 2500.50737285049 41.2413171132693 "LDA" 4 1000 4.61111111111111
3193.67716535433 63.651 111 0 2528.17133159952 41.2627654770595 "LDA" 4 1000 4.64646464646465
3252.4425483504 64.774 121 0 2550.3198095155 42.8662389117408 "LDA" 4 1000 4.68181818181818
3373.87771428571 65.192 125 0 2607.01897803762 42.8914071675063 "LDA" 4 1000 4.71717171717172
3445.97228637413 65.876 134 0 2650.83858676908 43.1979940586446 "LDA" 4 1000 4.75252525252525
3505.83568075117 66.541 148 0 2646.11298524161 43.3328519146277 "LDA" 4 1000 4.78787878787879
3572.38489208633 67.312 166 0 2663.18019270854 43.6563917031233 "LDA" 4 1000 4.82323232323232
3651.06968215159 67.935 182 0 2687.02870281067 43.7767195684667 "LDA" 4 1000 4.85858585858586
3739.09034653465 68.515 192 0 2720.60991968235 43.9134850492325 "LDA" 4 1000 4.89393939393939
3801.39371069182 69.206 205 0 2726.59506982087 44.4012278324939 "LDA" 4 1000 4.92929292929293
3837.76025641026 69.833 220 0 2734.74254283079 44.5225489877699 "LDA" 4 1000 4.96464646464646
3897.81616688396 70.747 233 0 2761.517707895 45.0792094665171 "LDA" 4 1000 5
31.15 11.568 0 0 27.6035768960738 7.76412632932113 "uLSIF" 4 1000 1.5
32.633 11.9 0 0 28.6418691371158 7.89520958140658 "uLSIF" 4 1000 1.53535353535354
33.983 12.23 0 0 29.7906729564002 7.99956830667087 "uLSIF" 4 1000 1.57070707070707
35.424 12.639 0 0 31.6630822058557 8.19779744095223 "uLSIF" 4 1000 1.60606060606061
36.175 13.054 0 0 32.2795034246399 8.43980534812944 "uLSIF" 4 1000 1.64141414141414
37.47 13.419 0 0 33.4466108264466 8.6703294985608 "uLSIF" 4 1000 1.67676767676768
39.144 13.727 0 0 35.5322361216375 8.76488986207438 "uLSIF" 4 1000 1.71212121212121
40.393 14.052 0 0 36.6910995718006 8.97807896500704 "uLSIF" 4 1000 1.74747474747475
42.317 14.383 0 0 38.5552203471335 9.18927384257068 "uLSIF" 4 1000 1.78282828282828
43.639 14.648 0 0 39.7567513546854 9.36823675297864 "uLSIF" 4 1000 1.81818181818182
45.243 15.006 0 0 41.6532705312073 9.67810051764444 "uLSIF" 4 1000 1.85353535353535
46.918 15.295 0 0 42.5217753319094 9.79581200988121 "uLSIF" 4 1000 1.88888888888889
48.672 15.657 0 0 43.8214186526718 10.1077949384877 "uLSIF" 4 1000 1.92424242424242
50.966 16.004 0 0 46.254148898129 10.3216529936111 "uLSIF" 4 1000 1.95959595959596
52.569 16.371 0 0 46.9763133186611 10.5930907941248 "uLSIF" 4 1000 1.99494949494949
54.202 16.796 0 0 47.9529632315114 11.0197013488487 "uLSIF" 4 1000 2.03030303030303
56.406 17.412 0 0 49.5606438761788 11.4988033498481 "uLSIF" 4 1000 2.06565656565657
58.506 17.815 0 0 51.9891030008292 11.6594475734366 "uLSIF" 4 1000 2.1010101010101
60.806 18.196 0 0 54.5692602860637 11.9052643531893 "uLSIF" 4 1000 2.13636363636364
63.006 18.716 0 0 56.8600829495793 12.1551261240306 "uLSIF" 4 1000 2.17171717171717
65.419 19.009 0 0 59.6755948073885 12.2639848468727 "uLSIF" 4 1000 2.20707070707071
68.692 19.408 0 0 64.756192757917 12.4639835881987 "uLSIF" 4 1000 2.24242424242424
71.587 19.682 0 0 67.3282669205626 12.5373067307161 "uLSIF" 4 1000 2.27777777777778
74.082 20 0 0 69.0648190124699 12.7106081506574 "uLSIF" 4 1000 2.31313131313131
76.187 20.392 0 0 71.1136638360321 13.0075952248497 "uLSIF" 4 1000 2.34848484848485
79.175 20.792 0 0 72.8019677035003 13.4041936873655 "uLSIF" 4 1000 2.38383838383838
81.609 21.112 0 0 74.7698512078876 13.6253846590512 "uLSIF" 4 1000 2.41919191919192
83.704 21.561 0 0 75.6382676396778 14.0285094745692 "uLSIF" 4 1000 2.45454545454545
87.036 22.026 0 0 80.4303409401188 14.3810339731932 "uLSIF" 4 1000 2.48989898989899
90.538 22.407 0 0 83.8177425726198 14.5858183554128 "uLSIF" 4 1000 2.52525252525253
92.781 22.781 0 0 85.3086079923802 14.7890417118471 "uLSIF" 4 1000 2.56060606060606
95.6 23.268 0 0 88.3972968030249 15.4373082655781 "uLSIF" 4 1000 2.5959595959596
99.831 23.578 0 0 91.2042469057974 15.709446288864 "uLSIF" 4 1000 2.63131313131313
103.093 24.076 0 0 94.0582974240673 16.0785803087444 "uLSIF" 4 1000 2.66666666666667
108.622 24.487 0 0 100.458643505948 16.3245925928742 "uLSIF" 4 1000 2.7020202020202
112.027 24.818 0 0 103.944190148683 16.332165062098 "uLSIF" 4 1000 2.73737373737374
115.757 25.397 0 0 106.495348303155 17.4797291721563 "uLSIF" 4 1000 2.77272727272727
118.866 25.76 0 0 108.85972847883 17.5596908498624 "uLSIF" 4 1000 2.80808080808081
122.083 26.038 0 0 111.391571463882 17.7794450044051 "uLSIF" 4 1000 2.84343434343434
126.497 26.576 0 0 117.631293081867 18.1745023738351 "uLSIF" 4 1000 2.87878787878788
129.345 26.91 0 0 118.526311262358 18.4221952350223 "uLSIF" 4 1000 2.91414141414141
132.47 27.251 0 0 120.600753072448 18.5565714868169 "uLSIF" 4 1000 2.94949494949495
136.108 27.647 0 0 122.21399509302 18.6444631729371 "uLSIF" 4 1000 2.98484848484848
141.499 28.136 0 0 130.418031199148 18.7892133560333 "uLSIF" 4 1000 3.02020202020202
146.245 28.403 0 0 133.898236406282 18.8003735347212 "uLSIF" 4 1000 3.05555555555556
150.726 28.655 0 0 136.376895336349 18.9464757657973 "uLSIF" 4 1000 3.09090909090909
155.736 29.119 0 0 144.540999043193 19.0804848969806 "uLSIF" 4 1000 3.12626262626263
159.859 29.558 0 0 147.919793754536 19.398838907289 "uLSIF" 4 1000 3.16161616161616
164.701 30.214 0 0 152.318404979489 20.0484948598678 "uLSIF" 4 1000 3.1969696969697
170.24 30.721 0 0 156.159726755205 20.3425410894996 "uLSIF" 4 1000 3.23232323232323
174.265 31.192 0 0 159.072073915253 20.7044877215499 "uLSIF" 4 1000 3.26767676767677
180.156 31.841 0 0 164.099629348614 21.6828472499546 "uLSIF" 4 1000 3.3030303030303
185.086 32.331 0 0 168.062284690931 21.8897373122566 "uLSIF" 4 1000 3.33838383838384
190.236 32.714 0 0 172.546644849005 22.1997980854564 "uLSIF" 4 1000 3.37373737373737
194.993 33.124 0 0 177.675342910823 22.3574255780597 "uLSIF" 4 1000 3.40909090909091
201.593 33.49 0 0 182.889031242305 22.4820671501387 "uLSIF" 4 1000 3.44444444444444
208.666 34.205 0 0 189.956805700749 22.8697617171889 "uLSIF" 4 1000 3.47979797979798
211.8 34.502 0 0 191.840211287067 22.8990909069414 "uLSIF" 4 1000 3.51515151515152
218.187 35.05 0 0 195.884784707439 23.1081259622126 "uLSIF" 4 1000 3.55050505050505
223.912 35.574 0 0 201.90255793055 23.3991890040242 "uLSIF" 4 1000 3.58585858585859
231.208 35.955 0 0 209.701080777566 23.3978296735709 "uLSIF" 4 1000 3.62121212121212
239.649 36.566 0 0 214.647756704929 23.8136249389448 "uLSIF" 4 1000 3.65656565656566
244.292 36.964 0 0 218.569951181674 23.9669171383621 "uLSIF" 4 1000 3.69191919191919
250.839 37.191 0 0 224.095796491155 24.0346038282552 "uLSIF" 4 1000 3.72727272727273
256.349 37.619 0 0 232.341131960315 24.3058143581245 "uLSIF" 4 1000 3.76262626262626
264.469 38.172 0 0 241.764230154053 24.5533966140183 "uLSIF" 4 1000 3.7979797979798
273.861 38.688 0 0 253.880844417538 24.8195621771752 "uLSIF" 4 1000 3.83333333333333
285.577 39.422 0 0 269.197476496999 25.5931421463822 "uLSIF" 4 1000 3.86868686868687
292.014 39.818 0 0 273.752150756928 26.0279528647631 "uLSIF" 4 1000 3.9040404040404
304.363 40.311 0 0 284.200343184286 26.085412163271 "uLSIF" 4 1000 3.93939393939394
310.082 40.628 0 0 286.429413791749 26.2266553996779 "uLSIF" 4 1000 3.97474747474747
322.214 41.058 0 0 296.875973341642 26.3633393495904 "uLSIF" 4 1000 4.01010101010101
328.713 41.478 0 0 300.803446363808 26.5660548684081 "uLSIF" 4 1000 4.04545454545454
336.339 41.971 0 0 306.018230235122 26.7326166282276 "uLSIF" 4 1000 4.08080808080808
343.75 42.491 0 0 312.257961523056 26.8021318792605 "uLSIF" 4 1000 4.11616161616162
351.527 42.961 0 0 323.186990923369 27.0419441931557 "uLSIF" 4 1000 4.15151515151515
360.279 43.369 0 0 329.831007718578 27.4211005569754 "uLSIF" 4 1000 4.18686868686869
367.048 43.843 0 0 332.739160672508 27.5086000020734 "uLSIF" 4 1000 4.22222222222222
376.26 44.156 0 0 342.468259710165 27.6088013124422 "uLSIF" 4 1000 4.25757575757576
388.128 44.613 0 0 351.77070976454 27.8781351855073 "uLSIF" 4 1000 4.29292929292929
399.982 44.973 0 0 367.922851832964 27.8586499201841 "uLSIF" 4 1000 4.32828282828283
416.711 45.538 0 0 394.864109718957 27.9740075981455 "uLSIF" 4 1000 4.36363636363636
423.263 46.059 0 0 397.738325544077 28.274634815926 "uLSIF" 4 1000 4.3989898989899
434.94 46.461 0 0 409.080357801666 28.3879614512095 "uLSIF" 4 1000 4.43434343434343
443.212 46.752 0 0 413.82304983238 28.4415438648716 "uLSIF" 4 1000 4.46969696969697
457.742 47.142 0 0 424.572381512438 28.7075592825298 "uLSIF" 4 1000 4.50505050505051
469.817 47.641 0 0 438.822454595999 28.8977369044394 "uLSIF" 4 1000 4.54040404040404
479.86 48.071 0 0 447.846646765407 29.1826590047341 "uLSIF" 4 1000 4.57575757575758
496.124 48.492 0 0 466.680199958208 29.3333322413322 "uLSIF" 4 1000 4.61111111111111
509.924 49.16 0 0 489.162384144634 30.5222871031974 "uLSIF" 4 1000 4.64646464646465
523.116 49.518 0 0 501.0805646563 30.6021595343886 "uLSIF" 4 1000 4.68181818181818
533.37 49.891 0 0 502.994087591646 30.5842200082577 "uLSIF" 4 1000 4.71717171717172
543.38 50.322 0 0 508.887004730504 30.7795987579387 "uLSIF" 4 1000 4.75252525252525
562.735 50.782 0 0 533.853476442094 30.8671225619632 "uLSIF" 4 1000 4.78787878787879
573.562 51.676 0 0 541.880825445028 32.1033900336343 "uLSIF" 4 1000 4.82323232323232
589.236 52.134 0 0 547.810610310506 32.2557665926339 "uLSIF" 4 1000 4.85858585858586
610.018 52.537 0 0 572.573717820106 32.3483700987862 "uLSIF" 4 1000 4.89393939393939
624.344 53.029 0 0 586.398554678411 32.5471577326881 "uLSIF" 4 1000 4.92929292929293
637.567 53.341 0 0 592.546946152281 32.6127630125279 "uLSIF" 4 1000 4.96464646464646
646.777 53.705 0 0 598.862116940207 32.6434000460517 "uLSIF" 4 1000 5
