35.258 10.19 0 0 32.1284869808037 6.96910815445337 "LDA" 36 5000 1.5
37.184 10.488 0 0 34.4016222817415 7.07898071532675 "LDA" 36 5000 1.53535353535354
40.533 10.751 0 0 38.0472141095968 7.19532985844094 "LDA" 36 5000 1.57070707070707
43.366 11.083 0 0 40.4720648352914 7.35228992676208 "LDA" 36 5000 1.60606060606061
45.7 11.342 0 0 42.4873531203719 7.47093373353364 "LDA" 36 5000 1.64141414141414
47.792 11.714 0 0 45.1343976347292 7.58325192181492 "LDA" 36 5000 1.67676767676768
49.635 11.989 0 0 46.673463415384 7.70144085163232 "LDA" 36 5000 1.71212121212121
52.615 12.289 0 0 48.935768967949 7.87600853926089 "LDA" 36 5000 1.74747474747475
54.663 12.48 0 0 51.0701830287947 8.04812850123384 "LDA" 36 5000 1.78282828282828
56.927 12.72 0 0 52.9948499868159 8.21042087904213 "LDA" 36 5000 1.81818181818182
59.405 12.988 0 0 54.9931743421329 8.26378521902319 "LDA" 36 5000 1.85353535353535
62.251 13.343 0 0 57.9399779085222 8.49608936714619 "LDA" 36 5000 1.88888888888889
65.334 13.6 0 0 60.7371339745583 8.62591481562428 "LDA" 36 5000 1.92424242424242
69.293 13.875 0 0 65.1317379953452 8.82197269334939 "LDA" 36 5000 1.95959595959596
72.296 14.089 0 0 67.2213291380875 8.90035366124826 "LDA" 36 5000 1.99494949494949
75.564 14.461 0 0 69.2213514712007 9.14593500562557 "LDA" 36 5000 2.03030303030303
79.188 14.771 0 0 72.2372263647551 9.34247509179665 "LDA" 36 5000 2.06565656565657
83.729 15.056 0 0 76.7181023372335 9.41506810955224 "LDA" 36 5000 2.1010101010101
87.736 15.344 0 0 80.2039711048087 9.55850558555201 "LDA" 36 5000 2.13636363636364
92.292 15.589 0 0 88.7944209124942 9.68017483234599 "LDA" 36 5000 2.17171717171717
97.773 15.846 0 0 94.7027353305018 9.79317058925199 "LDA" 36 5000 2.20707070707071
102.987 16.215 0 0 102.461295854328 10.0658877947798 "LDA" 36 5000 2.24242424242424
109.806 16.539 0 0 108.853339009024 10.25493260059 "LDA" 36 5000 2.27777777777778
113.396 16.894 0 0 111.917499573171 10.4368429944927 "LDA" 36 5000 2.31313131313131
119.185 17.242 0 0 118.007629310886 10.6502048272727 "LDA" 36 5000 2.34848484848485
122.823 17.556 0 0 120.990017171894 10.7643269522407 "LDA" 36 5000 2.38383838383838
127.72 17.879 0 0 124.490865430262 10.8572666559885 "LDA" 36 5000 2.41919191919192
134.389 18.215 0 0 138.014664897346 11.0848386839254 "LDA" 36 5000 2.45454545454545
141.123 18.544 0 0 145.529655918482 11.1981007970754 "LDA" 36 5000 2.48989898989899
146.787 18.854 0 0 149.825375935701 11.3244393647954 "LDA" 36 5000 2.52525252525253
155.335 19.139 0 0 156.492244528595 11.4528095175745 "LDA" 36 5000 2.56060606060606
162.796 19.427 0 0 162.723112049872 11.5705898531384 "LDA" 36 5000 2.5959595959596
169.684 19.867 0 0 165.912106161579 12.218043689216 "LDA" 36 5000 2.63131313131313
177.749 20.14 0 0 171.746414314331 12.3430446305096 "LDA" 36 5000 2.66666666666667
183.392 20.447 0 0 176.351967248319 12.543545413141 "LDA" 36 5000 2.7020202020202
189.878 20.702 0 0 184.460865570253 12.7168752024589 "LDA" 36 5000 2.73737373737374
197.52 21.056 0 0 191.931094784418 13.0053836546256 "LDA" 36 5000 2.77272727272727
208.515 21.544 0 0 206.48675636843 13.3037985197858 "LDA" 36 5000 2.80808080808081
218.042 21.892 0 0 216.556734033036 13.4274581597796 "LDA" 36 5000 2.84343434343434
230.548 22.175 0 0 233.287206285764 13.4885253202607 "LDA" 36 5000 2.87878787878788
243.98 22.411 0 0 247.678720015161 13.7743897437532 "LDA" 36 5000 2.91414141414141
249.59 22.707 0 0 251.258808579697 13.8930258463435 "LDA" 36 5000 2.94949494949495
258.691 22.957 0 0 263.289792878558 13.9501884847037 "LDA" 36 5000 2.98484848484848
269.11 23.386 0 0 275.472094366698 14.1065232427412 "LDA" 36 5000 3.02020202020202
281.441 23.684 0 0 286.136017200455 14.1810170737238 "LDA" 36 5000 3.05555555555556
289.851 23.966 0 0 292.811836459134 14.2584061572865 "LDA" 36 5000 3.09090909090909
302.539 24.287 0 0 306.308068963441 14.3987483815419 "LDA" 36 5000 3.12626262626263
313.359 24.611 0 0 309.476295855913 14.5414281324818 "LDA" 36 5000 3.16161616161616
324.512 24.971 0 0 319.422830744455 14.6532889781741 "LDA" 36 5000 3.1969696969697
335.852 25.252 0 0 334.817530716172 14.7292038293129 "LDA" 36 5000 3.23232323232323
345.161 25.501 0 0 342.929076385235 14.8318570308301 "LDA" 36 5000 3.26767676767677
359.043 25.989 0 0 367.107020793277 15.5535459555624 "LDA" 36 5000 3.3030303030303
370.014 26.341 0 0 381.608808974697 15.6005800243804 "LDA" 36 5000 3.33838383838384
383.339 26.724 0 0 389.934110702936 15.7012851179244 "LDA" 36 5000 3.37373737373737
404.669 27.051 0 0 413.938123647979 15.879627248823 "LDA" 36 5000 3.40909090909091
422.323 27.263 0 0 430.339076068385 15.9267539848047 "LDA" 36 5000 3.44444444444444
438.932 27.483 0 0 446.59139406089 15.9654190551205 "LDA" 36 5000 3.47979797979798
455.068 27.786 0 0 457.735197343275 16.0306327131896 "LDA" 36 5000 3.51515151515152
467.805 28.086 0 0 469.165174470501 16.1522598883097 "LDA" 36 5000 3.55050505050505
488.69 28.472 0 0 491.956535817071 16.2628932757273 "LDA" 36 5000 3.58585858585859
504.703 28.897 0 0 509.714859533278 16.5645638570949 "LDA" 36 5000 3.62121212121212
527.095 29.151 0 0 533.635106042885 16.7055462129879 "LDA" 36 5000 3.65656565656566
549.854 29.472 0 0 559.314626606113 16.8048689259875 "LDA" 36 5000 3.69191919191919
572.165 29.696 0 0 588.675573389712 16.839689995934 "LDA" 36 5000 3.72727272727273
589.017 30.106 0 0 604.551095224992 17.0436865510737 "LDA" 36 5000 3.76262626262626
613.775 30.602 0 0 623.201690242992 17.1955599874876 "LDA" 36 5000 3.7979797979798
643.017 30.921 0 0 654.957152478376 17.5094071384024 "LDA" 36 5000 3.83333333333333
669.866 31.156 0 0 676.591054847387 17.4939332827612 "LDA" 36 5000 3.86868686868687
702.521 31.458 0 0 704.658265281711 17.5251638328253 "LDA" 36 5000 3.9040404040404
726.594 31.715 0 0 752.486157069072 17.6326596316519 "LDA" 36 5000 3.93939393939394
752.157 32.074 0 0 774.182407932234 17.6654066069986 "LDA" 36 5000 3.97474747474747
772.268 32.422 0 0 794.796976850321 17.7835364922214 "LDA" 36 5000 4.01010101010101
798.665 32.728 0 0 812.353046555035 17.8525272364651 "LDA" 36 5000 4.04545454545454
830.101 33.015 0 0 840.252669944195 17.8802258788159 "LDA" 36 5000 4.08080808080808
858.873 33.313 0 0 874.401864986856 17.9584948851105 "LDA" 36 5000 4.11616161616162
905.345 33.556 0 0 937.79180175476 18.0223102755354 "LDA" 36 5000 4.15151515151515
943.992 33.955 0 0 975.761586972253 18.2822650734589 "LDA" 36 5000 4.18686868686869
983.361 34.301 0 0 1011.73908031945 18.4115557296059 "LDA" 36 5000 4.22222222222222
1014.615 34.605 0 0 1035.37244838844 18.5707255336685 "LDA" 36 5000 4.25757575757576
1046.202 35.054 0 0 1057.78104915145 18.7592908979789 "LDA" 36 5000 4.29292929292929
1066.567 35.345 0 0 1073.41346646154 18.8324888859024 "LDA" 36 5000 4.32828282828283
1118.459 35.669 0 0 1117.88343475189 19.0462121482776 "LDA" 36 5000 4.36363636363636
1168.477 36.019 0 0 1165.91761516685 19.0908643099285 "LDA" 36 5000 4.3989898989899
1232.111 36.437 0 0 1229.9567953377 19.2999616455453 "LDA" 36 5000 4.43434343434343
1274.285 36.652 0 0 1288.06401886385 19.3918782210734 "LDA" 36 5000 4.46969696969697
1340.82 36.927 0 0 1351.41665394969 19.4496261907256 "LDA" 36 5000 4.50505050505051
1380.097 37.228 0 0 1375.94797154958 19.603221732723 "LDA" 36 5000 4.54040404040404
1419.30930930931 37.609 1 0 1400.3411620615 19.8379349394705 "LDA" 36 5000 4.57575757575758
1459.28428428428 37.994 1 0 1428.87998421205 19.9360329406181 "LDA" 36 5000 4.61111111111111
1515.8018018018 38.322 1 0 1469.71787088432 20.1067799162024 "LDA" 36 5000 4.64646464646465
1605.16916916917 38.72 1 0 1565.35479738422 20.398374780695 "LDA" 36 5000 4.68181818181818
1633.71543086172 39.034 2 0 1593.96465303587 20.423612999858 "LDA" 36 5000 4.71717171717172
1682.15631262525 39.289 2 0 1633.39911952536 20.6343222387907 "LDA" 36 5000 4.75252525252525
1732.96489468405 39.614 3 0 1665.91941514659 20.6595212872859 "LDA" 36 5000 4.78787878787879
1810.47236180905 39.956 5 0 1728.38899356261 20.7680373501055 "LDA" 36 5000 4.82323232323232
1862.07552870091 40.334 7 0 1743.90823173152 20.9910234878404 "LDA" 36 5000 4.85858585858586
1900.02831142568 40.544 11 0 1785.19736465652 20.9898699052338 "LDA" 36 5000 4.89393939393939
1957.77553083923 40.86 11 0 1848.9540598821 20.9937404274974 "LDA" 36 5000 4.92929292929293
2012.04655870445 41.063 12 0 1875.03388253298 20.9347867506764 "LDA" 36 5000 4.96464646464646
2070.68597560976 41.6 16 0 1901.4834525742 21.7637694727191 "LDA" 36 5000 5
31.066 9.478 0 0 27.0355426164256 6.37040800091314 "uLSIF" 36 5000 1.5
32.982 9.73 0 0 28.8010273284683 6.49979594659304 "uLSIF" 36 5000 1.53535353535354
34.284 10.037 0 0 30.26118112505 6.77831664770661 "uLSIF" 36 5000 1.57070707070707
36.082 10.293 0 0 32.1694598983283 7.0180056571225 "uLSIF" 36 5000 1.60606060606061
37.312 10.549 0 0 33.041040636856 7.30458458476291 "uLSIF" 36 5000 1.64141414141414
39.224 10.851 0 0 34.9547086335397 7.47573980858655 "uLSIF" 36 5000 1.67676767676768
41.054 11.17 0 0 37.0366683004668 7.62412140690501 "uLSIF" 36 5000 1.71212121212121
43.288 11.566 0 0 40.516992517741 7.78821547598038 "uLSIF" 36 5000 1.74747474747475
45.069 11.791 0 0 42.1846154513797 7.90251660983821 "uLSIF" 36 5000 1.78282828282828
47.402 12.154 0 0 44.27715960699 8.11789284138342 "uLSIF" 36 5000 1.81818181818182
48.988 12.402 0 0 45.8049118102627 8.25121072803734 "uLSIF" 36 5000 1.85353535353535
51.459 12.632 0 0 47.1988140428025 8.34531127161955 "uLSIF" 36 5000 1.88888888888889
53.4 12.963 0 0 49.450534429421 8.67276471765768 "uLSIF" 36 5000 1.92424242424242
55.625 13.151 0 0 50.8942098435136 8.71378959633116 "uLSIF" 36 5000 1.95959595959596
57.562 13.426 0 0 51.8996119997609 8.80204521687999 "uLSIF" 36 5000 1.99494949494949
59.656 13.688 0 0 54.0618937177783 8.94374902636734 "uLSIF" 36 5000 2.03030303030303
61.875 13.884 0 0 56.1754666919471 8.98672939980421 "uLSIF" 36 5000 2.06565656565657
64.429 14.06 0 0 58.5415072155395 9.07186302248324 "uLSIF" 36 5000 2.1010101010101
67.027 14.365 0 0 61.7613530918465 9.21752340586872 "uLSIF" 36 5000 2.13636363636364
69.852 14.626 0 0 63.8686566423727 9.34673662223802 "uLSIF" 36 5000 2.17171717171717
73.237 14.936 0 0 66.710052181527 9.60208852823718 "uLSIF" 36 5000 2.20707070707071
77.365 15.316 0 0 73.3901211668497 9.89919886345042 "uLSIF" 36 5000 2.24242424242424
79.793 15.63 0 0 75.274553531784 10.2177052952951 "uLSIF" 36 5000 2.27777777777778
83.024 15.918 0 0 77.38530810115 10.3089063216982 "uLSIF" 36 5000 2.31313131313131
86.396 16.25 0 0 80.1280205900762 10.5896005420242 "uLSIF" 36 5000 2.34848484848485
90.284 16.556 0 0 82.6671107224342 10.6631405583236 "uLSIF" 36 5000 2.38383838383838
94.651 16.828 0 0 86.1459942848844 10.7113560835755 "uLSIF" 36 5000 2.41919191919192
98.876 17.128 0 0 91.9676066050686 10.9129605840353 "uLSIF" 36 5000 2.45454545454545
102.722 17.444 0 0 96.9031316982735 11.1866887865001 "uLSIF" 36 5000 2.48989898989899
106.543 17.856 0 0 101.268383202441 11.5181566203943 "uLSIF" 36 5000 2.52525252525253
111.231 18.111 0 0 105.321375946344 11.6488787175151 "uLSIF" 36 5000 2.56060606060606
115.627 18.41 0 0 110.749064222802 11.7324997997678 "uLSIF" 36 5000 2.5959595959596
119.187 18.823 0 0 113.978801529926 11.8843135227874 "uLSIF" 36 5000 2.63131313131313
125.548 19.198 0 0 120.04699486858 12.0479853066789 "uLSIF" 36 5000 2.66666666666667
128.336 19.452 0 0 121.191635505577 12.154481783582 "uLSIF" 36 5000 2.7020202020202
133.683 19.791 0 0 126.171049154093 12.4257683351461 "uLSIF" 36 5000 2.73737373737374
137.917 20.054 0 0 130.231702773969 12.5434613413692 "uLSIF" 36 5000 2.77272727272727
142.779 20.462 0 0 135.433135876318 12.9869633562745 "uLSIF" 36 5000 2.80808080808081
149.32 20.924 0 0 145.191439672434 13.2825694295438 "uLSIF" 36 5000 2.84343434343434
156.333 21.371 0 0 149.655467223453 13.6706344126835 "uLSIF" 36 5000 2.87878787878788
163.944 21.785 0 0 157.070468249114 13.8951736531377 "uLSIF" 36 5000 2.91414141414141
171.819 22.073 0 0 165.989592395981 14.0344803123464 "uLSIF" 36 5000 2.94949494949495
179.629 22.354 0 0 176.332885888157 14.1629542565551 "uLSIF" 36 5000 2.98484848484848
185.044 22.668 0 0 179.85081701338 14.2752077938487 "uLSIF" 36 5000 3.02020202020202
191.847 22.994 0 0 186.580266338074 14.4283103702457 "uLSIF" 36 5000 3.05555555555556
197.591 23.546 0 0 191.687657080149 14.9688326181419 "uLSIF" 36 5000 3.09090909090909
206.091 23.796 0 0 197.758517263227 15.1192253430847 "uLSIF" 36 5000 3.12626262626263
213.776 24.346 0 0 203.185482168791 15.666963258326 "uLSIF" 36 5000 3.16161616161616
223 24.667 0 0 213.934129609588 15.8487000190013 "uLSIF" 36 5000 3.1969696969697
230.388 25.181 0 0 221.239481929344 16.4514099057767 "uLSIF" 36 5000 3.23232323232323
240.837 25.524 0 0 230.055858715072 16.7717833493256 "uLSIF" 36 5000 3.26767676767677
253.072 25.773 0 0 249.357004577236 17.0267254743941 "uLSIF" 36 5000 3.3030303030303
267.633 26.128 0 0 267.650789754591 17.2326021998588 "uLSIF" 36 5000 3.33838383838384
278.782 26.349 0 0 278.738590219721 17.2415913265415 "uLSIF" 36 5000 3.37373737373737
288.802 26.697 0 0 289.754089234696 17.5586302568423 "uLSIF" 36 5000 3.40909090909091
297.609 27.021 0 0 295.680762364128 17.672659162726 "uLSIF" 36 5000 3.44444444444444
306.88 27.261 0 0 304.120619082217 17.7418615892654 "uLSIF" 36 5000 3.47979797979798
317.174 27.677 0 0 311.077194189392 17.8354920250543 "uLSIF" 36 5000 3.51515151515152
326.835 28.061 0 0 319.773514969386 18.0955997339057 "uLSIF" 36 5000 3.55050505050505
334.183 28.461 0 0 323.866164956767 18.2409761858353 "uLSIF" 36 5000 3.58585858585859
349.4 28.897 0 0 337.742564744274 18.705407861987 "uLSIF" 36 5000 3.62121212121212
357.179 29.15 0 0 348.181299291298 18.80066395011 "uLSIF" 36 5000 3.65656565656566
369.184 29.524 0 0 363.243742079833 18.8287531702433 "uLSIF" 36 5000 3.69191919191919
382.777 29.786 0 0 373.970687817035 18.9679726905114 "uLSIF" 36 5000 3.72727272727273
397.685 30.034 0 0 397.901557454133 19.0633747341927 "uLSIF" 36 5000 3.76262626262626
410.284 30.343 0 0 408.427582852131 19.3764495663627 "uLSIF" 36 5000 3.7979797979798
424.91 30.636 0 0 421.351695322507 19.4673182662759 "uLSIF" 36 5000 3.83333333333333
436.572 31.03 0 0 430.36003133722 19.6695702035401 "uLSIF" 36 5000 3.86868686868687
448.977 31.325 0 0 448.632782846779 19.7608164017802 "uLSIF" 36 5000 3.9040404040404
459.449 31.629 0 0 457.876111992025 19.9290874735279 "uLSIF" 36 5000 3.93939393939394
467.926 32.052 0 0 464.78041412839 20.2392421528802 "uLSIF" 36 5000 3.97474747474747
479.918 32.391 0 0 469.642787258171 20.2826404717065 "uLSIF" 36 5000 4.01010101010101
496.14 32.685 0 0 477.831203521766 20.2791276444037 "uLSIF" 36 5000 4.04545454545454
511.16 33.038 0 0 486.122949388241 20.417380474131 "uLSIF" 36 5000 4.08080808080808
538.613 33.289 0 0 524.306042361765 20.496379694487 "uLSIF" 36 5000 4.11616161616162
558.206 33.92 0 0 535.697896019575 20.7061426717857 "uLSIF" 36 5000 4.15151515151515
579.788 34.305 0 0 552.40968992363 21.3146026772091 "uLSIF" 36 5000 4.18686868686869
609.351 34.572 0 0 584.235842206141 21.3244823981627 "uLSIF" 36 5000 4.22222222222222
633.981 34.891 0 0 607.660093661274 21.3998381319129 "uLSIF" 36 5000 4.25757575757576
648.779 35.22 0 0 620.682291245421 21.4469478381324 "uLSIF" 36 5000 4.29292929292929
674.468 35.541 0 0 666.69949692136 21.6366925722363 "uLSIF" 36 5000 4.32828282828283
692.511 35.991 0 0 684.817564739673 21.7636986189751 "uLSIF" 36 5000 4.36363636363636
720.855 36.378 0 0 703.799671748256 21.9560284018577 "uLSIF" 36 5000 4.3989898989899
742.341 36.852 0 0 718.617863925851 22.1290259566432 "uLSIF" 36 5000 4.43434343434343
770.982 37.248 0 0 742.320820047421 22.2982893897651 "uLSIF" 36 5000 4.46969696969697
786.61 37.713 0 0 748.048649943761 22.5528548583602 "uLSIF" 36 5000 4.50505050505051
813.806 37.945 0 0 770.256207368035 22.6278145872064 "uLSIF" 36 5000 4.54040404040404
833.29 38.207 0 0 791.507249256522 22.6579684555905 "uLSIF" 36 5000 4.57575757575758
861.089 38.44 0 0 814.5514576478 22.7700873269489 "uLSIF" 36 5000 4.61111111111111
899.51 38.759 0 0 850.119339146446 22.9587897116774 "uLSIF" 36 5000 4.64646464646465
920.891 39.215 0 0 867.583479679744 23.1743786718615 "uLSIF" 36 5000 4.68181818181818
946.11 39.568 0 0 884.933153739076 23.4445520968737 "uLSIF" 36 5000 4.71717171717172
993.574 39.94 0 0 939.182911399619 23.6610702684018 "uLSIF" 36 5000 4.75252525252525
1025.348 40.175 0 0 972.982284227941 23.7532016702926 "uLSIF" 36 5000 4.78787878787879
1053.178 40.536 0 0 1018.31803182008 23.9512915803797 "uLSIF" 36 5000 4.82323232323232
1112.237 40.988 0 0 1103.32737123626 24.0481635508862 "uLSIF" 36 5000 4.85858585858586
1141.262 41.34 0 0 1116.90333889036 24.1593475506702 "uLSIF" 36 5000 4.89393939393939
1187.865 41.585 0 0 1156.37933306374 24.198560811448 "uLSIF" 36 5000 4.92929292929293
1226.869 41.827 0 0 1195.64069959228 24.2434489257576 "uLSIF" 36 5000 4.96464646464646
1268.93793793794 42.23 1 0 1233.10256914996 24.3991479035318 "uLSIF" 36 5000 5
