135.435 15.425 0 0 "KDE LDA" 63 1000 2.5
135.435 15.455 0 0 "KDE LDA" 63 1000 2.51010101010101
137.28 15.475 0 0 "KDE LDA" 63 1000 2.52020202020202
141 15.705 0 0 "KDE LDA" 63 1000 2.53030303030303
142.77 15.815 0 0 "KDE LDA" 63 1000 2.54040404040404
142.785 15.825 0 0 "KDE LDA" 63 1000 2.55050505050505
147.905 16.305 0 0 "KDE LDA" 63 1000 2.56060606060606
147.92 16.31 0 0 "KDE LDA" 63 1000 2.57070707070707
148.73 16.33 0 0 "KDE LDA" 63 1000 2.58080808080808
148.73 16.345 0 0 "KDE LDA" 63 1000 2.59090909090909
150.5 16.415 0 0 "KDE LDA" 63 1000 2.6010101010101
151.91 16.47 0 0 "KDE LDA" 63 1000 2.61111111111111
153.8 16.56 0 0 "KDE LDA" 63 1000 2.62121212121212
157.75 16.575 0 0 "KDE LDA" 63 1000 2.63131313131313
159.045 16.58 0 0 "KDE LDA" 63 1000 2.64141414141414
160.26 16.665 0 0 "KDE LDA" 63 1000 2.65151515151515
166.05 16.715 0 0 "KDE LDA" 63 1000 2.66161616161616
171.185 17.075 0 0 "KDE LDA" 63 1000 2.67171717171717
171.21 17.175 0 0 "KDE LDA" 63 1000 2.68181818181818
171.92 17.19 0 0 "KDE LDA" 63 1000 2.69191919191919
174.635 17.2 0 0 "KDE LDA" 63 1000 2.7020202020202
175.245 17.225 0 0 "KDE LDA" 63 1000 2.71212121212121
176.73 17.255 0 0 "KDE LDA" 63 1000 2.72222222222222
177.88 17.295 0 0 "KDE LDA" 63 1000 2.73232323232323
181.57 17.295 0 0 "KDE LDA" 63 1000 2.74242424242424
183.45 17.3 0 0 "KDE LDA" 63 1000 2.75252525252525
187.66 17.33 0 0 "KDE LDA" 63 1000 2.76262626262626
189.145 17.64 0 0 "KDE LDA" 63 1000 2.77272727272727
198.265 17.785 0 0 "KDE LDA" 63 1000 2.78282828282828
213.75 18.04 0 0 "KDE LDA" 63 1000 2.79292929292929
258.2 18.77 0 0 "KDE LDA" 63 1000 2.8030303030303
258.22 18.825 0 0 "KDE LDA" 63 1000 2.81313131313131
261.02 18.845 0 0 "KDE LDA" 63 1000 2.82323232323232
261.035 19.04 0 0 "KDE LDA" 63 1000 2.83333333333333
266.88 19.05 0 0 "KDE LDA" 63 1000 2.84343434343434
266.88 19.07 0 0 "KDE LDA" 63 1000 2.85353535353535
266.88 19.195 0 0 "KDE LDA" 63 1000 2.86363636363636
268.985 19.195 0 0 "KDE LDA" 63 1000 2.87373737373737
268.99 19.225 0 0 "KDE LDA" 63 1000 2.88383838383838
275.52 19.275 0 0 "KDE LDA" 63 1000 2.89393939393939
280.755 19.29 0 0 "KDE LDA" 63 1000 2.9040404040404
280.935 19.33 0 0 "KDE LDA" 63 1000 2.91414141414141
282.895 19.34 0 0 "KDE LDA" 63 1000 2.92424242424242
282.895 19.36 0 0 "KDE LDA" 63 1000 2.93434343434343
284.51 19.44 0 0 "KDE LDA" 63 1000 2.94444444444444
288.21 19.585 0 0 "KDE LDA" 63 1000 2.95454545454545
291.8 19.8 0 0 "KDE LDA" 63 1000 2.96464646464646
295.405 19.815 0 0 "KDE LDA" 63 1000 2.97474747474747
300.72 19.85 0 0 "KDE LDA" 63 1000 2.98484848484848
302.735 19.87 0 0 "KDE LDA" 63 1000 2.99494949494949
304.295 19.905 0 0 "KDE LDA" 63 1000 3.00505050505051
306.85 19.94 0 0 "KDE LDA" 63 1000 3.01515151515152
309.275 19.965 0 0 "KDE LDA" 63 1000 3.02525252525253
310.665 19.975 0 0 "KDE LDA" 63 1000 3.03535353535354
314.825 19.99 0 0 "KDE LDA" 63 1000 3.04545454545455
318.19 20.005 0 0 "KDE LDA" 63 1000 3.05555555555556
325.525 20.01 0 0 "KDE LDA" 63 1000 3.06565656565657
327.12 20.235 0 0 "KDE LDA" 63 1000 3.07575757575758
331.29 20.3 0 0 "KDE LDA" 63 1000 3.08585858585859
353.65 20.42 0 0 "KDE LDA" 63 1000 3.0959595959596
353.65 20.46 0 0 "KDE LDA" 63 1000 3.10606060606061
355.8 20.515 0 0 "KDE LDA" 63 1000 3.11616161616162
357.46 20.76 0 0 "KDE LDA" 63 1000 3.12626262626263
357.47 20.775 0 0 "KDE LDA" 63 1000 3.13636363636364
359.185 20.91 0 0 "KDE LDA" 63 1000 3.14646464646465
359.19 20.915 0 0 "KDE LDA" 63 1000 3.15656565656566
359.2 20.995 0 0 "KDE LDA" 63 1000 3.16666666666667
367.035 21.035 0 0 "KDE LDA" 63 1000 3.17676767676768
367.06 21.175 0 0 "KDE LDA" 63 1000 3.18686868686869
370.855 21.19 0 0 "KDE LDA" 63 1000 3.1969696969697
386.01 21.275 0 0 "KDE LDA" 63 1000 3.20707070707071
386.11 21.34 0 0 "KDE LDA" 63 1000 3.21717171717172
431.55 21.63 0 0 "KDE LDA" 63 1000 3.22727272727273
431.615 21.635 0 0 "KDE LDA" 63 1000 3.23737373737374
431.62 21.71 0 0 "KDE LDA" 63 1000 3.24747474747475
431.65 21.715 0 0 "KDE LDA" 63 1000 3.25757575757576
431.715 21.735 0 0 "KDE LDA" 63 1000 3.26767676767677
433.46 21.91 0 0 "KDE LDA" 63 1000 3.27777777777778
433.675 22.035 0 0 "KDE LDA" 63 1000 3.28787878787879
434.16 22.035 0 0 "KDE LDA" 63 1000 3.2979797979798
436.87 22.085 0 0 "KDE LDA" 63 1000 3.30808080808081
440.23 22.18 0 0 "KDE LDA" 63 1000 3.31818181818182
443.6 22.2 0 0 "KDE LDA" 63 1000 3.32828282828283
448.88 22.355 0 0 "KDE LDA" 63 1000 3.33838383838384
459.31 22.39 0 0 "KDE LDA" 63 1000 3.34848484848485
508.14 22.585 0 0 "KDE LDA" 63 1000 3.35858585858586
513.15 22.64 0 0 "KDE LDA" 63 1000 3.36868686868687
514.145 22.74 0 0 "KDE LDA" 63 1000 3.37878787878788
522.55 23.045 0 0 "KDE LDA" 63 1000 3.38888888888889
526.77 23.115 0 0 "KDE LDA" 63 1000 3.3989898989899
526.78 23.13 0 0 "KDE LDA" 63 1000 3.40909090909091
526.785 23.15 0 0 "KDE LDA" 63 1000 3.41919191919192
534.545 23.155 0 0 "KDE LDA" 63 1000 3.42929292929293
534.57 23.16 0 0 "KDE LDA" 63 1000 3.43939393939394
541.25 23.17 0 0 "KDE LDA" 63 1000 3.44949494949495
542.54 23.19 0 0 "KDE LDA" 63 1000 3.45959595959596
542.545 23.315 0 0 "KDE LDA" 63 1000 3.46969696969697
550.605 23.325 0 0 "KDE LDA" 63 1000 3.47979797979798
553.485 23.545 0 0 "KDE LDA" 63 1000 3.48989898989899
555.385 23.645 0 0 "KDE LDA" 63 1000 3.5
166.015 15.47 0 0 "KDE QDA" 63 1000 3.5
166.03 15.48 0 0 "KDE QDA" 63 1000 3.51010101010101
166.48 15.665 0 0 "KDE QDA" 63 1000 3.52020202020202
168.145 15.705 0 0 "KDE QDA" 63 1000 3.53030303030303
168.255 15.71 0 0 "KDE QDA" 63 1000 3.54040404040404
171.79 15.91 0 0 "KDE QDA" 63 1000 3.55050505050505
173.125 15.92 0 0 "KDE QDA" 63 1000 3.56060606060606
173.79 15.96 0 0 "KDE QDA" 63 1000 3.57070707070707
173.815 15.96 0 0 "KDE QDA" 63 1000 3.58080808080808
174.255 15.98 0 0 "KDE QDA" 63 1000 3.59090909090909
175.43 15.98 0 0 "KDE QDA" 63 1000 3.6010101010101
175.495 15.98 0 0 "KDE QDA" 63 1000 3.61111111111111
178.045 15.985 0 0 "KDE QDA" 63 1000 3.62121212121212
178.545 16 0 0 "KDE QDA" 63 1000 3.63131313131313
178.985 16.01 0 0 "KDE QDA" 63 1000 3.64141414141414
184.635 16.155 0 0 "KDE QDA" 63 1000 3.65151515151515
184.945 16.16 0 0 "KDE QDA" 63 1000 3.66161616161616
184.95 16.16 0 0 "KDE QDA" 63 1000 3.67171717171717
186.72 16.185 0 0 "KDE QDA" 63 1000 3.68181818181818
189.605 16.19 0 0 "KDE QDA" 63 1000 3.69191919191919
189.715 16.205 0 0 "KDE QDA" 63 1000 3.7020202020202
189.735 16.205 0 0 "KDE QDA" 63 1000 3.71212121212121
190.56 16.215 0 0 "KDE QDA" 63 1000 3.72222222222222
190.565 16.215 0 0 "KDE QDA" 63 1000 3.73232323232323
191.87 16.22 0 0 "KDE QDA" 63 1000 3.74242424242424
191.895 16.225 0 0 "KDE QDA" 63 1000 3.75252525252525
191.915 16.235 0 0 "KDE QDA" 63 1000 3.76262626262626
192.455 16.245 0 0 "KDE QDA" 63 1000 3.77272727272727
192.935 16.305 0 0 "KDE QDA" 63 1000 3.78282828282828
201.245 16.745 0 0 "KDE QDA" 63 1000 3.79292929292929
203.235 16.75 0 0 "KDE QDA" 63 1000 3.8030303030303
204.875 16.815 0 0 "KDE QDA" 63 1000 3.81313131313131
209.69 16.82 0 0 "KDE QDA" 63 1000 3.82323232323232
209.755 16.825 0 0 "KDE QDA" 63 1000 3.83333333333333
210.03 16.845 0 0 "KDE QDA" 63 1000 3.84343434343434
210.49 16.87 0 0 "KDE QDA" 63 1000 3.85353535353535
214.465 16.885 0 0 "KDE QDA" 63 1000 3.86363636363636
217.97 16.885 0 0 "KDE QDA" 63 1000 3.87373737373737
218.775 16.885 0 0 "KDE QDA" 63 1000 3.88383838383838
218.79 16.89 0 0 "KDE QDA" 63 1000 3.89393939393939
219.2 16.895 0 0 "KDE QDA" 63 1000 3.9040404040404
219.57 16.895 0 0 "KDE QDA" 63 1000 3.91414141414141
223.485 17.54 0 0 "KDE QDA" 63 1000 3.92424242424242
224.11 17.555 0 0 "KDE QDA" 63 1000 3.93434343434343
226.14 17.645 0 0 "KDE QDA" 63 1000 3.94444444444444
227.61 17.755 0 0 "KDE QDA" 63 1000 3.95454545454545
235.365 17.76 0 0 "KDE QDA" 63 1000 3.96464646464646
238.515 17.785 0 0 "KDE QDA" 63 1000 3.97474747474747
239.085 17.8 0 0 "KDE QDA" 63 1000 3.98484848484848
239.92 17.825 0 0 "KDE QDA" 63 1000 3.99494949494949
240.07 17.9 0 0 "KDE QDA" 63 1000 4.00505050505051
240.815 17.99 0 0 "KDE QDA" 63 1000 4.01515151515152
240.815 17.995 0 0 "KDE QDA" 63 1000 4.02525252525253
241.54 17.995 0 0 "KDE QDA" 63 1000 4.03535353535354
242.765 18.015 0 0 "KDE QDA" 63 1000 4.04545454545455
247.555 18.02 0 0 "KDE QDA" 63 1000 4.05555555555556
248.395 18.025 0 0 "KDE QDA" 63 1000 4.06565656565657
251.865 18.085 0 0 "KDE QDA" 63 1000 4.07575757575758
257.05 18.22 0 0 "KDE QDA" 63 1000 4.08585858585859
257.395 18.225 0 0 "KDE QDA" 63 1000 4.0959595959596
262.76 18.33 0 0 "KDE QDA" 63 1000 4.10606060606061
263.165 18.34 0 0 "KDE QDA" 63 1000 4.11616161616162
263.47 18.345 0 0 "KDE QDA" 63 1000 4.12626262626263
264.81 18.35 0 0 "KDE QDA" 63 1000 4.13636363636364
268.765 18.355 0 0 "KDE QDA" 63 1000 4.14646464646465
268.775 18.36 0 0 "KDE QDA" 63 1000 4.15656565656566
269.23 18.365 0 0 "KDE QDA" 63 1000 4.16666666666667
272.495 18.37 0 0 "KDE QDA" 63 1000 4.17676767676768
274.405 18.37 0 0 "KDE QDA" 63 1000 4.18686868686869
275.385 18.375 0 0 "KDE QDA" 63 1000 4.1969696969697
275.41 18.38 0 0 "KDE QDA" 63 1000 4.20707070707071
279.885 18.575 0 0 "KDE QDA" 63 1000 4.21717171717172
281.005 18.59 0 0 "KDE QDA" 63 1000 4.22727272727273
281.04 18.665 0 0 "KDE QDA" 63 1000 4.23737373737374
281.055 18.725 0 0 "KDE QDA" 63 1000 4.24747474747475
284.83 18.795 0 0 "KDE QDA" 63 1000 4.25757575757576
285.995 18.8 0 0 "KDE QDA" 63 1000 4.26767676767677
286 18.81 0 0 "KDE QDA" 63 1000 4.27777777777778
291.515 18.815 0 0 "KDE QDA" 63 1000 4.28787878787879
292.825 18.84 0 0 "KDE QDA" 63 1000 4.2979797979798
292.835 18.845 0 0 "KDE QDA" 63 1000 4.30808080808081
294.72 18.86 0 0 "KDE QDA" 63 1000 4.31818181818182
295.22 18.875 0 0 "KDE QDA" 63 1000 4.32828282828283
299.365 18.89 0 0 "KDE QDA" 63 1000 4.33838383838384
304.85 19.375 0 0 "KDE QDA" 63 1000 4.34848484848485
306.58 19.395 0 0 "KDE QDA" 63 1000 4.35858585858586
306.61 19.405 0 0 "KDE QDA" 63 1000 4.36868686868687
308.185 19.46 0 0 "KDE QDA" 63 1000 4.37878787878788
311.495 19.53 0 0 "KDE QDA" 63 1000 4.38888888888889
316.815 19.535 0 0 "KDE QDA" 63 1000 4.3989898989899
318.75 19.6 0 0 "KDE QDA" 63 1000 4.40909090909091
320.32 19.63 0 0 "KDE QDA" 63 1000 4.41919191919192
320.34 19.635 0 0 "KDE QDA" 63 1000 4.42929292929293
320.475 19.65 0 0 "KDE QDA" 63 1000 4.43939393939394
321.25 19.655 0 0 "KDE QDA" 63 1000 4.44949494949495
323.475 19.655 0 0 "KDE QDA" 63 1000 4.45959595959596
323.905 19.68 0 0 "KDE QDA" 63 1000 4.46969696969697
336.165 19.97 0 0 "KDE QDA" 63 1000 4.47979797979798
336.22 19.975 0 0 "KDE QDA" 63 1000 4.48989898989899
338.585 19.995 0 0 "KDE QDA" 63 1000 4.5
