130.845 15.13 0 0 "KDE LDA" 46 1000 2.5
131.295 15.18 0 0 "KDE LDA" 46 1000 2.51010101010101
135.385 15.33 0 0 "KDE LDA" 46 1000 2.52020202020202
141.77 15.36 0 0 "KDE LDA" 46 1000 2.53030303030303
143.175 15.415 0 0 "KDE LDA" 46 1000 2.54040404040404
143.195 15.415 0 0 "KDE LDA" 46 1000 2.55050505050505
144.4 15.42 0 0 "KDE LDA" 46 1000 2.56060606060606
144.405 15.465 0 0 "KDE LDA" 46 1000 2.57070707070707
144.42 15.485 0 0 "KDE LDA" 46 1000 2.58080808080808
145.11 15.54 0 0 "KDE LDA" 46 1000 2.59090909090909
145.115 15.685 0 0 "KDE LDA" 46 1000 2.6010101010101
145.125 15.795 0 0 "KDE LDA" 46 1000 2.61111111111111
145.86 15.82 0 0 "KDE LDA" 46 1000 2.62121212121212
145.86 15.96 0 0 "KDE LDA" 46 1000 2.63131313131313
147.71 16.04 0 0 "KDE LDA" 46 1000 2.64141414141414
147.72 16.045 0 0 "KDE LDA" 46 1000 2.65151515151515
152.275 16.255 0 0 "KDE LDA" 46 1000 2.66161616161616
174.855 16.52 0 0 "KDE LDA" 46 1000 2.67171717171717
175.245 16.605 0 0 "KDE LDA" 46 1000 2.68181818181818
175.26 16.62 0 0 "KDE LDA" 46 1000 2.69191919191919
175.26 16.65 0 0 "KDE LDA" 46 1000 2.7020202020202
175.285 16.755 0 0 "KDE LDA" 46 1000 2.71212121212121
176.175 16.825 0 0 "KDE LDA" 46 1000 2.72222222222222
178.72 16.835 0 0 "KDE LDA" 46 1000 2.73232323232323
182.07 16.85 0 0 "KDE LDA" 46 1000 2.74242424242424
182.66 16.92 0 0 "KDE LDA" 46 1000 2.75252525252525
185.2 16.97 0 0 "KDE LDA" 46 1000 2.76262626262626
185.215 16.98 0 0 "KDE LDA" 46 1000 2.77272727272727
188.085 17.115 0 0 "KDE LDA" 46 1000 2.78282828282828
194.16 17.21 0 0 "KDE LDA" 46 1000 2.79292929292929
219.1 18.13 0 0 "KDE LDA" 46 1000 2.8030303030303
221.23 18.295 0 0 "KDE LDA" 46 1000 2.81313131313131
221.24 18.35 0 0 "KDE LDA" 46 1000 2.82323232323232
223.56 18.39 0 0 "KDE LDA" 46 1000 2.83333333333333
223.565 18.5 0 0 "KDE LDA" 46 1000 2.84343434343434
230.505 18.505 0 0 "KDE LDA" 46 1000 2.85353535353535
232.395 18.545 0 0 "KDE LDA" 46 1000 2.86363636363636
236.205 19.27 0 0 "KDE LDA" 46 1000 2.87373737373737
236.205 19.27 0 0 "KDE LDA" 46 1000 2.88383838383838
240.255 19.29 0 0 "KDE LDA" 46 1000 2.89393939393939
241.18 19.29 0 0 "KDE LDA" 46 1000 2.9040404040404
242.815 19.3 0 0 "KDE LDA" 46 1000 2.91414141414141
243.515 19.3 0 0 "KDE LDA" 46 1000 2.92424242424242
243.635 19.345 0 0 "KDE LDA" 46 1000 2.93434343434343
243.645 19.575 0 0 "KDE LDA" 46 1000 2.94444444444444
245.41 19.625 0 0 "KDE LDA" 46 1000 2.95454545454545
249.985 19.69 0 0 "KDE LDA" 46 1000 2.96464646464646
255.115 19.8 0 0 "KDE LDA" 46 1000 2.97474747474747
255.12 19.81 0 0 "KDE LDA" 46 1000 2.98484848484848
255.155 19.815 0 0 "KDE LDA" 46 1000 2.99494949494949
255.185 19.85 0 0 "KDE LDA" 46 1000 3.00505050505051
255.19 19.87 0 0 "KDE LDA" 46 1000 3.01515151515152
255.325 19.885 0 0 "KDE LDA" 46 1000 3.02525252525253
255.325 19.935 0 0 "KDE LDA" 46 1000 3.03535353535354
255.33 19.94 0 0 "KDE LDA" 46 1000 3.04545454545455
260.255 19.945 0 0 "KDE LDA" 46 1000 3.05555555555556
261.845 20.015 0 0 "KDE LDA" 46 1000 3.06565656565657
268.105 20.035 0 0 "KDE LDA" 46 1000 3.07575757575758
268.385 20.13 0 0 "KDE LDA" 46 1000 3.08585858585859
274.71 20.335 0 0 "KDE LDA" 46 1000 3.0959595959596
275.13 20.34 0 0 "KDE LDA" 46 1000 3.10606060606061
275.145 20.36 0 0 "KDE LDA" 46 1000 3.11616161616162
275.185 20.48 0 0 "KDE LDA" 46 1000 3.12626262626263
275.85 20.49 0 0 "KDE LDA" 46 1000 3.13636363636364
283.895 20.51 0 0 "KDE LDA" 46 1000 3.14646464646465
283.9 20.535 0 0 "KDE LDA" 46 1000 3.15656565656566
286.195 20.545 0 0 "KDE LDA" 46 1000 3.16666666666667
293.225 20.57 0 0 "KDE LDA" 46 1000 3.17676767676768
294.645 20.76 0 0 "KDE LDA" 46 1000 3.18686868686869
295.25 21.1 0 0 "KDE LDA" 46 1000 3.1969696969697
306.36 21.145 0 0 "KDE LDA" 46 1000 3.20707070707071
314.675 21.145 0 0 "KDE LDA" 46 1000 3.21717171717172
342.76 21.465 0 0 "KDE LDA" 46 1000 3.22727272727273
342.76 21.495 0 0 "KDE LDA" 46 1000 3.23737373737374
347.78 21.595 0 0 "KDE LDA" 46 1000 3.24747474747475
348.185 21.625 0 0 "KDE LDA" 46 1000 3.25757575757576
351.98 21.625 0 0 "KDE LDA" 46 1000 3.26767676767677
361.78 22.135 0 0 "KDE LDA" 46 1000 3.27777777777778
363.37 22.27 0 0 "KDE LDA" 46 1000 3.28787878787879
363.395 22.365 0 0 "KDE LDA" 46 1000 3.2979797979798
365.005 22.395 0 0 "KDE LDA" 46 1000 3.30808080808081
388.205 22.605 0 0 "KDE LDA" 46 1000 3.31818181818182
400.245 22.64 0 0 "KDE LDA" 46 1000 3.32828282828283
406.97 22.74 0 0 "KDE LDA" 46 1000 3.33838383838384
410.4 22.79 0 0 "KDE LDA" 46 1000 3.34848484848485
449.82 23.075 0 0 "KDE LDA" 46 1000 3.35858585858586
449.85 23.095 0 0 "KDE LDA" 46 1000 3.36868686868687
457.335 23.13 0 0 "KDE LDA" 46 1000 3.37878787878788
490.075 23.28 0 0 "KDE LDA" 46 1000 3.38888888888889
493.415 23.285 0 0 "KDE LDA" 46 1000 3.3989898989899
493.44 23.285 0 0 "KDE LDA" 46 1000 3.40909090909091
494.67 23.345 0 0 "KDE LDA" 46 1000 3.41919191919192
506.665 23.375 0 0 "KDE LDA" 46 1000 3.42929292929293
507.97 23.44 0 0 "KDE LDA" 46 1000 3.43939393939394
512.415 23.47 0 0 "KDE LDA" 46 1000 3.44949494949495
512.43 23.47 0 0 "KDE LDA" 46 1000 3.45959595959596
530.84 23.48 0 0 "KDE LDA" 46 1000 3.46969696969697
539.395 23.505 0 0 "KDE LDA" 46 1000 3.47979797979798
560.65 23.63 0 0 "KDE LDA" 46 1000 3.48989898989899
560.67 23.645 0 0 "KDE LDA" 46 1000 3.5
134.895 15.155 0 0 "KDE QDA" 46 1000 3.5
135.225 15.155 0 0 "KDE QDA" 46 1000 3.51010101010101
140.55 15.335 0 0 "KDE QDA" 46 1000 3.52020202020202
143.005 15.365 0 0 "KDE QDA" 46 1000 3.53030303030303
143.065 15.38 0 0 "KDE QDA" 46 1000 3.54040404040404
144.99 15.415 0 0 "KDE QDA" 46 1000 3.55050505050505
146.39 15.415 0 0 "KDE QDA" 46 1000 3.56060606060606
149.225 15.42 0 0 "KDE QDA" 46 1000 3.57070707070707
149.24 15.435 0 0 "KDE QDA" 46 1000 3.58080808080808
150.15 15.435 0 0 "KDE QDA" 46 1000 3.59090909090909
150.15 15.45 0 0 "KDE QDA" 46 1000 3.6010101010101
150.25 15.45 0 0 "KDE QDA" 46 1000 3.61111111111111
150.3 15.45 0 0 "KDE QDA" 46 1000 3.62121212121212
153.335 15.455 0 0 "KDE QDA" 46 1000 3.63131313131313
156.93 15.49 0 0 "KDE QDA" 46 1000 3.64141414141414
171.02 15.715 0 0 "KDE QDA" 46 1000 3.65151515151515
172.345 15.74 0 0 "KDE QDA" 46 1000 3.66161616161616
173.135 15.755 0 0 "KDE QDA" 46 1000 3.67171717171717
173.645 15.775 0 0 "KDE QDA" 46 1000 3.68181818181818
178.575 15.81 0 0 "KDE QDA" 46 1000 3.69191919191919
179.895 15.83 0 0 "KDE QDA" 46 1000 3.7020202020202
179.915 15.835 0 0 "KDE QDA" 46 1000 3.71212121212121
184.175 15.84 0 0 "KDE QDA" 46 1000 3.72222222222222
188.775 15.845 0 0 "KDE QDA" 46 1000 3.73232323232323
190.8 15.91 0 0 "KDE QDA" 46 1000 3.74242424242424
191.64 15.955 0 0 "KDE QDA" 46 1000 3.75252525252525
191.675 15.98 0 0 "KDE QDA" 46 1000 3.76262626262626
192.115 15.995 0 0 "KDE QDA" 46 1000 3.77272727272727
192.125 16.05 0 0 "KDE QDA" 46 1000 3.78282828282828
201.83 16.285 0 0 "KDE QDA" 46 1000 3.79292929292929
202.475 16.3 0 0 "KDE QDA" 46 1000 3.8030303030303
203.01 16.38 0 0 "KDE QDA" 46 1000 3.81313131313131
203.11 16.38 0 0 "KDE QDA" 46 1000 3.82323232323232
203.155 16.38 0 0 "KDE QDA" 46 1000 3.83333333333333
206.11 16.58 0 0 "KDE QDA" 46 1000 3.84343434343434
206.805 16.675 0 0 "KDE QDA" 46 1000 3.85353535353535
208.86 16.675 0 0 "KDE QDA" 46 1000 3.86363636363636
212.19 16.77 0 0 "KDE QDA" 46 1000 3.87373737373737
213.1 16.785 0 0 "KDE QDA" 46 1000 3.88383838383838
215.16 16.8 0 0 "KDE QDA" 46 1000 3.89393939393939
218.26 16.85 0 0 "KDE QDA" 46 1000 3.9040404040404
221.065 16.9 0 0 "KDE QDA" 46 1000 3.91414141414141
236.09 17.365 0 0 "KDE QDA" 46 1000 3.92424242424242
239.035 17.365 0 0 "KDE QDA" 46 1000 3.93434343434343
241.78 17.565 0 0 "KDE QDA" 46 1000 3.94444444444444
242.61 17.585 0 0 "KDE QDA" 46 1000 3.95454545454545
242.69 17.6 0 0 "KDE QDA" 46 1000 3.96464646464646
243.64 17.615 0 0 "KDE QDA" 46 1000 3.97474747474747
243.905 17.675 0 0 "KDE QDA" 46 1000 3.98484848484848
243.91 17.695 0 0 "KDE QDA" 46 1000 3.99494949494949
244.93 17.7 0 0 "KDE QDA" 46 1000 4.00505050505051
246.775 17.7 0 0 "KDE QDA" 46 1000 4.01515151515152
246.775 17.725 0 0 "KDE QDA" 46 1000 4.02525252525253
248.245 17.735 0 0 "KDE QDA" 46 1000 4.03535353535354
251.725 17.79 0 0 "KDE QDA" 46 1000 4.04545454545455
251.87 17.86 0 0 "KDE QDA" 46 1000 4.05555555555556
255.25 17.87 0 0 "KDE QDA" 46 1000 4.06565656565657
258.265 17.905 0 0 "KDE QDA" 46 1000 4.07575757575758
270.215 18.17 0 0 "KDE QDA" 46 1000 4.08585858585859
271.39 18.21 0 0 "KDE QDA" 46 1000 4.0959595959596
274.53 18.345 0 0 "KDE QDA" 46 1000 4.10606060606061
277.325 18.35 0 0 "KDE QDA" 46 1000 4.11616161616162
281.72 18.35 0 0 "KDE QDA" 46 1000 4.12626262626263
281.735 18.355 0 0 "KDE QDA" 46 1000 4.13636363636364
281.895 18.36 0 0 "KDE QDA" 46 1000 4.14646464646465
285.265 18.385 0 0 "KDE QDA" 46 1000 4.15656565656566
288.2 18.385 0 0 "KDE QDA" 46 1000 4.16666666666667
290.27 18.385 0 0 "KDE QDA" 46 1000 4.17676767676768
290.43 18.39 0 0 "KDE QDA" 46 1000 4.18686868686869
292.66 18.43 0 0 "KDE QDA" 46 1000 4.1969696969697
294.095 18.445 0 0 "KDE QDA" 46 1000 4.20707070707071
297.125 18.68 0 0 "KDE QDA" 46 1000 4.21717171717172
298.65 18.705 0 0 "KDE QDA" 46 1000 4.22727272727273
300.6 18.765 0 0 "KDE QDA" 46 1000 4.23737373737374
302.275 18.765 0 0 "KDE QDA" 46 1000 4.24747474747475
302.815 18.8 0 0 "KDE QDA" 46 1000 4.25757575757576
302.88 18.81 0 0 "KDE QDA" 46 1000 4.26767676767677
303.015 18.825 0 0 "KDE QDA" 46 1000 4.27777777777778
307.8 18.87 0 0 "KDE QDA" 46 1000 4.28787878787879
307.805 18.88 0 0 "KDE QDA" 46 1000 4.2979797979798
307.815 18.93 0 0 "KDE QDA" 46 1000 4.30808080808081
311.84 18.955 0 0 "KDE QDA" 46 1000 4.31818181818182
312.435 18.98 0 0 "KDE QDA" 46 1000 4.32828282828283
313.535 19.005 0 0 "KDE QDA" 46 1000 4.33838383838384
336.375 19.29 0 0 "KDE QDA" 46 1000 4.34848484848485
338.89 19.35 0 0 "KDE QDA" 46 1000 4.35858585858586
338.975 19.36 0 0 "KDE QDA" 46 1000 4.36868686868687
350.615 19.44 0 0 "KDE QDA" 46 1000 4.37878787878788
350.645 19.44 0 0 "KDE QDA" 46 1000 4.38888888888889
351.43 19.465 0 0 "KDE QDA" 46 1000 4.3989898989899
351.775 19.475 0 0 "KDE QDA" 46 1000 4.40909090909091
351.775 19.48 0 0 "KDE QDA" 46 1000 4.41919191919192
354.685 19.48 0 0 "KDE QDA" 46 1000 4.42929292929293
359.79 19.48 0 0 "KDE QDA" 46 1000 4.43939393939394
369.11 19.48 0 0 "KDE QDA" 46 1000 4.44949494949495
370.01 19.485 0 0 "KDE QDA" 46 1000 4.45959595959596
370.025 19.51 0 0 "KDE QDA" 46 1000 4.46969696969697
386.835 19.655 0 0 "KDE QDA" 46 1000 4.47979797979798
388.24 19.66 0 0 "KDE QDA" 46 1000 4.48989898989899
392.71 19.685 0 0 "KDE QDA" 46 1000 4.5
