157.585 14.89 0 0 "KDE LDA" 145 1000 2.5
159.41 14.935 0 0 "KDE LDA" 145 1000 2.51010101010101
162.89 14.98 0 0 "KDE LDA" 145 1000 2.52020202020202
167.12 15.14 0 0 "KDE LDA" 145 1000 2.53030303030303
170.19 15.2 0 0 "KDE LDA" 145 1000 2.54040404040404
172.795 15.205 0 0 "KDE LDA" 145 1000 2.55050505050505
175.345 15.27 0 0 "KDE LDA" 145 1000 2.56060606060606
176.98 15.285 0 0 "KDE LDA" 145 1000 2.57070707070707
177.005 15.4 0 0 "KDE LDA" 145 1000 2.58080808080808
177.005 15.4 0 0 "KDE LDA" 145 1000 2.59090909090909
177.39 15.45 0 0 "KDE LDA" 145 1000 2.6010101010101
179.64 15.455 0 0 "KDE LDA" 145 1000 2.61111111111111
179.83 15.47 0 0 "KDE LDA" 145 1000 2.62121212121212
181.165 15.49 0 0 "KDE LDA" 145 1000 2.63131313131313
183.425 15.59 0 0 "KDE LDA" 145 1000 2.64141414141414
184.265 15.67 0 0 "KDE LDA" 145 1000 2.65151515151515
189.855 15.805 0 0 "KDE LDA" 145 1000 2.66161616161616
201.235 16.275 0 0 "KDE LDA" 145 1000 2.67171717171717
204.575 16.505 0 0 "KDE LDA" 145 1000 2.68181818181818
207.71 16.755 0 0 "KDE LDA" 145 1000 2.69191919191919
207.85 16.825 0 0 "KDE LDA" 145 1000 2.7020202020202
209.11 16.825 0 0 "KDE LDA" 145 1000 2.71212121212121
211.72 16.94 0 0 "KDE LDA" 145 1000 2.72222222222222
212.72 16.95 0 0 "KDE LDA" 145 1000 2.73232323232323
214.63 16.955 0 0 "KDE LDA" 145 1000 2.74242424242424
215.605 17.035 0 0 "KDE LDA" 145 1000 2.75252525252525
217.96 17.185 0 0 "KDE LDA" 145 1000 2.76262626262626
219.89 17.415 0 0 "KDE LDA" 145 1000 2.77272727272727
231.735 17.495 0 0 "KDE LDA" 145 1000 2.78282828282828
249.84 17.86 0 0 "KDE LDA" 145 1000 2.79292929292929
284.745 18.72 0 0 "KDE LDA" 145 1000 2.8030303030303
284.77 18.92 0 0 "KDE LDA" 145 1000 2.81313131313131
286.085 19.035 0 0 "KDE LDA" 145 1000 2.82323232323232
286.275 19.035 0 0 "KDE LDA" 145 1000 2.83333333333333
288.7 19.11 0 0 "KDE LDA" 145 1000 2.84343434343434
291.42 19.14 0 0 "KDE LDA" 145 1000 2.85353535353535
293.56 19.245 0 0 "KDE LDA" 145 1000 2.86363636363636
293.82 19.27 0 0 "KDE LDA" 145 1000 2.87373737373737
295.225 19.325 0 0 "KDE LDA" 145 1000 2.88383838383838
295.45 19.325 0 0 "KDE LDA" 145 1000 2.89393939393939
298.06 19.34 0 0 "KDE LDA" 145 1000 2.9040404040404
298.395 19.37 0 0 "KDE LDA" 145 1000 2.91414141414141
300.87 19.425 0 0 "KDE LDA" 145 1000 2.92424242424242
300.895 19.535 0 0 "KDE LDA" 145 1000 2.93434343434343
301.595 19.605 0 0 "KDE LDA" 145 1000 2.94444444444444
303.955 19.625 0 0 "KDE LDA" 145 1000 2.95454545454545
306.07 20.095 0 0 "KDE LDA" 145 1000 2.96464646464646
306.105 20.1 0 0 "KDE LDA" 145 1000 2.97474747474747
309.58 20.185 0 0 "KDE LDA" 145 1000 2.98484848484848
313.075 20.305 0 0 "KDE LDA" 145 1000 2.99494949494949
314.205 20.395 0 0 "KDE LDA" 145 1000 3.00505050505051
314.29 20.57 0 0 "KDE LDA" 145 1000 3.01515151515152
315.665 20.595 0 0 "KDE LDA" 145 1000 3.02525252525253
317.115 20.595 0 0 "KDE LDA" 145 1000 3.03535353535354
320.885 20.675 0 0 "KDE LDA" 145 1000 3.04545454545455
326.485 20.685 0 0 "KDE LDA" 145 1000 3.05555555555556
327.585 20.8 0 0 "KDE LDA" 145 1000 3.06565656565657
330.4 20.865 0 0 "KDE LDA" 145 1000 3.07575757575758
330.425 20.885 0 0 "KDE LDA" 145 1000 3.08585858585859
346.085 21.16 0 0 "KDE LDA" 145 1000 3.0959595959596
346.09 21.22 0 0 "KDE LDA" 145 1000 3.10606060606061
346.93 21.29 0 0 "KDE LDA" 145 1000 3.11616161616162
347.085 21.32 0 0 "KDE LDA" 145 1000 3.12626262626263
359.115 21.395 0 0 "KDE LDA" 145 1000 3.13636363636364
364.16 21.4 0 0 "KDE LDA" 145 1000 3.14646464646465
371.02 21.58 0 0 "KDE LDA" 145 1000 3.15656565656566
371.065 21.68 0 0 "KDE LDA" 145 1000 3.16666666666667
375.96 21.805 0 0 "KDE LDA" 145 1000 3.17676767676768
380.25 21.905 0 0 "KDE LDA" 145 1000 3.18686868686869
383.995 22.255 0 0 "KDE LDA" 145 1000 3.1969696969697
390.61 22.27 0 0 "KDE LDA" 145 1000 3.20707070707071
400.82 22.285 0 0 "KDE LDA" 145 1000 3.21717171717172
428.62 22.765 0 0 "KDE LDA" 145 1000 3.22727272727273
428.625 22.805 0 0 "KDE LDA" 145 1000 3.23737373737374
434.82 22.91 0 0 "KDE LDA" 145 1000 3.24747474747475
434.83 22.98 0 0 "KDE LDA" 145 1000 3.25757575757576
437.635 22.995 0 0 "KDE LDA" 145 1000 3.26767676767677
442.68 23.02 0 0 "KDE LDA" 145 1000 3.27777777777778
442.685 23.035 0 0 "KDE LDA" 145 1000 3.28787878787879
446.96 23.06 0 0 "KDE LDA" 145 1000 3.2979797979798
453.98 23.095 0 0 "KDE LDA" 145 1000 3.30808080808081
456.32 23.155 0 0 "KDE LDA" 145 1000 3.31818181818182
460.455 23.215 0 0 "KDE LDA" 145 1000 3.32828282828283
470.115 23.395 0 0 "KDE LDA" 145 1000 3.33838383838384
471.96 23.81 0 0 "KDE LDA" 145 1000 3.34848484848485
495.755 24.055 0 0 "KDE LDA" 145 1000 3.35858585858586
512.99 24.075 0 0 "KDE LDA" 145 1000 3.36868686868687
515.98 24.115 0 0 "KDE LDA" 145 1000 3.37878787878788
526.83 24.145 0 0 "KDE LDA" 145 1000 3.38888888888889
528.88 24.185 0 0 "KDE LDA" 145 1000 3.3989898989899
535.72 24.195 0 0 "KDE LDA" 145 1000 3.40909090909091
541.7 24.225 0 0 "KDE LDA" 145 1000 3.41919191919192
548.695 24.24 0 0 "KDE LDA" 145 1000 3.42929292929293
560.075 24.29 0 0 "KDE LDA" 145 1000 3.43939393939394
560.52 24.31 0 0 "KDE LDA" 145 1000 3.44949494949495
564.235 24.32 0 0 "KDE LDA" 145 1000 3.45959595959596
564.25 24.335 0 0 "KDE LDA" 145 1000 3.46969696969697
564.315 24.54 0 0 "KDE LDA" 145 1000 3.47979797979798
571.98 24.665 0 0 "KDE LDA" 145 1000 3.48989898989899
580.89 24.705 0 0 "KDE LDA" 145 1000 3.5
141.84 14.955 0 0 "KDE QDA" 145 1000 3.5
141.84 14.97 0 0 "KDE QDA" 145 1000 3.51010101010101
145.365 15.1 0 0 "KDE QDA" 145 1000 3.52020202020202
146.44 15.11 0 0 "KDE QDA" 145 1000 3.53030303030303
146.49 15.135 0 0 "KDE QDA" 145 1000 3.54040404040404
146.76 15.15 0 0 "KDE QDA" 145 1000 3.55050505050505
148.44 15.16 0 0 "KDE QDA" 145 1000 3.56060606060606
150.58 15.16 0 0 "KDE QDA" 145 1000 3.57070707070707
150.6 15.19 0 0 "KDE QDA" 145 1000 3.58080808080808
151.445 15.19 0 0 "KDE QDA" 145 1000 3.59090909090909
151.475 15.19 0 0 "KDE QDA" 145 1000 3.6010101010101
151.67 15.22 0 0 "KDE QDA" 145 1000 3.61111111111111
154.3 15.22 0 0 "KDE QDA" 145 1000 3.62121212121212
154.605 15.22 0 0 "KDE QDA" 145 1000 3.63131313131313
154.97 15.23 0 0 "KDE QDA" 145 1000 3.64141414141414
158.585 15.43 0 0 "KDE QDA" 145 1000 3.65151515151515
160.035 15.455 0 0 "KDE QDA" 145 1000 3.66161616161616
160.375 15.47 0 0 "KDE QDA" 145 1000 3.67171717171717
161.08 15.6 0 0 "KDE QDA" 145 1000 3.68181818181818
161.095 15.62 0 0 "KDE QDA" 145 1000 3.69191919191919
165.42 15.625 0 0 "KDE QDA" 145 1000 3.7020202020202
166.035 15.635 0 0 "KDE QDA" 145 1000 3.71212121212121
166.44 15.665 0 0 "KDE QDA" 145 1000 3.72222222222222
166.445 15.685 0 0 "KDE QDA" 145 1000 3.73232323232323
166.455 15.685 0 0 "KDE QDA" 145 1000 3.74242424242424
166.455 15.685 0 0 "KDE QDA" 145 1000 3.75252525252525
166.725 15.73 0 0 "KDE QDA" 145 1000 3.76262626262626
166.73 15.73 0 0 "KDE QDA" 145 1000 3.77272727272727
169.21 15.755 0 0 "KDE QDA" 145 1000 3.78282828282828
178.935 16.175 0 0 "KDE QDA" 145 1000 3.79292929292929
179.01 16.185 0 0 "KDE QDA" 145 1000 3.8030303030303
179.915 16.35 0 0 "KDE QDA" 145 1000 3.81313131313131
180.26 16.365 0 0 "KDE QDA" 145 1000 3.82323232323232
180.435 16.375 0 0 "KDE QDA" 145 1000 3.83333333333333
180.645 16.38 0 0 "KDE QDA" 145 1000 3.84343434343434
180.66 16.38 0 0 "KDE QDA" 145 1000 3.85353535353535
184.71 16.38 0 0 "KDE QDA" 145 1000 3.86363636363636
184.73 16.38 0 0 "KDE QDA" 145 1000 3.87373737373737
192.075 16.385 0 0 "KDE QDA" 145 1000 3.88383838383838
192.91 16.395 0 0 "KDE QDA" 145 1000 3.89393939393939
193.935 16.41 0 0 "KDE QDA" 145 1000 3.9040404040404
195.155 16.445 0 0 "KDE QDA" 145 1000 3.91414141414141
207.86 17.29 0 0 "KDE QDA" 145 1000 3.92424242424242
207.86 17.305 0 0 "KDE QDA" 145 1000 3.93434343434343
212.225 17.425 0 0 "KDE QDA" 145 1000 3.94444444444444
212.845 17.44 0 0 "KDE QDA" 145 1000 3.95454545454545
212.85 17.455 0 0 "KDE QDA" 145 1000 3.96464646464646
213.94 17.505 0 0 "KDE QDA" 145 1000 3.97474747474747
216.61 17.515 0 0 "KDE QDA" 145 1000 3.98484848484848
216.785 17.54 0 0 "KDE QDA" 145 1000 3.99494949494949
216.83 17.545 0 0 "KDE QDA" 145 1000 4.00505050505051
216.84 17.545 0 0 "KDE QDA" 145 1000 4.01515151515152
216.84 17.61 0 0 "KDE QDA" 145 1000 4.02525252525253
216.84 17.645 0 0 "KDE QDA" 145 1000 4.03535353535354
217.36 17.66 0 0 "KDE QDA" 145 1000 4.04545454545455
217.36 17.695 0 0 "KDE QDA" 145 1000 4.05555555555556
217.375 17.715 0 0 "KDE QDA" 145 1000 4.06565656565657
217.685 17.74 0 0 "KDE QDA" 145 1000 4.07575757575758
220.895 17.785 0 0 "KDE QDA" 145 1000 4.08585858585859
220.91 17.79 0 0 "KDE QDA" 145 1000 4.0959595959596
222.065 17.87 0 0 "KDE QDA" 145 1000 4.10606060606061
222.07 17.92 0 0 "KDE QDA" 145 1000 4.11616161616162
222.11 17.925 0 0 "KDE QDA" 145 1000 4.12626262626263
223.77 17.935 0 0 "KDE QDA" 145 1000 4.13636363636364
224.76 17.95 0 0 "KDE QDA" 145 1000 4.14646464646465
225.055 17.97 0 0 "KDE QDA" 145 1000 4.15656565656566
225.27 17.975 0 0 "KDE QDA" 145 1000 4.16666666666667
225.37 17.98 0 0 "KDE QDA" 145 1000 4.17676767676768
229.615 17.98 0 0 "KDE QDA" 145 1000 4.18686868686869
230.47 18.005 0 0 "KDE QDA" 145 1000 4.1969696969697
230.855 18.025 0 0 "KDE QDA" 145 1000 4.20707070707071
239.99 18.395 0 0 "KDE QDA" 145 1000 4.21717171717172
239.995 18.42 0 0 "KDE QDA" 145 1000 4.22727272727273
245.865 18.53 0 0 "KDE QDA" 145 1000 4.23737373737374
247.02 18.54 0 0 "KDE QDA" 145 1000 4.24747474747475
247.125 18.58 0 0 "KDE QDA" 145 1000 4.25757575757576
248.57 18.58 0 0 "KDE QDA" 145 1000 4.26767676767677
251.32 18.625 0 0 "KDE QDA" 145 1000 4.27777777777778
251.355 18.625 0 0 "KDE QDA" 145 1000 4.28787878787879
255.865 18.63 0 0 "KDE QDA" 145 1000 4.2979797979798
258.12 18.655 0 0 "KDE QDA" 145 1000 4.30808080808081
261.61 18.66 0 0 "KDE QDA" 145 1000 4.31818181818182
261.615 18.67 0 0 "KDE QDA" 145 1000 4.32828282828283
263.005 18.715 0 0 "KDE QDA" 145 1000 4.33838383838384
270.9 18.995 0 0 "KDE QDA" 145 1000 4.34848484848485
271.255 19.005 0 0 "KDE QDA" 145 1000 4.35858585858586
274.93 19.1 0 0 "KDE QDA" 145 1000 4.36868686868687
278.035 19.135 0 0 "KDE QDA" 145 1000 4.37878787878788
278.06 19.175 0 0 "KDE QDA" 145 1000 4.38888888888889
278.08 19.18 0 0 "KDE QDA" 145 1000 4.3989898989899
278.255 19.195 0 0 "KDE QDA" 145 1000 4.40909090909091
278.26 19.26 0 0 "KDE QDA" 145 1000 4.41919191919192
280.475 19.28 0 0 "KDE QDA" 145 1000 4.42929292929293
280.65 19.285 0 0 "KDE QDA" 145 1000 4.43939393939394
281.81 19.295 0 0 "KDE QDA" 145 1000 4.44949494949495
284.875 19.33 0 0 "KDE QDA" 145 1000 4.45959595959596
287.385 19.415 0 0 "KDE QDA" 145 1000 4.46969696969697
299.245 19.85 0 0 "KDE QDA" 145 1000 4.47979797979798
299.285 19.895 0 0 "KDE QDA" 145 1000 4.48989898989899
299.29 19.93 0 0 "KDE QDA" 145 1000 4.5
