141.815 15.58 0 0 "KDE LDA" 76 1000 2.5
141.845 16.055 0 0 "KDE LDA" 76 1000 2.51010101010101
143.19 16.06 0 0 "KDE LDA" 76 1000 2.52020202020202
144.225 16.08 0 0 "KDE LDA" 76 1000 2.53030303030303
151.475 16.1 0 0 "KDE LDA" 76 1000 2.54040404040404
153.645 16.18 0 0 "KDE LDA" 76 1000 2.55050505050505
154.51 16.2 0 0 "KDE LDA" 76 1000 2.56060606060606
155.32 16.205 0 0 "KDE LDA" 76 1000 2.57070707070707
163.315 16.21 0 0 "KDE LDA" 76 1000 2.58080808080808
166.105 16.21 0 0 "KDE LDA" 76 1000 2.59090909090909
166.2 16.355 0 0 "KDE LDA" 76 1000 2.6010101010101
167.28 16.37 0 0 "KDE LDA" 76 1000 2.61111111111111
168.29 16.445 0 0 "KDE LDA" 76 1000 2.62121212121212
168.89 16.52 0 0 "KDE LDA" 76 1000 2.63131313131313
170.9 16.55 0 0 "KDE LDA" 76 1000 2.64141414141414
176.76 16.74 0 0 "KDE LDA" 76 1000 2.65151515151515
180.74 16.77 0 0 "KDE LDA" 76 1000 2.66161616161616
195.04 17.225 0 0 "KDE LDA" 76 1000 2.67171717171717
197.515 17.405 0 0 "KDE LDA" 76 1000 2.68181818181818
198.97 17.435 0 0 "KDE LDA" 76 1000 2.69191919191919
198.975 17.5 0 0 "KDE LDA" 76 1000 2.7020202020202
199.32 17.58 0 0 "KDE LDA" 76 1000 2.71212121212121
199.5 17.58 0 0 "KDE LDA" 76 1000 2.72222222222222
199.51 17.59 0 0 "KDE LDA" 76 1000 2.73232323232323
200.41 17.705 0 0 "KDE LDA" 76 1000 2.74242424242424
202.3 17.89 0 0 "KDE LDA" 76 1000 2.75252525252525
202.485 17.91 0 0 "KDE LDA" 76 1000 2.76262626262626
206.475 18.075 0 0 "KDE LDA" 76 1000 2.77272727272727
219.585 18.075 0 0 "KDE LDA" 76 1000 2.78282828282828
223.745 18.525 0 0 "KDE LDA" 76 1000 2.79292929292929
279.355 19.105 0 0 "KDE LDA" 76 1000 2.8030303030303
279.515 19.12 0 0 "KDE LDA" 76 1000 2.81313131313131
284.625 19.18 0 0 "KDE LDA" 76 1000 2.82323232323232
287.5 19.255 0 0 "KDE LDA" 76 1000 2.83333333333333
287.95 19.38 0 0 "KDE LDA" 76 1000 2.84343434343434
289.17 19.425 0 0 "KDE LDA" 76 1000 2.85353535353535
290.055 19.425 0 0 "KDE LDA" 76 1000 2.86363636363636
290.44 19.44 0 0 "KDE LDA" 76 1000 2.87373737373737
292.445 19.445 0 0 "KDE LDA" 76 1000 2.88383838383838
299.77 19.45 0 0 "KDE LDA" 76 1000 2.89393939393939
301.13 19.48 0 0 "KDE LDA" 76 1000 2.9040404040404
303.69 19.485 0 0 "KDE LDA" 76 1000 2.91414141414141
303.7 19.485 0 0 "KDE LDA" 76 1000 2.92424242424242
305.415 19.61 0 0 "KDE LDA" 76 1000 2.93434343434343
307.95 19.62 0 0 "KDE LDA" 76 1000 2.94444444444444
314.625 19.63 0 0 "KDE LDA" 76 1000 2.95454545454545
314.65 19.705 0 0 "KDE LDA" 76 1000 2.96464646464646
316.415 19.705 0 0 "KDE LDA" 76 1000 2.97474747474747
317.78 19.725 0 0 "KDE LDA" 76 1000 2.98484848484848
318.495 19.965 0 0 "KDE LDA" 76 1000 2.99494949494949
321.23 19.975 0 0 "KDE LDA" 76 1000 3.00505050505051
322.23 20 0 0 "KDE LDA" 76 1000 3.01515151515152
324.55 20.025 0 0 "KDE LDA" 76 1000 3.02525252525253
325.08 20.23 0 0 "KDE LDA" 76 1000 3.03535353535354
335.43 20.41 0 0 "KDE LDA" 76 1000 3.04545454545455
340.31 20.45 0 0 "KDE LDA" 76 1000 3.05555555555556
346.97 20.45 0 0 "KDE LDA" 76 1000 3.06565656565657
352.63 20.49 0 0 "KDE LDA" 76 1000 3.07575757575758
356.425 20.56 0 0 "KDE LDA" 76 1000 3.08585858585859
372.285 20.6 0 0 "KDE LDA" 76 1000 3.0959595959596
373.41 20.61 0 0 "KDE LDA" 76 1000 3.10606060606061
375.385 20.63 0 0 "KDE LDA" 76 1000 3.11616161616162
382.315 20.72 0 0 "KDE LDA" 76 1000 3.12626262626263
386.385 20.74 0 0 "KDE LDA" 76 1000 3.13636363636364
387.265 20.77 0 0 "KDE LDA" 76 1000 3.14646464646465
387.28 20.785 0 0 "KDE LDA" 76 1000 3.15656565656566
387.905 20.835 0 0 "KDE LDA" 76 1000 3.16666666666667
389.96 20.875 0 0 "KDE LDA" 76 1000 3.17676767676768
395.505 20.965 0 0 "KDE LDA" 76 1000 3.18686868686869
398.725 21.045 0 0 "KDE LDA" 76 1000 3.1969696969697
405.42 21.205 0 0 "KDE LDA" 76 1000 3.20707070707071
407.61 21.33 0 0 "KDE LDA" 76 1000 3.21717171717172
433.635 21.47 0 0 "KDE LDA" 76 1000 3.22727272727273
433.65 21.68 0 0 "KDE LDA" 76 1000 3.23737373737374
433.66 21.7 0 0 "KDE LDA" 76 1000 3.24747474747475
439.265 21.735 0 0 "KDE LDA" 76 1000 3.25757575757576
440.525 21.755 0 0 "KDE LDA" 76 1000 3.26767676767677
440.535 21.845 0 0 "KDE LDA" 76 1000 3.27777777777778
446.81 21.845 0 0 "KDE LDA" 76 1000 3.28787878787879
451.63 21.855 0 0 "KDE LDA" 76 1000 3.2979797979798
451.64 21.92 0 0 "KDE LDA" 76 1000 3.30808080808081
470.37 21.965 0 0 "KDE LDA" 76 1000 3.31818181818182
470.495 22.14 0 0 "KDE LDA" 76 1000 3.32828282828283
477.73 22.335 0 0 "KDE LDA" 76 1000 3.33838383838384
487.925 22.385 0 0 "KDE LDA" 76 1000 3.34848484848485
541.705 23.215 0 0 "KDE LDA" 76 1000 3.35858585858586
541.745 23.23 0 0 "KDE LDA" 76 1000 3.36868686868687
546.87 23.27 0 0 "KDE LDA" 76 1000 3.37878787878788
563.835 23.29 0 0 "KDE LDA" 76 1000 3.38888888888889
563.84 23.3 0 0 "KDE LDA" 76 1000 3.3989898989899
574.62 23.305 0 0 "KDE LDA" 76 1000 3.40909090909091
577.895 23.545 0 0 "KDE LDA" 76 1000 3.41919191919192
578.89 23.59 0 0 "KDE LDA" 76 1000 3.42929292929293
583.44 23.615 0 0 "KDE LDA" 76 1000 3.43939393939394
583.965 23.715 0 0 "KDE LDA" 76 1000 3.44949494949495
585.105 23.81 0 0 "KDE LDA" 76 1000 3.45959595959596
599.615 23.9 0 0 "KDE LDA" 76 1000 3.46969696969697
605.195 23.995 0 0 "KDE LDA" 76 1000 3.47979797979798
615.145 24.01 0 0 "KDE LDA" 76 1000 3.48989898989899
619.765 24.04 0 0 "KDE LDA" 76 1000 3.5
118.265 14.1 0 0 "KDE QDA" 76 1000 3.5
118.275 14.1 0 0 "KDE QDA" 76 1000 3.51010101010101
118.965 14.29 0 0 "KDE QDA" 76 1000 3.52020202020202
119.135 14.3 0 0 "KDE QDA" 76 1000 3.53030303030303
119.78 14.305 0 0 "KDE QDA" 76 1000 3.54040404040404
119.81 14.305 0 0 "KDE QDA" 76 1000 3.55050505050505
121.49 14.315 0 0 "KDE QDA" 76 1000 3.56060606060606
121.535 14.32 0 0 "KDE QDA" 76 1000 3.57070707070707
121.585 14.34 0 0 "KDE QDA" 76 1000 3.58080808080808
122.32 14.37 0 0 "KDE QDA" 76 1000 3.59090909090909
122.32 14.37 0 0 "KDE QDA" 76 1000 3.6010101010101
123.15 14.38 0 0 "KDE QDA" 76 1000 3.61111111111111
123.575 14.385 0 0 "KDE QDA" 76 1000 3.62121212121212
123.675 14.39 0 0 "KDE QDA" 76 1000 3.63131313131313
125.335 14.45 0 0 "KDE QDA" 76 1000 3.64141414141414
126.4 14.84 0 0 "KDE QDA" 76 1000 3.65151515151515
126.4 15 0 0 "KDE QDA" 76 1000 3.66161616161616
126.71 15.005 0 0 "KDE QDA" 76 1000 3.67171717171717
127.94 15.03 0 0 "KDE QDA" 76 1000 3.68181818181818
128.6 15.035 0 0 "KDE QDA" 76 1000 3.69191919191919
128.87 15.115 0 0 "KDE QDA" 76 1000 3.7020202020202
129.815 15.115 0 0 "KDE QDA" 76 1000 3.71212121212121
131.495 15.155 0 0 "KDE QDA" 76 1000 3.72222222222222
131.51 15.175 0 0 "KDE QDA" 76 1000 3.73232323232323
132.885 15.185 0 0 "KDE QDA" 76 1000 3.74242424242424
132.885 15.185 0 0 "KDE QDA" 76 1000 3.75252525252525
134.44 15.19 0 0 "KDE QDA" 76 1000 3.76262626262626
134.565 15.2 0 0 "KDE QDA" 76 1000 3.77272727272727
135.335 15.22 0 0 "KDE QDA" 76 1000 3.78282828282828
136.445 15.46 0 0 "KDE QDA" 76 1000 3.79292929292929
136.6 15.475 0 0 "KDE QDA" 76 1000 3.8030303030303
137.755 15.525 0 0 "KDE QDA" 76 1000 3.81313131313131
137.815 15.595 0 0 "KDE QDA" 76 1000 3.82323232323232
137.86 15.625 0 0 "KDE QDA" 76 1000 3.83333333333333
138.825 15.63 0 0 "KDE QDA" 76 1000 3.84343434343434
139.91 15.64 0 0 "KDE QDA" 76 1000 3.85353535353535
139.955 15.64 0 0 "KDE QDA" 76 1000 3.86363636363636
141.45 15.65 0 0 "KDE QDA" 76 1000 3.87373737373737
141.635 15.66 0 0 "KDE QDA" 76 1000 3.88383838383838
143.695 15.665 0 0 "KDE QDA" 76 1000 3.89393939393939
144.25 15.685 0 0 "KDE QDA" 76 1000 3.9040404040404
144.275 15.69 0 0 "KDE QDA" 76 1000 3.91414141414141
151.755 16.135 0 0 "KDE QDA" 76 1000 3.92424242424242
152.405 16.14 0 0 "KDE QDA" 76 1000 3.93434343434343
154.635 16.185 0 0 "KDE QDA" 76 1000 3.94444444444444
156.77 16.275 0 0 "KDE QDA" 76 1000 3.95454545454545
157.775 16.29 0 0 "KDE QDA" 76 1000 3.96464646464646
158.545 16.31 0 0 "KDE QDA" 76 1000 3.97474747474747
158.6 16.32 0 0 "KDE QDA" 76 1000 3.98484848484848
158.665 16.34 0 0 "KDE QDA" 76 1000 3.99494949494949
158.685 16.345 0 0 "KDE QDA" 76 1000 4.00505050505051
158.695 16.35 0 0 "KDE QDA" 76 1000 4.01515151515152
158.715 16.35 0 0 "KDE QDA" 76 1000 4.02525252525253
158.77 16.35 0 0 "KDE QDA" 76 1000 4.03535353535354
161.655 16.365 0 0 "KDE QDA" 76 1000 4.04545454545455
163.045 16.395 0 0 "KDE QDA" 76 1000 4.05555555555556
163.835 16.41 0 0 "KDE QDA" 76 1000 4.06565656565657
166.355 16.43 0 0 "KDE QDA" 76 1000 4.07575757575758
167.915 16.65 0 0 "KDE QDA" 76 1000 4.08585858585859
167.915 16.655 0 0 "KDE QDA" 76 1000 4.0959595959596
168.7 16.705 0 0 "KDE QDA" 76 1000 4.10606060606061
168.73 16.715 0 0 "KDE QDA" 76 1000 4.11616161616162
168.76 16.775 0 0 "KDE QDA" 76 1000 4.12626262626263
169.185 16.81 0 0 "KDE QDA" 76 1000 4.13636363636364
171.61 16.82 0 0 "KDE QDA" 76 1000 4.14646464646465
171.62 16.825 0 0 "KDE QDA" 76 1000 4.15656565656566
174.19 16.845 0 0 "KDE QDA" 76 1000 4.16666666666667
174.605 16.865 0 0 "KDE QDA" 76 1000 4.17676767676768
176.31 16.885 0 0 "KDE QDA" 76 1000 4.18686868686869
184.205 16.885 0 0 "KDE QDA" 76 1000 4.1969696969697
184.305 16.89 0 0 "KDE QDA" 76 1000 4.20707070707071
191.415 17.01 0 0 "KDE QDA" 76 1000 4.21717171717172
191.93 17.175 0 0 "KDE QDA" 76 1000 4.22727272727273
191.96 17.185 0 0 "KDE QDA" 76 1000 4.23737373737374
198.025 17.235 0 0 "KDE QDA" 76 1000 4.24747474747475
200.29 17.245 0 0 "KDE QDA" 76 1000 4.25757575757576
203.445 17.27 0 0 "KDE QDA" 76 1000 4.26767676767677
204.88 17.275 0 0 "KDE QDA" 76 1000 4.27777777777778
204.91 17.295 0 0 "KDE QDA" 76 1000 4.28787878787879
207.52 17.3 0 0 "KDE QDA" 76 1000 4.2979797979798
207.52 17.3 0 0 "KDE QDA" 76 1000 4.30808080808081
209.255 17.3 0 0 "KDE QDA" 76 1000 4.31818181818182
212.385 17.315 0 0 "KDE QDA" 76 1000 4.32828282828283
214.245 17.32 0 0 "KDE QDA" 76 1000 4.33838383838384
219.03 17.66 0 0 "KDE QDA" 76 1000 4.34848484848485
219.035 17.67 0 0 "KDE QDA" 76 1000 4.35858585858586
221.63 17.75 0 0 "KDE QDA" 76 1000 4.36868686868687
222.46 17.8 0 0 "KDE QDA" 76 1000 4.37878787878788
224.84 17.935 0 0 "KDE QDA" 76 1000 4.38888888888889
225.06 17.945 0 0 "KDE QDA" 76 1000 4.3989898989899
225.345 18.255 0 0 "KDE QDA" 76 1000 4.40909090909091
230.28 18.26 0 0 "KDE QDA" 76 1000 4.41919191919192
232.565 18.28 0 0 "KDE QDA" 76 1000 4.42929292929293
232.975 18.31 0 0 "KDE QDA" 76 1000 4.43939393939394
236.14 18.325 0 0 "KDE QDA" 76 1000 4.44949494949495
236.2 18.335 0 0 "KDE QDA" 76 1000 4.45959595959596
241.865 18.405 0 0 "KDE QDA" 76 1000 4.46969696969697
253.455 18.665 0 0 "KDE QDA" 76 1000 4.47979797979798
253.585 18.675 0 0 "KDE QDA" 76 1000 4.48989898989899
254.685 18.69 0 0 "KDE QDA" 76 1000 4.5
