142.44 14.945 0 0 "KDE LDA" 121 1000 2.5
144.045 14.95 0 0 "KDE LDA" 121 1000 2.51010101010101
146.21 14.98 0 0 "KDE LDA" 121 1000 2.52020202020202
147.94 15.405 0 0 "KDE LDA" 121 1000 2.53030303030303
151.855 15.465 0 0 "KDE LDA" 121 1000 2.54040404040404
153.31 15.475 0 0 "KDE LDA" 121 1000 2.55050505050505
153.33 15.485 0 0 "KDE LDA" 121 1000 2.56060606060606
153.555 15.495 0 0 "KDE LDA" 121 1000 2.57070707070707
158.785 15.69 0 0 "KDE LDA" 121 1000 2.58080808080808
158.935 15.705 0 0 "KDE LDA" 121 1000 2.59090909090909
159.745 15.705 0 0 "KDE LDA" 121 1000 2.6010101010101
161.38 15.735 0 0 "KDE LDA" 121 1000 2.61111111111111
161.675 15.94 0 0 "KDE LDA" 121 1000 2.62121212121212
161.705 16.065 0 0 "KDE LDA" 121 1000 2.63131313131313
163.55 16.12 0 0 "KDE LDA" 121 1000 2.64141414141414
164.015 16.285 0 0 "KDE LDA" 121 1000 2.65151515151515
169.58 16.455 0 0 "KDE LDA" 121 1000 2.66161616161616
178.515 16.61 0 0 "KDE LDA" 121 1000 2.67171717171717
182.685 16.615 0 0 "KDE LDA" 121 1000 2.68181818181818
183.88 16.665 0 0 "KDE LDA" 121 1000 2.69191919191919
183.885 17.06 0 0 "KDE LDA" 121 1000 2.7020202020202
186.075 17.07 0 0 "KDE LDA" 121 1000 2.71212121212121
187.2 17.135 0 0 "KDE LDA" 121 1000 2.72222222222222
187.61 17.14 0 0 "KDE LDA" 121 1000 2.73232323232323
187.635 17.17 0 0 "KDE LDA" 121 1000 2.74242424242424
189.685 17.175 0 0 "KDE LDA" 121 1000 2.75252525252525
195.25 17.2 0 0 "KDE LDA" 121 1000 2.76262626262626
198.62 17.295 0 0 "KDE LDA" 121 1000 2.77272727272727
200.795 17.355 0 0 "KDE LDA" 121 1000 2.78282828282828
212.97 17.605 0 0 "KDE LDA" 121 1000 2.79292929292929
242.335 18.285 0 0 "KDE LDA" 121 1000 2.8030303030303
242.795 18.325 0 0 "KDE LDA" 121 1000 2.81313131313131
243.27 18.44 0 0 "KDE LDA" 121 1000 2.82323232323232
245.68 18.495 0 0 "KDE LDA" 121 1000 2.83333333333333
247.26 18.53 0 0 "KDE LDA" 121 1000 2.84343434343434
249.69 18.72 0 0 "KDE LDA" 121 1000 2.85353535353535
249.69 18.725 0 0 "KDE LDA" 121 1000 2.86363636363636
256.74 18.74 0 0 "KDE LDA" 121 1000 2.87373737373737
258.43 18.74 0 0 "KDE LDA" 121 1000 2.88383838383838
260.11 18.75 0 0 "KDE LDA" 121 1000 2.89393939393939
263.18 18.78 0 0 "KDE LDA" 121 1000 2.9040404040404
264.435 18.785 0 0 "KDE LDA" 121 1000 2.91414141414141
269.13 18.785 0 0 "KDE LDA" 121 1000 2.92424242424242
269.77 18.86 0 0 "KDE LDA" 121 1000 2.93434343434343
272.015 18.92 0 0 "KDE LDA" 121 1000 2.94444444444444
273.145 18.98 0 0 "KDE LDA" 121 1000 2.95454545454545
275.08 19.115 0 0 "KDE LDA" 121 1000 2.96464646464646
275.6 19.125 0 0 "KDE LDA" 121 1000 2.97474747474747
275.63 19.385 0 0 "KDE LDA" 121 1000 2.98484848484848
278.215 19.39 0 0 "KDE LDA" 121 1000 2.99494949494949
278.215 19.455 0 0 "KDE LDA" 121 1000 3.00505050505051
278.22 19.525 0 0 "KDE LDA" 121 1000 3.01515151515152
281.57 19.535 0 0 "KDE LDA" 121 1000 3.02525252525253
292.505 19.66 0 0 "KDE LDA" 121 1000 3.03535353535354
292.655 19.835 0 0 "KDE LDA" 121 1000 3.04545454545455
292.83 19.865 0 0 "KDE LDA" 121 1000 3.05555555555556
293.7 19.88 0 0 "KDE LDA" 121 1000 3.06565656565657
296.565 20.075 0 0 "KDE LDA" 121 1000 3.07575757575758
301.73 20.19 0 0 "KDE LDA" 121 1000 3.08585858585859
307.79 20.275 0 0 "KDE LDA" 121 1000 3.0959595959596
307.835 20.36 0 0 "KDE LDA" 121 1000 3.10606060606061
309.36 20.365 0 0 "KDE LDA" 121 1000 3.11616161616162
312.18 20.39 0 0 "KDE LDA" 121 1000 3.12626262626263
314.44 20.425 0 0 "KDE LDA" 121 1000 3.13636363636364
315.145 20.465 0 0 "KDE LDA" 121 1000 3.14646464646465
317.88 20.48 0 0 "KDE LDA" 121 1000 3.15656565656566
318.26 20.5 0 0 "KDE LDA" 121 1000 3.16666666666667
318.28 20.515 0 0 "KDE LDA" 121 1000 3.17676767676768
324.97 20.535 0 0 "KDE LDA" 121 1000 3.18686868686869
327.645 20.765 0 0 "KDE LDA" 121 1000 3.1969696969697
330.795 20.85 0 0 "KDE LDA" 121 1000 3.20707070707071
336.825 20.925 0 0 "KDE LDA" 121 1000 3.21717171717172
393.46 21.295 0 0 "KDE LDA" 121 1000 3.22727272727273
395.545 21.31 0 0 "KDE LDA" 121 1000 3.23737373737374
395.56 21.455 0 0 "KDE LDA" 121 1000 3.24747474747475
397.86 21.49 0 0 "KDE LDA" 121 1000 3.25757575757576
403.52 21.57 0 0 "KDE LDA" 121 1000 3.26767676767677
405.855 21.595 0 0 "KDE LDA" 121 1000 3.27777777777778
408.145 21.61 0 0 "KDE LDA" 121 1000 3.28787878787879
408.835 21.615 0 0 "KDE LDA" 121 1000 3.2979797979798
410.315 21.69 0 0 "KDE LDA" 121 1000 3.30808080808081
410.795 21.705 0 0 "KDE LDA" 121 1000 3.31818181818182
416.485 21.745 0 0 "KDE LDA" 121 1000 3.32828282828283
421.615 21.78 0 0 "KDE LDA" 121 1000 3.33838383838384
443.285 21.82 0 0 "KDE LDA" 121 1000 3.34848484848485
474.125 22.535 0 0 "KDE LDA" 121 1000 3.35858585858586
478.485 22.56 0 0 "KDE LDA" 121 1000 3.36868686868687
478.495 22.605 0 0 "KDE LDA" 121 1000 3.37878787878788
480.22 22.625 0 0 "KDE LDA" 121 1000 3.38888888888889
482.29 22.64 0 0 "KDE LDA" 121 1000 3.3989898989899
485.33 22.65 0 0 "KDE LDA" 121 1000 3.40909090909091
485.33 22.655 0 0 "KDE LDA" 121 1000 3.41919191919192
488.23 22.66 0 0 "KDE LDA" 121 1000 3.42929292929293
488.915 22.7 0 0 "KDE LDA" 121 1000 3.43939393939394
492.03 22.7 0 0 "KDE LDA" 121 1000 3.44949494949495
492.645 22.72 0 0 "KDE LDA" 121 1000 3.45959595959596
497.96 22.775 0 0 "KDE LDA" 121 1000 3.46969696969697
498.6 22.82 0 0 "KDE LDA" 121 1000 3.47979797979798
498.665 22.84 0 0 "KDE LDA" 121 1000 3.48989898989899
501.01 22.86 0 0 "KDE LDA" 121 1000 3.5
87.77 13.46 0 0 "KDE QDA" 121 1000 3.5
87.815 13.46 0 0 "KDE QDA" 121 1000 3.51010101010101
88.225 13.55 0 0 "KDE QDA" 121 1000 3.52020202020202
89.26 13.615 0 0 "KDE QDA" 121 1000 3.53030303030303
89.285 13.615 0 0 "KDE QDA" 121 1000 3.54040404040404
90.66 13.635 0 0 "KDE QDA" 121 1000 3.55050505050505
90.86 13.66 0 0 "KDE QDA" 121 1000 3.56060606060606
91.415 13.665 0 0 "KDE QDA" 121 1000 3.57070707070707
91.425 13.89 0 0 "KDE QDA" 121 1000 3.58080808080808
91.43 13.9 0 0 "KDE QDA" 121 1000 3.59090909090909
91.46 13.9 0 0 "KDE QDA" 121 1000 3.6010101010101
91.69 13.925 0 0 "KDE QDA" 121 1000 3.61111111111111
91.755 13.925 0 0 "KDE QDA" 121 1000 3.62121212121212
91.77 14.02 0 0 "KDE QDA" 121 1000 3.63131313131313
91.955 14.03 0 0 "KDE QDA" 121 1000 3.64141414141414
93.415 14.225 0 0 "KDE QDA" 121 1000 3.65151515151515
93.485 14.28 0 0 "KDE QDA" 121 1000 3.66161616161616
93.675 14.33 0 0 "KDE QDA" 121 1000 3.67171717171717
94.82 14.335 0 0 "KDE QDA" 121 1000 3.68181818181818
96.525 14.345 0 0 "KDE QDA" 121 1000 3.69191919191919
96.805 14.35 0 0 "KDE QDA" 121 1000 3.7020202020202
97.74 14.355 0 0 "KDE QDA" 121 1000 3.71212121212121
100.335 14.365 0 0 "KDE QDA" 121 1000 3.72222222222222
100.495 14.37 0 0 "KDE QDA" 121 1000 3.73232323232323
100.5 14.525 0 0 "KDE QDA" 121 1000 3.74242424242424
101.555 14.535 0 0 "KDE QDA" 121 1000 3.75252525252525
101.7 14.565 0 0 "KDE QDA" 121 1000 3.76262626262626
102.825 14.585 0 0 "KDE QDA" 121 1000 3.77272727272727
103.46 14.615 0 0 "KDE QDA" 121 1000 3.78282828282828
104.595 14.905 0 0 "KDE QDA" 121 1000 3.79292929292929
104.925 14.915 0 0 "KDE QDA" 121 1000 3.8030303030303
105.555 14.995 0 0 "KDE QDA" 121 1000 3.81313131313131
105.58 15.02 0 0 "KDE QDA" 121 1000 3.82323232323232
107.08 15.07 0 0 "KDE QDA" 121 1000 3.83333333333333
108.77 15.09 0 0 "KDE QDA" 121 1000 3.84343434343434
109.425 15.12 0 0 "KDE QDA" 121 1000 3.85353535353535
109.485 15.125 0 0 "KDE QDA" 121 1000 3.86363636363636
109.5 15.145 0 0 "KDE QDA" 121 1000 3.87373737373737
109.59 15.17 0 0 "KDE QDA" 121 1000 3.88383838383838
112.28 15.17 0 0 "KDE QDA" 121 1000 3.89393939393939
112.58 15.17 0 0 "KDE QDA" 121 1000 3.9040404040404
112.64 15.185 0 0 "KDE QDA" 121 1000 3.91414141414141
114.725 15.62 0 0 "KDE QDA" 121 1000 3.92424242424242
115.005 15.65 0 0 "KDE QDA" 121 1000 3.93434343434343
115.43 15.75 0 0 "KDE QDA" 121 1000 3.94444444444444
115.82 15.765 0 0 "KDE QDA" 121 1000 3.95454545454545
117.475 16.01 0 0 "KDE QDA" 121 1000 3.96464646464646
117.6 16.015 0 0 "KDE QDA" 121 1000 3.97474747474747
117.605 16.03 0 0 "KDE QDA" 121 1000 3.98484848484848
118.315 16.035 0 0 "KDE QDA" 121 1000 3.99494949494949
118.55 16.045 0 0 "KDE QDA" 121 1000 4.00505050505051
118.665 16.065 0 0 "KDE QDA" 121 1000 4.01515151515152
118.71 16.115 0 0 "KDE QDA" 121 1000 4.02525252525253
118.74 16.155 0 0 "KDE QDA" 121 1000 4.03535353535354
120.785 16.21 0 0 "KDE QDA" 121 1000 4.04545454545455
120.79 16.22 0 0 "KDE QDA" 121 1000 4.05555555555556
120.875 16.225 0 0 "KDE QDA" 121 1000 4.06565656565657
121.61 16.235 0 0 "KDE QDA" 121 1000 4.07575757575758
122.86 16.33 0 0 "KDE QDA" 121 1000 4.08585858585859
124.905 16.345 0 0 "KDE QDA" 121 1000 4.0959595959596
125.675 16.36 0 0 "KDE QDA" 121 1000 4.10606060606061
125.7 16.365 0 0 "KDE QDA" 121 1000 4.11616161616162
125.715 16.375 0 0 "KDE QDA" 121 1000 4.12626262626263
127.24 16.39 0 0 "KDE QDA" 121 1000 4.13636363636364
127.735 16.4 0 0 "KDE QDA" 121 1000 4.14646464646465
127.81 16.405 0 0 "KDE QDA" 121 1000 4.15656565656566
127.87 16.42 0 0 "KDE QDA" 121 1000 4.16666666666667
128.92 16.43 0 0 "KDE QDA" 121 1000 4.17676767676768
131.19 16.43 0 0 "KDE QDA" 121 1000 4.18686868686869
134.445 16.43 0 0 "KDE QDA" 121 1000 4.1969696969697
135.15 16.48 0 0 "KDE QDA" 121 1000 4.20707070707071
140.84 16.67 0 0 "KDE QDA" 121 1000 4.21717171717172
141.07 16.805 0 0 "KDE QDA" 121 1000 4.22727272727273
141.61 16.845 0 0 "KDE QDA" 121 1000 4.23737373737374
141.69 16.85 0 0 "KDE QDA" 121 1000 4.24747474747475
142.75 16.86 0 0 "KDE QDA" 121 1000 4.25757575757576
142.815 16.865 0 0 "KDE QDA" 121 1000 4.26767676767677
144.22 16.88 0 0 "KDE QDA" 121 1000 4.27777777777778
145.37 16.895 0 0 "KDE QDA" 121 1000 4.28787878787879
145.62 16.9 0 0 "KDE QDA" 121 1000 4.2979797979798
145.625 16.93 0 0 "KDE QDA" 121 1000 4.30808080808081
152.865 16.94 0 0 "KDE QDA" 121 1000 4.31818181818182
153.65 16.97 0 0 "KDE QDA" 121 1000 4.32828282828283
153.725 17 0 0 "KDE QDA" 121 1000 4.33838383838384
160.27 17.23 0 0 "KDE QDA" 121 1000 4.34848484848485
160.27 17.245 0 0 "KDE QDA" 121 1000 4.35858585858586
160.29 17.27 0 0 "KDE QDA" 121 1000 4.36868686868687
161.44 17.29 0 0 "KDE QDA" 121 1000 4.37878787878788
162.03 17.31 0 0 "KDE QDA" 121 1000 4.38888888888889
163.51 17.35 0 0 "KDE QDA" 121 1000 4.3989898989899
165.44 17.43 0 0 "KDE QDA" 121 1000 4.40909090909091
165.775 17.435 0 0 "KDE QDA" 121 1000 4.41919191919192
166.295 17.46 0 0 "KDE QDA" 121 1000 4.42929292929293
167.62 17.48 0 0 "KDE QDA" 121 1000 4.43939393939394
167.63 17.49 0 0 "KDE QDA" 121 1000 4.44949494949495
167.715 17.495 0 0 "KDE QDA" 121 1000 4.45959595959596
168.47 17.535 0 0 "KDE QDA" 121 1000 4.46969696969697
171.57 17.84 0 0 "KDE QDA" 121 1000 4.47979797979798
172.645 17.84 0 0 "KDE QDA" 121 1000 4.48989898989899
174.925 17.84 0 0 "KDE QDA" 121 1000 4.5
