137.385 16.31 0 0 "KDE LDA" 133 1000 2.5
137.425 16.32 0 0 "KDE LDA" 133 1000 2.51010101010101
139.59 16.425 0 0 "KDE LDA" 133 1000 2.52020202020202
145.545 16.705 0 0 "KDE LDA" 133 1000 2.53030303030303
150.45 16.78 0 0 "KDE LDA" 133 1000 2.54040404040404
152.025 16.875 0 0 "KDE LDA" 133 1000 2.55050505050505
153.06 16.97 0 0 "KDE LDA" 133 1000 2.56060606060606
157.115 16.985 0 0 "KDE LDA" 133 1000 2.57070707070707
157.125 16.985 0 0 "KDE LDA" 133 1000 2.58080808080808
157.61 17.025 0 0 "KDE LDA" 133 1000 2.59090909090909
158.075 17.05 0 0 "KDE LDA" 133 1000 2.6010101010101
158.175 17.075 0 0 "KDE LDA" 133 1000 2.61111111111111
158.19 17.085 0 0 "KDE LDA" 133 1000 2.62121212121212
158.48 17.11 0 0 "KDE LDA" 133 1000 2.63131313131313
160.155 17.15 0 0 "KDE LDA" 133 1000 2.64141414141414
163.095 17.255 0 0 "KDE LDA" 133 1000 2.65151515151515
166.925 17.39 0 0 "KDE LDA" 133 1000 2.66161616161616
185.16 17.56 0 0 "KDE LDA" 133 1000 2.67171717171717
186.745 17.59 0 0 "KDE LDA" 133 1000 2.68181818181818
189.72 17.595 0 0 "KDE LDA" 133 1000 2.69191919191919
190.59 17.665 0 0 "KDE LDA" 133 1000 2.7020202020202
192.905 17.675 0 0 "KDE LDA" 133 1000 2.71212121212121
192.91 17.705 0 0 "KDE LDA" 133 1000 2.72222222222222
193.06 17.74 0 0 "KDE LDA" 133 1000 2.73232323232323
193.76 17.775 0 0 "KDE LDA" 133 1000 2.74242424242424
194.65 17.79 0 0 "KDE LDA" 133 1000 2.75252525252525
195.74 18.105 0 0 "KDE LDA" 133 1000 2.76262626262626
199.195 18.145 0 0 "KDE LDA" 133 1000 2.77272727272727
202.455 18.21 0 0 "KDE LDA" 133 1000 2.78282828282828
203.565 18.345 0 0 "KDE LDA" 133 1000 2.79292929292929
245.415 18.915 0 0 "KDE LDA" 133 1000 2.8030303030303
246.66 18.925 0 0 "KDE LDA" 133 1000 2.81313131313131
250.245 18.995 0 0 "KDE LDA" 133 1000 2.82323232323232
257.905 19.015 0 0 "KDE LDA" 133 1000 2.83333333333333
261.615 19.03 0 0 "KDE LDA" 133 1000 2.84343434343434
261.615 19.35 0 0 "KDE LDA" 133 1000 2.85353535353535
263.32 19.41 0 0 "KDE LDA" 133 1000 2.86363636363636
263.405 19.435 0 0 "KDE LDA" 133 1000 2.87373737373737
263.72 19.505 0 0 "KDE LDA" 133 1000 2.88383838383838
265.28 19.525 0 0 "KDE LDA" 133 1000 2.89393939393939
265.46 19.58 0 0 "KDE LDA" 133 1000 2.9040404040404
265.465 19.61 0 0 "KDE LDA" 133 1000 2.91414141414141
270.725 19.61 0 0 "KDE LDA" 133 1000 2.92424242424242
271.175 19.63 0 0 "KDE LDA" 133 1000 2.93434343434343
271.505 19.635 0 0 "KDE LDA" 133 1000 2.94444444444444
274.085 19.64 0 0 "KDE LDA" 133 1000 2.95454545454545
277.075 20.05 0 0 "KDE LDA" 133 1000 2.96464646464646
278.925 20.05 0 0 "KDE LDA" 133 1000 2.97474747474747
279.84 20.06 0 0 "KDE LDA" 133 1000 2.98484848484848
279.845 20.06 0 0 "KDE LDA" 133 1000 2.99494949494949
282.715 20.09 0 0 "KDE LDA" 133 1000 3.00505050505051
285.025 20.115 0 0 "KDE LDA" 133 1000 3.01515151515152
289.845 20.21 0 0 "KDE LDA" 133 1000 3.02525252525253
289.905 20.34 0 0 "KDE LDA" 133 1000 3.03535353535354
294.52 20.355 0 0 "KDE LDA" 133 1000 3.04545454545455
296.655 20.695 0 0 "KDE LDA" 133 1000 3.05555555555556
297.675 20.78 0 0 "KDE LDA" 133 1000 3.06565656565657
301.99 20.8 0 0 "KDE LDA" 133 1000 3.07575757575758
308.715 20.825 0 0 "KDE LDA" 133 1000 3.08585858585859
319.02 20.905 0 0 "KDE LDA" 133 1000 3.0959595959596
319.2 21.045 0 0 "KDE LDA" 133 1000 3.10606060606061
325.495 21.135 0 0 "KDE LDA" 133 1000 3.11616161616162
325.62 21.16 0 0 "KDE LDA" 133 1000 3.12626262626263
332.735 21.2 0 0 "KDE LDA" 133 1000 3.13636363636364
332.96 21.36 0 0 "KDE LDA" 133 1000 3.14646464646465
332.965 21.38 0 0 "KDE LDA" 133 1000 3.15656565656566
333.96 21.515 0 0 "KDE LDA" 133 1000 3.16666666666667
333.975 21.55 0 0 "KDE LDA" 133 1000 3.17676767676768
333.975 21.585 0 0 "KDE LDA" 133 1000 3.18686868686869
334.185 21.7 0 0 "KDE LDA" 133 1000 3.1969696969697
335.315 21.805 0 0 "KDE LDA" 133 1000 3.20707070707071
351.14 21.915 0 0 "KDE LDA" 133 1000 3.21717171717172
388.59 22.12 0 0 "KDE LDA" 133 1000 3.22727272727273
389.74 22.135 0 0 "KDE LDA" 133 1000 3.23737373737374
393.545 22.21 0 0 "KDE LDA" 133 1000 3.24747474747475
398.83 22.225 0 0 "KDE LDA" 133 1000 3.25757575757576
398.85 22.29 0 0 "KDE LDA" 133 1000 3.26767676767677
402.135 22.35 0 0 "KDE LDA" 133 1000 3.27777777777778
403.465 22.41 0 0 "KDE LDA" 133 1000 3.28787878787879
405.145 22.465 0 0 "KDE LDA" 133 1000 3.2979797979798
416.215 22.535 0 0 "KDE LDA" 133 1000 3.30808080808081
420.47 22.61 0 0 "KDE LDA" 133 1000 3.31818181818182
427.235 22.665 0 0 "KDE LDA" 133 1000 3.32828282828283
437.66 22.74 0 0 "KDE LDA" 133 1000 3.33838383838384
454.64 22.92 0 0 "KDE LDA" 133 1000 3.34848484848485
510.16 23.155 0 0 "KDE LDA" 133 1000 3.35858585858586
511.815 23.175 0 0 "KDE LDA" 133 1000 3.36868686868687
516.87 23.245 0 0 "KDE LDA" 133 1000 3.37878787878788
519.12 23.35 0 0 "KDE LDA" 133 1000 3.38888888888889
521.525 23.355 0 0 "KDE LDA" 133 1000 3.3989898989899
521.565 23.38 0 0 "KDE LDA" 133 1000 3.40909090909091
521.565 23.43 0 0 "KDE LDA" 133 1000 3.41919191919192
526.235 23.44 0 0 "KDE LDA" 133 1000 3.42929292929293
526.24 23.66 0 0 "KDE LDA" 133 1000 3.43939393939394
529.085 23.705 0 0 "KDE LDA" 133 1000 3.44949494949495
533.47 23.81 0 0 "KDE LDA" 133 1000 3.45959595959596
538.62 23.83 0 0 "KDE LDA" 133 1000 3.46969696969697
538.62 23.875 0 0 "KDE LDA" 133 1000 3.47979797979798
539.165 23.985 0 0 "KDE LDA" 133 1000 3.48989898989899
543.31 24.015 0 0 "KDE LDA" 133 1000 3.5
137.765 15.9 0 0 "KDE QDA" 133 1000 3.5
138.665 15.925 0 0 "KDE QDA" 133 1000 3.51010101010101
143.255 16.045 0 0 "KDE QDA" 133 1000 3.52020202020202
144.96 16.05 0 0 "KDE QDA" 133 1000 3.53030303030303
145.01 16.06 0 0 "KDE QDA" 133 1000 3.54040404040404
148.415 16.06 0 0 "KDE QDA" 133 1000 3.55050505050505
148.42 16.065 0 0 "KDE QDA" 133 1000 3.56060606060606
148.485 16.095 0 0 "KDE QDA" 133 1000 3.57070707070707
149.51 16.1 0 0 "KDE QDA" 133 1000 3.58080808080808
149.56 16.105 0 0 "KDE QDA" 133 1000 3.59090909090909
150.29 16.11 0 0 "KDE QDA" 133 1000 3.6010101010101
151.15 16.14 0 0 "KDE QDA" 133 1000 3.61111111111111
151.185 16.155 0 0 "KDE QDA" 133 1000 3.62121212121212
151.435 16.16 0 0 "KDE QDA" 133 1000 3.63131313131313
152.965 16.16 0 0 "KDE QDA" 133 1000 3.64141414141414
160.94 16.34 0 0 "KDE QDA" 133 1000 3.65151515151515
162.585 16.53 0 0 "KDE QDA" 133 1000 3.66161616161616
162.845 16.535 0 0 "KDE QDA" 133 1000 3.67171717171717
163.635 16.56 0 0 "KDE QDA" 133 1000 3.68181818181818
163.95 16.575 0 0 "KDE QDA" 133 1000 3.69191919191919
164.09 16.6 0 0 "KDE QDA" 133 1000 3.7020202020202
164.15 16.605 0 0 "KDE QDA" 133 1000 3.71212121212121
164.175 16.635 0 0 "KDE QDA" 133 1000 3.72222222222222
164.945 16.635 0 0 "KDE QDA" 133 1000 3.73232323232323
164.995 16.645 0 0 "KDE QDA" 133 1000 3.74242424242424
165.055 16.66 0 0 "KDE QDA" 133 1000 3.75252525252525
167.415 16.665 0 0 "KDE QDA" 133 1000 3.76262626262626
171.345 16.67 0 0 "KDE QDA" 133 1000 3.77272727272727
173.135 16.675 0 0 "KDE QDA" 133 1000 3.78282828282828
179.635 17.105 0 0 "KDE QDA" 133 1000 3.79292929292929
180.54 17.105 0 0 "KDE QDA" 133 1000 3.8030303030303
184.68 17.135 0 0 "KDE QDA" 133 1000 3.81313131313131
184.69 17.17 0 0 "KDE QDA" 133 1000 3.82323232323232
184.765 17.215 0 0 "KDE QDA" 133 1000 3.83333333333333
186.33 17.245 0 0 "KDE QDA" 133 1000 3.84343434343434
186.365 17.295 0 0 "KDE QDA" 133 1000 3.85353535353535
188.94 17.345 0 0 "KDE QDA" 133 1000 3.86363636363636
188.955 17.35 0 0 "KDE QDA" 133 1000 3.87373737373737
189.51 17.355 0 0 "KDE QDA" 133 1000 3.88383838383838
189.525 17.375 0 0 "KDE QDA" 133 1000 3.89393939393939
191.685 17.445 0 0 "KDE QDA" 133 1000 3.9040404040404
192.89 17.475 0 0 "KDE QDA" 133 1000 3.91414141414141
198.78 17.92 0 0 "KDE QDA" 133 1000 3.92424242424242
199.505 17.92 0 0 "KDE QDA" 133 1000 3.93434343434343
202.63 18.04 0 0 "KDE QDA" 133 1000 3.94444444444444
203.675 18.08 0 0 "KDE QDA" 133 1000 3.95454545454545
204.535 18.085 0 0 "KDE QDA" 133 1000 3.96464646464646
207.725 18.1 0 0 "KDE QDA" 133 1000 3.97474747474747
207.74 18.1 0 0 "KDE QDA" 133 1000 3.98484848484848
212.34 18.105 0 0 "KDE QDA" 133 1000 3.99494949494949
213.45 18.105 0 0 "KDE QDA" 133 1000 4.00505050505051
214.855 18.235 0 0 "KDE QDA" 133 1000 4.01515151515152
215.535 18.25 0 0 "KDE QDA" 133 1000 4.02525252525253
216.695 18.26 0 0 "KDE QDA" 133 1000 4.03535353535354
216.71 18.275 0 0 "KDE QDA" 133 1000 4.04545454545455
219.29 18.325 0 0 "KDE QDA" 133 1000 4.05555555555556
220.425 18.33 0 0 "KDE QDA" 133 1000 4.06565656565657
226.365 18.335 0 0 "KDE QDA" 133 1000 4.07575757575758
229.385 18.61 0 0 "KDE QDA" 133 1000 4.08585858585859
229.395 18.63 0 0 "KDE QDA" 133 1000 4.0959595959596
232.63 18.64 0 0 "KDE QDA" 133 1000 4.10606060606061
232.93 18.645 0 0 "KDE QDA" 133 1000 4.11616161616162
232.93 18.69 0 0 "KDE QDA" 133 1000 4.12626262626263
238.2 18.695 0 0 "KDE QDA" 133 1000 4.13636363636364
241.835 18.775 0 0 "KDE QDA" 133 1000 4.14646464646465
243.745 18.775 0 0 "KDE QDA" 133 1000 4.15656565656566
247.72 18.79 0 0 "KDE QDA" 133 1000 4.16666666666667
249.355 18.8 0 0 "KDE QDA" 133 1000 4.17676767676768
249.905 18.8 0 0 "KDE QDA" 133 1000 4.18686868686869
253.37 18.805 0 0 "KDE QDA" 133 1000 4.1969696969697
253.58 18.835 0 0 "KDE QDA" 133 1000 4.20707070707071
260.415 19.46 0 0 "KDE QDA" 133 1000 4.21717171717172
260.45 19.475 0 0 "KDE QDA" 133 1000 4.22727272727273
266.77 19.515 0 0 "KDE QDA" 133 1000 4.23737373737374
266.815 19.55 0 0 "KDE QDA" 133 1000 4.24747474747475
266.9 19.6 0 0 "KDE QDA" 133 1000 4.25757575757576
267.06 19.63 0 0 "KDE QDA" 133 1000 4.26767676767677
267.07 19.635 0 0 "KDE QDA" 133 1000 4.27777777777778
268.78 19.68 0 0 "KDE QDA" 133 1000 4.28787878787879
274.575 19.695 0 0 "KDE QDA" 133 1000 4.2979797979798
275.51 19.705 0 0 "KDE QDA" 133 1000 4.30808080808081
276.96 19.715 0 0 "KDE QDA" 133 1000 4.31818181818182
277.845 19.74 0 0 "KDE QDA" 133 1000 4.32828282828283
280.97 19.765 0 0 "KDE QDA" 133 1000 4.33838383838384
287.875 19.955 0 0 "KDE QDA" 133 1000 4.34848484848485
287.895 19.96 0 0 "KDE QDA" 133 1000 4.35858585858586
287.955 19.96 0 0 "KDE QDA" 133 1000 4.36868686868687
291.175 20.085 0 0 "KDE QDA" 133 1000 4.37878787878788
295.27 20.09 0 0 "KDE QDA" 133 1000 4.38888888888889
298.75 20.175 0 0 "KDE QDA" 133 1000 4.3989898989899
311.41 20.18 0 0 "KDE QDA" 133 1000 4.40909090909091
311.41 20.19 0 0 "KDE QDA" 133 1000 4.41919191919192
317.445 20.205 0 0 "KDE QDA" 133 1000 4.42929292929293
317.545 20.25 0 0 "KDE QDA" 133 1000 4.43939393939394
318.095 20.27 0 0 "KDE QDA" 133 1000 4.44949494949495
318.12 20.285 0 0 "KDE QDA" 133 1000 4.45959595959596
320.445 20.3 0 0 "KDE QDA" 133 1000 4.46969696969697
339.335 20.63 0 0 "KDE QDA" 133 1000 4.47979797979798
339.375 20.645 0 0 "KDE QDA" 133 1000 4.48989898989899
340.23 20.655 0 0 "KDE QDA" 133 1000 4.5
