36.119 9.76 0 0 31.6284238651912 6.34039435686777 "LDA" 11 5000 1.5
37.801 10.128 0 0 32.9602150292557 6.67773975295595 "LDA" 11 5000 1.53535353535354
40.294 10.412 0 0 35.3828986024819 6.94380821109515 "LDA" 11 5000 1.57070707070707
43.844 10.67 0 0 39.633325175469 6.98124901703397 "LDA" 11 5000 1.60606060606061
46.534 11.02 0 0 42.5869521390354 7.16386215116685 "LDA" 11 5000 1.64141414141414
48.546 11.374 0 0 44.4015245163877 7.3090044154827 "LDA" 11 5000 1.67676767676768
51.716 11.638 0 0 48.4597946311754 7.51714463499695 "LDA" 11 5000 1.71212121212121
53.803 11.871 0 0 50.6088672907076 7.58999123629052 "LDA" 11 5000 1.74747474747475
56.309 12.153 0 0 52.8680106070348 7.67740408820153 "LDA" 11 5000 1.78282828282828
58.198 12.403 0 0 54.4406151377497 7.85826592470268 "LDA" 11 5000 1.81818181818182
61.694 12.683 0 0 56.9402191122633 8.00340962125303 "LDA" 11 5000 1.85353535353535
64.178 12.998 0 0 58.6737328190641 8.17990873463188 "LDA" 11 5000 1.88888888888889
66.919 13.284 0 0 60.2979459126203 8.4089270453521 "LDA" 11 5000 1.92424242424242
70.226 13.626 0 0 63.3533311560534 8.63473697819932 "LDA" 11 5000 1.95959595959596
74.315 13.937 0 0 67.5699746668332 8.7560092906928 "LDA" 11 5000 1.99494949494949
78.676 14.145 0 0 71.5048947553521 8.8285853294239 "LDA" 11 5000 2.03030303030303
82.292 14.452 0 0 73.5524758434596 8.92790027965162 "LDA" 11 5000 2.06565656565657
86.872 14.752 0 0 77.9815923455321 9.04601162536984 "LDA" 11 5000 2.1010101010101
90.059 15.089 0 0 80.061334839836 9.2534699278544 "LDA" 11 5000 2.13636363636364
93.445 15.351 0 0 83.0031233960114 9.43147664746893 "LDA" 11 5000 2.17171717171717
98.394 15.633 0 0 89.1268779009136 9.5557115183864 "LDA" 11 5000 2.20707070707071
103.328 15.993 0 0 92.3613828450021 9.98923098820604 "LDA" 11 5000 2.24242424242424
107.597 16.24 0 0 95.0503506577443 10.0708401745744 "LDA" 11 5000 2.27777777777778
112.445 16.61 0 0 99.9925471446972 10.2917355105842 "LDA" 11 5000 2.31313131313131
118.128 16.837 0 0 104.134036287438 10.4716802418278 "LDA" 11 5000 2.34848484848485
122.999 17.147 0 0 107.796665626169 10.7199957700229 "LDA" 11 5000 2.38383838383838
128.899 17.451 0 0 113.807754586425 10.7714262111673 "LDA" 11 5000 2.41919191919192
134.252 17.751 0 0 118.109518474822 10.9868881267951 "LDA" 11 5000 2.45454545454545
140.18 18.072 0 0 124.077995426058 11.155234433003 "LDA" 11 5000 2.48989898989899
146.093 18.349 0 0 133.077774421746 11.2349197781926 "LDA" 11 5000 2.52525252525253
151.889 18.708 0 0 138.444933741465 11.4037178490517 "LDA" 11 5000 2.56060606060606
160.356 19.021 0 0 146.272844400487 11.5790601360229 "LDA" 11 5000 2.5959595959596
167.722 19.349 0 0 152.927779103803 11.7599104798674 "LDA" 11 5000 2.63131313131313
176.526 19.606 0 0 165.137838879615 11.8524784431462 "LDA" 11 5000 2.66666666666667
184.346 19.971 0 0 172.724624996206 12.0710342915953 "LDA" 11 5000 2.7020202020202
192.548 20.286 0 0 179.81702883726 12.1881399218566 "LDA" 11 5000 2.73737373737374
198.715 20.541 0 0 185.844558636983 12.3073876509514 "LDA" 11 5000 2.77272727272727
206.892 20.849 0 0 192.734467366143 12.4087136793132 "LDA" 11 5000 2.80808080808081
215.426 21.249 0 0 197.71026749735 12.606185581488 "LDA" 11 5000 2.84343434343434
226.602 21.679 0 0 210.220708642946 12.9227302051833 "LDA" 11 5000 2.87878787878788
233.417 22.057 0 0 220.111644960568 13.2424738668466 "LDA" 11 5000 2.91414141414141
243.91 22.385 0 0 225.335731947004 13.3662796780717 "LDA" 11 5000 2.94949494949495
255.189 22.727 0 0 237.669459651532 13.5450337370912 "LDA" 11 5000 2.98484848484848
262.495 22.966 0 0 243.36373575963 13.5870324740707 "LDA" 11 5000 3.02020202020202
277.859 23.37 0 0 267.290170328342 13.860563308005 "LDA" 11 5000 3.05555555555556
292.736 23.7 0 0 285.145159639904 14.0950583776964 "LDA" 11 5000 3.09090909090909
300.777 23.992 0 0 288.383137692038 14.243061496771 "LDA" 11 5000 3.12626262626263
312.298 24.205 0 0 299.977371845977 14.2728655038044 "LDA" 11 5000 3.16161616161616
325.035 24.629 0 0 315.910368832896 14.5403845128587 "LDA" 11 5000 3.1969696969697
338.052 24.954 0 0 330.586607110453 14.5766375533716 "LDA" 11 5000 3.23232323232323
353.592 25.328 0 0 343.454915257905 14.7608366395099 "LDA" 11 5000 3.26767676767677
365.317 25.58 0 0 351.196659443971 14.8505265273033 "LDA" 11 5000 3.3030303030303
381.353 25.865 0 0 365.296950785595 14.9702666604134 "LDA" 11 5000 3.33838383838384
390.07 26.321 0 0 371.10258181024 15.2011523916456 "LDA" 11 5000 3.37373737373737
407.964 26.732 0 0 389.031845072457 15.3884690915302 "LDA" 11 5000 3.40909090909091
423.861 27.085 0 0 399.608804802742 15.4637933219474 "LDA" 11 5000 3.44444444444444
441.991 27.361 0 0 419.704704474417 15.5846578583093 "LDA" 11 5000 3.47979797979798
452.687 27.634 0 0 423.563954385232 15.613193645626 "LDA" 11 5000 3.51515151515152
469.001 27.9 0 0 438.024102205704 15.6251766756778 "LDA" 11 5000 3.55050505050505
484.623 28.278 0 0 442.818058240293 16.0207171930404 "LDA" 11 5000 3.58585858585859
506.936 28.554 0 0 480.647086255108 16.0898093825243 "LDA" 11 5000 3.62121212121212
524.195 28.943 0 0 493.526505252136 16.2053807534833 "LDA" 11 5000 3.65656565656566
548.7 29.179 0 0 518.867852008436 16.2709465828729 "LDA" 11 5000 3.69191919191919
569.966 29.455 0 0 533.620677890083 16.424242166101 "LDA" 11 5000 3.72727272727273
599.64 29.644 0 0 563.610465798105 16.4536922296483 "LDA" 11 5000 3.76262626262626
628.639 29.962 0 0 594.021017850925 16.5956612393713 "LDA" 11 5000 3.7979797979798
654.825 30.229 0 0 622.078911833175 16.6833717783275 "LDA" 11 5000 3.83333333333333
676.993 30.597 0 0 631.949394325201 17.0332240554078 "LDA" 11 5000 3.86868686868687
690.978 30.943 0 0 647.204515745372 17.333037390636 "LDA" 11 5000 3.9040404040404
718.016 31.217 0 0 672.370756486463 17.423590114913 "LDA" 11 5000 3.93939393939394
754.928 31.666 0 0 703.617360648674 17.9726308441324 "LDA" 11 5000 3.97474747474747
785.333 31.985 0 0 720.419341869122 18.1160969297464 "LDA" 11 5000 4.01010101010101
825.765 32.321 0 0 757.870357814748 18.2756109872408 "LDA" 11 5000 4.04545454545454
856.399 32.783 0 0 789.668871569423 18.5659528601579 "LDA" 11 5000 4.08080808080808
888.692 33.227 0 0 830.549310573005 18.8806766550077 "LDA" 11 5000 4.11616161616162
927.889 33.542 0 0 863.119518944499 19.0528540446634 "LDA" 11 5000 4.15151515151515
956.099 33.837 0 0 891.880535772078 19.1004517815223 "LDA" 11 5000 4.18686868686869
996.809 34.201 0 0 922.795505008051 19.7543624000835 "LDA" 11 5000 4.22222222222222
1035.189 34.477 0 0 953.381977212425 19.7856752208244 "LDA" 11 5000 4.25757575757576
1067.777 34.707 0 0 983.794572577036 19.8047817554342 "LDA" 11 5000 4.29292929292929
1097.454 35.066 0 0 1002.57250786041 19.8570881034443 "LDA" 11 5000 4.32828282828283
1141.054 35.56 0 0 1067.74927187594 20.2192784050079 "LDA" 11 5000 4.36363636363636
1179.628 35.877 0 0 1096.91752090285 20.308035042497 "LDA" 11 5000 4.3989898989899
1225.159 36.278 0 0 1131.58359087703 20.7245318939228 "LDA" 11 5000 4.43434343434343
1266.699 36.644 0 0 1186.82993967321 20.9298189509924 "LDA" 11 5000 4.46969696969697
1323.717 37.047 0 0 1234.18138480598 21.0369994615759 "LDA" 11 5000 4.50505050505051
1373.047 37.42 0 0 1280.93191597538 21.1017744487255 "LDA" 11 5000 4.54040404040404
1437.959 37.814 0 0 1341.55947954467 21.2641851376809 "LDA" 11 5000 4.57575757575758
1484.912 38.096 0 0 1369.73287556604 21.3003870971983 "LDA" 11 5000 4.61111111111111
1540.845 38.362 0 0 1418.90241843759 21.3145317862079 "LDA" 11 5000 4.64646464646465
1601.37 38.669 0 0 1484.24675493313 21.5581583905767 "LDA" 11 5000 4.68181818181818
1643.97697697698 38.991 1 0 1511.09816351885 21.8203356080067 "LDA" 11 5000 4.71717171717172
1705.19119119119 39.243 1 0 1572.71779190943 22.0120530955538 "LDA" 11 5000 4.75252525252525
1772.84168336673 39.646 2 0 1643.47200941274 22.2636104967804 "LDA" 11 5000 4.78787878787879
1817.71013039117 39.967 3 0 1668.32485521188 22.2880386680315 "LDA" 11 5000 4.82323232323232
1874.42168674699 40.316 4 0 1707.3301408753 22.5434325325659 "LDA" 11 5000 4.85858585858586
1937.97590361446 40.608 4 0 1766.56292564773 22.4808746654957 "LDA" 11 5000 4.89393939393939
1977.07444668008 40.905 6 0 1799.54980397035 22.6044893315009 "LDA" 11 5000 4.92929292929293
2056.76358148893 41.267 6 0 1868.95543778891 22.6811848708825 "LDA" 11 5000 4.96464646464646
2109.72177419355 41.532 8 0 1909.76172223952 22.6720753130144 "LDA" 11 5000 5
22.401 8.373 0 0 18.4850722718873 5.36531990263933 "uLSIF" 11 5000 1.5
23.078 8.56 0 0 19.2626313094801 5.44720773167979 "uLSIF" 11 5000 1.53535353535354
23.872 8.812 0 0 19.9001414977791 5.70536652698205 "uLSIF" 11 5000 1.57070707070707
24.687 9.057 0 0 20.558835003392 5.85406021672318 "uLSIF" 11 5000 1.60606060606061
25.648 9.221 0 0 21.3861980133325 5.94554526586994 "uLSIF" 11 5000 1.64141414141414
26.568 9.446 0 0 21.8993369067869 6.12589671889844 "uLSIF" 11 5000 1.67676767676768
27.533 9.613 0 0 23.1371181705336 6.19593581475959 "uLSIF" 11 5000 1.71212121212121
28.435 9.915 0 0 24.0598139986503 6.34839169215929 "uLSIF" 11 5000 1.74747474747475
29.823 10.127 0 0 25.4415987301495 6.46255643191111 "uLSIF" 11 5000 1.78282828282828
30.951 10.376 0 0 26.2237732846607 6.52604115932571 "uLSIF" 11 5000 1.81818181818182
32.197 10.687 0 0 27.7684222864079 6.65156179211125 "uLSIF" 11 5000 1.85353535353535
33.578 10.871 0 0 29.2708164678865 6.65737783813415 "uLSIF" 11 5000 1.88888888888889
35 11.041 0 0 30.6841900580661 6.68281220587403 "uLSIF" 11 5000 1.92424242424242
35.975 11.264 0 0 31.3959245616223 6.80842556386267 "uLSIF" 11 5000 1.95959595959596
37.478 11.467 0 0 32.8231759108846 6.87969775798627 "uLSIF" 11 5000 1.99494949494949
38.595 11.751 0 0 33.579585518043 7.03267072010751 "uLSIF" 11 5000 2.03030303030303
39.852 12.005 0 0 34.4044730197072 7.1272556270119 "uLSIF" 11 5000 2.06565656565657
41.366 12.168 0 0 36.113213761838 7.18062235027977 "uLSIF" 11 5000 2.1010101010101
42.674 12.39 0 0 37.1181287173731 7.33032288740637 "uLSIF" 11 5000 2.13636363636364
43.84 12.577 0 0 37.6883644220973 7.36099553425046 "uLSIF" 11 5000 2.17171717171717
44.885 12.807 0 0 38.9775194441876 7.46615660795395 "uLSIF" 11 5000 2.20707070707071
46.801 13.051 0 0 40.7517374243492 7.67406608586936 "uLSIF" 11 5000 2.24242424242424
48.86 13.375 0 0 42.5819165799242 7.93532257342727 "uLSIF" 11 5000 2.27777777777778
50.873 13.667 0 0 43.8958963995579 8.15221255669708 "uLSIF" 11 5000 2.31313131313131
52.59 13.897 0 0 46.3377285274654 8.22033849454905 "uLSIF" 11 5000 2.34848484848485
54.544 14.164 0 0 48.0269784043787 8.4338742126163 "uLSIF" 11 5000 2.38383838383838
56.351 14.412 0 0 49.2143459862147 8.52155343073508 "uLSIF" 11 5000 2.41919191919192
57.766 14.63 0 0 50.4922440649127 8.56834386077709 "uLSIF" 11 5000 2.45454545454545
58.853 14.93 0 0 51.1567043445862 8.80378365287372 "uLSIF" 11 5000 2.48989898989899
60.529 15.216 0 0 52.0981129444472 9.15987157373111 "uLSIF" 11 5000 2.52525252525253
61.989 15.548 0 0 53.267779523229 9.48248984252626 "uLSIF" 11 5000 2.56060606060606
63.575 15.827 0 0 54.3075840807588 9.65724253259352 "uLSIF" 11 5000 2.5959595959596
64.821 16.061 0 0 56.3640831458196 9.8185377059256 "uLSIF" 11 5000 2.63131313131313
67.264 16.322 0 0 59.2673005705247 9.84516344421174 "uLSIF" 11 5000 2.66666666666667
69.128 16.599 0 0 61.7829162855295 9.96662091847245 "uLSIF" 11 5000 2.7020202020202
71.066 16.783 0 0 63.5220016111637 10.0630599807502 "uLSIF" 11 5000 2.73737373737374
73.118 16.944 0 0 65.9860305839973 10.1038087348757 "uLSIF" 11 5000 2.77272727272727
75.466 17.149 0 0 68.0638636394786 10.1624837060177 "uLSIF" 11 5000 2.80808080808081
78.014 17.408 0 0 69.9945357798667 10.2426777967702 "uLSIF" 11 5000 2.84343434343434
79.306 17.621 0 0 70.2786699892326 10.2980293458704 "uLSIF" 11 5000 2.87878787878788
82.385 17.852 0 0 74.1087503732311 10.368297719375 "uLSIF" 11 5000 2.91414141414141
85.811 18.143 0 0 76.2332787684735 10.4389425959971 "uLSIF" 11 5000 2.94949494949495
88.212 18.366 0 0 78.7047870176872 10.5270538548477 "uLSIF" 11 5000 2.98484848484848
89.99 18.626 0 0 80.0071437000662 10.6048378859173 "uLSIF" 11 5000 3.02020202020202
92.118 18.885 0 0 81.0787508527348 10.7528321105836 "uLSIF" 11 5000 3.05555555555556
95.407 19.1 0 0 85.6028574301127 10.8204936617089 "uLSIF" 11 5000 3.09090909090909
98.372 19.341 0 0 89.6760023718798 11.013719672346 "uLSIF" 11 5000 3.12626262626263
101.913 19.566 0 0 94.1645495576408 11.1051775748508 "uLSIF" 11 5000 3.16161616161616
103.973 19.9 0 0 96.0395119669965 11.2522270068024 "uLSIF" 11 5000 3.1969696969697
108.229 20.095 0 0 101.058316542194 11.2768409646559 "uLSIF" 11 5000 3.23232323232323
112.058 20.298 0 0 103.674109385887 11.3756142955271 "uLSIF" 11 5000 3.26767676767677
114.433 20.5 0 0 104.755655018038 11.5120166142395 "uLSIF" 11 5000 3.3030303030303
118.055 20.709 0 0 109.991809573137 11.5473659620132 "uLSIF" 11 5000 3.33838383838384
122.107 20.913 0 0 115.515875395845 11.6653122765964 "uLSIF" 11 5000 3.37373737373737
127.457 21.133 0 0 121.284525340569 11.779901403538 "uLSIF" 11 5000 3.40909090909091
130.389 21.483 0 0 124.248554850277 12.0110772613025 "uLSIF" 11 5000 3.44444444444444
133.134 21.718 0 0 126.732368150907 12.1917642330844 "uLSIF" 11 5000 3.47979797979798
137.879 22.003 0 0 130.723697331601 12.2378411395048 "uLSIF" 11 5000 3.51515151515152
142.055 22.318 0 0 137.360248299182 12.3453344743382 "uLSIF" 11 5000 3.55050505050505
144.727 22.655 0 0 137.749211672214 12.5418209312792 "uLSIF" 11 5000 3.58585858585859
149.178 22.942 0 0 141.990759177109 12.6812242882716 "uLSIF" 11 5000 3.62121212121212
153.266 23.388 0 0 145.92563014609 13.2476774174554 "uLSIF" 11 5000 3.65656565656566
157.712 23.724 0 0 150.179722349607 13.7126898113339 "uLSIF" 11 5000 3.69191919191919
161.36 23.952 0 0 152.180712869172 13.783166242619 "uLSIF" 11 5000 3.72727272727273
166.716 24.238 0 0 158.084274935814 13.9699146208742 "uLSIF" 11 5000 3.76262626262626
172.846 24.539 0 0 164.311425435143 14.1464695808389 "uLSIF" 11 5000 3.7979797979798
177.409 24.738 0 0 167.440903530694 14.1726574861675 "uLSIF" 11 5000 3.83333333333333
182.302 24.971 0 0 170.810605815503 14.3271569554614 "uLSIF" 11 5000 3.86868686868687
185.66 25.251 0 0 172.378870151985 14.4099148035179 "uLSIF" 11 5000 3.9040404040404
190.994 25.565 0 0 177.143116286374 14.4401625092411 "uLSIF" 11 5000 3.93939393939394
198.03 25.831 0 0 186.34569439034 14.4959501782936 "uLSIF" 11 5000 3.97474747474747
203.408 26.115 0 0 192.656762570547 14.6499964982043 "uLSIF" 11 5000 4.01010101010101
207.995 26.34 0 0 194.397627075056 14.7781187162911 "uLSIF" 11 5000 4.04545454545454
211.76 26.522 0 0 197.790114336711 14.8409490858829 "uLSIF" 11 5000 4.08080808080808
216.519 26.762 0 0 206.927999158731 14.8824340362335 "uLSIF" 11 5000 4.11616161616162
222.53 26.953 0 0 208.968938163348 14.9185573818099 "uLSIF" 11 5000 4.15151515151515
230.41 27.131 0 0 219.031583874871 14.9998945274904 "uLSIF" 11 5000 4.18686868686869
235.118 27.388 0 0 221.829435319965 15.0749696752833 "uLSIF" 11 5000 4.22222222222222
242.521 27.609 0 0 230.423454812064 15.0898582770953 "uLSIF" 11 5000 4.25757575757576
247.193 27.791 0 0 233.485582570463 15.117733456602 "uLSIF" 11 5000 4.29292929292929
255.24 28.056 0 0 238.803755484778 15.1157318496112 "uLSIF" 11 5000 4.32828282828283
258.385 28.298 0 0 240.079722275847 15.156943258089 "uLSIF" 11 5000 4.36363636363636
265.267 28.488 0 0 248.030281884555 15.2073376736074 "uLSIF" 11 5000 4.3989898989899
271.403 28.617 0 0 251.255399677036 15.2234708613071 "uLSIF" 11 5000 4.43434343434343
278 28.981 0 0 258.087510668694 15.4249333083669 "uLSIF" 11 5000 4.46969696969697
285.84 29.163 0 0 264.069686255729 15.4991178346915 "uLSIF" 11 5000 4.50505050505051
292.451 29.389 0 0 289.115449850648 15.654607811943 "uLSIF" 11 5000 4.54040404040404
299.182 29.544 0 0 295.721978155774 15.6945972992105 "uLSIF" 11 5000 4.57575757575758
306.13 29.813 0 0 300.744829635611 15.7813523527638 "uLSIF" 11 5000 4.61111111111111
313.907 30.086 0 0 312.553313732113 15.8065318919253 "uLSIF" 11 5000 4.64646464646465
320.389 30.374 0 0 320.930054340161 15.8692140938345 "uLSIF" 11 5000 4.68181818181818
328.184 30.687 0 0 335.77621984562 16.0440781425248 "uLSIF" 11 5000 4.71717171717172
332.915 31.002 0 0 339.185221360527 16.1039539658226 "uLSIF" 11 5000 4.75252525252525
345.687 31.355 0 0 350.490631420747 16.3240144709703 "uLSIF" 11 5000 4.78787878787879
352.811 31.55 0 0 354.150018374296 16.3599250348878 "uLSIF" 11 5000 4.82323232323232
358.481 31.777 0 0 355.087302830771 16.4474249896082 "uLSIF" 11 5000 4.85858585858586
366.547 31.964 0 0 360.036837442109 16.4993009224916 "uLSIF" 11 5000 4.89393939393939
372.455 32.184 0 0 365.708154720987 16.5041367702322 "uLSIF" 11 5000 4.92929292929293
382.803 32.6 0 0 376.24772496527 16.6780141550532 "uLSIF" 11 5000 4.96464646464646
392.042 32.918 0 0 382.884079656564 17.3590498764366 "uLSIF" 11 5000 5
