148.435 15.47 0 0 "KDE LDA" 90 1500 2.5
149.25 15.55 0 0 "KDE LDA" 90 1500 2.51010101010101
151.24 15.66 0 0 "KDE LDA" 90 1500 2.52020202020202
156.13 15.745 0 0 "KDE LDA" 90 1500 2.53030303030303
159.45 15.81 0 0 "KDE LDA" 90 1500 2.54040404040404
160.865 15.83 0 0 "KDE LDA" 90 1500 2.55050505050505
160.885 15.84 0 0 "KDE LDA" 90 1500 2.56060606060606
160.885 15.965 0 0 "KDE LDA" 90 1500 2.57070707070707
163.035 16.025 0 0 "KDE LDA" 90 1500 2.58080808080808
164.21 16.33 0 0 "KDE LDA" 90 1500 2.59090909090909
165.72 16.37 0 0 "KDE LDA" 90 1500 2.6010101010101
167.95 16.395 0 0 "KDE LDA" 90 1500 2.61111111111111
169.555 16.435 0 0 "KDE LDA" 90 1500 2.62121212121212
170.065 16.515 0 0 "KDE LDA" 90 1500 2.63131313131313
172.31 16.545 0 0 "KDE LDA" 90 1500 2.64141414141414
176.78 16.585 0 0 "KDE LDA" 90 1500 2.65151515151515
183.26 16.83 0 0 "KDE LDA" 90 1500 2.66161616161616
188.78 16.975 0 0 "KDE LDA" 90 1500 2.67171717171717
188.795 16.99 0 0 "KDE LDA" 90 1500 2.68181818181818
189.455 17.03 0 0 "KDE LDA" 90 1500 2.69191919191919
190.2 17.04 0 0 "KDE LDA" 90 1500 2.7020202020202
190.405 17.11 0 0 "KDE LDA" 90 1500 2.71212121212121
196.5 17.135 0 0 "KDE LDA" 90 1500 2.72222222222222
199.715 17.205 0 0 "KDE LDA" 90 1500 2.73232323232323
199.72 17.225 0 0 "KDE LDA" 90 1500 2.74242424242424
201.325 17.255 0 0 "KDE LDA" 90 1500 2.75252525252525
202.64 17.305 0 0 "KDE LDA" 90 1500 2.76262626262626
203.08 17.32 0 0 "KDE LDA" 90 1500 2.77272727272727
209.75 17.535 0 0 "KDE LDA" 90 1500 2.78282828282828
217.915 17.62 0 0 "KDE LDA" 90 1500 2.79292929292929
271.745 18.245 0 0 "KDE LDA" 90 1500 2.8030303030303
271.745 18.25 0 0 "KDE LDA" 90 1500 2.81313131313131
271.775 18.335 0 0 "KDE LDA" 90 1500 2.82323232323232
276.505 18.34 0 0 "KDE LDA" 90 1500 2.83333333333333
277.935 18.38 0 0 "KDE LDA" 90 1500 2.84343434343434
277.94 18.39 0 0 "KDE LDA" 90 1500 2.85353535353535
280.115 18.45 0 0 "KDE LDA" 90 1500 2.86363636363636
280.65 18.46 0 0 "KDE LDA" 90 1500 2.87373737373737
281.185 18.47 0 0 "KDE LDA" 90 1500 2.88383838383838
281.19 18.53 0 0 "KDE LDA" 90 1500 2.89393939393939
281.195 18.53 0 0 "KDE LDA" 90 1500 2.9040404040404
282.99 18.6 0 0 "KDE LDA" 90 1500 2.91414141414141
283.025 18.61 0 0 "KDE LDA" 90 1500 2.92424242424242
283.545 18.615 0 0 "KDE LDA" 90 1500 2.93434343434343
286.97 18.63 0 0 "KDE LDA" 90 1500 2.94444444444444
290.615 18.69 0 0 "KDE LDA" 90 1500 2.95454545454545
294.475 18.715 0 0 "KDE LDA" 90 1500 2.96464646464646
298.395 18.745 0 0 "KDE LDA" 90 1500 2.97474747474747
299.94 18.78 0 0 "KDE LDA" 90 1500 2.98484848484848
300.01 18.79 0 0 "KDE LDA" 90 1500 2.99494949494949
302.265 18.805 0 0 "KDE LDA" 90 1500 3.00505050505051
305.485 18.81 0 0 "KDE LDA" 90 1500 3.01515151515152
309.525 18.85 0 0 "KDE LDA" 90 1500 3.02525252525253
310.21 18.95 0 0 "KDE LDA" 90 1500 3.03535353535354
310.245 18.98 0 0 "KDE LDA" 90 1500 3.04545454545455
311.295 19.045 0 0 "KDE LDA" 90 1500 3.05555555555556
318.44 19.075 0 0 "KDE LDA" 90 1500 3.06565656565657
326.15 19.155 0 0 "KDE LDA" 90 1500 3.07575757575758
326.4 19.17 0 0 "KDE LDA" 90 1500 3.08585858585859
329.85 19.48 0 0 "KDE LDA" 90 1500 3.0959595959596
331.42 19.59 0 0 "KDE LDA" 90 1500 3.10606060606061
332.775 19.8 0 0 "KDE LDA" 90 1500 3.11616161616162
332.78 19.815 0 0 "KDE LDA" 90 1500 3.12626262626263
337.355 20.04 0 0 "KDE LDA" 90 1500 3.13636363636364
337.375 20.16 0 0 "KDE LDA" 90 1500 3.14646464646465
340.165 20.195 0 0 "KDE LDA" 90 1500 3.15656565656566
341.235 20.29 0 0 "KDE LDA" 90 1500 3.16666666666667
341.27 20.35 0 0 "KDE LDA" 90 1500 3.17676767676768
347.03 20.36 0 0 "KDE LDA" 90 1500 3.18686868686869
347.045 20.385 0 0 "KDE LDA" 90 1500 3.1969696969697
350.175 20.445 0 0 "KDE LDA" 90 1500 3.20707070707071
369.76 20.625 0 0 "KDE LDA" 90 1500 3.21717171717172
391.555 20.835 0 0 "KDE LDA" 90 1500 3.22727272727273
392.72 20.91 0 0 "KDE LDA" 90 1500 3.23737373737374
393.245 21.18 0 0 "KDE LDA" 90 1500 3.24747474747475
398.74 21.19 0 0 "KDE LDA" 90 1500 3.25757575757576
399.475 21.32 0 0 "KDE LDA" 90 1500 3.26767676767677
401.395 21.35 0 0 "KDE LDA" 90 1500 3.27777777777778
407.335 21.395 0 0 "KDE LDA" 90 1500 3.28787878787879
407.4 21.44 0 0 "KDE LDA" 90 1500 3.2979797979798
413.6 21.47 0 0 "KDE LDA" 90 1500 3.30808080808081
417.995 21.675 0 0 "KDE LDA" 90 1500 3.31818181818182
423.96 21.745 0 0 "KDE LDA" 90 1500 3.32828282828283
440.65 21.9 0 0 "KDE LDA" 90 1500 3.33838383838384
451.765 21.94 0 0 "KDE LDA" 90 1500 3.34848484848485
492.215 22.375 0 0 "KDE LDA" 90 1500 3.35858585858586
499.61 22.455 0 0 "KDE LDA" 90 1500 3.36868686868687
505.765 22.59 0 0 "KDE LDA" 90 1500 3.37878787878788
508.615 22.715 0 0 "KDE LDA" 90 1500 3.38888888888889
509.785 22.72 0 0 "KDE LDA" 90 1500 3.3989898989899
509.79 22.81 0 0 "KDE LDA" 90 1500 3.40909090909091
515.31 22.835 0 0 "KDE LDA" 90 1500 3.41919191919192
519.14 22.87 0 0 "KDE LDA" 90 1500 3.42929292929293
519.93 22.875 0 0 "KDE LDA" 90 1500 3.43939393939394
521.38 23.005 0 0 "KDE LDA" 90 1500 3.44949494949495
525.105 23.12 0 0 "KDE LDA" 90 1500 3.45959595959596
526.82 23.15 0 0 "KDE LDA" 90 1500 3.46969696969697
529.85 23.63 0 0 "KDE LDA" 90 1500 3.47979797979798
530 23.93 0 0 "KDE LDA" 90 1500 3.48989898989899
534.225 24.055 0 0 "KDE LDA" 90 1500 3.5
98.78 13.235 0 0 "KDE QDA" 90 1500 2.8
99 13.235 0 0 "KDE QDA" 90 1500 2.81010101010101
99.205 13.235 0 0 "KDE QDA" 90 1500 2.82020202020202
103.365 13.28 0 0 "KDE QDA" 90 1500 2.83030303030303
104.84 13.28 0 0 "KDE QDA" 90 1500 2.84040404040404
104.855 13.28 0 0 "KDE QDA" 90 1500 2.85050505050505
105.415 13.285 0 0 "KDE QDA" 90 1500 2.86060606060606
105.415 13.29 0 0 "KDE QDA" 90 1500 2.87070707070707
105.55 13.29 0 0 "KDE QDA" 90 1500 2.88080808080808
106.19 13.335 0 0 "KDE QDA" 90 1500 2.89090909090909
106.565 13.385 0 0 "KDE QDA" 90 1500 2.9010101010101
108.435 13.395 0 0 "KDE QDA" 90 1500 2.91111111111111
108.44 13.395 0 0 "KDE QDA" 90 1500 2.92121212121212
109.31 13.395 0 0 "KDE QDA" 90 1500 2.93131313131313
109.485 13.4 0 0 "KDE QDA" 90 1500 2.94141414141414
109.49 13.405 0 0 "KDE QDA" 90 1500 2.95151515151515
110.47 13.55 0 0 "KDE QDA" 90 1500 2.96161616161616
112.095 13.55 0 0 "KDE QDA" 90 1500 2.97171717171717
112.095 13.555 0 0 "KDE QDA" 90 1500 2.98181818181818
112.72 13.565 0 0 "KDE QDA" 90 1500 2.99191919191919
112.97 13.57 0 0 "KDE QDA" 90 1500 3.0020202020202
113.385 13.575 0 0 "KDE QDA" 90 1500 3.01212121212121
113.39 13.58 0 0 "KDE QDA" 90 1500 3.02222222222222
113.39 13.585 0 0 "KDE QDA" 90 1500 3.03232323232323
113.43 13.62 0 0 "KDE QDA" 90 1500 3.04242424242424
113.44 13.625 0 0 "KDE QDA" 90 1500 3.05252525252525
113.455 13.625 0 0 "KDE QDA" 90 1500 3.06262626262626
113.47 13.635 0 0 "KDE QDA" 90 1500 3.07272727272727
113.555 13.665 0 0 "KDE QDA" 90 1500 3.08282828282828
123.04 14.07 0 0 "KDE QDA" 90 1500 3.09292929292929
123.11 14.1 0 0 "KDE QDA" 90 1500 3.1030303030303
123.73 14.13 0 0 "KDE QDA" 90 1500 3.11313131313131
123.84 14.16 0 0 "KDE QDA" 90 1500 3.12323232323232
123.87 14.16 0 0 "KDE QDA" 90 1500 3.13333333333333
124.205 14.175 0 0 "KDE QDA" 90 1500 3.14343434343434
125.105 14.195 0 0 "KDE QDA" 90 1500 3.15353535353535
125.135 14.205 0 0 "KDE QDA" 90 1500 3.16363636363636
125.14 14.215 0 0 "KDE QDA" 90 1500 3.17373737373737
125.16 14.235 0 0 "KDE QDA" 90 1500 3.18383838383838
125.16 14.235 0 0 "KDE QDA" 90 1500 3.19393939393939
125.17 14.25 0 0 "KDE QDA" 90 1500 3.2040404040404
125.54 14.255 0 0 "KDE QDA" 90 1500 3.21414141414141
138.265 14.95 0 0 "KDE QDA" 90 1500 3.22424242424242
144.265 15.01 0 0 "KDE QDA" 90 1500 3.23434343434343
144.265 15.015 0 0 "KDE QDA" 90 1500 3.24444444444444
144.315 15.095 0 0 "KDE QDA" 90 1500 3.25454545454545
144.32 15.1 0 0 "KDE QDA" 90 1500 3.26464646464646
144.325 15.1 0 0 "KDE QDA" 90 1500 3.27474747474747
144.805 15.115 0 0 "KDE QDA" 90 1500 3.28484848484848
145.075 15.12 0 0 "KDE QDA" 90 1500 3.29494949494949
146.93 15.12 0 0 "KDE QDA" 90 1500 3.30505050505051
146.93 15.135 0 0 "KDE QDA" 90 1500 3.31515151515151
150.205 15.135 0 0 "KDE QDA" 90 1500 3.32525252525252
150.23 15.17 0 0 "KDE QDA" 90 1500 3.33535353535354
150.235 15.31 0 0 "KDE QDA" 90 1500 3.34545454545455
152.16 15.315 0 0 "KDE QDA" 90 1500 3.35555555555556
170.735 16.05 0 0 "KDE QDA" 90 1500 3.36565656565657
172.6 16.055 0 0 "KDE QDA" 90 1500 3.37575757575758
180.81 16.15 0 0 "KDE QDA" 90 1500 3.38585858585859
181.27 16.15 0 0 "KDE QDA" 90 1500 3.3959595959596
182.105 16.23 0 0 "KDE QDA" 90 1500 3.40606060606061
184.155 16.23 0 0 "KDE QDA" 90 1500 3.41616161616162
186.26 16.25 0 0 "KDE QDA" 90 1500 3.42626262626263
186.305 16.255 0 0 "KDE QDA" 90 1500 3.43636363636364
186.305 16.26 0 0 "KDE QDA" 90 1500 3.44646464646465
186.525 16.265 0 0 "KDE QDA" 90 1500 3.45656565656566
186.53 16.29 0 0 "KDE QDA" 90 1500 3.46666666666667
186.55 16.29 0 0 "KDE QDA" 90 1500 3.47676767676768
186.58 16.29 0 0 "KDE QDA" 90 1500 3.48686868686869
186.615 16.295 0 0 "KDE QDA" 90 1500 3.4969696969697
189.57 16.305 0 0 "KDE QDA" 90 1500 3.50707070707071
195.145 16.34 0 0 "KDE QDA" 90 1500 3.51717171717172
196.225 16.375 0 0 "KDE QDA" 90 1500 3.52727272727273
196.695 16.38 0 0 "KDE QDA" 90 1500 3.53737373737374
197.735 16.445 0 0 "KDE QDA" 90 1500 3.54747474747475
199.43 16.465 0 0 "KDE QDA" 90 1500 3.55757575757576
199.445 16.47 0 0 "KDE QDA" 90 1500 3.56767676767677
199.45 16.505 0 0 "KDE QDA" 90 1500 3.57777777777778
199.46 16.51 0 0 "KDE QDA" 90 1500 3.58787878787879
201.63 16.515 0 0 "KDE QDA" 90 1500 3.5979797979798
201.665 16.515 0 0 "KDE QDA" 90 1500 3.60808080808081
202.455 16.525 0 0 "KDE QDA" 90 1500 3.61818181818182
202.46 16.535 0 0 "KDE QDA" 90 1500 3.62828282828283
204.78 16.645 0 0 "KDE QDA" 90 1500 3.63838383838384
210.13 16.65 0 0 "KDE QDA" 90 1500 3.64848484848485
227.015 17.17 0 0 "KDE QDA" 90 1500 3.65858585858586
227.02 17.175 0 0 "KDE QDA" 90 1500 3.66868686868687
227.545 17.285 0 0 "KDE QDA" 90 1500 3.67878787878788
227.57 17.29 0 0 "KDE QDA" 90 1500 3.68888888888889
228.335 17.29 0 0 "KDE QDA" 90 1500 3.6989898989899
233.63 17.29 0 0 "KDE QDA" 90 1500 3.70909090909091
233.995 17.3 0 0 "KDE QDA" 90 1500 3.71919191919192
234.045 17.455 0 0 "KDE QDA" 90 1500 3.72929292929293
234.05 17.47 0 0 "KDE QDA" 90 1500 3.73939393939394
234.11 17.48 0 0 "KDE QDA" 90 1500 3.74949494949495
234.13 17.48 0 0 "KDE QDA" 90 1500 3.75959595959596
237.425 17.49 0 0 "KDE QDA" 90 1500 3.76969696969697
238.29 17.5 0 0 "KDE QDA" 90 1500 3.77979797979798
251.615 17.835 0 0 "KDE QDA" 90 1500 3.78989898989899
254.26 17.845 0 0 "KDE QDA" 90 1500 3.8
