133.255 14.845 0 0 "KDE LDA" 20 800 2.4
133.3 14.9 0 0 "KDE LDA" 20 800 2.41010101010101
134.025 14.915 0 0 "KDE LDA" 20 800 2.42020202020202
134.395 14.92 0 0 "KDE LDA" 20 800 2.43030303030303
137.455 14.95 0 0 "KDE LDA" 20 800 2.44040404040404
137.66 14.955 0 0 "KDE LDA" 20 800 2.45050505050505
137.685 14.97 0 0 "KDE LDA" 20 800 2.46060606060606
137.685 14.97 0 0 "KDE LDA" 20 800 2.47070707070707
140.685 14.975 0 0 "KDE LDA" 20 800 2.48080808080808
141.085 14.975 0 0 "KDE LDA" 20 800 2.49090909090909
141.645 15.005 0 0 "KDE LDA" 20 800 2.5010101010101
142.125 15.055 0 0 "KDE LDA" 20 800 2.51111111111111
143.39 15.075 0 0 "KDE LDA" 20 800 2.52121212121212
145.68 15.235 0 0 "KDE LDA" 20 800 2.53131313131313
145.685 15.35 0 0 "KDE LDA" 20 800 2.54141414141414
145.685 15.445 0 0 "KDE LDA" 20 800 2.55151515151515
145.685 15.45 0 0 "KDE LDA" 20 800 2.56161616161616
146.315 15.52 0 0 "KDE LDA" 20 800 2.57171717171717
146.425 15.525 0 0 "KDE LDA" 20 800 2.58181818181818
147.17 15.57 0 0 "KDE LDA" 20 800 2.59191919191919
151.39 15.75 0 0 "KDE LDA" 20 800 2.6020202020202
157.62 15.815 0 0 "KDE LDA" 20 800 2.61212121212121
157.905 15.86 0 0 "KDE LDA" 20 800 2.62222222222222
158.935 15.88 0 0 "KDE LDA" 20 800 2.63232323232323
165.75 16.085 0 0 "KDE LDA" 20 800 2.64242424242424
168.66 16.115 0 0 "KDE LDA" 20 800 2.65252525252525
177.41 16.26 0 0 "KDE LDA" 20 800 2.66262626262626
185.8 16.595 0 0 "KDE LDA" 20 800 2.67272727272727
185.995 16.625 0 0 "KDE LDA" 20 800 2.68282828282828
190.99 16.63 0 0 "KDE LDA" 20 800 2.69292929292929
191.13 16.63 0 0 "KDE LDA" 20 800 2.7030303030303
194.05 16.64 0 0 "KDE LDA" 20 800 2.71313131313131
194.075 16.695 0 0 "KDE LDA" 20 800 2.72323232323232
196.605 16.74 0 0 "KDE LDA" 20 800 2.73333333333333
196.61 16.79 0 0 "KDE LDA" 20 800 2.74343434343434
197.345 16.815 0 0 "KDE LDA" 20 800 2.75353535353535
197.92 16.82 0 0 "KDE LDA" 20 800 2.76363636363636
200.74 16.95 0 0 "KDE LDA" 20 800 2.77373737373737
204.855 17.005 0 0 "KDE LDA" 20 800 2.78383838383838
212.63 17.21 0 0 "KDE LDA" 20 800 2.79393939393939
246.75 18.185 0 0 "KDE LDA" 20 800 2.8040404040404
248.615 18.21 0 0 "KDE LDA" 20 800 2.81414141414141
253.46 18.245 0 0 "KDE LDA" 20 800 2.82424242424242
255.29 18.26 0 0 "KDE LDA" 20 800 2.83434343434343
261.935 18.32 0 0 "KDE LDA" 20 800 2.84444444444444
265.815 18.38 0 0 "KDE LDA" 20 800 2.85454545454545
266.05 18.41 0 0 "KDE LDA" 20 800 2.86464646464646
267.735 18.615 0 0 "KDE LDA" 20 800 2.87474747474747
269.615 18.63 0 0 "KDE LDA" 20 800 2.88484848484848
271.78 18.63 0 0 "KDE LDA" 20 800 2.89494949494949
272.44 18.645 0 0 "KDE LDA" 20 800 2.90505050505051
272.45 18.695 0 0 "KDE LDA" 20 800 2.91515151515152
272.87 18.71 0 0 "KDE LDA" 20 800 2.92525252525253
274.605 18.77 0 0 "KDE LDA" 20 800 2.93535353535354
277.65 18.805 0 0 "KDE LDA" 20 800 2.94545454545455
281.03 18.93 0 0 "KDE LDA" 20 800 2.95555555555556
284.03 18.945 0 0 "KDE LDA" 20 800 2.96565656565657
285.48 18.95 0 0 "KDE LDA" 20 800 2.97575757575758
285.65 18.965 0 0 "KDE LDA" 20 800 2.98585858585859
285.655 18.98 0 0 "KDE LDA" 20 800 2.9959595959596
289.46 18.985 0 0 "KDE LDA" 20 800 3.00606060606061
291.405 18.99 0 0 "KDE LDA" 20 800 3.01616161616162
292.2 19.01 0 0 "KDE LDA" 20 800 3.02626262626263
294.17 19.035 0 0 "KDE LDA" 20 800 3.03636363636364
298 19.04 0 0 "KDE LDA" 20 800 3.04646464646465
298.025 19.095 0 0 "KDE LDA" 20 800 3.05656565656566
298.19 19.1 0 0 "KDE LDA" 20 800 3.06666666666667
300.2 19.26 0 0 "KDE LDA" 20 800 3.07676767676768
306.4 19.515 0 0 "KDE LDA" 20 800 3.08686868686869
322.15 19.915 0 0 "KDE LDA" 20 800 3.0969696969697
324.685 19.965 0 0 "KDE LDA" 20 800 3.10707070707071
338.38 20.105 0 0 "KDE LDA" 20 800 3.11717171717172
341.515 20.11 0 0 "KDE LDA" 20 800 3.12727272727273
341.605 20.125 0 0 "KDE LDA" 20 800 3.13737373737374
346.62 20.345 0 0 "KDE LDA" 20 800 3.14747474747475
348.6 20.42 0 0 "KDE LDA" 20 800 3.15757575757576
353.725 20.425 0 0 "KDE LDA" 20 800 3.16767676767677
362.39 20.465 0 0 "KDE LDA" 20 800 3.17777777777778
365.93 20.47 0 0 "KDE LDA" 20 800 3.18787878787879
367.17 20.57 0 0 "KDE LDA" 20 800 3.1979797979798
367.59 20.71 0 0 "KDE LDA" 20 800 3.20808080808081
379.16 20.915 0 0 "KDE LDA" 20 800 3.21818181818182
395.845 21.015 0 0 "KDE LDA" 20 800 3.22828282828283
396.305 21.05 0 0 "KDE LDA" 20 800 3.23838383838384
401.815 21.05 0 0 "KDE LDA" 20 800 3.24848484848485
402.27 21.1 0 0 "KDE LDA" 20 800 3.25858585858586
405.1 21.175 0 0 "KDE LDA" 20 800 3.26868686868687
407.425 21.255 0 0 "KDE LDA" 20 800 3.27878787878788
410.175 21.32 0 0 "KDE LDA" 20 800 3.28888888888889
420.48 21.475 0 0 "KDE LDA" 20 800 3.2989898989899
433.345 21.525 0 0 "KDE LDA" 20 800 3.30909090909091
444.085 21.56 0 0 "KDE LDA" 20 800 3.31919191919192
449.57 21.6 0 0 "KDE LDA" 20 800 3.32929292929293
454.62 21.715 0 0 "KDE LDA" 20 800 3.33939393939394
466.88 22.045 0 0 "KDE LDA" 20 800 3.34949494949495
513.76 22.28 0 0 "KDE LDA" 20 800 3.35959595959596
523.33 22.33 0 0 "KDE LDA" 20 800 3.36969696969697
530.24 22.45 0 0 "KDE LDA" 20 800 3.37979797979798
536.86 22.705 0 0 "KDE LDA" 20 800 3.38989898989899
536.875 22.79 0 0 "KDE LDA" 20 800 3.4
95.725 16.605 0 0 "KDE QDA" 20 800 4.3
96.14 16.635 0 0 "KDE QDA" 20 800 4.31010101010101
96.26 16.68 0 0 "KDE QDA" 20 800 4.32020202020202
96.305 16.76 0 0 "KDE QDA" 20 800 4.33030303030303
96.315 16.785 0 0 "KDE QDA" 20 800 4.34040404040404
96.755 17.09 0 0 "KDE QDA" 20 800 4.35050505050505
96.795 17.1 0 0 "KDE QDA" 20 800 4.36060606060606
98.04 17.12 0 0 "KDE QDA" 20 800 4.37070707070707
98.465 17.135 0 0 "KDE QDA" 20 800 4.38080808080808
101.595 17.145 0 0 "KDE QDA" 20 800 4.39090909090909
101.6 17.15 0 0 "KDE QDA" 20 800 4.4010101010101
101.62 17.21 0 0 "KDE QDA" 20 800 4.41111111111111
103.8 17.235 0 0 "KDE QDA" 20 800 4.42121212121212
104.02 17.24 0 0 "KDE QDA" 20 800 4.43131313131313
105.09 17.265 0 0 "KDE QDA" 20 800 4.44141414141414
105.135 17.27 0 0 "KDE QDA" 20 800 4.45151515151515
105.18 17.285 0 0 "KDE QDA" 20 800 4.46161616161616
106.06 17.295 0 0 "KDE QDA" 20 800 4.47171717171717
109.37 17.635 0 0 "KDE QDA" 20 800 4.48181818181818
109.4 17.635 0 0 "KDE QDA" 20 800 4.49191919191919
111.215 17.655 0 0 "KDE QDA" 20 800 4.5020202020202
111.275 17.7 0 0 "KDE QDA" 20 800 4.51212121212121
112.88 17.705 0 0 "KDE QDA" 20 800 4.52222222222222
112.97 17.715 0 0 "KDE QDA" 20 800 4.53232323232323
112.985 17.75 0 0 "KDE QDA" 20 800 4.54242424242424
113.49 17.755 0 0 "KDE QDA" 20 800 4.55252525252525
113.54 17.765 0 0 "KDE QDA" 20 800 4.56262626262626
113.67 17.77 0 0 "KDE QDA" 20 800 4.57272727272727
113.685 17.775 0 0 "KDE QDA" 20 800 4.58282828282828
113.915 17.865 0 0 "KDE QDA" 20 800 4.59292929292929
114.015 17.92 0 0 "KDE QDA" 20 800 4.6030303030303
114.195 17.965 0 0 "KDE QDA" 20 800 4.61313131313131
114.345 17.98 0 0 "KDE QDA" 20 800 4.62323232323232
114.415 18.03 0 0 "KDE QDA" 20 800 4.63333333333333
114.685 18.075 0 0 "KDE QDA" 20 800 4.64343434343434
116.205 18.095 0 0 "KDE QDA" 20 800 4.65353535353535
116.305 18.15 0 0 "KDE QDA" 20 800 4.66363636363636
116.355 18.155 0 0 "KDE QDA" 20 800 4.67373737373737
116.4 18.17 0 0 "KDE QDA" 20 800 4.68383838383838
116.455 18.17 0 0 "KDE QDA" 20 800 4.69393939393939
116.46 18.32 0 0 "KDE QDA" 20 800 4.7040404040404
116.505 18.34 0 0 "KDE QDA" 20 800 4.71414141414141
116.55 18.35 0 0 "KDE QDA" 20 800 4.72424242424242
118.665 18.365 0 0 "KDE QDA" 20 800 4.73434343434343
118.77 18.38 0 0 "KDE QDA" 20 800 4.74444444444444
118.825 18.39 0 0 "KDE QDA" 20 800 4.75454545454545
120.07 18.395 0 0 "KDE QDA" 20 800 4.76464646464646
122.37 18.715 0 0 "KDE QDA" 20 800 4.77474747474747
123.275 18.73 0 0 "KDE QDA" 20 800 4.78484848484849
123.68 18.775 0 0 "KDE QDA" 20 800 4.79494949494949
123.735 18.8 0 0 "KDE QDA" 20 800 4.80505050505051
124.925 18.845 0 0 "KDE QDA" 20 800 4.81515151515152
124.945 18.865 0 0 "KDE QDA" 20 800 4.82525252525252
126.695 18.865 0 0 "KDE QDA" 20 800 4.83535353535354
127.73 18.875 0 0 "KDE QDA" 20 800 4.84545454545455
128.85 18.885 0 0 "KDE QDA" 20 800 4.85555555555556
129.46 18.925 0 0 "KDE QDA" 20 800 4.86565656565657
130.06 18.925 0 0 "KDE QDA" 20 800 4.87575757575758
130.43 18.93 0 0 "KDE QDA" 20 800 4.88585858585859
130.43 18.995 0 0 "KDE QDA" 20 800 4.8959595959596
133.345 19.285 0 0 "KDE QDA" 20 800 4.90606060606061
134.26 19.29 0 0 "KDE QDA" 20 800 4.91616161616162
134.295 19.32 0 0 "KDE QDA" 20 800 4.92626262626263
134.61 19.415 0 0 "KDE QDA" 20 800 4.93636363636364
137.905 19.43 0 0 "KDE QDA" 20 800 4.94646464646465
137.92 19.435 0 0 "KDE QDA" 20 800 4.95656565656566
137.945 19.445 0 0 "KDE QDA" 20 800 4.96666666666667
139.05 19.51 0 0 "KDE QDA" 20 800 4.97676767676768
139.245 19.535 0 0 "KDE QDA" 20 800 4.98686868686869
140.6 19.615 0 0 "KDE QDA" 20 800 4.9969696969697
141.755 19.62 0 0 "KDE QDA" 20 800 5.00707070707071
142.19 19.63 0 0 "KDE QDA" 20 800 5.01717171717172
142.46 19.655 0 0 "KDE QDA" 20 800 5.02727272727273
143.865 19.84 0 0 "KDE QDA" 20 800 5.03737373737374
145.865 19.845 0 0 "KDE QDA" 20 800 5.04747474747475
146.205 19.85 0 0 "KDE QDA" 20 800 5.05757575757576
146.285 19.945 0 0 "KDE QDA" 20 800 5.06767676767677
146.3 19.97 0 0 "KDE QDA" 20 800 5.07777777777778
147.17 19.995 0 0 "KDE QDA" 20 800 5.08787878787879
147.21 20.01 0 0 "KDE QDA" 20 800 5.0979797979798
147.66 20.025 0 0 "KDE QDA" 20 800 5.10808080808081
148.22 20.055 0 0 "KDE QDA" 20 800 5.11818181818182
149.105 20.08 0 0 "KDE QDA" 20 800 5.12828282828283
149.985 20.105 0 0 "KDE QDA" 20 800 5.13838383838384
150.145 20.125 0 0 "KDE QDA" 20 800 5.14848484848485
150.155 20.15 0 0 "KDE QDA" 20 800 5.15858585858586
150.21 20.19 0 0 "KDE QDA" 20 800 5.16868686868687
150.405 20.2 0 0 "KDE QDA" 20 800 5.17878787878788
150.56 20.255 0 0 "KDE QDA" 20 800 5.18888888888889
154.72 20.3 0 0 "KDE QDA" 20 800 5.1989898989899
154.76 20.32 0 0 "KDE QDA" 20 800 5.20909090909091
154.82 20.365 0 0 "KDE QDA" 20 800 5.21919191919192
157.79 20.38 0 0 "KDE QDA" 20 800 5.22929292929293
158.13 20.39 0 0 "KDE QDA" 20 800 5.23939393939394
158.21 20.395 0 0 "KDE QDA" 20 800 5.24949494949495
159.32 20.41 0 0 "KDE QDA" 20 800 5.25959595959596
160.48 20.425 0 0 "KDE QDA" 20 800 5.26969696969697
160.59 20.455 0 0 "KDE QDA" 20 800 5.27979797979798
161.58 20.47 0 0 "KDE QDA" 20 800 5.28989898989899
162.975 20.5 0 0 "KDE QDA" 20 800 5.3
