54.528 0 46.8591612920782 "LDA" 11 3 3 1.5
56.371 0 48.7114582533223 "LDA" 11 3 3 1.53535353535354
59.223 0 51.2531965945653 "LDA" 11 3 3 1.57070707070707
62.847 0 54.2738356875598 "LDA" 11 3 3 1.60606060606061
65.787 0 58.2795687967845 "LDA" 11 3 3 1.64141414141414
69.777 0 62.0172186284294 "LDA" 11 3 3 1.67676767676768
73.061 0 63.878492004279 "LDA" 11 3 3 1.71212121212121
77.498 0 67.9493716903483 "LDA" 11 3 3 1.74747474747475
80.152 0 72.4320598857943 "LDA" 11 3 3 1.78282828282828
82.907 0 74.0789311413106 "LDA" 11 3 3 1.81818181818182
86.606 0 79.1075392536436 "LDA" 11 3 3 1.85353535353535
89.968 0 81.5528898926939 "LDA" 11 3 3 1.88888888888889
94.216 0 86.1527808352443 "LDA" 11 3 3 1.92424242424242
97.47 0 89.2921171334972 "LDA" 11 3 3 1.95959595959596
101.618 0 91.7793960185702 "LDA" 11 3 3 1.99494949494949
106.845 0 96.6904649953708 "LDA" 11 3 3 2.03030303030303
111.187 0 100.224373063422 "LDA" 11 3 3 2.06565656565657
113.864 0 102.937950852568 "LDA" 11 3 3 2.1010101010101
118.713 0 108.657660190702 "LDA" 11 3 3 2.13636363636364
123.98 0 112.509946618457 "LDA" 11 3 3 2.17171717171717
130.985 0 124.257284082856 "LDA" 11 3 3 2.20707070707071
135.634 0 128.417058777193 "LDA" 11 3 3 2.24242424242424
140.129 0 130.795580364334 "LDA" 11 3 3 2.27777777777778
147.813 0 137.689151109785 "LDA" 11 3 3 2.31313131313131
155.062 0 145.688116135748 "LDA" 11 3 3 2.34848484848485
161.559 0 150.894869961774 "LDA" 11 3 3 2.38383838383838
167.09 0 153.930446898859 "LDA" 11 3 3 2.41919191919192
174.646 0 162.100417116148 "LDA" 11 3 3 2.45454545454545
181.283 0 171.018362146265 "LDA" 11 3 3 2.48989898989899
193.678 0 188.216954438058 "LDA" 11 3 3 2.52525252525253
202.939 0 194.597521758306 "LDA" 11 3 3 2.56060606060606
208.927 0 198.645316160821 "LDA" 11 3 3 2.5959595959596
218.423 0 213.499466259504 "LDA" 11 3 3 2.63131313131313
226.408 0 219.979846051107 "LDA" 11 3 3 2.66666666666667
236.819 0 227.872174622017 "LDA" 11 3 3 2.7020202020202
247.805 0 241.469701187523 "LDA" 11 3 3 2.73737373737374
260.19 0 255.432428688343 "LDA" 11 3 3 2.77272727272727
272.31 0 268.377234951551 "LDA" 11 3 3 2.80808080808081
279.516516516517 1 273.159003439017 "LDA" 11 3 3 2.84343434343434
287.97997997998 1 279.269239652404 "LDA" 11 3 3 2.87878787878788
297.238238238238 1 291.201700131745 "LDA" 11 3 3 2.91414141414141
308.654654654655 1 300.130295445736 "LDA" 11 3 3 2.94949494949495
319.982982982983 1 311.686566509041 "LDA" 11 3 3 2.98484848484848
331.331331331331 1 319.681933186944 "LDA" 11 3 3 3.02020202020202
340.087087087087 1 323.855724797929 "LDA" 11 3 3 3.05555555555556
350.461384152457 3 329.097127670623 "LDA" 11 3 3 3.09090909090909
363.989949748744 5 336.336742455311 "LDA" 11 3 3 3.12626262626263
370.997989949749 5 340.742038523105 "LDA" 11 3 3 3.16161616161616
384.108542713568 5 351.33284343861 "LDA" 11 3 3 3.1969696969697
397.968812877264 6 365.464948294942 "LDA" 11 3 3 3.23232323232323
406.751258811682 7 371.280474964202 "LDA" 11 3 3 3.26767676767677
420.73185483871 8 375.200435735585 "LDA" 11 3 3 3.3030303030303
432.667003027245 9 383.458214323702 "LDA" 11 3 3 3.33838383838384
441.180625630676 9 389.439681236035 "LDA" 11 3 3 3.37373737373737
453.09726443769 13 396.850152158685 "LDA" 11 3 3 3.40909090909091
461.149542217701 17 399.48772315864 "LDA" 11 3 3 3.44444444444444
471.384693877551 20 410.822493934276 "LDA" 11 3 3 3.47979797979798
487.468367346939 20 420.240271294116 "LDA" 11 3 3 3.51515151515152
494.995905834186 23 424.814554506935 "LDA" 11 3 3 3.55050505050505
506.853483606557 24 428.216779570582 "LDA" 11 3 3 3.58585858585859
526.13683127572 28 440.115723946467 "LDA" 11 3 3 3.62121212121212
540.492768595041 32 447.599727408997 "LDA" 11 3 3 3.65656565656566
552.913043478261 34 452.158361794374 "LDA" 11 3 3 3.69191919191919
569.427979274611 35 463.597839388006 "LDA" 11 3 3 3.72727272727273
575.241379310345 43 463.91870189503 "LDA" 11 3 3 3.76262626262626
581.736897274633 46 466.09132782906 "LDA" 11 3 3 3.7979797979798
602.390526315789 50 477.121234496559 "LDA" 11 3 3 3.83333333333333
618.100422832981 54 485.078979507059 "LDA" 11 3 3 3.86868686868687
628.631355932203 56 489.119898808307 "LDA" 11 3 3 3.9040404040404
635.478168264111 61 488.73443927639 "LDA" 11 3 3 3.93939393939394
641.198930481283 65 491.260160166418 "LDA" 11 3 3 3.97474747474747
643.475622968581 77 492.083095069154 "LDA" 11 3 3 4.01010101010101
657.142231947484 86 496.891385265635 "LDA" 11 3 3 4.04545454545454
666.326304106548 99 498.158839089382 "LDA" 11 3 3 4.08080808080808
670.936312849162 105 502.692799579677 "LDA" 11 3 3 4.11616161616162
686.814898419865 114 511.331740408844 "LDA" 11 3 3 4.15151515151515
692.577752553916 119 509.514705519725 "LDA" 11 3 3 4.18686868686869
706.635738831615 127 512.948611180591 "LDA" 11 3 3 4.22222222222222
710.143352601156 135 513.414029353852 "LDA" 11 3 3 4.25757575757576
719.26081871345 145 518.385013342281 "LDA" 11 3 3 4.29292929292929
732.460093896714 148 521.926643732009 "LDA" 11 3 3 4.32828282828283
741.982269503546 154 523.572729652293 "LDA" 11 3 3 4.36363636363636
752.287589498807 162 522.325209502087 "LDA" 11 3 3 4.3989898989899
755.680387409201 174 521.767910348486 "LDA" 11 3 3 4.43434343434343
767.026927784578 183 526.702591005631 "LDA" 11 3 3 4.46969696969697
774.747211895911 193 531.863238302014 "LDA" 11 3 3 4.50505050505051
779.19395465995 206 535.540991905687 "LDA" 11 3 3 4.54040404040404
798.985987261147 215 543.788727034987 "LDA" 11 3 3 4.57575757575758
810.943078913325 227 551.677187813417 "LDA" 11 3 3 4.61111111111111
815.070496083551 234 551.765904459907 "LDA" 11 3 3 4.64646464646465
817.2824933687 246 550.386925143643 "LDA" 11 3 3 4.68181818181818
828.052278820375 254 552.350434626772 "LDA" 11 3 3 4.71717171717172
828.620357634113 273 547.100180715804 "LDA" 11 3 3 4.75252525252525
831.354253835425 283 544.618340582448 "LDA" 11 3 3 4.78787878787879
838.730878186969 294 548.533628554453 "LDA" 11 3 3 4.82323232323232
837.329971181556 306 548.310172587613 "LDA" 11 3 3 4.85858585858586
847.254786450663 321 549.522435360486 "LDA" 11 3 3 4.89393939393939
852.007473841555 331 549.33858837205 "LDA" 11 3 3 4.92929292929293
862.738203957382 343 549.584439698173 "LDA" 11 3 3 4.96464646464646
865.860896445131 353 548.614798687124 "LDA" 11 3 3 5
47.81 0 42.5953314608803 "uLSIF" 11 3 3 1.5
50.095 0 44.310917756603 "uLSIF" 11 3 3 1.53535353535354
53.537 0 47.6815704771053 "uLSIF" 11 3 3 1.57070707070707
56.238 0 49.4277498826161 "uLSIF" 11 3 3 1.60606060606061
59.113 0 52.5321411790616 "uLSIF" 11 3 3 1.64141414141414
61.936 0 54.8248636083089 "uLSIF" 11 3 3 1.67676767676768
65.352 0 60.3703957306947 "uLSIF" 11 3 3 1.71212121212121
67.679 0 62.4028370594885 "uLSIF" 11 3 3 1.74747474747475
71.6 0 67.0487250552278 "uLSIF" 11 3 3 1.78282828282828
74.681 0 70.4536084948809 "uLSIF" 11 3 3 1.81818181818182
78.177 0 75.1799287888243 "uLSIF" 11 3 3 1.85353535353535
81.687 0 79.1179795349052 "uLSIF" 11 3 3 1.88888888888889
86.34 0 85.3530757943002 "uLSIF" 11 3 3 1.92424242424242
89.973 0 89.5676092548396 "uLSIF" 11 3 3 1.95959595959596
94.267 0 93.9805195189357 "uLSIF" 11 3 3 1.99494949494949
99.968 0 99.2792997323982 "uLSIF" 11 3 3 2.03030303030303
104.295 0 102.606247456074 "uLSIF" 11 3 3 2.06565656565657
108.548 0 107.678513912286 "uLSIF" 11 3 3 2.1010101010101
115.783 0 116.524073782076 "uLSIF" 11 3 3 2.13636363636364
120.297 0 120.630097452549 "uLSIF" 11 3 3 2.17171717171717
124.73 0 123.23846322808 "uLSIF" 11 3 3 2.20707070707071
131.214 0 127.494741511613 "uLSIF" 11 3 3 2.24242424242424
137.968 0 133.331587736321 "uLSIF" 11 3 3 2.27777777777778
144.37 0 138.650932853628 "uLSIF" 11 3 3 2.31313131313131
150.091 0 141.958102346509 "uLSIF" 11 3 3 2.34848484848485
156.85 0 146.843742068175 "uLSIF" 11 3 3 2.38383838383838
166.037 0 156.322526730358 "uLSIF" 11 3 3 2.41919191919192
175.766 0 168.154081244075 "uLSIF" 11 3 3 2.45454545454545
185.427 0 176.938486200428 "uLSIF" 11 3 3 2.48989898989899
193.454 0 184.477667737572 "uLSIF" 11 3 3 2.52525252525253
201.119 0 189.135779751432 "uLSIF" 11 3 3 2.56060606060606
212.905 0 203.296442217808 "uLSIF" 11 3 3 2.5959595959596
222.726 0 210.580956554156 "uLSIF" 11 3 3 2.63131313131313
232.596 0 220.74910861191 "uLSIF" 11 3 3 2.66666666666667
243.382 0 232.183408561446 "uLSIF" 11 3 3 2.7020202020202
252.934 0 242.045813473028 "uLSIF" 11 3 3 2.73737373737374
264.36036036036 1 254.938497574142 "uLSIF" 11 3 3 2.77272727272727
275.179179179179 1 266.7717662675 "uLSIF" 11 3 3 2.80808080808081
286.675675675676 1 275.582187383228 "uLSIF" 11 3 3 2.84343434343434
304.872872872873 1 297.505451786249 "uLSIF" 11 3 3 2.87878787878788
318.305305305305 1 313.69249248518 "uLSIF" 11 3 3 2.91414141414141
336.624624624625 1 329.20290907725 "uLSIF" 11 3 3 2.94949494949495
352.258258258258 1 344.102339733093 "uLSIF" 11 3 3 2.98484848484848
363.560560560561 1 351.245998680789 "uLSIF" 11 3 3 3.02020202020202
378.029116465863 4 365.81617999118 "uLSIF" 11 3 3 3.05555555555556
399.288152610442 4 380.871094008797 "uLSIF" 11 3 3 3.09090909090909
413.823410696266 9 389.32669164228 "uLSIF" 11 3 3 3.12626262626263
428.270707070707 10 400.921523743379 "uLSIF" 11 3 3 3.16161616161616
445.454913880446 13 408.228795203044 "uLSIF" 11 3 3 3.1969696969697
462.258130081301 16 415.22237657563 "uLSIF" 11 3 3 3.23232323232323
479.676530612245 20 430.437208498361 "uLSIF" 11 3 3 3.26767676767677
498.884221311475 24 440.743588364154 "uLSIF" 11 3 3 3.3030303030303
518.352156057495 26 452.345851061703 "uLSIF" 11 3 3 3.33838383838384
533.101344364012 33 458.199288587808 "uLSIF" 11 3 3 3.37373737373737
547.683229813665 34 463.026105272765 "uLSIF" 11 3 3 3.40909090909091
559.907388137357 39 472.76801565085 "uLSIF" 11 3 3 3.44444444444444
575.30890052356 45 479.643101805266 "uLSIF" 11 3 3 3.47979797979798
593.104430379747 52 489.643790812352 "uLSIF" 11 3 3 3.51515151515152
609.063897763578 61 499.017145047458 "uLSIF" 11 3 3 3.55050505050505
619.408798283262 68 504.414634788997 "uLSIF" 11 3 3 3.58585858585859
635.190010857763 79 507.834535004845 "uLSIF" 11 3 3 3.62121212121212
645.74372955289 83 512.113936789227 "uLSIF" 11 3 3 3.65656565656566
665.050493962678 89 518.116429782144 "uLSIF" 11 3 3 3.69191919191919
679.31270718232 95 524.171932822757 "uLSIF" 11 3 3 3.72727272727273
692.86562150056 107 526.69828017066 "uLSIF" 11 3 3 3.76262626262626
710.091732729332 117 533.621093255694 "uLSIF" 11 3 3 3.7979797979798
726.716262975779 133 536.554324329717 "uLSIF" 11 3 3 3.83333333333333
741.66902237927 151 542.578507052388 "uLSIF" 11 3 3 3.86868686868687
750.570749108204 159 544.49377761151 "uLSIF" 11 3 3 3.9040404040404
756.993924665857 177 547.129664515395 "uLSIF" 11 3 3 3.93939393939394
762.536464771323 191 544.718486170701 "uLSIF" 11 3 3 3.97474747474747
773.225725094578 207 548.564891462683 "uLSIF" 11 3 3 4.01010101010101
787.385510996119 227 555.406900643145 "uLSIF" 11 3 3 4.04545454545454
795.274638633377 239 558.25434874744 "uLSIF" 11 3 3 4.08080808080808
807.276797829037 263 560.875055756776 "uLSIF" 11 3 3 4.11616161616162
807.29680998613 279 562.280854203394 "uLSIF" 11 3 3 4.15151515151515
816.480056980057 298 565.425810308144 "uLSIF" 11 3 3 4.18686868686869
824.814977973568 319 566.520002096422 "uLSIF" 11 3 3 4.22222222222222
832.968373493976 336 568.130888430566 "uLSIF" 11 3 3 4.25757575757576
838.251155624037 351 568.957689065685 "uLSIF" 11 3 3 4.29292929292929
854.878357030016 367 573.286469404572 "uLSIF" 11 3 3 4.32828282828283
859.554838709677 380 575.015882530502 "uLSIF" 11 3 3 4.36363636363636
866.099833610649 399 571.886404818858 "uLSIF" 11 3 3 4.3989898989899
880.83843537415 412 573.906781886513 "uLSIF" 11 3 3 4.43434343434343
891.481739130435 425 575.226808105742 "uLSIF" 11 3 3 4.46969696969697
892.278571428571 440 576.872414598109 "uLSIF" 11 3 3 4.50505050505051
896.487132352941 456 578.839637378929 "uLSIF" 11 3 3 4.54040404040404
905.114942528736 478 582.802302835944 "uLSIF" 11 3 3 4.57575757575758
904.217131474104 498 582.565287360365 "uLSIF" 11 3 3 4.61111111111111
909.548453608247 515 584.059921553927 "uLSIF" 11 3 3 4.64646464646465
910.755364806867 534 583.224846646086 "uLSIF" 11 3 3 4.68181818181818
922.565315315315 556 588.51526675234 "uLSIF" 11 3 3 4.71717171717172
946.032863849765 574 587.825707541647 "uLSIF" 11 3 3 4.75252525252525
952.92270531401 586 582.169732051259 "uLSIF" 11 3 3 4.78787878787879
959.0675 600 582.283843266386 "uLSIF" 11 3 3 4.82323232323232
960.839285714286 608 580.057649650583 "uLSIF" 11 3 3 4.85858585858586
974.15649867374 623 578.557344126775 "uLSIF" 11 3 3 4.89393939393939
971.008174386921 633 575.427446195119 "uLSIF" 11 3 3 4.92929292929293
979.428169014084 645 578.3937160185 "uLSIF" 11 3 3 4.96464646464646
973.529069767442 656 578.573221738976 "uLSIF" 11 3 3 5
