152.95 15.09 0 0 "KDE LDA" 199 2000 2.5
155.44 15.14 0 0 "KDE LDA" 199 2000 2.51010101010101
156.5 15.16 0 0 "KDE LDA" 199 2000 2.52020202020202
157.24 15.325 0 0 "KDE LDA" 199 2000 2.53030303030303
157.715 15.53 0 0 "KDE LDA" 199 2000 2.54040404040404
157.715 15.555 0 0 "KDE LDA" 199 2000 2.55050505050505
159.1 15.565 0 0 "KDE LDA" 199 2000 2.56060606060606
160.15 15.59 0 0 "KDE LDA" 199 2000 2.57070707070707
160.855 15.595 0 0 "KDE LDA" 199 2000 2.58080808080808
161.33 15.605 0 0 "KDE LDA" 199 2000 2.59090909090909
162.305 15.615 0 0 "KDE LDA" 199 2000 2.6010101010101
163.575 15.775 0 0 "KDE LDA" 199 2000 2.61111111111111
164.585 15.785 0 0 "KDE LDA" 199 2000 2.62121212121212
166.035 15.82 0 0 "KDE LDA" 199 2000 2.63131313131313
166.545 16.07 0 0 "KDE LDA" 199 2000 2.64141414141414
169.985 16.085 0 0 "KDE LDA" 199 2000 2.65151515151515
173.615 16.17 0 0 "KDE LDA" 199 2000 2.66161616161616
188.48 16.28 0 0 "KDE LDA" 199 2000 2.67171717171717
192.175 16.285 0 0 "KDE LDA" 199 2000 2.68181818181818
197.21 16.545 0 0 "KDE LDA" 199 2000 2.69191919191919
197.505 16.565 0 0 "KDE LDA" 199 2000 2.7020202020202
200.15 16.575 0 0 "KDE LDA" 199 2000 2.71212121212121
201.97 16.62 0 0 "KDE LDA" 199 2000 2.72222222222222
203.57 16.865 0 0 "KDE LDA" 199 2000 2.73232323232323
203.57 17.245 0 0 "KDE LDA" 199 2000 2.74242424242424
203.91 17.28 0 0 "KDE LDA" 199 2000 2.75252525252525
205.625 17.325 0 0 "KDE LDA" 199 2000 2.76262626262626
212.07 17.375 0 0 "KDE LDA" 199 2000 2.77272727272727
217.235 17.39 0 0 "KDE LDA" 199 2000 2.78282828282828
222.5 17.685 0 0 "KDE LDA" 199 2000 2.79292929292929
257.355 18.255 0 0 "KDE LDA" 199 2000 2.8030303030303
257.695 18.255 0 0 "KDE LDA" 199 2000 2.81313131313131
260.365 18.305 0 0 "KDE LDA" 199 2000 2.82323232323232
261.115 18.345 0 0 "KDE LDA" 199 2000 2.83333333333333
265.115 18.36 0 0 "KDE LDA" 199 2000 2.84343434343434
266.41 18.37 0 0 "KDE LDA" 199 2000 2.85353535353535
266.465 18.385 0 0 "KDE LDA" 199 2000 2.86363636363636
269.525 18.4 0 0 "KDE LDA" 199 2000 2.87373737373737
274.015 18.405 0 0 "KDE LDA" 199 2000 2.88383838383838
277.665 18.41 0 0 "KDE LDA" 199 2000 2.89393939393939
279.78 18.475 0 0 "KDE LDA" 199 2000 2.9040404040404
281.85 18.565 0 0 "KDE LDA" 199 2000 2.91414141414141
286.62 18.605 0 0 "KDE LDA" 199 2000 2.92424242424242
287.8 19.14 0 0 "KDE LDA" 199 2000 2.93434343434343
294.875 19.16 0 0 "KDE LDA" 199 2000 2.94444444444444
303.175 19.185 0 0 "KDE LDA" 199 2000 2.95454545454545
306.605 19.2 0 0 "KDE LDA" 199 2000 2.96464646464646
309.085 19.215 0 0 "KDE LDA" 199 2000 2.97474747474747
311.515 19.225 0 0 "KDE LDA" 199 2000 2.98484848484848
311.845 19.27 0 0 "KDE LDA" 199 2000 2.99494949494949
312.325 19.3 0 0 "KDE LDA" 199 2000 3.00505050505051
316.77 19.34 0 0 "KDE LDA" 199 2000 3.01515151515152
316.805 19.38 0 0 "KDE LDA" 199 2000 3.02525252525253
322.015 19.435 0 0 "KDE LDA" 199 2000 3.03535353535354
326.32 19.495 0 0 "KDE LDA" 199 2000 3.04545454545455
337.765 19.785 0 0 "KDE LDA" 199 2000 3.05555555555556
349.2 19.85 0 0 "KDE LDA" 199 2000 3.06565656565657
357.785 19.93 0 0 "KDE LDA" 199 2000 3.07575757575758
364.795 19.995 0 0 "KDE LDA" 199 2000 3.08585858585859
371.65 20.095 0 0 "KDE LDA" 199 2000 3.0959595959596
371.65 20.51 0 0 "KDE LDA" 199 2000 3.10606060606061
378.555 20.53 0 0 "KDE LDA" 199 2000 3.11616161616162
378.555 20.55 0 0 "KDE LDA" 199 2000 3.12626262626263
381.47 20.56 0 0 "KDE LDA" 199 2000 3.13636363636364
383.11 20.79 0 0 "KDE LDA" 199 2000 3.14646464646465
388.595 20.8 0 0 "KDE LDA" 199 2000 3.15656565656566
391.91 20.82 0 0 "KDE LDA" 199 2000 3.16666666666667
391.91 20.89 0 0 "KDE LDA" 199 2000 3.17676767676768
392.22 20.91 0 0 "KDE LDA" 199 2000 3.18686868686869
399.39 20.935 0 0 "KDE LDA" 199 2000 3.1969696969697
405.325 21.035 0 0 "KDE LDA" 199 2000 3.20707070707071
410.785 21.095 0 0 "KDE LDA" 199 2000 3.21717171717172
422.725 21.545 0 0 "KDE LDA" 199 2000 3.22727272727273
422.735 21.72 0 0 "KDE LDA" 199 2000 3.23737373737374
428.01 21.745 0 0 "KDE LDA" 199 2000 3.24747474747475
429.84 21.755 0 0 "KDE LDA" 199 2000 3.25757575757576
431.705 21.89 0 0 "KDE LDA" 199 2000 3.26767676767677
431.725 21.92 0 0 "KDE LDA" 199 2000 3.27777777777778
431.93 22.155 0 0 "KDE LDA" 199 2000 3.28787878787879
438.65 22.16 0 0 "KDE LDA" 199 2000 3.2979797979798
445.3 22.175 0 0 "KDE LDA" 199 2000 3.30808080808081
445.32 22.2 0 0 "KDE LDA" 199 2000 3.31818181818182
445.345 22.265 0 0 "KDE LDA" 199 2000 3.32828282828283
447.73 22.375 0 0 "KDE LDA" 199 2000 3.33838383838384
457.835 22.565 0 0 "KDE LDA" 199 2000 3.34848484848485
490.14 23.35 0 0 "KDE LDA" 199 2000 3.35858585858586
493.355 23.435 0 0 "KDE LDA" 199 2000 3.36868686868687
496.72 23.46 0 0 "KDE LDA" 199 2000 3.37878787878788
521.27 23.575 0 0 "KDE LDA" 199 2000 3.38888888888889
521.365 23.58 0 0 "KDE LDA" 199 2000 3.3989898989899
537.23 23.585 0 0 "KDE LDA" 199 2000 3.40909090909091
542.445 23.625 0 0 "KDE LDA" 199 2000 3.41919191919192
542.445 23.645 0 0 "KDE LDA" 199 2000 3.42929292929293
545.835 23.645 0 0 "KDE LDA" 199 2000 3.43939393939394
550.67 23.645 0 0 "KDE LDA" 199 2000 3.44949494949495
552.485 23.69 0 0 "KDE LDA" 199 2000 3.45959595959596
552.5 23.71 0 0 "KDE LDA" 199 2000 3.46969696969697
555.38 23.73 0 0 "KDE LDA" 199 2000 3.47979797979798
560.365 23.96 0 0 "KDE LDA" 199 2000 3.48989898989899
562.14 23.965 0 0 "KDE LDA" 199 2000 3.5
87.11 12.37 0 0 "KDE QDA" 199 2000 2.7
89.385 12.38 0 0 "KDE QDA" 199 2000 2.71010101010101
90.115 12.385 0 0 "KDE QDA" 199 2000 2.72020202020202
90.115 12.39 0 0 "KDE QDA" 199 2000 2.73030303030303
91.885 12.39 0 0 "KDE QDA" 199 2000 2.74040404040404
91.885 12.4 0 0 "KDE QDA" 199 2000 2.75050505050505
93.015 12.4 0 0 "KDE QDA" 199 2000 2.76060606060606
93.105 12.41 0 0 "KDE QDA" 199 2000 2.77070707070707
93.11 12.425 0 0 "KDE QDA" 199 2000 2.78080808080808
93.89 12.43 0 0 "KDE QDA" 199 2000 2.79090909090909
116.935 13.215 0 0 "KDE QDA" 199 2000 2.8010101010101
116.94 13.225 0 0 "KDE QDA" 199 2000 2.81111111111111
116.945 13.225 0 0 "KDE QDA" 199 2000 2.82121212121212
118.265 13.38 0 0 "KDE QDA" 199 2000 2.83131313131313
118.27 13.385 0 0 "KDE QDA" 199 2000 2.84141414141414
118.435 13.385 0 0 "KDE QDA" 199 2000 2.85151515151515
118.495 13.39 0 0 "KDE QDA" 199 2000 2.86161616161616
118.495 13.39 0 0 "KDE QDA" 199 2000 2.87171717171717
118.69 13.4 0 0 "KDE QDA" 199 2000 2.88181818181818
119.25 13.4 0 0 "KDE QDA" 199 2000 2.89191919191919
119.31 13.4 0 0 "KDE QDA" 199 2000 2.9020202020202
119.31 13.4 0 0 "KDE QDA" 199 2000 2.91212121212121
119.53 13.4 0 0 "KDE QDA" 199 2000 2.92222222222222
122.64 13.4 0 0 "KDE QDA" 199 2000 2.93232323232323
122.64 13.4 0 0 "KDE QDA" 199 2000 2.94242424242424
122.64 13.45 0 0 "KDE QDA" 199 2000 2.95252525252525
126.69 13.7 0 0 "KDE QDA" 199 2000 2.96262626262626
127.51 13.71 0 0 "KDE QDA" 199 2000 2.97272727272727
127.55 13.745 0 0 "KDE QDA" 199 2000 2.98282828282828
129.28 13.76 0 0 "KDE QDA" 199 2000 2.99292929292929
130.895 13.76 0 0 "KDE QDA" 199 2000 3.0030303030303
130.975 13.76 0 0 "KDE QDA" 199 2000 3.01313131313131
130.975 13.76 0 0 "KDE QDA" 199 2000 3.02323232323232
130.975 13.765 0 0 "KDE QDA" 199 2000 3.03333333333333
130.975 13.78 0 0 "KDE QDA" 199 2000 3.04343434343434
130.975 13.78 0 0 "KDE QDA" 199 2000 3.05353535353535
132.455 13.78 0 0 "KDE QDA" 199 2000 3.06363636363636
132.46 13.79 0 0 "KDE QDA" 199 2000 3.07373737373737
132.515 13.79 0 0 "KDE QDA" 199 2000 3.08383838383838
142.545 14.06 0 0 "KDE QDA" 199 2000 3.09393939393939
142.55 14.105 0 0 "KDE QDA" 199 2000 3.1040404040404
142.565 14.11 0 0 "KDE QDA" 199 2000 3.11414141414141
142.565 14.12 0 0 "KDE QDA" 199 2000 3.12424242424242
142.735 14.12 0 0 "KDE QDA" 199 2000 3.13434343434343
143.25 14.12 0 0 "KDE QDA" 199 2000 3.14444444444444
143.25 14.125 0 0 "KDE QDA" 199 2000 3.15454545454545
144.095 14.125 0 0 "KDE QDA" 199 2000 3.16464646464646
144.095 14.125 0 0 "KDE QDA" 199 2000 3.17474747474748
144.81 14.125 0 0 "KDE QDA" 199 2000 3.18484848484849
145.365 14.14 0 0 "KDE QDA" 199 2000 3.19494949494949
145.37 14.15 0 0 "KDE QDA" 199 2000 3.20505050505051
145.435 14.15 0 0 "KDE QDA" 199 2000 3.21515151515152
170.66 14.475 0 0 "KDE QDA" 199 2000 3.22525252525253
171.47 14.505 0 0 "KDE QDA" 199 2000 3.23535353535354
171.475 14.505 0 0 "KDE QDA" 199 2000 3.24545454545455
182.95 14.545 0 0 "KDE QDA" 199 2000 3.25555555555556
184.23 14.575 0 0 "KDE QDA" 199 2000 3.26565656565657
185.59 14.585 0 0 "KDE QDA" 199 2000 3.27575757575758
186.085 14.595 0 0 "KDE QDA" 199 2000 3.28585858585859
186.105 14.595 0 0 "KDE QDA" 199 2000 3.2959595959596
186.62 14.615 0 0 "KDE QDA" 199 2000 3.30606060606061
186.625 14.615 0 0 "KDE QDA" 199 2000 3.31616161616162
188.945 14.635 0 0 "KDE QDA" 199 2000 3.32626262626263
189.52 14.665 0 0 "KDE QDA" 199 2000 3.33636363636364
190.865 14.665 0 0 "KDE QDA" 199 2000 3.34646464646465
190.87 14.675 0 0 "KDE QDA" 199 2000 3.35656565656566
225.38 15.36 0 0 "KDE QDA" 199 2000 3.36666666666667
227.575 15.36 0 0 "KDE QDA" 199 2000 3.37676767676768
232.635 15.535 0 0 "KDE QDA" 199 2000 3.38686868686869
233.425 15.55 0 0 "KDE QDA" 199 2000 3.3969696969697
233.96 15.55 0 0 "KDE QDA" 199 2000 3.40707070707071
236.545 15.575 0 0 "KDE QDA" 199 2000 3.41717171717172
236.545 15.575 0 0 "KDE QDA" 199 2000 3.42727272727273
236.55 15.575 0 0 "KDE QDA" 199 2000 3.43737373737374
236.555 15.595 0 0 "KDE QDA" 199 2000 3.44747474747475
240.65 15.595 0 0 "KDE QDA" 199 2000 3.45757575757576
240.65 15.595 0 0 "KDE QDA" 199 2000 3.46767676767677
241.565 15.595 0 0 "KDE QDA" 199 2000 3.47777777777778
241.59 15.595 0 0 "KDE QDA" 199 2000 3.48787878787879
243.16 15.595 0 0 "KDE QDA" 199 2000 3.4979797979798
246.565 15.595 0 0 "KDE QDA" 199 2000 3.50808080808081
256.93 15.87 0 0 "KDE QDA" 199 2000 3.51818181818182
257.72 15.895 0 0 "KDE QDA" 199 2000 3.52828282828283
258.28 15.93 0 0 "KDE QDA" 199 2000 3.53838383838384
259.655 15.965 0 0 "KDE QDA" 199 2000 3.54848484848485
259.66 15.97 0 0 "KDE QDA" 199 2000 3.55858585858586
259.665 15.97 0 0 "KDE QDA" 199 2000 3.56868686868687
259.665 15.975 0 0 "KDE QDA" 199 2000 3.57878787878788
259.795 16 0 0 "KDE QDA" 199 2000 3.58888888888889
259.795 16.02 0 0 "KDE QDA" 199 2000 3.5989898989899
259.855 16.065 0 0 "KDE QDA" 199 2000 3.60909090909091
259.905 16.08 0 0 "KDE QDA" 199 2000 3.61919191919192
259.91 16.09 0 0 "KDE QDA" 199 2000 3.62929292929293
264.215 16.095 0 0 "KDE QDA" 199 2000 3.63939393939394
264.27 16.095 0 0 "KDE QDA" 199 2000 3.64949494949495
280.515 16.67 0 0 "KDE QDA" 199 2000 3.65959595959596
280.57 16.675 0 0 "KDE QDA" 199 2000 3.66969696969697
281.575 16.725 0 0 "KDE QDA" 199 2000 3.67979797979798
283.46 16.725 0 0 "KDE QDA" 199 2000 3.68989898989899
283.535 16.725 0 0 "KDE QDA" 199 2000 3.7
