133.04 14.72 0 0 "KDE LDA" 63 5000 2.5
133.055 14.735 0 0 "KDE LDA" 63 5000 2.51010101010101
142.815 14.78 0 0 "KDE LDA" 63 5000 2.52020202020202
148.335 14.93 0 0 "KDE LDA" 63 5000 2.53030303030303
149.46 14.97 0 0 "KDE LDA" 63 5000 2.54040404040404
153.56 14.975 0 0 "KDE LDA" 63 5000 2.55050505050505
153.77 15 0 0 "KDE LDA" 63 5000 2.56060606060606
153.91 15.005 0 0 "KDE LDA" 63 5000 2.57070707070707
154.95 15.035 0 0 "KDE LDA" 63 5000 2.58080808080808
154.95 15.06 0 0 "KDE LDA" 63 5000 2.59090909090909
156.055 15.075 0 0 "KDE LDA" 63 5000 2.6010101010101
156.905 15.105 0 0 "KDE LDA" 63 5000 2.61111111111111
159.215 15.285 0 0 "KDE LDA" 63 5000 2.62121212121212
160.265 15.32 0 0 "KDE LDA" 63 5000 2.63131313131313
163.145 15.355 0 0 "KDE LDA" 63 5000 2.64141414141414
165.055 15.43 0 0 "KDE LDA" 63 5000 2.65151515151515
178.055 15.465 0 0 "KDE LDA" 63 5000 2.66161616161616
191.09 15.66 0 0 "KDE LDA" 63 5000 2.67171717171717
192.975 15.685 0 0 "KDE LDA" 63 5000 2.68181818181818
193.045 15.795 0 0 "KDE LDA" 63 5000 2.69191919191919
193.26 15.81 0 0 "KDE LDA" 63 5000 2.7020202020202
193.965 15.855 0 0 "KDE LDA" 63 5000 2.71212121212121
194.905 15.86 0 0 "KDE LDA" 63 5000 2.72222222222222
197.305 15.925 0 0 "KDE LDA" 63 5000 2.73232323232323
198 15.935 0 0 "KDE LDA" 63 5000 2.74242424242424
198.02 15.935 0 0 "KDE LDA" 63 5000 2.75252525252525
203.485 15.995 0 0 "KDE LDA" 63 5000 2.76262626262626
206.01 16.19 0 0 "KDE LDA" 63 5000 2.77272727272727
212.54 16.225 0 0 "KDE LDA" 63 5000 2.78282828282828
217.015 16.36 0 0 "KDE LDA" 63 5000 2.79292929292929
239.33 16.96 0 0 "KDE LDA" 63 5000 2.8030303030303
240.08 16.985 0 0 "KDE LDA" 63 5000 2.81313131313131
240.085 17.015 0 0 "KDE LDA" 63 5000 2.82323232323232
240.115 17.085 0 0 "KDE LDA" 63 5000 2.83333333333333
240.24 17.125 0 0 "KDE LDA" 63 5000 2.84343434343434
240.245 17.16 0 0 "KDE LDA" 63 5000 2.85353535353535
240.64 17.19 0 0 "KDE LDA" 63 5000 2.86363636363636
240.695 17.27 0 0 "KDE LDA" 63 5000 2.87373737373737
241.415 17.275 0 0 "KDE LDA" 63 5000 2.88383838383838
241.415 17.3 0 0 "KDE LDA" 63 5000 2.89393939393939
241.77 17.405 0 0 "KDE LDA" 63 5000 2.9040404040404
242.6 17.44 0 0 "KDE LDA" 63 5000 2.91414141414141
243.245 17.535 0 0 "KDE LDA" 63 5000 2.92424242424242
243.61 17.62 0 0 "KDE LDA" 63 5000 2.93434343434343
248.35 17.76 0 0 "KDE LDA" 63 5000 2.94444444444444
248.425 17.775 0 0 "KDE LDA" 63 5000 2.95454545454545
249.24 17.82 0 0 "KDE LDA" 63 5000 2.96464646464646
253.04 18.105 0 0 "KDE LDA" 63 5000 2.97474747474747
255.78 18.14 0 0 "KDE LDA" 63 5000 2.98484848484848
257.795 18.155 0 0 "KDE LDA" 63 5000 2.99494949494949
258.53 18.26 0 0 "KDE LDA" 63 5000 3.00505050505051
266.205 18.335 0 0 "KDE LDA" 63 5000 3.01515151515152
266.21 18.4 0 0 "KDE LDA" 63 5000 3.02525252525253
266.21 18.44 0 0 "KDE LDA" 63 5000 3.03535353535354
266.84 18.48 0 0 "KDE LDA" 63 5000 3.04545454545455
266.875 18.52 0 0 "KDE LDA" 63 5000 3.05555555555556
270.005 18.58 0 0 "KDE LDA" 63 5000 3.06565656565657
273.515 18.68 0 0 "KDE LDA" 63 5000 3.07575757575758
278.95 18.72 0 0 "KDE LDA" 63 5000 3.08585858585859
282.715 18.77 0 0 "KDE LDA" 63 5000 3.0959595959596
282.72 18.93 0 0 "KDE LDA" 63 5000 3.10606060606061
286.385 18.945 0 0 "KDE LDA" 63 5000 3.11616161616162
290.38 19.015 0 0 "KDE LDA" 63 5000 3.12626262626263
292.77 19.065 0 0 "KDE LDA" 63 5000 3.13636363636364
292.775 19.08 0 0 "KDE LDA" 63 5000 3.14646464646465
296.53 19.15 0 0 "KDE LDA" 63 5000 3.15656565656566
298.255 19.275 0 0 "KDE LDA" 63 5000 3.16666666666667
298.735 19.36 0 0 "KDE LDA" 63 5000 3.17676767676768
306.535 19.43 0 0 "KDE LDA" 63 5000 3.18686868686869
315.74 19.585 0 0 "KDE LDA" 63 5000 3.1969696969697
316.62 19.645 0 0 "KDE LDA" 63 5000 3.20707070707071
334.935 19.76 0 0 "KDE LDA" 63 5000 3.21717171717172
345.35 19.865 0 0 "KDE LDA" 63 5000 3.22727272727273
346.88 19.885 0 0 "KDE LDA" 63 5000 3.23737373737374
349.28 19.885 0 0 "KDE LDA" 63 5000 3.24747474747475
351.95 19.975 0 0 "KDE LDA" 63 5000 3.25757575757576
352.42 19.98 0 0 "KDE LDA" 63 5000 3.26767676767677
356.835 19.995 0 0 "KDE LDA" 63 5000 3.27777777777778
364.57 20.09 0 0 "KDE LDA" 63 5000 3.28787878787879
365.08 20.09 0 0 "KDE LDA" 63 5000 3.2979797979798
365.095 20.135 0 0 "KDE LDA" 63 5000 3.30808080808081
370.085 20.15 0 0 "KDE LDA" 63 5000 3.31818181818182
372.335 20.26 0 0 "KDE LDA" 63 5000 3.32828282828283
384.045 20.31 0 0 "KDE LDA" 63 5000 3.33838383838384
396.43 20.51 0 0 "KDE LDA" 63 5000 3.34848484848485
450.45 21.23 0 0 "KDE LDA" 63 5000 3.35858585858586
450.455 21.245 0 0 "KDE LDA" 63 5000 3.36868686868687
451.755 21.265 0 0 "KDE LDA" 63 5000 3.37878787878788
456.495 21.34 0 0 "KDE LDA" 63 5000 3.38888888888889
456.505 21.37 0 0 "KDE LDA" 63 5000 3.3989898989899
456.515 21.37 0 0 "KDE LDA" 63 5000 3.40909090909091
457.77 21.41 0 0 "KDE LDA" 63 5000 3.41919191919192
466.445 21.43 0 0 "KDE LDA" 63 5000 3.42929292929293
473.245 21.45 0 0 "KDE LDA" 63 5000 3.43939393939394
477.525 21.455 0 0 "KDE LDA" 63 5000 3.44949494949495
479.67 21.465 0 0 "KDE LDA" 63 5000 3.45959595959596
482.885 21.485 0 0 "KDE LDA" 63 5000 3.46969696969697
487.305 21.675 0 0 "KDE LDA" 63 5000 3.47979797979798
488.605 21.68 0 0 "KDE LDA" 63 5000 3.48989898989899
488.63 21.7 0 0 "KDE LDA" 63 5000 3.5
105.62 12.43 0 0 "KDE QDA" 63 5000 2.7
105.62 12.445 0 0 "KDE QDA" 63 5000 2.71010101010101
107.3 12.445 0 0 "KDE QDA" 63 5000 2.72020202020202
107.3 12.445 0 0 "KDE QDA" 63 5000 2.73030303030303
107.3 12.445 0 0 "KDE QDA" 63 5000 2.74040404040404
107.3 12.45 0 0 "KDE QDA" 63 5000 2.75050505050505
107.3 12.45 0 0 "KDE QDA" 63 5000 2.76060606060606
107.305 12.45 0 0 "KDE QDA" 63 5000 2.77070707070707
107.305 12.45 0 0 "KDE QDA" 63 5000 2.78080808080808
107.305 12.57 0 0 "KDE QDA" 63 5000 2.79090909090909
150.285 13.66 0 0 "KDE QDA" 63 5000 2.8010101010101
150.285 13.66 0 0 "KDE QDA" 63 5000 2.81111111111111
150.285 13.66 0 0 "KDE QDA" 63 5000 2.82121212121212
156.985 13.845 0 0 "KDE QDA" 63 5000 2.83131313131313
156.985 13.85 0 0 "KDE QDA" 63 5000 2.84141414141414
156.995 13.905 0 0 "KDE QDA" 63 5000 2.85151515151515
156.995 13.91 0 0 "KDE QDA" 63 5000 2.86161616161616
156.995 13.91 0 0 "KDE QDA" 63 5000 2.87171717171717
156.995 13.92 0 0 "KDE QDA" 63 5000 2.88181818181818
156.995 13.92 0 0 "KDE QDA" 63 5000 2.89191919191919
156.995 13.92 0 0 "KDE QDA" 63 5000 2.9020202020202
156.995 13.92 0 0 "KDE QDA" 63 5000 2.91212121212121
156.995 13.92 0 0 "KDE QDA" 63 5000 2.92222222222222
157.02 13.92 0 0 "KDE QDA" 63 5000 2.93232323232323
157.21 13.92 0 0 "KDE QDA" 63 5000 2.94242424242424
157.21 13.92 0 0 "KDE QDA" 63 5000 2.95252525252525
168.75 14.2 0 0 "KDE QDA" 63 5000 2.96262626262626
168.75 14.24 0 0 "KDE QDA" 63 5000 2.97272727272727
169.735 14.26 0 0 "KDE QDA" 63 5000 2.98282828282828
169.755 14.275 0 0 "KDE QDA" 63 5000 2.99292929292929
169.755 14.275 0 0 "KDE QDA" 63 5000 3.0030303030303
169.755 14.275 0 0 "KDE QDA" 63 5000 3.01313131313131
169.755 14.275 0 0 "KDE QDA" 63 5000 3.02323232323232
169.755 14.275 0 0 "KDE QDA" 63 5000 3.03333333333333
169.76 14.275 0 0 "KDE QDA" 63 5000 3.04343434343434
169.76 14.275 0 0 "KDE QDA" 63 5000 3.05353535353535
169.76 14.275 0 0 "KDE QDA" 63 5000 3.06363636363636
169.76 14.275 0 0 "KDE QDA" 63 5000 3.07373737373737
169.76 14.275 0 0 "KDE QDA" 63 5000 3.08383838383838
196.09 14.58 0 0 "KDE QDA" 63 5000 3.09393939393939
196.72 14.58 0 0 "KDE QDA" 63 5000 3.1040404040404
196.795 14.58 0 0 "KDE QDA" 63 5000 3.11414141414141
198.62 14.6 0 0 "KDE QDA" 63 5000 3.12424242424242
198.655 14.625 0 0 "KDE QDA" 63 5000 3.13434343434343
198.66 14.625 0 0 "KDE QDA" 63 5000 3.14444444444444
199.245 14.625 0 0 "KDE QDA" 63 5000 3.15454545454545
199.25 14.625 0 0 "KDE QDA" 63 5000 3.16464646464646
199.255 14.625 0 0 "KDE QDA" 63 5000 3.17474747474748
199.255 14.625 0 0 "KDE QDA" 63 5000 3.18484848484849
199.255 14.625 0 0 "KDE QDA" 63 5000 3.19494949494949
199.255 14.625 0 0 "KDE QDA" 63 5000 3.20505050505051
199.255 14.625 0 0 "KDE QDA" 63 5000 3.21515151515152
226.405 15.095 0 0 "KDE QDA" 63 5000 3.22525252525253
226.41 15.095 0 0 "KDE QDA" 63 5000 3.23535353535354
226.415 15.095 0 0 "KDE QDA" 63 5000 3.24545454545455
229.71 15.21 0 0 "KDE QDA" 63 5000 3.25555555555556
229.71 15.33 0 0 "KDE QDA" 63 5000 3.26565656565657
233.71 15.33 0 0 "KDE QDA" 63 5000 3.27575757575758
233.71 15.33 0 0 "KDE QDA" 63 5000 3.28585858585859
233.835 15.33 0 0 "KDE QDA" 63 5000 3.2959595959596
234.285 15.335 0 0 "KDE QDA" 63 5000 3.30606060606061
234.285 15.335 0 0 "KDE QDA" 63 5000 3.31616161616162
234.285 15.335 0 0 "KDE QDA" 63 5000 3.32626262626263
234.31 15.335 0 0 "KDE QDA" 63 5000 3.33636363636364
234.31 15.34 0 0 "KDE QDA" 63 5000 3.34646464646465
234.31 15.34 0 0 "KDE QDA" 63 5000 3.35656565656566
260.435 16.195 0 0 "KDE QDA" 63 5000 3.36666666666667
260.435 16.195 0 0 "KDE QDA" 63 5000 3.37676767676768
275.595 16.345 0 0 "KDE QDA" 63 5000 3.38686868686869
275.595 16.365 0 0 "KDE QDA" 63 5000 3.3969696969697
275.62 16.445 0 0 "KDE QDA" 63 5000 3.40707070707071
278.655 16.56 0 0 "KDE QDA" 63 5000 3.41717171717172
278.655 16.565 0 0 "KDE QDA" 63 5000 3.42727272727273
280.945 16.575 0 0 "KDE QDA" 63 5000 3.43737373737374
280.96 16.6 0 0 "KDE QDA" 63 5000 3.44747474747475
280.96 16.6 0 0 "KDE QDA" 63 5000 3.45757575757576
280.96 16.6 0 0 "KDE QDA" 63 5000 3.46767676767677
282.31 16.6 0 0 "KDE QDA" 63 5000 3.47777777777778
282.31 16.6 0 0 "KDE QDA" 63 5000 3.48787878787879
282.31 16.6 0 0 "KDE QDA" 63 5000 3.4979797979798
282.325 16.6 0 0 "KDE QDA" 63 5000 3.50808080808081
290.41 17.08 0 0 "KDE QDA" 63 5000 3.51818181818182
291.19 17.085 0 0 "KDE QDA" 63 5000 3.52828282828283
291.19 17.085 0 0 "KDE QDA" 63 5000 3.53838383838384
292.69 17.165 0 0 "KDE QDA" 63 5000 3.54848484848485
292.69 17.165 0 0 "KDE QDA" 63 5000 3.55858585858586
293.71 17.17 0 0 "KDE QDA" 63 5000 3.56868686868687
295.25 17.17 0 0 "KDE QDA" 63 5000 3.57878787878788
295.77 17.17 0 0 "KDE QDA" 63 5000 3.58888888888889
295.83 17.175 0 0 "KDE QDA" 63 5000 3.5989898989899
295.83 17.175 0 0 "KDE QDA" 63 5000 3.60909090909091
295.83 17.175 0 0 "KDE QDA" 63 5000 3.61919191919192
296.125 17.175 0 0 "KDE QDA" 63 5000 3.62929292929293
296.125 17.175 0 0 "KDE QDA" 63 5000 3.63939393939394
296.125 17.175 0 0 "KDE QDA" 63 5000 3.64949494949495
329.875 17.865 0 0 "KDE QDA" 63 5000 3.65959595959596
331.14 17.87 0 0 "KDE QDA" 63 5000 3.66969696969697
343.135 17.995 0 0 "KDE QDA" 63 5000 3.67979797979798
345.495 18 0 0 "KDE QDA" 63 5000 3.68989898989899
345.5 18 0 0 "KDE QDA" 63 5000 3.7
