146.475 13.965 0 0 "KDE LDA" 55 3000 2.5
146.9 13.995 0 0 "KDE LDA" 55 3000 2.51010101010101
150.35 14.085 0 0 "KDE LDA" 55 3000 2.52020202020202
153.975 14.26 0 0 "KDE LDA" 55 3000 2.53030303030303
159.55 14.285 0 0 "KDE LDA" 55 3000 2.54040404040404
162.075 14.305 0 0 "KDE LDA" 55 3000 2.55050505050505
163.66 14.34 0 0 "KDE LDA" 55 3000 2.56060606060606
163.66 14.37 0 0 "KDE LDA" 55 3000 2.57070707070707
164.52 14.395 0 0 "KDE LDA" 55 3000 2.58080808080808
164.605 14.55 0 0 "KDE LDA" 55 3000 2.59090909090909
164.615 14.565 0 0 "KDE LDA" 55 3000 2.6010101010101
167.11 14.61 0 0 "KDE LDA" 55 3000 2.61111111111111
167.74 14.75 0 0 "KDE LDA" 55 3000 2.62121212121212
170.56 14.835 0 0 "KDE LDA" 55 3000 2.63131313131313
170.56 14.89 0 0 "KDE LDA" 55 3000 2.64141414141414
172.13 14.94 0 0 "KDE LDA" 55 3000 2.65151515151515
179.365 15.05 0 0 "KDE LDA" 55 3000 2.66161616161616
185.315 15.43 0 0 "KDE LDA" 55 3000 2.67171717171717
186.295 15.495 0 0 "KDE LDA" 55 3000 2.68181818181818
186.66 15.585 0 0 "KDE LDA" 55 3000 2.69191919191919
187.885 15.68 0 0 "KDE LDA" 55 3000 2.7020202020202
187.905 15.685 0 0 "KDE LDA" 55 3000 2.71212121212121
191.685 15.775 0 0 "KDE LDA" 55 3000 2.72222222222222
193.735 15.795 0 0 "KDE LDA" 55 3000 2.73232323232323
193.745 15.88 0 0 "KDE LDA" 55 3000 2.74242424242424
195.195 15.9 0 0 "KDE LDA" 55 3000 2.75252525252525
196.51 15.975 0 0 "KDE LDA" 55 3000 2.76262626262626
199.02 16.11 0 0 "KDE LDA" 55 3000 2.77272727272727
201.565 16.285 0 0 "KDE LDA" 55 3000 2.78282828282828
210.02 16.355 0 0 "KDE LDA" 55 3000 2.79292929292929
232.235 17.19 0 0 "KDE LDA" 55 3000 2.8030303030303
235.845 17.195 0 0 "KDE LDA" 55 3000 2.81313131313131
236.215 17.21 0 0 "KDE LDA" 55 3000 2.82323232323232
236.365 17.21 0 0 "KDE LDA" 55 3000 2.83333333333333
236.37 17.25 0 0 "KDE LDA" 55 3000 2.84343434343434
236.385 17.27 0 0 "KDE LDA" 55 3000 2.85353535353535
240.505 17.285 0 0 "KDE LDA" 55 3000 2.86363636363636
242.64 17.305 0 0 "KDE LDA" 55 3000 2.87373737373737
242.845 17.33 0 0 "KDE LDA" 55 3000 2.88383838383838
246.065 17.42 0 0 "KDE LDA" 55 3000 2.89393939393939
251.94 17.43 0 0 "KDE LDA" 55 3000 2.9040404040404
254.345 17.515 0 0 "KDE LDA" 55 3000 2.91414141414141
254.535 17.76 0 0 "KDE LDA" 55 3000 2.92424242424242
256.875 17.845 0 0 "KDE LDA" 55 3000 2.93434343434343
260.97 17.855 0 0 "KDE LDA" 55 3000 2.94444444444444
262.855 17.88 0 0 "KDE LDA" 55 3000 2.95454545454545
268.925 17.985 0 0 "KDE LDA" 55 3000 2.96464646464646
272.59 17.99 0 0 "KDE LDA" 55 3000 2.97474747474747
277.175 18.185 0 0 "KDE LDA" 55 3000 2.98484848484848
279.45 18.215 0 0 "KDE LDA" 55 3000 2.99494949494949
279.495 18.3 0 0 "KDE LDA" 55 3000 3.00505050505051
282.435 18.325 0 0 "KDE LDA" 55 3000 3.01515151515152
292.74 18.365 0 0 "KDE LDA" 55 3000 3.02525252525253
293.9 18.38 0 0 "KDE LDA" 55 3000 3.03535353535354
294.135 18.38 0 0 "KDE LDA" 55 3000 3.04545454545455
294.14 18.385 0 0 "KDE LDA" 55 3000 3.05555555555556
296.15 18.405 0 0 "KDE LDA" 55 3000 3.06565656565657
298.19 18.48 0 0 "KDE LDA" 55 3000 3.07575757575758
299.455 18.565 0 0 "KDE LDA" 55 3000 3.08585858585859
303.985 18.665 0 0 "KDE LDA" 55 3000 3.0959595959596
304.175 18.665 0 0 "KDE LDA" 55 3000 3.10606060606061
307.51 18.79 0 0 "KDE LDA" 55 3000 3.11616161616162
309.36 18.85 0 0 "KDE LDA" 55 3000 3.12626262626263
314.76 18.86 0 0 "KDE LDA" 55 3000 3.13636363636364
319.495 18.875 0 0 "KDE LDA" 55 3000 3.14646464646465
324.47 19.05 0 0 "KDE LDA" 55 3000 3.15656565656566
328.06 19.05 0 0 "KDE LDA" 55 3000 3.16666666666667
333.795 19.165 0 0 "KDE LDA" 55 3000 3.17676767676768
333.865 19.27 0 0 "KDE LDA" 55 3000 3.18686868686869
341.72 19.36 0 0 "KDE LDA" 55 3000 3.1969696969697
343.725 19.51 0 0 "KDE LDA" 55 3000 3.20707070707071
348.975 19.78 0 0 "KDE LDA" 55 3000 3.21717171717172
378.87 20.1 0 0 "KDE LDA" 55 3000 3.22727272727273
382.965 20.115 0 0 "KDE LDA" 55 3000 3.23737373737374
384.255 20.135 0 0 "KDE LDA" 55 3000 3.24747474747475
385.325 20.205 0 0 "KDE LDA" 55 3000 3.25757575757576
385.8 20.265 0 0 "KDE LDA" 55 3000 3.26767676767677
386.385 20.62 0 0 "KDE LDA" 55 3000 3.27777777777778
390.645 20.645 0 0 "KDE LDA" 55 3000 3.28787878787879
403.385 20.765 0 0 "KDE LDA" 55 3000 3.2979797979798
406.045 20.975 0 0 "KDE LDA" 55 3000 3.30808080808081
407.955 21.05 0 0 "KDE LDA" 55 3000 3.31818181818182
420.185 21.05 0 0 "KDE LDA" 55 3000 3.32828282828283
435.23 21.205 0 0 "KDE LDA" 55 3000 3.33838383838384
457.125 21.395 0 0 "KDE LDA" 55 3000 3.34848484848485
509.105 21.895 0 0 "KDE LDA" 55 3000 3.35858585858586
511.24 21.9 0 0 "KDE LDA" 55 3000 3.36868686868687
526.845 21.955 0 0 "KDE LDA" 55 3000 3.37878787878788
539.98 21.98 0 0 "KDE LDA" 55 3000 3.38888888888889
539.985 22.005 0 0 "KDE LDA" 55 3000 3.3989898989899
546.925 22.005 0 0 "KDE LDA" 55 3000 3.40909090909091
554.2 22.03 0 0 "KDE LDA" 55 3000 3.41919191919192
556.28 22.205 0 0 "KDE LDA" 55 3000 3.42929292929293
556.285 22.245 0 0 "KDE LDA" 55 3000 3.43939393939394
559.645 22.35 0 0 "KDE LDA" 55 3000 3.44949494949495
566.045 22.37 0 0 "KDE LDA" 55 3000 3.45959595959596
566.28 22.415 0 0 "KDE LDA" 55 3000 3.46969696969697
570.265 22.44 0 0 "KDE LDA" 55 3000 3.47979797979798
574.32 22.465 0 0 "KDE LDA" 55 3000 3.48989898989899
574.865 22.475 0 0 "KDE LDA" 55 3000 3.5
105.435 12.835 0 0 "KDE QDA" 55 3000 2.7
105.725 12.835 0 0 "KDE QDA" 55 3000 2.71010101010101
106.13 12.955 0 0 "KDE QDA" 55 3000 2.72020202020202
106.135 12.955 0 0 "KDE QDA" 55 3000 2.73030303030303
106.205 12.955 0 0 "KDE QDA" 55 3000 2.74040404040404
106.74 12.955 0 0 "KDE QDA" 55 3000 2.75050505050505
106.74 12.955 0 0 "KDE QDA" 55 3000 2.76060606060606
106.74 12.955 0 0 "KDE QDA" 55 3000 2.77070707070707
106.745 12.955 0 0 "KDE QDA" 55 3000 2.78080808080808
106.87 12.955 0 0 "KDE QDA" 55 3000 2.79090909090909
134.905 13.92 0 0 "KDE QDA" 55 3000 2.8010101010101
134.905 13.92 0 0 "KDE QDA" 55 3000 2.81111111111111
134.905 13.92 0 0 "KDE QDA" 55 3000 2.82121212121212
140.035 14.095 0 0 "KDE QDA" 55 3000 2.83131313131313
141.01 14.095 0 0 "KDE QDA" 55 3000 2.84141414141414
145.715 14.15 0 0 "KDE QDA" 55 3000 2.85151515151515
147.775 14.15 0 0 "KDE QDA" 55 3000 2.86161616161616
147.775 14.15 0 0 "KDE QDA" 55 3000 2.87171717171717
148.15 14.155 0 0 "KDE QDA" 55 3000 2.88181818181818
148.52 14.155 0 0 "KDE QDA" 55 3000 2.89191919191919
148.73 14.16 0 0 "KDE QDA" 55 3000 2.9020202020202
149.35 14.165 0 0 "KDE QDA" 55 3000 2.91212121212121
149.35 14.165 0 0 "KDE QDA" 55 3000 2.92222222222222
149.35 14.165 0 0 "KDE QDA" 55 3000 2.93232323232323
149.35 14.165 0 0 "KDE QDA" 55 3000 2.94242424242424
149.35 14.165 0 0 "KDE QDA" 55 3000 2.95252525252525
156.965 14.35 0 0 "KDE QDA" 55 3000 2.96262626262626
156.975 14.35 0 0 "KDE QDA" 55 3000 2.97272727272727
156.975 14.375 0 0 "KDE QDA" 55 3000 2.98282828282828
158.345 14.375 0 0 "KDE QDA" 55 3000 2.99292929292929
158.345 14.38 0 0 "KDE QDA" 55 3000 3.0030303030303
158.35 14.38 0 0 "KDE QDA" 55 3000 3.01313131313131
158.36 14.385 0 0 "KDE QDA" 55 3000 3.02323232323232
158.365 14.39 0 0 "KDE QDA" 55 3000 3.03333333333333
158.37 14.39 0 0 "KDE QDA" 55 3000 3.04343434343434
158.375 14.415 0 0 "KDE QDA" 55 3000 3.05353535353535
158.375 14.415 0 0 "KDE QDA" 55 3000 3.06363636363636
158.67 14.415 0 0 "KDE QDA" 55 3000 3.07373737373737
158.685 14.415 0 0 "KDE QDA" 55 3000 3.08383838383838
169.885 14.78 0 0 "KDE QDA" 55 3000 3.09393939393939
170.38 14.79 0 0 "KDE QDA" 55 3000 3.1040404040404
170.415 14.79 0 0 "KDE QDA" 55 3000 3.11414141414141
173.385 14.815 0 0 "KDE QDA" 55 3000 3.12424242424242
173.395 14.82 0 0 "KDE QDA" 55 3000 3.13434343434343
174.83 14.845 0 0 "KDE QDA" 55 3000 3.14444444444444
174.835 14.85 0 0 "KDE QDA" 55 3000 3.15454545454545
174.835 14.85 0 0 "KDE QDA" 55 3000 3.16464646464646
174.835 14.85 0 0 "KDE QDA" 55 3000 3.17474747474748
176.065 14.85 0 0 "KDE QDA" 55 3000 3.18484848484849
176.065 14.855 0 0 "KDE QDA" 55 3000 3.19494949494949
176.065 14.855 0 0 "KDE QDA" 55 3000 3.20505050505051
178.475 14.855 0 0 "KDE QDA" 55 3000 3.21515151515152
199.745 15.71 0 0 "KDE QDA" 55 3000 3.22525252525253
201.755 15.73 0 0 "KDE QDA" 55 3000 3.23535353535354
202.5 15.73 0 0 "KDE QDA" 55 3000 3.24545454545455
207.845 15.86 0 0 "KDE QDA" 55 3000 3.25555555555556
207.915 15.865 0 0 "KDE QDA" 55 3000 3.26565656565657
210.11 15.88 0 0 "KDE QDA" 55 3000 3.27575757575758
210.725 15.885 0 0 "KDE QDA" 55 3000 3.28585858585859
210.75 15.885 0 0 "KDE QDA" 55 3000 3.2959595959596
210.755 15.885 0 0 "KDE QDA" 55 3000 3.30606060606061
210.755 15.885 0 0 "KDE QDA" 55 3000 3.31616161616162
211.53 15.885 0 0 "KDE QDA" 55 3000 3.32626262626263
211.53 15.885 0 0 "KDE QDA" 55 3000 3.33636363636364
211.545 15.89 0 0 "KDE QDA" 55 3000 3.34646464646465
211.545 15.89 0 0 "KDE QDA" 55 3000 3.35656565656566
228.95 16.66 0 0 "KDE QDA" 55 3000 3.36666666666667
228.955 16.66 0 0 "KDE QDA" 55 3000 3.37676767676768
237.27 16.85 0 0 "KDE QDA" 55 3000 3.38686868686869
237.27 16.855 0 0 "KDE QDA" 55 3000 3.3969696969697
237.27 16.855 0 0 "KDE QDA" 55 3000 3.40707070707071
239.44 16.9 0 0 "KDE QDA" 55 3000 3.41717171717172
239.44 16.9 0 0 "KDE QDA" 55 3000 3.42727272727273
239.445 16.915 0 0 "KDE QDA" 55 3000 3.43737373737374
239.445 16.915 0 0 "KDE QDA" 55 3000 3.44747474747475
239.445 16.915 0 0 "KDE QDA" 55 3000 3.45757575757576
239.445 16.925 0 0 "KDE QDA" 55 3000 3.46767676767677
239.445 16.925 0 0 "KDE QDA" 55 3000 3.47777777777778
239.46 16.925 0 0 "KDE QDA" 55 3000 3.48787878787879
239.46 16.925 0 0 "KDE QDA" 55 3000 3.4979797979798
244.825 16.925 0 0 "KDE QDA" 55 3000 3.50808080808081
263.795 17.225 0 0 "KDE QDA" 55 3000 3.51818181818182
263.895 17.245 0 0 "KDE QDA" 55 3000 3.52828282828283
264.515 17.245 0 0 "KDE QDA" 55 3000 3.53838383838384
267.675 17.3 0 0 "KDE QDA" 55 3000 3.54848484848485
267.675 17.32 0 0 "KDE QDA" 55 3000 3.55858585858586
269.25 17.325 0 0 "KDE QDA" 55 3000 3.56868686868687
269.615 17.37 0 0 "KDE QDA" 55 3000 3.57878787878788
269.855 17.39 0 0 "KDE QDA" 55 3000 3.58888888888889
271.515 17.39 0 0 "KDE QDA" 55 3000 3.5989898989899
271.515 17.39 0 0 "KDE QDA" 55 3000 3.60909090909091
271.52 17.39 0 0 "KDE QDA" 55 3000 3.61919191919192
273.47 17.39 0 0 "KDE QDA" 55 3000 3.62929292929293
273.47 17.39 0 0 "KDE QDA" 55 3000 3.63939393939394
273.58 17.39 0 0 "KDE QDA" 55 3000 3.64949494949495
284.175 17.73 0 0 "KDE QDA" 55 3000 3.65959595959596
286.615 17.735 0 0 "KDE QDA" 55 3000 3.66969696969697
294.175 17.865 0 0 "KDE QDA" 55 3000 3.67979797979798
295.675 17.945 0 0 "KDE QDA" 55 3000 3.68989898989899
297.785 17.99 0 0 "KDE QDA" 55 3000 3.7
