156.24 15.21 0 0 "KDE LDA" 81 800 2.4
157.13 15.25 0 0 "KDE LDA" 81 800 2.41010101010101
158.64 15.265 0 0 "KDE LDA" 81 800 2.42020202020202
158.65 15.32 0 0 "KDE LDA" 81 800 2.43030303030303
158.65 15.33 0 0 "KDE LDA" 81 800 2.44040404040404
160.105 15.345 0 0 "KDE LDA" 81 800 2.45050505050505
161.48 15.35 0 0 "KDE LDA" 81 800 2.46060606060606
161.95 15.355 0 0 "KDE LDA" 81 800 2.47070707070707
162.47 15.5 0 0 "KDE LDA" 81 800 2.48080808080808
162.48 15.56 0 0 "KDE LDA" 81 800 2.49090909090909
162.66 15.605 0 0 "KDE LDA" 81 800 2.5010101010101
162.78 15.655 0 0 "KDE LDA" 81 800 2.51111111111111
163.09 15.685 0 0 "KDE LDA" 81 800 2.52121212121212
168.945 15.91 0 0 "KDE LDA" 81 800 2.53131313131313
168.945 15.96 0 0 "KDE LDA" 81 800 2.54141414141414
169.19 16.055 0 0 "KDE LDA" 81 800 2.55151515151515
170.22 16.095 0 0 "KDE LDA" 81 800 2.56161616161616
170.705 16.115 0 0 "KDE LDA" 81 800 2.57171717171717
173.08 16.17 0 0 "KDE LDA" 81 800 2.58181818181818
173.5 16.2 0 0 "KDE LDA" 81 800 2.59191919191919
173.505 16.21 0 0 "KDE LDA" 81 800 2.6020202020202
173.59 16.295 0 0 "KDE LDA" 81 800 2.61212121212121
174.41 16.32 0 0 "KDE LDA" 81 800 2.62222222222222
174.45 16.325 0 0 "KDE LDA" 81 800 2.63232323232323
175.69 16.4 0 0 "KDE LDA" 81 800 2.64242424242424
178.9 16.555 0 0 "KDE LDA" 81 800 2.65252525252525
182.15 16.63 0 0 "KDE LDA" 81 800 2.66262626262626
197.75 17.255 0 0 "KDE LDA" 81 800 2.67272727272727
198.03 17.315 0 0 "KDE LDA" 81 800 2.68282828282828
198.1 17.34 0 0 "KDE LDA" 81 800 2.69292929292929
198.12 17.395 0 0 "KDE LDA" 81 800 2.7030303030303
198.14 17.415 0 0 "KDE LDA" 81 800 2.71313131313131
200.15 17.43 0 0 "KDE LDA" 81 800 2.72323232323232
201.445 17.445 0 0 "KDE LDA" 81 800 2.73333333333333
203.865 17.55 0 0 "KDE LDA" 81 800 2.74343434343434
205.69 17.935 0 0 "KDE LDA" 81 800 2.75353535353535
205.7 17.94 0 0 "KDE LDA" 81 800 2.76363636363636
209.185 18.36 0 0 "KDE LDA" 81 800 2.77373737373737
210.09 18.41 0 0 "KDE LDA" 81 800 2.78383838383838
216.2 18.575 0 0 "KDE LDA" 81 800 2.79393939393939
253.27 19.21 0 0 "KDE LDA" 81 800 2.8040404040404
256.485 19.315 0 0 "KDE LDA" 81 800 2.81414141414141
256.485 19.315 0 0 "KDE LDA" 81 800 2.82424242424242
257.585 19.33 0 0 "KDE LDA" 81 800 2.83434343434343
260.61 19.38 0 0 "KDE LDA" 81 800 2.84444444444444
261.565 19.42 0 0 "KDE LDA" 81 800 2.85454545454545
262.21 19.44 0 0 "KDE LDA" 81 800 2.86464646464646
262.215 19.555 0 0 "KDE LDA" 81 800 2.87474747474747
267.725 19.755 0 0 "KDE LDA" 81 800 2.88484848484848
268.27 19.78 0 0 "KDE LDA" 81 800 2.89494949494949
274.85 19.8 0 0 "KDE LDA" 81 800 2.90505050505051
276.7 19.86 0 0 "KDE LDA" 81 800 2.91515151515152
277.395 19.99 0 0 "KDE LDA" 81 800 2.92525252525253
281.41 20.09 0 0 "KDE LDA" 81 800 2.93535353535354
291.29 20.165 0 0 "KDE LDA" 81 800 2.94545454545455
292.775 20.225 0 0 "KDE LDA" 81 800 2.95555555555556
300.44 20.3 0 0 "KDE LDA" 81 800 2.96565656565657
300.465 20.31 0 0 "KDE LDA" 81 800 2.97575757575758
305.96 20.31 0 0 "KDE LDA" 81 800 2.98585858585859
306.725 20.335 0 0 "KDE LDA" 81 800 2.9959595959596
306.725 20.375 0 0 "KDE LDA" 81 800 3.00606060606061
309.95 20.49 0 0 "KDE LDA" 81 800 3.01616161616162
311.85 20.53 0 0 "KDE LDA" 81 800 3.02626262626263
320.48 20.715 0 0 "KDE LDA" 81 800 3.03636363636364
322.3 20.775 0 0 "KDE LDA" 81 800 3.04646464646465
323.745 20.785 0 0 "KDE LDA" 81 800 3.05656565656566
328.025 20.83 0 0 "KDE LDA" 81 800 3.06666666666667
328.08 20.85 0 0 "KDE LDA" 81 800 3.07676767676768
335.47 20.865 0 0 "KDE LDA" 81 800 3.08686868686869
342 21.09 0 0 "KDE LDA" 81 800 3.0969696969697
342.58 21.12 0 0 "KDE LDA" 81 800 3.10707070707071
342.595 21.125 0 0 "KDE LDA" 81 800 3.11717171717172
357.105 21.16 0 0 "KDE LDA" 81 800 3.12727272727273
362.11 21.23 0 0 "KDE LDA" 81 800 3.13737373737374
362.635 21.24 0 0 "KDE LDA" 81 800 3.14747474747475
362.685 21.24 0 0 "KDE LDA" 81 800 3.15757575757576
373.615 21.275 0 0 "KDE LDA" 81 800 3.16767676767677
382.965 21.29 0 0 "KDE LDA" 81 800 3.17777777777778
392.13 21.355 0 0 "KDE LDA" 81 800 3.18787878787879
392.15 21.36 0 0 "KDE LDA" 81 800 3.1979797979798
399.11 21.385 0 0 "KDE LDA" 81 800 3.20808080808081
409.71 21.515 0 0 "KDE LDA" 81 800 3.21818181818182
451.475 21.675 0 0 "KDE LDA" 81 800 3.22828282828283
451.48 21.715 0 0 "KDE LDA" 81 800 3.23838383838384
451.48 21.77 0 0 "KDE LDA" 81 800 3.24848484848485
453.525 21.79 0 0 "KDE LDA" 81 800 3.25858585858586
464.455 21.82 0 0 "KDE LDA" 81 800 3.26868686868687
466.135 21.85 0 0 "KDE LDA" 81 800 3.27878787878788
469.605 21.895 0 0 "KDE LDA" 81 800 3.28888888888889
469.615 21.9 0 0 "KDE LDA" 81 800 3.2989898989899
471.245 21.92 0 0 "KDE LDA" 81 800 3.30909090909091
490.49 21.925 0 0 "KDE LDA" 81 800 3.31919191919192
504.035 21.995 0 0 "KDE LDA" 81 800 3.32929292929293
520.44 22.075 0 0 "KDE LDA" 81 800 3.33939393939394
525.36 22.145 0 0 "KDE LDA" 81 800 3.34949494949495
587.845 22.625 0 0 "KDE LDA" 81 800 3.35959595959596
589.58 22.765 0 0 "KDE LDA" 81 800 3.36969696969697
597.685 22.815 0 0 "KDE LDA" 81 800 3.37979797979798
622.78 23.065 0 0 "KDE LDA" 81 800 3.38989898989899
624.215 23.105 0 0 "KDE LDA" 81 800 3.4
198.135 18.025 0 0 "KDE QDA" 81 800 4.3
199.975 18.025 0 0 "KDE QDA" 81 800 4.31010101010101
200 18.05 0 0 "KDE QDA" 81 800 4.32020202020202
203.87 18.09 0 0 "KDE QDA" 81 800 4.33030303030303
208.775 18.135 0 0 "KDE QDA" 81 800 4.34040404040404
212.075 18.405 0 0 "KDE QDA" 81 800 4.35050505050505
212.105 18.415 0 0 "KDE QDA" 81 800 4.36060606060606
214.095 18.595 0 0 "KDE QDA" 81 800 4.37070707070707
214.125 18.625 0 0 "KDE QDA" 81 800 4.38080808080808
214.84 18.66 0 0 "KDE QDA" 81 800 4.39090909090909
214.99 18.67 0 0 "KDE QDA" 81 800 4.4010101010101
216.04 18.8 0 0 "KDE QDA" 81 800 4.41111111111111
217.345 18.825 0 0 "KDE QDA" 81 800 4.42121212121212
217.44 18.85 0 0 "KDE QDA" 81 800 4.43131313131313
217.47 18.86 0 0 "KDE QDA" 81 800 4.44141414141414
219.89 18.88 0 0 "KDE QDA" 81 800 4.45151515151515
219.905 18.91 0 0 "KDE QDA" 81 800 4.46161616161616
222.565 18.96 0 0 "KDE QDA" 81 800 4.47171717171717
230.58 19.175 0 0 "KDE QDA" 81 800 4.48181818181818
232.265 19.215 0 0 "KDE QDA" 81 800 4.49191919191919
233.75 19.25 0 0 "KDE QDA" 81 800 4.5020202020202
235.785 19.355 0 0 "KDE QDA" 81 800 4.51212121212121
238.565 19.365 0 0 "KDE QDA" 81 800 4.52222222222222
239.085 19.38 0 0 "KDE QDA" 81 800 4.53232323232323
239.18 19.38 0 0 "KDE QDA" 81 800 4.54242424242424
242.7 19.435 0 0 "KDE QDA" 81 800 4.55252525252525
243.91 19.445 0 0 "KDE QDA" 81 800 4.56262626262626
245.915 19.445 0 0 "KDE QDA" 81 800 4.57272727272727
245.95 19.475 0 0 "KDE QDA" 81 800 4.58282828282828
246.93 19.48 0 0 "KDE QDA" 81 800 4.59292929292929
248.23 19.48 0 0 "KDE QDA" 81 800 4.6030303030303
249.37 19.485 0 0 "KDE QDA" 81 800 4.61313131313131
249.46 19.515 0 0 "KDE QDA" 81 800 4.62323232323232
254.15 19.535 0 0 "KDE QDA" 81 800 4.63333333333333
256.715 19.885 0 0 "KDE QDA" 81 800 4.64343434343434
256.805 19.94 0 0 "KDE QDA" 81 800 4.65353535353535
260.66 20.045 0 0 "KDE QDA" 81 800 4.66363636363636
264.385 20.06 0 0 "KDE QDA" 81 800 4.67373737373737
264.44 20.13 0 0 "KDE QDA" 81 800 4.68383838383838
265.75 20.14 0 0 "KDE QDA" 81 800 4.69393939393939
265.78 20.175 0 0 "KDE QDA" 81 800 4.7040404040404
265.815 20.18 0 0 "KDE QDA" 81 800 4.71414141414141
267.195 20.185 0 0 "KDE QDA" 81 800 4.72424242424242
267.78 20.19 0 0 "KDE QDA" 81 800 4.73434343434343
267.815 20.205 0 0 "KDE QDA" 81 800 4.74444444444444
267.82 20.28 0 0 "KDE QDA" 81 800 4.75454545454545
272.835 20.315 0 0 "KDE QDA" 81 800 4.76464646464646
275.45 20.625 0 0 "KDE QDA" 81 800 4.77474747474747
275.97 20.695 0 0 "KDE QDA" 81 800 4.78484848484849
276.465 20.725 0 0 "KDE QDA" 81 800 4.79494949494949
276.55 20.855 0 0 "KDE QDA" 81 800 4.80505050505051
276.58 20.91 0 0 "KDE QDA" 81 800 4.81515151515152
277.415 20.92 0 0 "KDE QDA" 81 800 4.82525252525252
279.955 20.925 0 0 "KDE QDA" 81 800 4.83535353535354
282.82 20.975 0 0 "KDE QDA" 81 800 4.84545454545455
282.86 21.005 0 0 "KDE QDA" 81 800 4.85555555555556
282.865 21.02 0 0 "KDE QDA" 81 800 4.86565656565657
282.875 21.105 0 0 "KDE QDA" 81 800 4.87575757575758
287.305 21.135 0 0 "KDE QDA" 81 800 4.88585858585859
291.34 21.205 0 0 "KDE QDA" 81 800 4.8959595959596
295.125 21.595 0 0 "KDE QDA" 81 800 4.90606060606061
296.205 21.755 0 0 "KDE QDA" 81 800 4.91616161616162
300.475 21.765 0 0 "KDE QDA" 81 800 4.92626262626263
300.81 21.79 0 0 "KDE QDA" 81 800 4.93636363636364
300.865 21.865 0 0 "KDE QDA" 81 800 4.94646464646465
300.995 21.915 0 0 "KDE QDA" 81 800 4.95656565656566
301.355 21.915 0 0 "KDE QDA" 81 800 4.96666666666667
301.375 21.925 0 0 "KDE QDA" 81 800 4.97676767676768
302.89 21.93 0 0 "KDE QDA" 81 800 4.98686868686869
302.89 21.955 0 0 "KDE QDA" 81 800 4.9969696969697
304.985 21.97 0 0 "KDE QDA" 81 800 5.00707070707071
305.055 21.98 0 0 "KDE QDA" 81 800 5.01717171717172
306.72 22.065 0 0 "KDE QDA" 81 800 5.02727272727273
307.74 22.29 0 0 "KDE QDA" 81 800 5.03737373737374
307.8 22.385 0 0 "KDE QDA" 81 800 5.04747474747475
310.745 22.435 0 0 "KDE QDA" 81 800 5.05757575757576
316.945 22.49 0 0 "KDE QDA" 81 800 5.06767676767677
317 22.51 0 0 "KDE QDA" 81 800 5.07777777777778
317.805 22.545 0 0 "KDE QDA" 81 800 5.08787878787879
318.075 22.585 0 0 "KDE QDA" 81 800 5.0979797979798
319.74 22.61 0 0 "KDE QDA" 81 800 5.10808080808081
319.745 22.635 0 0 "KDE QDA" 81 800 5.11818181818182
319.755 22.64 0 0 "KDE QDA" 81 800 5.12828282828283
322.485 22.645 0 0 "KDE QDA" 81 800 5.13838383838384
322.62 22.65 0 0 "KDE QDA" 81 800 5.14848484848485
324.09 22.655 0 0 "KDE QDA" 81 800 5.15858585858586
326.225 22.66 0 0 "KDE QDA" 81 800 5.16868686868687
326.24 22.66 0 0 "KDE QDA" 81 800 5.17878787878788
326.36 22.69 0 0 "KDE QDA" 81 800 5.18888888888889
326.53 22.87 0 0 "KDE QDA" 81 800 5.1989898989899
330.56 22.905 0 0 "KDE QDA" 81 800 5.20909090909091
330.86 22.915 0 0 "KDE QDA" 81 800 5.21919191919192
333.575 22.955 0 0 "KDE QDA" 81 800 5.22929292929293
336.28 22.96 0 0 "KDE QDA" 81 800 5.23939393939394
338.05 22.97 0 0 "KDE QDA" 81 800 5.24949494949495
338.06 22.99 0 0 "KDE QDA" 81 800 5.25959595959596
343.045 23.04 0 0 "KDE QDA" 81 800 5.26969696969697
343.9 23.055 0 0 "KDE QDA" 81 800 5.27979797979798
347.735 23.295 0 0 "KDE QDA" 81 800 5.28989898989899
347.755 23.43 0 0 "KDE QDA" 81 800 5.3
