54.642 13.885 0 0 48.4565978776665 9.86321742932082 "LDA" 8 200 1.5
57.307 14.264 0 0 50.7874208157208 10.1335577658093 "LDA" 8 200 1.53535353535354
59.818 14.733 0 0 53.1149138196615 10.5142884334253 "LDA" 8 200 1.57070707070707
62.442 15.21 0 0 54.2140922989937 10.7249673624177 "LDA" 8 200 1.60606060606061
66.474 15.576 0 0 58.8710210640271 10.9021594687053 "LDA" 8 200 1.64141414141414
70.258 15.951 0 0 62.4294551703991 10.9568540946593 "LDA" 8 200 1.67676767676768
74.641 16.405 0 0 65.9168047173416 11.3829058480489 "LDA" 8 200 1.71212121212121
77.765 16.812 0 0 68.8431925477034 11.6429469729195 "LDA" 8 200 1.74747474747475
82.776 17.148 0 0 74.9381181078465 11.8814673027057 "LDA" 8 200 1.78282828282828
86.466 17.585 0 0 80.4345234122547 12.2267030415917 "LDA" 8 200 1.81818181818182
89.898 18.04 0 0 83.9149170845644 12.6159249189888 "LDA" 8 200 1.85353535353535
95.626 18.471 0 0 90.7021996040505 12.8471868208262 "LDA" 8 200 1.88888888888889
102.709 19.013 0 0 100.221547970871 13.0454979213526 "LDA" 8 200 1.92424242424242
108.264 19.375 0 0 104.9109747196 13.3008002122536 "LDA" 8 200 1.95959595959596
114.755 19.836 0 0 112.132772790713 13.5455005291272 "LDA" 8 200 1.99494949494949
123.635 20.355 0 0 121.423051074878 13.7734775450386 "LDA" 8 200 2.03030303030303
128.585 20.766 0 0 127.191093828732 14.0352496319885 "LDA" 8 200 2.06565656565657
134.592 21.084 0 0 130.799426703736 14.1079402457615 "LDA" 8 200 2.1010101010101
140.251 21.522 0 0 134.478044093983 14.2296169308242 "LDA" 8 200 2.13636363636364
145.313 22.023 0 0 137.94773143335 14.600672951979 "LDA" 8 200 2.17171717171717
152.189 22.562 0 0 143.10902652339 15.168989889055 "LDA" 8 200 2.20707070707071
160.546 22.897 0 0 151.128626493281 15.2888894672288 "LDA" 8 200 2.24242424242424
168.483 23.494 0 0 160.86670198275 15.7593883866831 "LDA" 8 200 2.27777777777778
175.576 23.985 0 0 167.895423097526 16.0766673858183 "LDA" 8 200 2.31313131313131
186.411 24.483 0 0 180.724019571971 16.3411978063343 "LDA" 8 200 2.34848484848485
198.45 24.896 0 0 192.583763609516 16.5895870472534 "LDA" 8 200 2.38383838383838
204.563 25.467 0 0 199.422881125804 17.2438470551458 "LDA" 8 200 2.41919191919192
217.714 25.903 0 0 211.889909003561 17.560579858449 "LDA" 8 200 2.45454545454545
227.659 26.432 0 0 220.636200683505 17.8577791529707 "LDA" 8 200 2.48989898989899
234.738 26.814 0 0 229.826080729284 18.0585579578081 "LDA" 8 200 2.52525252525253
248.651 27.334 0 0 242.090526502013 18.5484902482787 "LDA" 8 200 2.56060606060606
262.426 27.773 0 0 260.9152339042 18.7283801548138 "LDA" 8 200 2.5959595959596
277.33 28.269 0 0 274.803719378367 18.9410507206544 "LDA" 8 200 2.63131313131313
290.692 28.777 0 0 283.830750679046 19.2104219451659 "LDA" 8 200 2.66666666666667
304.038 29.322 0 0 297.360275910703 19.4714522687306 "LDA" 8 200 2.7020202020202
317.813 29.964 0 0 307.795770385604 19.8500561391833 "LDA" 8 200 2.73737373737374
333.415 30.383 0 0 326.359211774557 19.9419656251081 "LDA" 8 200 2.77272727272727
348.583 30.714 0 0 340.752169695443 20.0141142389257 "LDA" 8 200 2.80808080808081
372.547 31.159 0 0 362.976003849249 20.2663376919325 "LDA" 8 200 2.84343434343434
388.248 31.607 0 0 379.343725608001 20.3748296848019 "LDA" 8 200 2.87878787878788
400.368 31.989 0 0 389.162253868275 20.4041468385279 "LDA" 8 200 2.91414141414141
417.493 32.436 0 0 411.380660701252 20.8532674361301 "LDA" 8 200 2.94949494949495
432.778 32.741 0 0 420.368517382554 20.9070567996556 "LDA" 8 200 2.98484848484848
460.155 33.203 0 0 445.101202037306 21.1133029761466 "LDA" 8 200 3.02020202020202
480.179 33.572 0 0 461.205354845689 21.2483012569548 "LDA" 8 200 3.05555555555556
507.624 34.168 0 0 495.374149680998 21.5936579129628 "LDA" 8 200 3.09090909090909
533.358 34.581 0 0 510.905500328844 21.7067875012316 "LDA" 8 200 3.12626262626263
560.606 35.105 0 0 530.967220224519 22.1507704523258 "LDA" 8 200 3.16161616161616
578.325 35.514 0 0 541.997681601925 22.1935205940012 "LDA" 8 200 3.1969696969697
600.902 36.044 0 0 561.417365116055 22.5615399981271 "LDA" 8 200 3.23232323232323
638.23 36.39 0 0 592.343530358826 22.5567885282615 "LDA" 8 200 3.26767676767677
658.083 36.76 0 0 610.345164091869 22.6972589879387 "LDA" 8 200 3.3030303030303
694.292 37.105 0 0 649.335188421914 22.8110569531383 "LDA" 8 200 3.33838383838384
721.125 37.694 0 0 666.200889371967 23.4218049036564 "LDA" 8 200 3.37373737373737
754.802 38.16 0 0 696.191082116698 23.6339790336914 "LDA" 8 200 3.40909090909091
776.797 38.733 0 0 711.678423144168 23.8318624674755 "LDA" 8 200 3.44444444444444
815.405 39.379 0 0 763.584549568245 24.5289426602132 "LDA" 8 200 3.47979797979798
852.308 40.065 0 0 805.130893017335 24.8033461650032 "LDA" 8 200 3.51515151515152
889.288 40.478 0 0 842.051252221245 24.9454162079888 "LDA" 8 200 3.55050505050505
921.841 40.924 0 0 877.665232294739 24.9843238940028 "LDA" 8 200 3.58585858585859
962.531 41.569 0 0 899.708459641984 25.2943678324651 "LDA" 8 200 3.62121212121212
1007.049 41.918 0 0 945.554307031884 25.3907456756584 "LDA" 8 200 3.65656565656566
1054.657 42.546 0 0 1003.4857163577 25.699812535588 "LDA" 8 200 3.69191919191919
1100.642 43.27 0 0 1059.66032096697 26.4872927396644 "LDA" 8 200 3.72727272727273
1149.281 43.797 0 0 1100.36761626737 26.7209992852588 "LDA" 8 200 3.76262626262626
1210.063 44.127 0 0 1151.47660219233 26.8381287752361 "LDA" 8 200 3.7979797979798
1278.127 44.877 0 0 1226.02397270716 27.567187394089 "LDA" 8 200 3.83333333333333
1326.573 45.577 0 0 1265.14090131146 27.8986452252687 "LDA" 8 200 3.86868686868687
1397.198 46.284 0 0 1326.87920445654 28.15460932114 "LDA" 8 200 3.9040404040404
1462.681 46.677 0 0 1397.04588988961 28.1688863315034 "LDA" 8 200 3.93939393939394
1532.03103103103 47.088 1 0 1477.16474552057 28.301293596216 "LDA" 8 200 3.97474747474747
1594.70541082164 47.502 2 0 1523.76909147126 28.354928989472 "LDA" 8 200 4.01010101010101
1675.81644934804 47.922 3 0 1588.2222675984 28.4713634119361 "LDA" 8 200 4.04545454545454
1743.53861584754 48.51 3 0 1634.78715431795 28.841389108809 "LDA" 8 200 4.08080808080808
1813.59236947791 49.124 4 0 1691.53000900333 29.2735984731561 "LDA" 8 200 4.11616161616162
1891.15075376884 49.743 5 0 1745.32557638754 29.4833549518914 "LDA" 8 200 4.15151515151515
1964.83383685801 50.519 7 0 1814.69600215157 29.8659272853299 "LDA" 8 200 4.18686868686869
2050.27419354839 50.958 8 0 1875.38954538566 29.9900923913489 "LDA" 8 200 4.22222222222222
2130.89787664307 51.539 11 0 1925.95296373189 30.322135658804 "LDA" 8 200 4.25757575757576
2199.91708796764 52.04 11 0 1980.123681677 30.4655962119988 "LDA" 8 200 4.29292929292929
2254.72487309645 52.421 15 0 2031.47161166096 30.5309334429345 "LDA" 8 200 4.32828282828283
2301.50559511699 52.814 17 0 2065.15911907213 30.5053434660221 "LDA" 8 200 4.36363636363636
2369.80918367347 53.236 20 0 2093.8944502193 30.4913762895024 "LDA" 8 200 4.3989898989899
2447.27635619243 53.885 23 0 2143.40520727309 30.8790104810418 "LDA" 8 200 4.43434343434343
2512.85714285714 54.366 27 0 2185.54794128267 31.1808962714719 "LDA" 8 200 4.46969696969697
2584.66597938144 54.901 30 0 2245.55560266997 31.3616126777586 "LDA" 8 200 4.50505050505051
2684.22372528616 55.49 39 0 2308.72667848243 31.5312879870474 "LDA" 8 200 4.54040404040404
2788.589958159 56.101 44 0 2346.17920323217 31.9245356266144 "LDA" 8 200 4.57575757575758
2883.60295670539 56.545 53 0 2397.53575011026 32.448310709001 "LDA" 8 200 4.61111111111111
2937.11770943796 57.09 57 0 2418.18337571231 32.4775413276727 "LDA" 8 200 4.64646464646465
3001.1750266809 57.637 63 0 2447.46618218162 32.7536567887165 "LDA" 8 200 4.68181818181818
3040.62823275862 58.177 72 0 2472.59848004423 33.6785676197328 "LDA" 8 200 4.71717171717172
3084.09793253536 59.198 81 0 2476.52284067339 35.1877958527808 "LDA" 8 200 4.75252525252525
3144.39473684211 59.602 88 0 2484.83555167632 35.1867546628515 "LDA" 8 200 4.78787878787879
3217.72345132743 60.135 96 0 2504.19537121456 35.41246698294 "LDA" 8 200 4.82323232323232
3255.47039106145 60.925 105 0 2511.96926166496 36.0014649768656 "LDA" 8 200 4.85858585858586
3333.4536199095 61.451 116 0 2554.65239773851 36.1251245482092 "LDA" 8 200 4.89393939393939
3409.67995444191 61.934 122 0 2570.66496973481 36.6414278957335 "LDA" 8 200 4.92929292929293
3485.15207373272 62.334 132 0 2617.87959705752 36.7336058916328 "LDA" 8 200 4.96464646464646
3543.6674445741 62.719 143 0 2657.18308926675 36.9712985424629 "LDA" 8 200 5
26.236 13.823 0 0 16.6041561665145 6.37057730941673 "uLSIF" 8 200 1.5
27.259 14.129 0 0 17.2611664399271 6.43784162625991 "uLSIF" 8 200 1.53535353535354
28.39 14.416 0 0 18.6399932765371 6.55728159696851 "uLSIF" 8 200 1.57070707070707
29.259 14.751 0 0 19.3739843674519 6.70014110977455 "uLSIF" 8 200 1.60606060606061
30.09 15.149 0 0 20.0210574831287 6.87066263216329 "uLSIF" 8 200 1.64141414141414
31.086 15.477 0 0 21.1598758111749 6.96117295640102 "uLSIF" 8 200 1.67676767676768
32.257 15.766 0 0 21.8670784541539 6.97652606358752 "uLSIF" 8 200 1.71212121212121
33.151 16.133 0 0 22.4631429633476 7.07682078283691 "uLSIF" 8 200 1.74747474747475
33.858 16.489 0 0 22.6474003086611 7.18815334759551 "uLSIF" 8 200 1.78282828282828
34.759 16.912 0 0 23.1333108107998 7.48667525049045 "uLSIF" 8 200 1.81818181818182
35.527 17.28 0 0 24.0934797562902 7.60798800481977 "uLSIF" 8 200 1.85353535353535
36.133 17.705 0 0 24.2708546488455 7.71242221720624 "uLSIF" 8 200 1.88888888888889
36.945 18.025 0 0 24.5859399544423 7.74469853224484 "uLSIF" 8 200 1.92424242424242
37.683 18.346 0 0 24.846808142594 7.74275365966361 "uLSIF" 8 200 1.95959595959596
38.628 18.705 0 0 25.2327229269119 7.8177421351751 "uLSIF" 8 200 1.99494949494949
39.35 18.997 0 0 25.2623372965703 7.89489203981412 "uLSIF" 8 200 2.03030303030303
40.151 19.374 0 0 25.3361030373086 7.94841501818452 "uLSIF" 8 200 2.06565656565657
41.124 19.733 0 0 27.0886400252655 7.95304733809387 "uLSIF" 8 200 2.1010101010101
42.049 20.043 0 0 27.589450461667 8.02206360636118 "uLSIF" 8 200 2.13636363636364
42.771 20.353 0 0 27.8169434219747 8.08218489721144 "uLSIF" 8 200 2.17171717171717
43.536 20.684 0 0 28.0049099084246 8.11455420771776 "uLSIF" 8 200 2.20707070707071
44.373 21.052 0 0 28.3260699221978 8.20747577874334 "uLSIF" 8 200 2.24242424242424
45.331 21.403 0 0 29.0894419787426 8.35789719040893 "uLSIF" 8 200 2.27777777777778
45.909 21.77 0 0 29.4109456278224 8.41248297887549 "uLSIF" 8 200 2.31313131313131
46.689 22.093 0 0 29.553166812859 8.49968208791338 "uLSIF" 8 200 2.34848484848485
47.661 22.395 0 0 29.653860295591 8.48061883920601 "uLSIF" 8 200 2.38383838383838
48.457 22.773 0 0 30.1386876205898 8.63098864354281 "uLSIF" 8 200 2.41919191919192
49.188 23.068 0 0 30.3378153306898 8.72614012731411 "uLSIF" 8 200 2.45454545454545
49.982 23.355 0 0 30.5945371218736 8.80934614937905 "uLSIF" 8 200 2.48989898989899
50.732 23.643 0 0 31.0502865734971 8.8228903650898 "uLSIF" 8 200 2.52525252525253
51.507 24.133 0 0 31.2415105746022 9.03443036012409 "uLSIF" 8 200 2.56060606060606
52.284 24.444 0 0 31.693782353008 9.09756174090781 "uLSIF" 8 200 2.5959595959596
52.757 24.711 0 0 31.8722416969813 9.16053461291394 "uLSIF" 8 200 2.63131313131313
53.506 25.003 0 0 32.0127909246099 9.27334815403725 "uLSIF" 8 200 2.66666666666667
54.332 25.326 0 0 32.3259143836758 9.35281771442164 "uLSIF" 8 200 2.7020202020202
55.054 25.541 0 0 32.3660106074666 9.35445481173675 "uLSIF" 8 200 2.73737373737374
55.798 25.85 0 0 32.6763973372669 9.44058391332997 "uLSIF" 8 200 2.77272727272727
56.784 26.206 0 0 33.426556488497 9.47213203483172 "uLSIF" 8 200 2.80808080808081
57.449 26.515 0 0 33.6303196148564 9.55777830492663 "uLSIF" 8 200 2.84343434343434
58.206 26.828 0 0 33.7445441258029 9.63271535991826 "uLSIF" 8 200 2.87878787878788
58.917 27.22 0 0 34.0796645308391 9.77154455974505 "uLSIF" 8 200 2.91414141414141
59.961 27.539 0 0 35.2256202688231 9.82043379489521 "uLSIF" 8 200 2.94949494949495
60.537 27.96 0 0 35.1791444353498 10.0167227542113 "uLSIF" 8 200 2.98484848484848
61.328 28.302 0 0 35.475469340446 10.1779362537985 "uLSIF" 8 200 3.02020202020202
62.005 28.618 0 0 35.5813857235776 10.1932319692028 "uLSIF" 8 200 3.05555555555556
62.823 29 0 0 36.1069714097483 10.3158332875448 "uLSIF" 8 200 3.09090909090909
63.578 29.313 0 0 36.3122637203534 10.3119041096379 "uLSIF" 8 200 3.12626262626263
64.534 29.656 0 0 36.8103769044525 10.4494428011667 "uLSIF" 8 200 3.16161616161616
65.711 29.945 0 0 38.0356173498891 10.5081109337214 "uLSIF" 8 200 3.1969696969697
66.564 30.242 0 0 38.0349386822243 10.6109390738062 "uLSIF" 8 200 3.23232323232323
67.41 30.489 0 0 38.2504247688179 10.6045431459981 "uLSIF" 8 200 3.26767676767677
68.457 30.784 0 0 38.6459268055336 10.6302561750104 "uLSIF" 8 200 3.3030303030303
68.964 31.183 0 0 38.7297650225082 10.6507722701197 "uLSIF" 8 200 3.33838383838384
69.712 31.503 0 0 39.0983597832152 10.6523924291431 "uLSIF" 8 200 3.37373737373737
70.273 31.848 0 0 39.1808321581945 10.7049283739543 "uLSIF" 8 200 3.40909090909091
70.983 32.106 0 0 39.3514580193447 10.7109985290583 "uLSIF" 8 200 3.44444444444444
71.737 32.466 0 0 39.5198386718449 10.7860643046101 "uLSIF" 8 200 3.47979797979798
72.473 32.751 0 0 39.7928981822856 10.8652221354214 "uLSIF" 8 200 3.51515151515152
73.268 33.046 0 0 40.2496734423052 10.8506045739221 "uLSIF" 8 200 3.55050505050505
74.308 33.329 0 0 40.9977066181506 10.9242894093437 "uLSIF" 8 200 3.58585858585859
75.304 33.703 0 0 41.473867261996 10.9767609193368 "uLSIF" 8 200 3.62121212121212
75.985 34.111 0 0 41.5883681738941 11.0301560888023 "uLSIF" 8 200 3.65656565656566
76.663 34.485 0 0 41.8120757757933 11.1524953778584 "uLSIF" 8 200 3.69191919191919
77.745 34.813 0 0 42.9743501378412 11.2147135853218 "uLSIF" 8 200 3.72727272727273
78.365 35.146 0 0 43.0798287676106 11.3303601470148 "uLSIF" 8 200 3.76262626262626
79.342 35.442 0 0 43.596464164972 11.356125994264 "uLSIF" 8 200 3.7979797979798
80.012 35.737 0 0 43.9195717736954 11.3908552173479 "uLSIF" 8 200 3.83333333333333
81.179 36.036 0 0 44.7416671099298 11.4731136286684 "uLSIF" 8 200 3.86868686868687
82.228 36.369 0 0 45.4438902732057 11.5452211382516 "uLSIF" 8 200 3.9040404040404
83.05 36.712 0 0 45.6894410671112 11.5804647213816 "uLSIF" 8 200 3.93939393939394
84.078 37.076 0 0 46.6687463715053 11.6258067841928 "uLSIF" 8 200 3.97474747474747
85.007 37.46 0 0 47.2112258986234 11.9071482807673 "uLSIF" 8 200 4.01010101010101
85.739 37.776 0 0 47.7506335246141 12.0039959979967 "uLSIF" 8 200 4.04545454545454
86.611 38.116 0 0 47.8176767441624 11.9988548002097 "uLSIF" 8 200 4.08080808080808
88.232 38.415 0 0 50.0317634443696 12.0512242949423 "uLSIF" 8 200 4.11616161616162
89.449 38.709 0 0 50.7293294245436 12.0319194680685 "uLSIF" 8 200 4.15151515151515
90.67 39.041 0 0 51.1316491573032 12.0831834514884 "uLSIF" 8 200 4.18686868686869
91.234 39.336 0 0 51.3443422928514 12.1545397624442 "uLSIF" 8 200 4.22222222222222
91.997 39.624 0 0 51.5584257155148 12.137542747358 "uLSIF" 8 200 4.25757575757576
92.937 40.025 0 0 51.7660772877157 12.1573918739661 "uLSIF" 8 200 4.29292929292929
94.183 40.373 0 0 51.9917171254196 12.1823758471524 "uLSIF" 8 200 4.32828282828283
95.16 40.609 0 0 52.2167117404475 12.2582373685364 "uLSIF" 8 200 4.36363636363636
96.062 40.938 0 0 52.8921140788656 12.3712248061056 "uLSIF" 8 200 4.3989898989899
97.12 41.281 0 0 53.1801441115735 12.4607105860103 "uLSIF" 8 200 4.43434343434343
98.086 41.563 0 0 53.8556313957327 12.5673373858176 "uLSIF" 8 200 4.46969696969697
98.915 41.92 0 0 54.007708779466 12.6123221759782 "uLSIF" 8 200 4.50505050505051
99.71 42.365 0 0 54.2062008649584 12.8220193097335 "uLSIF" 8 200 4.54040404040404
100.534 42.701 0 0 55.0667157835583 12.8940239977617 "uLSIF" 8 200 4.57575757575758
101.33 43.053 0 0 55.2400086763078 12.9532999262342 "uLSIF" 8 200 4.61111111111111
102.421 43.385 0 0 55.3707836560282 12.983348656735 "uLSIF" 8 200 4.64646464646465
103.08 43.801 0 0 55.7935167964569 13.0269374797034 "uLSIF" 8 200 4.68181818181818
103.738 44.112 0 0 55.8507893110444 13.0657632831064 "uLSIF" 8 200 4.71717171717172
104.73 44.56 0 0 55.8698715099878 13.3123859476662 "uLSIF" 8 200 4.75252525252525
105.912 44.927 0 0 56.1143749771757 13.3796369788453 "uLSIF" 8 200 4.78787878787879
107.204 45.247 0 0 56.9152855894946 13.5398418867547 "uLSIF" 8 200 4.82323232323232
108.159 45.555 0 0 57.1556338910302 13.6172098244612 "uLSIF" 8 200 4.85858585858586
109.001 45.878 0 0 57.2454718125639 13.6220658006294 "uLSIF" 8 200 4.89393939393939
109.573 46.198 0 0 57.1547490269736 13.6580136673433 "uLSIF" 8 200 4.92929292929293
110.592 46.542 0 0 58.67753052565 13.734513929254 "uLSIF" 8 200 4.96464646464646
111.446 46.826 0 0 58.6392671138346 13.7627445350532 "uLSIF" 8 200 5
