28.398 0 23.5187314013049 "LDA" 43 1 3 1.5
29.411 0 24.239381729463 "LDA" 43 1 3 1.53535353535354
30.416 0 25.0848997645236 "LDA" 43 1 3 1.57070707070707
31.506 0 25.5807806827771 "LDA" 43 1 3 1.60606060606061
32.429 0 25.8669684937965 "LDA" 43 1 3 1.64141414141414
33.697 0 26.933336139357 "LDA" 43 1 3 1.67676767676768
35.019 0 27.8813200370249 "LDA" 43 1 3 1.71212121212121
36.256 0 29.1966934927726 "LDA" 43 1 3 1.74747474747475
37.868 0 30.3703957323071 "LDA" 43 1 3 1.78282828282828
39.469 0 31.5195895202257 "LDA" 43 1 3 1.81818181818182
40.575 0 32.034334292655 "LDA" 43 1 3 1.85353535353535
41.855 0 33.3202673340898 "LDA" 43 1 3 1.88888888888889
42.993 0 34.4778432137608 "LDA" 43 1 3 1.92424242424242
44.454 0 35.8693252305155 "LDA" 43 1 3 1.95959595959596
46.573 0 38.049736575349 "LDA" 43 1 3 1.99494949494949
47.427 0 38.3734438406588 "LDA" 43 1 3 2.03030303030303
48.782 0 39.1227947502357 "LDA" 43 1 3 2.06565656565657
50.157 0 40.0806787843197 "LDA" 43 1 3 2.1010101010101
51.818 0 43.1405839782679 "LDA" 43 1 3 2.13636363636364
52.89 0 43.433885416831 "LDA" 43 1 3 2.17171717171717
54.19 0 44.7649394035086 "LDA" 43 1 3 2.20707070707071
55.214 0 45.782007341271 "LDA" 43 1 3 2.24242424242424
56.316 0 46.3988037883844 "LDA" 43 1 3 2.27777777777778
57.581 0 47.0348351194592 "LDA" 43 1 3 2.31313131313131
58.702 0 47.335354987914 "LDA" 43 1 3 2.34848484848485
59.943 0 47.8927705240412 "LDA" 43 1 3 2.38383838383838
61.421 0 49.1990681548676 "LDA" 43 1 3 2.41919191919192
62.652 0 49.9313331890311 "LDA" 43 1 3 2.45454545454545
64.473 0 51.9965086126743 "LDA" 43 1 3 2.48989898989899
66.171 0 53.4461247168328 "LDA" 43 1 3 2.52525252525253
67.423 0 53.9606135882351 "LDA" 43 1 3 2.56060606060606
68.684 0 54.5387625512408 "LDA" 43 1 3 2.5959595959596
70.578 0 55.5565698045555 "LDA" 43 1 3 2.63131313131313
72.177 0 56.6584667358097 "LDA" 43 1 3 2.66666666666667
73.823 0 58.8192091953842 "LDA" 43 1 3 2.7020202020202
75.501 0 60.3674102742798 "LDA" 43 1 3 2.73737373737374
76.735 0 60.8805158668372 "LDA" 43 1 3 2.77272727272727
78.662 0 61.9677154149946 "LDA" 43 1 3 2.80808080808081
80.867 0 63.1883381414409 "LDA" 43 1 3 2.84343434343434
81.972 0 63.3302292269176 "LDA" 43 1 3 2.87878787878788
83.331 0 64.3066153656043 "LDA" 43 1 3 2.91414141414141
85.33 0 65.774291006117 "LDA" 43 1 3 2.94949494949495
87.129 0 67.8457176275732 "LDA" 43 1 3 2.98484848484848
89.556 0 69.8090837368044 "LDA" 43 1 3 3.02020202020202
91.766 0 72.316920433471 "LDA" 43 1 3 3.05555555555556
93.396 0 73.1251425329925 "LDA" 43 1 3 3.09090909090909
95.404 0 76.0852926376429 "LDA" 43 1 3 3.12626262626263
97.958 0 78.3131482267517 "LDA" 43 1 3 3.16161616161616
101.871 0 82.7454843128867 "LDA" 43 1 3 3.1969696969697
103.75 0 85.1394046151265 "LDA" 43 1 3 3.23232323232323
106.691 0 87.5482965181118 "LDA" 43 1 3 3.26767676767677
107.892 0 88.3888733321617 "LDA" 43 1 3 3.3030303030303
110.276 0 89.6075964711996 "LDA" 43 1 3 3.33838383838384
112.381 0 91.5378884616858 "LDA" 43 1 3 3.37373737373737
113.858 0 91.7710944130545 "LDA" 43 1 3 3.40909090909091
116.028 0 92.7331475398773 "LDA" 43 1 3 3.44444444444444
117.229 0 93.1216204497924 "LDA" 43 1 3 3.47979797979798
119.385 0 94.1062418745949 "LDA" 43 1 3 3.51515151515152
123.593 0 99.6565239900217 "LDA" 43 1 3 3.55050505050505
126.417 0 102.312154155251 "LDA" 43 1 3 3.58585858585859
128.302 0 103.255811258052 "LDA" 43 1 3 3.62121212121212
130.823 0 106.556191246182 "LDA" 43 1 3 3.65656565656566
134.409 0 113.449524077951 "LDA" 43 1 3 3.69191919191919
136.329 0 114.42410425533 "LDA" 43 1 3 3.72727272727273
139.021 0 116.22128869939 "LDA" 43 1 3 3.76262626262626
141.578 0 118.141208988487 "LDA" 43 1 3 3.7979797979798
144.714 0 120.953883964286 "LDA" 43 1 3 3.83333333333333
146.602 0 122.003879211042 "LDA" 43 1 3 3.86868686868687
147.717 0 122.505397772847 "LDA" 43 1 3 3.9040404040404
150.482 0 124.731165069278 "LDA" 43 1 3 3.93939393939394
152.894 0 126.310375959678 "LDA" 43 1 3 3.97474747474747
154.671 0 127.430236695316 "LDA" 43 1 3 4.01010101010101
156.949 0 128.775889158758 "LDA" 43 1 3 4.04545454545454
160.024 0 132.289356706796 "LDA" 43 1 3 4.08080808080808
163.065 0 133.938277714913 "LDA" 43 1 3 4.11616161616162
166.223 0 139.332059102325 "LDA" 43 1 3 4.15151515151515
169.656 0 141.319187574712 "LDA" 43 1 3 4.18686868686869
173.599 0 145.264965181248 "LDA" 43 1 3 4.22222222222222
177.202 0 149.407623078054 "LDA" 43 1 3 4.25757575757576
180.623 0 152.015326630345 "LDA" 43 1 3 4.29292929292929
183.032 0 153.56119306653 "LDA" 43 1 3 4.32828282828283
185.583 0 154.716283044931 "LDA" 43 1 3 4.36363636363636
188.083 0 156.927385485502 "LDA" 43 1 3 4.3989898989899
190.107 0 158.142855398888 "LDA" 43 1 3 4.43434343434343
191.749 0 158.377547166404 "LDA" 43 1 3 4.46969696969697
195.77 0 162.532150049766 "LDA" 43 1 3 4.50505050505051
198.669 0 163.81517894216 "LDA" 43 1 3 4.54040404040404
201.319 0 166.946129782182 "LDA" 43 1 3 4.57575757575758
205.28 0 169.209951266489 "LDA" 43 1 3 4.61111111111111
207.954 0 171.190829731572 "LDA" 43 1 3 4.64646464646465
210.806 0 173.082806835405 "LDA" 43 1 3 4.68181818181818
212.663 0 173.796664846342 "LDA" 43 1 3 4.71717171717172
215.697 0 177.661404828865 "LDA" 43 1 3 4.75252525252525
219.388 0 180.991578277575 "LDA" 43 1 3 4.78787878787879
220.933 0 181.815261461463 "LDA" 43 1 3 4.82323232323232
225.009 0 186.281092879993 "LDA" 43 1 3 4.85858585858586
230.174 0 191.127715226043 "LDA" 43 1 3 4.89393939393939
232.334 0 192.203690658381 "LDA" 43 1 3 4.92929292929293
237.047 0 197.151097755874 "LDA" 43 1 3 4.96464646464646
240.614 0 200.138228018323 "LDA" 43 1 3 5
14.911 0 10.5552115796649 "uLSIF" 43 1 3 1.5
15.355 0 11.0427767304206 "uLSIF" 43 1 3 1.53535353535354
15.822 0 11.2913156810803 "uLSIF" 43 1 3 1.57070707070707
16.401 0 11.9138633171251 "uLSIF" 43 1 3 1.60606060606061
16.93 0 12.0111351406671 "uLSIF" 43 1 3 1.64141414141414
17.462 0 12.5094781283251 "uLSIF" 43 1 3 1.67676767676768
17.958 0 12.6016283486317 "uLSIF" 43 1 3 1.71212121212121
18.444 0 12.7998711204723 "uLSIF" 43 1 3 1.74747474747475
18.839 0 12.9278849472452 "uLSIF" 43 1 3 1.78282828282828
19.36 0 13.212000490348 "uLSIF" 43 1 3 1.81818181818182
19.691 0 13.3155857484312 "uLSIF" 43 1 3 1.85353535353535
20.163 0 13.6801892742235 "uLSIF" 43 1 3 1.88888888888889
20.729 0 14.0020575851057 "uLSIF" 43 1 3 1.92424242424242
21.342 0 14.4465129957972 "uLSIF" 43 1 3 1.95959595959596
21.991 0 14.8609477075578 "uLSIF" 43 1 3 1.99494949494949
22.338 0 14.9595301912708 "uLSIF" 43 1 3 2.03030303030303
22.839 0 15.3203718229289 "uLSIF" 43 1 3 2.06565656565657
23.389 0 15.8005486087141 "uLSIF" 43 1 3 2.1010101010101
24.151 0 16.1915522839957 "uLSIF" 43 1 3 2.13636363636364
24.566 0 16.4144777278803 "uLSIF" 43 1 3 2.17171717171717
25.228 0 16.9539804604539 "uLSIF" 43 1 3 2.20707070707071
25.693 0 17.1560216856963 "uLSIF" 43 1 3 2.24242424242424
26.08 0 17.2433445982191 "uLSIF" 43 1 3 2.27777777777778
26.726 0 17.6614509837343 "uLSIF" 43 1 3 2.31313131313131
27.381 0 18.0148931547033 "uLSIF" 43 1 3 2.34848484848485
28.036 0 18.3164460580156 "uLSIF" 43 1 3 2.38383838383838
28.535 0 18.510521721832 "uLSIF" 43 1 3 2.41919191919192
29.426 0 19.2381035611265 "uLSIF" 43 1 3 2.45454545454545
30.013 0 19.6426746057065 "uLSIF" 43 1 3 2.48989898989899
30.516 0 20.007199504979 "uLSIF" 43 1 3 2.52525252525253
31.131 0 20.337538062766 "uLSIF" 43 1 3 2.56060606060606
31.862 0 20.7744201491289 "uLSIF" 43 1 3 2.5959595959596
32.26 0 20.9702205555914 "uLSIF" 43 1 3 2.63131313131313
32.808 0 21.1866942209494 "uLSIF" 43 1 3 2.66666666666667
33.34 0 21.4805450073739 "uLSIF" 43 1 3 2.7020202020202
34.226 0 22.0271223294855 "uLSIF" 43 1 3 2.73737373737374
34.638 0 22.1411197816458 "uLSIF" 43 1 3 2.77272727272727
35.223 0 22.3914413928101 "uLSIF" 43 1 3 2.80808080808081
36.038 0 23.1336923927791 "uLSIF" 43 1 3 2.84343434343434
36.828 0 24.3262858690796 "uLSIF" 43 1 3 2.87878787878788
37.322 0 24.6113802139587 "uLSIF" 43 1 3 2.91414141414141
37.873 0 24.8382328036599 "uLSIF" 43 1 3 2.94949494949495
38.349 0 24.962337977788 "uLSIF" 43 1 3 2.98484848484848
39.096 0 25.1391479720527 "uLSIF" 43 1 3 3.02020202020202
40.079 0 25.8781459428112 "uLSIF" 43 1 3 3.05555555555556
40.608 0 26.4106012020903 "uLSIF" 43 1 3 3.09090909090909
41.19 0 26.5572812838436 "uLSIF" 43 1 3 3.12626262626263
41.734 0 26.7921829096672 "uLSIF" 43 1 3 3.16161616161616
42.118 0 27.1397612856606 "uLSIF" 43 1 3 3.1969696969697
42.763 0 27.4503980910178 "uLSIF" 43 1 3 3.23232323232323
43.652 0 28.1483432056884 "uLSIF" 43 1 3 3.26767676767677
44.32 0 28.4781777262276 "uLSIF" 43 1 3 3.3030303030303
45.168 0 29.1990472509012 "uLSIF" 43 1 3 3.33838383838384
46.145 0 30.2248162031552 "uLSIF" 43 1 3 3.37373737373737
47.069 0 31.1658394488027 "uLSIF" 43 1 3 3.40909090909091
47.631 0 31.4019572944414 "uLSIF" 43 1 3 3.44444444444444
48.18 0 31.689364395895 "uLSIF" 43 1 3 3.47979797979798
49.241 0 33.6374552752939 "uLSIF" 43 1 3 3.51515151515152
49.928 0 33.9430839634372 "uLSIF" 43 1 3 3.55050505050505
51.188 0 35.6958940615423 "uLSIF" 43 1 3 3.58585858585859
51.938 0 36.32607520418 "uLSIF" 43 1 3 3.62121212121212
52.829 0 36.7427242700754 "uLSIF" 43 1 3 3.65656565656566
53.304 0 36.9712653077827 "uLSIF" 43 1 3 3.69191919191919
54.349 0 37.93732251279 "uLSIF" 43 1 3 3.72727272727273
55.109 0 38.1344379053154 "uLSIF" 43 1 3 3.76262626262626
55.989 0 38.6267122844011 "uLSIF" 43 1 3 3.7979797979798
56.549 0 39.110141935337 "uLSIF" 43 1 3 3.83333333333333
57.395 0 39.3535980652428 "uLSIF" 43 1 3 3.86868686868687
57.798 0 39.4680747557431 "uLSIF" 43 1 3 3.9040404040404
58.495 0 39.8445675665399 "uLSIF" 43 1 3 3.93939393939394
59.069 0 40.367136940149 "uLSIF" 43 1 3 3.97474747474747
60.372 0 41.5813735538718 "uLSIF" 43 1 3 4.01010101010101
61.158 0 42.4076814674824 "uLSIF" 43 1 3 4.04545454545454
62.219 0 43.1292612059628 "uLSIF" 43 1 3 4.08080808080808
63.36 0 44.5916002270698 "uLSIF" 43 1 3 4.11616161616162
64.148 0 45.5647478018066 "uLSIF" 43 1 3 4.15151515151515
65.428 0 46.5403138882498 "uLSIF" 43 1 3 4.18686868686869
67.022 0 48.1599719569987 "uLSIF" 43 1 3 4.22222222222222
67.733 0 48.6437861286406 "uLSIF" 43 1 3 4.25757575757576
68.92 0 50.1490231662046 "uLSIF" 43 1 3 4.29292929292929
69.776 0 50.6103470767711 "uLSIF" 43 1 3 4.32828282828283
70.625 0 51.2316997772089 "uLSIF" 43 1 3 4.36363636363636
71.666 0 52.0529533643765 "uLSIF" 43 1 3 4.3989898989899
72.826 0 53.1419776993084 "uLSIF" 43 1 3 4.43434343434343
73.429 0 53.0963480964669 "uLSIF" 43 1 3 4.46969696969697
74.454 0 53.9572726448555 "uLSIF" 43 1 3 4.50505050505051
75.813 0 55.3159822193269 "uLSIF" 43 1 3 4.54040404040404
76.588 0 55.650959428255 "uLSIF" 43 1 3 4.57575757575758
77.407 0 56.7803606924116 "uLSIF" 43 1 3 4.61111111111111
78.298 0 57.0526265670407 "uLSIF" 43 1 3 4.64646464646465
78.92 0 57.3641721656318 "uLSIF" 43 1 3 4.68181818181818
79.715 0 57.8163688543954 "uLSIF" 43 1 3 4.71717171717172
80.979 0 58.8415404785249 "uLSIF" 43 1 3 4.75252525252525
82.187 0 59.380957630617 "uLSIF" 43 1 3 4.78787878787879
83.008 0 60.1242784976657 "uLSIF" 43 1 3 4.82323232323232
83.804 0 60.3535594322003 "uLSIF" 43 1 3 4.85858585858586
84.988 0 61.1812144125711 "uLSIF" 43 1 3 4.89393939393939
85.795 0 61.7071693545389 "uLSIF" 43 1 3 4.92929292929293
86.521 0 62.1752468456726 "uLSIF" 43 1 3 4.96464646464646
87.844 0 64.5855165881094 "uLSIF" 43 1 3 5
