124.84 14.47 0 0 "KDE LDA" 89 600 2.3
124.84 14.475 0 0 "KDE LDA" 89 600 2.31010101010101
127.365 14.475 0 0 "KDE LDA" 89 600 2.32020202020202
127.925 14.49 0 0 "KDE LDA" 89 600 2.33030303030303
127.93 14.51 0 0 "KDE LDA" 89 600 2.34040404040404
127.935 14.55 0 0 "KDE LDA" 89 600 2.35050505050505
128.03 14.56 0 0 "KDE LDA" 89 600 2.36060606060606
128.655 14.57 0 0 "KDE LDA" 89 600 2.37070707070707
130.34 14.57 0 0 "KDE LDA" 89 600 2.38080808080808
131.935 14.59 0 0 "KDE LDA" 89 600 2.39090909090909
135.375 14.68 0 0 "KDE LDA" 89 600 2.4010101010101
135.58 14.69 0 0 "KDE LDA" 89 600 2.41111111111111
135.58 14.72 0 0 "KDE LDA" 89 600 2.42121212121212
135.8 14.73 0 0 "KDE LDA" 89 600 2.43131313131313
137.535 14.735 0 0 "KDE LDA" 89 600 2.44141414141414
137.535 14.75 0 0 "KDE LDA" 89 600 2.45151515151515
137.56 14.76 0 0 "KDE LDA" 89 600 2.46161616161616
137.795 14.76 0 0 "KDE LDA" 89 600 2.47171717171717
139.335 14.77 0 0 "KDE LDA" 89 600 2.48181818181818
139.37 14.77 0 0 "KDE LDA" 89 600 2.49191919191919
139.46 14.81 0 0 "KDE LDA" 89 600 2.5020202020202
141.22 14.895 0 0 "KDE LDA" 89 600 2.51212121212121
143.7 15.065 0 0 "KDE LDA" 89 600 2.52222222222222
150.675 15.14 0 0 "KDE LDA" 89 600 2.53232323232323
154.945 15.25 0 0 "KDE LDA" 89 600 2.54242424242424
155.04 15.29 0 0 "KDE LDA" 89 600 2.55252525252525
158.055 15.305 0 0 "KDE LDA" 89 600 2.56262626262626
158.685 15.315 0 0 "KDE LDA" 89 600 2.57272727272727
160.235 15.385 0 0 "KDE LDA" 89 600 2.58282828282828
160.41 15.455 0 0 "KDE LDA" 89 600 2.59292929292929
160.935 15.49 0 0 "KDE LDA" 89 600 2.6030303030303
164.305 15.665 0 0 "KDE LDA" 89 600 2.61313131313131
165.345 15.685 0 0 "KDE LDA" 89 600 2.62323232323232
165.97 15.7 0 0 "KDE LDA" 89 600 2.63333333333333
168.655 15.735 0 0 "KDE LDA" 89 600 2.64343434343434
171.07 15.86 0 0 "KDE LDA" 89 600 2.65353535353535
179.22 15.96 0 0 "KDE LDA" 89 600 2.66363636363636
190.015 16.765 0 0 "KDE LDA" 89 600 2.67373737373737
192.64 16.84 0 0 "KDE LDA" 89 600 2.68383838383838
195.455 16.855 0 0 "KDE LDA" 89 600 2.69393939393939
195.455 16.87 0 0 "KDE LDA" 89 600 2.7040404040404
195.46 16.885 0 0 "KDE LDA" 89 600 2.71414141414141
198.075 16.89 0 0 "KDE LDA" 89 600 2.72424242424242
198.31 16.945 0 0 "KDE LDA" 89 600 2.73434343434343
198.325 17.135 0 0 "KDE LDA" 89 600 2.74444444444444
201.19 17.14 0 0 "KDE LDA" 89 600 2.75454545454545
201.57 17.19 0 0 "KDE LDA" 89 600 2.76464646464646
203.245 17.225 0 0 "KDE LDA" 89 600 2.77474747474747
207.53 17.4 0 0 "KDE LDA" 89 600 2.78484848484848
212.745 17.445 0 0 "KDE LDA" 89 600 2.79494949494949
259.63 17.845 0 0 "KDE LDA" 89 600 2.80505050505051
259.83 17.86 0 0 "KDE LDA" 89 600 2.81515151515151
262.265 18.095 0 0 "KDE LDA" 89 600 2.82525252525252
262.27 18.425 0 0 "KDE LDA" 89 600 2.83535353535354
262.27 18.445 0 0 "KDE LDA" 89 600 2.84545454545455
262.315 18.455 0 0 "KDE LDA" 89 600 2.85555555555556
270.97 18.465 0 0 "KDE LDA" 89 600 2.86565656565657
270.975 18.505 0 0 "KDE LDA" 89 600 2.87575757575758
273.54 18.53 0 0 "KDE LDA" 89 600 2.88585858585859
280.735 18.56 0 0 "KDE LDA" 89 600 2.8959595959596
280.735 19.02 0 0 "KDE LDA" 89 600 2.90606060606061
282.47 19.05 0 0 "KDE LDA" 89 600 2.91616161616162
285.425 19.15 0 0 "KDE LDA" 89 600 2.92626262626263
285.43 19.155 0 0 "KDE LDA" 89 600 2.93636363636364
293.81 19.355 0 0 "KDE LDA" 89 600 2.94646464646465
299.535 19.845 0 0 "KDE LDA" 89 600 2.95656565656566
310.99 20.1 0 0 "KDE LDA" 89 600 2.96666666666667
310.99 20.53 0 0 "KDE LDA" 89 600 2.97676767676768
311.005 20.565 0 0 "KDE LDA" 89 600 2.98686868686869
311.01 20.585 0 0 "KDE LDA" 89 600 2.9969696969697
311.015 20.59 0 0 "KDE LDA" 89 600 3.00707070707071
311.015 20.595 0 0 "KDE LDA" 89 600 3.01717171717172
311.015 20.645 0 0 "KDE LDA" 89 600 3.02727272727273
311.05 20.655 0 0 "KDE LDA" 89 600 3.03737373737374
312.04 20.685 0 0 "KDE LDA" 89 600 3.04747474747475
319.795 20.695 0 0 "KDE LDA" 89 600 3.05757575757576
326.295 20.75 0 0 "KDE LDA" 89 600 3.06767676767677
328.52 20.985 0 0 "KDE LDA" 89 600 3.07777777777778
333.64 21.03 0 0 "KDE LDA" 89 600 3.08787878787879
339.565 21.535 0 0 "KDE LDA" 89 600 3.0979797979798
341.45 21.6 0 0 "KDE LDA" 89 600 3.10808080808081
341.57 21.61 0 0 "KDE LDA" 89 600 3.11818181818182
341.57 21.63 0 0 "KDE LDA" 89 600 3.12828282828283
347.33 21.65 0 0 "KDE LDA" 89 600 3.13838383838384
347.56 21.675 0 0 "KDE LDA" 89 600 3.14848484848485
348.41 21.765 0 0 "KDE LDA" 89 600 3.15858585858586
350.47 21.775 0 0 "KDE LDA" 89 600 3.16868686868687
352.385 21.875 0 0 "KDE LDA" 89 600 3.17878787878788
358.435 21.88 0 0 "KDE LDA" 89 600 3.18888888888889
360.755 21.95 0 0 "KDE LDA" 89 600 3.1989898989899
367.485 21.995 0 0 "KDE LDA" 89 600 3.20909090909091
375.83 22.085 0 0 "KDE LDA" 89 600 3.21919191919192
424.06 22.435 0 0 "KDE LDA" 89 600 3.22929292929293
424.065 22.57 0 0 "KDE LDA" 89 600 3.23939393939394
426.125 22.61 0 0 "KDE LDA" 89 600 3.24949494949495
431.27 22.75 0 0 "KDE LDA" 89 600 3.25959595959596
432.175 22.915 0 0 "KDE LDA" 89 600 3.26969696969697
434.49 23.135 0 0 "KDE LDA" 89 600 3.27979797979798
434.49 23.14 0 0 "KDE LDA" 89 600 3.28989898989899
435.525 23.18 0 0 "KDE LDA" 89 600 3.3
47.13 14.695 0 0 "KDE QDA" 89 600 4.5
47.195 14.71 0 0 "KDE QDA" 89 600 4.51010101010101
47.21 14.725 0 0 "KDE QDA" 89 600 4.52020202020202
48.255 14.76 0 0 "KDE QDA" 89 600 4.53030303030303
48.275 14.765 0 0 "KDE QDA" 89 600 4.54040404040404
48.3 14.765 0 0 "KDE QDA" 89 600 4.55050505050505
48.31 14.77 0 0 "KDE QDA" 89 600 4.56060606060606
48.31 14.77 0 0 "KDE QDA" 89 600 4.57070707070707
48.365 14.77 0 0 "KDE QDA" 89 600 4.58080808080808
48.385 14.785 0 0 "KDE QDA" 89 600 4.59090909090909
48.435 14.795 0 0 "KDE QDA" 89 600 4.6010101010101
48.435 14.795 0 0 "KDE QDA" 89 600 4.61111111111111
48.515 14.815 0 0 "KDE QDA" 89 600 4.62121212121212
48.575 14.825 0 0 "KDE QDA" 89 600 4.63131313131313
48.7 14.94 0 0 "KDE QDA" 89 600 4.64141414141414
48.78 14.97 0 0 "KDE QDA" 89 600 4.65151515151515
49.02 14.975 0 0 "KDE QDA" 89 600 4.66161616161616
49.17 14.99 0 0 "KDE QDA" 89 600 4.67171717171717
49.235 14.995 0 0 "KDE QDA" 89 600 4.68181818181818
49.27 15 0 0 "KDE QDA" 89 600 4.69191919191919
49.28 15 0 0 "KDE QDA" 89 600 4.7020202020202
49.31 15.025 0 0 "KDE QDA" 89 600 4.71212121212121
49.325 15.055 0 0 "KDE QDA" 89 600 4.72222222222222
49.5 15.075 0 0 "KDE QDA" 89 600 4.73232323232323
49.935 15.09 0 0 "KDE QDA" 89 600 4.74242424242424
50.04 15.115 0 0 "KDE QDA" 89 600 4.75252525252525
50.06 15.14 0 0 "KDE QDA" 89 600 4.76262626262626
50.75 15.37 0 0 "KDE QDA" 89 600 4.77272727272727
50.925 15.435 0 0 "KDE QDA" 89 600 4.78282828282828
50.93 15.48 0 0 "KDE QDA" 89 600 4.79292929292929
51.215 15.485 0 0 "KDE QDA" 89 600 4.8030303030303
51.4 15.525 0 0 "KDE QDA" 89 600 4.81313131313131
51.43 15.555 0 0 "KDE QDA" 89 600 4.82323232323232
51.44 15.57 0 0 "KDE QDA" 89 600 4.83333333333333
51.81 15.585 0 0 "KDE QDA" 89 600 4.84343434343434
51.815 15.585 0 0 "KDE QDA" 89 600 4.85353535353535
52.32 15.59 0 0 "KDE QDA" 89 600 4.86363636363636
52.33 15.61 0 0 "KDE QDA" 89 600 4.87373737373737
52.365 15.635 0 0 "KDE QDA" 89 600 4.88383838383838
52.365 15.68 0 0 "KDE QDA" 89 600 4.89393939393939
52.52 15.85 0 0 "KDE QDA" 89 600 4.9040404040404
52.62 15.885 0 0 "KDE QDA" 89 600 4.91414141414141
52.705 15.89 0 0 "KDE QDA" 89 600 4.92424242424242
52.895 15.92 0 0 "KDE QDA" 89 600 4.93434343434343
53.045 15.955 0 0 "KDE QDA" 89 600 4.94444444444444
53.07 16 0 0 "KDE QDA" 89 600 4.95454545454546
53.1 16.005 0 0 "KDE QDA" 89 600 4.96464646464646
53.155 16.01 0 0 "KDE QDA" 89 600 4.97474747474747
53.175 16.02 0 0 "KDE QDA" 89 600 4.98484848484848
53.175 16.08 0 0 "KDE QDA" 89 600 4.99494949494949
53.235 16.1 0 0 "KDE QDA" 89 600 5.00505050505051
53.265 16.11 0 0 "KDE QDA" 89 600 5.01515151515152
53.275 16.125 0 0 "KDE QDA" 89 600 5.02525252525253
53.295 16.135 0 0 "KDE QDA" 89 600 5.03535353535354
53.375 16.365 0 0 "KDE QDA" 89 600 5.04545454545455
53.42 16.38 0 0 "KDE QDA" 89 600 5.05555555555556
53.525 16.425 0 0 "KDE QDA" 89 600 5.06565656565657
53.745 16.425 0 0 "KDE QDA" 89 600 5.07575757575758
53.845 16.445 0 0 "KDE QDA" 89 600 5.08585858585859
53.93 16.495 0 0 "KDE QDA" 89 600 5.0959595959596
53.995 16.5 0 0 "KDE QDA" 89 600 5.10606060606061
54.08 16.505 0 0 "KDE QDA" 89 600 5.11616161616162
54.085 16.53 0 0 "KDE QDA" 89 600 5.12626262626263
54.15 16.53 0 0 "KDE QDA" 89 600 5.13636363636364
54.165 16.535 0 0 "KDE QDA" 89 600 5.14646464646465
54.245 16.575 0 0 "KDE QDA" 89 600 5.15656565656566
54.265 16.595 0 0 "KDE QDA" 89 600 5.16666666666667
54.31 16.61 0 0 "KDE QDA" 89 600 5.17676767676768
54.62 16.665 0 0 "KDE QDA" 89 600 5.18686868686869
54.78 16.745 0 0 "KDE QDA" 89 600 5.1969696969697
54.91 16.76 0 0 "KDE QDA" 89 600 5.20707070707071
54.925 16.765 0 0 "KDE QDA" 89 600 5.21717171717172
55.49 16.775 0 0 "KDE QDA" 89 600 5.22727272727273
55.915 16.81 0 0 "KDE QDA" 89 600 5.23737373737374
55.955 16.815 0 0 "KDE QDA" 89 600 5.24747474747475
56.2 16.82 0 0 "KDE QDA" 89 600 5.25757575757576
56.35 16.87 0 0 "KDE QDA" 89 600 5.26767676767677
56.42 16.875 0 0 "KDE QDA" 89 600 5.27777777777778
56.505 16.88 0 0 "KDE QDA" 89 600 5.28787878787879
56.595 16.895 0 0 "KDE QDA" 89 600 5.2979797979798
56.65 16.94 0 0 "KDE QDA" 89 600 5.30808080808081
56.75 16.945 0 0 "KDE QDA" 89 600 5.31818181818182
56.91 17.005 0 0 "KDE QDA" 89 600 5.32828282828283
57.54 17.085 0 0 "KDE QDA" 89 600 5.33838383838384
57.56 17.1 0 0 "KDE QDA" 89 600 5.34848484848485
57.855 17.12 0 0 "KDE QDA" 89 600 5.35858585858586
57.88 17.16 0 0 "KDE QDA" 89 600 5.36868686868687
57.9 17.165 0 0 "KDE QDA" 89 600 5.37878787878788
58.035 17.19 0 0 "KDE QDA" 89 600 5.38888888888889
58.075 17.27 0 0 "KDE QDA" 89 600 5.3989898989899
58.55 17.27 0 0 "KDE QDA" 89 600 5.40909090909091
58.555 17.305 0 0 "KDE QDA" 89 600 5.41919191919192
58.645 17.355 0 0 "KDE QDA" 89 600 5.42929292929293
58.68 17.36 0 0 "KDE QDA" 89 600 5.43939393939394
58.695 17.425 0 0 "KDE QDA" 89 600 5.44949494949495
58.8 17.465 0 0 "KDE QDA" 89 600 5.45959595959596
58.895 17.745 0 0 "KDE QDA" 89 600 5.46969696969697
59.025 17.77 0 0 "KDE QDA" 89 600 5.47979797979798
59.45 17.82 0 0 "KDE QDA" 89 600 5.48989898989899
59.525 17.885 0 0 "KDE QDA" 89 600 5.5
