142.055 14.075 0 0 "KDE LDA" 21 800 2.4
142.055 14.155 0 0 "KDE LDA" 21 800 2.41010101010101
142.06 14.225 0 0 "KDE LDA" 21 800 2.42020202020202
142.06 14.24 0 0 "KDE LDA" 21 800 2.43030303030303
142.06 14.25 0 0 "KDE LDA" 21 800 2.44040404040404
142.09 14.325 0 0 "KDE LDA" 21 800 2.45050505050505
142.15 14.42 0 0 "KDE LDA" 21 800 2.46060606060606
142.4 14.42 0 0 "KDE LDA" 21 800 2.47070707070707
144.72 14.44 0 0 "KDE LDA" 21 800 2.48080808080808
144.735 14.58 0 0 "KDE LDA" 21 800 2.49090909090909
144.74 14.59 0 0 "KDE LDA" 21 800 2.5010101010101
145.725 14.605 0 0 "KDE LDA" 21 800 2.51111111111111
147.76 14.605 0 0 "KDE LDA" 21 800 2.52121212121212
156.36 14.71 0 0 "KDE LDA" 21 800 2.53131313131313
157.455 14.765 0 0 "KDE LDA" 21 800 2.54141414141414
158.155 14.825 0 0 "KDE LDA" 21 800 2.55151515151515
158.335 14.845 0 0 "KDE LDA" 21 800 2.56161616161616
158.35 14.86 0 0 "KDE LDA" 21 800 2.57171717171717
160.93 14.94 0 0 "KDE LDA" 21 800 2.58181818181818
161.625 14.985 0 0 "KDE LDA" 21 800 2.59191919191919
167.075 14.99 0 0 "KDE LDA" 21 800 2.6020202020202
168.305 15.02 0 0 "KDE LDA" 21 800 2.61212121212121
169.175 15.025 0 0 "KDE LDA" 21 800 2.62222222222222
170.465 15.09 0 0 "KDE LDA" 21 800 2.63232323232323
170.835 15.12 0 0 "KDE LDA" 21 800 2.64242424242424
174.89 15.135 0 0 "KDE LDA" 21 800 2.65252525252525
181.23 15.245 0 0 "KDE LDA" 21 800 2.66262626262626
190.785 15.345 0 0 "KDE LDA" 21 800 2.67272727272727
192.39 15.37 0 0 "KDE LDA" 21 800 2.68282828282828
193.92 15.39 0 0 "KDE LDA" 21 800 2.69292929292929
197.41 15.41 0 0 "KDE LDA" 21 800 2.7030303030303
197.425 15.435 0 0 "KDE LDA" 21 800 2.71313131313131
199.27 15.445 0 0 "KDE LDA" 21 800 2.72323232323232
200.535 15.46 0 0 "KDE LDA" 21 800 2.73333333333333
202.065 15.485 0 0 "KDE LDA" 21 800 2.74343434343434
203.03 15.515 0 0 "KDE LDA" 21 800 2.75353535353535
209.51 15.57 0 0 "KDE LDA" 21 800 2.76363636363636
212.34 15.75 0 0 "KDE LDA" 21 800 2.77373737373737
220.58 15.815 0 0 "KDE LDA" 21 800 2.78383838383838
230.075 15.95 0 0 "KDE LDA" 21 800 2.79393939393939
271.77 16.46 0 0 "KDE LDA" 21 800 2.8040404040404
271.805 16.625 0 0 "KDE LDA" 21 800 2.81414141414141
277.89 16.93 0 0 "KDE LDA" 21 800 2.82424242424242
279.385 17.07 0 0 "KDE LDA" 21 800 2.83434343434343
280.455 17.08 0 0 "KDE LDA" 21 800 2.84444444444444
280.485 17.11 0 0 "KDE LDA" 21 800 2.85454545454545
280.74 17.11 0 0 "KDE LDA" 21 800 2.86464646464646
283.565 17.11 0 0 "KDE LDA" 21 800 2.87474747474747
283.565 17.145 0 0 "KDE LDA" 21 800 2.88484848484848
284.25 17.2 0 0 "KDE LDA" 21 800 2.89494949494949
284.265 17.2 0 0 "KDE LDA" 21 800 2.90505050505051
287.275 17.21 0 0 "KDE LDA" 21 800 2.91515151515152
293.13 17.215 0 0 "KDE LDA" 21 800 2.92525252525253
300.49 17.26 0 0 "KDE LDA" 21 800 2.93535353535354
301.63 17.285 0 0 "KDE LDA" 21 800 2.94545454545455
304.825 17.31 0 0 "KDE LDA" 21 800 2.95555555555556
305.69 17.455 0 0 "KDE LDA" 21 800 2.96565656565657
306.545 17.49 0 0 "KDE LDA" 21 800 2.97575757575758
307.89 17.55 0 0 "KDE LDA" 21 800 2.98585858585859
318.105 17.575 0 0 "KDE LDA" 21 800 2.9959595959596
325.76 17.655 0 0 "KDE LDA" 21 800 3.00606060606061
325.76 17.67 0 0 "KDE LDA" 21 800 3.01616161616162
325.765 17.67 0 0 "KDE LDA" 21 800 3.02626262626263
327.675 18.03 0 0 "KDE LDA" 21 800 3.03636363636364
328.995 18.05 0 0 "KDE LDA" 21 800 3.04646464646465
333.3 18.08 0 0 "KDE LDA" 21 800 3.05656565656566
336.625 18.1 0 0 "KDE LDA" 21 800 3.06666666666667
342.01 18.195 0 0 "KDE LDA" 21 800 3.07676767676768
352.32 18.245 0 0 "KDE LDA" 21 800 3.08686868686869
361.895 18.395 0 0 "KDE LDA" 21 800 3.0969696969697
362.58 18.55 0 0 "KDE LDA" 21 800 3.10707070707071
368.055 18.555 0 0 "KDE LDA" 21 800 3.11717171717172
372.445 18.585 0 0 "KDE LDA" 21 800 3.12727272727273
375.54 18.655 0 0 "KDE LDA" 21 800 3.13737373737374
384.865 18.7 0 0 "KDE LDA" 21 800 3.14747474747475
384.885 18.73 0 0 "KDE LDA" 21 800 3.15757575757576
388.935 18.985 0 0 "KDE LDA" 21 800 3.16767676767677
388.94 18.99 0 0 "KDE LDA" 21 800 3.17777777777778
396.24 19.16 0 0 "KDE LDA" 21 800 3.18787878787879
404.035 19.17 0 0 "KDE LDA" 21 800 3.1979797979798
405.19 19.215 0 0 "KDE LDA" 21 800 3.20808080808081
421.745 19.495 0 0 "KDE LDA" 21 800 3.21818181818182
452.335 19.8 0 0 "KDE LDA" 21 800 3.22828282828283
452.38 19.87 0 0 "KDE LDA" 21 800 3.23838383838384
456.985 20.06 0 0 "KDE LDA" 21 800 3.24848484848485
461.955 20.07 0 0 "KDE LDA" 21 800 3.25858585858586
468.115 20.105 0 0 "KDE LDA" 21 800 3.26868686868687
469.495 20.11 0 0 "KDE LDA" 21 800 3.27878787878788
472.87 20.13 0 0 "KDE LDA" 21 800 3.28888888888889
473.9 20.14 0 0 "KDE LDA" 21 800 3.2989898989899
474.88 20.28 0 0 "KDE LDA" 21 800 3.30909090909091
482.385 20.375 0 0 "KDE LDA" 21 800 3.31919191919192
490.465 20.375 0 0 "KDE LDA" 21 800 3.32929292929293
492.23 20.39 0 0 "KDE LDA" 21 800 3.33939393939394
493.585 20.69 0 0 "KDE LDA" 21 800 3.34949494949495
547.49 21.255 0 0 "KDE LDA" 21 800 3.35959595959596
548.435 21.325 0 0 "KDE LDA" 21 800 3.36969696969697
557.04 21.38 0 0 "KDE LDA" 21 800 3.37979797979798
557.065 21.46 0 0 "KDE LDA" 21 800 3.38989898989899
560.5 21.55 0 0 "KDE LDA" 21 800 3.4
99.03 16.175 0 0 "KDE QDA" 21 800 4.3
99.05 16.18 0 0 "KDE QDA" 21 800 4.31010101010101
99.165 16.195 0 0 "KDE QDA" 21 800 4.32020202020202
99.21 16.21 0 0 "KDE QDA" 21 800 4.33030303030303
99.595 16.255 0 0 "KDE QDA" 21 800 4.34040404040404
99.845 16.47 0 0 "KDE QDA" 21 800 4.35050505050505
99.935 16.48 0 0 "KDE QDA" 21 800 4.36060606060606
100.625 16.515 0 0 "KDE QDA" 21 800 4.37070707070707
101 16.52 0 0 "KDE QDA" 21 800 4.38080808080808
101.035 16.54 0 0 "KDE QDA" 21 800 4.39090909090909
101.395 16.54 0 0 "KDE QDA" 21 800 4.4010101010101
102.45 16.57 0 0 "KDE QDA" 21 800 4.41111111111111
102.92 16.61 0 0 "KDE QDA" 21 800 4.42121212121212
103.415 16.615 0 0 "KDE QDA" 21 800 4.43131313131313
103.82 16.64 0 0 "KDE QDA" 21 800 4.44141414141414
103.92 16.665 0 0 "KDE QDA" 21 800 4.45151515151515
103.96 16.675 0 0 "KDE QDA" 21 800 4.46161616161616
104.255 16.725 0 0 "KDE QDA" 21 800 4.47171717171717
104.6 17.015 0 0 "KDE QDA" 21 800 4.48181818181818
104.99 17.035 0 0 "KDE QDA" 21 800 4.49191919191919
105.21 17.05 0 0 "KDE QDA" 21 800 4.5020202020202
106.18 17.12 0 0 "KDE QDA" 21 800 4.51212121212121
106.64 17.15 0 0 "KDE QDA" 21 800 4.52222222222222
106.975 17.2 0 0 "KDE QDA" 21 800 4.53232323232323
107.055 17.2 0 0 "KDE QDA" 21 800 4.54242424242424
107.07 17.205 0 0 "KDE QDA" 21 800 4.55252525252525
107.185 17.24 0 0 "KDE QDA" 21 800 4.56262626262626
107.985 17.245 0 0 "KDE QDA" 21 800 4.57272727272727
109.435 17.25 0 0 "KDE QDA" 21 800 4.58282828282828
109.535 17.25 0 0 "KDE QDA" 21 800 4.59292929292929
109.545 17.25 0 0 "KDE QDA" 21 800 4.6030303030303
109.98 17.275 0 0 "KDE QDA" 21 800 4.61313131313131
110.085 17.28 0 0 "KDE QDA" 21 800 4.62323232323232
111.32 17.295 0 0 "KDE QDA" 21 800 4.63333333333333
112.555 17.45 0 0 "KDE QDA" 21 800 4.64343434343434
112.575 17.47 0 0 "KDE QDA" 21 800 4.65353535353535
112.815 17.49 0 0 "KDE QDA" 21 800 4.66363636363636
113.485 17.51 0 0 "KDE QDA" 21 800 4.67373737373737
113.52 17.535 0 0 "KDE QDA" 21 800 4.68383838383838
113.97 17.57 0 0 "KDE QDA" 21 800 4.69393939393939
114.2 17.575 0 0 "KDE QDA" 21 800 4.7040404040404
114.2 17.58 0 0 "KDE QDA" 21 800 4.71414141414141
114.235 17.605 0 0 "KDE QDA" 21 800 4.72424242424242
114.875 17.615 0 0 "KDE QDA" 21 800 4.73434343434343
114.95 17.62 0 0 "KDE QDA" 21 800 4.74444444444444
115.095 17.65 0 0 "KDE QDA" 21 800 4.75454545454545
115.1 17.655 0 0 "KDE QDA" 21 800 4.76464646464646
116.985 17.895 0 0 "KDE QDA" 21 800 4.77474747474747
117.105 17.895 0 0 "KDE QDA" 21 800 4.78484848484849
120.49 18.005 0 0 "KDE QDA" 21 800 4.79494949494949
120.545 18.05 0 0 "KDE QDA" 21 800 4.80505050505051
120.81 18.08 0 0 "KDE QDA" 21 800 4.81515151515152
120.89 18.085 0 0 "KDE QDA" 21 800 4.82525252525252
120.92 18.155 0 0 "KDE QDA" 21 800 4.83535353535354
122.645 18.185 0 0 "KDE QDA" 21 800 4.84545454545455
123.135 18.19 0 0 "KDE QDA" 21 800 4.85555555555556
124.08 18.195 0 0 "KDE QDA" 21 800 4.86565656565657
125.875 18.21 0 0 "KDE QDA" 21 800 4.87575757575758
126.5 18.285 0 0 "KDE QDA" 21 800 4.88585858585859
126.64 18.32 0 0 "KDE QDA" 21 800 4.8959595959596
127.35 18.505 0 0 "KDE QDA" 21 800 4.90606060606061
127.405 18.55 0 0 "KDE QDA" 21 800 4.91616161616162
127.46 18.565 0 0 "KDE QDA" 21 800 4.92626262626263
130.155 18.63 0 0 "KDE QDA" 21 800 4.93636363636364
130.495 18.63 0 0 "KDE QDA" 21 800 4.94646464646465
130.68 18.665 0 0 "KDE QDA" 21 800 4.95656565656566
131.14 18.67 0 0 "KDE QDA" 21 800 4.96666666666667
135.01 18.735 0 0 "KDE QDA" 21 800 4.97676767676768
136.295 18.75 0 0 "KDE QDA" 21 800 4.98686868686869
136.315 18.75 0 0 "KDE QDA" 21 800 4.9969696969697
137.125 18.755 0 0 "KDE QDA" 21 800 5.00707070707071
137.305 18.825 0 0 "KDE QDA" 21 800 5.01717171717172
138.035 18.84 0 0 "KDE QDA" 21 800 5.02727272727273
139.155 18.99 0 0 "KDE QDA" 21 800 5.03737373737374
139.17 19 0 0 "KDE QDA" 21 800 5.04747474747475
139.9 19.115 0 0 "KDE QDA" 21 800 5.05757575757576
140.44 19.245 0 0 "KDE QDA" 21 800 5.06767676767677
140.705 19.26 0 0 "KDE QDA" 21 800 5.07777777777778
141.63 19.285 0 0 "KDE QDA" 21 800 5.08787878787879
142.135 19.325 0 0 "KDE QDA" 21 800 5.0979797979798
146.28 19.345 0 0 "KDE QDA" 21 800 5.10808080808081
146.635 19.38 0 0 "KDE QDA" 21 800 5.11818181818182
147.43 19.395 0 0 "KDE QDA" 21 800 5.12828282828283
147.505 19.415 0 0 "KDE QDA" 21 800 5.13838383838384
147.62 19.43 0 0 "KDE QDA" 21 800 5.14848484848485
147.625 19.435 0 0 "KDE QDA" 21 800 5.15858585858586
147.88 19.44 0 0 "KDE QDA" 21 800 5.16868686868687
148.44 19.455 0 0 "KDE QDA" 21 800 5.17878787878788
150.25 19.475 0 0 "KDE QDA" 21 800 5.18888888888889
151.195 19.585 0 0 "KDE QDA" 21 800 5.1989898989899
152.14 19.625 0 0 "KDE QDA" 21 800 5.20909090909091
154.055 19.655 0 0 "KDE QDA" 21 800 5.21919191919192
154.105 19.685 0 0 "KDE QDA" 21 800 5.22929292929293
154.12 19.69 0 0 "KDE QDA" 21 800 5.23939393939394
155.615 19.705 0 0 "KDE QDA" 21 800 5.24949494949495
156.235 19.74 0 0 "KDE QDA" 21 800 5.25959595959596
156.27 19.75 0 0 "KDE QDA" 21 800 5.26969696969697
156.31 19.755 0 0 "KDE QDA" 21 800 5.27979797979798
156.415 19.76 0 0 "KDE QDA" 21 800 5.28989898989899
156.47 19.77 0 0 "KDE QDA" 21 800 5.3
