153.16 15.395 0 0 "KDE LDA" 170 1000 2.5
155.505 15.51 0 0 "KDE LDA" 170 1000 2.51010101010101
157.325 15.525 0 0 "KDE LDA" 170 1000 2.52020202020202
161.57 15.735 0 0 "KDE LDA" 170 1000 2.53030303030303
162.015 16.045 0 0 "KDE LDA" 170 1000 2.54040404040404
162.385 16.085 0 0 "KDE LDA" 170 1000 2.55050505050505
162.405 16.1 0 0 "KDE LDA" 170 1000 2.56060606060606
164.87 16.235 0 0 "KDE LDA" 170 1000 2.57070707070707
164.875 16.355 0 0 "KDE LDA" 170 1000 2.58080808080808
165.075 16.36 0 0 "KDE LDA" 170 1000 2.59090909090909
169.1 16.55 0 0 "KDE LDA" 170 1000 2.6010101010101
169.275 16.67 0 0 "KDE LDA" 170 1000 2.61111111111111
172.115 16.67 0 0 "KDE LDA" 170 1000 2.62121212121212
172.925 16.695 0 0 "KDE LDA" 170 1000 2.63131313131313
174.82 16.71 0 0 "KDE LDA" 170 1000 2.64141414141414
179.52 16.73 0 0 "KDE LDA" 170 1000 2.65151515151515
185.32 16.89 0 0 "KDE LDA" 170 1000 2.66161616161616
192.045 17.045 0 0 "KDE LDA" 170 1000 2.67171717171717
192.05 17.275 0 0 "KDE LDA" 170 1000 2.68181818181818
194.83 17.39 0 0 "KDE LDA" 170 1000 2.69191919191919
195.23 17.45 0 0 "KDE LDA" 170 1000 2.7020202020202
197.17 17.5 0 0 "KDE LDA" 170 1000 2.71212121212121
199.125 17.575 0 0 "KDE LDA" 170 1000 2.72222222222222
199.13 17.665 0 0 "KDE LDA" 170 1000 2.73232323232323
202.49 17.77 0 0 "KDE LDA" 170 1000 2.74242424242424
203.425 17.77 0 0 "KDE LDA" 170 1000 2.75252525252525
205.785 17.815 0 0 "KDE LDA" 170 1000 2.76262626262626
206.28 17.83 0 0 "KDE LDA" 170 1000 2.77272727272727
206.41 17.915 0 0 "KDE LDA" 170 1000 2.78282828282828
222.01 18.115 0 0 "KDE LDA" 170 1000 2.79292929292929
252.96 19.11 0 0 "KDE LDA" 170 1000 2.8030303030303
257.785 19.115 0 0 "KDE LDA" 170 1000 2.81313131313131
257.83 19.345 0 0 "KDE LDA" 170 1000 2.82323232323232
257.855 19.37 0 0 "KDE LDA" 170 1000 2.83333333333333
258.795 19.425 0 0 "KDE LDA" 170 1000 2.84343434343434
261.53 19.45 0 0 "KDE LDA" 170 1000 2.85353535353535
262.9 19.49 0 0 "KDE LDA" 170 1000 2.86363636363636
266.7 19.5 0 0 "KDE LDA" 170 1000 2.87373737373737
266.705 19.59 0 0 "KDE LDA" 170 1000 2.88383838383838
266.795 19.66 0 0 "KDE LDA" 170 1000 2.89393939393939
266.825 19.715 0 0 "KDE LDA" 170 1000 2.9040404040404
266.87 19.725 0 0 "KDE LDA" 170 1000 2.91414141414141
268.325 19.755 0 0 "KDE LDA" 170 1000 2.92424242424242
273.07 19.775 0 0 "KDE LDA" 170 1000 2.93434343434343
275.665 19.795 0 0 "KDE LDA" 170 1000 2.94444444444444
281.3 19.915 0 0 "KDE LDA" 170 1000 2.95454545454545
285.68 19.94 0 0 "KDE LDA" 170 1000 2.96464646464646
292.925 20.005 0 0 "KDE LDA" 170 1000 2.97474747474747
293.39 20.005 0 0 "KDE LDA" 170 1000 2.98484848484848
293.69 20.015 0 0 "KDE LDA" 170 1000 2.99494949494949
296.28 20.045 0 0 "KDE LDA" 170 1000 3.00505050505051
297.055 20.085 0 0 "KDE LDA" 170 1000 3.01515151515152
298.27 20.11 0 0 "KDE LDA" 170 1000 3.02525252525253
301.205 20.115 0 0 "KDE LDA" 170 1000 3.03535353535354
301.205 20.395 0 0 "KDE LDA" 170 1000 3.04545454545455
302.315 20.405 0 0 "KDE LDA" 170 1000 3.05555555555556
304.935 20.415 0 0 "KDE LDA" 170 1000 3.06565656565657
306.025 20.585 0 0 "KDE LDA" 170 1000 3.07575757575758
308.01 20.615 0 0 "KDE LDA" 170 1000 3.08585858585859
331.145 20.88 0 0 "KDE LDA" 170 1000 3.0959595959596
331.165 20.89 0 0 "KDE LDA" 170 1000 3.10606060606061
331.195 20.905 0 0 "KDE LDA" 170 1000 3.11616161616162
342.91 20.94 0 0 "KDE LDA" 170 1000 3.12626262626263
345.025 20.955 0 0 "KDE LDA" 170 1000 3.13636363636364
348.075 21.015 0 0 "KDE LDA" 170 1000 3.14646464646465
348.08 21.175 0 0 "KDE LDA" 170 1000 3.15656565656566
361.04 21.385 0 0 "KDE LDA" 170 1000 3.16666666666667
362.265 21.415 0 0 "KDE LDA" 170 1000 3.17676767676768
362.295 21.44 0 0 "KDE LDA" 170 1000 3.18686868686869
362.335 21.455 0 0 "KDE LDA" 170 1000 3.1969696969697
363.27 21.56 0 0 "KDE LDA" 170 1000 3.20707070707071
373.495 21.69 0 0 "KDE LDA" 170 1000 3.21717171717172
395.54 21.91 0 0 "KDE LDA" 170 1000 3.22727272727273
409.295 22.065 0 0 "KDE LDA" 170 1000 3.23737373737374
414.145 22.08 0 0 "KDE LDA" 170 1000 3.24747474747475
418.13 22.155 0 0 "KDE LDA" 170 1000 3.25757575757576
425.45 22.35 0 0 "KDE LDA" 170 1000 3.26767676767677
425.53 22.38 0 0 "KDE LDA" 170 1000 3.27777777777778
427.715 22.425 0 0 "KDE LDA" 170 1000 3.28787878787879
447.705 22.53 0 0 "KDE LDA" 170 1000 3.2979797979798
447.77 22.54 0 0 "KDE LDA" 170 1000 3.30808080808081
451.99 22.56 0 0 "KDE LDA" 170 1000 3.31818181818182
457.975 22.9 0 0 "KDE LDA" 170 1000 3.32828282828283
466.5 23.105 0 0 "KDE LDA" 170 1000 3.33838383838384
469.7 23.17 0 0 "KDE LDA" 170 1000 3.34848484848485
500.555 23.825 0 0 "KDE LDA" 170 1000 3.35858585858586
503.515 23.845 0 0 "KDE LDA" 170 1000 3.36868686868687
504.365 23.86 0 0 "KDE LDA" 170 1000 3.37878787878788
513.97 23.865 0 0 "KDE LDA" 170 1000 3.38888888888889
515.015 23.88 0 0 "KDE LDA" 170 1000 3.3989898989899
525.475 23.91 0 0 "KDE LDA" 170 1000 3.40909090909091
525.49 23.915 0 0 "KDE LDA" 170 1000 3.41919191919192
533.675 23.92 0 0 "KDE LDA" 170 1000 3.42929292929293
533.68 23.95 0 0 "KDE LDA" 170 1000 3.43939393939394
539 24.12 0 0 "KDE LDA" 170 1000 3.44949494949495
551.49 24.145 0 0 "KDE LDA" 170 1000 3.45959595959596
566.285 24.165 0 0 "KDE LDA" 170 1000 3.46969696969697
580.745 24.215 0 0 "KDE LDA" 170 1000 3.47979797979798
584.45 24.245 0 0 "KDE LDA" 170 1000 3.48989898989899
584.82 24.51 0 0 "KDE LDA" 170 1000 3.5
97.855 14.25 0 0 "KDE QDA" 170 1000 3.5
97.995 14.26 0 0 "KDE QDA" 170 1000 3.51010101010101
100.785 14.375 0 0 "KDE QDA" 170 1000 3.52020202020202
101.315 14.385 0 0 "KDE QDA" 170 1000 3.53030303030303
101.46 14.405 0 0 "KDE QDA" 170 1000 3.54040404040404
103.71 14.41 0 0 "KDE QDA" 170 1000 3.55050505050505
103.88 14.495 0 0 "KDE QDA" 170 1000 3.56060606060606
105.595 14.57 0 0 "KDE QDA" 170 1000 3.57070707070707
105.625 14.605 0 0 "KDE QDA" 170 1000 3.58080808080808
105.685 14.61 0 0 "KDE QDA" 170 1000 3.59090909090909
106.48 14.625 0 0 "KDE QDA" 170 1000 3.6010101010101
106.83 14.675 0 0 "KDE QDA" 170 1000 3.61111111111111
107.34 14.68 0 0 "KDE QDA" 170 1000 3.62121212121212
107.62 14.69 0 0 "KDE QDA" 170 1000 3.63131313131313
107.735 14.7 0 0 "KDE QDA" 170 1000 3.64141414141414
108.145 14.835 0 0 "KDE QDA" 170 1000 3.65151515151515
109.575 14.865 0 0 "KDE QDA" 170 1000 3.66161616161616
110.135 14.87 0 0 "KDE QDA" 170 1000 3.67171717171717
110.205 14.905 0 0 "KDE QDA" 170 1000 3.68181818181818
110.48 14.97 0 0 "KDE QDA" 170 1000 3.69191919191919
110.8 14.985 0 0 "KDE QDA" 170 1000 3.7020202020202
110.925 14.985 0 0 "KDE QDA" 170 1000 3.71212121212121
110.965 14.99 0 0 "KDE QDA" 170 1000 3.72222222222222
111.525 15 0 0 "KDE QDA" 170 1000 3.73232323232323
113.31 15.05 0 0 "KDE QDA" 170 1000 3.74242424242424
113.68 15.065 0 0 "KDE QDA" 170 1000 3.75252525252525
114.305 15.07 0 0 "KDE QDA" 170 1000 3.76262626262626
114.655 15.095 0 0 "KDE QDA" 170 1000 3.77272727272727
114.745 15.135 0 0 "KDE QDA" 170 1000 3.78282828282828
118.085 15.41 0 0 "KDE QDA" 170 1000 3.79292929292929
118.24 15.44 0 0 "KDE QDA" 170 1000 3.8030303030303
118.35 15.465 0 0 "KDE QDA" 170 1000 3.81313131313131
118.38 15.495 0 0 "KDE QDA" 170 1000 3.82323232323232
120.32 15.5 0 0 "KDE QDA" 170 1000 3.83333333333333
120.68 15.505 0 0 "KDE QDA" 170 1000 3.84343434343434
120.715 15.515 0 0 "KDE QDA" 170 1000 3.85353535353535
123.06 15.52 0 0 "KDE QDA" 170 1000 3.86363636363636
123.995 15.53 0 0 "KDE QDA" 170 1000 3.87373737373737
124.04 15.54 0 0 "KDE QDA" 170 1000 3.88383838383838
124.065 15.555 0 0 "KDE QDA" 170 1000 3.89393939393939
124.065 15.585 0 0 "KDE QDA" 170 1000 3.9040404040404
124.135 15.625 0 0 "KDE QDA" 170 1000 3.91414141414141
129.925 16.24 0 0 "KDE QDA" 170 1000 3.92424242424242
130.625 16.245 0 0 "KDE QDA" 170 1000 3.93434343434343
132.99 16.345 0 0 "KDE QDA" 170 1000 3.94444444444444
134.925 16.375 0 0 "KDE QDA" 170 1000 3.95454545454545
134.96 16.41 0 0 "KDE QDA" 170 1000 3.96464646464646
138.42 16.41 0 0 "KDE QDA" 170 1000 3.97474747474747
138.445 16.42 0 0 "KDE QDA" 170 1000 3.98484848484848
138.45 16.425 0 0 "KDE QDA" 170 1000 3.99494949494949
138.495 16.43 0 0 "KDE QDA" 170 1000 4.00505050505051
141.39 16.43 0 0 "KDE QDA" 170 1000 4.01515151515152
143.77 16.435 0 0 "KDE QDA" 170 1000 4.02525252525253
144.46 16.445 0 0 "KDE QDA" 170 1000 4.03535353535354
144.57 16.45 0 0 "KDE QDA" 170 1000 4.04545454545455
147.52 16.455 0 0 "KDE QDA" 170 1000 4.05555555555556
147.995 16.465 0 0 "KDE QDA" 170 1000 4.06565656565657
148.555 16.48 0 0 "KDE QDA" 170 1000 4.07575757575758
149.89 16.58 0 0 "KDE QDA" 170 1000 4.08585858585859
149.955 16.59 0 0 "KDE QDA" 170 1000 4.0959595959596
150.76 16.615 0 0 "KDE QDA" 170 1000 4.10606060606061
151.35 16.615 0 0 "KDE QDA" 170 1000 4.11616161616162
151.35 16.67 0 0 "KDE QDA" 170 1000 4.12626262626263
151.57 16.685 0 0 "KDE QDA" 170 1000 4.13636363636364
151.97 16.69 0 0 "KDE QDA" 170 1000 4.14646464646465
152.28 16.69 0 0 "KDE QDA" 170 1000 4.15656565656566
152.65 16.71 0 0 "KDE QDA" 170 1000 4.16666666666667
153.415 16.78 0 0 "KDE QDA" 170 1000 4.17676767676768
153.805 16.795 0 0 "KDE QDA" 170 1000 4.18686868686869
153.81 16.895 0 0 "KDE QDA" 170 1000 4.1969696969697
154.22 16.94 0 0 "KDE QDA" 170 1000 4.20707070707071
155.625 17.11 0 0 "KDE QDA" 170 1000 4.21717171717172
155.715 17.21 0 0 "KDE QDA" 170 1000 4.22727272727273
155.725 17.295 0 0 "KDE QDA" 170 1000 4.23737373737374
157.445 17.345 0 0 "KDE QDA" 170 1000 4.24747474747475
157.525 17.375 0 0 "KDE QDA" 170 1000 4.25757575757576
157.555 17.38 0 0 "KDE QDA" 170 1000 4.26767676767677
158.41 17.435 0 0 "KDE QDA" 170 1000 4.27777777777778
158.725 17.455 0 0 "KDE QDA" 170 1000 4.28787878787879
160.215 17.49 0 0 "KDE QDA" 170 1000 4.2979797979798
162.41 17.57 0 0 "KDE QDA" 170 1000 4.30808080808081
163.055 17.585 0 0 "KDE QDA" 170 1000 4.31818181818182
163.145 17.59 0 0 "KDE QDA" 170 1000 4.32828282828283
163.985 17.61 0 0 "KDE QDA" 170 1000 4.33838383838384
168.56 17.84 0 0 "KDE QDA" 170 1000 4.34848484848485
168.67 17.85 0 0 "KDE QDA" 170 1000 4.35858585858586
168.89 17.91 0 0 "KDE QDA" 170 1000 4.36868686868687
171.35 17.96 0 0 "KDE QDA" 170 1000 4.37878787878788
171.825 17.97 0 0 "KDE QDA" 170 1000 4.38888888888889
171.835 17.98 0 0 "KDE QDA" 170 1000 4.3989898989899
171.93 18.07 0 0 "KDE QDA" 170 1000 4.40909090909091
172.88 18.105 0 0 "KDE QDA" 170 1000 4.41919191919192
173.5 18.105 0 0 "KDE QDA" 170 1000 4.42929292929293
174.89 18.14 0 0 "KDE QDA" 170 1000 4.43939393939394
174.925 18.17 0 0 "KDE QDA" 170 1000 4.44949494949495
175.285 18.185 0 0 "KDE QDA" 170 1000 4.45959595959596
176.41 18.19 0 0 "KDE QDA" 170 1000 4.46969696969697
179.765 18.445 0 0 "KDE QDA" 170 1000 4.47979797979798
179.775 18.475 0 0 "KDE QDA" 170 1000 4.48989898989899
182.655 18.5 0 0 "KDE QDA" 170 1000 4.5
