131.035 14.74 0 0 "KDE LDA" 98 600 2.3
132.82 14.79 0 0 "KDE LDA" 98 600 2.31010101010101
134.18 14.82 0 0 "KDE LDA" 98 600 2.32020202020202
134.255 14.825 0 0 "KDE LDA" 98 600 2.33030303030303
134.27 14.84 0 0 "KDE LDA" 98 600 2.34040404040404
134.68 14.865 0 0 "KDE LDA" 98 600 2.35050505050505
134.68 14.885 0 0 "KDE LDA" 98 600 2.36060606060606
139.34 14.905 0 0 "KDE LDA" 98 600 2.37070707070707
141.625 14.92 0 0 "KDE LDA" 98 600 2.38080808080808
142.38 14.92 0 0 "KDE LDA" 98 600 2.39090909090909
146.455 14.95 0 0 "KDE LDA" 98 600 2.4010101010101
147.7 14.955 0 0 "KDE LDA" 98 600 2.41111111111111
147.71 14.955 0 0 "KDE LDA" 98 600 2.42121212121212
147.715 14.965 0 0 "KDE LDA" 98 600 2.43131313131313
147.91 14.97 0 0 "KDE LDA" 98 600 2.44141414141414
147.91 15.165 0 0 "KDE LDA" 98 600 2.45151515151515
147.91 15.165 0 0 "KDE LDA" 98 600 2.46161616161616
148.425 15.2 0 0 "KDE LDA" 98 600 2.47171717171717
149.025 15.225 0 0 "KDE LDA" 98 600 2.48181818181818
151.28 15.385 0 0 "KDE LDA" 98 600 2.49191919191919
152.83 15.395 0 0 "KDE LDA" 98 600 2.5020202020202
152.89 15.49 0 0 "KDE LDA" 98 600 2.51212121212121
153.095 15.49 0 0 "KDE LDA" 98 600 2.52222222222222
162.96 15.925 0 0 "KDE LDA" 98 600 2.53232323232323
163.525 15.945 0 0 "KDE LDA" 98 600 2.54242424242424
163.535 15.96 0 0 "KDE LDA" 98 600 2.55252525252525
163.545 15.995 0 0 "KDE LDA" 98 600 2.56262626262626
164.495 16 0 0 "KDE LDA" 98 600 2.57272727272727
164.5 16.12 0 0 "KDE LDA" 98 600 2.58282828282828
165.195 16.135 0 0 "KDE LDA" 98 600 2.59292929292929
165.195 16.25 0 0 "KDE LDA" 98 600 2.6030303030303
166.505 16.29 0 0 "KDE LDA" 98 600 2.61313131313131
166.855 16.335 0 0 "KDE LDA" 98 600 2.62323232323232
168.325 16.355 0 0 "KDE LDA" 98 600 2.63333333333333
168.35 16.405 0 0 "KDE LDA" 98 600 2.64343434343434
175.565 16.46 0 0 "KDE LDA" 98 600 2.65353535353535
186.4 16.545 0 0 "KDE LDA" 98 600 2.66363636363636
199.315 16.94 0 0 "KDE LDA" 98 600 2.67373737373737
199.73 17.125 0 0 "KDE LDA" 98 600 2.68383838383838
201.36 17.135 0 0 "KDE LDA" 98 600 2.69393939393939
203.965 17.305 0 0 "KDE LDA" 98 600 2.7040404040404
204.25 17.455 0 0 "KDE LDA" 98 600 2.71414141414141
204.255 17.51 0 0 "KDE LDA" 98 600 2.72424242424242
206.735 17.785 0 0 "KDE LDA" 98 600 2.73434343434343
208.125 17.84 0 0 "KDE LDA" 98 600 2.74444444444444
208.71 17.905 0 0 "KDE LDA" 98 600 2.75454545454545
214.26 17.96 0 0 "KDE LDA" 98 600 2.76464646464646
224.56 17.98 0 0 "KDE LDA" 98 600 2.77474747474747
232.055 18.035 0 0 "KDE LDA" 98 600 2.78484848484848
242.295 18.52 0 0 "KDE LDA" 98 600 2.79494949494949
277.81 19.545 0 0 "KDE LDA" 98 600 2.80505050505051
280.345 19.585 0 0 "KDE LDA" 98 600 2.81515151515151
281.185 19.61 0 0 "KDE LDA" 98 600 2.82525252525252
281.215 19.645 0 0 "KDE LDA" 98 600 2.83535353535354
283.25 19.69 0 0 "KDE LDA" 98 600 2.84545454545455
284.155 19.7 0 0 "KDE LDA" 98 600 2.85555555555556
287.04 19.725 0 0 "KDE LDA" 98 600 2.86565656565657
287.04 19.74 0 0 "KDE LDA" 98 600 2.87575757575758
288.025 19.785 0 0 "KDE LDA" 98 600 2.88585858585859
290.455 19.875 0 0 "KDE LDA" 98 600 2.8959595959596
292.5 20.365 0 0 "KDE LDA" 98 600 2.90606060606061
292.5 20.37 0 0 "KDE LDA" 98 600 2.91616161616162
294.315 20.545 0 0 "KDE LDA" 98 600 2.92626262626263
295.61 20.605 0 0 "KDE LDA" 98 600 2.93636363636364
296.87 20.62 0 0 "KDE LDA" 98 600 2.94646464646465
302.715 20.625 0 0 "KDE LDA" 98 600 2.95656565656566
304.73 20.67 0 0 "KDE LDA" 98 600 2.96666666666667
304.755 20.675 0 0 "KDE LDA" 98 600 2.97676767676768
309.405 20.705 0 0 "KDE LDA" 98 600 2.98686868686869
313.46 20.725 0 0 "KDE LDA" 98 600 2.9969696969697
316.59 20.74 0 0 "KDE LDA" 98 600 3.00707070707071
316.645 20.815 0 0 "KDE LDA" 98 600 3.01717171717172
316.65 20.855 0 0 "KDE LDA" 98 600 3.02727272727273
318.485 20.875 0 0 "KDE LDA" 98 600 3.03737373737374
319.13 21.03 0 0 "KDE LDA" 98 600 3.04747474747475
319.56 21.045 0 0 "KDE LDA" 98 600 3.05757575757576
320.74 21.11 0 0 "KDE LDA" 98 600 3.06767676767677
322.69 21.115 0 0 "KDE LDA" 98 600 3.07777777777778
324.95 21.16 0 0 "KDE LDA" 98 600 3.08787878787879
340.495 21.275 0 0 "KDE LDA" 98 600 3.0979797979798
342.095 21.345 0 0 "KDE LDA" 98 600 3.10808080808081
345.415 21.365 0 0 "KDE LDA" 98 600 3.11818181818182
346.085 21.375 0 0 "KDE LDA" 98 600 3.12828282828283
346.1 21.43 0 0 "KDE LDA" 98 600 3.13838383838384
354.835 21.465 0 0 "KDE LDA" 98 600 3.14848484848485
355.57 21.63 0 0 "KDE LDA" 98 600 3.15858585858586
360.46 21.675 0 0 "KDE LDA" 98 600 3.16868686868687
360.465 21.71 0 0 "KDE LDA" 98 600 3.17878787878788
361.85 21.81 0 0 "KDE LDA" 98 600 3.18888888888889
367.44 21.84 0 0 "KDE LDA" 98 600 3.1989898989899
375.395 22.11 0 0 "KDE LDA" 98 600 3.20909090909091
396.315 22.21 0 0 "KDE LDA" 98 600 3.21919191919192
413.6 22.29 0 0 "KDE LDA" 98 600 3.22929292929293
416.72 22.475 0 0 "KDE LDA" 98 600 3.23939393939394
429.585 22.515 0 0 "KDE LDA" 98 600 3.24949494949495
431.695 22.6 0 0 "KDE LDA" 98 600 3.25959595959596
431.695 22.62 0 0 "KDE LDA" 98 600 3.26969696969697
433.94 22.7 0 0 "KDE LDA" 98 600 3.27979797979798
435.66 22.745 0 0 "KDE LDA" 98 600 3.28989898989899
439.145 22.83 0 0 "KDE LDA" 98 600 3.3
226.275 21.39 0 0 "KDE QDA" 98 600 4.5
228.5 21.505 0 0 "KDE QDA" 98 600 4.51010101010101
230.895 21.51 0 0 "KDE QDA" 98 600 4.52020202020202
230.925 21.63 0 0 "KDE QDA" 98 600 4.53030303030303
231.09 21.645 0 0 "KDE QDA" 98 600 4.54040404040404
231.25 21.66 0 0 "KDE QDA" 98 600 4.55050505050505
231.81 21.7 0 0 "KDE QDA" 98 600 4.56060606060606
233.575 21.7 0 0 "KDE QDA" 98 600 4.57070707070707
233.575 21.7 0 0 "KDE QDA" 98 600 4.58080808080808
233.595 21.725 0 0 "KDE QDA" 98 600 4.59090909090909
234.71 21.73 0 0 "KDE QDA" 98 600 4.6010101010101
235.705 21.735 0 0 "KDE QDA" 98 600 4.61111111111111
239.45 21.775 0 0 "KDE QDA" 98 600 4.62121212121212
239.53 21.79 0 0 "KDE QDA" 98 600 4.63131313131313
243.895 22.165 0 0 "KDE QDA" 98 600 4.64141414141414
244.12 22.24 0 0 "KDE QDA" 98 600 4.65151515151515
245.895 22.28 0 0 "KDE QDA" 98 600 4.66161616161616
245.91 22.355 0 0 "KDE QDA" 98 600 4.67171717171717
247.2 22.38 0 0 "KDE QDA" 98 600 4.68181818181818
247.75 22.4 0 0 "KDE QDA" 98 600 4.69191919191919
247.75 22.4 0 0 "KDE QDA" 98 600 4.7020202020202
248.045 22.445 0 0 "KDE QDA" 98 600 4.71212121212121
248.045 22.46 0 0 "KDE QDA" 98 600 4.72222222222222
250.665 22.515 0 0 "KDE QDA" 98 600 4.73232323232323
251.06 22.53 0 0 "KDE QDA" 98 600 4.74242424242424
255.9 22.535 0 0 "KDE QDA" 98 600 4.75252525252525
259.795 22.545 0 0 "KDE QDA" 98 600 4.76262626262626
267.59 22.87 0 0 "KDE QDA" 98 600 4.77272727272727
271.475 22.895 0 0 "KDE QDA" 98 600 4.78282828282828
271.48 22.91 0 0 "KDE QDA" 98 600 4.79292929292929
271.7 22.965 0 0 "KDE QDA" 98 600 4.8030303030303
277.3 22.975 0 0 "KDE QDA" 98 600 4.81313131313131
279.15 22.995 0 0 "KDE QDA" 98 600 4.82323232323232
279.16 23.02 0 0 "KDE QDA" 98 600 4.83333333333333
281.095 23.065 0 0 "KDE QDA" 98 600 4.84343434343434
283.03 23.075 0 0 "KDE QDA" 98 600 4.85353535353535
283.045 23.075 0 0 "KDE QDA" 98 600 4.86363636363636
283.595 23.09 0 0 "KDE QDA" 98 600 4.87373737373737
293.29 23.16 0 0 "KDE QDA" 98 600 4.88383838383838
295.095 23.19 0 0 "KDE QDA" 98 600 4.89393939393939
305.01 23.395 0 0 "KDE QDA" 98 600 4.9040404040404
313.855 23.445 0 0 "KDE QDA" 98 600 4.91414141414141
315.845 23.445 0 0 "KDE QDA" 98 600 4.92424242424242
316.105 23.705 0 0 "KDE QDA" 98 600 4.93434343434343
324.085 23.745 0 0 "KDE QDA" 98 600 4.94444444444444
335.835 23.755 0 0 "KDE QDA" 98 600 4.95454545454546
335.88 23.76 0 0 "KDE QDA" 98 600 4.96464646464646
335.92 23.8 0 0 "KDE QDA" 98 600 4.97474747474747
340.285 23.86 0 0 "KDE QDA" 98 600 4.98484848484848
340.86 23.865 0 0 "KDE QDA" 98 600 4.99494949494949
342.5 23.87 0 0 "KDE QDA" 98 600 5.00505050505051
342.54 23.94 0 0 "KDE QDA" 98 600 5.01515151515152
342.545 23.945 0 0 "KDE QDA" 98 600 5.02525252525253
343.76 23.955 0 0 "KDE QDA" 98 600 5.03535353535354
348.535 24.115 0 0 "KDE QDA" 98 600 5.04545454545455
350.285 24.16 0 0 "KDE QDA" 98 600 5.05555555555556
351.785 24.23 0 0 "KDE QDA" 98 600 5.06565656565657
351.795 24.4 0 0 "KDE QDA" 98 600 5.07575757575758
355.1 24.425 0 0 "KDE QDA" 98 600 5.08585858585859
355.235 24.47 0 0 "KDE QDA" 98 600 5.0959595959596
355.245 24.545 0 0 "KDE QDA" 98 600 5.10606060606061
355.25 24.62 0 0 "KDE QDA" 98 600 5.11616161616162
358.91 24.625 0 0 "KDE QDA" 98 600 5.12626262626263
362.8 24.63 0 0 "KDE QDA" 98 600 5.13636363636364
363.46 24.64 0 0 "KDE QDA" 98 600 5.14646464646465
363.5 24.66 0 0 "KDE QDA" 98 600 5.15656565656566
364.92 24.68 0 0 "KDE QDA" 98 600 5.16666666666667
368.69 24.745 0 0 "KDE QDA" 98 600 5.17676767676768
373.67 24.76 0 0 "KDE QDA" 98 600 5.18686868686869
381.96 24.835 0 0 "KDE QDA" 98 600 5.1969696969697
382.3 25 0 0 "KDE QDA" 98 600 5.20707070707071
384.92 25.02 0 0 "KDE QDA" 98 600 5.21717171717172
385.735 25.09 0 0 "KDE QDA" 98 600 5.22727272727273
388.495 25.1 0 0 "KDE QDA" 98 600 5.23737373737374
391.235 25.14 0 0 "KDE QDA" 98 600 5.24747474747475
395.36 25.16 0 0 "KDE QDA" 98 600 5.25757575757576
395.41 25.16 0 0 "KDE QDA" 98 600 5.26767676767677
395.445 25.2 0 0 "KDE QDA" 98 600 5.27777777777778
395.91 25.235 0 0 "KDE QDA" 98 600 5.28787878787879
395.98 25.245 0 0 "KDE QDA" 98 600 5.2979797979798
401.605 25.25 0 0 "KDE QDA" 98 600 5.30808080808081
415.525 25.36 0 0 "KDE QDA" 98 600 5.31818181818182
415.9 25.425 0 0 "KDE QDA" 98 600 5.32828282828283
420.96 25.68 0 0 "KDE QDA" 98 600 5.33838383838384
422.64 25.69 0 0 "KDE QDA" 98 600 5.34848484848485
425.28 25.795 0 0 "KDE QDA" 98 600 5.35858585858586
425.29 25.8 0 0 "KDE QDA" 98 600 5.36868686868687
425.41 25.805 0 0 "KDE QDA" 98 600 5.37878787878788
426.34 25.83 0 0 "KDE QDA" 98 600 5.38888888888889
427.85 25.84 0 0 "KDE QDA" 98 600 5.3989898989899
431.765 25.845 0 0 "KDE QDA" 98 600 5.40909090909091
437.22 26.015 0 0 "KDE QDA" 98 600 5.41919191919192
437.245 26.015 0 0 "KDE QDA" 98 600 5.42929292929293
437.34 26.07 0 0 "KDE QDA" 98 600 5.43939393939394
439.595 26.08 0 0 "KDE QDA" 98 600 5.44949494949495
439.61 26.12 0 0 "KDE QDA" 98 600 5.45959595959596
451.345 26.245 0 0 "KDE QDA" 98 600 5.46969696969697
452.36 26.42 0 0 "KDE QDA" 98 600 5.47979797979798
453.55 26.48 0 0 "KDE QDA" 98 600 5.48989898989899
453.67 26.56 0 0 "KDE QDA" 98 600 5.5
