34.646 9.422 0 0 30.9929548002001 6.4950829172615 "LDA" 21 1000 1.5
36.279 9.935 0 0 32.2282767274457 6.97563147209157 "LDA" 21 1000 1.53535353535354
38.101 10.283 0 0 33.5376739589163 7.14394477490881 "LDA" 21 1000 1.57070707070707
40.71 10.64 0 0 35.7970575512755 7.34359096956852 "LDA" 21 1000 1.60606060606061
43.566 10.948 0 0 38.9899969718371 7.52993997293445 "LDA" 21 1000 1.64141414141414
45.468 11.314 0 0 40.2299319341137 7.77533663964846 "LDA" 21 1000 1.67676767676768
47.396 11.67 0 0 42.2486465124284 8.10967735898703 "LDA" 21 1000 1.71212121212121
49.095 11.99 0 0 44.3461673378609 8.49482560515883 "LDA" 21 1000 1.74747474747475
51.446 12.214 0 0 47.1233242852379 8.58941103813189 "LDA" 21 1000 1.78282828282828
53.331 12.577 0 0 48.648516083403 8.90603101209447 "LDA" 21 1000 1.81818181818182
55.995 12.898 0 0 50.8385831483976 9.03167576738487 "LDA" 21 1000 1.85353535353535
59.172 13.186 0 0 54.9983020576929 9.1427016244102 "LDA" 21 1000 1.88888888888889
61.557 13.549 0 0 57.3041404744502 9.40989612828671 "LDA" 21 1000 1.92424242424242
66.006 13.871 0 0 62.7713805026639 9.51887430151108 "LDA" 21 1000 1.95959595959596
68.246 14.203 0 0 64.3472769902197 9.67881555100987 "LDA" 21 1000 1.99494949494949
71.92 14.455 0 0 69.3451970676871 9.81245429335899 "LDA" 21 1000 2.03030303030303
76.612 14.822 0 0 73.0663955191041 9.95346107579607 "LDA" 21 1000 2.06565656565657
81.999 15.206 0 0 79.4107742694281 10.1078054854519 "LDA" 21 1000 2.1010101010101
86.895 15.543 0 0 85.2286683041622 10.2952485712169 "LDA" 21 1000 2.13636363636364
91.966 15.9 0 0 89.3425706980661 10.3765925849324 "LDA" 21 1000 2.17171717171717
95.639 16.12 0 0 91.9550455897305 10.4636077471916 "LDA" 21 1000 2.20707070707071
98.962 16.453 0 0 94.6092567747336 10.6604613613312 "LDA" 21 1000 2.24242424242424
104.308 16.688 0 0 97.7654090730009 10.7880971000005 "LDA" 21 1000 2.27777777777778
108.069 16.952 0 0 100.052970149995 10.8565906969712 "LDA" 21 1000 2.31313131313131
113.645 17.251 0 0 103.864145573608 10.9232466014604 "LDA" 21 1000 2.34848484848485
118.472 17.562 0 0 107.110624598599 11.0584105749626 "LDA" 21 1000 2.38383838383838
123.219 17.877 0 0 116.226759821905 11.2852659795074 "LDA" 21 1000 2.41919191919192
131.498 18.081 0 0 125.250220014232 11.3401515879656 "LDA" 21 1000 2.45454545454545
135.541 18.402 0 0 130.187299887708 11.5337514895815 "LDA" 21 1000 2.48989898989899
141.732 18.813 0 0 137.216130401795 11.9138562594557 "LDA" 21 1000 2.52525252525253
146.655 19.147 0 0 139.211946114337 12.0547379775633 "LDA" 21 1000 2.56060606060606
152.069 19.396 0 0 142.837350674632 12.1793070213177 "LDA" 21 1000 2.5959595959596
160.205 19.784 0 0 151.151976152794 12.3008395914529 "LDA" 21 1000 2.63131313131313
167.27 20.115 0 0 157.829995271518 12.5511476091354 "LDA" 21 1000 2.66666666666667
171.866 20.397 0 0 163.676076144017 12.5982580981304 "LDA" 21 1000 2.7020202020202
178.949 20.736 0 0 169.756123720296 12.7192013146299 "LDA" 21 1000 2.73737373737374
186.02 20.983 0 0 176.62593331762 12.8071360472876 "LDA" 21 1000 2.77272727272727
195.594 21.264 0 0 185.286540974422 12.9075523980695 "LDA" 21 1000 2.80808080808081
199.951 21.579 0 0 189.543328218833 13.0220325730023 "LDA" 21 1000 2.84343434343434
208.876 21.939 0 0 198.374502058775 13.4985736465188 "LDA" 21 1000 2.87878787878788
216.83 22.283 0 0 204.012112488553 13.620000565911 "LDA" 21 1000 2.91414141414141
224.329 22.577 0 0 209.666570606355 13.8554698601327 "LDA" 21 1000 2.94949494949495
234.731 22.768 0 0 221.73060478901 13.9548885669114 "LDA" 21 1000 2.98484848484848
243.511 23.174 0 0 229.164867323539 14.3764531928569 "LDA" 21 1000 3.02020202020202
252.118 23.478 0 0 236.339841323033 14.4658486365915 "LDA" 21 1000 3.05555555555556
264.518 23.825 0 0 247.773641563128 14.7906436012142 "LDA" 21 1000 3.09090909090909
276.014 24.121 0 0 261.150606821894 14.8722406698702 "LDA" 21 1000 3.12626262626263
287.179 24.422 0 0 267.136877031364 14.9175886272028 "LDA" 21 1000 3.16161616161616
298.998 24.738 0 0 284.484740475765 14.9907998479094 "LDA" 21 1000 3.1969696969697
307.526 25.127 0 0 291.99219984234 15.2730526463159 "LDA" 21 1000 3.23232323232323
318.077 25.539 0 0 300.945086379585 15.4067467963502 "LDA" 21 1000 3.26767676767677
330.094 25.723 0 0 311.320435528376 15.4342634254922 "LDA" 21 1000 3.3030303030303
347.527 25.993 0 0 323.45700441435 15.5596611162986 "LDA" 21 1000 3.33838383838384
359.699 26.39 0 0 335.46905055889 15.7332588943116 "LDA" 21 1000 3.37373737373737
377.588 26.652 0 0 353.549282775897 15.8581959370661 "LDA" 21 1000 3.40909090909091
386.769 27.029 0 0 362.12183013298 16.3699766381976 "LDA" 21 1000 3.44444444444444
404.303 27.322 0 0 380.786779921208 16.6145827621509 "LDA" 21 1000 3.47979797979798
418.944 27.631 0 0 392.784509030759 16.6365144370031 "LDA" 21 1000 3.51515151515152
436.37 27.935 0 0 403.816960066361 17.0630572560407 "LDA" 21 1000 3.55050505050505
459.462 28.224 0 0 444.240538686208 17.3320577031184 "LDA" 21 1000 3.58585858585859
485.541 28.626 0 0 470.832013678025 17.5779722695511 "LDA" 21 1000 3.62121212121212
500.91 28.915 0 0 499.017166069497 17.7973177619415 "LDA" 21 1000 3.65656565656566
522.497 29.286 0 0 521.221006223203 17.9040430841405 "LDA" 21 1000 3.69191919191919
545.355 29.661 0 0 548.116194193656 17.9780780477305 "LDA" 21 1000 3.72727272727273
563.279 29.976 0 0 562.677613964032 18.167924963999 "LDA" 21 1000 3.76262626262626
584.589 30.226 0 0 577.960221898616 18.2800734430988 "LDA" 21 1000 3.7979797979798
596.273 30.511 0 0 590.770234474403 18.337670221409 "LDA" 21 1000 3.83333333333333
628.935 30.926 0 0 631.686661893232 18.6107733553683 "LDA" 21 1000 3.86868686868687
658.998 31.324 0 0 665.717817253082 18.7702782970138 "LDA" 21 1000 3.9040404040404
679.784 31.664 0 0 678.486825012627 18.9421727874579 "LDA" 21 1000 3.93939393939394
696.753 31.842 0 0 689.06454991165 18.9660947152741 "LDA" 21 1000 3.97474747474747
736.395 32.06 0 0 749.568832335903 18.9948731294843 "LDA" 21 1000 4.01010101010101
766.214 32.289 0 0 780.266299222068 18.9439265030075 "LDA" 21 1000 4.04545454545454
780.994 32.59 0 0 788.357244597339 18.9926991926535 "LDA" 21 1000 4.08080808080808
805.236 32.973 0 0 817.246292011047 19.1839071435746 "LDA" 21 1000 4.11616161616162
847.145 33.344 0 0 858.164866977153 19.2463005298183 "LDA" 21 1000 4.15151515151515
891.997 33.672 0 0 897.249181155427 19.5298702461596 "LDA" 21 1000 4.18686868686869
930.953 33.967 0 0 928.691968072602 19.6185830222216 "LDA" 21 1000 4.22222222222222
962.083 34.376 0 0 946.987660817574 19.6292621341693 "LDA" 21 1000 4.25757575757576
1009.807 34.673 0 0 998.116665841038 19.7647847880446 "LDA" 21 1000 4.29292929292929
1041.947 34.841 0 0 1030.35664748281 19.749272208179 "LDA" 21 1000 4.32828282828283
1095.414 35.098 0 0 1100.21290077468 19.8150203389003 "LDA" 21 1000 4.36363636363636
1139.796 35.46 0 0 1150.63015784575 19.9147934711611 "LDA" 21 1000 4.3989898989899
1181.36636636637 35.774 1 0 1169.78040430608 20.077351021089 "LDA" 21 1000 4.43434343434343
1220.51951951952 36.105 1 0 1206.27676784835 20.4810509605452 "LDA" 21 1000 4.46969696969697
1264.3023023023 36.37 1 0 1246.21242954153 20.5710054753351 "LDA" 21 1000 4.50505050505051
1335.14729458918 36.588 2 0 1315.17452280067 20.6233260551633 "LDA" 21 1000 4.54040404040404
1377.25150300601 36.877 2 0 1363.64285845267 20.707551126912 "LDA" 21 1000 4.57575757575758
1412.42284569138 37.324 2 0 1384.68309710103 20.9431525716555 "LDA" 21 1000 4.61111111111111
1453.22645290581 37.768 2 0 1438.53131695881 21.2743689630216 "LDA" 21 1000 4.64646464646465
1495.98897795591 38.096 2 0 1480.71987930251 21.3835460118298 "LDA" 21 1000 4.68181818181818
1541.31362725451 38.444 2 0 1518.62484276858 21.538030335914 "LDA" 21 1000 4.71717171717172
1582.83667334669 38.685 2 0 1584.12667940001 21.5290332870353 "LDA" 21 1000 4.75252525252525
1661.91775325978 38.986 3 0 1635.2626575239 21.6570272851754 "LDA" 21 1000 4.78787878787879
1723.3741223671 39.291 3 0 1677.11680588284 21.6716399697618 "LDA" 21 1000 4.82323232323232
1769.96084337349 39.559 4 0 1699.94989682977 21.6915892466192 "LDA" 21 1000 4.85858585858586
1838.85240963855 39.886 4 0 1768.76449776304 21.8219889836652 "LDA" 21 1000 4.89393939393939
1897.31658291457 40.159 5 0 1809.91111737376 21.8496481922736 "LDA" 21 1000 4.92929292929293
1977.2824120603 40.503 5 0 1864.17535985107 21.9078969083513 "LDA" 21 1000 4.96464646464646
2045.34944612286 40.838 7 0 1896.90845515542 21.9836083260923 "LDA" 21 1000 5
35.137 10.776 0 0 33.385548158235 7.18466724653574 "uLSIF" 21 1000 1.5
37.363 11.123 0 0 35.1540757244454 7.54365811644309 "uLSIF" 21 1000 1.53535353535354
39.117 11.598 0 0 36.6196437627308 8.05203273908094 "uLSIF" 21 1000 1.57070707070707
41.279 11.93 0 0 38.1396879220949 8.24154251478587 "uLSIF" 21 1000 1.60606060606061
43.287 12.275 0 0 40.5884719477718 8.52713827066778 "uLSIF" 21 1000 1.64141414141414
44.883 12.577 0 0 41.704419065245 8.78790636604068 "uLSIF" 21 1000 1.67676767676768
46.743 12.811 0 0 42.9181887073758 8.98041908414785 "uLSIF" 21 1000 1.71212121212121
49.058 13.265 0 0 45.9359417748972 9.34741403539766 "uLSIF" 21 1000 1.74747474747475
51.901 13.628 0 0 48.4359085414554 9.51389142938525 "uLSIF" 21 1000 1.78282828282828
54.475 14.057 0 0 51.5914629958684 9.80938198741261 "uLSIF" 21 1000 1.81818181818182
57.652 14.287 0 0 54.1083228958966 9.93989096682818 "uLSIF" 21 1000 1.85353535353535
61.447 14.657 0 0 57.0726771886643 10.1494020198907 "uLSIF" 21 1000 1.88888888888889
64.572 14.932 0 0 59.7861622886199 10.2511688339653 "uLSIF" 21 1000 1.92424242424242
67.245 15.264 0 0 62.3338951894512 10.2654607146335 "uLSIF" 21 1000 1.95959595959596
71.702 15.607 0 0 67.085480229761 10.3858758618336 "uLSIF" 21 1000 1.99494949494949
75.816 16.031 0 0 71.8540405763458 10.9254475608281 "uLSIF" 21 1000 2.03030303030303
79.246 16.345 0 0 74.9135336339271 11.1319313191779 "uLSIF" 21 1000 2.06565656565657
83.657 16.758 0 0 78.9739592349101 11.4494771289577 "uLSIF" 21 1000 2.1010101010101
88.007 17.11 0 0 83.2909619066519 11.6753678406384 "uLSIF" 21 1000 2.13636363636364
91.462 17.408 0 0 86.0437335317342 11.8313785129848 "uLSIF" 21 1000 2.17171717171717
95.194 17.76 0 0 88.1834263378367 12.186915972506 "uLSIF" 21 1000 2.20707070707071
98.072 18.121 0 0 90.3830510212612 12.4410264101536 "uLSIF" 21 1000 2.24242424242424
102.375 18.497 0 0 94.6366232780178 12.6441237286284 "uLSIF" 21 1000 2.27777777777778
105.451 18.788 0 0 96.9187951423863 12.7868901833308 "uLSIF" 21 1000 2.31313131313131
108.254 19.045 0 0 100.515495565852 12.8901175374831 "uLSIF" 21 1000 2.34848484848485
113.083 19.447 0 0 105.024140944743 13.0137061418932 "uLSIF" 21 1000 2.38383838383838
119.688 19.794 0 0 114.502084624619 13.1748677845791 "uLSIF" 21 1000 2.41919191919192
125.326 20.106 0 0 119.850990750949 13.3163091015524 "uLSIF" 21 1000 2.45454545454545
130.959 20.428 0 0 126.181698911293 13.3756391893518 "uLSIF" 21 1000 2.48989898989899
137.677 20.839 0 0 130.992930415419 13.7298065021539 "uLSIF" 21 1000 2.52525252525253
144.683 21.323 0 0 141.472021417112 14.3056395286028 "uLSIF" 21 1000 2.56060606060606
148.207 21.679 0 0 143.817515027303 14.5416442818004 "uLSIF" 21 1000 2.5959595959596
154.872 21.954 0 0 148.512914259002 14.585150345835 "uLSIF" 21 1000 2.63131313131313
160.362 22.21 0 0 152.040222261036 14.6402266456581 "uLSIF" 21 1000 2.66666666666667
167.096 22.562 0 0 156.094645399265 14.7129407878448 "uLSIF" 21 1000 2.7020202020202
172.497 22.94 0 0 159.014979655235 14.8201226727729 "uLSIF" 21 1000 2.73737373737374
179.412 23.251 0 0 163.898862391089 15.0742572696711 "uLSIF" 21 1000 2.77272727272727
184.719 23.624 0 0 166.750315462091 15.2276888104041 "uLSIF" 21 1000 2.80808080808081
194.241 23.971 0 0 176.076943433855 15.3857362475729 "uLSIF" 21 1000 2.84343434343434
201.714 24.281 0 0 180.893583890343 15.5604680895906 "uLSIF" 21 1000 2.87878787878788
209.574 24.735 0 0 187.87865475597 15.9079174261384 "uLSIF" 21 1000 2.91414141414141
215.667 25.09 0 0 190.422653321231 16.1351244879685 "uLSIF" 21 1000 2.94949494949495
223.255 25.493 0 0 197.450598159929 16.3212234018573 "uLSIF" 21 1000 2.98484848484848
233.696 26.044 0 0 212.701343308982 16.9783488104211 "uLSIF" 21 1000 3.02020202020202
239.651 26.375 0 0 215.472154693938 17.1041201447466 "uLSIF" 21 1000 3.05555555555556
250.297 26.861 0 0 226.939084644182 17.5949214337621 "uLSIF" 21 1000 3.09090909090909
256.11 27.527 0 0 230.171289961895 18.1742007409562 "uLSIF" 21 1000 3.12626262626263
263.578 27.987 0 0 235.272206022996 18.5710450625352 "uLSIF" 21 1000 3.16161616161616
269.923 28.454 0 0 237.03075464937 18.9013000384403 "uLSIF" 21 1000 3.1969696969697
277.043 28.869 0 0 241.481586270066 19.1319594101302 "uLSIF" 21 1000 3.23232323232323
290.459 29.252 0 0 261.151397414165 19.3599406843953 "uLSIF" 21 1000 3.26767676767677
304.771 29.635 0 0 275.184521875923 19.9603655074548 "uLSIF" 21 1000 3.3030303030303
318.91 29.845 0 0 286.398788695354 19.9488077320408 "uLSIF" 21 1000 3.33838383838384
327.591 30.381 0 0 291.02524187845 20.2837686407203 "uLSIF" 21 1000 3.37373737373737
336.564 30.802 0 0 299.428691753889 20.5392954762002 "uLSIF" 21 1000 3.40909090909091
351.754 31.166 0 0 316.484637873642 20.6002624938328 "uLSIF" 21 1000 3.44444444444444
370.355 31.877 0 0 337.389992415279 21.444246937739 "uLSIF" 21 1000 3.47979797979798
384.206 32.296 0 0 354.799199598922 21.8366486261794 "uLSIF" 21 1000 3.51515151515152
395.171 32.546 0 0 359.758098795077 22.0562091112766 "uLSIF" 21 1000 3.55050505050505
414.147 33.01 0 0 380.283011137179 22.2577021569008 "uLSIF" 21 1000 3.58585858585859
427.498 33.337 0 0 398.532144081084 22.3556974440121 "uLSIF" 21 1000 3.62121212121212
441.228 33.73 0 0 416.98752332727 22.4592412498178 "uLSIF" 21 1000 3.65656565656566
460.386 33.984 0 0 441.663443813954 22.5024466248474 "uLSIF" 21 1000 3.69191919191919
475.749 34.571 0 0 452.529476306158 23.1320135104804 "uLSIF" 21 1000 3.72727272727273
497.666 35.075 0 0 474.976411030101 23.3646159882905 "uLSIF" 21 1000 3.76262626262626
511.541 35.517 0 0 491.779144582246 23.7882658592969 "uLSIF" 21 1000 3.7979797979798
529.805 35.838 0 0 507.845811583933 23.8975071262014 "uLSIF" 21 1000 3.83333333333333
542.485 36.251 0 0 520.607118225007 23.9950361691905 "uLSIF" 21 1000 3.86868686868687
562.178 36.641 0 0 542.623933354445 24.1420578650197 "uLSIF" 21 1000 3.9040404040404
589.769 36.909 0 0 564.964145875758 24.1624200265938 "uLSIF" 21 1000 3.93939393939394
614.244 37.39 0 0 591.816399836229 24.4290130106944 "uLSIF" 21 1000 3.97474747474747
635.639 37.636 0 0 620.788604252825 24.5358005679356 "uLSIF" 21 1000 4.01010101010101
661.674 38.103 0 0 633.554558900102 24.7554685720999 "uLSIF" 21 1000 4.04545454545454
687.176 38.547 0 0 676.066346395625 25.0915399363287 "uLSIF" 21 1000 4.08080808080808
715.221 39.056 0 0 709.629377924148 25.2943604123265 "uLSIF" 21 1000 4.11616161616162
737.059 39.431 0 0 723.120959065937 25.5599403275819 "uLSIF" 21 1000 4.15151515151515
771.254 39.757 0 0 753.200179231255 25.6609515691729 "uLSIF" 21 1000 4.18686868686869
789.755 40.15 0 0 761.064544053404 25.8026214806805 "uLSIF" 21 1000 4.22222222222222
818.407 40.507 0 0 799.022738529817 25.9789695303308 "uLSIF" 21 1000 4.25757575757576
853.851 40.887 0 0 829.205608241852 26.2187271363934 "uLSIF" 21 1000 4.29292929292929
892.374 41.333 0 0 875.718856505694 26.5789870678616 "uLSIF" 21 1000 4.32828282828283
921.124 41.739 0 0 896.272064854327 26.6898337616821 "uLSIF" 21 1000 4.36363636363636
944.73 42.199 0 0 914.521499294944 26.8093293302749 "uLSIF" 21 1000 4.3989898989899
986.699 42.598 0 0 972.508022719223 26.8584767582559 "uLSIF" 21 1000 4.43434343434343
1016.231 43.056 0 0 997.115019444097 26.9437716519204 "uLSIF" 21 1000 4.46969696969697
1046.757 43.438 0 0 1029.06990667487 27.183286907346 "uLSIF" 21 1000 4.50505050505051
1098.375 43.735 0 0 1083.63635419043 27.514974992699 "uLSIF" 21 1000 4.54040404040404
1142.326 44.288 0 0 1128.19112163274 27.9293233556258 "uLSIF" 21 1000 4.57575757575758
1175.237 44.789 0 0 1158.66945490797 28.0566864874785 "uLSIF" 21 1000 4.61111111111111
1205.603 44.98 0 0 1210.36073817169 28.0949982902461 "uLSIF" 21 1000 4.64646464646465
1248.066 45.275 0 0 1253.65164942344 28.144830902077 "uLSIF" 21 1000 4.68181818181818
1275.84 45.587 0 0 1263.0660696481 28.1986452616893 "uLSIF" 21 1000 4.71717171717172
1308.518 45.936 0 0 1278.88082080772 28.1983519208313 "uLSIF" 21 1000 4.75252525252525
1350.387 46.243 0 0 1322.00447316114 28.332360891279 "uLSIF" 21 1000 4.78787878787879
1389.894 46.781 0 0 1341.85566115711 28.3982305522457 "uLSIF" 21 1000 4.82323232323232
1450.688 47.055 0 0 1414.15128982953 28.457016301376 "uLSIF" 21 1000 4.85858585858586
1488.85685685686 47.588 1 0 1455.80367192589 28.8434776371055 "uLSIF" 21 1000 4.89393939393939
1551.1951951952 48.037 1 0 1511.87346218798 29.1915017560723 "uLSIF" 21 1000 4.92929292929293
1580.36810431294 48.27 3 0 1546.5327374283 29.2768891147307 "uLSIF" 21 1000 4.96464646464646
1668.65797392177 48.734 3 0 1618.03310376166 29.5618529044975 "uLSIF" 21 1000 5
