67.503 17.839 0 0 62.1117046526245 13.6899413254219 "LDA" 6 200 1.5
72.511 18.332 0 0 68.3783992535982 14.1249173197329 "LDA" 6 200 1.53535353535354
77.056 18.918 0 0 74.4469288097851 14.4718592693099 "LDA" 6 200 1.57070707070707
81.514 19.592 0 0 77.9730312197595 14.9169719464794 "LDA" 6 200 1.60606060606061
86.985 20.299 0 0 81.8847475839481 15.5520244490698 "LDA" 6 200 1.64141414141414
93.905 20.881 0 0 87.1865440791667 15.7814414073269 "LDA" 6 200 1.67676767676768
100.368 21.645 0 0 94.1081235330666 16.9019126033017 "LDA" 6 200 1.71212121212121
105.846 22.126 0 0 98.1344927263736 17.0509489137367 "LDA" 6 200 1.74747474747475
112.03 22.686 0 0 105.132001968182 17.5198272921952 "LDA" 6 200 1.78282828282828
117.694 23.087 0 0 111.671083073438 17.8184996542899 "LDA" 6 200 1.81818181818182
125.202 23.485 0 0 116.939368956789 18.093843211495 "LDA" 6 200 1.85353535353535
131.302 24.179 0 0 124.458598492586 18.5086879743144 "LDA" 6 200 1.88888888888889
137.772 24.934 0 0 130.409695593176 19.7270575809166 "LDA" 6 200 1.92424242424242
145.163 25.694 0 0 137.863427912394 20.4936173564442 "LDA" 6 200 1.95959595959596
152.507 26.204 0 0 145.165040005643 20.7591745338616 "LDA" 6 200 1.99494949494949
159.788 26.959 0 0 150.626735573302 21.3246819685795 "LDA" 6 200 2.03030303030303
167.955 27.646 0 0 160.04412234161 21.6571400631689 "LDA" 6 200 2.06565656565657
179.017 28.288 0 0 168.327070650308 22.1556297118346 "LDA" 6 200 2.1010101010101
187.513 28.976 0 0 176.415680491626 22.4718581432068 "LDA" 6 200 2.13636363636364
198.683 29.603 0 0 188.873570773512 22.7744168984645 "LDA" 6 200 2.17171717171717
207.543 30.222 0 0 192.861898421806 23.0543752945123 "LDA" 6 200 2.20707070707071
217.082 31.07 0 0 202.355204788275 23.6590543101547 "LDA" 6 200 2.24242424242424
227.887 31.652 0 0 213.182792772152 24.2265520002707 "LDA" 6 200 2.27777777777778
239.988 32.208 0 0 227.255276763416 24.3683103753738 "LDA" 6 200 2.31313131313131
258.128 32.994 0 0 254.360938634656 24.6494535347046 "LDA" 6 200 2.34848484848485
271.833 33.715 0 0 269.945612568059 24.9506374529652 "LDA" 6 200 2.38383838383838
286.337 34.326 0 0 280.12430286581 25.2783052580017 "LDA" 6 200 2.41919191919192
297.56 34.842 0 0 289.540691807235 25.4357625011324 "LDA" 6 200 2.45454545454545
316.721 35.405 0 0 310.98500419125 25.5477525951435 "LDA" 6 200 2.48989898989899
337.667 36.015 0 0 336.637923000666 25.6569494300093 "LDA" 6 200 2.52525252525253
356.597 36.853 0 0 354.523293108304 26.3951907948607 "LDA" 6 200 2.56060606060606
368.219 37.986 0 0 361.791794187405 27.295473010132 "LDA" 6 200 2.5959595959596
382.927 38.605 0 0 372.772605063846 27.3688514378852 "LDA" 6 200 2.63131313131313
402.974 39.483 0 0 387.152200239325 28.288194232452 "LDA" 6 200 2.66666666666667
422.823 39.971 0 0 402.559540757457 28.4371734149481 "LDA" 6 200 2.7020202020202
445.963 40.825 0 0 428.980927626471 29.2502641518492 "LDA" 6 200 2.73737373737374
464.173 41.357 0 0 444.479951739669 29.4652974659133 "LDA" 6 200 2.77272727272727
488.27 42.137 0 0 471.073001638677 29.8599371541008 "LDA" 6 200 2.80808080808081
514.673 42.888 0 0 500.696501943101 30.326145998645 "LDA" 6 200 2.84343434343434
544.315 43.957 0 0 530.659830428713 31.0330501433746 "LDA" 6 200 2.87878787878788
569.149 44.513 0 0 555.702804028741 31.1112156422525 "LDA" 6 200 2.91414141414141
605.053 45.288 0 0 609.832481790571 31.4988131717884 "LDA" 6 200 2.94949494949495
644.245 46.112 0 0 665.198921060144 32.4043129150349 "LDA" 6 200 2.98484848484848
677.791 46.81 0 0 702.68515406599 32.6665425627354 "LDA" 6 200 3.02020202020202
709.351 47.583 0 0 718.754038017294 32.8810016768235 "LDA" 6 200 3.05555555555556
739.361 48.857 0 0 739.231545564011 34.0219641561895 "LDA" 6 200 3.09090909090909
774.284 49.575 0 0 761.282999382719 34.4572441828518 "LDA" 6 200 3.12626262626263
814.001 50.235 0 0 783.517920235607 34.5777007967909 "LDA" 6 200 3.16161616161616
852.008 50.83 0 0 833.688291931765 34.7886957696513 "LDA" 6 200 3.1969696969697
882.023 51.927 0 0 857.662816016281 36.2147923117361 "LDA" 6 200 3.23232323232323
920.272 53.081 0 0 893.572551010784 37.2212554981809 "LDA" 6 200 3.26767676767677
964.232 53.648 0 0 943.693029915295 37.3108321294794 "LDA" 6 200 3.3030303030303
1013.703 54.387 0 0 988.079095563756 37.6333030240038 "LDA" 6 200 3.33838383838384
1059.085 55.015 0 0 1046.81310053058 38.0473438675471 "LDA" 6 200 3.37373737373737
1124.871 55.886 0 0 1109.18558457096 38.7651097991188 "LDA" 6 200 3.40909090909091
1190.207 56.499 0 0 1174.31101694377 38.9821447153258 "LDA" 6 200 3.44444444444444
1239.174 57.342 0 0 1223.80978101342 39.8945687106981 "LDA" 6 200 3.47979797979798
1305.95795795796 58.155 1 0 1280.39384528054 40.3016277114982 "LDA" 6 200 3.51515151515152
1377.44644644645 58.863 1 0 1348.94390402169 40.8642155817913 "LDA" 6 200 3.55050505050505
1449 59.708 1 0 1399.05442802815 41.386441905213 "LDA" 6 200 3.58585858585859
1529.54554554555 60.569 1 0 1497.65641425127 42.093528054846 "LDA" 6 200 3.62121212121212
1601.76629889669 61.402 3 0 1562.22630712915 42.3050128248428 "LDA" 6 200 3.65656565656566
1640.75100401606 62.013 4 0 1572.68745637082 43.0157550925959 "LDA" 6 200 3.69191919191919
1712.45281124498 62.598 4 0 1624.80591582584 43.1632652085482 "LDA" 6 200 3.72727272727273
1767.03413654618 63.515 4 0 1657.43512112634 43.7992939800764 "LDA" 6 200 3.76262626262626
1846.07035175879 64.05 5 0 1722.4392637125 43.7652933373113 "LDA" 6 200 3.7979797979798
1912.70967741935 65.029 8 0 1752.95237546919 44.2778125440235 "LDA" 6 200 3.83333333333333
1984.49039433771 65.891 11 0 1812.22706200127 44.7718174149167 "LDA" 6 200 3.86868686868687
2048.36815415822 67.052 14 0 1832.95368671017 45.7644587172369 "LDA" 6 200 3.9040404040404
2137.18089430894 67.603 16 0 1913.33532101983 46.2327682478549 "LDA" 6 200 3.93939393939394
2231.80792682927 68.588 16 0 1964.65633054479 46.756694113725 "LDA" 6 200 3.97474747474747
2305.96020408163 69.279 20 0 2022.04036089561 46.894010355345 "LDA" 6 200 4.01010101010101
2387.55987717503 70.254 23 0 2075.86990819886 47.9850815572096 "LDA" 6 200 4.04545454545454
2451.35758196721 70.881 24 0 2104.40746863702 48.2255175144813 "LDA" 6 200 4.08080808080808
2573.02677651905 71.707 29 0 2218.14785775654 48.6268209810051 "LDA" 6 200 4.11616161616162
2659.13857290589 72.591 33 0 2271.40044209631 49.1280294972461 "LDA" 6 200 4.15151515151515
2751.86992715921 73.35 39 0 2329.71820648015 49.3083036496776 "LDA" 6 200 4.18686868686869
2880.34796238245 74.305 43 0 2396.05092357761 49.646034118585 "LDA" 6 200 4.22222222222222
2941.87157894737 75.184 50 0 2423.49351734036 49.6307097607051 "LDA" 6 200 4.25757575757576
3033.38313767343 75.93 63 0 2479.96173707679 50.0512560104962 "LDA" 6 200 4.29292929292929
3120.16069489685 76.791 79 0 2527.00348071394 50.1072655116706 "LDA" 6 200 4.32828282828283
3178.62156215622 77.828 91 0 2551.54474974103 51.1162135069029 "LDA" 6 200 4.36363636363636
3237.54748603352 78.51 105 0 2586.41464234969 51.3264873949923 "LDA" 6 200 4.3989898989899
3277.56285390713 79.312 117 0 2618.68321648085 51.7610651345571 "LDA" 6 200 4.43434343434343
3311.30963302752 80.42 128 0 2612.922473248 53.0274599760493 "LDA" 6 200 4.46969696969697
3412.65110851809 80.795 143 0 2676.43394413876 53.0316068616285 "LDA" 6 200 4.50505050505051
3448.12930011862 81.433 157 0 2680.42967779579 53.2934677489156 "LDA" 6 200 4.54040404040404
3551.73341375151 82.321 171 0 2720.69256911867 53.5416909676158 "LDA" 6 200 4.57575757575758
3601.18404907975 82.904 185 0 2728.21959530158 53.64237399937 "LDA" 6 200 4.61111111111111
3608.50375 83.855 200 0 2719.48957102147 54.1033746650812 "LDA" 6 200 4.64646464646465
3689.44444444444 84.346 217 0 2737.90010385462 54.3855318082858 "LDA" 6 200 4.68181818181818
3728.16015625 85.223 232 0 2766.14845247835 55.1610370733819 "LDA" 6 200 4.71717171717172
3762.4151193634 86.229 246 0 2762.89123471363 55.440275821673 "LDA" 6 200 4.75252525252525
3829.91497975708 86.884 259 0 2759.66317070304 55.7567696460382 "LDA" 6 200 4.78787878787879
3916.36114911081 87.721 269 0 2756.36390241625 56.6979878022212 "LDA" 6 200 4.82323232323232
3968.52307692308 88.648 285 0 2748.45287632921 57.6038566443281 "LDA" 6 200 4.85858585858586
4005.8307254623 89.266 297 0 2744.95008150199 57.9933139979814 "LDA" 6 200 4.89393939393939
4010.90975254731 90.246 313 0 2734.76444703466 58.5280874539825 "LDA" 6 200 4.92929292929293
4027.46795827124 91.337 329 0 2727.93962736329 59.2166872346558 "LDA" 6 200 4.96464646464646
4073.68693009119 92.253 342 0 2768.6463076247 59.8142017394676 "LDA" 6 200 5
326.775 75.304 0 0 311.610242640255 68.3727315120174 "uLSIF" 6 200 1.5
357.472 78.687 0 0 345.907920559078 71.1641156929696 "uLSIF" 6 200 1.53535353535354
392.008 83.663 0 0 383.390532272559 76.864462377464 "uLSIF" 6 200 1.57070707070707
429.186 88.72 0 0 415.921189457618 82.2256204151276 "uLSIF" 6 200 1.60606060606061
461.81 92.334 0 0 448.204164274355 85.0920978064891 "uLSIF" 6 200 1.64141414141414
495.259 95.87 0 0 480.025211966125 87.8543196518047 "uLSIF" 6 200 1.67676767676768
550.903 99.889 0 0 529.641075880884 92.7175237925292 "uLSIF" 6 200 1.71212121212121
610.9 105.688 0 0 580.083225536257 99.4094205238562 "uLSIF" 6 200 1.74747474747475
665.161 112.038 0 0 640.826915957199 106.79317083661 "uLSIF" 6 200 1.78282828282828
726.968 117.978 0 0 700.917016229196 111.537240740804 "uLSIF" 6 200 1.81818181818182
783.875 123.863 0 0 755.350055988667 115.87600044219 "uLSIF" 6 200 1.85353535353535
857.111 130.84 0 0 844.04125154717 120.246470275071 "uLSIF" 6 200 1.88888888888889
940.928 134.636 0 0 920.645130477684 123.429065613567 "uLSIF" 6 200 1.92424242424242
1044.404 141.459 0 0 1016.25624009377 128.653519372954 "uLSIF" 6 200 1.95959595959596
1168.669 149.132 0 0 1144.90053833583 134.1390467383 "uLSIF" 6 200 1.99494949494949
1267.72072072072 156.715 1 0 1203.7698137976 141.968880174276 "uLSIF" 6 200 2.03030303030303
1365.17817817818 163.228 1 0 1270.18213954516 151.455064796964 "uLSIF" 6 200 2.06565656565657
1457.69269269269 170.343 1 0 1329.43471369323 158.204120979496 "uLSIF" 6 200 2.1010101010101
1567.66132264529 178.17 2 0 1431.98353624309 163.979536492784 "uLSIF" 6 200 2.13636363636364
1684.60080240722 185.81 3 0 1530.7726495918 169.547858660546 "uLSIF" 6 200 2.17171717171717
1866.20603015075 191.791 5 0 1699.54671870419 172.190431975368 "uLSIF" 6 200 2.20707070707071
1987.01611278953 201.656 7 0 1809.01902934448 180.251752719241 "uLSIF" 6 200 2.24242424242424
2148.76161616162 208.963 10 0 1965.05705650753 184.002724527746 "uLSIF" 6 200 2.27777777777778
2237.29022403259 221.021 18 0 2022.50488515736 198.635597664819 "uLSIF" 6 200 2.31313131313131
2353.34729315628 230.767 21 0 2093.43809392307 207.452961999684 "uLSIF" 6 200 2.34848484848485
2509.9681724846 242.923 26 0 2216.91094724385 219.228913210341 "uLSIF" 6 200 2.38383838383838
2666.50782064651 257.565 41 0 2288.06741612254 235.845132876856 "uLSIF" 6 200 2.41919191919192
2774.56825396825 272.929 55 0 2358.22389847679 254.805957612916 "uLSIF" 6 200 2.45454545454545
2926.41479099678 286.28 67 0 2433.67104688762 264.709687806886 "uLSIF" 6 200 2.48989898989899
3046.13318777293 298.595595595596 84 1 2474.61177167106 273.335777964854 "uLSIF" 6 200 2.52525252525253
3258.72321428571 308.45045045045 104 1 2574.61932172422 278.667663410304 "uLSIF" 6 200 2.56060606060606
3364.15349369989 329.001001001001 127 1 2616.20058250138 301.355144048826 "uLSIF" 6 200 2.5959595959596
3535.57275902212 341.548096192385 141 2 2665.44908031834 309.040484815741 "uLSIF" 6 200 2.63131313131313
3635.17899761337 352.644934804413 162 3 2698.37691095678 315.950043562315 "uLSIF" 6 200 2.66666666666667
3730.30826140567 359.667001003009 189 3 2723.7803855686 323.227243356317 "uLSIF" 6 200 2.7020202020202
3870.53376623377 372.408224674022 230 3 2789.44664255838 335.862117991542 "uLSIF" 6 200 2.73737373737374
3972.43049932524 384.768304914744 259 3 2776.1055795384 344.312392418173 "uLSIF" 6 200 2.77272727272727
4047.26217765043 402.210050251256 302 5 2787.02692443143 358.183174111792 "uLSIF" 6 200 2.80808080808081
4144.88507462687 411.658610271903 330 7 2853.22423712377 363.963341257214 "uLSIF" 6 200 2.84343434343434
4216.57165109034 424.414979757085 358 12 2879.56952635365 369.885263650439 "uLSIF" 6 200 2.87878787878788
4246.61352657005 436.430456852792 379 15 2888.00931194504 376.122357662006 "uLSIF" 6 200 2.91414141414141
4281.03395585739 449.656822810591 411 18 2884.12397991108 385.654587824888 "uLSIF" 6 200 2.94949494949495
4305.66245487365 462.683673469388 446 20 2875.68231886938 397.417362092189 "uLSIF" 6 200 2.98484848484848
4377.82674199623 481.710929519918 469 21 2895.47455427488 413.769945358601 "uLSIF" 6 200 3.02020202020202
4366.136 503.326864147089 500 21 2891.69271933761 427.635850529335 "uLSIF" 6 200 3.05555555555556
4425.73987206823 524.358895705521 531 22 2896.15951281035 442.866720893003 "uLSIF" 6 200 3.09090909090909
4538.34090909091 535.516957862282 560 27 2920.50084670235 448.658433429076 "uLSIF" 6 200 3.12626262626263
4539.88544152745 551.347150259067 581 35 2922.71918947564 452.764696090126 "uLSIF" 6 200 3.16161616161616
4508.93733681462 562.934031413613 617 45 2945.42755698477 456.561614924207 "uLSIF" 6 200 3.1969696969697
4522.52354570637 578.354056902002 639 51 2952.86747927138 465.558132257914 "uLSIF" 6 200 3.23232323232323
4484.30088495575 582.05838641189 661 58 2920.59183296169 463.776701313166 "uLSIF" 6 200 3.26767676767677
4506.72641509434 595.261752136752 682 64 2899.20448198902 470.149068260061 "uLSIF" 6 200 3.3030303030303
4452.05704697987 608.17259978425 702 73 2903.64087716371 474.724296915705 "uLSIF" 6 200 3.33838383838384
4455.10600706714 622.51795429815 717 81 2900.83946569677 483.179675207372 "uLSIF" 6 200 3.37373737373737
4448.06201550388 635.777049180328 742 85 2893.27703949475 488.809394548796 "uLSIF" 6 200 3.40909090909091
4553.17768595041 645.259381898455 758 94 2853.78461341233 491.02383964501 "uLSIF" 6 200 3.44444444444444
4591.82969432314 654.472625698324 771 105 2878.76908268014 493.039476253843 "uLSIF" 6 200 3.47979797979798
4507.36945812808 666.055304740406 797 114 2797.55243033061 492.717627262072 "uLSIF" 6 200 3.51515151515152
4488.63440860215 676.463553530752 814 122 2801.90182047237 496.759451334326 "uLSIF" 6 200 3.55050505050505
4445.39548022599 695.11123853211 823 128 2807.66004190118 503.22177197622 "uLSIF" 6 200 3.58585858585859
4393.59627329193 706.756097560976 839 139 2807.30319964482 508.546518395968 "uLSIF" 6 200 3.62121212121212
4375.21088435374 717.916861826698 853 146 2810.26736950417 514.396810507458 "uLSIF" 6 200 3.65656565656566
4458.6204379562 725.229116945107 863 162 2846.00541557137 514.148559029534 "uLSIF" 6 200 3.69191919191919
4555.15625 730.626520681265 872 178 2809.17506998387 514.898157381483 "uLSIF" 6 200 3.72727272727273
4422.95798319328 731.588669950739 881 188 2756.35160912662 513.400402836091 "uLSIF" 6 200 3.76262626262626
4417.33035714286 745.435929648241 888 204 2773.26683605004 516.983692226545 "uLSIF" 6 200 3.7979797979798
4430.70707070707 759.260482846252 901 213 2806.87845811374 523.012386311634 "uLSIF" 6 200 3.83333333333333
4398.15555555556 771.667529107374 910 227 2826.23363105889 526.731764520763 "uLSIF" 6 200 3.86868686868687
4363.06172839506 773.876478318003 919 239 2782.51231958494 524.297728782539 "uLSIF" 6 200 3.9040404040404
4406.58108108108 783.034759358289 926 252 2745.54692012285 525.048626671684 "uLSIF" 6 200 3.93939393939394
4362.22580645161 789.867567567568 938 260 2738.754434011 526.900954379612 "uLSIF" 6 200 3.97474747474747
4437.33898305085 800.050684931507 941 270 2770.19051759964 529.613495124168 "uLSIF" 6 200 4.01010101010101
4277.05555555556 814.120111731844 946 284 2653.21351910988 533.060554518681 "uLSIF" 6 200 4.04545454545454
4405.28571428571 825.25746799431 951 297 2719.83404058655 532.301240139433 "uLSIF" 6 200 4.08080808080808
4321.14285714286 836.698550724638 958 310 2721.54974297445 534.320931836089 "uLSIF" 6 200 4.11616161616162
4076.88888888889 840.989583333333 964 328 2669.1500496041 536.126679603652 "uLSIF" 6 200 4.15151515151515
4206.60606060606 849.347432024169 967 338 2705.99650012932 533.302277653518 "uLSIF" 6 200 4.18686868686869
4105.5 852.935185185185 970 352 2632.97443902362 536.398723755606 "uLSIF" 6 200 4.22222222222222
4041.42857142857 860.126382306477 972 367 2631.15088786428 535.679344929892 "uLSIF" 6 200 4.25757575757576
4000.92 865.89694041868 975 379 2747.52060835462 538.796905606021 "uLSIF" 6 200 4.29292929292929
3777.04347826087 866.696013289037 977 398 2749.52624808944 536.83171955978 "uLSIF" 6 200 4.32828282828283
3876.65 877.330508474576 980 410 2882.54352731092 536.767737156113 "uLSIF" 6 200 4.36363636363636
4169.66666666667 894.92469352014 982 429 2880.54226921007 538.440802528706 "uLSIF" 6 200 4.3989898989899
4517.875 900.43161634103 984 437 2846.012318432 536.311815269733 "uLSIF" 6 200 4.43434343434343
4347.06666666667 905.967093235832 985 453 2859.7111858834 534.844829449771 "uLSIF" 6 200 4.46969696969697
4348.13333333333 906.045368620038 985 471 2860.59401590116 531.766419072267 "uLSIF" 6 200 4.50505050505051
4348.33333333333 906.096711798839 985 483 2860.42633352509 530.738912229246 "uLSIF" 6 200 4.54040404040404
4348.66666666667 910.94674556213 985 493 2860.21259616101 527.784577644579 "uLSIF" 6 200 4.57575757575758
4349.2 914.795131845842 985 507 2860.25334042783 529.604769624267 "uLSIF" 6 200 4.61111111111111
4512.30769230769 912.44375 987 520 2996.26170932534 530.403943598325 "uLSIF" 6 200 4.64646464646465
4777.66666666667 923.118534482759 988 536 2966.06780812986 532.547402002182 "uLSIF" 6 200 4.68181818181818
4121.8 936.18281938326 990 546 2658.28657430141 537.868452339469 "uLSIF" 6 200 4.71717171717172
4299.44444444444 940.280898876405 991 555 2755.67006874513 539.181870834905 "uLSIF" 6 200 4.75252525252525
3909.875 944.697459584296 992 567 2666.6287672158 540.438169638179 "uLSIF" 6 200 4.78787878787879
3910.25 960.314420803782 992 577 2666.90911249066 539.754528159167 "uLSIF" 6 200 4.82323232323232
3910.5 960.250620347394 992 597 2666.86605802177 539.645999885481 "uLSIF" 6 200 4.85858585858586
4247.28571428571 965.442455242967 993 609 2690.71903118142 541.155649572954 "uLSIF" 6 200 4.89393939393939
3688.16666666667 972.114973262032 994 626 2462.11375989548 538.701561910387 "uLSIF" 6 200 4.92929292929293
4358.2 988.772222222222 995 640 2062.89534392804 536.181732698651 "uLSIF" 6 200 4.96464646464646
4358.4 1003.76857142857 995 650 2063.01946185682 535.090706110526 "uLSIF" 6 200 5
