141.23 13.71 0 0 "KDE LDA" 14 800 2.4
141.92 13.745 0 0 "KDE LDA" 14 800 2.41010101010101
141.945 13.755 0 0 "KDE LDA" 14 800 2.42020202020202
141.945 13.755 0 0 "KDE LDA" 14 800 2.43030303030303
142.04 13.77 0 0 "KDE LDA" 14 800 2.44040404040404
143.595 13.965 0 0 "KDE LDA" 14 800 2.45050505050505
143.72 13.99 0 0 "KDE LDA" 14 800 2.46060606060606
144.64 14.04 0 0 "KDE LDA" 14 800 2.47070707070707
144.92 14.05 0 0 "KDE LDA" 14 800 2.48080808080808
145.3 14.11 0 0 "KDE LDA" 14 800 2.49090909090909
147.12 14.11 0 0 "KDE LDA" 14 800 2.5010101010101
147.45 14.125 0 0 "KDE LDA" 14 800 2.51111111111111
147.765 14.235 0 0 "KDE LDA" 14 800 2.52121212121212
156.35 14.45 0 0 "KDE LDA" 14 800 2.53131313131313
157.84 14.495 0 0 "KDE LDA" 14 800 2.54141414141414
160.615 14.54 0 0 "KDE LDA" 14 800 2.55151515151515
162.54 14.575 0 0 "KDE LDA" 14 800 2.56161616161616
162.56 14.695 0 0 "KDE LDA" 14 800 2.57171717171717
163.72 14.8 0 0 "KDE LDA" 14 800 2.58181818181818
163.965 14.84 0 0 "KDE LDA" 14 800 2.59191919191919
167.1 14.945 0 0 "KDE LDA" 14 800 2.6020202020202
167.115 14.945 0 0 "KDE LDA" 14 800 2.61212121212121
169.045 15.085 0 0 "KDE LDA" 14 800 2.62222222222222
170.705 15.105 0 0 "KDE LDA" 14 800 2.63232323232323
171.75 15.135 0 0 "KDE LDA" 14 800 2.64242424242424
172.74 15.175 0 0 "KDE LDA" 14 800 2.65252525252525
177.555 15.28 0 0 "KDE LDA" 14 800 2.66262626262626
195.725 15.45 0 0 "KDE LDA" 14 800 2.67272727272727
198.47 15.51 0 0 "KDE LDA" 14 800 2.68282828282828
198.475 15.7 0 0 "KDE LDA" 14 800 2.69292929292929
200.55 15.71 0 0 "KDE LDA" 14 800 2.7030303030303
201.215 15.72 0 0 "KDE LDA" 14 800 2.71313131313131
204.42 15.815 0 0 "KDE LDA" 14 800 2.72323232323232
204.895 15.835 0 0 "KDE LDA" 14 800 2.73333333333333
211.41 16.145 0 0 "KDE LDA" 14 800 2.74343434343434
216.715 16.26 0 0 "KDE LDA" 14 800 2.75353535353535
218.23 16.285 0 0 "KDE LDA" 14 800 2.76363636363636
219.83 16.605 0 0 "KDE LDA" 14 800 2.77373737373737
222.865 16.795 0 0 "KDE LDA" 14 800 2.78383838383838
231.05 16.875 0 0 "KDE LDA" 14 800 2.79393939393939
286.27 17.69 0 0 "KDE LDA" 14 800 2.8040404040404
286.71 17.695 0 0 "KDE LDA" 14 800 2.81414141414141
292 17.97 0 0 "KDE LDA" 14 800 2.82424242424242
303.98 18 0 0 "KDE LDA" 14 800 2.83434343434343
304.01 18.09 0 0 "KDE LDA" 14 800 2.84444444444444
307.4 18.09 0 0 "KDE LDA" 14 800 2.85454545454545
308.005 18.16 0 0 "KDE LDA" 14 800 2.86464646464646
309.005 18.165 0 0 "KDE LDA" 14 800 2.87474747474747
309.005 18.185 0 0 "KDE LDA" 14 800 2.88484848484848
309.03 18.19 0 0 "KDE LDA" 14 800 2.89494949494949
311.9 18.21 0 0 "KDE LDA" 14 800 2.90505050505051
313.32 18.37 0 0 "KDE LDA" 14 800 2.91515151515152
315.695 18.375 0 0 "KDE LDA" 14 800 2.92525252525253
315.71 18.52 0 0 "KDE LDA" 14 800 2.93535353535354
320.025 18.575 0 0 "KDE LDA" 14 800 2.94545454545455
322.635 18.65 0 0 "KDE LDA" 14 800 2.95555555555556
325.685 18.705 0 0 "KDE LDA" 14 800 2.96565656565657
335.835 18.76 0 0 "KDE LDA" 14 800 2.97575757575758
336.98 18.81 0 0 "KDE LDA" 14 800 2.98585858585859
336.995 18.81 0 0 "KDE LDA" 14 800 2.9959595959596
337.48 18.815 0 0 "KDE LDA" 14 800 3.00606060606061
341.095 18.96 0 0 "KDE LDA" 14 800 3.01616161616162
341.56 19.105 0 0 "KDE LDA" 14 800 3.02626262626263
342.605 19.115 0 0 "KDE LDA" 14 800 3.03636363636364
346.625 19.19 0 0 "KDE LDA" 14 800 3.04646464646465
348.335 19.205 0 0 "KDE LDA" 14 800 3.05656565656566
348.35 19.22 0 0 "KDE LDA" 14 800 3.06666666666667
351.805 19.225 0 0 "KDE LDA" 14 800 3.07676767676768
356.235 19.28 0 0 "KDE LDA" 14 800 3.08686868686869
363.315 19.445 0 0 "KDE LDA" 14 800 3.0969696969697
363.325 19.51 0 0 "KDE LDA" 14 800 3.10707070707071
365.8 19.585 0 0 "KDE LDA" 14 800 3.11717171717172
369.47 19.625 0 0 "KDE LDA" 14 800 3.12727272727273
371.58 19.695 0 0 "KDE LDA" 14 800 3.13737373737374
377.035 19.76 0 0 "KDE LDA" 14 800 3.14747474747475
377.04 19.77 0 0 "KDE LDA" 14 800 3.15757575757576
377.065 19.77 0 0 "KDE LDA" 14 800 3.16767676767677
377.705 19.79 0 0 "KDE LDA" 14 800 3.17777777777778
386.145 19.845 0 0 "KDE LDA" 14 800 3.18787878787879
390.245 19.87 0 0 "KDE LDA" 14 800 3.1979797979798
391.41 20.165 0 0 "KDE LDA" 14 800 3.20808080808081
395.765 20.2 0 0 "KDE LDA" 14 800 3.21818181818182
417.11 20.66 0 0 "KDE LDA" 14 800 3.22828282828283
422.56 20.75 0 0 "KDE LDA" 14 800 3.23838383838384
424.01 20.785 0 0 "KDE LDA" 14 800 3.24848484848485
424.575 20.87 0 0 "KDE LDA" 14 800 3.25858585858586
427.485 20.885 0 0 "KDE LDA" 14 800 3.26868686868687
431.63 21.115 0 0 "KDE LDA" 14 800 3.27878787878788
439.25 21.35 0 0 "KDE LDA" 14 800 3.28888888888889
439.25 21.38 0 0 "KDE LDA" 14 800 3.2989898989899
439.26 21.405 0 0 "KDE LDA" 14 800 3.30909090909091
446.605 21.42 0 0 "KDE LDA" 14 800 3.31919191919192
446.61 21.445 0 0 "KDE LDA" 14 800 3.32929292929293
446.615 21.765 0 0 "KDE LDA" 14 800 3.33939393939394
463.14 21.84 0 0 "KDE LDA" 14 800 3.34949494949495
540.32 22.8 0 0 "KDE LDA" 14 800 3.35959595959596
540.38 22.85 0 0 "KDE LDA" 14 800 3.36969696969697
544.045 22.875 0 0 "KDE LDA" 14 800 3.37979797979798
557.8 23.155 0 0 "KDE LDA" 14 800 3.38989898989899
563.515 23.18 0 0 "KDE LDA" 14 800 3.4
225.445 18.41 0 0 "KDE QDA" 14 800 4.3
226.66 18.42 0 0 "KDE QDA" 14 800 4.31010101010101
227.26 18.505 0 0 "KDE QDA" 14 800 4.32020202020202
227.27 18.51 0 0 "KDE QDA" 14 800 4.33030303030303
228.615 18.58 0 0 "KDE QDA" 14 800 4.34040404040404
234.905 18.84 0 0 "KDE QDA" 14 800 4.35050505050505
234.92 18.845 0 0 "KDE QDA" 14 800 4.36060606060606
236.75 18.915 0 0 "KDE QDA" 14 800 4.37070707070707
240.715 18.915 0 0 "KDE QDA" 14 800 4.38080808080808
240.715 18.95 0 0 "KDE QDA" 14 800 4.39090909090909
245.86 19.04 0 0 "KDE QDA" 14 800 4.4010101010101
245.94 19.055 0 0 "KDE QDA" 14 800 4.41111111111111
246.09 19.06 0 0 "KDE QDA" 14 800 4.42121212121212
246.69 19.085 0 0 "KDE QDA" 14 800 4.43131313131313
247.465 19.105 0 0 "KDE QDA" 14 800 4.44141414141414
250.09 19.11 0 0 "KDE QDA" 14 800 4.45151515151515
253.19 19.115 0 0 "KDE QDA" 14 800 4.46161616161616
254.185 19.115 0 0 "KDE QDA" 14 800 4.47171717171717
262.67 19.32 0 0 "KDE QDA" 14 800 4.48181818181818
263.025 19.34 0 0 "KDE QDA" 14 800 4.49191919191919
263.05 19.345 0 0 "KDE QDA" 14 800 4.5020202020202
271.785 19.47 0 0 "KDE QDA" 14 800 4.51212121212121
271.825 19.495 0 0 "KDE QDA" 14 800 4.52222222222222
277.545 19.52 0 0 "KDE QDA" 14 800 4.53232323232323
280.52 19.66 0 0 "KDE QDA" 14 800 4.54242424242424
281.965 19.665 0 0 "KDE QDA" 14 800 4.55252525252525
287.695 19.665 0 0 "KDE QDA" 14 800 4.56262626262626
287.705 19.755 0 0 "KDE QDA" 14 800 4.57272727272727
293.45 19.76 0 0 "KDE QDA" 14 800 4.58282828282828
294.68 19.79 0 0 "KDE QDA" 14 800 4.59292929292929
296.005 19.825 0 0 "KDE QDA" 14 800 4.6030303030303
296.4 19.855 0 0 "KDE QDA" 14 800 4.61313131313131
296.445 19.855 0 0 "KDE QDA" 14 800 4.62323232323232
300.06 19.945 0 0 "KDE QDA" 14 800 4.63333333333333
303.53 20.15 0 0 "KDE QDA" 14 800 4.64343434343434
305.975 20.185 0 0 "KDE QDA" 14 800 4.65353535353535
308.94 20.23 0 0 "KDE QDA" 14 800 4.66363636363636
308.955 20.255 0 0 "KDE QDA" 14 800 4.67373737373737
311.105 20.275 0 0 "KDE QDA" 14 800 4.68383838383838
312.335 20.315 0 0 "KDE QDA" 14 800 4.69393939393939
315.95 20.355 0 0 "KDE QDA" 14 800 4.7040404040404
315.955 20.37 0 0 "KDE QDA" 14 800 4.71414141414141
317.2 20.495 0 0 "KDE QDA" 14 800 4.72424242424242
325.26 20.51 0 0 "KDE QDA" 14 800 4.73434343434343
328.87 20.53 0 0 "KDE QDA" 14 800 4.74444444444444
328.94 20.535 0 0 "KDE QDA" 14 800 4.75454545454545
329.29 20.55 0 0 "KDE QDA" 14 800 4.76464646464646
334.13 21.005 0 0 "KDE QDA" 14 800 4.77474747474747
334.15 21.015 0 0 "KDE QDA" 14 800 4.78484848484849
335.415 21.04 0 0 "KDE QDA" 14 800 4.79494949494949
336.435 21.12 0 0 "KDE QDA" 14 800 4.80505050505051
339.05 21.165 0 0 "KDE QDA" 14 800 4.81515151515152
342.56 21.255 0 0 "KDE QDA" 14 800 4.82525252525252
342.605 21.37 0 0 "KDE QDA" 14 800 4.83535353535354
348.92 21.375 0 0 "KDE QDA" 14 800 4.84545454545455
352.53 21.44 0 0 "KDE QDA" 14 800 4.85555555555556
357.165 21.47 0 0 "KDE QDA" 14 800 4.86565656565657
357.35 21.505 0 0 "KDE QDA" 14 800 4.87575757575758
357.475 21.505 0 0 "KDE QDA" 14 800 4.88585858585859
357.485 21.525 0 0 "KDE QDA" 14 800 4.8959595959596
368.745 21.75 0 0 "KDE QDA" 14 800 4.90606060606061
369.64 21.765 0 0 "KDE QDA" 14 800 4.91616161616162
371.015 21.845 0 0 "KDE QDA" 14 800 4.92626262626263
373.505 21.9 0 0 "KDE QDA" 14 800 4.93636363636364
373.645 21.915 0 0 "KDE QDA" 14 800 4.94646464646465
373.975 21.94 0 0 "KDE QDA" 14 800 4.95656565656566
374.04 21.965 0 0 "KDE QDA" 14 800 4.96666666666667
376.785 22.02 0 0 "KDE QDA" 14 800 4.97676767676768
380.115 22.03 0 0 "KDE QDA" 14 800 4.98686868686869
381.76 22.085 0 0 "KDE QDA" 14 800 4.9969696969697
384.145 22.115 0 0 "KDE QDA" 14 800 5.00707070707071
384.235 22.145 0 0 "KDE QDA" 14 800 5.01717171717172
384.255 22.15 0 0 "KDE QDA" 14 800 5.02727272727273
396.83 22.29 0 0 "KDE QDA" 14 800 5.03737373737374
396.835 22.31 0 0 "KDE QDA" 14 800 5.04747474747475
407.82 22.375 0 0 "KDE QDA" 14 800 5.05757575757576
413.41 22.52 0 0 "KDE QDA" 14 800 5.06767676767677
413.47 22.52 0 0 "KDE QDA" 14 800 5.07777777777778
416.045 22.53 0 0 "KDE QDA" 14 800 5.08787878787879
419.905 22.54 0 0 "KDE QDA" 14 800 5.0979797979798
422.955 22.57 0 0 "KDE QDA" 14 800 5.10808080808081
425.575 22.57 0 0 "KDE QDA" 14 800 5.11818181818182
430.055 22.575 0 0 "KDE QDA" 14 800 5.12828282828283
431.275 22.58 0 0 "KDE QDA" 14 800 5.13838383838384
431.715 22.585 0 0 "KDE QDA" 14 800 5.14848484848485
437.31 22.645 0 0 "KDE QDA" 14 800 5.15858585858586
437.325 22.77 0 0 "KDE QDA" 14 800 5.16868686868687
444.29 22.805 0 0 "KDE QDA" 14 800 5.17878787878788
451.545 22.81 0 0 "KDE QDA" 14 800 5.18888888888889
451.585 23.155 0 0 "KDE QDA" 14 800 5.1989898989899
451.94 23.185 0 0 "KDE QDA" 14 800 5.20909090909091
452.075 23.205 0 0 "KDE QDA" 14 800 5.21919191919192
458.775 23.235 0 0 "KDE QDA" 14 800 5.22929292929293
458.81 23.255 0 0 "KDE QDA" 14 800 5.23939393939394
458.825 23.265 0 0 "KDE QDA" 14 800 5.24949494949495
462.335 23.385 0 0 "KDE QDA" 14 800 5.25959595959596
462.79 23.395 0 0 "KDE QDA" 14 800 5.26969696969697
462.815 23.415 0 0 "KDE QDA" 14 800 5.27979797979798
462.835 23.43 0 0 "KDE QDA" 14 800 5.28989898989899
462.85 23.445 0 0 "KDE QDA" 14 800 5.3
