70.786 18.218 0 0 69.3084689476536 13.5836295220015 "LDA" 34 1000 1.5
74.368 18.709 0 0 73.2831972760673 13.7578922295023 "LDA" 34 1000 1.53535353535354
79.039 19.395 0 0 77.525813318731 14.0513492382552 "LDA" 34 1000 1.57070707070707
83.089 19.955 0 0 79.0476793752645 14.358800442591 "LDA" 34 1000 1.60606060606061
87.356 20.717 0 0 81.2580835372096 14.8068955272587 "LDA" 34 1000 1.64141414141414
91.702 21.354 0 0 84.9797078527971 15.6239813361637 "LDA" 34 1000 1.67676767676768
96.453 21.793 0 0 89.7210547121391 15.8356218039557 "LDA" 34 1000 1.71212121212121
100.714 22.331 0 0 92.2967979016764 16.0995227765805 "LDA" 34 1000 1.74747474747475
108.607 22.959 0 0 103.174248126538 16.6475962667726 "LDA" 34 1000 1.78282828282828
114.422 23.497 0 0 107.594453771942 17.0835546312481 "LDA" 34 1000 1.81818181818182
119.029 24.181 0 0 112.027042347896 17.3455789211 "LDA" 34 1000 1.85353535353535
125.07 24.754 0 0 120.037052587916 17.6829344332373 "LDA" 34 1000 1.88888888888889
130.602 25.372 0 0 124.343399008057 18.0424817347045 "LDA" 34 1000 1.92424242424242
137.059 26.072 0 0 129.125221555829 18.4456243336206 "LDA" 34 1000 1.95959595959596
145.442 26.538 0 0 138.668682980836 18.6558998335272 "LDA" 34 1000 1.99494949494949
153.224 26.896 0 0 143.976320987185 18.8509029104852 "LDA" 34 1000 2.03030303030303
159.575 27.512 0 0 149.296603614586 19.1533471410797 "LDA" 34 1000 2.06565656565657
168.196 28.047 0 0 158.803627717304 19.2172342727327 "LDA" 34 1000 2.1010101010101
178.105 28.745 0 0 166.928730828986 19.7593625253298 "LDA" 34 1000 2.13636363636364
188.913 29.319 0 0 179.008187975753 19.9472587623496 "LDA" 34 1000 2.17171717171717
197.443 29.825 0 0 186.609919385367 20.0635221215 "LDA" 34 1000 2.20707070707071
210.236 30.402 0 0 202.667432984168 20.3338599843183 "LDA" 34 1000 2.24242424242424
217.133 31.138 0 0 209.445603371787 20.8544447028413 "LDA" 34 1000 2.27777777777778
230.112 31.735 0 0 217.801816078487 21.0390926234574 "LDA" 34 1000 2.31313131313131
240.807 32.172 0 0 226.017312559407 21.1195751011343 "LDA" 34 1000 2.34848484848485
251.996 32.815 0 0 235.721417292894 21.4530885890589 "LDA" 34 1000 2.38383838383838
262.16 33.384 0 0 245.996074091577 21.7726569943265 "LDA" 34 1000 2.41919191919192
278.57 33.803 0 0 265.212821976881 21.8825738439983 "LDA" 34 1000 2.45454545454545
289.64 34.603 0 0 273.295885517951 22.7477218606578 "LDA" 34 1000 2.48989898989899
308.224 35.316 0 0 293.701151155712 23.1535792531572 "LDA" 34 1000 2.52525252525253
325.779 35.943 0 0 309.192911327888 23.7302523348547 "LDA" 34 1000 2.56060606060606
334.208 36.436 0 0 313.668265077162 23.9197838631552 "LDA" 34 1000 2.5959595959596
344.681 36.869 0 0 321.528564604853 24.1776425111589 "LDA" 34 1000 2.63131313131313
364.047 37.615 0 0 355.030347066752 24.6549110653362 "LDA" 34 1000 2.66666666666667
379.739 38.361 0 0 372.330023669225 25.0456775704904 "LDA" 34 1000 2.7020202020202
393.843 38.759 0 0 382.342927835033 25.109747478189 "LDA" 34 1000 2.73737373737374
413.403 39.336 0 0 398.472630211948 25.3954332908898 "LDA" 34 1000 2.77272727272727
438.478 40.016 0 0 423.789080440613 25.6359307407581 "LDA" 34 1000 2.80808080808081
452.74 41.001 0 0 439.6286042897 27.0193457367873 "LDA" 34 1000 2.84343434343434
468.82 41.539 0 0 456.838911862148 27.1695539835247 "LDA" 34 1000 2.87878787878788
500.363 42.157 0 0 486.918595814485 27.3294575549946 "LDA" 34 1000 2.91414141414141
524.258 42.823 0 0 510.608837390052 27.5689992694824 "LDA" 34 1000 2.94949494949495
552.223 43.562 0 0 531.625566554143 28.397122258295 "LDA" 34 1000 2.98484848484848
576.082 44.208 0 0 558.188971768705 28.9070294626126 "LDA" 34 1000 3.02020202020202
603.801 44.77 0 0 586.139820595981 28.9640123949361 "LDA" 34 1000 3.05555555555556
632.122 45.593 0 0 622.325065864781 29.2278911422056 "LDA" 34 1000 3.09090909090909
669.584 46.146 0 0 657.375009295947 29.3987579834756 "LDA" 34 1000 3.12626262626263
699.012 46.612 0 0 685.982159665526 29.4222556090645 "LDA" 34 1000 3.16161616161616
725.246 47.054 0 0 706.127346385419 29.5822953165605 "LDA" 34 1000 3.1969696969697
748.106 47.6 0 0 726.218272796646 29.7889809054184 "LDA" 34 1000 3.23232323232323
780.3 48.177 0 0 758.228036777694 29.9190712058684 "LDA" 34 1000 3.26767676767677
814.982 48.962 0 0 794.992450701686 30.6740844273379 "LDA" 34 1000 3.3030303030303
857.77 49.768 0 0 831.991440374753 31.1033695215743 "LDA" 34 1000 3.33838383838384
893.746 50.387 0 0 866.427104499514 31.4931587817108 "LDA" 34 1000 3.37373737373737
928.877 51.199 0 0 909.389133686711 32.1384236899895 "LDA" 34 1000 3.40909090909091
966.169 51.964 0 0 937.012045820657 32.3166066762441 "LDA" 34 1000 3.44444444444444
1014.594 52.692 0 0 995.062516918699 32.776263048423 "LDA" 34 1000 3.47979797979798
1055.276 53.282 0 0 1031.85194978266 32.9846397958574 "LDA" 34 1000 3.51515151515152
1089.475 53.844 0 0 1063.86437047857 33.1263190985207 "LDA" 34 1000 3.55050505050505
1143.001 54.855 0 0 1095.96635498096 33.792601481906 "LDA" 34 1000 3.58585858585859
1179.745 55.495 0 0 1122.67385404558 34.3748688231185 "LDA" 34 1000 3.62121212121212
1231.053 56.117 0 0 1180.38393178551 34.7303831034227 "LDA" 34 1000 3.65656565656566
1284.49 56.874 0 0 1228.17155612368 35.1776575626006 "LDA" 34 1000 3.69191919191919
1332.289 57.37 0 0 1261.7084114781 35.1705852960975 "LDA" 34 1000 3.72727272727273
1389.251 58.007 0 0 1322.63542083805 35.2770948977438 "LDA" 34 1000 3.76262626262626
1421.1 58.971 0 0 1338.44139257622 36.1368514266397 "LDA" 34 1000 3.7979797979798
1483.74374374374 59.677 1 0 1392.23562534197 36.4132750188389 "LDA" 34 1000 3.83333333333333
1552.10710710711 60.414 1 0 1458.43548560465 36.9937446217755 "LDA" 34 1000 3.86868686868687
1637.31331331331 61.08 1 0 1555.47436556724 37.1539232654374 "LDA" 34 1000 3.9040404040404
1703.02502502503 61.692 1 0 1638.24938164105 37.2839540449941 "LDA" 34 1000 3.93939393939394
1767.52152152152 62.456 1 0 1688.7165031892 38.3099427788103 "LDA" 34 1000 3.97474747474747
1832.8877755511 63.018 2 0 1732.24700215074 38.4141813048948 "LDA" 34 1000 4.01010101010101
1889.46840521565 63.502 3 0 1765.86981316374 38.4669950178813 "LDA" 34 1000 4.04545454545454
1997.77286432161 63.924 5 0 1843.73636111105 38.4113480062293 "LDA" 34 1000 4.08080808080808
2093.04422110553 64.428 5 0 1910.63621722759 38.4567775527246 "LDA" 34 1000 4.11616161616162
2185.84406438632 64.909 6 0 1968.30899989393 38.6924000395533 "LDA" 34 1000 4.15151515151515
2235.74167507568 65.828 9 0 1975.55178684178 39.3123374511854 "LDA" 34 1000 4.18686868686869
2287.90780141844 66.44 13 0 2005.72020334022 39.5821063505107 "LDA" 34 1000 4.22222222222222
2351.50050761421 67.341 15 0 2062.68462397367 39.9797586298379 "LDA" 34 1000 4.25757575757576
2444.76374745418 68.222 18 0 2134.62608222059 40.2054124613987 "LDA" 34 1000 4.29292929292929
2529.43237704918 69.012 24 0 2184.67788379323 40.6758451710641 "LDA" 34 1000 4.32828282828283
2605.67489711934 69.455 28 0 2232.8223154903 40.8796663651029 "LDA" 34 1000 4.36363636363636
2650.44284243048 70.003 29 0 2245.83129778739 41.1614048867656 "LDA" 34 1000 4.3989898989899
2709.29740932642 70.641 35 0 2281.90970598515 41.2630677453793 "LDA" 34 1000 4.43434343434343
2788.4315569488 71.214 43 0 2328.67013127669 41.7766860281604 "LDA" 34 1000 4.46969696969697
2895.84720758693 71.742 51 0 2384.88638214565 42.0631280665471 "LDA" 34 1000 4.50505050505051
2939.14634146341 72.423 57 0 2395.67414369427 42.2270908090789 "LDA" 34 1000 4.54040404040404
3018.5795090715 73.208 63 0 2445.92310941831 43.161993625106 "LDA" 34 1000 4.57575757575758
3074.86989247312 73.816 70 0 2465.81927276923 43.6568444125782 "LDA" 34 1000 4.61111111111111
3189.87677208288 74.558 83 0 2539.20053889402 44.0344145602694 "LDA" 34 1000 4.64646464646465
3236.64198895028 75.194 95 0 2571.16153936491 44.1050293914154 "LDA" 34 1000 4.68181818181818
3291.17056856187 75.715 103 0 2591.52451919659 44.2278631507207 "LDA" 34 1000 4.71717171717172
3382.41488162345 76.548 113 0 2626.71839257832 44.5692283095872 "LDA" 34 1000 4.75252525252525
3453.89395667047 77.105 123 0 2649.06993611215 44.6313335105611 "LDA" 34 1000 4.78787878787879
3533.37297921478 77.612 134 0 2688.15839544317 44.7657841596842 "LDA" 34 1000 4.82323232323232
3594.58226371062 78.121 143 0 2716.94411695168 44.9626066303433 "LDA" 34 1000 4.85858585858586
3649.7983490566 78.655 152 0 2722.92972222161 45.125317386909 "LDA" 34 1000 4.89393939393939
3747.08432304038 79.184 158 0 2764.4525199133 45.2117711248769 "LDA" 34 1000 4.92929292929293
3792.08373786408 79.861 176 0 2764.38792840999 45.3845726920331 "LDA" 34 1000 4.96464646464646
3868.17992656059 80.449 183 0 2772.38931879863 45.5204735532542 "LDA" 34 1000 5
NA NA 1000 1000 NA NA "uLSIF" 34 1000 1.5
NA NA 1000 1000 NA NA "uLSIF" 34 1000 1.53535353535354
NA NA 1000 1000 NA NA "uLSIF" 34 1000 1.57070707070707
NA NA 1000 1000 NA NA "uLSIF" 34 1000 1.60606060606061
NA NA 1000 1000 NA NA "uLSIF" 34 1000 1.64141414141414
NA NA 1000 1000 NA NA "uLSIF" 34 1000 1.67676767676768
NA NA 1000 1000 NA NA "uLSIF" 34 1000 1.71212121212121
NA NA 1000 1000 NA NA "uLSIF" 34 1000 1.74747474747475
NA NA 1000 1000 NA NA "uLSIF" 34 1000 1.78282828282828
NA NA 1000 1000 NA NA "uLSIF" 34 1000 1.81818181818182
NA NA 1000 1000 NA NA "uLSIF" 34 1000 1.85353535353535
NA NA 1000 1000 NA NA "uLSIF" 34 1000 1.88888888888889
NA NA 1000 1000 NA NA "uLSIF" 34 1000 1.92424242424242
NA NA 1000 1000 NA NA "uLSIF" 34 1000 1.95959595959596
NA NA 1000 1000 NA NA "uLSIF" 34 1000 1.99494949494949
NA NA 1000 1000 NA NA "uLSIF" 34 1000 2.03030303030303
NA NA 1000 1000 NA NA "uLSIF" 34 1000 2.06565656565657
NA NA 1000 1000 NA NA "uLSIF" 34 1000 2.1010101010101
NA NA 1000 1000 NA NA "uLSIF" 34 1000 2.13636363636364
NA NA 1000 1000 NA NA "uLSIF" 34 1000 2.17171717171717
NA NA 1000 1000 NA NA "uLSIF" 34 1000 2.20707070707071
NA NA 1000 1000 NA NA "uLSIF" 34 1000 2.24242424242424
NA NA 1000 1000 NA NA "uLSIF" 34 1000 2.27777777777778
NA NA 1000 1000 NA NA "uLSIF" 34 1000 2.31313131313131
NA NA 1000 1000 NA NA "uLSIF" 34 1000 2.34848484848485
NA NA 1000 1000 NA NA "uLSIF" 34 1000 2.38383838383838
NA NA 1000 1000 NA NA "uLSIF" 34 1000 2.41919191919192
NA NA 1000 1000 NA NA "uLSIF" 34 1000 2.45454545454545
NA NA 1000 1000 NA NA "uLSIF" 34 1000 2.48989898989899
NA NA 1000 1000 NA NA "uLSIF" 34 1000 2.52525252525253
NA NA 1000 1000 NA NA "uLSIF" 34 1000 2.56060606060606
NA NA 1000 1000 NA NA "uLSIF" 34 1000 2.5959595959596
NA NA 1000 1000 NA NA "uLSIF" 34 1000 2.63131313131313
NA NA 1000 1000 NA NA "uLSIF" 34 1000 2.66666666666667
NA NA 1000 1000 NA NA "uLSIF" 34 1000 2.7020202020202
NA NA 1000 1000 NA NA "uLSIF" 34 1000 2.73737373737374
NA NA 1000 1000 NA NA "uLSIF" 34 1000 2.77272727272727
NA NA 1000 1000 NA NA "uLSIF" 34 1000 2.80808080808081
NA NA 1000 1000 NA NA "uLSIF" 34 1000 2.84343434343434
NA NA 1000 1000 NA NA "uLSIF" 34 1000 2.87878787878788
NA NA 1000 1000 NA NA "uLSIF" 34 1000 2.91414141414141
NA NA 1000 1000 NA NA "uLSIF" 34 1000 2.94949494949495
NA NA 1000 1000 NA NA "uLSIF" 34 1000 2.98484848484848
NA NA 1000 1000 NA NA "uLSIF" 34 1000 3.02020202020202
NA NA 1000 1000 NA NA "uLSIF" 34 1000 3.05555555555556
NA NA 1000 1000 NA NA "uLSIF" 34 1000 3.09090909090909
NA NA 1000 1000 NA NA "uLSIF" 34 1000 3.12626262626263
NA NA 1000 1000 NA NA "uLSIF" 34 1000 3.16161616161616
NA NA 1000 1000 NA NA "uLSIF" 34 1000 3.1969696969697
NA NA 1000 1000 NA NA "uLSIF" 34 1000 3.23232323232323
NA NA 1000 1000 NA NA "uLSIF" 34 1000 3.26767676767677
NA NA 1000 1000 NA NA "uLSIF" 34 1000 3.3030303030303
NA NA 1000 1000 NA NA "uLSIF" 34 1000 3.33838383838384
NA NA 1000 1000 NA NA "uLSIF" 34 1000 3.37373737373737
NA NA 1000 1000 NA NA "uLSIF" 34 1000 3.40909090909091
NA NA 1000 1000 NA NA "uLSIF" 34 1000 3.44444444444444
NA NA 1000 1000 NA NA "uLSIF" 34 1000 3.47979797979798
NA NA 1000 1000 NA NA "uLSIF" 34 1000 3.51515151515152
NA NA 1000 1000 NA NA "uLSIF" 34 1000 3.55050505050505
NA NA 1000 1000 NA NA "uLSIF" 34 1000 3.58585858585859
NA NA 1000 1000 NA NA "uLSIF" 34 1000 3.62121212121212
NA NA 1000 1000 NA NA "uLSIF" 34 1000 3.65656565656566
NA NA 1000 1000 NA NA "uLSIF" 34 1000 3.69191919191919
NA NA 1000 1000 NA NA "uLSIF" 34 1000 3.72727272727273
NA NA 1000 1000 NA NA "uLSIF" 34 1000 3.76262626262626
NA NA 1000 1000 NA NA "uLSIF" 34 1000 3.7979797979798
NA NA 1000 1000 NA NA "uLSIF" 34 1000 3.83333333333333
NA NA 1000 1000 NA NA "uLSIF" 34 1000 3.86868686868687
NA NA 1000 1000 NA NA "uLSIF" 34 1000 3.9040404040404
NA NA 1000 1000 NA NA "uLSIF" 34 1000 3.93939393939394
NA NA 1000 1000 NA NA "uLSIF" 34 1000 3.97474747474747
NA NA 1000 1000 NA NA "uLSIF" 34 1000 4.01010101010101
NA NA 1000 1000 NA NA "uLSIF" 34 1000 4.04545454545454
NA NA 1000 1000 NA NA "uLSIF" 34 1000 4.08080808080808
NA NA 1000 1000 NA NA "uLSIF" 34 1000 4.11616161616162
NA NA 1000 1000 NA NA "uLSIF" 34 1000 4.15151515151515
NA NA 1000 1000 NA NA "uLSIF" 34 1000 4.18686868686869
NA NA 1000 1000 NA NA "uLSIF" 34 1000 4.22222222222222
NA NA 1000 1000 NA NA "uLSIF" 34 1000 4.25757575757576
NA NA 1000 1000 NA NA "uLSIF" 34 1000 4.29292929292929
NA NA 1000 1000 NA NA "uLSIF" 34 1000 4.32828282828283
NA NA 1000 1000 NA NA "uLSIF" 34 1000 4.36363636363636
NA NA 1000 1000 NA NA "uLSIF" 34 1000 4.3989898989899
NA NA 1000 1000 NA NA "uLSIF" 34 1000 4.43434343434343
NA NA 1000 1000 NA NA "uLSIF" 34 1000 4.46969696969697
NA NA 1000 1000 NA NA "uLSIF" 34 1000 4.50505050505051
NA NA 1000 1000 NA NA "uLSIF" 34 1000 4.54040404040404
NA NA 1000 1000 NA NA "uLSIF" 34 1000 4.57575757575758
NA NA 1000 1000 NA NA "uLSIF" 34 1000 4.61111111111111
NA NA 1000 1000 NA NA "uLSIF" 34 1000 4.64646464646465
NA NA 1000 1000 NA NA "uLSIF" 34 1000 4.68181818181818
NA NA 1000 1000 NA NA "uLSIF" 34 1000 4.71717171717172
NA NA 1000 1000 NA NA "uLSIF" 34 1000 4.75252525252525
NA NA 1000 1000 NA NA "uLSIF" 34 1000 4.78787878787879
NA NA 1000 1000 NA NA "uLSIF" 34 1000 4.82323232323232
NA NA 1000 1000 NA NA "uLSIF" 34 1000 4.85858585858586
NA NA 1000 1000 NA NA "uLSIF" 34 1000 4.89393939393939
NA NA 1000 1000 NA NA "uLSIF" 34 1000 4.92929292929293
NA NA 1000 1000 NA NA "uLSIF" 34 1000 4.96464646464646
NA NA 1000 1000 NA NA "uLSIF" 34 1000 5
