127.935 14.11 0 0 "KDE LDA" 134 3000 2.5
127.935 14.175 0 0 "KDE LDA" 134 3000 2.51010101010101
128.32 14.21 0 0 "KDE LDA" 134 3000 2.52020202020202
131.175 14.245 0 0 "KDE LDA" 134 3000 2.53030303030303
132.135 14.415 0 0 "KDE LDA" 134 3000 2.54040404040404
133.435 14.445 0 0 "KDE LDA" 134 3000 2.55050505050505
133.435 14.55 0 0 "KDE LDA" 134 3000 2.56060606060606
133.445 14.565 0 0 "KDE LDA" 134 3000 2.57070707070707
133.445 14.665 0 0 "KDE LDA" 134 3000 2.58080808080808
134.42 14.75 0 0 "KDE LDA" 134 3000 2.59090909090909
135.215 14.775 0 0 "KDE LDA" 134 3000 2.6010101010101
137.27 14.79 0 0 "KDE LDA" 134 3000 2.61111111111111
139.895 14.89 0 0 "KDE LDA" 134 3000 2.62121212121212
144.145 14.92 0 0 "KDE LDA" 134 3000 2.63131313131313
146.735 15.12 0 0 "KDE LDA" 134 3000 2.64141414141414
148.435 15.32 0 0 "KDE LDA" 134 3000 2.65151515151515
152.085 15.365 0 0 "KDE LDA" 134 3000 2.66161616161616
161.81 15.675 0 0 "KDE LDA" 134 3000 2.67171717171717
165.085 15.675 0 0 "KDE LDA" 134 3000 2.68181818181818
165.09 15.675 0 0 "KDE LDA" 134 3000 2.69191919191919
165.485 15.69 0 0 "KDE LDA" 134 3000 2.7020202020202
167.725 15.765 0 0 "KDE LDA" 134 3000 2.71212121212121
167.75 15.77 0 0 "KDE LDA" 134 3000 2.72222222222222
167.75 15.785 0 0 "KDE LDA" 134 3000 2.73232323232323
169.36 15.845 0 0 "KDE LDA" 134 3000 2.74242424242424
170.315 15.85 0 0 "KDE LDA" 134 3000 2.75252525252525
174.735 15.92 0 0 "KDE LDA" 134 3000 2.76262626262626
178.395 15.93 0 0 "KDE LDA" 134 3000 2.77272727272727
185.235 16.09 0 0 "KDE LDA" 134 3000 2.78282828282828
189.78 16.23 0 0 "KDE LDA" 134 3000 2.79292929292929
212.785 16.695 0 0 "KDE LDA" 134 3000 2.8030303030303
213.4 16.705 0 0 "KDE LDA" 134 3000 2.81313131313131
213.49 16.735 0 0 "KDE LDA" 134 3000 2.82323232323232
214.355 16.755 0 0 "KDE LDA" 134 3000 2.83333333333333
214.365 16.895 0 0 "KDE LDA" 134 3000 2.84343434343434
214.37 17.02 0 0 "KDE LDA" 134 3000 2.85353535353535
214.995 17.065 0 0 "KDE LDA" 134 3000 2.86363636363636
215.27 17.07 0 0 "KDE LDA" 134 3000 2.87373737373737
224.245 17.12 0 0 "KDE LDA" 134 3000 2.88383838383838
226.965 17.135 0 0 "KDE LDA" 134 3000 2.89393939393939
227.025 17.29 0 0 "KDE LDA" 134 3000 2.9040404040404
229.19 17.355 0 0 "KDE LDA" 134 3000 2.91414141414141
234.355 17.435 0 0 "KDE LDA" 134 3000 2.92424242424242
240.735 17.515 0 0 "KDE LDA" 134 3000 2.93434343434343
244.7 17.845 0 0 "KDE LDA" 134 3000 2.94444444444444
247.185 17.86 0 0 "KDE LDA" 134 3000 2.95454545454545
250.7 17.935 0 0 "KDE LDA" 134 3000 2.96464646464646
250.99 17.935 0 0 "KDE LDA" 134 3000 2.97474747474747
254.21 18.135 0 0 "KDE LDA" 134 3000 2.98484848484848
255.06 18.155 0 0 "KDE LDA" 134 3000 2.99494949494949
255.06 18.165 0 0 "KDE LDA" 134 3000 3.00505050505051
257.47 18.175 0 0 "KDE LDA" 134 3000 3.01515151515152
258.43 18.18 0 0 "KDE LDA" 134 3000 3.02525252525253
259.98 18.195 0 0 "KDE LDA" 134 3000 3.03535353535354
261.12 18.22 0 0 "KDE LDA" 134 3000 3.04545454545455
262.405 18.255 0 0 "KDE LDA" 134 3000 3.05555555555556
263.225 18.255 0 0 "KDE LDA" 134 3000 3.06565656565657
264.595 18.27 0 0 "KDE LDA" 134 3000 3.07575757575758
266.905 18.32 0 0 "KDE LDA" 134 3000 3.08585858585859
282.985 18.545 0 0 "KDE LDA" 134 3000 3.0959595959596
284.24 18.66 0 0 "KDE LDA" 134 3000 3.10606060606061
284.645 18.795 0 0 "KDE LDA" 134 3000 3.11616161616162
285.695 18.8 0 0 "KDE LDA" 134 3000 3.12626262626263
285.7 19.125 0 0 "KDE LDA" 134 3000 3.13636363636364
287.96 19.17 0 0 "KDE LDA" 134 3000 3.14646464646465
289.575 19.175 0 0 "KDE LDA" 134 3000 3.15656565656566
293.75 19.19 0 0 "KDE LDA" 134 3000 3.16666666666667
295.725 19.225 0 0 "KDE LDA" 134 3000 3.17676767676768
300.035 19.32 0 0 "KDE LDA" 134 3000 3.18686868686869
301.665 19.345 0 0 "KDE LDA" 134 3000 3.1969696969697
308.58 19.525 0 0 "KDE LDA" 134 3000 3.20707070707071
328.15 19.565 0 0 "KDE LDA" 134 3000 3.21717171717172
347.57 19.725 0 0 "KDE LDA" 134 3000 3.22727272727273
349.3 19.81 0 0 "KDE LDA" 134 3000 3.23737373737374
349.31 19.82 0 0 "KDE LDA" 134 3000 3.24747474747475
350.945 20.015 0 0 "KDE LDA" 134 3000 3.25757575757576
350.95 20.13 0 0 "KDE LDA" 134 3000 3.26767676767677
354.505 20.15 0 0 "KDE LDA" 134 3000 3.27777777777778
354.505 20.165 0 0 "KDE LDA" 134 3000 3.28787878787879
358.07 20.185 0 0 "KDE LDA" 134 3000 3.2979797979798
358.465 20.185 0 0 "KDE LDA" 134 3000 3.30808080808081
359.23 20.575 0 0 "KDE LDA" 134 3000 3.31818181818182
369.645 20.61 0 0 "KDE LDA" 134 3000 3.32828282828283
374.42 20.69 0 0 "KDE LDA" 134 3000 3.33838383838384
382.84 20.84 0 0 "KDE LDA" 134 3000 3.34848484848485
404.77 21.245 0 0 "KDE LDA" 134 3000 3.35858585858586
410.51 21.255 0 0 "KDE LDA" 134 3000 3.36868686868687
416.71 21.3 0 0 "KDE LDA" 134 3000 3.37878787878788
417.4 21.32 0 0 "KDE LDA" 134 3000 3.38888888888889
417.42 21.345 0 0 "KDE LDA" 134 3000 3.3989898989899
421.46 21.36 0 0 "KDE LDA" 134 3000 3.40909090909091
423.225 21.385 0 0 "KDE LDA" 134 3000 3.41919191919192
425.775 21.4 0 0 "KDE LDA" 134 3000 3.42929292929293
429.335 21.415 0 0 "KDE LDA" 134 3000 3.43939393939394
432.86 21.43 0 0 "KDE LDA" 134 3000 3.44949494949495
443.975 21.45 0 0 "KDE LDA" 134 3000 3.45959595959596
450.975 21.46 0 0 "KDE LDA" 134 3000 3.46969696969697
460.82 21.505 0 0 "KDE LDA" 134 3000 3.47979797979798
461.46 21.515 0 0 "KDE LDA" 134 3000 3.48989898989899
471.69 21.545 0 0 "KDE LDA" 134 3000 3.5
99.82 13.28 0 0 "KDE QDA" 134 3000 2.7
100.25 13.295 0 0 "KDE QDA" 134 3000 2.71010101010101
100.255 13.305 0 0 "KDE QDA" 134 3000 2.72020202020202
100.29 13.31 0 0 "KDE QDA" 134 3000 2.73030303030303
100.295 13.31 0 0 "KDE QDA" 134 3000 2.74040404040404
100.3 13.31 0 0 "KDE QDA" 134 3000 2.75050505050505
100.3 13.31 0 0 "KDE QDA" 134 3000 2.76060606060606
100.3 13.395 0 0 "KDE QDA" 134 3000 2.77070707070707
100.3 13.395 0 0 "KDE QDA" 134 3000 2.78080808080808
100.68 13.395 0 0 "KDE QDA" 134 3000 2.79090909090909
143.88 14.52 0 0 "KDE QDA" 134 3000 2.8010101010101
143.88 14.52 0 0 "KDE QDA" 134 3000 2.81111111111111
143.88 14.525 0 0 "KDE QDA" 134 3000 2.82121212121212
146.9 14.665 0 0 "KDE QDA" 134 3000 2.83131313131313
146.9 14.665 0 0 "KDE QDA" 134 3000 2.84141414141414
147.92 14.72 0 0 "KDE QDA" 134 3000 2.85151515151515
148.725 14.72 0 0 "KDE QDA" 134 3000 2.86161616161616
148.725 14.72 0 0 "KDE QDA" 134 3000 2.87171717171717
148.88 14.72 0 0 "KDE QDA" 134 3000 2.88181818181818
149.99 14.72 0 0 "KDE QDA" 134 3000 2.89191919191919
149.99 14.725 0 0 "KDE QDA" 134 3000 2.9020202020202
149.99 14.725 0 0 "KDE QDA" 134 3000 2.91212121212121
149.99 14.725 0 0 "KDE QDA" 134 3000 2.92222222222222
149.99 14.73 0 0 "KDE QDA" 134 3000 2.93232323232323
149.99 14.73 0 0 "KDE QDA" 134 3000 2.94242424242424
149.99 14.745 0 0 "KDE QDA" 134 3000 2.95252525252525
160.11 14.955 0 0 "KDE QDA" 134 3000 2.96262626262626
160.11 14.965 0 0 "KDE QDA" 134 3000 2.97272727272727
162.61 14.98 0 0 "KDE QDA" 134 3000 2.98282828282828
162.83 14.985 0 0 "KDE QDA" 134 3000 2.99292929292929
162.83 14.985 0 0 "KDE QDA" 134 3000 3.0030303030303
162.84 15.005 0 0 "KDE QDA" 134 3000 3.01313131313131
162.865 15.005 0 0 "KDE QDA" 134 3000 3.02323232323232
162.865 15.005 0 0 "KDE QDA" 134 3000 3.03333333333333
162.865 15.005 0 0 "KDE QDA" 134 3000 3.04343434343434
162.91 15.005 0 0 "KDE QDA" 134 3000 3.05353535353535
162.91 15.005 0 0 "KDE QDA" 134 3000 3.06363636363636
162.91 15.005 0 0 "KDE QDA" 134 3000 3.07373737373737
162.915 15.005 0 0 "KDE QDA" 134 3000 3.08383838383838
168.395 15.315 0 0 "KDE QDA" 134 3000 3.09393939393939
168.41 15.325 0 0 "KDE QDA" 134 3000 3.1040404040404
168.415 15.325 0 0 "KDE QDA" 134 3000 3.11414141414141
171.98 15.36 0 0 "KDE QDA" 134 3000 3.12424242424242
173.675 15.365 0 0 "KDE QDA" 134 3000 3.13434343434343
173.675 15.38 0 0 "KDE QDA" 134 3000 3.14444444444444
173.68 15.38 0 0 "KDE QDA" 134 3000 3.15454545454545
173.68 15.38 0 0 "KDE QDA" 134 3000 3.16464646464646
175.135 15.39 0 0 "KDE QDA" 134 3000 3.17474747474748
175.14 15.39 0 0 "KDE QDA" 134 3000 3.18484848484849
175.14 15.39 0 0 "KDE QDA" 134 3000 3.19494949494949
175.14 15.395 0 0 "KDE QDA" 134 3000 3.20505050505051
175.145 15.395 0 0 "KDE QDA" 134 3000 3.21515151515152
209.595 15.955 0 0 "KDE QDA" 134 3000 3.22525252525253
209.87 16.03 0 0 "KDE QDA" 134 3000 3.23535353535354
209.87 16.03 0 0 "KDE QDA" 134 3000 3.24545454545455
210.1 16.21 0 0 "KDE QDA" 134 3000 3.25555555555556
211.24 16.21 0 0 "KDE QDA" 134 3000 3.26565656565657
211.33 16.225 0 0 "KDE QDA" 134 3000 3.27575757575758
211.36 16.34 0 0 "KDE QDA" 134 3000 3.28585858585859
212.775 16.34 0 0 "KDE QDA" 134 3000 3.2959595959596
212.785 16.34 0 0 "KDE QDA" 134 3000 3.30606060606061
212.8 16.34 0 0 "KDE QDA" 134 3000 3.31616161616162
212.805 16.34 0 0 "KDE QDA" 134 3000 3.32626262626263
212.81 16.34 0 0 "KDE QDA" 134 3000 3.33636363636364
212.81 16.34 0 0 "KDE QDA" 134 3000 3.34646464646465
213.055 16.345 0 0 "KDE QDA" 134 3000 3.35656565656566
242.1 17.01 0 0 "KDE QDA" 134 3000 3.36666666666667
242.1 17.02 0 0 "KDE QDA" 134 3000 3.37676767676768
256.32 17.36 0 0 "KDE QDA" 134 3000 3.38686868686869
257.85 17.405 0 0 "KDE QDA" 134 3000 3.3969696969697
257.855 17.405 0 0 "KDE QDA" 134 3000 3.40707070707071
257.86 17.58 0 0 "KDE QDA" 134 3000 3.41717171717172
257.86 17.58 0 0 "KDE QDA" 134 3000 3.42727272727273
260.05 17.585 0 0 "KDE QDA" 134 3000 3.43737373737374
260.05 17.585 0 0 "KDE QDA" 134 3000 3.44747474747475
260.055 17.585 0 0 "KDE QDA" 134 3000 3.45757575757576
260.935 17.59 0 0 "KDE QDA" 134 3000 3.46767676767677
260.955 17.59 0 0 "KDE QDA" 134 3000 3.47777777777778
260.955 17.615 0 0 "KDE QDA" 134 3000 3.48787878787879
260.955 17.62 0 0 "KDE QDA" 134 3000 3.4979797979798
260.955 17.62 0 0 "KDE QDA" 134 3000 3.50808080808081
274.725 17.93 0 0 "KDE QDA" 134 3000 3.51818181818182
282.175 17.935 0 0 "KDE QDA" 134 3000 3.52828282828283
282.175 17.94 0 0 "KDE QDA" 134 3000 3.53838383838384
282.245 17.96 0 0 "KDE QDA" 134 3000 3.54848484848485
282.255 17.96 0 0 "KDE QDA" 134 3000 3.55858585858586
285.78 17.965 0 0 "KDE QDA" 134 3000 3.56868686868687
287.2 17.965 0 0 "KDE QDA" 134 3000 3.57878787878788
287.2 17.965 0 0 "KDE QDA" 134 3000 3.58888888888889
287.2 17.965 0 0 "KDE QDA" 134 3000 3.5989898989899
291.62 17.965 0 0 "KDE QDA" 134 3000 3.60909090909091
291.62 17.97 0 0 "KDE QDA" 134 3000 3.61919191919192
291.62 17.97 0 0 "KDE QDA" 134 3000 3.62929292929293
291.625 17.97 0 0 "KDE QDA" 134 3000 3.63939393939394
293.88 17.97 0 0 "KDE QDA" 134 3000 3.64949494949495
329.175 18.37 0 0 "KDE QDA" 134 3000 3.65959595959596
332.125 18.38 0 0 "KDE QDA" 134 3000 3.66969696969697
335.17 18.445 0 0 "KDE QDA" 134 3000 3.67979797979798
335.175 18.45 0 0 "KDE QDA" 134 3000 3.68989898989899
335.195 18.555 0 0 "KDE QDA" 134 3000 3.7
