28.363 0 22.2845649011335 "LDA" 39 1 3 1.5
29.39 0 22.88632088571 "LDA" 39 1 3 1.53535353535354
30.797 0 24.3227750963657 "LDA" 39 1 3 1.57070707070707
32.353 0 25.9120787824294 "LDA" 39 1 3 1.60606060606061
33.785 0 27.1597206433613 "LDA" 39 1 3 1.64141414141414
35.126 0 27.8294556648635 "LDA" 39 1 3 1.67676767676768
35.868 0 28.4652216721536 "LDA" 39 1 3 1.71212121212121
37.285 0 29.2807981472524 "LDA" 39 1 3 1.74747474747475
38.999 0 30.5628055663102 "LDA" 39 1 3 1.78282828282828
40.718 0 32.0936516850058 "LDA" 39 1 3 1.81818181818182
42.34 0 33.447348551494 "LDA" 39 1 3 1.85353535353535
43.636 0 34.261601850488 "LDA" 39 1 3 1.88888888888889
45.221 0 35.4682132782743 "LDA" 39 1 3 1.92424242424242
46.07 0 35.8518961626642 "LDA" 39 1 3 1.95959595959596
48.211 0 38.4890619122743 "LDA" 39 1 3 1.99494949494949
49.916 0 39.9889492242552 "LDA" 39 1 3 2.03030303030303
51.279 0 41.4521584533356 "LDA" 39 1 3 2.06565656565657
52.784 0 43.2030768562825 "LDA" 39 1 3 2.1010101010101
54.243 0 44.1876283307613 "LDA" 39 1 3 2.13636363636364
55.758 0 45.3094734507518 "LDA" 39 1 3 2.17171717171717
57.878 0 47.8637237587304 "LDA" 39 1 3 2.20707070707071
59.357 0 48.7664199497432 "LDA" 39 1 3 2.24242424242424
61.205 0 50.0755482799294 "LDA" 39 1 3 2.27777777777778
63.025 0 51.1056372737995 "LDA" 39 1 3 2.31313131313131
64.422 0 51.9180257463378 "LDA" 39 1 3 2.34848484848485
65.885 0 53.1627317869488 "LDA" 39 1 3 2.38383838383838
66.687 0 53.7898352607384 "LDA" 39 1 3 2.41919191919192
69.033 0 56.4155353038826 "LDA" 39 1 3 2.45454545454545
70.844 0 57.4353591830371 "LDA" 39 1 3 2.48989898989899
72.809 0 58.7296491619922 "LDA" 39 1 3 2.52525252525253
74.019 0 59.4629336602179 "LDA" 39 1 3 2.56060606060606
76.697 0 62.9566098652534 "LDA" 39 1 3 2.5959595959596
78.601 0 67.998717816034 "LDA" 39 1 3 2.63131313131313
79.781 0 68.5358607095818 "LDA" 39 1 3 2.66666666666667
81.701 0 69.7755130487854 "LDA" 39 1 3 2.7020202020202
83.627 0 71.5844550527921 "LDA" 39 1 3 2.73737373737374
85.256 0 72.009984737548 "LDA" 39 1 3 2.77272727272727
87.399 0 73.2471633986323 "LDA" 39 1 3 2.80808080808081
88.889 0 74.0576208786794 "LDA" 39 1 3 2.84343434343434
91.39 0 76.3743080815462 "LDA" 39 1 3 2.87878787878788
92.958 0 77.3831401946599 "LDA" 39 1 3 2.91414141414141
94.966 0 78.7169689787736 "LDA" 39 1 3 2.94949494949495
97.293 0 80.8063785961345 "LDA" 39 1 3 2.98484848484848
98.931 0 82.8016446174311 "LDA" 39 1 3 3.02020202020202
102.288 0 86.4327581283721 "LDA" 39 1 3 3.05555555555556
104.129 0 88.0119336195919 "LDA" 39 1 3 3.09090909090909
105.577 0 89.7212905668492 "LDA" 39 1 3 3.12626262626263
107.851 0 90.8174796700151 "LDA" 39 1 3 3.16161616161616
111.034 0 94.5629472626303 "LDA" 39 1 3 3.1969696969697
113.332 0 95.6590216572615 "LDA" 39 1 3 3.23232323232323
115.855 0 98.5308698190943 "LDA" 39 1 3 3.26767676767677
117.878 0 100.023866601376 "LDA" 39 1 3 3.3030303030303
120.509 0 102.932536284821 "LDA" 39 1 3 3.33838383838384
122.78 0 104.568399386001 "LDA" 39 1 3 3.37373737373737
125.263 0 106.184117917407 "LDA" 39 1 3 3.40909090909091
127.417 0 108.576737927693 "LDA" 39 1 3 3.44444444444444
128.214 0 109.354508881036 "LDA" 39 1 3 3.47979797979798
129.982 0 109.585193299965 "LDA" 39 1 3 3.51515151515152
132.507 0 111.55675174484 "LDA" 39 1 3 3.55050505050505
134.414 0 115.017118471737 "LDA" 39 1 3 3.58585858585859
135.926 0 115.263516353624 "LDA" 39 1 3 3.62121212121212
137.345 0 115.965736435496 "LDA" 39 1 3 3.65656565656566
139.499 0 118.534900014812 "LDA" 39 1 3 3.69191919191919
141.452 0 119.809523903645 "LDA" 39 1 3 3.72727272727273
143.68 0 121.417864821854 "LDA" 39 1 3 3.76262626262626
145.244 0 122.098954207719 "LDA" 39 1 3 3.7979797979798
147.161 0 122.870689284651 "LDA" 39 1 3 3.83333333333333
148.898 0 124.40306957515 "LDA" 39 1 3 3.86868686868687
150.261 0 124.645591187183 "LDA" 39 1 3 3.9040404040404
152.704 0 127.141501270613 "LDA" 39 1 3 3.93939393939394
155.882 0 131.309688562232 "LDA" 39 1 3 3.97474747474747
158.249 0 132.912688565772 "LDA" 39 1 3 4.01010101010101
161.394 0 135.945709752092 "LDA" 39 1 3 4.04545454545454
163.187 0 137.44926457181 "LDA" 39 1 3 4.08080808080808
164.363 0 137.909333314374 "LDA" 39 1 3 4.11616161616162
167.223 0 139.172433467398 "LDA" 39 1 3 4.15151515151515
170.003 0 139.714419836 "LDA" 39 1 3 4.18686868686869
172.894 0 140.640109515047 "LDA" 39 1 3 4.22222222222222
177.697 0 148.703200479454 "LDA" 39 1 3 4.25757575757576
180.819 0 150.783500101645 "LDA" 39 1 3 4.29292929292929
183.199 0 151.631076571996 "LDA" 39 1 3 4.32828282828283
185.059 0 153.072102577797 "LDA" 39 1 3 4.36363636363636
187.456 0 153.034498142156 "LDA" 39 1 3 4.3989898989899
189.14 0 154.463910022696 "LDA" 39 1 3 4.43434343434343
191.945 0 158.23688219213 "LDA" 39 1 3 4.46969696969697
194.75 0 160.418520132813 "LDA" 39 1 3 4.50505050505051
198.626 0 163.660223612192 "LDA" 39 1 3 4.54040404040404
201.322 0 165.950431942378 "LDA" 39 1 3 4.57575757575758
203.212 0 166.989036749106 "LDA" 39 1 3 4.61111111111111
206.546 0 169.927988881777 "LDA" 39 1 3 4.64646464646465
210.111 0 174.398875130107 "LDA" 39 1 3 4.68181818181818
214.941 0 181.240215003554 "LDA" 39 1 3 4.71717171717172
219.044 0 185.344956275634 "LDA" 39 1 3 4.75252525252525
223.169 0 190.135693705893 "LDA" 39 1 3 4.78787878787879
225.815 0 190.492761718831 "LDA" 39 1 3 4.82323232323232
227.368 0 190.79401702604 "LDA" 39 1 3 4.85858585858586
230.212 0 192.459766750918 "LDA" 39 1 3 4.89393939393939
232.337 0 193.895613513921 "LDA" 39 1 3 4.92929292929293
234.447 0 194.85910618255 "LDA" 39 1 3 4.96464646464646
238.871 0 197.457128705643 "LDA" 39 1 3 5
13.027 0 7.83694383600448 "uLSIF" 39 1 3 1.5
13.407 0 8.12387520511907 "uLSIF" 39 1 3 1.53535353535354
13.682 0 8.1892575939422 "uLSIF" 39 1 3 1.57070707070707
14.199 0 8.75397230010645 "uLSIF" 39 1 3 1.60606060606061
14.587 0 8.85080605186713 "uLSIF" 39 1 3 1.64141414141414
14.884 0 8.97223746035765 "uLSIF" 39 1 3 1.67676767676768
15.26 0 9.1947236469044 "uLSIF" 39 1 3 1.71212121212121
15.774 0 9.58095604408656 "uLSIF" 39 1 3 1.74747474747475
16.143 0 9.6774068429101 "uLSIF" 39 1 3 1.78282828282828
16.507 0 9.90262657142099 "uLSIF" 39 1 3 1.81818181818182
17 0 10.5658713619672 "uLSIF" 39 1 3 1.85353535353535
17.395 0 10.7737202510576 "uLSIF" 39 1 3 1.88888888888889
17.645 0 10.902836642216 "uLSIF" 39 1 3 1.92424242424242
18.081 0 11.1192660314014 "uLSIF" 39 1 3 1.95959595959596
18.497 0 11.251159032721 "uLSIF" 39 1 3 1.99494949494949
19.054 0 11.627737883539 "uLSIF" 39 1 3 2.03030303030303
19.359 0 11.7513494209479 "uLSIF" 39 1 3 2.06565656565657
19.877 0 12.175965059293 "uLSIF" 39 1 3 2.1010101010101
20.279 0 12.2277830238223 "uLSIF" 39 1 3 2.13636363636364
20.684 0 12.4548491467086 "uLSIF" 39 1 3 2.17171717171717
20.998 0 12.5916061145727 "uLSIF" 39 1 3 2.20707070707071
21.365 0 12.92845388745 "uLSIF" 39 1 3 2.24242424242424
21.702 0 13.0588563714335 "uLSIF" 39 1 3 2.27777777777778
21.996 0 13.1177001817414 "uLSIF" 39 1 3 2.31313131313131
22.592 0 13.6233303979288 "uLSIF" 39 1 3 2.34848484848485
23.133 0 14.0353946614729 "uLSIF" 39 1 3 2.38383838383838
23.432 0 14.1008584919575 "uLSIF" 39 1 3 2.41919191919192
23.825 0 14.339665302963 "uLSIF" 39 1 3 2.45454545454545
24.228 0 14.5859098024348 "uLSIF" 39 1 3 2.48989898989899
24.538 0 14.7099605349212 "uLSIF" 39 1 3 2.52525252525253
24.952 0 14.8956898993493 "uLSIF" 39 1 3 2.56060606060606
25.352 0 14.9734531855648 "uLSIF" 39 1 3 2.5959595959596
25.624 0 14.9905083082376 "uLSIF" 39 1 3 2.63131313131313
26.029 0 15.1909487499604 "uLSIF" 39 1 3 2.66666666666667
26.351 0 15.3408324461269 "uLSIF" 39 1 3 2.7020202020202
26.772 0 15.4558370494418 "uLSIF" 39 1 3 2.73737373737374
27.115 0 15.5635471213666 "uLSIF" 39 1 3 2.77272727272727
27.499 0 15.6660596329908 "uLSIF" 39 1 3 2.80808080808081
28.007 0 16.4742937133388 "uLSIF" 39 1 3 2.84343434343434
28.446 0 16.6380259618714 "uLSIF" 39 1 3 2.87878787878788
28.885 0 17.1355595882481 "uLSIF" 39 1 3 2.91414141414141
29.322 0 17.4589556139859 "uLSIF" 39 1 3 2.94949494949495
29.763 0 17.7070712251171 "uLSIF" 39 1 3 2.98484848484848
30.122 0 17.7336290024799 "uLSIF" 39 1 3 3.02020202020202
30.634 0 18.3990915691664 "uLSIF" 39 1 3 3.05555555555556
30.942 0 18.4142803747994 "uLSIF" 39 1 3 3.09090909090909
31.349 0 18.6015380067406 "uLSIF" 39 1 3 3.12626262626263
31.712 0 18.622079310266 "uLSIF" 39 1 3 3.16161616161616
32.083 0 18.8338212751376 "uLSIF" 39 1 3 3.1969696969697
32.387 0 18.9755976007161 "uLSIF" 39 1 3 3.23232323232323
33.014 0 19.2432873519081 "uLSIF" 39 1 3 3.26767676767677
33.614 0 19.5042410623797 "uLSIF" 39 1 3 3.3030303030303
34.094 0 19.647218051856 "uLSIF" 39 1 3 3.33838383838384
34.408 0 19.7073568982732 "uLSIF" 39 1 3 3.37373737373737
34.777 0 19.8400327090934 "uLSIF" 39 1 3 3.40909090909091
35.307 0 20.0072747280094 "uLSIF" 39 1 3 3.44444444444444
35.823 0 20.2049972262535 "uLSIF" 39 1 3 3.47979797979798
36.293 0 20.491340757648 "uLSIF" 39 1 3 3.51515151515152
36.57 0 20.4842550439284 "uLSIF" 39 1 3 3.55050505050505
36.96 0 20.6196403840991 "uLSIF" 39 1 3 3.58585858585859
37.255 0 20.7526539904574 "uLSIF" 39 1 3 3.62121212121212
37.635 0 20.8314599758328 "uLSIF" 39 1 3 3.65656565656566
38.06 0 20.9497802683774 "uLSIF" 39 1 3 3.69191919191919
38.487 0 20.9757911606408 "uLSIF" 39 1 3 3.72727272727273
38.948 0 21.0607894641405 "uLSIF" 39 1 3 3.76262626262626
39.648 0 21.4374826335011 "uLSIF" 39 1 3 3.7979797979798
39.933 0 21.5556757759565 "uLSIF" 39 1 3 3.83333333333333
40.318 0 21.8720658206595 "uLSIF" 39 1 3 3.86868686868687
40.686 0 21.9386122329264 "uLSIF" 39 1 3 3.9040404040404
41.147 0 22.0129498468733 "uLSIF" 39 1 3 3.93939393939394
41.895 0 22.5014286055195 "uLSIF" 39 1 3 3.97474747474747
42.256 0 22.7041834018302 "uLSIF" 39 1 3 4.01010101010101
42.675 0 22.6588790499398 "uLSIF" 39 1 3 4.04545454545454
42.981 0 22.7364373766996 "uLSIF" 39 1 3 4.08080808080808
43.527 0 23.401814372307 "uLSIF" 39 1 3 4.11616161616162
43.905 0 23.6411268318132 "uLSIF" 39 1 3 4.15151515151515
44.426 0 23.7788131738309 "uLSIF" 39 1 3 4.18686868686869
44.871 0 24.0973243336276 "uLSIF" 39 1 3 4.22222222222222
45.251 0 24.1169987483648 "uLSIF" 39 1 3 4.25757575757576
45.763 0 24.3258006153051 "uLSIF" 39 1 3 4.29292929292929
46.223 0 24.4431327316639 "uLSIF" 39 1 3 4.32828282828283
46.671 0 24.6152934508543 "uLSIF" 39 1 3 4.36363636363636
47.091 0 24.8650555999779 "uLSIF" 39 1 3 4.3989898989899
47.45 0 24.914458256808 "uLSIF" 39 1 3 4.43434343434343
47.733 0 24.9655159768026 "uLSIF" 39 1 3 4.46969696969697
48.194 0 25.1849289187928 "uLSIF" 39 1 3 4.50505050505051
48.773 0 25.300703480271 "uLSIF" 39 1 3 4.54040404040404
49.332 0 25.4835473823247 "uLSIF" 39 1 3 4.57575757575758
49.791 0 25.5626048313893 "uLSIF" 39 1 3 4.61111111111111
50.367 0 26.27562976828 "uLSIF" 39 1 3 4.64646464646465
50.899 0 26.6058766379097 "uLSIF" 39 1 3 4.68181818181818
51.269 0 26.7034775771755 "uLSIF" 39 1 3 4.71717171717172
51.814 0 26.8789486751599 "uLSIF" 39 1 3 4.75252525252525
52.508 0 27.2934583530352 "uLSIF" 39 1 3 4.78787878787879
52.862 0 27.3777006794671 "uLSIF" 39 1 3 4.82323232323232
53.281 0 27.3477227011124 "uLSIF" 39 1 3 4.85858585858586
53.728 0 27.5050639800118 "uLSIF" 39 1 3 4.89393939393939
54.125 0 27.5475632904844 "uLSIF" 39 1 3 4.92929292929293
54.689 0 27.8782258128898 "uLSIF" 39 1 3 4.96464646464646
55.3 0 28.498458943637 "uLSIF" 39 1 3 5
