124.27 14.055 0 0 "KDE LDA" 77 5000 2.5
128.63 14.07 0 0 "KDE LDA" 77 5000 2.51010101010101
131.38 14.235 0 0 "KDE LDA" 77 5000 2.52020202020202
138.095 14.305 0 0 "KDE LDA" 77 5000 2.53030303030303
140.87 14.495 0 0 "KDE LDA" 77 5000 2.54040404040404
141.06 14.5 0 0 "KDE LDA" 77 5000 2.55050505050505
141.2 14.505 0 0 "KDE LDA" 77 5000 2.56060606060606
141.44 14.52 0 0 "KDE LDA" 77 5000 2.57070707070707
142.265 14.54 0 0 "KDE LDA" 77 5000 2.58080808080808
142.785 14.555 0 0 "KDE LDA" 77 5000 2.59090909090909
143.16 14.555 0 0 "KDE LDA" 77 5000 2.6010101010101
144.53 14.715 0 0 "KDE LDA" 77 5000 2.61111111111111
145.135 14.775 0 0 "KDE LDA" 77 5000 2.62121212121212
150.095 14.795 0 0 "KDE LDA" 77 5000 2.63131313131313
153.625 14.845 0 0 "KDE LDA" 77 5000 2.64141414141414
156.475 15.04 0 0 "KDE LDA" 77 5000 2.65151515151515
161.055 15.25 0 0 "KDE LDA" 77 5000 2.66161616161616
163.705 15.42 0 0 "KDE LDA" 77 5000 2.67171717171717
163.705 15.45 0 0 "KDE LDA" 77 5000 2.68181818181818
167.255 15.51 0 0 "KDE LDA" 77 5000 2.69191919191919
167.265 15.53 0 0 "KDE LDA" 77 5000 2.7020202020202
168.06 15.535 0 0 "KDE LDA" 77 5000 2.71212121212121
168.7 15.59 0 0 "KDE LDA" 77 5000 2.72222222222222
169.08 15.64 0 0 "KDE LDA" 77 5000 2.73232323232323
171.94 15.67 0 0 "KDE LDA" 77 5000 2.74242424242424
171.94 15.805 0 0 "KDE LDA" 77 5000 2.75252525252525
180.29 15.87 0 0 "KDE LDA" 77 5000 2.76262626262626
183.225 16.06 0 0 "KDE LDA" 77 5000 2.77272727272727
186.945 16.145 0 0 "KDE LDA" 77 5000 2.78282828282828
202.395 16.24 0 0 "KDE LDA" 77 5000 2.79292929292929
220.835 16.62 0 0 "KDE LDA" 77 5000 2.8030303030303
224.435 16.64 0 0 "KDE LDA" 77 5000 2.81313131313131
224.49 16.64 0 0 "KDE LDA" 77 5000 2.82323232323232
224.495 16.7 0 0 "KDE LDA" 77 5000 2.83333333333333
224.51 16.725 0 0 "KDE LDA" 77 5000 2.84343434343434
225.745 16.74 0 0 "KDE LDA" 77 5000 2.85353535353535
225.75 16.74 0 0 "KDE LDA" 77 5000 2.86363636363636
227.66 16.79 0 0 "KDE LDA" 77 5000 2.87373737373737
227.97 16.985 0 0 "KDE LDA" 77 5000 2.88383838383838
227.98 16.995 0 0 "KDE LDA" 77 5000 2.89393939393939
227.995 16.995 0 0 "KDE LDA" 77 5000 2.9040404040404
228.01 17.015 0 0 "KDE LDA" 77 5000 2.91414141414141
229.145 17.09 0 0 "KDE LDA" 77 5000 2.92424242424242
229.185 17.105 0 0 "KDE LDA" 77 5000 2.93434343434343
239.78 17.16 0 0 "KDE LDA" 77 5000 2.94444444444444
243.785 17.205 0 0 "KDE LDA" 77 5000 2.95454545454545
247.755 17.275 0 0 "KDE LDA" 77 5000 2.96464646464646
247.785 17.28 0 0 "KDE LDA" 77 5000 2.97474747474747
248.935 17.3 0 0 "KDE LDA" 77 5000 2.98484848484848
252.13 17.31 0 0 "KDE LDA" 77 5000 2.99494949494949
252.9 17.365 0 0 "KDE LDA" 77 5000 3.00505050505051
257.595 17.39 0 0 "KDE LDA" 77 5000 3.01515151515152
259.475 17.395 0 0 "KDE LDA" 77 5000 3.02525252525253
261.825 17.435 0 0 "KDE LDA" 77 5000 3.03535353535354
264.995 17.5 0 0 "KDE LDA" 77 5000 3.04545454545455
266.835 17.51 0 0 "KDE LDA" 77 5000 3.05555555555556
270.62 17.585 0 0 "KDE LDA" 77 5000 3.06565656565657
273.41 17.77 0 0 "KDE LDA" 77 5000 3.07575757575758
279.885 17.835 0 0 "KDE LDA" 77 5000 3.08585858585859
282.74 17.89 0 0 "KDE LDA" 77 5000 3.0959595959596
288.04 18.19 0 0 "KDE LDA" 77 5000 3.10606060606061
291.195 18.23 0 0 "KDE LDA" 77 5000 3.11616161616162
294.09 18.265 0 0 "KDE LDA" 77 5000 3.12626262626263
294.09 18.265 0 0 "KDE LDA" 77 5000 3.13636363636364
294.1 18.36 0 0 "KDE LDA" 77 5000 3.14646464646465
301.17 18.38 0 0 "KDE LDA" 77 5000 3.15656565656566
306.485 18.38 0 0 "KDE LDA" 77 5000 3.16666666666667
306.5 18.405 0 0 "KDE LDA" 77 5000 3.17676767676768
313.045 18.44 0 0 "KDE LDA" 77 5000 3.18686868686869
316.135 18.59 0 0 "KDE LDA" 77 5000 3.1969696969697
319.64 18.89 0 0 "KDE LDA" 77 5000 3.20707070707071
325.745 19.255 0 0 "KDE LDA" 77 5000 3.21717171717172
360.405 19.365 0 0 "KDE LDA" 77 5000 3.22727272727273
361.71 19.39 0 0 "KDE LDA" 77 5000 3.23737373737374
364.34 19.43 0 0 "KDE LDA" 77 5000 3.24747474747475
366.67 19.475 0 0 "KDE LDA" 77 5000 3.25757575757576
367 19.495 0 0 "KDE LDA" 77 5000 3.26767676767677
367.005 19.515 0 0 "KDE LDA" 77 5000 3.27777777777778
372.145 19.525 0 0 "KDE LDA" 77 5000 3.28787878787879
386.575 19.565 0 0 "KDE LDA" 77 5000 3.2979797979798
388.085 19.6 0 0 "KDE LDA" 77 5000 3.30808080808081
388.145 19.685 0 0 "KDE LDA" 77 5000 3.31818181818182
396.69 19.765 0 0 "KDE LDA" 77 5000 3.32828282828283
396.795 19.865 0 0 "KDE LDA" 77 5000 3.33838383838384
401.71 19.885 0 0 "KDE LDA" 77 5000 3.34848484848485
435.77 20.11 0 0 "KDE LDA" 77 5000 3.35858585858586
436.485 20.14 0 0 "KDE LDA" 77 5000 3.36868686868687
436.51 20.14 0 0 "KDE LDA" 77 5000 3.37878787878788
437.295 20.14 0 0 "KDE LDA" 77 5000 3.38888888888889
441.755 20.155 0 0 "KDE LDA" 77 5000 3.3989898989899
441.985 20.23 0 0 "KDE LDA" 77 5000 3.40909090909091
441.995 20.26 0 0 "KDE LDA" 77 5000 3.41919191919192
446.19 20.265 0 0 "KDE LDA" 77 5000 3.42929292929293
455.415 20.295 0 0 "KDE LDA" 77 5000 3.43939393939394
455.44 20.35 0 0 "KDE LDA" 77 5000 3.44949494949495
462.29 20.445 0 0 "KDE LDA" 77 5000 3.45959595959596
467.61 20.475 0 0 "KDE LDA" 77 5000 3.46969696969697
472.475 20.485 0 0 "KDE LDA" 77 5000 3.47979797979798
473.945 20.565 0 0 "KDE LDA" 77 5000 3.48989898989899
486.875 20.6 0 0 "KDE LDA" 77 5000 3.5
104.205 11.495 0 0 "KDE QDA" 77 5000 2.7
104.205 11.505 0 0 "KDE QDA" 77 5000 2.71010101010101
104.69 11.51 0 0 "KDE QDA" 77 5000 2.72020202020202
104.69 11.51 0 0 "KDE QDA" 77 5000 2.73030303030303
104.715 11.51 0 0 "KDE QDA" 77 5000 2.74040404040404
104.715 11.51 0 0 "KDE QDA" 77 5000 2.75050505050505
104.715 11.51 0 0 "KDE QDA" 77 5000 2.76060606060606
104.715 11.51 0 0 "KDE QDA" 77 5000 2.77070707070707
104.715 11.52 0 0 "KDE QDA" 77 5000 2.78080808080808
104.715 11.52 0 0 "KDE QDA" 77 5000 2.79090909090909
124.135 12.96 0 0 "KDE QDA" 77 5000 2.8010101010101
124.135 12.96 0 0 "KDE QDA" 77 5000 2.81111111111111
124.135 12.96 0 0 "KDE QDA" 77 5000 2.82121212121212
124.795 13.245 0 0 "KDE QDA" 77 5000 2.83131313131313
124.8 13.245 0 0 "KDE QDA" 77 5000 2.84141414141414
125.745 13.25 0 0 "KDE QDA" 77 5000 2.85151515151515
125.745 13.265 0 0 "KDE QDA" 77 5000 2.86161616161616
125.745 13.265 0 0 "KDE QDA" 77 5000 2.87171717171717
125.745 13.275 0 0 "KDE QDA" 77 5000 2.88181818181818
125.745 13.275 0 0 "KDE QDA" 77 5000 2.89191919191919
125.745 13.275 0 0 "KDE QDA" 77 5000 2.9020202020202
125.745 13.275 0 0 "KDE QDA" 77 5000 2.91212121212121
125.745 13.275 0 0 "KDE QDA" 77 5000 2.92222222222222
125.745 13.275 0 0 "KDE QDA" 77 5000 2.93232323232323
125.745 13.275 0 0 "KDE QDA" 77 5000 2.94242424242424
125.75 13.275 0 0 "KDE QDA" 77 5000 2.95252525252525
139.135 13.48 0 0 "KDE QDA" 77 5000 2.96262626262626
139.925 13.485 0 0 "KDE QDA" 77 5000 2.97272727272727
141.77 13.515 0 0 "KDE QDA" 77 5000 2.98282828282828
141.785 13.52 0 0 "KDE QDA" 77 5000 2.99292929292929
141.785 13.52 0 0 "KDE QDA" 77 5000 3.0030303030303
141.79 13.52 0 0 "KDE QDA" 77 5000 3.01313131313131
141.795 13.52 0 0 "KDE QDA" 77 5000 3.02323232323232
141.8 13.52 0 0 "KDE QDA" 77 5000 3.03333333333333
141.86 13.52 0 0 "KDE QDA" 77 5000 3.04343434343434
141.86 13.52 0 0 "KDE QDA" 77 5000 3.05353535353535
141.86 13.52 0 0 "KDE QDA" 77 5000 3.06363636363636
141.86 13.52 0 0 "KDE QDA" 77 5000 3.07373737373737
141.865 13.52 0 0 "KDE QDA" 77 5000 3.08383838383838
156.25 14.02 0 0 "KDE QDA" 77 5000 3.09393939393939
158.01 14.02 0 0 "KDE QDA" 77 5000 3.1040404040404
158.42 14.02 0 0 "KDE QDA" 77 5000 3.11414141414141
163.05 14.075 0 0 "KDE QDA" 77 5000 3.12424242424242
163.05 14.08 0 0 "KDE QDA" 77 5000 3.13434343434343
163.05 14.08 0 0 "KDE QDA" 77 5000 3.14444444444444
163.055 14.08 0 0 "KDE QDA" 77 5000 3.15454545454545
163.055 14.08 0 0 "KDE QDA" 77 5000 3.16464646464646
163.055 14.08 0 0 "KDE QDA" 77 5000 3.17474747474748
163.055 14.1 0 0 "KDE QDA" 77 5000 3.18484848484849
163.055 14.1 0 0 "KDE QDA" 77 5000 3.19494949494949
163.1 14.1 0 0 "KDE QDA" 77 5000 3.20505050505051
163.125 14.1 0 0 "KDE QDA" 77 5000 3.21515151515152
189.36 14.68 0 0 "KDE QDA" 77 5000 3.22525252525253
189.67 14.685 0 0 "KDE QDA" 77 5000 3.23535353535354
189.835 14.685 0 0 "KDE QDA" 77 5000 3.24545454545455
196.9 14.715 0 0 "KDE QDA" 77 5000 3.25555555555556
198.595 14.72 0 0 "KDE QDA" 77 5000 3.26565656565657
199.065 14.745 0 0 "KDE QDA" 77 5000 3.27575757575758
199.085 14.775 0 0 "KDE QDA" 77 5000 3.28585858585859
199.085 14.775 0 0 "KDE QDA" 77 5000 3.2959595959596
199.09 14.775 0 0 "KDE QDA" 77 5000 3.30606060606061
199.09 14.78 0 0 "KDE QDA" 77 5000 3.31616161616162
199.09 14.78 0 0 "KDE QDA" 77 5000 3.32626262626263
199.095 14.79 0 0 "KDE QDA" 77 5000 3.33636363636364
199.095 14.79 0 0 "KDE QDA" 77 5000 3.34646464646465
199.1 14.79 0 0 "KDE QDA" 77 5000 3.35656565656566
229.005 15.82 0 0 "KDE QDA" 77 5000 3.36666666666667
229.005 15.82 0 0 "KDE QDA" 77 5000 3.37676767676768
248.395 16.13 0 0 "KDE QDA" 77 5000 3.38686868686869
250.71 16.13 0 0 "KDE QDA" 77 5000 3.3969696969697
250.725 16.13 0 0 "KDE QDA" 77 5000 3.40707070707071
252.59 16.145 0 0 "KDE QDA" 77 5000 3.41717171717172
252.59 16.145 0 0 "KDE QDA" 77 5000 3.42727272727273
255.25 16.2 0 0 "KDE QDA" 77 5000 3.43737373737374
255.25 16.2 0 0 "KDE QDA" 77 5000 3.44747474747475
255.25 16.2 0 0 "KDE QDA" 77 5000 3.45757575757576
256.4 16.2 0 0 "KDE QDA" 77 5000 3.46767676767677
256.405 16.2 0 0 "KDE QDA" 77 5000 3.47777777777778
256.41 16.2 0 0 "KDE QDA" 77 5000 3.48787878787879
256.41 16.2 0 0 "KDE QDA" 77 5000 3.4979797979798
260.75 16.2 0 0 "KDE QDA" 77 5000 3.50808080808081
286.825 16.54 0 0 "KDE QDA" 77 5000 3.51818181818182
289.915 16.57 0 0 "KDE QDA" 77 5000 3.52828282828283
289.93 16.58 0 0 "KDE QDA" 77 5000 3.53838383838384
293.22 16.62 0 0 "KDE QDA" 77 5000 3.54848484848485
293.22 16.62 0 0 "KDE QDA" 77 5000 3.55858585858586
293.315 16.62 0 0 "KDE QDA" 77 5000 3.56868686868687
293.55 16.635 0 0 "KDE QDA" 77 5000 3.57878787878788
293.55 16.635 0 0 "KDE QDA" 77 5000 3.58888888888889
293.57 16.64 0 0 "KDE QDA" 77 5000 3.5989898989899
293.57 16.64 0 0 "KDE QDA" 77 5000 3.60909090909091
293.57 16.645 0 0 "KDE QDA" 77 5000 3.61919191919192
293.57 16.645 0 0 "KDE QDA" 77 5000 3.62929292929293
293.575 16.645 0 0 "KDE QDA" 77 5000 3.63939393939394
293.575 16.645 0 0 "KDE QDA" 77 5000 3.64949494949495
331.755 17.225 0 0 "KDE QDA" 77 5000 3.65959595959596
331.8 17.225 0 0 "KDE QDA" 77 5000 3.66969696969697
336.895 17.26 0 0 "KDE QDA" 77 5000 3.67979797979798
337.825 17.285 0 0 "KDE QDA" 77 5000 3.68989898989899
342.155 17.305 0 0 "KDE QDA" 77 5000 3.7
