128.075 14.86 0 0 "KDE LDA" 49 800 2.4
128.715 14.9 0 0 "KDE LDA" 49 800 2.41010101010101
130.3 14.915 0 0 "KDE LDA" 49 800 2.42020202020202
130.305 14.92 0 0 "KDE LDA" 49 800 2.43030303030303
131.835 14.99 0 0 "KDE LDA" 49 800 2.44040404040404
131.835 15.005 0 0 "KDE LDA" 49 800 2.45050505050505
131.84 15.19 0 0 "KDE LDA" 49 800 2.46060606060606
133.045 15.19 0 0 "KDE LDA" 49 800 2.47070707070707
133.375 15.2 0 0 "KDE LDA" 49 800 2.48080808080808
133.38 15.23 0 0 "KDE LDA" 49 800 2.49090909090909
137.165 15.4 0 0 "KDE LDA" 49 800 2.5010101010101
137.455 15.64 0 0 "KDE LDA" 49 800 2.51111111111111
138.475 15.815 0 0 "KDE LDA" 49 800 2.52121212121212
144.47 16.025 0 0 "KDE LDA" 49 800 2.53131313131313
146.415 16.155 0 0 "KDE LDA" 49 800 2.54141414141414
146.415 16.155 0 0 "KDE LDA" 49 800 2.55151515151515
148.1 16.19 0 0 "KDE LDA" 49 800 2.56161616161616
149.225 16.225 0 0 "KDE LDA" 49 800 2.57171717171717
149.345 16.315 0 0 "KDE LDA" 49 800 2.58181818181818
151.03 16.35 0 0 "KDE LDA" 49 800 2.59191919191919
151.275 16.395 0 0 "KDE LDA" 49 800 2.6020202020202
151.3 16.44 0 0 "KDE LDA" 49 800 2.61212121212121
154.595 16.465 0 0 "KDE LDA" 49 800 2.62222222222222
155.08 16.5 0 0 "KDE LDA" 49 800 2.63232323232323
155.28 16.655 0 0 "KDE LDA" 49 800 2.64242424242424
157.8 16.67 0 0 "KDE LDA" 49 800 2.65252525252525
164.57 16.815 0 0 "KDE LDA" 49 800 2.66262626262626
184.525 17.36 0 0 "KDE LDA" 49 800 2.67272727272727
186.03 17.365 0 0 "KDE LDA" 49 800 2.68282828282828
186.505 17.395 0 0 "KDE LDA" 49 800 2.69292929292929
186.95 17.395 0 0 "KDE LDA" 49 800 2.7030303030303
186.97 17.495 0 0 "KDE LDA" 49 800 2.71313131313131
188.01 17.52 0 0 "KDE LDA" 49 800 2.72323232323232
189.58 17.56 0 0 "KDE LDA" 49 800 2.73333333333333
190.41 17.58 0 0 "KDE LDA" 49 800 2.74343434343434
190.84 17.585 0 0 "KDE LDA" 49 800 2.75353535353535
191.74 17.64 0 0 "KDE LDA" 49 800 2.76363636363636
191.765 17.665 0 0 "KDE LDA" 49 800 2.77373737373737
194.055 18.01 0 0 "KDE LDA" 49 800 2.78383838383838
200.43 18.15 0 0 "KDE LDA" 49 800 2.79393939393939
243.47 18.5 0 0 "KDE LDA" 49 800 2.8040404040404
245.35 18.5 0 0 "KDE LDA" 49 800 2.81414141414141
248.72 18.615 0 0 "KDE LDA" 49 800 2.82424242424242
248.74 18.625 0 0 "KDE LDA" 49 800 2.83434343434343
251 18.625 0 0 "KDE LDA" 49 800 2.84444444444444
253.595 18.64 0 0 "KDE LDA" 49 800 2.85454545454545
253.795 18.685 0 0 "KDE LDA" 49 800 2.86464646464646
255.71 18.725 0 0 "KDE LDA" 49 800 2.87474747474747
255.73 18.75 0 0 "KDE LDA" 49 800 2.88484848484848
255.73 18.75 0 0 "KDE LDA" 49 800 2.89494949494949
258.86 18.75 0 0 "KDE LDA" 49 800 2.90505050505051
258.86 18.805 0 0 "KDE LDA" 49 800 2.91515151515152
258.86 18.81 0 0 "KDE LDA" 49 800 2.92525252525253
262.435 18.88 0 0 "KDE LDA" 49 800 2.93535353535354
262.975 18.97 0 0 "KDE LDA" 49 800 2.94545454545455
272.205 19.005 0 0 "KDE LDA" 49 800 2.95555555555556
279.885 19.11 0 0 "KDE LDA" 49 800 2.96565656565657
282.605 19.13 0 0 "KDE LDA" 49 800 2.97575757575758
282.61 19.135 0 0 "KDE LDA" 49 800 2.98585858585859
289.145 19.235 0 0 "KDE LDA" 49 800 2.9959595959596
289.32 19.29 0 0 "KDE LDA" 49 800 3.00606060606061
289.87 19.35 0 0 "KDE LDA" 49 800 3.01616161616162
293.93 19.37 0 0 "KDE LDA" 49 800 3.02626262626263
298.365 19.465 0 0 "KDE LDA" 49 800 3.03636363636364
298.375 19.52 0 0 "KDE LDA" 49 800 3.04646464646465
298.38 19.55 0 0 "KDE LDA" 49 800 3.05656565656566
303.275 19.555 0 0 "KDE LDA" 49 800 3.06666666666667
306.55 19.59 0 0 "KDE LDA" 49 800 3.07676767676768
315.26 19.66 0 0 "KDE LDA" 49 800 3.08686868686869
326.78 19.91 0 0 "KDE LDA" 49 800 3.0969696969697
327.55 19.925 0 0 "KDE LDA" 49 800 3.10707070707071
332.965 20.085 0 0 "KDE LDA" 49 800 3.11717171717172
332.965 20.12 0 0 "KDE LDA" 49 800 3.12727272727273
332.97 20.225 0 0 "KDE LDA" 49 800 3.13737373737374
338.07 20.235 0 0 "KDE LDA" 49 800 3.14747474747475
338.1 20.245 0 0 "KDE LDA" 49 800 3.15757575757576
339.475 20.3 0 0 "KDE LDA" 49 800 3.16767676767677
339.68 20.345 0 0 "KDE LDA" 49 800 3.17777777777778
339.68 20.41 0 0 "KDE LDA" 49 800 3.18787878787879
345.22 20.47 0 0 "KDE LDA" 49 800 3.1979797979798
346.33 20.54 0 0 "KDE LDA" 49 800 3.20808080808081
355.155 20.71 0 0 "KDE LDA" 49 800 3.21818181818182
379.195 21.015 0 0 "KDE LDA" 49 800 3.22828282828283
382.855 21.025 0 0 "KDE LDA" 49 800 3.23838383838384
385.285 21.115 0 0 "KDE LDA" 49 800 3.24848484848485
385.335 21.145 0 0 "KDE LDA" 49 800 3.25858585858586
385.39 21.225 0 0 "KDE LDA" 49 800 3.26868686868687
385.46 21.24 0 0 "KDE LDA" 49 800 3.27878787878788
385.46 21.255 0 0 "KDE LDA" 49 800 3.28888888888889
392.76 21.385 0 0 "KDE LDA" 49 800 3.2989898989899
395.45 21.535 0 0 "KDE LDA" 49 800 3.30909090909091
395.455 21.63 0 0 "KDE LDA" 49 800 3.31919191919192
397.875 21.695 0 0 "KDE LDA" 49 800 3.32929292929293
416.68 22.235 0 0 "KDE LDA" 49 800 3.33939393939394
430.6 22.315 0 0 "KDE LDA" 49 800 3.34949494949495
503.55 22.83 0 0 "KDE LDA" 49 800 3.35959595959596
503.68 22.835 0 0 "KDE LDA" 49 800 3.36969696969697
517.375 22.87 0 0 "KDE LDA" 49 800 3.37979797979798
524.575 22.93 0 0 "KDE LDA" 49 800 3.38989898989899
524.58 22.93 0 0 "KDE LDA" 49 800 3.4
155.6 17.05 0 0 "KDE QDA" 49 800 4.3
156.29 17.065 0 0 "KDE QDA" 49 800 4.31010101010101
156.295 17.09 0 0 "KDE QDA" 49 800 4.32020202020202
156.32 17.115 0 0 "KDE QDA" 49 800 4.33030303030303
156.465 17.13 0 0 "KDE QDA" 49 800 4.34040404040404
156.68 17.385 0 0 "KDE QDA" 49 800 4.35050505050505
157.695 17.395 0 0 "KDE QDA" 49 800 4.36060606060606
161.355 17.47 0 0 "KDE QDA" 49 800 4.37070707070707
166.805 17.49 0 0 "KDE QDA" 49 800 4.38080808080808
166.845 17.52 0 0 "KDE QDA" 49 800 4.39090909090909
169.09 17.52 0 0 "KDE QDA" 49 800 4.4010101010101
171.75 17.595 0 0 "KDE QDA" 49 800 4.41111111111111
174.07 17.595 0 0 "KDE QDA" 49 800 4.42121212121212
174.105 17.605 0 0 "KDE QDA" 49 800 4.43131313131313
174.125 17.635 0 0 "KDE QDA" 49 800 4.44141414141414
174.925 17.715 0 0 "KDE QDA" 49 800 4.45151515151515
180.84 17.715 0 0 "KDE QDA" 49 800 4.46161616161616
183.095 17.955 0 0 "KDE QDA" 49 800 4.47171717171717
183.835 18.18 0 0 "KDE QDA" 49 800 4.48181818181818
187.445 18.19 0 0 "KDE QDA" 49 800 4.49191919191919
188.165 18.21 0 0 "KDE QDA" 49 800 4.5020202020202
189.315 18.31 0 0 "KDE QDA" 49 800 4.51212121212121
191.19 18.32 0 0 "KDE QDA" 49 800 4.52222222222222
192.465 18.345 0 0 "KDE QDA" 49 800 4.53232323232323
194.3 18.39 0 0 "KDE QDA" 49 800 4.54242424242424
195.745 18.395 0 0 "KDE QDA" 49 800 4.55252525252525
196.215 18.395 0 0 "KDE QDA" 49 800 4.56262626262626
196.42 18.41 0 0 "KDE QDA" 49 800 4.57272727272727
196.455 18.425 0 0 "KDE QDA" 49 800 4.58282828282828
196.48 18.58 0 0 "KDE QDA" 49 800 4.59292929292929
197.45 18.59 0 0 "KDE QDA" 49 800 4.6030303030303
197.47 18.63 0 0 "KDE QDA" 49 800 4.61313131313131
197.5 18.635 0 0 "KDE QDA" 49 800 4.62323232323232
198.52 18.675 0 0 "KDE QDA" 49 800 4.63333333333333
198.61 18.81 0 0 "KDE QDA" 49 800 4.64343434343434
198.625 18.845 0 0 "KDE QDA" 49 800 4.65353535353535
199.49 18.87 0 0 "KDE QDA" 49 800 4.66363636363636
201.33 18.935 0 0 "KDE QDA" 49 800 4.67373737373737
201.425 18.945 0 0 "KDE QDA" 49 800 4.68383838383838
201.43 19.02 0 0 "KDE QDA" 49 800 4.69393939393939
202.69 19.02 0 0 "KDE QDA" 49 800 4.7040404040404
202.7 19.05 0 0 "KDE QDA" 49 800 4.71414141414141
202.985 19.08 0 0 "KDE QDA" 49 800 4.72424242424242
204.165 19.105 0 0 "KDE QDA" 49 800 4.73434343434343
204.635 19.15 0 0 "KDE QDA" 49 800 4.74444444444444
206.375 19.165 0 0 "KDE QDA" 49 800 4.75454545454545
208.665 19.205 0 0 "KDE QDA" 49 800 4.76464646464646
209.325 19.335 0 0 "KDE QDA" 49 800 4.77474747474747
209.37 19.355 0 0 "KDE QDA" 49 800 4.78484848484849
209.39 19.37 0 0 "KDE QDA" 49 800 4.79494949494949
213.085 19.415 0 0 "KDE QDA" 49 800 4.80505050505051
214.3 19.445 0 0 "KDE QDA" 49 800 4.81515151515152
214.82 19.525 0 0 "KDE QDA" 49 800 4.82525252525252
215.425 19.665 0 0 "KDE QDA" 49 800 4.83535353535354
215.44 19.68 0 0 "KDE QDA" 49 800 4.84545454545455
215.95 19.685 0 0 "KDE QDA" 49 800 4.85555555555556
222.955 19.69 0 0 "KDE QDA" 49 800 4.86565656565657
222.975 19.71 0 0 "KDE QDA" 49 800 4.87575757575758
223.675 19.72 0 0 "KDE QDA" 49 800 4.88585858585859
224.665 19.745 0 0 "KDE QDA" 49 800 4.8959595959596
232.32 20.06 0 0 "KDE QDA" 49 800 4.90606060606061
233.005 20.07 0 0 "KDE QDA" 49 800 4.91616161616162
233.04 20.11 0 0 "KDE QDA" 49 800 4.92626262626263
233.98 20.215 0 0 "KDE QDA" 49 800 4.93636363636364
234 20.24 0 0 "KDE QDA" 49 800 4.94646464646465
239.77 20.24 0 0 "KDE QDA" 49 800 4.95656565656566
240.67 20.3 0 0 "KDE QDA" 49 800 4.96666666666667
240.69 20.315 0 0 "KDE QDA" 49 800 4.97676767676768
241.99 20.33 0 0 "KDE QDA" 49 800 4.98686868686869
244.67 20.355 0 0 "KDE QDA" 49 800 4.9969696969697
247.625 20.385 0 0 "KDE QDA" 49 800 5.00707070707071
249.13 20.39 0 0 "KDE QDA" 49 800 5.01717171717172
250.52 20.4 0 0 "KDE QDA" 49 800 5.02727272727273
255.72 20.57 0 0 "KDE QDA" 49 800 5.03737373737374
255.91 20.585 0 0 "KDE QDA" 49 800 5.04747474747475
255.92 20.605 0 0 "KDE QDA" 49 800 5.05757575757576
258.78 20.74 0 0 "KDE QDA" 49 800 5.06767676767677
258.825 20.75 0 0 "KDE QDA" 49 800 5.07777777777778
258.885 20.765 0 0 "KDE QDA" 49 800 5.08787878787879
258.935 20.79 0 0 "KDE QDA" 49 800 5.0979797979798
259.81 20.81 0 0 "KDE QDA" 49 800 5.10808080808081
259.815 20.815 0 0 "KDE QDA" 49 800 5.11818181818182
262.305 20.815 0 0 "KDE QDA" 49 800 5.12828282828283
262.305 20.89 0 0 "KDE QDA" 49 800 5.13838383838384
263.12 20.9 0 0 "KDE QDA" 49 800 5.14848484848485
263.13 20.91 0 0 "KDE QDA" 49 800 5.15858585858586
263.365 20.94 0 0 "KDE QDA" 49 800 5.16868686868687
264.025 20.965 0 0 "KDE QDA" 49 800 5.17878787878788
268.015 20.97 0 0 "KDE QDA" 49 800 5.18888888888889
268.85 21.095 0 0 "KDE QDA" 49 800 5.1989898989899
270.23 21.215 0 0 "KDE QDA" 49 800 5.20909090909091
273.31 21.26 0 0 "KDE QDA" 49 800 5.21919191919192
274.415 21.285 0 0 "KDE QDA" 49 800 5.22929292929293
276.545 21.295 0 0 "KDE QDA" 49 800 5.23939393939394
276.56 21.36 0 0 "KDE QDA" 49 800 5.24949494949495
276.56 21.36 0 0 "KDE QDA" 49 800 5.25959595959596
280.97 21.385 0 0 "KDE QDA" 49 800 5.26969696969697
284.235 21.39 0 0 "KDE QDA" 49 800 5.27979797979798
285.63 21.555 0 0 "KDE QDA" 49 800 5.28989898989899
285.955 21.57 0 0 "KDE QDA" 49 800 5.3
