117.755 15.59 0 0 "KDE LDA" 10 1500 2.5
117.89 15.6 0 0 "KDE LDA" 10 1500 2.51010101010101
118.045 15.685 0 0 "KDE LDA" 10 1500 2.52020202020202
121.6 15.78 0 0 "KDE LDA" 10 1500 2.53030303030303
126.51 15.865 0 0 "KDE LDA" 10 1500 2.54040404040404
126.52 15.885 0 0 "KDE LDA" 10 1500 2.55050505050505
127.85 15.915 0 0 "KDE LDA" 10 1500 2.56060606060606
127.99 15.955 0 0 "KDE LDA" 10 1500 2.57070707070707
127.995 16.075 0 0 "KDE LDA" 10 1500 2.58080808080808
128.005 16.08 0 0 "KDE LDA" 10 1500 2.59090909090909
128.485 16.25 0 0 "KDE LDA" 10 1500 2.6010101010101
129.805 16.28 0 0 "KDE LDA" 10 1500 2.61111111111111
134.835 16.29 0 0 "KDE LDA" 10 1500 2.62121212121212
136.99 16.345 0 0 "KDE LDA" 10 1500 2.63131313131313
139.255 16.36 0 0 "KDE LDA" 10 1500 2.64141414141414
140.945 16.375 0 0 "KDE LDA" 10 1500 2.65151515151515
142.615 16.59 0 0 "KDE LDA" 10 1500 2.66161616161616
167.275 17.04 0 0 "KDE LDA" 10 1500 2.67171717171717
168.895 17.085 0 0 "KDE LDA" 10 1500 2.68181818181818
168.94 17.1 0 0 "KDE LDA" 10 1500 2.69191919191919
170.455 17.15 0 0 "KDE LDA" 10 1500 2.7020202020202
172.085 17.175 0 0 "KDE LDA" 10 1500 2.71212121212121
172.775 17.195 0 0 "KDE LDA" 10 1500 2.72222222222222
174.315 17.2 0 0 "KDE LDA" 10 1500 2.73232323232323
174.82 17.34 0 0 "KDE LDA" 10 1500 2.74242424242424
181.91 17.43 0 0 "KDE LDA" 10 1500 2.75252525252525
184.075 17.56 0 0 "KDE LDA" 10 1500 2.76262626262626
185.33 17.67 0 0 "KDE LDA" 10 1500 2.77272727272727
190.82 17.78 0 0 "KDE LDA" 10 1500 2.78282828282828
199.755 17.915 0 0 "KDE LDA" 10 1500 2.79292929292929
259.65 18.805 0 0 "KDE LDA" 10 1500 2.8030303030303
259.67 18.835 0 0 "KDE LDA" 10 1500 2.81313131313131
264.495 18.875 0 0 "KDE LDA" 10 1500 2.82323232323232
265.75 18.885 0 0 "KDE LDA" 10 1500 2.83333333333333
266.135 18.925 0 0 "KDE LDA" 10 1500 2.84343434343434
268.63 18.925 0 0 "KDE LDA" 10 1500 2.85353535353535
268.63 19.005 0 0 "KDE LDA" 10 1500 2.86363636363636
272.69 19.025 0 0 "KDE LDA" 10 1500 2.87373737373737
275.39 19.105 0 0 "KDE LDA" 10 1500 2.88383838383838
277.94 19.11 0 0 "KDE LDA" 10 1500 2.89393939393939
277.985 19.12 0 0 "KDE LDA" 10 1500 2.9040404040404
278.02 19.205 0 0 "KDE LDA" 10 1500 2.91414141414141
281.19 19.585 0 0 "KDE LDA" 10 1500 2.92424242424242
281.445 19.67 0 0 "KDE LDA" 10 1500 2.93434343434343
283.86 19.705 0 0 "KDE LDA" 10 1500 2.94444444444444
290.765 19.805 0 0 "KDE LDA" 10 1500 2.95454545454545
292.41 19.835 0 0 "KDE LDA" 10 1500 2.96464646464646
298.635 19.845 0 0 "KDE LDA" 10 1500 2.97474747474747
298.99 19.885 0 0 "KDE LDA" 10 1500 2.98484848484848
299.69 19.9 0 0 "KDE LDA" 10 1500 2.99494949494949
299.695 19.95 0 0 "KDE LDA" 10 1500 3.00505050505051
300.4 19.97 0 0 "KDE LDA" 10 1500 3.01515151515152
302.59 19.995 0 0 "KDE LDA" 10 1500 3.02525252525253
302.685 20.03 0 0 "KDE LDA" 10 1500 3.03535353535354
306.915 20.045 0 0 "KDE LDA" 10 1500 3.04545454545455
307.44 20.065 0 0 "KDE LDA" 10 1500 3.05555555555556
309.09 20.24 0 0 "KDE LDA" 10 1500 3.06565656565657
315.135 20.265 0 0 "KDE LDA" 10 1500 3.07575757575758
320.685 20.315 0 0 "KDE LDA" 10 1500 3.08585858585859
339.06 20.39 0 0 "KDE LDA" 10 1500 3.0959595959596
339.28 20.505 0 0 "KDE LDA" 10 1500 3.10606060606061
339.32 20.55 0 0 "KDE LDA" 10 1500 3.11616161616162
345.52 20.635 0 0 "KDE LDA" 10 1500 3.12626262626263
347.505 20.695 0 0 "KDE LDA" 10 1500 3.13636363636364
354.45 20.705 0 0 "KDE LDA" 10 1500 3.14646464646465
356.75 20.73 0 0 "KDE LDA" 10 1500 3.15656565656566
358.94 20.755 0 0 "KDE LDA" 10 1500 3.16666666666667
359.915 20.855 0 0 "KDE LDA" 10 1500 3.17676767676768
366.485 20.895 0 0 "KDE LDA" 10 1500 3.18686868686869
370.035 20.93 0 0 "KDE LDA" 10 1500 3.1969696969697
370.1 20.985 0 0 "KDE LDA" 10 1500 3.20707070707071
377.95 21.04 0 0 "KDE LDA" 10 1500 3.21717171717172
397.775 21.285 0 0 "KDE LDA" 10 1500 3.22727272727273
400.21 21.3 0 0 "KDE LDA" 10 1500 3.23737373737374
400.665 21.345 0 0 "KDE LDA" 10 1500 3.24747474747475
405.345 21.37 0 0 "KDE LDA" 10 1500 3.25757575757576
406.555 21.455 0 0 "KDE LDA" 10 1500 3.26767676767677
412.975 21.51 0 0 "KDE LDA" 10 1500 3.27777777777778
413.245 21.54 0 0 "KDE LDA" 10 1500 3.28787878787879
413.275 21.74 0 0 "KDE LDA" 10 1500 3.2979797979798
417.66 21.89 0 0 "KDE LDA" 10 1500 3.30808080808081
422.14 21.935 0 0 "KDE LDA" 10 1500 3.31818181818182
427.69 22.27 0 0 "KDE LDA" 10 1500 3.32828282828283
430.33 22.58 0 0 "KDE LDA" 10 1500 3.33838383838384
453.44 22.74 0 0 "KDE LDA" 10 1500 3.34848484848485
511.165 23.1 0 0 "KDE LDA" 10 1500 3.35858585858586
511.765 23.155 0 0 "KDE LDA" 10 1500 3.36868686868687
516.615 23.365 0 0 "KDE LDA" 10 1500 3.37878787878788
531.545 23.465 0 0 "KDE LDA" 10 1500 3.38888888888889
536.075 23.505 0 0 "KDE LDA" 10 1500 3.3989898989899
538.28 23.81 0 0 "KDE LDA" 10 1500 3.40909090909091
538.28 23.83 0 0 "KDE LDA" 10 1500 3.41919191919192
540.36 23.885 0 0 "KDE LDA" 10 1500 3.42929292929293
540.365 23.995 0 0 "KDE LDA" 10 1500 3.43939393939394
551.23 24.07 0 0 "KDE LDA" 10 1500 3.44949494949495
551.46 24.125 0 0 "KDE LDA" 10 1500 3.45959595959596
558.17 24.18 0 0 "KDE LDA" 10 1500 3.46969696969697
563.34 24.215 0 0 "KDE LDA" 10 1500 3.47979797979798
573.505 24.415 0 0 "KDE LDA" 10 1500 3.48989898989899
577.6 24.45 0 0 "KDE LDA" 10 1500 3.5
94.685 13.185 0 0 "KDE QDA" 10 1500 2.8
94.7 13.185 0 0 "KDE QDA" 10 1500 2.81010101010101
94.7 13.185 0 0 "KDE QDA" 10 1500 2.82020202020202
95 13.235 0 0 "KDE QDA" 10 1500 2.83030303030303
95.73 13.245 0 0 "KDE QDA" 10 1500 2.84040404040404
96.575 13.3 0 0 "KDE QDA" 10 1500 2.85050505050505
96.575 13.305 0 0 "KDE QDA" 10 1500 2.86060606060606
96.65 13.31 0 0 "KDE QDA" 10 1500 2.87070707070707
96.65 13.31 0 0 "KDE QDA" 10 1500 2.88080808080808
96.945 13.31 0 0 "KDE QDA" 10 1500 2.89090909090909
97.21 13.315 0 0 "KDE QDA" 10 1500 2.9010101010101
97.22 13.315 0 0 "KDE QDA" 10 1500 2.91111111111111
97.22 13.32 0 0 "KDE QDA" 10 1500 2.92121212121212
97.245 13.325 0 0 "KDE QDA" 10 1500 2.93131313131313
97.245 13.33 0 0 "KDE QDA" 10 1500 2.94141414141414
99.06 13.335 0 0 "KDE QDA" 10 1500 2.95151515151515
103.01 13.58 0 0 "KDE QDA" 10 1500 2.96161616161616
104.205 13.585 0 0 "KDE QDA" 10 1500 2.97171717171717
104.21 13.61 0 0 "KDE QDA" 10 1500 2.98181818181818
105.01 13.615 0 0 "KDE QDA" 10 1500 2.99191919191919
106.09 13.63 0 0 "KDE QDA" 10 1500 3.0020202020202
107.785 13.635 0 0 "KDE QDA" 10 1500 3.01212121212121
107.825 13.64 0 0 "KDE QDA" 10 1500 3.02222222222222
108.935 13.64 0 0 "KDE QDA" 10 1500 3.03232323232323
109.35 13.64 0 0 "KDE QDA" 10 1500 3.04242424242424
109.35 13.64 0 0 "KDE QDA" 10 1500 3.05252525252525
109.35 13.65 0 0 "KDE QDA" 10 1500 3.06262626262626
110.605 13.65 0 0 "KDE QDA" 10 1500 3.07272727272727
110.96 13.655 0 0 "KDE QDA" 10 1500 3.08282828282828
120.6 14.055 0 0 "KDE QDA" 10 1500 3.09292929292929
121.165 14.06 0 0 "KDE QDA" 10 1500 3.1030303030303
121.165 14.08 0 0 "KDE QDA" 10 1500 3.11313131313131
121.17 14.125 0 0 "KDE QDA" 10 1500 3.12323232323232
121.185 14.215 0 0 "KDE QDA" 10 1500 3.13333333333333
121.185 14.22 0 0 "KDE QDA" 10 1500 3.14343434343434
123.585 14.26 0 0 "KDE QDA" 10 1500 3.15353535353535
125.12 14.265 0 0 "KDE QDA" 10 1500 3.16363636363636
125.12 14.27 0 0 "KDE QDA" 10 1500 3.17373737373737
127.3 14.28 0 0 "KDE QDA" 10 1500 3.18383838383838
127.59 14.37 0 0 "KDE QDA" 10 1500 3.19393939393939
129.52 14.38 0 0 "KDE QDA" 10 1500 3.2040404040404
129.52 14.38 0 0 "KDE QDA" 10 1500 3.21414141414141
145.285 14.865 0 0 "KDE QDA" 10 1500 3.22424242424242
148.395 14.935 0 0 "KDE QDA" 10 1500 3.23434343434343
148.4 14.935 0 0 "KDE QDA" 10 1500 3.24444444444444
150.555 15.03 0 0 "KDE QDA" 10 1500 3.25454545454545
150.69 15.055 0 0 "KDE QDA" 10 1500 3.26464646464646
150.695 15.1 0 0 "KDE QDA" 10 1500 3.27474747474747
152.39 15.105 0 0 "KDE QDA" 10 1500 3.28484848484848
152.68 15.11 0 0 "KDE QDA" 10 1500 3.29494949494949
155.175 15.125 0 0 "KDE QDA" 10 1500 3.30505050505051
155.175 15.145 0 0 "KDE QDA" 10 1500 3.31515151515151
155.21 15.155 0 0 "KDE QDA" 10 1500 3.32525252525252
155.25 15.16 0 0 "KDE QDA" 10 1500 3.33535353535354
155.25 15.165 0 0 "KDE QDA" 10 1500 3.34545454545455
156.635 15.175 0 0 "KDE QDA" 10 1500 3.35555555555556
171.36 15.515 0 0 "KDE QDA" 10 1500 3.36565656565657
171.86 15.515 0 0 "KDE QDA" 10 1500 3.37575757575758
177.435 15.63 0 0 "KDE QDA" 10 1500 3.38585858585859
177.455 15.65 0 0 "KDE QDA" 10 1500 3.3959595959596
178.03 15.69 0 0 "KDE QDA" 10 1500 3.40606060606061
178.04 15.695 0 0 "KDE QDA" 10 1500 3.41616161616162
178.05 15.715 0 0 "KDE QDA" 10 1500 3.42626262626263
178.325 15.715 0 0 "KDE QDA" 10 1500 3.43636363636364
179.385 15.715 0 0 "KDE QDA" 10 1500 3.44646464646465
179.4 15.72 0 0 "KDE QDA" 10 1500 3.45656565656566
180.835 15.725 0 0 "KDE QDA" 10 1500 3.46666666666667
181.57 15.74 0 0 "KDE QDA" 10 1500 3.47676767676768
181.57 15.805 0 0 "KDE QDA" 10 1500 3.48686868686869
181.57 15.805 0 0 "KDE QDA" 10 1500 3.4969696969697
181.575 15.845 0 0 "KDE QDA" 10 1500 3.50707070707071
188.21 16.12 0 0 "KDE QDA" 10 1500 3.51717171717172
192.295 16.145 0 0 "KDE QDA" 10 1500 3.52727272727273
192.605 16.15 0 0 "KDE QDA" 10 1500 3.53737373737374
192.71 16.2 0 0 "KDE QDA" 10 1500 3.54747474747475
194.675 16.24 0 0 "KDE QDA" 10 1500 3.55757575757576
194.735 16.245 0 0 "KDE QDA" 10 1500 3.56767676767677
196.02 16.255 0 0 "KDE QDA" 10 1500 3.57777777777778
196.705 16.265 0 0 "KDE QDA" 10 1500 3.58787878787879
199.32 16.265 0 0 "KDE QDA" 10 1500 3.5979797979798
199.86 16.265 0 0 "KDE QDA" 10 1500 3.60808080808081
199.86 16.34 0 0 "KDE QDA" 10 1500 3.61818181818182
199.87 16.34 0 0 "KDE QDA" 10 1500 3.62828282828283
201.57 16.365 0 0 "KDE QDA" 10 1500 3.63838383838384
201.8 16.365 0 0 "KDE QDA" 10 1500 3.64848484848485
206.91 16.65 0 0 "KDE QDA" 10 1500 3.65858585858586
212.94 16.67 0 0 "KDE QDA" 10 1500 3.66868686868687
213.215 16.73 0 0 "KDE QDA" 10 1500 3.67878787878788
213.505 16.8 0 0 "KDE QDA" 10 1500 3.68888888888889
213.505 16.805 0 0 "KDE QDA" 10 1500 3.6989898989899
213.535 16.81 0 0 "KDE QDA" 10 1500 3.70909090909091
220.87 16.82 0 0 "KDE QDA" 10 1500 3.71919191919192
222.185 16.86 0 0 "KDE QDA" 10 1500 3.72929292929293
228.435 16.87 0 0 "KDE QDA" 10 1500 3.73939393939394
230.655 16.875 0 0 "KDE QDA" 10 1500 3.74949494949495
231.075 16.88 0 0 "KDE QDA" 10 1500 3.75959595959596
231.075 16.895 0 0 "KDE QDA" 10 1500 3.76969696969697
231.1 16.895 0 0 "KDE QDA" 10 1500 3.77979797979798
252.21 17.32 0 0 "KDE QDA" 10 1500 3.78989898989899
255.41 17.32 0 0 "KDE QDA" 10 1500 3.8
