138.47 15 0 0 "KDE LDA" 82 800 2.4
139.715 15.035 0 0 "KDE LDA" 82 800 2.41010101010101
142.115 15.155 0 0 "KDE LDA" 82 800 2.42020202020202
142.12 15.175 0 0 "KDE LDA" 82 800 2.43030303030303
142.12 15.245 0 0 "KDE LDA" 82 800 2.44040404040404
143.865 15.31 0 0 "KDE LDA" 82 800 2.45050505050505
146.54 15.395 0 0 "KDE LDA" 82 800 2.46060606060606
146.55 15.58 0 0 "KDE LDA" 82 800 2.47070707070707
146.55 15.615 0 0 "KDE LDA" 82 800 2.48080808080808
147.605 15.615 0 0 "KDE LDA" 82 800 2.49090909090909
148.42 15.65 0 0 "KDE LDA" 82 800 2.5010101010101
149.18 15.745 0 0 "KDE LDA" 82 800 2.51111111111111
150.42 15.755 0 0 "KDE LDA" 82 800 2.52121212121212
150.485 15.865 0 0 "KDE LDA" 82 800 2.53131313131313
151.945 15.9 0 0 "KDE LDA" 82 800 2.54141414141414
152.085 15.94 0 0 "KDE LDA" 82 800 2.55151515151515
152.095 15.955 0 0 "KDE LDA" 82 800 2.56161616161616
152.47 16.005 0 0 "KDE LDA" 82 800 2.57171717171717
162.38 16.005 0 0 "KDE LDA" 82 800 2.58181818181818
162.99 16.085 0 0 "KDE LDA" 82 800 2.59191919191919
163.2 16.14 0 0 "KDE LDA" 82 800 2.6020202020202
165.525 16.17 0 0 "KDE LDA" 82 800 2.61212121212121
172.195 16.185 0 0 "KDE LDA" 82 800 2.62222222222222
172.395 16.21 0 0 "KDE LDA" 82 800 2.63232323232323
179.14 16.225 0 0 "KDE LDA" 82 800 2.64242424242424
185.41 16.325 0 0 "KDE LDA" 82 800 2.65252525252525
194.17 16.715 0 0 "KDE LDA" 82 800 2.66262626262626
196.43 16.805 0 0 "KDE LDA" 82 800 2.67272727272727
198.47 16.81 0 0 "KDE LDA" 82 800 2.68282828282828
203.965 16.88 0 0 "KDE LDA" 82 800 2.69292929292929
204.7 16.92 0 0 "KDE LDA" 82 800 2.7030303030303
204.88 16.965 0 0 "KDE LDA" 82 800 2.71313131313131
206.295 17 0 0 "KDE LDA" 82 800 2.72323232323232
207.435 17.05 0 0 "KDE LDA" 82 800 2.73333333333333
207.915 17.065 0 0 "KDE LDA" 82 800 2.74343434343434
210.91 17.175 0 0 "KDE LDA" 82 800 2.75353535353535
215.66 17.25 0 0 "KDE LDA" 82 800 2.76363636363636
217.28 17.395 0 0 "KDE LDA" 82 800 2.77373737373737
223.61 17.435 0 0 "KDE LDA" 82 800 2.78383838383838
231.275 17.76 0 0 "KDE LDA" 82 800 2.79393939393939
273.64 18.28 0 0 "KDE LDA" 82 800 2.8040404040404
273.66 18.3 0 0 "KDE LDA" 82 800 2.81414141414141
278.675 18.56 0 0 "KDE LDA" 82 800 2.82424242424242
279.24 18.665 0 0 "KDE LDA" 82 800 2.83434343434343
280.945 18.805 0 0 "KDE LDA" 82 800 2.84444444444444
280.96 18.805 0 0 "KDE LDA" 82 800 2.85454545454545
280.985 18.855 0 0 "KDE LDA" 82 800 2.86464646464646
281.98 18.93 0 0 "KDE LDA" 82 800 2.87474747474747
286.605 18.97 0 0 "KDE LDA" 82 800 2.88484848484848
286.605 19.175 0 0 "KDE LDA" 82 800 2.89494949494949
288.12 19.195 0 0 "KDE LDA" 82 800 2.90505050505051
288.265 19.22 0 0 "KDE LDA" 82 800 2.91515151515152
291.065 19.25 0 0 "KDE LDA" 82 800 2.92525252525253
294.715 19.365 0 0 "KDE LDA" 82 800 2.93535353535354
303.715 19.585 0 0 "KDE LDA" 82 800 2.94545454545455
312.835 19.615 0 0 "KDE LDA" 82 800 2.95555555555556
317.235 19.665 0 0 "KDE LDA" 82 800 2.96565656565657
317.865 19.725 0 0 "KDE LDA" 82 800 2.97575757575758
319.16 19.895 0 0 "KDE LDA" 82 800 2.98585858585859
319.165 19.97 0 0 "KDE LDA" 82 800 2.9959595959596
321.9 20 0 0 "KDE LDA" 82 800 3.00606060606061
321.905 20.09 0 0 "KDE LDA" 82 800 3.01616161616162
323.425 20.18 0 0 "KDE LDA" 82 800 3.02626262626263
330.475 20.305 0 0 "KDE LDA" 82 800 3.03636363636364
334.66 20.4 0 0 "KDE LDA" 82 800 3.04646464646465
334.67 20.425 0 0 "KDE LDA" 82 800 3.05656565656566
338.695 20.565 0 0 "KDE LDA" 82 800 3.06666666666667
341.7 20.63 0 0 "KDE LDA" 82 800 3.07676767676768
342.035 21.15 0 0 "KDE LDA" 82 800 3.08686868686869
350.035 21.28 0 0 "KDE LDA" 82 800 3.0969696969697
350.755 21.365 0 0 "KDE LDA" 82 800 3.10707070707071
353.605 21.385 0 0 "KDE LDA" 82 800 3.11717171717172
353.645 21.39 0 0 "KDE LDA" 82 800 3.12727272727273
355.92 21.405 0 0 "KDE LDA" 82 800 3.13737373737374
357.935 21.475 0 0 "KDE LDA" 82 800 3.14747474747475
357.945 21.525 0 0 "KDE LDA" 82 800 3.15757575757576
357.96 21.58 0 0 "KDE LDA" 82 800 3.16767676767677
368.91 21.73 0 0 "KDE LDA" 82 800 3.17777777777778
389.5 21.815 0 0 "KDE LDA" 82 800 3.18787878787879
389.515 21.825 0 0 "KDE LDA" 82 800 3.1979797979798
392.915 21.87 0 0 "KDE LDA" 82 800 3.20808080808081
393.615 22.09 0 0 "KDE LDA" 82 800 3.21818181818182
410.735 22.435 0 0 "KDE LDA" 82 800 3.22828282828283
418.045 22.45 0 0 "KDE LDA" 82 800 3.23838383838384
418.065 22.58 0 0 "KDE LDA" 82 800 3.24848484848485
419.96 22.59 0 0 "KDE LDA" 82 800 3.25858585858586
431.135 22.705 0 0 "KDE LDA" 82 800 3.26868686868687
432 22.725 0 0 "KDE LDA" 82 800 3.27878787878788
432.005 22.735 0 0 "KDE LDA" 82 800 3.28888888888889
449.63 22.875 0 0 "KDE LDA" 82 800 3.2989898989899
455.22 22.945 0 0 "KDE LDA" 82 800 3.30909090909091
458.575 22.985 0 0 "KDE LDA" 82 800 3.31919191919192
465.89 23.145 0 0 "KDE LDA" 82 800 3.32929292929293
488.175 23.225 0 0 "KDE LDA" 82 800 3.33939393939394
500.21 23.365 0 0 "KDE LDA" 82 800 3.34949494949495
534.51 24.095 0 0 "KDE LDA" 82 800 3.35959595959596
538.655 24.11 0 0 "KDE LDA" 82 800 3.36969696969697
546.165 24.185 0 0 "KDE LDA" 82 800 3.37979797979798
547.795 24.195 0 0 "KDE LDA" 82 800 3.38989898989899
551.43 24.235 0 0 "KDE LDA" 82 800 3.4
80.88 16.56 0 0 "KDE QDA" 82 800 4.3
80.9 16.6 0 0 "KDE QDA" 82 800 4.31010101010101
80.91 16.61 0 0 "KDE QDA" 82 800 4.32020202020202
80.93 16.64 0 0 "KDE QDA" 82 800 4.33030303030303
81.55 16.69 0 0 "KDE QDA" 82 800 4.34040404040404
84.15 16.915 0 0 "KDE QDA" 82 800 4.35050505050505
84.745 16.955 0 0 "KDE QDA" 82 800 4.36060606060606
84.88 16.99 0 0 "KDE QDA" 82 800 4.37070707070707
84.885 17 0 0 "KDE QDA" 82 800 4.38080808080808
84.915 17.045 0 0 "KDE QDA" 82 800 4.39090909090909
85.175 17.08 0 0 "KDE QDA" 82 800 4.4010101010101
85.245 17.11 0 0 "KDE QDA" 82 800 4.41111111111111
85.26 17.115 0 0 "KDE QDA" 82 800 4.42121212121212
85.305 17.17 0 0 "KDE QDA" 82 800 4.43131313131313
86.2 17.18 0 0 "KDE QDA" 82 800 4.44141414141414
86.525 17.195 0 0 "KDE QDA" 82 800 4.45151515151515
86.61 17.215 0 0 "KDE QDA" 82 800 4.46161616161616
88.045 17.215 0 0 "KDE QDA" 82 800 4.47171717171717
89.07 17.525 0 0 "KDE QDA" 82 800 4.48181818181818
89.125 17.535 0 0 "KDE QDA" 82 800 4.49191919191919
89.16 17.54 0 0 "KDE QDA" 82 800 4.5020202020202
89.92 17.59 0 0 "KDE QDA" 82 800 4.51212121212121
89.975 17.62 0 0 "KDE QDA" 82 800 4.52222222222222
91.555 17.655 0 0 "KDE QDA" 82 800 4.53232323232323
91.58 17.715 0 0 "KDE QDA" 82 800 4.54242424242424
92.155 17.72 0 0 "KDE QDA" 82 800 4.55252525252525
92.505 17.76 0 0 "KDE QDA" 82 800 4.56262626262626
93.11 17.76 0 0 "KDE QDA" 82 800 4.57272727272727
93.98 17.765 0 0 "KDE QDA" 82 800 4.58282828282828
94.18 17.78 0 0 "KDE QDA" 82 800 4.59292929292929
94.735 17.785 0 0 "KDE QDA" 82 800 4.6030303030303
95.295 17.79 0 0 "KDE QDA" 82 800 4.61313131313131
95.99 17.795 0 0 "KDE QDA" 82 800 4.62323232323232
96.345 17.805 0 0 "KDE QDA" 82 800 4.63333333333333
97.145 17.88 0 0 "KDE QDA" 82 800 4.64343434343434
97.735 17.895 0 0 "KDE QDA" 82 800 4.65353535353535
97.785 17.905 0 0 "KDE QDA" 82 800 4.66363636363636
97.94 17.915 0 0 "KDE QDA" 82 800 4.67373737373737
98.74 17.92 0 0 "KDE QDA" 82 800 4.68383838383838
99.95 17.975 0 0 "KDE QDA" 82 800 4.69393939393939
100 18.045 0 0 "KDE QDA" 82 800 4.7040404040404
100.13 18.055 0 0 "KDE QDA" 82 800 4.71414141414141
100.16 18.09 0 0 "KDE QDA" 82 800 4.72424242424242
100.18 18.12 0 0 "KDE QDA" 82 800 4.73434343434343
100.58 18.155 0 0 "KDE QDA" 82 800 4.74444444444444
100.62 18.18 0 0 "KDE QDA" 82 800 4.75454545454545
100.7 18.195 0 0 "KDE QDA" 82 800 4.76464646464646
101.94 18.34 0 0 "KDE QDA" 82 800 4.77474747474747
102.07 18.385 0 0 "KDE QDA" 82 800 4.78484848484849
102.09 18.415 0 0 "KDE QDA" 82 800 4.79494949494949
102.09 18.445 0 0 "KDE QDA" 82 800 4.80505050505051
102.6 18.455 0 0 "KDE QDA" 82 800 4.81515151515152
102.62 18.52 0 0 "KDE QDA" 82 800 4.82525252525252
102.695 18.54 0 0 "KDE QDA" 82 800 4.83535353535354
102.7 18.56 0 0 "KDE QDA" 82 800 4.84545454545455
102.715 18.57 0 0 "KDE QDA" 82 800 4.85555555555556
102.75 18.58 0 0 "KDE QDA" 82 800 4.86565656565657
103.58 18.605 0 0 "KDE QDA" 82 800 4.87575757575758
104.055 18.615 0 0 "KDE QDA" 82 800 4.88585858585859
104.305 18.64 0 0 "KDE QDA" 82 800 4.8959595959596
105.27 18.82 0 0 "KDE QDA" 82 800 4.90606060606061
105.44 18.83 0 0 "KDE QDA" 82 800 4.91616161616162
105.47 18.875 0 0 "KDE QDA" 82 800 4.92626262626263
105.885 18.985 0 0 "KDE QDA" 82 800 4.93636363636364
105.905 18.99 0 0 "KDE QDA" 82 800 4.94646464646465
106.01 19 0 0 "KDE QDA" 82 800 4.95656565656566
106.58 19.045 0 0 "KDE QDA" 82 800 4.96666666666667
108.525 19.065 0 0 "KDE QDA" 82 800 4.97676767676768
108.55 19.07 0 0 "KDE QDA" 82 800 4.98686868686869
108.73 19.24 0 0 "KDE QDA" 82 800 4.9969696969697
109.17 19.25 0 0 "KDE QDA" 82 800 5.00707070707071
109.4 19.285 0 0 "KDE QDA" 82 800 5.01717171717172
109.455 19.3 0 0 "KDE QDA" 82 800 5.02727272727273
111.635 19.6 0 0 "KDE QDA" 82 800 5.03737373737374
111.665 19.605 0 0 "KDE QDA" 82 800 5.04747474747475
111.715 19.61 0 0 "KDE QDA" 82 800 5.05757575757576
111.85 19.695 0 0 "KDE QDA" 82 800 5.06767676767677
111.88 19.76 0 0 "KDE QDA" 82 800 5.07777777777778
112.02 19.765 0 0 "KDE QDA" 82 800 5.08787878787879
113.595 19.785 0 0 "KDE QDA" 82 800 5.0979797979798
113.625 19.79 0 0 "KDE QDA" 82 800 5.10808080808081
113.72 19.79 0 0 "KDE QDA" 82 800 5.11818181818182
114.24 19.835 0 0 "KDE QDA" 82 800 5.12828282828283
114.255 19.84 0 0 "KDE QDA" 82 800 5.13838383838384
115.15 19.84 0 0 "KDE QDA" 82 800 5.14848484848485
115.58 19.865 0 0 "KDE QDA" 82 800 5.15858585858586
115.595 19.94 0 0 "KDE QDA" 82 800 5.16868686868687
115.745 19.965 0 0 "KDE QDA" 82 800 5.17878787878788
116.625 20.005 0 0 "KDE QDA" 82 800 5.18888888888889
116.92 20.095 0 0 "KDE QDA" 82 800 5.1989898989899
117.605 20.12 0 0 "KDE QDA" 82 800 5.20909090909091
117.615 20.16 0 0 "KDE QDA" 82 800 5.21919191919192
118.445 20.195 0 0 "KDE QDA" 82 800 5.22929292929293
119.395 20.2 0 0 "KDE QDA" 82 800 5.23939393939394
119.43 20.21 0 0 "KDE QDA" 82 800 5.24949494949495
119.455 20.22 0 0 "KDE QDA" 82 800 5.25959595959596
119.55 20.255 0 0 "KDE QDA" 82 800 5.26969696969697
120.48 20.255 0 0 "KDE QDA" 82 800 5.27979797979798
120.525 20.26 0 0 "KDE QDA" 82 800 5.28989898989899
121.37 20.295 0 0 "KDE QDA" 82 800 5.3
