42.357 0 37.9395962546251 "LDA" 38 3 1 1.5
44.865 0 39.9745511511979 "LDA" 38 3 1 1.53535353535354
47.533 0 42.717651020494 "LDA" 38 3 1 1.57070707070707
50.414 0 45.1229729371491 "LDA" 38 3 1 1.60606060606061
52.304 0 47.1082452525115 "LDA" 38 3 1 1.64141414141414
54.955 0 49.4489046306303 "LDA" 38 3 1 1.67676767676768
57.493 0 52.6276697434213 "LDA" 38 3 1 1.71212121212121
60.589 0 55.0435088531506 "LDA" 38 3 1 1.74747474747475
63.713 0 57.4497615844148 "LDA" 38 3 1 1.78282828282828
67.188 0 60.614955488137 "LDA" 38 3 1 1.81818181818182
70.174 0 62.7490491335699 "LDA" 38 3 1 1.85353535353535
72.938 0 65.9257640256248 "LDA" 38 3 1 1.88888888888889
76.933 0 68.3388228293823 "LDA" 38 3 1 1.92424242424242
81.129 0 71.394898911551 "LDA" 38 3 1 1.95959595959596
83.92 0 74.9844268116005 "LDA" 38 3 1 1.99494949494949
87.448 0 77.6347115950362 "LDA" 38 3 1 2.03030303030303
94.087 0 87.0767235648355 "LDA" 38 3 1 2.06565656565657
99.259 0 93.1411358648271 "LDA" 38 3 1 2.1010101010101
103.518 0 98.5344341370605 "LDA" 38 3 1 2.13636363636364
108.09 0 100.009388448174 "LDA" 38 3 1 2.17171717171717
113.27 0 105.97406098476 "LDA" 38 3 1 2.20707070707071
119.307 0 110.643412437053 "LDA" 38 3 1 2.24242424242424
124.275 0 117.414417856243 "LDA" 38 3 1 2.27777777777778
131.154 0 122.150444186728 "LDA" 38 3 1 2.31313131313131
137.272 0 127.652979985973 "LDA" 38 3 1 2.34848484848485
143.563 0 134.680239076851 "LDA" 38 3 1 2.38383838383838
149.224 0 137.877786855273 "LDA" 38 3 1 2.41919191919192
153.893 0 140.455064615614 "LDA" 38 3 1 2.45454545454545
162.169 0 149.65885276592 "LDA" 38 3 1 2.48989898989899
169.006 0 159.162592007967 "LDA" 38 3 1 2.52525252525253
172.615 0 160.922567863702 "LDA" 38 3 1 2.56060606060606
178.5 0 166.500157063897 "LDA" 38 3 1 2.5959595959596
185.622 0 177.726632421458 "LDA" 38 3 1 2.63131313131313
189.463 0 179.49105735571 "LDA" 38 3 1 2.66666666666667
197.599 0 185.515147815668 "LDA" 38 3 1 2.7020202020202
206.968 0 193.112939969293 "LDA" 38 3 1 2.73737373737374
214.259 0 201.607220580986 "LDA" 38 3 1 2.77272727272727
226.067 0 216.733689127932 "LDA" 38 3 1 2.80808080808081
232.655 0 221.782012878043 "LDA" 38 3 1 2.84343434343434
243.069 0 232.732052900857 "LDA" 38 3 1 2.87878787878788
250.081 0 238.794998880819 "LDA" 38 3 1 2.91414141414141
258.15 0 241.791916388515 "LDA" 38 3 1 2.94949494949495
267.96 0 251.896447414846 "LDA" 38 3 1 2.98484848484848
279.03 0 262.181869000189 "LDA" 38 3 1 3.02020202020202
293.418 0 277.651619296012 "LDA" 38 3 1 3.05555555555556
304.423 0 285.528065778738 "LDA" 38 3 1 3.09090909090909
314.929 0 297.405665865815 "LDA" 38 3 1 3.12626262626263
329.23 0 312.927126479132 "LDA" 38 3 1 3.16161616161616
342.709418837675 2 324.569727880207 "LDA" 38 3 1 3.1969696969697
353.359077231695 3 329.290129533187 "LDA" 38 3 1 3.23232323232323
367.399197592778 3 335.789017354741 "LDA" 38 3 1 3.26767676767677
380.913741223671 3 344.869890752929 "LDA" 38 3 1 3.3030303030303
395.461384152457 3 353.581565493902 "LDA" 38 3 1 3.33838383838384
409.590361445783 4 364.268823461741 "LDA" 38 3 1 3.37373737373737
432.623115577889 5 386.745937521622 "LDA" 38 3 1 3.40909090909091
446.743460764588 6 396.771319455035 "LDA" 38 3 1 3.44444444444444
457.811111111111 10 406.601368765129 "LDA" 38 3 1 3.47979797979798
469.011144883485 13 408.80721821007 "LDA" 38 3 1 3.51515151515152
487.491886409736 14 427.286506711073 "LDA" 38 3 1 3.55050505050505
503.476093591048 17 434.174035220525 "LDA" 38 3 1 3.58585858585859
513.658486707566 22 439.509468744683 "LDA" 38 3 1 3.62121212121212
524.578622816033 27 448.66108451776 "LDA" 38 3 1 3.65656565656566
537.577319587629 30 452.005491784942 "LDA" 38 3 1 3.69191919191919
548.481366459627 34 455.345543407571 "LDA" 38 3 1 3.72727272727273
562.445945945946 38 465.780550268602 "LDA" 38 3 1 3.76262626262626
569.717868338558 43 472.105946712149 "LDA" 38 3 1 3.7979797979798
583.762854144806 47 477.134767712344 "LDA" 38 3 1 3.83333333333333
592.72216330859 57 477.530158457562 "LDA" 38 3 1 3.86868686868687
606.68128342246 65 483.589357872567 "LDA" 38 3 1 3.9040404040404
624.631465517241 72 494.434010004787 "LDA" 38 3 1 3.93939393939394
632.300326441785 81 498.161964883886 "LDA" 38 3 1 3.97474747474747
642.279605263158 88 499.538759486231 "LDA" 38 3 1 4.01010101010101
653.332965821389 93 501.798376706918 "LDA" 38 3 1 4.04545454545454
661.854767184035 98 504.68875033121 "LDA" 38 3 1 4.08080808080808
669.826621923937 106 507.923870866679 "LDA" 38 3 1 4.11616161616162
675.431972789116 118 509.824356501029 "LDA" 38 3 1 4.15151515151515
684.719036697248 128 514.492484722382 "LDA" 38 3 1 4.18686868686869
701.064516129032 132 523.434587564832 "LDA" 38 3 1 4.22222222222222
711.37775202781 137 527.056250330621 "LDA" 38 3 1 4.25757575757576
721.392479435958 149 530.978518355629 "LDA" 38 3 1 4.29292929292929
725.667461263409 161 529.863710379564 "LDA" 38 3 1 4.32828282828283
735.667878787879 175 535.822850787192 "LDA" 38 3 1 4.36363636363636
743.649079754601 185 534.524633969666 "LDA" 38 3 1 4.3989898989899
753.415 200 535.707565767019 "LDA" 38 3 1 4.43434343434343
763.245235069886 213 540.827463832657 "LDA" 38 3 1 4.46969696969697
769.432816537468 226 545.720398115275 "LDA" 38 3 1 4.50505050505051
778.139841688654 242 544.014811527106 "LDA" 38 3 1 4.54040404040404
790.965379494008 249 547.007096967814 "LDA" 38 3 1 4.57575757575758
800.037991858887 263 545.011000258237 "LDA" 38 3 1 4.61111111111111
807.112656467316 281 541.727888958327 "LDA" 38 3 1 4.64646464646465
813.011283497884 291 539.832682162964 "LDA" 38 3 1 4.68181818181818
817.152857142857 300 540.522828343403 "LDA" 38 3 1 4.71717171717172
821.706489675516 322 538.836188555176 "LDA" 38 3 1 4.75252525252525
832.011994002998 333 535.753461610562 "LDA" 38 3 1 4.78787878787879
832.186153846154 350 537.974484698887 "LDA" 38 3 1 4.82323232323232
844.378335949765 363 544.347234463716 "LDA" 38 3 1 4.85858585858586
847.534846029173 383 546.607686988887 "LDA" 38 3 1 4.89393939393939
853.355371900826 395 547.226472535317 "LDA" 38 3 1 4.92929292929293
859.783783783784 408 549.108772344046 "LDA" 38 3 1 4.96464646464646
865.447916666667 424 548.310296848814 "LDA" 38 3 1 5
17.771 0 14.0153126254104 "uLSIF" 38 3 1 1.5
18.304 0 14.2401673573862 "uLSIF" 38 3 1 1.53535353535354
19.094 0 15.2172510240427 "uLSIF" 38 3 1 1.57070707070707
19.765 0 16.0446004688245 "uLSIF" 38 3 1 1.60606060606061
20.206 0 16.1728514840496 "uLSIF" 38 3 1 1.64141414141414
20.709 0 16.5776094819529 "uLSIF" 38 3 1 1.67676767676768
21.343 0 17.3003657086679 "uLSIF" 38 3 1 1.71212121212121
21.921 0 17.7067299998415 "uLSIF" 38 3 1 1.74747474747475
22.747 0 18.3364450266734 "uLSIF" 38 3 1 1.78282828282828
23.285 0 18.4965374299326 "uLSIF" 38 3 1 1.81818181818182
24.322 0 19.7303218828686 "uLSIF" 38 3 1 1.85353535353535
25.254 0 20.686987103864 "uLSIF" 38 3 1 1.88888888888889
25.871 0 21.0764459901468 "uLSIF" 38 3 1 1.92424242424242
26.552 0 21.4815444685142 "uLSIF" 38 3 1 1.95959595959596
27.06 0 21.8514046203873 "uLSIF" 38 3 1 1.99494949494949
27.942 0 22.5310959850223 "uLSIF" 38 3 1 2.03030303030303
28.465 0 22.9360161282607 "uLSIF" 38 3 1 2.06565656565657
29.216 0 23.4756991898527 "uLSIF" 38 3 1 2.1010101010101
29.832 0 24.1867065300915 "uLSIF" 38 3 1 2.13636363636364
30.615 0 24.6922352467629 "uLSIF" 38 3 1 2.17171717171717
31.538 0 25.6612364288055 "uLSIF" 38 3 1 2.20707070707071
32.476 0 26.9198086936014 "uLSIF" 38 3 1 2.24242424242424
33.821 0 28.7767103411432 "uLSIF" 38 3 1 2.27777777777778
34.761 0 29.2947787679488 "uLSIF" 38 3 1 2.31313131313131
35.663 0 29.8797294035476 "uLSIF" 38 3 1 2.34848484848485
36.329 0 30.2224445595514 "uLSIF" 38 3 1 2.38383838383838
37.192 0 30.6685130662328 "uLSIF" 38 3 1 2.41919191919192
38.271 0 31.6605108446934 "uLSIF" 38 3 1 2.45454545454545
39.218 0 32.7773524072771 "uLSIF" 38 3 1 2.48989898989899
39.865 0 33.1110119765934 "uLSIF" 38 3 1 2.52525252525253
40.581 0 33.4788630821489 "uLSIF" 38 3 1 2.56060606060606
41.734 0 34.2039347612691 "uLSIF" 38 3 1 2.5959595959596
42.401 0 34.8227055212518 "uLSIF" 38 3 1 2.63131313131313
43.117 0 35.5602002080815 "uLSIF" 38 3 1 2.66666666666667
43.88 0 36.0919413197493 "uLSIF" 38 3 1 2.7020202020202
44.694 0 36.4894758231171 "uLSIF" 38 3 1 2.73737373737374
45.968 0 38.3238528033612 "uLSIF" 38 3 1 2.77272727272727
46.706 0 38.8634781502368 "uLSIF" 38 3 1 2.80808080808081
47.543 0 39.5392653510976 "uLSIF" 38 3 1 2.84343434343434
48.426 0 40.1851635727836 "uLSIF" 38 3 1 2.87878787878788
49.351 0 40.906076640349 "uLSIF" 38 3 1 2.91414141414141
50.613 0 41.9050983565039 "uLSIF" 38 3 1 2.94949494949495
51.841 0 42.819004964924 "uLSIF" 38 3 1 2.98484848484848
52.742 0 43.085308166239 "uLSIF" 38 3 1 3.02020202020202
54.044 0 44.4608685568876 "uLSIF" 38 3 1 3.05555555555556
55.188 0 44.7171139081703 "uLSIF" 38 3 1 3.09090909090909
56.744 0 45.7164790908099 "uLSIF" 38 3 1 3.12626262626263
57.756 0 45.8706287135742 "uLSIF" 38 3 1 3.16161616161616
58.674 0 46.5671152233013 "uLSIF" 38 3 1 3.1969696969697
60.03 0 47.5250431849328 "uLSIF" 38 3 1 3.23232323232323
61.229 0 48.1069728816919 "uLSIF" 38 3 1 3.26767676767677
62.117 0 49.1514310490974 "uLSIF" 38 3 1 3.3030303030303
63.093 0 49.5230540645858 "uLSIF" 38 3 1 3.33838383838384
64.408 0 50.6200545824076 "uLSIF" 38 3 1 3.37373737373737
66.106 0 51.9258419003203 "uLSIF" 38 3 1 3.40909090909091
67.517 0 52.9879744511567 "uLSIF" 38 3 1 3.44444444444444
68.649 0 54.2986016130907 "uLSIF" 38 3 1 3.47979797979798
69.548 0 54.8338439875087 "uLSIF" 38 3 1 3.51515151515152
70.715 0 55.4291454486281 "uLSIF" 38 3 1 3.55050505050505
71.651 0 55.93088111645 "uLSIF" 38 3 1 3.58585858585859
73.498 0 58.8833188708079 "uLSIF" 38 3 1 3.62121212121212
74.462 0 60.5669291685562 "uLSIF" 38 3 1 3.65656565656566
75.329 0 60.6050140394896 "uLSIF" 38 3 1 3.69191919191919
76.874 0 61.3845598517102 "uLSIF" 38 3 1 3.72727272727273
78.175 0 62.6317580154997 "uLSIF" 38 3 1 3.76262626262626
79.579 0 64.5895778943675 "uLSIF" 38 3 1 3.7979797979798
80.688 0 65.5379422768054 "uLSIF" 38 3 1 3.83333333333333
82.007 0 66.5028238240797 "uLSIF" 38 3 1 3.86868686868687
83.597 0 67.6985796652241 "uLSIF" 38 3 1 3.9040404040404
84.607 0 68.1577584067363 "uLSIF" 38 3 1 3.93939393939394
85.43 0 68.5224958129258 "uLSIF" 38 3 1 3.97474747474747
87.344 0 71.2218942616821 "uLSIF" 38 3 1 4.01010101010101
89.027 0 71.6659352640938 "uLSIF" 38 3 1 4.04545454545454
90.323 0 72.8314155161499 "uLSIF" 38 3 1 4.08080808080808
91.745 0 73.7666964185092 "uLSIF" 38 3 1 4.11616161616162
93.111 0 74.9273032997971 "uLSIF" 38 3 1 4.15151515151515
94.543 0 75.7286536258237 "uLSIF" 38 3 1 4.18686868686869
96.328 0 77.1288615064249 "uLSIF" 38 3 1 4.22222222222222
97.896 0 77.7473719030929 "uLSIF" 38 3 1 4.25757575757576
99.232 0 78.8181227413624 "uLSIF" 38 3 1 4.29292929292929
101.154 0 82.0494143208249 "uLSIF" 38 3 1 4.32828282828283
102.716 0 83.7726638182361 "uLSIF" 38 3 1 4.36363636363636
105.012 0 85.8123045233468 "uLSIF" 38 3 1 4.3989898989899
106.991 0 87.0464013902642 "uLSIF" 38 3 1 4.43434343434343
109.067 0 88.9949133692797 "uLSIF" 38 3 1 4.46969696969697
110.451 0 90.6973737911557 "uLSIF" 38 3 1 4.50505050505051
112.151 0 91.591458085316 "uLSIF" 38 3 1 4.54040404040404
113.133 0 91.7421600734086 "uLSIF" 38 3 1 4.57575757575758
114.306 0 92.2331682277114 "uLSIF" 38 3 1 4.61111111111111
116.193 0 93.5409517840216 "uLSIF" 38 3 1 4.64646464646465
117.06 0 93.5984137849732 "uLSIF" 38 3 1 4.68181818181818
118.729 0 94.1109368109118 "uLSIF" 38 3 1 4.71717171717172
120.059 0 94.6252474578347 "uLSIF" 38 3 1 4.75252525252525
122.026 0 96.3755132985737 "uLSIF" 38 3 1 4.78787878787879
123.81 0 98.1130780073486 "uLSIF" 38 3 1 4.82323232323232
125.127 0 99.2969624800163 "uLSIF" 38 3 1 4.85858585858586
127.756 0 101.486767748451 "uLSIF" 38 3 1 4.89393939393939
130.364 0 104.63739526808 "uLSIF" 38 3 1 4.92929292929293
131.455 0 105.041190142851 "uLSIF" 38 3 1 4.96464646464646
132.765 0 105.920351660556 "uLSIF" 38 3 1 5
