25.038 0 19.6063501183919 "LDA" 8 1 2 1.5
25.937 0 20.6664494563806 "LDA" 8 1 2 1.53535353535354
26.819 0 21.6845211489084 "LDA" 8 1 2 1.57070707070707
27.928 0 22.4829334896116 "LDA" 8 1 2 1.60606060606061
29.189 0 23.4139165986917 "LDA" 8 1 2 1.64141414141414
30.419 0 24.0988006172754 "LDA" 8 1 2 1.67676767676768
31.232 0 24.7595478797819 "LDA" 8 1 2 1.71212121212121
32.601 0 25.8248857446403 "LDA" 8 1 2 1.74747474747475
33.816 0 26.7873422665576 "LDA" 8 1 2 1.78282828282828
34.827 0 27.8091067353379 "LDA" 8 1 2 1.81818181818182
35.978 0 28.3884381292705 "LDA" 8 1 2 1.85353535353535
37.138 0 29.1988617848287 "LDA" 8 1 2 1.88888888888889
38.385 0 29.9344759073522 "LDA" 8 1 2 1.92424242424242
39.286 0 30.7298312153927 "LDA" 8 1 2 1.95959595959596
41.123 0 32.2998630361206 "LDA" 8 1 2 1.99494949494949
42.638 0 33.2413589364807 "LDA" 8 1 2 2.03030303030303
44.61 0 35.6041227044503 "LDA" 8 1 2 2.06565656565657
46.004 0 36.625228892 "LDA" 8 1 2 2.1010101010101
47.275 0 37.8598830656639 "LDA" 8 1 2 2.13636363636364
48.409 0 38.6051560944529 "LDA" 8 1 2 2.17171717171717
49.825 0 39.8399497564517 "LDA" 8 1 2 2.20707070707071
51.104 0 40.5627232630961 "LDA" 8 1 2 2.24242424242424
52.736 0 42.0330474874364 "LDA" 8 1 2 2.27777777777778
54.097 0 43.5088797099352 "LDA" 8 1 2 2.31313131313131
55.227 0 44.2660248040408 "LDA" 8 1 2 2.34848484848485
57.305 0 46.7270091958429 "LDA" 8 1 2 2.38383838383838
58.759 0 48.0701118643867 "LDA" 8 1 2 2.41919191919192
60.317 0 49.2379008679481 "LDA" 8 1 2 2.45454545454545
61.799 0 49.8677389741142 "LDA" 8 1 2 2.48989898989899
63.049 0 50.9456382535056 "LDA" 8 1 2 2.52525252525253
65.22 0 52.9403842476071 "LDA" 8 1 2 2.56060606060606
66.543 0 54.9157891220266 "LDA" 8 1 2 2.5959595959596
67.875 0 55.2961937572926 "LDA" 8 1 2 2.63131313131313
69.939 0 56.4499058535164 "LDA" 8 1 2 2.66666666666667
71.799 0 58.1669321091545 "LDA" 8 1 2 2.7020202020202
73.71 0 59.7428582268133 "LDA" 8 1 2 2.73737373737374
76.186 0 61.9485999279486 "LDA" 8 1 2 2.77272727272727
77.865 0 63.8076028791647 "LDA" 8 1 2 2.80808080808081
80.411 0 65.5913889874983 "LDA" 8 1 2 2.84343434343434
81.942 0 66.0722648331369 "LDA" 8 1 2 2.87878787878788
83.779 0 66.9140916000109 "LDA" 8 1 2 2.91414141414141
86.078 0 69.186969530055 "LDA" 8 1 2 2.94949494949495
88.7 0 72.4237889453818 "LDA" 8 1 2 2.98484848484848
90.892 0 74.2924875724976 "LDA" 8 1 2 3.02020202020202
93.491 0 76.148148102626 "LDA" 8 1 2 3.05555555555556
95.324 0 78.2981073693203 "LDA" 8 1 2 3.09090909090909
96.729 0 79.2592050211241 "LDA" 8 1 2 3.12626262626263
98.212 0 79.6295794659618 "LDA" 8 1 2 3.16161616161616
99.581 0 80.1623068183198 "LDA" 8 1 2 3.1969696969697
102.217 0 84.2650253990676 "LDA" 8 1 2 3.23232323232323
104.42 0 85.5472497040783 "LDA" 8 1 2 3.26767676767677
106.469 0 85.7695018432919 "LDA" 8 1 2 3.3030303030303
108.375 0 86.8052159753118 "LDA" 8 1 2 3.33838383838384
110.406 0 88.5823910492599 "LDA" 8 1 2 3.37373737373737
112.179 0 89.5479524880094 "LDA" 8 1 2 3.40909090909091
113.51 0 90.1458383519293 "LDA" 8 1 2 3.44444444444444
115.824 0 91.7484212223665 "LDA" 8 1 2 3.47979797979798
118.499 0 95.1054101407382 "LDA" 8 1 2 3.51515151515152
120.258 0 97.0935868149931 "LDA" 8 1 2 3.55050505050505
123.028 0 98.7821903843863 "LDA" 8 1 2 3.58585858585859
125.649 0 100.940768958027 "LDA" 8 1 2 3.62121212121212
128.106 0 102.259570621941 "LDA" 8 1 2 3.65656565656566
130.047 0 102.815348011796 "LDA" 8 1 2 3.69191919191919
131.428 0 104.382855855723 "LDA" 8 1 2 3.72727272727273
133.77 0 107.315486830717 "LDA" 8 1 2 3.76262626262626
136.868 0 109.800640966967 "LDA" 8 1 2 3.7979797979798
140.584 0 113.610282282196 "LDA" 8 1 2 3.83333333333333
142.328 0 115.522239433816 "LDA" 8 1 2 3.86868686868687
144.921 0 118.484772863016 "LDA" 8 1 2 3.9040404040404
146.956 0 120.077411067397 "LDA" 8 1 2 3.93939393939394
148.417 0 120.697286406721 "LDA" 8 1 2 3.97474747474747
151.045 0 123.421050598067 "LDA" 8 1 2 4.01010101010101
156.811 0 131.81310243285 "LDA" 8 1 2 4.04545454545454
160.142 0 135.321261003878 "LDA" 8 1 2 4.08080808080808
162.023 0 137.855883863242 "LDA" 8 1 2 4.11616161616162
165.62 0 140.265120054502 "LDA" 8 1 2 4.15151515151515
169.41 0 144.934854372618 "LDA" 8 1 2 4.18686868686869
173.297 0 149.707378208591 "LDA" 8 1 2 4.22222222222222
176.819 0 151.723591729458 "LDA" 8 1 2 4.25757575757576
180.365 0 154.105588176767 "LDA" 8 1 2 4.29292929292929
184.34 0 157.679076262804 "LDA" 8 1 2 4.32828282828283
187.123 0 158.449727633679 "LDA" 8 1 2 4.36363636363636
189.877 0 160.393191398035 "LDA" 8 1 2 4.3989898989899
192.686 0 162.591609363569 "LDA" 8 1 2 4.43434343434343
195.815 0 167.045607574728 "LDA" 8 1 2 4.46969696969697
197.618 0 170.9090927774 "LDA" 8 1 2 4.50505050505051
201.732 0 172.975051798069 "LDA" 8 1 2 4.54040404040404
205.083 0 175.768867567058 "LDA" 8 1 2 4.57575757575758
208.432 0 178.808875590643 "LDA" 8 1 2 4.61111111111111
212.659 0 183.091745598501 "LDA" 8 1 2 4.64646464646465
216.597 0 186.246751497693 "LDA" 8 1 2 4.68181818181818
218.626 0 187.918353098976 "LDA" 8 1 2 4.71717171717172
222.357 0 190.123624369891 "LDA" 8 1 2 4.75252525252525
224.634 0 192.047015337651 "LDA" 8 1 2 4.78787878787879
227.057 0 193.590017423022 "LDA" 8 1 2 4.82323232323232
230.02 0 196.339004287494 "LDA" 8 1 2 4.85858585858586
231.276 0 196.964125390109 "LDA" 8 1 2 4.89393939393939
234.317 0 198.006462192702 "LDA" 8 1 2 4.92929292929293
237.933 0 201.3854826536 "LDA" 8 1 2 4.96464646464646
241.224 0 202.85953715765 "LDA" 8 1 2 5
10.452 0 4.40716679048106 "uLSIF" 8 1 2 1.5
10.695 0 4.46047877148528 "uLSIF" 8 1 2 1.53535353535354
10.898 0 4.54116925672433 "uLSIF" 8 1 2 1.57070707070707
11.119 0 4.56636515082737 "uLSIF" 8 1 2 1.60606060606061
11.347 0 4.62968951713017 "uLSIF" 8 1 2 1.64141414141414
11.61 0 4.67950828589904 "uLSIF" 8 1 2 1.67676767676768
11.839 0 4.68070379195138 "uLSIF" 8 1 2 1.71212121212121
12.103 0 4.78782981258882 "uLSIF" 8 1 2 1.74747474747475
12.366 0 4.87296519480591 "uLSIF" 8 1 2 1.78282828282828
12.572 0 4.91089940163031 "uLSIF" 8 1 2 1.81818181818182
12.824 0 5.03233030994075 "uLSIF" 8 1 2 1.85353535353535
13.031 0 5.0635638317966 "uLSIF" 8 1 2 1.88888888888889
13.3 0 5.14980781394029 "uLSIF" 8 1 2 1.92424242424242
13.545 0 5.19065679061118 "uLSIF" 8 1 2 1.95959595959596
13.796 0 5.25032855638101 "uLSIF" 8 1 2 1.99494949494949
14.022 0 5.27876703230796 "uLSIF" 8 1 2 2.03030303030303
14.273 0 5.37376482071446 "uLSIF" 8 1 2 2.06565656565657
14.499 0 5.40640622116284 "uLSIF" 8 1 2 2.1010101010101
14.717 0 5.4452329207814 "uLSIF" 8 1 2 2.13636363636364
14.959 0 5.51432015090951 "uLSIF" 8 1 2 2.17171717171717
15.194 0 5.53181389464296 "uLSIF" 8 1 2 2.20707070707071
15.409 0 5.56441206972324 "uLSIF" 8 1 2 2.24242424242424
15.637 0 5.59647670874735 "uLSIF" 8 1 2 2.27777777777778
15.835 0 5.60938857989356 "uLSIF" 8 1 2 2.31313131313131
16.062 0 5.65244249029622 "uLSIF" 8 1 2 2.34848484848485
16.279 0 5.63408394523031 "uLSIF" 8 1 2 2.38383838383838
16.524 0 5.66087179412054 "uLSIF" 8 1 2 2.41919191919192
16.768 0 5.68757633131411 "uLSIF" 8 1 2 2.45454545454545
17.003 0 5.78363565946554 "uLSIF" 8 1 2 2.48989898989899
17.186 0 5.85095185740215 "uLSIF" 8 1 2 2.52525252525253
17.447 0 5.89779407702363 "uLSIF" 8 1 2 2.56060606060606
17.657 0 5.92354956419202 "uLSIF" 8 1 2 2.5959595959596
17.908 0 5.91714023397693 "uLSIF" 8 1 2 2.63131313131313
18.161 0 5.97685551120335 "uLSIF" 8 1 2 2.66666666666667
18.412 0 6.02632330468359 "uLSIF" 8 1 2 2.7020202020202
18.627 0 6.08036527207386 "uLSIF" 8 1 2 2.73737373737374
18.819 0 6.15012707698492 "uLSIF" 8 1 2 2.77272727272727
19.08 0 6.18076061676893 "uLSIF" 8 1 2 2.80808080808081
19.347 0 6.3350393624447 "uLSIF" 8 1 2 2.84343434343434
19.633 0 6.46963423751043 "uLSIF" 8 1 2 2.87878787878788
19.877 0 6.49184218962653 "uLSIF" 8 1 2 2.91414141414141
20.131 0 6.523219403898 "uLSIF" 8 1 2 2.94949494949495
20.371 0 6.57986729757171 "uLSIF" 8 1 2 2.98484848484848
20.655 0 6.65900272693422 "uLSIF" 8 1 2 3.02020202020202
20.881 0 6.67183275812219 "uLSIF" 8 1 2 3.05555555555556
21.142 0 6.76798652788565 "uLSIF" 8 1 2 3.09090909090909
21.415 0 6.83955806719663 "uLSIF" 8 1 2 3.12626262626263
21.661 0 6.88807117591888 "uLSIF" 8 1 2 3.16161616161616
21.918 0 6.93291723168114 "uLSIF" 8 1 2 3.1969696969697
22.163 0 6.9955248815488 "uLSIF" 8 1 2 3.23232323232323
22.399 0 7.07869387012229 "uLSIF" 8 1 2 3.26767676767677
22.601 0 7.11536558635095 "uLSIF" 8 1 2 3.3030303030303
22.814 0 7.15294125297898 "uLSIF" 8 1 2 3.33838383838384
23.084 0 7.20755803950914 "uLSIF" 8 1 2 3.37373737373737
23.296 0 7.25113528786789 "uLSIF" 8 1 2 3.40909090909091
23.542 0 7.29146085509628 "uLSIF" 8 1 2 3.44444444444444
23.735 0 7.30932289621968 "uLSIF" 8 1 2 3.47979797979798
23.923 0 7.3420008155799 "uLSIF" 8 1 2 3.51515151515152
24.164 0 7.39620225573962 "uLSIF" 8 1 2 3.55050505050505
24.403 0 7.45077882540511 "uLSIF" 8 1 2 3.58585858585859
24.708 0 7.49619429636992 "uLSIF" 8 1 2 3.62121212121212
24.936 0 7.59945101014907 "uLSIF" 8 1 2 3.65656565656566
25.194 0 7.66074742117576 "uLSIF" 8 1 2 3.69191919191919
25.399 0 7.68666923211113 "uLSIF" 8 1 2 3.72727272727273
25.625 0 7.71400550174038 "uLSIF" 8 1 2 3.76262626262626
25.867 0 7.75818925397547 "uLSIF" 8 1 2 3.7979797979798
26.167 0 7.82856292031925 "uLSIF" 8 1 2 3.83333333333333
26.39 0 7.87628947766243 "uLSIF" 8 1 2 3.86868686868687
26.603 0 7.90024080676056 "uLSIF" 8 1 2 3.9040404040404
26.898 0 7.97578893961025 "uLSIF" 8 1 2 3.93939393939394
27.114 0 8.0470963558143 "uLSIF" 8 1 2 3.97474747474747
27.315 0 8.05012916539726 "uLSIF" 8 1 2 4.01010101010101
27.568 0 8.14086295485004 "uLSIF" 8 1 2 4.04545454545454
27.808 0 8.13715855500858 "uLSIF" 8 1 2 4.08080808080808
28.04 0 8.18274754329848 "uLSIF" 8 1 2 4.11616161616162
28.259 0 8.17831301698607 "uLSIF" 8 1 2 4.15151515151515
28.552 0 8.21174334284315 "uLSIF" 8 1 2 4.18686868686869
28.767 0 8.29611574994808 "uLSIF" 8 1 2 4.22222222222222
29.003 0 8.33525449326339 "uLSIF" 8 1 2 4.25757575757576
29.212 0 8.35948185816184 "uLSIF" 8 1 2 4.29292929292929
29.417 0 8.39235023950637 "uLSIF" 8 1 2 4.32828282828283
29.736 0 8.4664032495496 "uLSIF" 8 1 2 4.36363636363636
30.085 0 8.51318091251732 "uLSIF" 8 1 2 4.3989898989899
30.345 0 8.4892899021675 "uLSIF" 8 1 2 4.43434343434343
30.571 0 8.52547023000155 "uLSIF" 8 1 2 4.46969696969697
30.789 0 8.52955052932054 "uLSIF" 8 1 2 4.50505050505051
31.008 0 8.59160938077097 "uLSIF" 8 1 2 4.54040404040404
31.262 0 8.61589168859437 "uLSIF" 8 1 2 4.57575757575758
31.471 0 8.67643010917736 "uLSIF" 8 1 2 4.61111111111111
31.713 0 8.69184555656503 "uLSIF" 8 1 2 4.64646464646465
31.957 0 8.78591733078245 "uLSIF" 8 1 2 4.68181818181818
32.207 0 8.89039876440816 "uLSIF" 8 1 2 4.71717171717172
32.469 0 8.94690371503383 "uLSIF" 8 1 2 4.75252525252525
32.697 0 8.96970716615914 "uLSIF" 8 1 2 4.78787878787879
32.894 0 8.98596191353555 "uLSIF" 8 1 2 4.82323232323232
33.136 0 9.01114336278725 "uLSIF" 8 1 2 4.85858585858586
33.394 0 9.0207615054461 "uLSIF" 8 1 2 4.89393939393939
33.615 0 9.05841210311332 "uLSIF" 8 1 2 4.92929292929293
33.882 0 9.08408479686295 "uLSIF" 8 1 2 4.96464646464646
34.071 0 9.10696963297319 "uLSIF" 8 1 2 5
