53.925 13.565 0 0 49.8798293137855 9.73429666342317 "LDA" 18 200 1.5
57.684 14.052 0 0 54.3664405111633 10.0373325163633 "LDA" 18 200 1.53535353535354
61.682 14.605 0 0 57.6621175105094 10.4804014147271 "LDA" 18 200 1.57070707070707
65.482 14.922 0 0 61.9156136949253 10.6145458962965 "LDA" 18 200 1.60606060606061
69.059 15.274 0 0 65.9931103192569 10.6847127751328 "LDA" 18 200 1.64141414141414
72.638 15.667 0 0 70.552963627878 10.9027969797654 "LDA" 18 200 1.67676767676768
77.825 16.066 0 0 75.110544991825 11.1186900878327 "LDA" 18 200 1.71212121212121
82.33 16.436 0 0 78.9305208846814 11.2248787032155 "LDA" 18 200 1.74747474747475
87.419 16.876 0 0 84.1428871887842 11.5364515217511 "LDA" 18 200 1.78282828282828
91.64 17.338 0 0 88.6763886381369 11.805978872467 "LDA" 18 200 1.81818181818182
95.606 17.944 0 0 91.4108785250022 12.7897005610155 "LDA" 18 200 1.85353535353535
100.699 18.423 0 0 95.3815812672711 12.972677493924 "LDA" 18 200 1.88888888888889
104.978 18.908 0 0 99.4491510755605 13.2811869170615 "LDA" 18 200 1.92424242424242
109.291 19.315 0 0 102.691079343713 13.5779282342755 "LDA" 18 200 1.95959595959596
114.556 19.705 0 0 107.414863109426 13.7083147356957 "LDA" 18 200 1.99494949494949
121.466 20.237 0 0 114.396798344497 14.1602027648739 "LDA" 18 200 2.03030303030303
127.128 20.849 0 0 121.561872743492 14.5699857063582 "LDA" 18 200 2.06565656565657
133.71 21.23 0 0 130.276582269754 14.875092213777 "LDA" 18 200 2.1010101010101
144.778 21.739 0 0 142.086710671158 15.3054609906444 "LDA" 18 200 2.13636363636364
150.258 22.408 0 0 145.224728120447 15.8463447723014 "LDA" 18 200 2.17171717171717
158.019 22.792 0 0 151.08700116463 15.9761689392036 "LDA" 18 200 2.20707070707071
165.936 23.128 0 0 160.528637156575 16.1258692683421 "LDA" 18 200 2.24242424242424
175.454 23.626 0 0 167.987182777668 16.3626360914084 "LDA" 18 200 2.27777777777778
183.971 24.241 0 0 180.068883936015 16.835151954804 "LDA" 18 200 2.31313131313131
193.664 24.64 0 0 189.865088565159 17.0795817311816 "LDA" 18 200 2.34848484848485
202.814 25.095 0 0 197.238724692994 17.3080774364036 "LDA" 18 200 2.38383838383838
214.156 25.542 0 0 210.25979369543 17.9070069217861 "LDA" 18 200 2.41919191919192
227.975 25.987 0 0 224.908817860375 18.0131425438291 "LDA" 18 200 2.45454545454545
242.137 26.508 0 0 240.788000307516 18.3528407273305 "LDA" 18 200 2.48989898989899
259.404 26.955 0 0 259.490014936706 18.6298697538938 "LDA" 18 200 2.52525252525253
271.623 27.34 0 0 270.529664122384 18.8949575130356 "LDA" 18 200 2.56060606060606
280.784 27.89 0 0 276.989292956266 19.2225233880832 "LDA" 18 200 2.5959595959596
295.463 28.23 0 0 291.057838403806 19.3564917734019 "LDA" 18 200 2.63131313131313
316.202 28.666 0 0 307.899859563981 19.493343336494 "LDA" 18 200 2.66666666666667
334.102 28.932 0 0 324.635277903773 19.5545840599527 "LDA" 18 200 2.7020202020202
348.905 29.592 0 0 337.631054116329 20.2285127661113 "LDA" 18 200 2.73737373737374
365.012 30.103 0 0 362.680130049514 20.7666956121249 "LDA" 18 200 2.77272727272727
383.351 30.497 0 0 381.409928203675 20.8413135706786 "LDA" 18 200 2.80808080808081
403.861 30.943 0 0 409.343909341662 21.0425887557007 "LDA" 18 200 2.84343434343434
426.364 31.548 0 0 428.301556998953 21.4007871278065 "LDA" 18 200 2.87878787878788
443.354 31.904 0 0 439.49175383127 21.570490723905 "LDA" 18 200 2.91414141414141
459.738 32.544 0 0 450.278869609064 22.0567124151031 "LDA" 18 200 2.94949494949495
480.402 33.133 0 0 467.982628028152 22.3673335158353 "LDA" 18 200 2.98484848484848
500.152 33.812 0 0 484.592621595609 22.8443542373279 "LDA" 18 200 3.02020202020202
537.686 34.377 0 0 527.930118115659 23.3750564547824 "LDA" 18 200 3.05555555555556
563.445 35.276 0 0 553.125621290433 24.1164970389447 "LDA" 18 200 3.09090909090909
592.248 35.88 0 0 570.677423083494 24.5475901909777 "LDA" 18 200 3.12626262626263
622.504 36.532 0 0 602.990531903749 24.997556957708 "LDA" 18 200 3.16161616161616
652.149 37.156 0 0 625.876126501662 25.1588280853984 "LDA" 18 200 3.1969696969697
682.222 37.579 0 0 658.902537003212 25.2887183992839 "LDA" 18 200 3.23232323232323
711.236 38.045 0 0 686.262102973768 25.4008302458242 "LDA" 18 200 3.26767676767677
753.781 38.613 0 0 733.769184590942 26.0189203314668 "LDA" 18 200 3.3030303030303
786.39 38.996 0 0 765.163295492386 26.1942001236938 "LDA" 18 200 3.33838383838384
813.394 39.555 0 0 803.899391090076 26.4502663803522 "LDA" 18 200 3.37373737373737
844.744 40.104 0 0 823.512265187905 26.7731579382408 "LDA" 18 200 3.40909090909091
874.586 40.876 0 0 853.381911743676 27.3189485330045 "LDA" 18 200 3.44444444444444
917.905 41.572 0 0 907.631157625879 27.8579410739717 "LDA" 18 200 3.47979797979798
978.346 42.314 0 0 993.696364463888 28.5247447852749 "LDA" 18 200 3.51515151515152
1014.483 42.836 0 0 1014.86896825833 28.8204393048011 "LDA" 18 200 3.55050505050505
1062.788 43.546 0 0 1055.20181857971 29.7996292242354 "LDA" 18 200 3.58585858585859
1112.863 44.034 0 0 1105.0063824867 30.3124345391077 "LDA" 18 200 3.62121212121212
1162.336 44.613 0 0 1155.90015324347 30.6681882211644 "LDA" 18 200 3.65656565656566
1246.251 45.284 0 0 1251.05892284394 30.9861498977444 "LDA" 18 200 3.69191919191919
1305.504 45.76 0 0 1288.69124584251 31.2175421027174 "LDA" 18 200 3.72727272727273
1349.63363363363 46.484 1 0 1315.59451494959 32.0412919275798 "LDA" 18 200 3.76262626262626
1428.14214214214 47.016 1 0 1368.44146015661 32.2050447742106 "LDA" 18 200 3.7979797979798
1498.83466933868 47.539 2 0 1430.95345595157 32.4232593479858 "LDA" 18 200 3.83333333333333
1556.44834503511 48.203 3 0 1476.00011039747 33.1514827995945 "LDA" 18 200 3.86868686868687
1624.41323971916 48.823 3 0 1508.4489619568 33.5909813048834 "LDA" 18 200 3.9040404040404
1682.76204819277 49.22 4 0 1571.39131598248 33.71115604725 "LDA" 18 200 3.93939393939394
1737.54371859296 49.643 5 0 1606.41756502084 33.8597701562641 "LDA" 18 200 3.97474747474747
1811.453722334 50.041 6 0 1666.74342654191 34.0528547395944 "LDA" 18 200 4.01010101010101
1903.61329305136 50.715 7 0 1738.92679567319 34.9564833862151 "LDA" 18 200 4.04545454545454
2020.80664652568 51.097 7 0 1812.17779529777 35.0797402952071 "LDA" 18 200 4.08080808080808
2106.10080645161 51.561 8 0 1862.10984357671 35.107361134181 "LDA" 18 200 4.11616161616162
2172.53238866397 52.056 12 0 1910.66289784016 35.6565597647089 "LDA" 18 200 4.15151515151515
2247.66835699797 52.547 14 0 1964.41479035907 35.7855892699757 "LDA" 18 200 4.18686868686869
2313.48370672098 53.057 18 0 1997.19353329072 36.1119069119982 "LDA" 18 200 4.22222222222222
2414.14504596527 53.562 21 0 2053.74762374751 36.2253285758795 "LDA" 18 200 4.25757575757576
2491.99282051282 54.08 25 0 2111.11093668998 36.2486905634889 "LDA" 18 200 4.29292929292929
2597.782249742 54.755 31 0 2182.95094861629 36.4034364474727 "LDA" 18 200 4.32828282828283
2697.50465356774 55.064 33 0 2234.7650034931 36.3656206101637 "LDA" 18 200 4.36363636363636
2768.97414684592 55.798 33 0 2266.37596000411 36.6071752704477 "LDA" 18 200 4.3989898989899
2844.12903225806 56.446 39 0 2313.9699931431 36.8753423695954 "LDA" 18 200 4.43434343434343
2964.05340314136 57.014 45 0 2382.52522084504 36.9327203145101 "LDA" 18 200 4.46969696969697
3021.40995762712 57.506 56 0 2393.62995045388 37.186944386879 "LDA" 18 200 4.50505050505051
3103.62820512821 58.365 64 0 2416.81688624123 37.7880895880529 "LDA" 18 200 4.54040404040404
3188.32008592911 58.817 69 0 2444.73988954702 37.9281169194181 "LDA" 18 200 4.57575757575758
3271.52494577007 59.286 78 0 2495.94092322132 38.3057637377919 "LDA" 18 200 4.61111111111111
3303.12307692308 60.027 90 0 2498.46273048819 38.7726138735395 "LDA" 18 200 4.64646464646465
3381.05357142857 60.41 104 0 2525.12295788426 38.8756893086054 "LDA" 18 200 4.68181818181818
3458.22322435175 60.81 113 0 2561.5403960662 38.8995510909197 "LDA" 18 200 4.71717171717172
3505.58883826879 61.498 122 0 2557.93856135383 38.9949817874634 "LDA" 18 200 4.75252525252525
3602.62155963303 61.897 128 0 2600.21669659427 38.9487277634892 "LDA" 18 200 4.78787878787879
3665.62340672074 62.577 137 0 2624.65137682937 39.1120675089521 "LDA" 18 200 4.82323232323232
3724.652989449 63.176 147 0 2642.55531726291 39.4926663406599 "LDA" 18 200 4.85858585858586
3751.25387365912 63.834 161 0 2636.00802475883 39.8715209414211 "LDA" 18 200 4.89393939393939
3843.80629539952 64.324 174 0 2657.77752517816 40.0891277301236 "LDA" 18 200 4.92929292929293
3918.98265179678 64.82 193 0 2698.1307410829 40.1549252024956 "LDA" 18 200 4.96464646464646
3966.74874371859 65.477 204 0 2718.43976379273 40.3467139718754 "LDA" 18 200 5
12.06 7.865 0 0 6.25423980316677 3.15447709228102 "uLSIF" 18 200 1.5
12.337 8.052 0 0 6.35135975762441 3.1927244618804 "uLSIF" 18 200 1.53535353535354
12.643 8.219 0 0 6.40832408806059 3.27990804700327 "uLSIF" 18 200 1.57070707070707
12.908 8.373 0 0 6.50152334501737 3.28399994757242 "uLSIF" 18 200 1.60606060606061
13.213 8.529 0 0 6.54770979072099 3.32177560849513 "uLSIF" 18 200 1.64141414141414
13.52 8.711 0 0 6.64362384077679 3.35450916405541 "uLSIF" 18 200 1.67676767676768
13.856 8.903 0 0 6.76735258879431 3.38453040258853 "uLSIF" 18 200 1.71212121212121
14.146 9.11 0 0 6.84335557424247 3.44467208392407 "uLSIF" 18 200 1.74747474747475
14.516 9.274 0 0 7.089429032299 3.45584531871247 "uLSIF" 18 200 1.78282828282828
14.785 9.462 0 0 7.14911776968913 3.49324473215931 "uLSIF" 18 200 1.81818181818182
15.031 9.68 0 0 7.24365305005075 3.56262435464256 "uLSIF" 18 200 1.85353535353535
15.275 9.83 0 0 7.29195087391211 3.63927799767266 "uLSIF" 18 200 1.88888888888889
15.569 9.993 0 0 7.35753847236781 3.663109248899 "uLSIF" 18 200 1.92424242424242
15.839 10.153 0 0 7.46906057452113 3.6489595648494 "uLSIF" 18 200 1.95959595959596
16.104 10.361 0 0 7.55501570231739 3.69273818667331 "uLSIF" 18 200 1.99494949494949
16.456 10.505 0 0 7.60420198889324 3.73469181096954 "uLSIF" 18 200 2.03030303030303
16.773 10.69 0 0 7.68247951455072 3.75739511071407 "uLSIF" 18 200 2.06565656565657
17.018 10.84 0 0 7.79566856968974 3.78215609205975 "uLSIF" 18 200 2.1010101010101
17.32 10.985 0 0 7.83217357717147 3.77743882068844 "uLSIF" 18 200 2.13636363636364
17.581 11.18 0 0 7.84978076496777 3.83409706453818 "uLSIF" 18 200 2.17171717171717
17.935 11.348 0 0 7.9836403672456 3.91282585942771 "uLSIF" 18 200 2.20707070707071
18.194 11.562 0 0 8.05973469311015 4.04357595532797 "uLSIF" 18 200 2.24242424242424
18.503 11.775 0 0 8.27372016963623 4.1288524340817 "uLSIF" 18 200 2.27777777777778
18.817 11.98 0 0 8.3233881196175 4.17792473065936 "uLSIF" 18 200 2.31313131313131
19.091 12.149 0 0 8.31335256264468 4.20909913348635 "uLSIF" 18 200 2.34848484848485
19.407 12.316 0 0 8.5198555703098 4.25843613058577 "uLSIF" 18 200 2.38383838383838
19.721 12.448 0 0 8.64221307576056 4.26045155440682 "uLSIF" 18 200 2.41919191919192
19.96 12.62 0 0 8.72206824523143 4.25954736371645 "uLSIF" 18 200 2.45454545454545
20.305 12.796 0 0 8.86705134752244 4.26034441501324 "uLSIF" 18 200 2.48989898989899
20.566 12.965 0 0 8.96068847455026 4.34841162767322 "uLSIF" 18 200 2.52525252525253
20.881 13.169 0 0 9.22290089401924 4.45019586571684 "uLSIF" 18 200 2.56060606060606
21.168 13.346 0 0 9.35956074703174 4.49494032090399 "uLSIF" 18 200 2.5959595959596
21.498 13.522 0 0 9.42224892341392 4.51285739658167 "uLSIF" 18 200 2.63131313131313
21.829 13.663 0 0 9.57326519043562 4.5290112544509 "uLSIF" 18 200 2.66666666666667
22.095 13.816 0 0 9.57128959882547 4.51381418741606 "uLSIF" 18 200 2.7020202020202
22.426 13.997 0 0 9.72867777096 4.52896262984168 "uLSIF" 18 200 2.73737373737374
22.737 14.161 0 0 9.81214090344758 4.55036095104386 "uLSIF" 18 200 2.77272727272727
23.139 14.351 0 0 10.1651861768494 4.56383913253169 "uLSIF" 18 200 2.80808080808081
23.404 14.573 0 0 10.2638262909175 4.71369174744063 "uLSIF" 18 200 2.84343434343434
23.749 14.765 0 0 10.3481923099682 4.70849710044988 "uLSIF" 18 200 2.87878787878788
24.015 14.93 0 0 10.3652406249548 4.74632780448502 "uLSIF" 18 200 2.91414141414141
24.343 15.117 0 0 10.5240727433398 4.8037888574944 "uLSIF" 18 200 2.94949494949495
24.615 15.284 0 0 10.5978813963023 4.84239535692748 "uLSIF" 18 200 2.98484848484848
24.96 15.45 0 0 10.6589874760229 4.86941590041467 "uLSIF" 18 200 3.02020202020202
25.265 15.634 0 0 10.7856898762252 4.90898585678775 "uLSIF" 18 200 3.05555555555556
25.541 15.818 0 0 10.8385327786003 4.93023155472268 "uLSIF" 18 200 3.09090909090909
25.94 15.947 0 0 11.1070142597264 4.930365047286 "uLSIF" 18 200 3.12626262626263
26.276 16.134 0 0 11.1551899249749 4.98546877423767 "uLSIF" 18 200 3.16161616161616
26.653 16.321 0 0 11.4106438816481 5.00229767026933 "uLSIF" 18 200 3.1969696969697
26.862 16.488 0 0 11.4362469256196 5.02445032825493 "uLSIF" 18 200 3.23232323232323
27.196 16.682 0 0 11.5542669644199 5.0900672672161 "uLSIF" 18 200 3.26767676767677
27.481 16.899 0 0 11.646169854174 5.1302161862945 "uLSIF" 18 200 3.3030303030303
27.778 17.055 0 0 11.6856009374473 5.14902781964591 "uLSIF" 18 200 3.33838383838384
28.108 17.258 0 0 11.7121095243133 5.17650772550686 "uLSIF" 18 200 3.37373737373737
28.449 17.426 0 0 11.7375964392277 5.2279877444248 "uLSIF" 18 200 3.40909090909091
28.708 17.59 0 0 11.775032373093 5.2474217893586 "uLSIF" 18 200 3.44444444444444
28.96 17.75 0 0 11.7983728370315 5.24967228111042 "uLSIF" 18 200 3.47979797979798
29.264 17.936 0 0 11.8438414621516 5.26342166348162 "uLSIF" 18 200 3.51515151515152
29.62 18.115 0 0 12.0265638583196 5.25503476585935 "uLSIF" 18 200 3.55050505050505
29.946 18.283 0 0 12.2115603510037 5.30594610451935 "uLSIF" 18 200 3.58585858585859
30.241 18.436 0 0 12.3145672911218 5.32637534109964 "uLSIF" 18 200 3.62121212121212
30.537 18.615 0 0 12.4425659913238 5.35139350192194 "uLSIF" 18 200 3.65656565656566
30.876 18.801 0 0 12.5936183530875 5.37217453730417 "uLSIF" 18 200 3.69191919191919
31.205 19.001 0 0 12.6753950881478 5.39834614869602 "uLSIF" 18 200 3.72727272727273
31.514 19.185 0 0 12.725869390802 5.49426628058397 "uLSIF" 18 200 3.76262626262626
31.852 19.384 0 0 12.7704024673923 5.51279737836744 "uLSIF" 18 200 3.7979797979798
32.189 19.582 0 0 12.825668667823 5.59916302911664 "uLSIF" 18 200 3.83333333333333
32.464 19.753 0 0 12.9133054427384 5.61030003355137 "uLSIF" 18 200 3.86868686868687
32.742 19.904 0 0 13.0057905021797 5.64221752670159 "uLSIF" 18 200 3.9040404040404
33.077 20.059 0 0 13.090394548272 5.65397970340242 "uLSIF" 18 200 3.93939393939394
33.358 20.266 0 0 13.1433094227665 5.66916073007137 "uLSIF" 18 200 3.97474747474747
33.707 20.467 0 0 13.1753839314739 5.67883440154405 "uLSIF" 18 200 4.01010101010101
33.968 20.651 0 0 13.1779601848934 5.74126825371896 "uLSIF" 18 200 4.04545454545454
34.312 20.829 0 0 13.2301811663217 5.72123164113213 "uLSIF" 18 200 4.08080808080808
34.651 21.03 0 0 13.3965916436856 5.76596447668093 "uLSIF" 18 200 4.11616161616162
34.872 21.202 0 0 13.4620519551383 5.78296106148387 "uLSIF" 18 200 4.15151515151515
35.147 21.381 0 0 13.5703922768115 5.82664472821098 "uLSIF" 18 200 4.18686868686869
35.461 21.557 0 0 13.5809027652774 5.85910232715559 "uLSIF" 18 200 4.22222222222222
35.742 21.723 0 0 13.6515860544408 5.89754627383729 "uLSIF" 18 200 4.25757575757576
36.116 21.91 0 0 13.7834149080163 5.89853309668537 "uLSIF" 18 200 4.29292929292929
36.409 22.082 0 0 13.7695795259086 6.00960825606723 "uLSIF" 18 200 4.32828282828283
36.716 22.303 0 0 13.882509429785 6.05027245641027 "uLSIF" 18 200 4.36363636363636
37.021 22.485 0 0 13.9215073669257 6.06007421567587 "uLSIF" 18 200 4.3989898989899
37.342 22.665 0 0 13.9282099004514 6.08718562464041 "uLSIF" 18 200 4.43434343434343
37.654 22.817 0 0 14.0081587838128 6.07473566613506 "uLSIF" 18 200 4.46969696969697
37.912 22.998 0 0 14.0035836969097 6.11877728271224 "uLSIF" 18 200 4.50505050505051
38.225 23.207 0 0 14.0428478798489 6.12680085270353 "uLSIF" 18 200 4.54040404040404
38.481 23.416 0 0 14.0984540076352 6.16968467662724 "uLSIF" 18 200 4.57575757575758
38.885 23.574 0 0 14.3336397411205 6.22054814459459 "uLSIF" 18 200 4.61111111111111
39.3 23.742 0 0 14.4817720504682 6.23316037723146 "uLSIF" 18 200 4.64646464646465
39.599 23.932 0 0 14.5774724044226 6.28019241877324 "uLSIF" 18 200 4.68181818181818
39.894 24.092 0 0 14.6347853055978 6.32151069741225 "uLSIF" 18 200 4.71717171717172
40.246 24.27 0 0 14.617494831713 6.35023034428086 "uLSIF" 18 200 4.75252525252525
40.618 24.465 0 0 14.7915809454861 6.36091473266513 "uLSIF" 18 200 4.78787878787879
40.894 24.651 0 0 14.9247952586799 6.38733097600218 "uLSIF" 18 200 4.82323232323232
41.18 24.85 0 0 14.9287128201485 6.41877719668635 "uLSIF" 18 200 4.85858585858586
41.511 25.01 0 0 14.9604710719514 6.43080517938891 "uLSIF" 18 200 4.89393939393939
41.807 25.253 0 0 15.0369498523092 6.48544925599238 "uLSIF" 18 200 4.92929292929293
42.104 25.442 0 0 15.1646678549565 6.48248861616113 "uLSIF" 18 200 4.96464646464646
42.464 25.59 0 0 15.3040163655466 6.50524543873774 "uLSIF" 18 200 5
