40.651 0 33.6633691335467 "LDA" 33 2 3 1.5
43.341 0 37.5972641727197 "LDA" 33 2 3 1.53535353535354
45.242 0 39.2157533564167 "LDA" 33 2 3 1.57070707070707
47.031 0 40.5574030473099 "LDA" 33 2 3 1.60606060606061
49.154 0 41.6985017602437 "LDA" 33 2 3 1.64141414141414
51.016 0 42.7804384024978 "LDA" 33 2 3 1.67676767676768
53.025 0 44.2901342399297 "LDA" 33 2 3 1.71212121212121
54.785 0 46.155813654773 "LDA" 33 2 3 1.74747474747475
57.997 0 50.1970590347257 "LDA" 33 2 3 1.78282828282828
60.709 0 53.1490652988568 "LDA" 33 2 3 1.81818181818182
62.732 0 54.7207870972315 "LDA" 33 2 3 1.85353535353535
65.92 0 57.2380274973884 "LDA" 33 2 3 1.88888888888889
68.783 0 59.5774066100429 "LDA" 33 2 3 1.92424242424242
70.342 0 60.3617144601822 "LDA" 33 2 3 1.95959595959596
73.582 0 63.4680823207498 "LDA" 33 2 3 1.99494949494949
75.9 0 65.9836179505022 "LDA" 33 2 3 2.03030303030303
78.385 0 68.4011512512216 "LDA" 33 2 3 2.06565656565657
82.004 0 71.0273529625655 "LDA" 33 2 3 2.1010101010101
87.107 0 79.0554952063569 "LDA" 33 2 3 2.13636363636364
91.17 0 81.4246097139376 "LDA" 33 2 3 2.17171717171717
94.06 0 82.5056942858467 "LDA" 33 2 3 2.20707070707071
97.99 0 87.019608780506 "LDA" 33 2 3 2.24242424242424
100.683 0 89.2950621205849 "LDA" 33 2 3 2.27777777777778
104.195 0 92.881698870041 "LDA" 33 2 3 2.31313131313131
107.447 0 97.6945106360046 "LDA" 33 2 3 2.34848484848485
110.91 0 100.44931042055 "LDA" 33 2 3 2.38383838383838
115.688 0 105.858257243479 "LDA" 33 2 3 2.41919191919192
119.926 0 111.776995042006 "LDA" 33 2 3 2.45454545454545
125.57 0 117.769778894336 "LDA" 33 2 3 2.48989898989899
131.153 0 123.980953649615 "LDA" 33 2 3 2.52525252525253
134.974 0 126.596318872043 "LDA" 33 2 3 2.56060606060606
140.843 0 131.513764379327 "LDA" 33 2 3 2.5959595959596
149.243 0 145.46462768972 "LDA" 33 2 3 2.63131313131313
156.693 0 154.079451025204 "LDA" 33 2 3 2.66666666666667
163.855 0 159.864694963259 "LDA" 33 2 3 2.7020202020202
168.863 0 162.336876563806 "LDA" 33 2 3 2.73737373737374
174.918 0 165.922329707293 "LDA" 33 2 3 2.77272727272727
178.274274274274 1 162.58601808089 "LDA" 33 2 3 2.80808080808081
185.011011011011 1 170.745579693439 "LDA" 33 2 3 2.84343434343434
190.805805805806 1 175.60919538947 "LDA" 33 2 3 2.87878787878788
195.783783783784 1 178.508739386541 "LDA" 33 2 3 2.91414141414141
201.12012012012 1 183.028058302101 "LDA" 33 2 3 2.94949494949495
207.407407407407 1 187.202245035357 "LDA" 33 2 3 2.98484848484848
212.721721721722 1 192.587862567336 "LDA" 33 2 3 3.02020202020202
219.419419419419 1 199.115542491757 "LDA" 33 2 3 3.05555555555556
224.934934934935 1 205.151151008936 "LDA" 33 2 3 3.09090909090909
231.062062062062 1 209.564555108128 "LDA" 33 2 3 3.12626262626263
236.263263263263 1 212.842692581475 "LDA" 33 2 3 3.16161616161616
242.560560560561 1 219.227762177843 "LDA" 33 2 3 3.1969696969697
248.452452452452 1 223.514691073636 "LDA" 33 2 3 3.23232323232323
253.585585585586 1 225.892441712595 "LDA" 33 2 3 3.26767676767677
261.931931931932 1 234.399333331612 "LDA" 33 2 3 3.3030303030303
269.64964964965 1 242.668311066297 "LDA" 33 2 3 3.33838383838384
277.441441441441 1 247.193113161985 "LDA" 33 2 3 3.37373737373737
286.315315315315 1 253.982645162545 "LDA" 33 2 3 3.40909090909091
291.594594594595 1 256.121234935295 "LDA" 33 2 3 3.44444444444444
300.911911911912 1 265.60301612104 "LDA" 33 2 3 3.47979797979798
312.305305305305 1 275.625642623514 "LDA" 33 2 3 3.51515151515152
322.195195195195 1 284.231074205522 "LDA" 33 2 3 3.55050505050505
330.778778778779 1 289.494878503004 "LDA" 33 2 3 3.58585858585859
338.34869739479 2 294.197196834338 "LDA" 33 2 3 3.62121212121212
349.860721442886 2 304.445803686679 "LDA" 33 2 3 3.65656565656566
360.745235707121 3 315.489680089288 "LDA" 33 2 3 3.69191919191919
368.138415245737 3 322.611091819478 "LDA" 33 2 3 3.72727272727273
373.717871485944 4 325.87728325336 "LDA" 33 2 3 3.76262626262626
383.970883534137 4 338.818888718419 "LDA" 33 2 3 3.7979797979798
392.146733668342 5 345.355228686014 "LDA" 33 2 3 3.83333333333333
403.010050251256 5 352.636468295794 "LDA" 33 2 3 3.86868686868687
408.28370221328 6 354.142181601546 "LDA" 33 2 3 3.9040404040404
419.456740442656 6 364.401641784979 "LDA" 33 2 3 3.93939393939394
429.740927419355 8 376.196301595797 "LDA" 33 2 3 3.97474747474747
439.355915065723 11 382.593235332994 "LDA" 33 2 3 4.01010101010101
457.937246963563 12 398.845997593894 "LDA" 33 2 3 4.04545454545454
466.554204660588 13 404.315849474089 "LDA" 33 2 3 4.08080808080808
477.176829268293 16 410.942805078128 "LDA" 33 2 3 4.11616161616162
486.609979633401 18 415.753450156733 "LDA" 33 2 3 4.15151515151515
495.519918283963 21 421.553352979884 "LDA" 33 2 3 4.18686868686869
503.751540041068 26 427.335632649385 "LDA" 33 2 3 4.22222222222222
509.463917525773 30 426.425560630025 "LDA" 33 2 3 4.25757575757576
518.40414507772 35 435.24895864252 "LDA" 33 2 3 4.29292929292929
528.977154724818 37 440.043653921936 "LDA" 33 2 3 4.32828282828283
536.117708333333 40 441.787989224825 "LDA" 33 2 3 4.36363636363636
540.537735849057 46 440.731088157779 "LDA" 33 2 3 4.3989898989899
550.083157894737 50 447.35858704874 "LDA" 33 2 3 4.43434343434343
558.524867724868 55 447.717329181216 "LDA" 33 2 3 4.46969696969697
569.922669491525 56 453.968000230372 "LDA" 33 2 3 4.50505050505051
577.696068012752 59 458.257788961734 "LDA" 33 2 3 4.54040404040404
593.230277185501 62 464.297580876095 "LDA" 33 2 3 4.57575757575758
602.717647058824 65 464.361064866609 "LDA" 33 2 3 4.61111111111111
612.756465517241 72 470.770896809537 "LDA" 33 2 3 4.64646464646465
624.687904967603 74 475.582138646415 "LDA" 33 2 3 4.68181818181818
632.340563991323 78 480.143641490258 "LDA" 33 2 3 4.71717171717172
635.622950819672 85 480.835383694139 "LDA" 33 2 3 4.75252525252525
644.695027624309 95 485.621249120062 "LDA" 33 2 3 4.78787878787879
653.236403995561 99 493.534488996293 "LDA" 33 2 3 4.82323232323232
665.551339285714 104 499.265222826967 "LDA" 33 2 3 4.85858585858586
667.701912260967 111 500.019238376224 "LDA" 33 2 3 4.89393939393939
676.39046538025 119 501.379276777287 "LDA" 33 2 3 4.92929292929293
679.242285714286 125 501.687537383972 "LDA" 33 2 3 4.96464646464646
690.981566820276 132 504.131230174922 "LDA" 33 2 3 5
59.502 0 51.1204782772941 "uLSIF" 33 2 3 1.5
62.626 0 54.6658438010288 "uLSIF" 33 2 3 1.53535353535354
66.559 0 57.5939543926494 "uLSIF" 33 2 3 1.57070707070707
70.27 0 62.8555321186442 "uLSIF" 33 2 3 1.60606060606061
74.179 0 68.0709821995953 "uLSIF" 33 2 3 1.64141414141414
78.638 0 71.5631626064852 "uLSIF" 33 2 3 1.67676767676768
83.774 0 76.7974138025934 "uLSIF" 33 2 3 1.71212121212121
89.423 0 84.2333504517559 "uLSIF" 33 2 3 1.74747474747475
94.086 0 88.0167913500575 "uLSIF" 33 2 3 1.78282828282828
98.154 0 90.9310108419165 "uLSIF" 33 2 3 1.81818181818182
103.783 0 96.5207758525136 "uLSIF" 33 2 3 1.85353535353535
107.829 0 101.142946638185 "uLSIF" 33 2 3 1.88888888888889
114.972 0 107.6250731585 "uLSIF" 33 2 3 1.92424242424242
121.087 0 112.243663834851 "uLSIF" 33 2 3 1.95959595959596
126.607 0 117.215989264004 "uLSIF" 33 2 3 1.99494949494949
132.574 0 123.923514966134 "uLSIF" 33 2 3 2.03030303030303
137.23 0 126.210499524367 "uLSIF" 33 2 3 2.06565656565657
142.859 0 130.204263637061 "uLSIF" 33 2 3 2.1010101010101
148.658 0 138.216449176004 "uLSIF" 33 2 3 2.13636363636364
155.226 0 145.847675567588 "uLSIF" 33 2 3 2.17171717171717
161.417 0 149.392058350162 "uLSIF" 33 2 3 2.20707070707071
169.107 0 158.821559741865 "uLSIF" 33 2 3 2.24242424242424
176.249 0 163.577696100849 "uLSIF" 33 2 3 2.27777777777778
184.225 0 170.613426541748 "uLSIF" 33 2 3 2.31313131313131
191.969 0 181.318218431947 "uLSIF" 33 2 3 2.34848484848485
202.786 0 188.039157966975 "uLSIF" 33 2 3 2.38383838383838
212.943 0 200.06633972583 "uLSIF" 33 2 3 2.41919191919192
221.016 0 208.641719488484 "uLSIF" 33 2 3 2.45454545454545
229.636636636637 1 208.565515480374 "uLSIF" 33 2 3 2.48989898989899
240.512512512513 1 219.174685305926 "uLSIF" 33 2 3 2.52525252525253
250.274274274274 1 231.711093628834 "uLSIF" 33 2 3 2.56060606060606
258.92992992993 1 239.566377426971 "uLSIF" 33 2 3 2.5959595959596
271.817817817818 1 254.287969801984 "uLSIF" 33 2 3 2.63131313131313
288.031031031031 1 263.873770525949 "uLSIF" 33 2 3 2.66666666666667
301.112112112112 1 276.209556100447 "uLSIF" 33 2 3 2.7020202020202
311.747747747748 1 285.936327876735 "uLSIF" 33 2 3 2.73737373737374
331.77977977978 1 309.994536689126 "uLSIF" 33 2 3 2.77272727272727
345.428428428428 1 320.66617567976 "uLSIF" 33 2 3 2.80808080808081
364.58958958959 1 339.112113884624 "uLSIF" 33 2 3 2.84343434343434
382.151151151151 1 352.671283555474 "uLSIF" 33 2 3 2.87878787878788
391.535535535536 1 357.720116644553 "uLSIF" 33 2 3 2.91414141414141
404.661322645291 2 361.678331079665 "uLSIF" 33 2 3 2.94949494949495
413.258032128514 4 362.775335997063 "uLSIF" 33 2 3 2.98484848484848
422.846231155779 5 369.870303922482 "uLSIF" 33 2 3 3.02020202020202
442.647532729104 7 381.924137771568 "uLSIF" 33 2 3 3.05555555555556
451.4504048583 12 385.810995416451 "uLSIF" 33 2 3 3.09090909090909
467.768218623482 12 397.585521787222 "uLSIF" 33 2 3 3.12626262626263
478.170582226762 21 399.719710734997 "uLSIF" 33 2 3 3.16161616161616
493.783367556468 26 408.593156091841 "uLSIF" 33 2 3 3.1969696969697
507.758478931141 27 416.901117055111 "uLSIF" 33 2 3 3.23232323232323
517.194415718718 33 420.354879956637 "uLSIF" 33 2 3 3.26767676767677
529.089397089397 38 427.047497780898 "uLSIF" 33 2 3 3.3030303030303
544.949790794979 44 435.911648176168 "uLSIF" 33 2 3 3.33838383838384
554.203389830509 56 435.995664494814 "uLSIF" 33 2 3 3.37373737373737
569.942430703625 62 448.86596926975 "uLSIF" 33 2 3 3.40909090909091
587.081720430108 70 456.603048861421 "uLSIF" 33 2 3 3.44444444444444
602.390032502709 77 464.485472791307 "uLSIF" 33 2 3 3.47979797979798
617.616812227074 84 469.885274337731 "uLSIF" 33 2 3 3.51515151515152
630.53956043956 90 476.109196592667 "uLSIF" 33 2 3 3.55050505050505
643.361018826135 97 477.305563793498 "uLSIF" 33 2 3 3.58585858585859
650.559284116331 106 483.272905725812 "uLSIF" 33 2 3 3.62121212121212
661.18015963512 123 483.489144545751 "uLSIF" 33 2 3 3.65656565656566
670.880924855491 135 485.500167752837 "uLSIF" 33 2 3 3.69191919191919
675.239436619718 148 486.025908255727 "uLSIF" 33 2 3 3.72727272727273
687.66985645933 164 496.070311899194 "uLSIF" 33 2 3 3.76262626262626
688.932680538556 183 495.49158262551 "uLSIF" 33 2 3 3.7979797979798
698.831055900621 195 500.223225075544 "uLSIF" 33 2 3 3.83333333333333
714.659974905897 203 508.414170149242 "uLSIF" 33 2 3 3.86868686868687
730.285895806862 213 513.215489108989 "uLSIF" 33 2 3 3.9040404040404
742.384715025907 228 516.999703642397 "uLSIF" 33 2 3 3.93939393939394
752.029062087186 243 514.185205038227 "uLSIF" 33 2 3 3.97474747474747
758.86711409396 255 513.033915231553 "uLSIF" 33 2 3 4.01010101010101
766.657608695652 264 518.453043967505 "uLSIF" 33 2 3 4.04545454545454
780.945833333333 280 521.591547613384 "uLSIF" 33 2 3 4.08080808080808
790.823782234957 302 527.604639985034 "uLSIF" 33 2 3 4.11616161616162
802.417151162791 312 532.813838983694 "uLSIF" 33 2 3 4.15151515151515
807.589285714286 328 529.915985584253 "uLSIF" 33 2 3 4.18686868686869
813.788432267884 343 533.497696397187 "uLSIF" 33 2 3 4.22222222222222
830.248833592535 357 539.02291056133 "uLSIF" 33 2 3 4.25757575757576
848.451816745656 367 540.151638314712 "uLSIF" 33 2 3 4.29292929292929
852.594813614263 383 540.25691745333 "uLSIF" 33 2 3 4.32828282828283
860.818635607321 399 537.912575349194 "uLSIF" 33 2 3 4.36363636363636
865.633898305085 410 543.023033717508 "uLSIF" 33 2 3 4.3989898989899
876.825259515571 422 545.788259155742 "uLSIF" 33 2 3 4.43434343434343
886.275310834813 437 542.461236174853 "uLSIF" 33 2 3 4.46969696969697
888.504537205082 449 535.99637335723 "uLSIF" 33 2 3 4.50505050505051
899.612359550562 466 548.297020269191 "uLSIF" 33 2 3 4.54040404040404
901.739884393064 481 549.621427950671 "uLSIF" 33 2 3 4.57575757575758
912.482213438735 494 552.441999715218 "uLSIF" 33 2 3 4.61111111111111
915.317813765182 506 555.888064058909 "uLSIF" 33 2 3 4.64646464646465
918.515789473684 525 556.977362128087 "uLSIF" 33 2 3 4.68181818181818
923.082788671024 541 561.429641219065 "uLSIF" 33 2 3 4.71717171717172
915.638826185102 557 564.165824384235 "uLSIF" 33 2 3 4.75252525252525
910.782909930716 567 561.06343635516 "uLSIF" 33 2 3 4.78787878787879
902.600484261501 587 559.101843632413 "uLSIF" 33 2 3 4.82323232323232
907.7625 600 560.034129906741 "uLSIF" 33 2 3 4.85858585858586
924.485639686684 617 563.075794120233 "uLSIF" 33 2 3 4.89393939393939
932.422343324251 633 568.385604546505 "uLSIF" 33 2 3 4.92929292929293
932.750708215297 647 566.426688423905 "uLSIF" 33 2 3 4.96464646464646
933.988405797101 655 566.935883832389 "uLSIF" 33 2 3 5
