128.07 15.21 0 0 "KDE LDA" 31 3000 2.5
130.47 15.25 0 0 "KDE LDA" 31 3000 2.51010101010101
132.12 15.26 0 0 "KDE LDA" 31 3000 2.52020202020202
138.355 15.42 0 0 "KDE LDA" 31 3000 2.53030303030303
138.42 15.49 0 0 "KDE LDA" 31 3000 2.54040404040404
138.47 15.505 0 0 "KDE LDA" 31 3000 2.55050505050505
138.49 15.545 0 0 "KDE LDA" 31 3000 2.56060606060606
140.315 15.6 0 0 "KDE LDA" 31 3000 2.57070707070707
140.315 15.705 0 0 "KDE LDA" 31 3000 2.58080808080808
141.485 15.71 0 0 "KDE LDA" 31 3000 2.59090909090909
142.29 15.745 0 0 "KDE LDA" 31 3000 2.6010101010101
143.75 15.775 0 0 "KDE LDA" 31 3000 2.61111111111111
145.485 15.805 0 0 "KDE LDA" 31 3000 2.62121212121212
145.52 15.83 0 0 "KDE LDA" 31 3000 2.63131313131313
147.08 15.88 0 0 "KDE LDA" 31 3000 2.64141414141414
150.075 15.94 0 0 "KDE LDA" 31 3000 2.65151515151515
157.37 16.145 0 0 "KDE LDA" 31 3000 2.66161616161616
163.045 16.33 0 0 "KDE LDA" 31 3000 2.67171717171717
165.24 16.39 0 0 "KDE LDA" 31 3000 2.68181818181818
167.445 16.405 0 0 "KDE LDA" 31 3000 2.69191919191919
168.135 16.47 0 0 "KDE LDA" 31 3000 2.7020202020202
170.14 16.51 0 0 "KDE LDA" 31 3000 2.71212121212121
171.71 16.595 0 0 "KDE LDA" 31 3000 2.72222222222222
171.75 16.62 0 0 "KDE LDA" 31 3000 2.73232323232323
173.57 16.625 0 0 "KDE LDA" 31 3000 2.74242424242424
174.195 16.645 0 0 "KDE LDA" 31 3000 2.75252525252525
174.52 16.74 0 0 "KDE LDA" 31 3000 2.76262626262626
175.125 16.775 0 0 "KDE LDA" 31 3000 2.77272727272727
178.25 16.87 0 0 "KDE LDA" 31 3000 2.78282828282828
184.195 16.95 0 0 "KDE LDA" 31 3000 2.79292929292929
226.8 17.64 0 0 "KDE LDA" 31 3000 2.8030303030303
230.275 17.65 0 0 "KDE LDA" 31 3000 2.81313131313131
234.04 17.745 0 0 "KDE LDA" 31 3000 2.82323232323232
234.04 17.76 0 0 "KDE LDA" 31 3000 2.83333333333333
238.385 17.77 0 0 "KDE LDA" 31 3000 2.84343434343434
238.4 17.82 0 0 "KDE LDA" 31 3000 2.85353535353535
238.43 17.97 0 0 "KDE LDA" 31 3000 2.86363636363636
239.49 17.97 0 0 "KDE LDA" 31 3000 2.87373737373737
239.975 18.005 0 0 "KDE LDA" 31 3000 2.88383838383838
240.21 18.02 0 0 "KDE LDA" 31 3000 2.89393939393939
240.25 18.085 0 0 "KDE LDA" 31 3000 2.9040404040404
240.285 18.1 0 0 "KDE LDA" 31 3000 2.91414141414141
240.295 18.12 0 0 "KDE LDA" 31 3000 2.92424242424242
242.275 18.275 0 0 "KDE LDA" 31 3000 2.93434343434343
242.345 18.31 0 0 "KDE LDA" 31 3000 2.94444444444444
242.375 18.34 0 0 "KDE LDA" 31 3000 2.95454545454545
250.41 18.435 0 0 "KDE LDA" 31 3000 2.96464646464646
251.305 18.465 0 0 "KDE LDA" 31 3000 2.97474747474747
254.26 18.48 0 0 "KDE LDA" 31 3000 2.98484848484848
254.37 18.59 0 0 "KDE LDA" 31 3000 2.99494949494949
256.175 18.605 0 0 "KDE LDA" 31 3000 3.00505050505051
259.025 18.695 0 0 "KDE LDA" 31 3000 3.01515151515152
259.33 18.735 0 0 "KDE LDA" 31 3000 3.02525252525253
261.12 18.835 0 0 "KDE LDA" 31 3000 3.03535353535354
262.97 18.87 0 0 "KDE LDA" 31 3000 3.04545454545455
263.005 18.945 0 0 "KDE LDA" 31 3000 3.05555555555556
264.6 19.03 0 0 "KDE LDA" 31 3000 3.06565656565657
268.825 19.095 0 0 "KDE LDA" 31 3000 3.07575757575758
274.255 19.145 0 0 "KDE LDA" 31 3000 3.08585858585859
292.925 19.275 0 0 "KDE LDA" 31 3000 3.0959595959596
296.615 19.28 0 0 "KDE LDA" 31 3000 3.10606060606061
297.825 19.295 0 0 "KDE LDA" 31 3000 3.11616161616162
301.79 19.37 0 0 "KDE LDA" 31 3000 3.12626262626263
301.795 19.445 0 0 "KDE LDA" 31 3000 3.13636363636364
304.075 19.585 0 0 "KDE LDA" 31 3000 3.14646464646465
306.19 19.755 0 0 "KDE LDA" 31 3000 3.15656565656566
306.5 19.77 0 0 "KDE LDA" 31 3000 3.16666666666667
308.455 19.875 0 0 "KDE LDA" 31 3000 3.17676767676768
311.215 19.955 0 0 "KDE LDA" 31 3000 3.18686868686869
319.89 20.11 0 0 "KDE LDA" 31 3000 3.1969696969697
326.02 20.17 0 0 "KDE LDA" 31 3000 3.20707070707071
336.68 20.29 0 0 "KDE LDA" 31 3000 3.21717171717172
358.88 20.785 0 0 "KDE LDA" 31 3000 3.22727272727273
358.885 21.125 0 0 "KDE LDA" 31 3000 3.23737373737374
360.9 21.555 0 0 "KDE LDA" 31 3000 3.24747474747475
360.905 21.61 0 0 "KDE LDA" 31 3000 3.25757575757576
360.91 21.67 0 0 "KDE LDA" 31 3000 3.26767676767677
365.5 21.69 0 0 "KDE LDA" 31 3000 3.27777777777778
365.585 21.79 0 0 "KDE LDA" 31 3000 3.28787878787879
367.355 21.84 0 0 "KDE LDA" 31 3000 3.2979797979798
371.425 21.855 0 0 "KDE LDA" 31 3000 3.30808080808081
372.485 22.01 0 0 "KDE LDA" 31 3000 3.31818181818182
378.465 22.05 0 0 "KDE LDA" 31 3000 3.32828282828283
397.485 22.32 0 0 "KDE LDA" 31 3000 3.33838383838384
399.97 22.645 0 0 "KDE LDA" 31 3000 3.34848484848485
437.26 23.03 0 0 "KDE LDA" 31 3000 3.35858585858586
442.935 23.08 0 0 "KDE LDA" 31 3000 3.36868686868687
455.23 23.09 0 0 "KDE LDA" 31 3000 3.37878787878788
458.85 23.125 0 0 "KDE LDA" 31 3000 3.38888888888889
469.59 23.195 0 0 "KDE LDA" 31 3000 3.3989898989899
476.885 23.2 0 0 "KDE LDA" 31 3000 3.40909090909091
486.66 23.21 0 0 "KDE LDA" 31 3000 3.41919191919192
501.48 23.21 0 0 "KDE LDA" 31 3000 3.42929292929293
501.58 23.375 0 0 "KDE LDA" 31 3000 3.43939393939394
502.215 23.395 0 0 "KDE LDA" 31 3000 3.44949494949495
502.66 23.405 0 0 "KDE LDA" 31 3000 3.45959595959596
505.995 23.45 0 0 "KDE LDA" 31 3000 3.46969696969697
513.235 23.49 0 0 "KDE LDA" 31 3000 3.47979797979798
518.37 23.5 0 0 "KDE LDA" 31 3000 3.48989898989899
524.865 23.505 0 0 "KDE LDA" 31 3000 3.5
109.865 12.6 0 0 "KDE QDA" 31 3000 2.7
109.865 12.61 0 0 "KDE QDA" 31 3000 2.71010101010101
109.875 12.64 0 0 "KDE QDA" 31 3000 2.72020202020202
109.875 12.64 0 0 "KDE QDA" 31 3000 2.73030303030303
109.88 12.64 0 0 "KDE QDA" 31 3000 2.74040404040404
109.98 12.64 0 0 "KDE QDA" 31 3000 2.75050505050505
112.52 12.645 0 0 "KDE QDA" 31 3000 2.76060606060606
112.52 12.645 0 0 "KDE QDA" 31 3000 2.77070707070707
112.555 12.645 0 0 "KDE QDA" 31 3000 2.78080808080808
112.56 12.645 0 0 "KDE QDA" 31 3000 2.79090909090909
137.825 13.545 0 0 "KDE QDA" 31 3000 2.8010101010101
137.825 13.545 0 0 "KDE QDA" 31 3000 2.81111111111111
137.825 13.545 0 0 "KDE QDA" 31 3000 2.82121212121212
139.87 13.67 0 0 "KDE QDA" 31 3000 2.83131313131313
139.87 13.675 0 0 "KDE QDA" 31 3000 2.84141414141414
139.975 13.68 0 0 "KDE QDA" 31 3000 2.85151515151515
139.975 13.68 0 0 "KDE QDA" 31 3000 2.86161616161616
139.98 13.68 0 0 "KDE QDA" 31 3000 2.87171717171717
139.98 13.68 0 0 "KDE QDA" 31 3000 2.88181818181818
139.98 13.68 0 0 "KDE QDA" 31 3000 2.89191919191919
139.98 13.68 0 0 "KDE QDA" 31 3000 2.9020202020202
140.005 13.68 0 0 "KDE QDA" 31 3000 2.91212121212121
140.005 13.68 0 0 "KDE QDA" 31 3000 2.92222222222222
140.005 13.68 0 0 "KDE QDA" 31 3000 2.93232323232323
140.045 13.68 0 0 "KDE QDA" 31 3000 2.94242424242424
140.05 13.68 0 0 "KDE QDA" 31 3000 2.95252525252525
152.855 13.985 0 0 "KDE QDA" 31 3000 2.96262626262626
152.86 14.07 0 0 "KDE QDA" 31 3000 2.97272727272727
154.665 14.085 0 0 "KDE QDA" 31 3000 2.98282828282828
155.87 14.095 0 0 "KDE QDA" 31 3000 2.99292929292929
155.87 14.1 0 0 "KDE QDA" 31 3000 3.0030303030303
157.87 14.11 0 0 "KDE QDA" 31 3000 3.01313131313131
157.915 14.11 0 0 "KDE QDA" 31 3000 3.02323232323232
157.915 14.11 0 0 "KDE QDA" 31 3000 3.03333333333333
157.915 14.11 0 0 "KDE QDA" 31 3000 3.04343434343434
157.92 14.18 0 0 "KDE QDA" 31 3000 3.05353535353535
157.92 14.18 0 0 "KDE QDA" 31 3000 3.06363636363636
157.92 14.18 0 0 "KDE QDA" 31 3000 3.07373737373737
157.935 14.18 0 0 "KDE QDA" 31 3000 3.08383838383838
170.49 14.68 0 0 "KDE QDA" 31 3000 3.09393939393939
172.42 14.695 0 0 "KDE QDA" 31 3000 3.1040404040404
172.42 14.695 0 0 "KDE QDA" 31 3000 3.11414141414141
175.01 14.73 0 0 "KDE QDA" 31 3000 3.12424242424242
175.035 14.73 0 0 "KDE QDA" 31 3000 3.13434343434343
175.035 14.79 0 0 "KDE QDA" 31 3000 3.14444444444444
175.065 14.815 0 0 "KDE QDA" 31 3000 3.15454545454545
175.065 14.815 0 0 "KDE QDA" 31 3000 3.16464646464646
175.065 14.815 0 0 "KDE QDA" 31 3000 3.17474747474748
175.07 14.815 0 0 "KDE QDA" 31 3000 3.18484848484849
175.07 14.815 0 0 "KDE QDA" 31 3000 3.19494949494949
177.13 14.815 0 0 "KDE QDA" 31 3000 3.20505050505051
177.165 14.815 0 0 "KDE QDA" 31 3000 3.21515151515152
192.925 15.485 0 0 "KDE QDA" 31 3000 3.22525252525253
193.24 15.49 0 0 "KDE QDA" 31 3000 3.23535353535354
193.24 15.49 0 0 "KDE QDA" 31 3000 3.24545454545455
198.32 15.505 0 0 "KDE QDA" 31 3000 3.25555555555556
198.32 15.615 0 0 "KDE QDA" 31 3000 3.26565656565657
198.695 15.62 0 0 "KDE QDA" 31 3000 3.27575757575758
198.71 15.635 0 0 "KDE QDA" 31 3000 3.28585858585859
198.71 15.635 0 0 "KDE QDA" 31 3000 3.2959595959596
199.355 15.635 0 0 "KDE QDA" 31 3000 3.30606060606061
199.355 15.64 0 0 "KDE QDA" 31 3000 3.31616161616162
199.355 15.64 0 0 "KDE QDA" 31 3000 3.32626262626263
199.61 15.64 0 0 "KDE QDA" 31 3000 3.33636363636364
199.61 15.64 0 0 "KDE QDA" 31 3000 3.34646464646465
201.28 15.65 0 0 "KDE QDA" 31 3000 3.35656565656566
223.145 16.35 0 0 "KDE QDA" 31 3000 3.36666666666667
223.17 16.35 0 0 "KDE QDA" 31 3000 3.37676767676768
233.395 16.47 0 0 "KDE QDA" 31 3000 3.38686868686869
235.98 16.475 0 0 "KDE QDA" 31 3000 3.3969696969697
237.605 16.49 0 0 "KDE QDA" 31 3000 3.40707070707071
238.855 16.5 0 0 "KDE QDA" 31 3000 3.41717171717172
238.86 16.525 0 0 "KDE QDA" 31 3000 3.42727272727273
238.925 16.54 0 0 "KDE QDA" 31 3000 3.43737373737374
238.925 16.545 0 0 "KDE QDA" 31 3000 3.44747474747475
242.335 16.545 0 0 "KDE QDA" 31 3000 3.45757575757576
242.335 16.545 0 0 "KDE QDA" 31 3000 3.46767676767677
242.85 16.545 0 0 "KDE QDA" 31 3000 3.47777777777778
242.85 16.545 0 0 "KDE QDA" 31 3000 3.48787878787879
242.85 16.545 0 0 "KDE QDA" 31 3000 3.4979797979798
244.52 16.56 0 0 "KDE QDA" 31 3000 3.50808080808081
265.325 16.815 0 0 "KDE QDA" 31 3000 3.51818181818182
265.355 16.895 0 0 "KDE QDA" 31 3000 3.52828282828283
265.355 16.9 0 0 "KDE QDA" 31 3000 3.53838383838384
268.325 16.98 0 0 "KDE QDA" 31 3000 3.54848484848485
271.15 16.985 0 0 "KDE QDA" 31 3000 3.55858585858586
271.15 17.025 0 0 "KDE QDA" 31 3000 3.56868686868687
273.83 17.035 0 0 "KDE QDA" 31 3000 3.57878787878788
273.83 17.04 0 0 "KDE QDA" 31 3000 3.58888888888889
273.83 17.05 0 0 "KDE QDA" 31 3000 3.5989898989899
275.295 17.05 0 0 "KDE QDA" 31 3000 3.60909090909091
275.295 17.05 0 0 "KDE QDA" 31 3000 3.61919191919192
275.295 17.05 0 0 "KDE QDA" 31 3000 3.62929292929293
275.295 17.05 0 0 "KDE QDA" 31 3000 3.63939393939394
276.23 17.055 0 0 "KDE QDA" 31 3000 3.64949494949495
289.905 17.375 0 0 "KDE QDA" 31 3000 3.65959595959596
289.92 17.375 0 0 "KDE QDA" 31 3000 3.66969696969697
295.875 17.485 0 0 "KDE QDA" 31 3000 3.67979797979798
300.055 17.485 0 0 "KDE QDA" 31 3000 3.68989898989899
300.07 17.485 0 0 "KDE QDA" 31 3000 3.7
