17.962 0 13.7260686637129 "LDA" 22 1 1 1.5
18.521 0 14.0453847164053 "LDA" 22 1 1 1.53535353535354
19.135 0 14.4075102412371 "LDA" 22 1 1 1.57070707070707
19.695 0 14.9071190106337 "LDA" 22 1 1 1.60606060606061
20.096 0 15.0959156950041 "LDA" 22 1 1 1.64141414141414
20.701 0 15.4820959270473 "LDA" 22 1 1 1.67676767676768
21.242 0 15.8302252678865 "LDA" 22 1 1 1.71212121212121
21.954 0 16.3997205718523 "LDA" 22 1 1 1.74747474747475
22.367 0 16.6651143721559 "LDA" 22 1 1 1.78282828282828
22.863 0 16.7030303305185 "LDA" 22 1 1 1.81818181818182
23.547 0 17.334886480427 "LDA" 22 1 1 1.85353535353535
23.976 0 17.5514522896961 "LDA" 22 1 1 1.88888888888889
24.695 0 18.0392180647718 "LDA" 22 1 1 1.92424242424242
25.515 0 18.9591989869358 "LDA" 22 1 1 1.95959595959596
26.275 0 19.5069704694731 "LDA" 22 1 1 1.99494949494949
27.128 0 20.2103952478935 "LDA" 22 1 1 2.03030303030303
27.636 0 20.4582023169692 "LDA" 22 1 1 2.06565656565657
28.321 0 20.8206017313731 "LDA" 22 1 1 2.1010101010101
28.946 0 21.2519818071334 "LDA" 22 1 1 2.13636363636364
29.671 0 22.1139273939476 "LDA" 22 1 1 2.17171717171717
30.269 0 22.6972642581613 "LDA" 22 1 1 2.20707070707071
30.598 0 22.7001694639862 "LDA" 22 1 1 2.24242424242424
31.318 0 23.1221432724025 "LDA" 22 1 1 2.27777777777778
31.948 0 23.6986269838765 "LDA" 22 1 1 2.31313131313131
32.565 0 24.2532883749193 "LDA" 22 1 1 2.34848484848485
33.181 0 24.5553905732775 "LDA" 22 1 1 2.38383838383838
34.194 0 25.785291257716 "LDA" 22 1 1 2.41919191919192
34.846 0 25.9500614583027 "LDA" 22 1 1 2.45454545454545
35.563 0 26.3939134966694 "LDA" 22 1 1 2.48989898989899
36.696 0 27.0105378168069 "LDA" 22 1 1 2.52525252525253
37.663 0 27.8153757142722 "LDA" 22 1 1 2.56060606060606
38.274 0 28.3016591016836 "LDA" 22 1 1 2.5959595959596
38.997 0 28.8172765268758 "LDA" 22 1 1 2.63131313131313
39.936 0 29.3745939677601 "LDA" 22 1 1 2.66666666666667
40.525 0 29.8579448701995 "LDA" 22 1 1 2.7020202020202
41.699 0 30.8990801182196 "LDA" 22 1 1 2.73737373737374
42.725 0 31.7362657785311 "LDA" 22 1 1 2.77272727272727
43.841 0 32.9617079835556 "LDA" 22 1 1 2.80808080808081
44.594 0 33.4297578919249 "LDA" 22 1 1 2.84343434343434
45.21 0 34.0085059724546 "LDA" 22 1 1 2.87878787878788
46.075 0 34.697193982659 "LDA" 22 1 1 2.91414141414141
46.617 0 34.9184135751699 "LDA" 22 1 1 2.94949494949495
47.356 0 35.2779789642179 "LDA" 22 1 1 2.98484848484848
48.006 0 35.429100823831 "LDA" 22 1 1 3.02020202020202
48.988 0 35.9871217094245 "LDA" 22 1 1 3.05555555555556
49.601 0 36.4686956822528 "LDA" 22 1 1 3.09090909090909
50.465 0 36.9421371403509 "LDA" 22 1 1 3.12626262626263
51.431 0 37.6155575416498 "LDA" 22 1 1 3.16161616161616
52.379 0 38.5150459920246 "LDA" 22 1 1 3.1969696969697
53.01 0 38.912801314042 "LDA" 22 1 1 3.23232323232323
53.724 0 39.3343999448195 "LDA" 22 1 1 3.26767676767677
54.356 0 39.5840897857228 "LDA" 22 1 1 3.3030303030303
55.049 0 39.5351188770772 "LDA" 22 1 1 3.33838383838384
55.561 0 39.5557952762922 "LDA" 22 1 1 3.37373737373737
56.413 0 40.1306728314129 "LDA" 22 1 1 3.40909090909091
57.526 0 41.054753888153 "LDA" 22 1 1 3.44444444444444
58.221 0 41.2973319795435 "LDA" 22 1 1 3.47979797979798
59.26 0 42.6503394060522 "LDA" 22 1 1 3.51515151515152
60.723 0 44.5118813192453 "LDA" 22 1 1 3.55050505050505
61.809 0 45.4027083435 "LDA" 22 1 1 3.58585858585859
62.675 0 45.8464532136595 "LDA" 22 1 1 3.62121212121212
63.472 0 46.7967215641133 "LDA" 22 1 1 3.65656565656566
64.247 0 47.1854263036317 "LDA" 22 1 1 3.69191919191919
65.401 0 47.7539594132218 "LDA" 22 1 1 3.72727272727273
66.395 0 48.4325168010468 "LDA" 22 1 1 3.76262626262626
67.61 0 49.7869324084005 "LDA" 22 1 1 3.7979797979798
68.266 0 50.3096243506379 "LDA" 22 1 1 3.83333333333333
69.193 0 51.0010476152977 "LDA" 22 1 1 3.86868686868687
70.598 0 51.7642340997327 "LDA" 22 1 1 3.9040404040404
71.301 0 52.0491259341645 "LDA" 22 1 1 3.93939393939394
72.069 0 52.5303309971932 "LDA" 22 1 1 3.97474747474747
73.107 0 54.3874208116412 "LDA" 22 1 1 4.01010101010101
73.807 0 54.5807182602593 "LDA" 22 1 1 4.04545454545454
74.573 0 54.7738335689939 "LDA" 22 1 1 4.08080808080808
75.936 0 55.8893148957788 "LDA" 22 1 1 4.11616161616162
77.492 0 58.2381801022458 "LDA" 22 1 1 4.15151515151515
78.027 0 58.3994072038558 "LDA" 22 1 1 4.18686868686869
78.904 0 59.8957117019264 "LDA" 22 1 1 4.22222222222222
79.944 0 60.5674771084555 "LDA" 22 1 1 4.25757575757576
81.342 0 61.5272023793755 "LDA" 22 1 1 4.29292929292929
82.44 0 62.0952028277081 "LDA" 22 1 1 4.32828282828283
83.329 0 62.4453214995101 "LDA" 22 1 1 4.36363636363636
85.02 0 63.5679202151563 "LDA" 22 1 1 4.3989898989899
85.807 0 63.9584586699479 "LDA" 22 1 1 4.43434343434343
87.045 0 65.3192282301052 "LDA" 22 1 1 4.46969696969697
88.415 0 66.633691356729 "LDA" 22 1 1 4.50505050505051
89.367 0 66.8860378035136 "LDA" 22 1 1 4.54040404040404
90.303 0 66.865897430897 "LDA" 22 1 1 4.57575757575758
91.275 0 67.6974764915453 "LDA" 22 1 1 4.61111111111111
92.251 0 68.2108108272707 "LDA" 22 1 1 4.64646464646465
93.384 0 68.9082643294176 "LDA" 22 1 1 4.68181818181818
94.526 0 69.0383633903616 "LDA" 22 1 1 4.71717171717172
95.293 0 69.1688620875209 "LDA" 22 1 1 4.75252525252525
95.717 0 69.4114605945003 "LDA" 22 1 1 4.78787878787879
96.271 0 69.5315194080439 "LDA" 22 1 1 4.82323232323232
97.197 0 70.0544203659756 "LDA" 22 1 1 4.85858585858586
97.925 0 70.2458529370585 "LDA" 22 1 1 4.89393939393939
98.811 0 70.5205106435101 "LDA" 22 1 1 4.92929292929293
99.605 0 70.5747530691448 "LDA" 22 1 1 4.96464646464646
100.698 0 70.8924434233617 "LDA" 22 1 1 5
10.605 0 7.2589025800507 "uLSIF" 22 1 1 1.5
10.902 0 7.37596100862801 "uLSIF" 22 1 1 1.53535353535354
11.142 0 7.44602439421731 "uLSIF" 22 1 1 1.57070707070707
11.401 0 7.52401553758429 "uLSIF" 22 1 1 1.60606060606061
11.622 0 7.62018262138009 "uLSIF" 22 1 1 1.64141414141414
11.941 0 7.80733459469193 "uLSIF" 22 1 1 1.67676767676768
12.22 0 7.92883764914294 "uLSIF" 22 1 1 1.71212121212121
12.517 0 8.10835719837603 "uLSIF" 22 1 1 1.74747474747475
12.739 0 8.36330220808885 "uLSIF" 22 1 1 1.78282828282828
13.077 0 8.51349226525464 "uLSIF" 22 1 1 1.81818181818182
13.479 0 8.77818976871744 "uLSIF" 22 1 1 1.85353535353535
13.812 0 8.9983123765307 "uLSIF" 22 1 1 1.88888888888889
14.154 0 9.45969184327744 "uLSIF" 22 1 1 1.92424242424242
14.394 0 9.50974233085204 "uLSIF" 22 1 1 1.95959595959596
14.687 0 9.61537760498705 "uLSIF" 22 1 1 1.99494949494949
15.007 0 9.91802996155579 "uLSIF" 22 1 1 2.03030303030303
15.35 0 10.1194814048895 "uLSIF" 22 1 1 2.06565656565657
15.669 0 10.295991766044 "uLSIF" 22 1 1 2.1010101010101
15.979 0 10.461740151954 "uLSIF" 22 1 1 2.13636363636364
16.218 0 10.5840681450234 "uLSIF" 22 1 1 2.17171717171717
16.478 0 10.7792257471354 "uLSIF" 22 1 1 2.20707070707071
16.785 0 10.9075088241426 "uLSIF" 22 1 1 2.24242424242424
17.051 0 10.9819398105254 "uLSIF" 22 1 1 2.27777777777778
17.398 0 11.270786424497 "uLSIF" 22 1 1 2.31313131313131
17.629 0 11.3351596744309 "uLSIF" 22 1 1 2.34848484848485
18.028 0 11.639187544098 "uLSIF" 22 1 1 2.38383838383838
18.35 0 11.790186958166 "uLSIF" 22 1 1 2.41919191919192
18.691 0 12.0407848373559 "uLSIF" 22 1 1 2.45454545454545
19.077 0 12.3339043370782 "uLSIF" 22 1 1 2.48989898989899
19.347 0 12.530586842068 "uLSIF" 22 1 1 2.52525252525253
19.692 0 12.6597553454008 "uLSIF" 22 1 1 2.56060606060606
20.103 0 12.9393128417554 "uLSIF" 22 1 1 2.5959595959596
20.46 0 13.1164187353271 "uLSIF" 22 1 1 2.63131313131313
20.837 0 13.4779852755183 "uLSIF" 22 1 1 2.66666666666667
21.151 0 13.4977920190448 "uLSIF" 22 1 1 2.7020202020202
21.437 0 13.6645069340152 "uLSIF" 22 1 1 2.73737373737374
21.744 0 13.7254089502226 "uLSIF" 22 1 1 2.77272727272727
22.103 0 13.7784700615575 "uLSIF" 22 1 1 2.80808080808081
22.454 0 13.8845476939173 "uLSIF" 22 1 1 2.84343434343434
22.679 0 13.9776010936188 "uLSIF" 22 1 1 2.87878787878788
22.996 0 14.0138635776281 "uLSIF" 22 1 1 2.91414141414141
23.354 0 14.2592429676337 "uLSIF" 22 1 1 2.94949494949495
23.572 0 14.3066941498551 "uLSIF" 22 1 1 2.98484848484848
23.812 0 14.4983053098235 "uLSIF" 22 1 1 3.02020202020202
24.086 0 14.5215522407035 "uLSIF" 22 1 1 3.05555555555556
24.395 0 14.6990828978558 "uLSIF" 22 1 1 3.09090909090909
24.657 0 14.7755090154846 "uLSIF" 22 1 1 3.12626262626263
24.921 0 14.8765611305527 "uLSIF" 22 1 1 3.16161616161616
25.265 0 15.011466254804 "uLSIF" 22 1 1 3.1969696969697
25.676 0 15.2065203864087 "uLSIF" 22 1 1 3.23232323232323
26.024 0 15.3851267829071 "uLSIF" 22 1 1 3.26767676767677
26.289 0 15.5511838236939 "uLSIF" 22 1 1 3.3030303030303
26.708 0 15.6775802508717 "uLSIF" 22 1 1 3.33838383838384
27.039 0 16.0361665505705 "uLSIF" 22 1 1 3.37373737373737
27.296 0 16.0403140765908 "uLSIF" 22 1 1 3.40909090909091
27.591 0 16.2211850937546 "uLSIF" 22 1 1 3.44444444444444
27.817 0 16.2354273149831 "uLSIF" 22 1 1 3.47979797979798
28.135 0 16.4274963898227 "uLSIF" 22 1 1 3.51515151515152
28.482 0 16.6204065508012 "uLSIF" 22 1 1 3.55050505050505
28.86 0 16.8094901457171 "uLSIF" 22 1 1 3.58585858585859
29.096 0 16.8287251445257 "uLSIF" 22 1 1 3.62121212121212
29.449 0 16.995182706733 "uLSIF" 22 1 1 3.65656565656566
29.803 0 17.2655231397513 "uLSIF" 22 1 1 3.69191919191919
30.068 0 17.3489585382628 "uLSIF" 22 1 1 3.72727272727273
30.463 0 17.6256998810344 "uLSIF" 22 1 1 3.76262626262626
30.83 0 17.6859801507831 "uLSIF" 22 1 1 3.7979797979798
31.36 0 18.2712407416201 "uLSIF" 22 1 1 3.83333333333333
31.667 0 18.3769372536019 "uLSIF" 22 1 1 3.86868686868687
31.937 0 18.437868260349 "uLSIF" 22 1 1 3.9040404040404
32.202 0 18.4584915936247 "uLSIF" 22 1 1 3.93939393939394
32.549 0 18.6342919327737 "uLSIF" 22 1 1 3.97474747474747
33.02 0 19.0544134171239 "uLSIF" 22 1 1 4.01010101010101
33.372 0 19.1568421353991 "uLSIF" 22 1 1 4.04545454545454
33.78 0 19.4838194207198 "uLSIF" 22 1 1 4.08080808080808
34.169 0 19.5252573523289 "uLSIF" 22 1 1 4.11616161616162
34.524 0 19.6832633182319 "uLSIF" 22 1 1 4.15151515151515
34.891 0 19.8804514876134 "uLSIF" 22 1 1 4.18686868686869
35.233 0 20.2305706045822 "uLSIF" 22 1 1 4.22222222222222
35.423 0 20.2636790264672 "uLSIF" 22 1 1 4.25757575757576
35.691 0 20.3318199358026 "uLSIF" 22 1 1 4.29292929292929
35.928 0 20.3181604394602 "uLSIF" 22 1 1 4.32828282828283
36.421 0 20.5697562910666 "uLSIF" 22 1 1 4.36363636363636
36.733 0 20.7438670218216 "uLSIF" 22 1 1 4.3989898989899
37.118 0 20.8332931170783 "uLSIF" 22 1 1 4.43434343434343
37.408 0 20.9244681980061 "uLSIF" 22 1 1 4.46969696969697
37.652 0 20.9874574298406 "uLSIF" 22 1 1 4.50505050505051
38.093 0 21.2142498192935 "uLSIF" 22 1 1 4.54040404040404
38.548 0 21.3543837585098 "uLSIF" 22 1 1 4.57575757575758
38.879 0 21.4105761662729 "uLSIF" 22 1 1 4.61111111111111
39.192 0 21.4836841506452 "uLSIF" 22 1 1 4.64646464646465
39.534 0 21.7896221085092 "uLSIF" 22 1 1 4.68181818181818
39.904 0 21.9364534962239 "uLSIF" 22 1 1 4.71717171717172
40.059 0 21.9575420448795 "uLSIF" 22 1 1 4.75252525252525
40.274 0 22.0438393855257 "uLSIF" 22 1 1 4.78787878787879
40.741 0 22.3444219480431 "uLSIF" 22 1 1 4.82323232323232
41.118 0 22.5164176783312 "uLSIF" 22 1 1 4.85858585858586
41.495 0 22.6472265823405 "uLSIF" 22 1 1 4.89393939393939
41.765 0 22.6583135774526 "uLSIF" 22 1 1 4.92929292929293
42.098 0 22.6757709149344 "uLSIF" 22 1 1 4.96464646464646
42.48 0 22.9016174992965 "uLSIF" 22 1 1 5
