143.425 13.67 0 0 "KDE LDA" 139 600 2.3
143.435 13.735 0 0 "KDE LDA" 139 600 2.31010101010101
143.48 13.735 0 0 "KDE LDA" 139 600 2.32020202020202
143.77 13.735 0 0 "KDE LDA" 139 600 2.33030303030303
143.86 13.745 0 0 "KDE LDA" 139 600 2.34040404040404
143.86 13.745 0 0 "KDE LDA" 139 600 2.35050505050505
143.865 14.065 0 0 "KDE LDA" 139 600 2.36060606060606
144.865 14.085 0 0 "KDE LDA" 139 600 2.37070707070707
144.92 14.105 0 0 "KDE LDA" 139 600 2.38080808080808
144.975 14.14 0 0 "KDE LDA" 139 600 2.39090909090909
146.465 14.44 0 0 "KDE LDA" 139 600 2.4010101010101
146.465 14.51 0 0 "KDE LDA" 139 600 2.41111111111111
147.48 14.51 0 0 "KDE LDA" 139 600 2.42121212121212
147.485 14.52 0 0 "KDE LDA" 139 600 2.43131313131313
147.485 14.575 0 0 "KDE LDA" 139 600 2.44141414141414
150.555 14.585 0 0 "KDE LDA" 139 600 2.45151515151515
150.575 14.71 0 0 "KDE LDA" 139 600 2.46161616161616
150.575 14.73 0 0 "KDE LDA" 139 600 2.47171717171717
152.18 14.745 0 0 "KDE LDA" 139 600 2.48181818181818
152.18 14.8 0 0 "KDE LDA" 139 600 2.49191919191919
152.18 14.895 0 0 "KDE LDA" 139 600 2.5020202020202
152.19 14.895 0 0 "KDE LDA" 139 600 2.51212121212121
152.43 14.925 0 0 "KDE LDA" 139 600 2.52222222222222
157.505 15.195 0 0 "KDE LDA" 139 600 2.53232323232323
157.51 15.205 0 0 "KDE LDA" 139 600 2.54242424242424
157.535 15.23 0 0 "KDE LDA" 139 600 2.55252525252525
160 15.24 0 0 "KDE LDA" 139 600 2.56262626262626
160.91 15.3 0 0 "KDE LDA" 139 600 2.57272727272727
162.575 15.3 0 0 "KDE LDA" 139 600 2.58282828282828
162.575 15.385 0 0 "KDE LDA" 139 600 2.59292929292929
162.575 15.42 0 0 "KDE LDA" 139 600 2.6030303030303
163.01 15.435 0 0 "KDE LDA" 139 600 2.61313131313131
163.12 15.45 0 0 "KDE LDA" 139 600 2.62323232323232
164.1 15.575 0 0 "KDE LDA" 139 600 2.63333333333333
167.455 15.68 0 0 "KDE LDA" 139 600 2.64343434343434
171.17 15.75 0 0 "KDE LDA" 139 600 2.65353535353535
179.315 16 0 0 "KDE LDA" 139 600 2.66363636363636
196.565 16.33 0 0 "KDE LDA" 139 600 2.67373737373737
198.025 16.4 0 0 "KDE LDA" 139 600 2.68383838383838
201.16 16.455 0 0 "KDE LDA" 139 600 2.69393939393939
201.33 16.48 0 0 "KDE LDA" 139 600 2.7040404040404
202.34 16.49 0 0 "KDE LDA" 139 600 2.71414141414141
206.96 16.605 0 0 "KDE LDA" 139 600 2.72424242424242
213.665 16.63 0 0 "KDE LDA" 139 600 2.73434343434343
215.065 16.65 0 0 "KDE LDA" 139 600 2.74444444444444
217.24 16.66 0 0 "KDE LDA" 139 600 2.75454545454545
222.365 16.705 0 0 "KDE LDA" 139 600 2.76464646464646
225 17.04 0 0 "KDE LDA" 139 600 2.77474747474747
237.13 17.09 0 0 "KDE LDA" 139 600 2.78484848484848
246.38 17.135 0 0 "KDE LDA" 139 600 2.79494949494949
304.39 18.815 0 0 "KDE LDA" 139 600 2.80505050505051
307.65 18.95 0 0 "KDE LDA" 139 600 2.81515151515151
310.955 19.045 0 0 "KDE LDA" 139 600 2.82525252525252
313.165 19.27 0 0 "KDE LDA" 139 600 2.83535353535354
315.42 19.315 0 0 "KDE LDA" 139 600 2.84545454545455
316.38 19.32 0 0 "KDE LDA" 139 600 2.85555555555556
316.395 19.33 0 0 "KDE LDA" 139 600 2.86565656565657
317.54 19.345 0 0 "KDE LDA" 139 600 2.87575757575758
318.92 19.355 0 0 "KDE LDA" 139 600 2.88585858585859
321.04 19.36 0 0 "KDE LDA" 139 600 2.8959595959596
322.885 19.39 0 0 "KDE LDA" 139 600 2.90606060606061
324.205 19.39 0 0 "KDE LDA" 139 600 2.91616161616162
325.555 19.4 0 0 "KDE LDA" 139 600 2.92626262626263
330.005 19.42 0 0 "KDE LDA" 139 600 2.93636363636364
330.005 19.575 0 0 "KDE LDA" 139 600 2.94646464646465
335.3 20.085 0 0 "KDE LDA" 139 600 2.95656565656566
340.835 20.24 0 0 "KDE LDA" 139 600 2.96666666666667
341.1 20.275 0 0 "KDE LDA" 139 600 2.97676767676768
341.83 20.33 0 0 "KDE LDA" 139 600 2.98686868686869
341.835 20.335 0 0 "KDE LDA" 139 600 2.9969696969697
341.835 20.55 0 0 "KDE LDA" 139 600 3.00707070707071
341.84 20.6 0 0 "KDE LDA" 139 600 3.01717171717172
345.05 20.8 0 0 "KDE LDA" 139 600 3.02727272727273
349.835 20.85 0 0 "KDE LDA" 139 600 3.03737373737374
353.6 20.855 0 0 "KDE LDA" 139 600 3.04747474747475
356.525 20.86 0 0 "KDE LDA" 139 600 3.05757575757576
361.175 20.91 0 0 "KDE LDA" 139 600 3.06767676767677
366.085 20.91 0 0 "KDE LDA" 139 600 3.07777777777778
371.66 21.1 0 0 "KDE LDA" 139 600 3.08787878787879
387.51 21.33 0 0 "KDE LDA" 139 600 3.0979797979798
391.37 21.38 0 0 "KDE LDA" 139 600 3.10808080808081
397.67 21.475 0 0 "KDE LDA" 139 600 3.11818181818182
402.37 21.485 0 0 "KDE LDA" 139 600 3.12828282828283
402.37 21.495 0 0 "KDE LDA" 139 600 3.13838383838384
402.38 21.505 0 0 "KDE LDA" 139 600 3.14848484848485
404.475 21.53 0 0 "KDE LDA" 139 600 3.15858585858586
404.485 21.55 0 0 "KDE LDA" 139 600 3.16868686868687
404.49 21.55 0 0 "KDE LDA" 139 600 3.17878787878788
405.75 21.735 0 0 "KDE LDA" 139 600 3.18888888888889
409.7 21.805 0 0 "KDE LDA" 139 600 3.1989898989899
414.82 21.88 0 0 "KDE LDA" 139 600 3.20909090909091
421.035 22.055 0 0 "KDE LDA" 139 600 3.21919191919192
467.54 22.26 0 0 "KDE LDA" 139 600 3.22929292929293
467.97 22.27 0 0 "KDE LDA" 139 600 3.23939393939394
472.195 22.32 0 0 "KDE LDA" 139 600 3.24949494949495
480.26 22.32 0 0 "KDE LDA" 139 600 3.25959595959596
480.27 22.335 0 0 "KDE LDA" 139 600 3.26969696969697
480.945 22.335 0 0 "KDE LDA" 139 600 3.27979797979798
487.615 22.39 0 0 "KDE LDA" 139 600 3.28989898989899
496.555 22.4 0 0 "KDE LDA" 139 600 3.3
308.385 22.865 0 0 "KDE QDA" 139 600 4.5
313.31 23.02 0 0 "KDE QDA" 139 600 4.51010101010101
313.405 23.025 0 0 "KDE QDA" 139 600 4.52020202020202
316.725 23.135 0 0 "KDE QDA" 139 600 4.53030303030303
320.825 23.17 0 0 "KDE QDA" 139 600 4.54040404040404
320.835 23.225 0 0 "KDE QDA" 139 600 4.55050505050505
326.44 23.245 0 0 "KDE QDA" 139 600 4.56060606060606
326.555 23.27 0 0 "KDE QDA" 139 600 4.57070707070707
327.305 23.27 0 0 "KDE QDA" 139 600 4.58080808080808
329.08 23.27 0 0 "KDE QDA" 139 600 4.59090909090909
329.1 23.27 0 0 "KDE QDA" 139 600 4.6010101010101
329.11 23.305 0 0 "KDE QDA" 139 600 4.61111111111111
331.65 23.305 0 0 "KDE QDA" 139 600 4.62121212121212
331.65 23.37 0 0 "KDE QDA" 139 600 4.63131313131313
339.455 23.52 0 0 "KDE QDA" 139 600 4.64141414141414
340.525 23.535 0 0 "KDE QDA" 139 600 4.65151515151515
340.705 23.61 0 0 "KDE QDA" 139 600 4.66161616161616
345.315 23.65 0 0 "KDE QDA" 139 600 4.67171717171717
349.695 23.66 0 0 "KDE QDA" 139 600 4.68181818181818
351.31 23.67 0 0 "KDE QDA" 139 600 4.69191919191919
363.845 23.685 0 0 "KDE QDA" 139 600 4.7020202020202
363.935 23.69 0 0 "KDE QDA" 139 600 4.71212121212121
368.86 23.84 0 0 "KDE QDA" 139 600 4.72222222222222
375.25 23.87 0 0 "KDE QDA" 139 600 4.73232323232323
375.265 23.87 0 0 "KDE QDA" 139 600 4.74242424242424
379.885 23.875 0 0 "KDE QDA" 139 600 4.75252525252525
381.33 23.875 0 0 "KDE QDA" 139 600 4.76262626262626
385.385 24.22 0 0 "KDE QDA" 139 600 4.77272727272727
385.39 24.25 0 0 "KDE QDA" 139 600 4.78282828282828
385.42 24.255 0 0 "KDE QDA" 139 600 4.79292929292929
388.91 24.32 0 0 "KDE QDA" 139 600 4.8030303030303
392.025 24.345 0 0 "KDE QDA" 139 600 4.81313131313131
395.25 24.415 0 0 "KDE QDA" 139 600 4.82323232323232
396.795 24.435 0 0 "KDE QDA" 139 600 4.83333333333333
402.29 24.475 0 0 "KDE QDA" 139 600 4.84343434343434
408.075 24.495 0 0 "KDE QDA" 139 600 4.85353535353535
408.09 24.5 0 0 "KDE QDA" 139 600 4.86363636363636
408.375 24.505 0 0 "KDE QDA" 139 600 4.87373737373737
411.93 24.515 0 0 "KDE QDA" 139 600 4.88383838383838
413.705 24.53 0 0 "KDE QDA" 139 600 4.89393939393939
435.03 24.72 0 0 "KDE QDA" 139 600 4.9040404040404
436.75 24.745 0 0 "KDE QDA" 139 600 4.91414141414141
436.755 24.745 0 0 "KDE QDA" 139 600 4.92424242424242
456.515 24.825 0 0 "KDE QDA" 139 600 4.93434343434343
456.585 24.84 0 0 "KDE QDA" 139 600 4.94444444444444
465.47 24.885 0 0 "KDE QDA" 139 600 4.95454545454546
465.475 24.935 0 0 "KDE QDA" 139 600 4.96464646464646
465.57 24.99 0 0 "KDE QDA" 139 600 4.97474747474747
470.865 25.015 0 0 "KDE QDA" 139 600 4.98484848484848
470.87 25.055 0 0 "KDE QDA" 139 600 4.99494949494949
470.915 25.11 0 0 "KDE QDA" 139 600 5.00505050505051
474.345 25.12 0 0 "KDE QDA" 139 600 5.01515151515152
477.785 25.19 0 0 "KDE QDA" 139 600 5.02525252525253
478.27 25.215 0 0 "KDE QDA" 139 600 5.03535353535354
486.535 25.55 0 0 "KDE QDA" 139 600 5.04545454545455
486.535 25.565 0 0 "KDE QDA" 139 600 5.05555555555556
493.555 25.855 0 0 "KDE QDA" 139 600 5.06565656565657
499.385 25.905 0 0 "KDE QDA" 139 600 5.07575757575758
501.09 25.905 0 0 "KDE QDA" 139 600 5.08585858585859
501.82 26 0 0 "KDE QDA" 139 600 5.0959595959596
504.045 26.01 0 0 "KDE QDA" 139 600 5.10606060606061
508.155 26.045 0 0 "KDE QDA" 139 600 5.11616161616162
508.23 26.065 0 0 "KDE QDA" 139 600 5.12626262626263
510.3 26.065 0 0 "KDE QDA" 139 600 5.13636363636364
522.745 26.07 0 0 "KDE QDA" 139 600 5.14646464646465
522.81 26.07 0 0 "KDE QDA" 139 600 5.15656565656566
533.3 26.1 0 0 "KDE QDA" 139 600 5.16666666666667
533.325 26.105 0 0 "KDE QDA" 139 600 5.17676767676768
533.33 26.105 0 0 "KDE QDA" 139 600 5.18686868686869
542.64 26.3 0 0 "KDE QDA" 139 600 5.1969696969697
542.645 26.335 0 0 "KDE QDA" 139 600 5.20707070707071
542.85 26.385 0 0 "KDE QDA" 139 600 5.21717171717172
543.175 26.615 0 0 "KDE QDA" 139 600 5.22727272727273
557.245 26.68 0 0 "KDE QDA" 139 600 5.23737373737374
557.87 26.72 0 0 "KDE QDA" 139 600 5.24747474747475
558.395 26.845 0 0 "KDE QDA" 139 600 5.25757575757576
558.455 26.89 0 0 "KDE QDA" 139 600 5.26767676767677
558.53 26.91 0 0 "KDE QDA" 139 600 5.27777777777778
558.56 26.91 0 0 "KDE QDA" 139 600 5.28787878787879
558.805 26.935 0 0 "KDE QDA" 139 600 5.2979797979798
572.93 26.945 0 0 "KDE QDA" 139 600 5.30808080808081
574.595 26.945 0 0 "KDE QDA" 139 600 5.31818181818182
574.73 26.965 0 0 "KDE QDA" 139 600 5.32828282828283
581.61 27.445 0 0 "KDE QDA" 139 600 5.33838383838384
581.69 27.45 0 0 "KDE QDA" 139 600 5.34848484848485
598.04 27.51 0 0 "KDE QDA" 139 600 5.35858585858586
599.165 27.515 0 0 "KDE QDA" 139 600 5.36868686868687
600.51 27.555 0 0 "KDE QDA" 139 600 5.37878787878788
611.625 27.61 0 0 "KDE QDA" 139 600 5.38888888888889
615.49 27.685 0 0 "KDE QDA" 139 600 5.3989898989899
615.515 27.735 0 0 "KDE QDA" 139 600 5.40909090909091
630.625 27.74 0 0 "KDE QDA" 139 600 5.41919191919192
630.675 27.74 0 0 "KDE QDA" 139 600 5.42929292929293
630.7 27.745 0 0 "KDE QDA" 139 600 5.43939393939394
636.51 27.855 0 0 "KDE QDA" 139 600 5.44949494949495
637.745 27.96 0 0 "KDE QDA" 139 600 5.45959595959596
646.345 28.28 0 0 "KDE QDA" 139 600 5.46969696969697
652.99 28.295 0 0 "KDE QDA" 139 600 5.47979797979798
661.69 28.55 0 0 "KDE QDA" 139 600 5.48989898989899
661.76 28.585 0 0 "KDE QDA" 139 600 5.5
