131.83 14.11 0 0 "KDE LDA" 149 5000 2.5
134.4 14.175 0 0 "KDE LDA" 149 5000 2.51010101010101
136.46 14.195 0 0 "KDE LDA" 149 5000 2.52020202020202
140.28 14.335 0 0 "KDE LDA" 149 5000 2.53030303030303
143.92 14.38 0 0 "KDE LDA" 149 5000 2.54040404040404
144.21 14.38 0 0 "KDE LDA" 149 5000 2.55050505050505
144.33 14.405 0 0 "KDE LDA" 149 5000 2.56060606060606
144.335 14.46 0 0 "KDE LDA" 149 5000 2.57070707070707
145.445 14.49 0 0 "KDE LDA" 149 5000 2.58080808080808
145.45 14.5 0 0 "KDE LDA" 149 5000 2.59090909090909
150.195 14.635 0 0 "KDE LDA" 149 5000 2.6010101010101
151.735 14.635 0 0 "KDE LDA" 149 5000 2.61111111111111
153.085 14.915 0 0 "KDE LDA" 149 5000 2.62121212121212
154.845 15.085 0 0 "KDE LDA" 149 5000 2.63131313131313
160.825 15.115 0 0 "KDE LDA" 149 5000 2.64141414141414
166.38 15.19 0 0 "KDE LDA" 149 5000 2.65151515151515
171.375 15.345 0 0 "KDE LDA" 149 5000 2.66161616161616
179.095 15.765 0 0 "KDE LDA" 149 5000 2.67171717171717
181.38 15.83 0 0 "KDE LDA" 149 5000 2.68181818181818
183.01 15.875 0 0 "KDE LDA" 149 5000 2.69191919191919
186.66 15.895 0 0 "KDE LDA" 149 5000 2.7020202020202
188.13 15.915 0 0 "KDE LDA" 149 5000 2.71212121212121
189.795 16.07 0 0 "KDE LDA" 149 5000 2.72222222222222
189.88 16.165 0 0 "KDE LDA" 149 5000 2.73232323232323
190.26 16.21 0 0 "KDE LDA" 149 5000 2.74242424242424
194.665 16.32 0 0 "KDE LDA" 149 5000 2.75252525252525
201.64 16.35 0 0 "KDE LDA" 149 5000 2.76262626262626
203.42 16.55 0 0 "KDE LDA" 149 5000 2.77272727272727
206.09 16.59 0 0 "KDE LDA" 149 5000 2.78282828282828
223.425 17.14 0 0 "KDE LDA" 149 5000 2.79292929292929
243.885 17.935 0 0 "KDE LDA" 149 5000 2.8030303030303
245.33 17.98 0 0 "KDE LDA" 149 5000 2.81313131313131
248.72 18.025 0 0 "KDE LDA" 149 5000 2.82323232323232
249.995 18.025 0 0 "KDE LDA" 149 5000 2.83333333333333
250 18.075 0 0 "KDE LDA" 149 5000 2.84343434343434
250.51 18.08 0 0 "KDE LDA" 149 5000 2.85353535353535
250.51 18.12 0 0 "KDE LDA" 149 5000 2.86363636363636
253.635 18.205 0 0 "KDE LDA" 149 5000 2.87373737373737
259.835 18.21 0 0 "KDE LDA" 149 5000 2.88383838383838
259.835 18.25 0 0 "KDE LDA" 149 5000 2.89393939393939
261.67 18.275 0 0 "KDE LDA" 149 5000 2.9040404040404
262.295 18.37 0 0 "KDE LDA" 149 5000 2.91414141414141
268.57 18.4 0 0 "KDE LDA" 149 5000 2.92424242424242
274.205 18.44 0 0 "KDE LDA" 149 5000 2.93434343434343
274.35 18.49 0 0 "KDE LDA" 149 5000 2.94444444444444
275.88 18.56 0 0 "KDE LDA" 149 5000 2.95454545454545
277.78 18.895 0 0 "KDE LDA" 149 5000 2.96464646464646
279.41 18.92 0 0 "KDE LDA" 149 5000 2.97474747474747
288.975 19.09 0 0 "KDE LDA" 149 5000 2.98484848484848
288.975 19.265 0 0 "KDE LDA" 149 5000 2.99494949494949
289.625 19.285 0 0 "KDE LDA" 149 5000 3.00505050505051
290.395 19.32 0 0 "KDE LDA" 149 5000 3.01515151515152
292.86 19.62 0 0 "KDE LDA" 149 5000 3.02525252525253
295.835 19.62 0 0 "KDE LDA" 149 5000 3.03535353535354
297.375 19.745 0 0 "KDE LDA" 149 5000 3.04545454545455
299.725 19.84 0 0 "KDE LDA" 149 5000 3.05555555555556
303.415 19.97 0 0 "KDE LDA" 149 5000 3.06565656565657
311.465 20.01 0 0 "KDE LDA" 149 5000 3.07575757575758
313.25 20.08 0 0 "KDE LDA" 149 5000 3.08585858585859
320.165 20.225 0 0 "KDE LDA" 149 5000 3.0959595959596
320.17 20.26 0 0 "KDE LDA" 149 5000 3.10606060606061
320.24 20.45 0 0 "KDE LDA" 149 5000 3.11616161616162
327.19 20.46 0 0 "KDE LDA" 149 5000 3.12626262626263
330.325 20.49 0 0 "KDE LDA" 149 5000 3.13636363636364
331.785 20.575 0 0 "KDE LDA" 149 5000 3.14646464646465
334.025 20.58 0 0 "KDE LDA" 149 5000 3.15656565656566
340.355 20.6 0 0 "KDE LDA" 149 5000 3.16666666666667
342.265 20.605 0 0 "KDE LDA" 149 5000 3.17676767676768
352.965 20.61 0 0 "KDE LDA" 149 5000 3.18686868686869
359.96 20.705 0 0 "KDE LDA" 149 5000 3.1969696969697
362.54 20.845 0 0 "KDE LDA" 149 5000 3.20707070707071
368.7 21.07 0 0 "KDE LDA" 149 5000 3.21717171717172
405.77 21.205 0 0 "KDE LDA" 149 5000 3.22727272727273
407.19 21.605 0 0 "KDE LDA" 149 5000 3.23737373737374
407.21 21.655 0 0 "KDE LDA" 149 5000 3.24747474747475
411.08 21.68 0 0 "KDE LDA" 149 5000 3.25757575757576
411.085 22.03 0 0 "KDE LDA" 149 5000 3.26767676767677
411.1 22.03 0 0 "KDE LDA" 149 5000 3.27777777777778
420.58 22.035 0 0 "KDE LDA" 149 5000 3.28787878787879
425.885 22.085 0 0 "KDE LDA" 149 5000 3.2979797979798
432.015 22.135 0 0 "KDE LDA" 149 5000 3.30808080808081
434.54 22.24 0 0 "KDE LDA" 149 5000 3.31818181818182
436.58 22.5 0 0 "KDE LDA" 149 5000 3.32828282828283
448.115 22.595 0 0 "KDE LDA" 149 5000 3.33838383838384
465.16 22.73 0 0 "KDE LDA" 149 5000 3.34848484848485
509.585 23.02 0 0 "KDE LDA" 149 5000 3.35858585858586
516.61 23.295 0 0 "KDE LDA" 149 5000 3.36868686868687
524.075 23.325 0 0 "KDE LDA" 149 5000 3.37878787878788
526.32 23.35 0 0 "KDE LDA" 149 5000 3.38888888888889
527.56 23.37 0 0 "KDE LDA" 149 5000 3.3989898989899
527.795 23.39 0 0 "KDE LDA" 149 5000 3.40909090909091
530.94 23.4 0 0 "KDE LDA" 149 5000 3.41919191919192
532.245 23.42 0 0 "KDE LDA" 149 5000 3.42929292929293
532.275 23.43 0 0 "KDE LDA" 149 5000 3.43939393939394
532.285 23.52 0 0 "KDE LDA" 149 5000 3.44949494949495
538.495 23.525 0 0 "KDE LDA" 149 5000 3.45959595959596
544.025 23.58 0 0 "KDE LDA" 149 5000 3.46969696969697
544.03 23.59 0 0 "KDE LDA" 149 5000 3.47979797979798
550.62 23.65 0 0 "KDE LDA" 149 5000 3.48989898989899
551.74 23.68 0 0 "KDE LDA" 149 5000 3.5
93.435 13.22 0 0 "KDE QDA" 149 5000 2.7
93.435 13.22 0 0 "KDE QDA" 149 5000 2.71010101010101
94.51 13.23 0 0 "KDE QDA" 149 5000 2.72020202020202
94.515 13.255 0 0 "KDE QDA" 149 5000 2.73030303030303
94.56 13.26 0 0 "KDE QDA" 149 5000 2.74040404040404
95.025 13.26 0 0 "KDE QDA" 149 5000 2.75050505050505
95.025 13.26 0 0 "KDE QDA" 149 5000 2.76060606060606
95.04 13.26 0 0 "KDE QDA" 149 5000 2.77070707070707
95.04 13.26 0 0 "KDE QDA" 149 5000 2.78080808080808
95.04 13.265 0 0 "KDE QDA" 149 5000 2.79090909090909
124.555 14.33 0 0 "KDE QDA" 149 5000 2.8010101010101
124.555 14.33 0 0 "KDE QDA" 149 5000 2.81111111111111
124.555 14.33 0 0 "KDE QDA" 149 5000 2.82121212121212
133.425 14.515 0 0 "KDE QDA" 149 5000 2.83131313131313
133.425 14.525 0 0 "KDE QDA" 149 5000 2.84141414141414
133.425 14.545 0 0 "KDE QDA" 149 5000 2.85151515151515
133.44 14.545 0 0 "KDE QDA" 149 5000 2.86161616161616
133.44 14.545 0 0 "KDE QDA" 149 5000 2.87171717171717
133.455 14.545 0 0 "KDE QDA" 149 5000 2.88181818181818
133.455 14.545 0 0 "KDE QDA" 149 5000 2.89191919191919
133.455 14.545 0 0 "KDE QDA" 149 5000 2.9020202020202
133.455 14.545 0 0 "KDE QDA" 149 5000 2.91212121212121
133.46 14.545 0 0 "KDE QDA" 149 5000 2.92222222222222
133.46 14.545 0 0 "KDE QDA" 149 5000 2.93232323232323
133.46 14.545 0 0 "KDE QDA" 149 5000 2.94242424242424
133.475 14.545 0 0 "KDE QDA" 149 5000 2.95252525252525
139.85 14.75 0 0 "KDE QDA" 149 5000 2.96262626262626
139.85 14.75 0 0 "KDE QDA" 149 5000 2.97272727272727
140.58 14.765 0 0 "KDE QDA" 149 5000 2.98282828282828
140.595 14.775 0 0 "KDE QDA" 149 5000 2.99292929292929
140.595 14.775 0 0 "KDE QDA" 149 5000 3.0030303030303
140.61 14.775 0 0 "KDE QDA" 149 5000 3.01313131313131
141.69 14.785 0 0 "KDE QDA" 149 5000 3.02323232323232
141.69 14.79 0 0 "KDE QDA" 149 5000 3.03333333333333
142.455 14.79 0 0 "KDE QDA" 149 5000 3.04343434343434
142.46 14.79 0 0 "KDE QDA" 149 5000 3.05353535353535
142.46 14.79 0 0 "KDE QDA" 149 5000 3.06363636363636
142.465 14.79 0 0 "KDE QDA" 149 5000 3.07373737373737
142.47 14.79 0 0 "KDE QDA" 149 5000 3.08383838383838
155.69 15.59 0 0 "KDE QDA" 149 5000 3.09393939393939
155.695 15.7 0 0 "KDE QDA" 149 5000 3.1040404040404
155.695 15.7 0 0 "KDE QDA" 149 5000 3.11414141414141
156.62 15.785 0 0 "KDE QDA" 149 5000 3.12424242424242
157.07 15.785 0 0 "KDE QDA" 149 5000 3.13434343434343
157.28 15.8 0 0 "KDE QDA" 149 5000 3.14444444444444
157.28 15.8 0 0 "KDE QDA" 149 5000 3.15454545454545
157.285 15.8 0 0 "KDE QDA" 149 5000 3.16464646464646
157.285 15.8 0 0 "KDE QDA" 149 5000 3.17474747474748
158.155 15.8 0 0 "KDE QDA" 149 5000 3.18484848484849
158.16 15.8 0 0 "KDE QDA" 149 5000 3.19494949494949
158.16 15.8 0 0 "KDE QDA" 149 5000 3.20505050505051
158.16 15.8 0 0 "KDE QDA" 149 5000 3.21515151515152
174.065 16.355 0 0 "KDE QDA" 149 5000 3.22525252525253
176.35 16.365 0 0 "KDE QDA" 149 5000 3.23535353535354
176.35 16.365 0 0 "KDE QDA" 149 5000 3.24545454545455
185.915 16.57 0 0 "KDE QDA" 149 5000 3.25555555555556
185.915 16.575 0 0 "KDE QDA" 149 5000 3.26565656565657
185.925 16.58 0 0 "KDE QDA" 149 5000 3.27575757575758
189.53 16.59 0 0 "KDE QDA" 149 5000 3.28585858585859
189.53 16.635 0 0 "KDE QDA" 149 5000 3.2959595959596
189.545 16.635 0 0 "KDE QDA" 149 5000 3.30606060606061
189.545 16.635 0 0 "KDE QDA" 149 5000 3.31616161616162
189.57 16.64 0 0 "KDE QDA" 149 5000 3.32626262626263
189.57 16.64 0 0 "KDE QDA" 149 5000 3.33636363636364
189.57 16.64 0 0 "KDE QDA" 149 5000 3.34646464646465
189.57 16.645 0 0 "KDE QDA" 149 5000 3.35656565656566
228.86 17.535 0 0 "KDE QDA" 149 5000 3.36666666666667
228.86 17.535 0 0 "KDE QDA" 149 5000 3.37676767676768
245.395 17.725 0 0 "KDE QDA" 149 5000 3.38686868686869
245.8 17.735 0 0 "KDE QDA" 149 5000 3.3969696969697
245.8 17.755 0 0 "KDE QDA" 149 5000 3.40707070707071
249.975 17.765 0 0 "KDE QDA" 149 5000 3.41717171717172
249.975 17.765 0 0 "KDE QDA" 149 5000 3.42727272727273
250.99 17.765 0 0 "KDE QDA" 149 5000 3.43737373737374
250.99 17.765 0 0 "KDE QDA" 149 5000 3.44747474747475
250.99 17.825 0 0 "KDE QDA" 149 5000 3.45757575757576
253.945 17.825 0 0 "KDE QDA" 149 5000 3.46767676767677
254.035 17.825 0 0 "KDE QDA" 149 5000 3.47777777777778
254.035 17.825 0 0 "KDE QDA" 149 5000 3.48787878787879
254.035 17.825 0 0 "KDE QDA" 149 5000 3.4979797979798
254.035 17.825 0 0 "KDE QDA" 149 5000 3.50808080808081
276.88 18.26 0 0 "KDE QDA" 149 5000 3.51818181818182
276.885 18.265 0 0 "KDE QDA" 149 5000 3.52828282828283
276.89 18.27 0 0 "KDE QDA" 149 5000 3.53838383838384
276.98 18.31 0 0 "KDE QDA" 149 5000 3.54848484848485
277.015 18.31 0 0 "KDE QDA" 149 5000 3.55858585858586
277.025 18.345 0 0 "KDE QDA" 149 5000 3.56868686868687
277.03 18.355 0 0 "KDE QDA" 149 5000 3.57878787878788
277.03 18.36 0 0 "KDE QDA" 149 5000 3.58888888888889
277.03 18.365 0 0 "KDE QDA" 149 5000 3.5989898989899
277.03 18.365 0 0 "KDE QDA" 149 5000 3.60909090909091
277.05 18.365 0 0 "KDE QDA" 149 5000 3.61919191919192
277.055 18.365 0 0 "KDE QDA" 149 5000 3.62929292929293
283.255 18.365 0 0 "KDE QDA" 149 5000 3.63939393939394
283.26 18.365 0 0 "KDE QDA" 149 5000 3.64949494949495
306.82 18.735 0 0 "KDE QDA" 149 5000 3.65959595959596
310.725 18.735 0 0 "KDE QDA" 149 5000 3.66969696969697
323.78 18.82 0 0 "KDE QDA" 149 5000 3.67979797979798
323.785 18.82 0 0 "KDE QDA" 149 5000 3.68989898989899
323.79 18.82 0 0 "KDE QDA" 149 5000 3.7
