138.95 14.555 0 0 "KDE LDA" 185 600 2.3
138.955 14.56 0 0 "KDE LDA" 185 600 2.31010101010101
138.99 14.595 0 0 "KDE LDA" 185 600 2.32020202020202
139.845 14.625 0 0 "KDE LDA" 185 600 2.33030303030303
140.83 14.88 0 0 "KDE LDA" 185 600 2.34040404040404
140.83 14.88 0 0 "KDE LDA" 185 600 2.35050505050505
142.51 14.97 0 0 "KDE LDA" 185 600 2.36060606060606
142.59 14.985 0 0 "KDE LDA" 185 600 2.37070707070707
146.425 14.995 0 0 "KDE LDA" 185 600 2.38080808080808
147.7 15.04 0 0 "KDE LDA" 185 600 2.39090909090909
147.94 15.09 0 0 "KDE LDA" 185 600 2.4010101010101
148.09 15.295 0 0 "KDE LDA" 185 600 2.41111111111111
148.115 15.295 0 0 "KDE LDA" 185 600 2.42121212121212
148.47 15.3 0 0 "KDE LDA" 185 600 2.43131313131313
148.47 15.315 0 0 "KDE LDA" 185 600 2.44141414141414
148.47 15.315 0 0 "KDE LDA" 185 600 2.45151515151515
148.815 15.315 0 0 "KDE LDA" 185 600 2.46161616161616
148.825 15.35 0 0 "KDE LDA" 185 600 2.47171717171717
148.825 15.375 0 0 "KDE LDA" 185 600 2.48181818181818
148.84 15.4 0 0 "KDE LDA" 185 600 2.49191919191919
149.97 15.455 0 0 "KDE LDA" 185 600 2.5020202020202
152.995 15.47 0 0 "KDE LDA" 185 600 2.51212121212121
153.195 15.54 0 0 "KDE LDA" 185 600 2.52222222222222
164.87 15.66 0 0 "KDE LDA" 185 600 2.53232323232323
168.86 15.67 0 0 "KDE LDA" 185 600 2.54242424242424
170.78 15.72 0 0 "KDE LDA" 185 600 2.55252525252525
170.785 15.76 0 0 "KDE LDA" 185 600 2.56262626262626
172.595 15.775 0 0 "KDE LDA" 185 600 2.57272727272727
172.89 15.81 0 0 "KDE LDA" 185 600 2.58282828282828
174.64 16.185 0 0 "KDE LDA" 185 600 2.59292929292929
178.785 16.22 0 0 "KDE LDA" 185 600 2.6030303030303
180.155 16.22 0 0 "KDE LDA" 185 600 2.61313131313131
181.435 16.28 0 0 "KDE LDA" 185 600 2.62323232323232
184.875 16.5 0 0 "KDE LDA" 185 600 2.63333333333333
187.69 16.55 0 0 "KDE LDA" 185 600 2.64343434343434
190.44 16.56 0 0 "KDE LDA" 185 600 2.65353535353535
204.26 16.91 0 0 "KDE LDA" 185 600 2.66363636363636
216.82 17.235 0 0 "KDE LDA" 185 600 2.67373737373737
217.045 17.28 0 0 "KDE LDA" 185 600 2.68383838383838
222.025 17.285 0 0 "KDE LDA" 185 600 2.69393939393939
222.335 17.295 0 0 "KDE LDA" 185 600 2.7040404040404
222.34 17.325 0 0 "KDE LDA" 185 600 2.71414141414141
222.34 17.325 0 0 "KDE LDA" 185 600 2.72424242424242
222.35 17.355 0 0 "KDE LDA" 185 600 2.73434343434343
223.985 17.37 0 0 "KDE LDA" 185 600 2.74444444444444
224.67 17.595 0 0 "KDE LDA" 185 600 2.75454545454545
224.68 17.65 0 0 "KDE LDA" 185 600 2.76464646464646
226.93 17.875 0 0 "KDE LDA" 185 600 2.77474747474747
228.095 17.91 0 0 "KDE LDA" 185 600 2.78484848484848
237.915 18.255 0 0 "KDE LDA" 185 600 2.79494949494949
281.35 19.105 0 0 "KDE LDA" 185 600 2.80505050505051
283.595 19.115 0 0 "KDE LDA" 185 600 2.81515151515151
289.885 19.225 0 0 "KDE LDA" 185 600 2.82525252525252
290.68 19.285 0 0 "KDE LDA" 185 600 2.83535353535354
295.79 19.29 0 0 "KDE LDA" 185 600 2.84545454545455
298.455 19.31 0 0 "KDE LDA" 185 600 2.85555555555556
300.92 19.31 0 0 "KDE LDA" 185 600 2.86565656565657
305.69 19.4 0 0 "KDE LDA" 185 600 2.87575757575758
305.92 19.425 0 0 "KDE LDA" 185 600 2.88585858585859
305.92 19.53 0 0 "KDE LDA" 185 600 2.8959595959596
308.225 19.71 0 0 "KDE LDA" 185 600 2.90606060606061
309.455 19.75 0 0 "KDE LDA" 185 600 2.91616161616162
312.185 19.79 0 0 "KDE LDA" 185 600 2.92626262626263
312.32 19.925 0 0 "KDE LDA" 185 600 2.93636363636364
318.5 19.935 0 0 "KDE LDA" 185 600 2.94646464646465
325.575 20.015 0 0 "KDE LDA" 185 600 2.95656565656566
326.57 20.11 0 0 "KDE LDA" 185 600 2.96666666666667
327.265 20.14 0 0 "KDE LDA" 185 600 2.97676767676768
327.28 20.155 0 0 "KDE LDA" 185 600 2.98686868686869
327.28 20.215 0 0 "KDE LDA" 185 600 2.9969696969697
327.28 20.245 0 0 "KDE LDA" 185 600 3.00707070707071
329.54 20.245 0 0 "KDE LDA" 185 600 3.01717171717172
330.35 20.465 0 0 "KDE LDA" 185 600 3.02727272727273
334.94 20.475 0 0 "KDE LDA" 185 600 3.03737373737374
335.65 20.495 0 0 "KDE LDA" 185 600 3.04747474747475
338.28 20.725 0 0 "KDE LDA" 185 600 3.05757575757576
345.14 20.85 0 0 "KDE LDA" 185 600 3.06767676767677
345.15 20.88 0 0 "KDE LDA" 185 600 3.07777777777778
351.285 21.315 0 0 "KDE LDA" 185 600 3.08787878787879
362.49 21.45 0 0 "KDE LDA" 185 600 3.0979797979798
364.935 21.465 0 0 "KDE LDA" 185 600 3.10808080808081
364.935 21.615 0 0 "KDE LDA" 185 600 3.11818181818182
365.02 21.66 0 0 "KDE LDA" 185 600 3.12828282828283
368.905 21.67 0 0 "KDE LDA" 185 600 3.13838383838384
369.155 21.68 0 0 "KDE LDA" 185 600 3.14848484848485
373.23 21.685 0 0 "KDE LDA" 185 600 3.15858585858586
377.4 21.695 0 0 "KDE LDA" 185 600 3.16868686868687
380.745 21.705 0 0 "KDE LDA" 185 600 3.17878787878788
382.77 21.875 0 0 "KDE LDA" 185 600 3.18888888888889
387.595 21.93 0 0 "KDE LDA" 185 600 3.1989898989899
390.99 22.005 0 0 "KDE LDA" 185 600 3.20909090909091
394.78 22.075 0 0 "KDE LDA" 185 600 3.21919191919192
433.065 22.185 0 0 "KDE LDA" 185 600 3.22929292929293
444.94 22.3 0 0 "KDE LDA" 185 600 3.23939393939394
457.095 22.345 0 0 "KDE LDA" 185 600 3.24949494949495
457.105 22.35 0 0 "KDE LDA" 185 600 3.25959595959596
463.655 22.41 0 0 "KDE LDA" 185 600 3.26969696969697
463.705 22.42 0 0 "KDE LDA" 185 600 3.27979797979798
468.1 22.58 0 0 "KDE LDA" 185 600 3.28989898989899
479.135 22.8 0 0 "KDE LDA" 185 600 3.3
788.868020304569 30.115 3 0 "KDE QDA" 185 600 4.5
804.593908629442 30.24 3 0 "KDE QDA" 185 600 4.51010101010101
807.43654822335 30.285 3 0 "KDE QDA" 185 600 4.52020202020202
802.05612244898 30.32 4 0 "KDE QDA" 185 600 4.53030303030303
802.494897959184 30.33 4 0 "KDE QDA" 185 600 4.54040404040404
790.29381443299 30.345 6 0 "KDE QDA" 185 600 4.55050505050505
798.283505154639 30.425 6 0 "KDE QDA" 185 600 4.56060606060606
798.29381443299 30.435 6 0 "KDE QDA" 185 600 4.57070707070707
798.309278350515 30.465 6 0 "KDE QDA" 185 600 4.58080808080808
803.60824742268 30.47 6 0 "KDE QDA" 185 600 4.59090909090909
792.15625 30.49 8 0 "KDE QDA" 185 600 4.6010101010101
799.567708333333 30.535 8 0 "KDE QDA" 185 600 4.61111111111111
806.223958333333 30.57 8 0 "KDE QDA" 185 600 4.62121212121212
806.234375 30.57 8 0 "KDE QDA" 185 600 4.63131313131313
831.453125 30.655 8 0 "KDE QDA" 185 600 4.64141414141414
840.411458333333 30.66 8 0 "KDE QDA" 185 600 4.65151515151515
841.229166666667 30.89 8 0 "KDE QDA" 185 600 4.66161616161616
841.229166666667 30.91 8 0 "KDE QDA" 185 600 4.67171717171717
841.255208333333 30.96 8 0 "KDE QDA" 185 600 4.68181818181818
857.963541666667 30.985 8 0 "KDE QDA" 185 600 4.69191919191919
857.96875 31.025 8 0 "KDE QDA" 185 600 4.7020202020202
857.994791666667 31.04 8 0 "KDE QDA" 185 600 4.71212121212121
861.130208333333 31.05 8 0 "KDE QDA" 185 600 4.72222222222222
861.151041666667 31.05 8 0 "KDE QDA" 185 600 4.73232323232323
861.151041666667 31.055 8 0 "KDE QDA" 185 600 4.74242424242424
861.161458333333 31.085 8 0 "KDE QDA" 185 600 4.75252525252525
870.244791666667 31.12 8 0 "KDE QDA" 185 600 4.76262626262626
888.570680628272 31.5 9 0 "KDE QDA" 185 600 4.77272727272727
889.465968586387 31.515 9 0 "KDE QDA" 185 600 4.78282828282828
889.486910994764 31.515 9 0 "KDE QDA" 185 600 4.79292929292929
888.121052631579 31.74 10 0 "KDE QDA" 185 600 4.8030303030303
890.347368421053 31.775 10 0 "KDE QDA" 185 600 4.81313131313131
918.473684210526 31.92 10 0 "KDE QDA" 185 600 4.82323232323232
921.5 31.935 10 0 "KDE QDA" 185 600 4.83333333333333
921.505263157895 31.96 10 0 "KDE QDA" 185 600 4.84343434343434
943.584210526316 32 10 0 "KDE QDA" 185 600 4.85353535353535
950.594736842105 32.045 10 0 "KDE QDA" 185 600 4.86363636363636
950.636842105263 32.09 10 0 "KDE QDA" 185 600 4.87373737373737
950.647368421053 32.135 10 0 "KDE QDA" 185 600 4.88383838383838
954.210526315789 32.21 10 0 "KDE QDA" 185 600 4.89393939393939
974.852631578947 32.41 10 0 "KDE QDA" 185 600 4.9040404040404
983.247368421053 32.485 10 0 "KDE QDA" 185 600 4.91414141414141
1000.59473684211 32.49 10 0 "KDE QDA" 185 600 4.92424242424242
1009.75132275132 32.675 11 0 "KDE QDA" 185 600 4.93434343434343
1009.75661375661 32.78 11 0 "KDE QDA" 185 600 4.94444444444444
1019.66666666667 32.885 11 0 "KDE QDA" 185 600 4.95454545454546
1021.6455026455 32.915 11 0 "KDE QDA" 185 600 4.96464646464646
1028.92553191489 32.93 12 0 "KDE QDA" 185 600 4.97474747474747
1045.81382978723 32.975 12 0 "KDE QDA" 185 600 4.98484848484848
1045.8829787234 32.975 12 0 "KDE QDA" 185 600 4.99494949494949
1057.48404255319 33.025 12 0 "KDE QDA" 185 600 5.00505050505051
1068.72872340426 33.045 12 0 "KDE QDA" 185 600 5.01515151515152
1068.78723404255 33.045 12 0 "KDE QDA" 185 600 5.02525252525253
1068.79255319149 33.08 12 0 "KDE QDA" 185 600 5.03535353535354
1099.95187165775 33.455 13 0 "KDE QDA" 185 600 5.04545454545455
1094.29569892473 33.5 14 0 "KDE QDA" 185 600 5.05555555555556
1119.65591397849 33.735 14 0 "KDE QDA" 185 600 5.06565656565657
1119.66129032258 33.77 14 0 "KDE QDA" 185 600 5.07575757575758
1132.33870967742 33.78 14 0 "KDE QDA" 185 600 5.08585858585859
1143.04838709677 34.015 14 0 "KDE QDA" 185 600 5.0959595959596
1145.61081081081 34.065 15 0 "KDE QDA" 185 600 5.10606060606061
1167.59239130435 34.105 16 0 "KDE QDA" 185 600 5.11616161616162
1167.59782608696 34.12 16 0 "KDE QDA" 185 600 5.12626262626263
1176.12021857923 34.185 17 0 "KDE QDA" 185 600 5.13636363636364
1176.18032786885 34.2 17 0 "KDE QDA" 185 600 5.14646464646465
1180.04945054945 34.235 18 0 "KDE QDA" 185 600 5.15656565656566
1180.08241758242 34.475 18 0 "KDE QDA" 185 600 5.16666666666667
1181.47802197802 34.565 18 0 "KDE QDA" 185 600 5.17676767676768
1197.40659340659 34.585 18 0 "KDE QDA" 185 600 5.18686868686869
1198.73888888889 34.81 20 0 "KDE QDA" 185 600 5.1969696969697
1198.75555555556 34.815 20 0 "KDE QDA" 185 600 5.20707070707071
1199.55 34.84 20 0 "KDE QDA" 185 600 5.21717171717172
1192.11731843575 34.91 21 0 "KDE QDA" 185 600 5.22727272727273
1192.29608938547 34.935 21 0 "KDE QDA" 185 600 5.23737373737374
1199.8202247191 35.385 22 0 "KDE QDA" 185 600 5.24747474747475
1199.85393258427 35.41 22 0 "KDE QDA" 185 600 5.25757575757576
1193.87005649718 35.505 23 0 "KDE QDA" 185 600 5.26767676767677
1195.06818181818 35.515 24 0 "KDE QDA" 185 600 5.27777777777778
1195.19318181818 35.52 24 0 "KDE QDA" 185 600 5.28787878787879
1195.19886363636 35.55 24 0 "KDE QDA" 185 600 5.2979797979798
1195.22727272727 35.565 24 0 "KDE QDA" 185 600 5.30808080808081
1185.12 35.59 25 0 "KDE QDA" 185 600 5.31818181818182
1193.62285714286 35.695 25 0 "KDE QDA" 185 600 5.32828282828283
1222.81395348837 35.82 28 0 "KDE QDA" 185 600 5.33838383838384
1233.40935672515 35.825 29 0 "KDE QDA" 185 600 5.34848484848485
1262.69590643275 36.115 29 0 "KDE QDA" 185 600 5.35858585858586
1262.70175438596 36.125 29 0 "KDE QDA" 185 600 5.36868686868687
1262.70175438596 36.165 29 0 "KDE QDA" 185 600 5.37878787878788
1297.12941176471 36.25 30 0 "KDE QDA" 185 600 5.38888888888889
1296.44970414201 36.3 31 0 "KDE QDA" 185 600 5.3989898989899
1304.14792899408 36.325 31 0 "KDE QDA" 185 600 5.40909090909091
1304.15384615385 36.345 31 0 "KDE QDA" 185 600 5.41919191919192
1309.76785714286 36.41 32 0 "KDE QDA" 185 600 5.42929292929293
1314.00598802395 36.485 33 0 "KDE QDA" 185 600 5.43939393939394
1314.02395209581 36.5 33 0 "KDE QDA" 185 600 5.44949494949495
1314.03592814371 36.5 33 0 "KDE QDA" 185 600 5.45959595959596
1345.96932515337 36.775 37 0 "KDE QDA" 185 600 5.46969696969697
1371.31481481481 36.795 38 0 "KDE QDA" 185 600 5.47979797979798
1375.08074534161 37.145 39 0 "KDE QDA" 185 600 5.48989898989899
1375.13664596273 37.195 39 0 "KDE QDA" 185 600 5.5
