36.117 0 32.105514714377 "LDA" 1 2 2 1.5
38.217 0 34.2672168865981 "LDA" 1 2 2 1.53535353535354
40.056 0 36.061326698879 "LDA" 1 2 2 1.57070707070707
41.649 0 36.8408611197953 "LDA" 1 2 2 1.60606060606061
43.336 0 38.0246890977557 "LDA" 1 2 2 1.64141414141414
44.489 0 39.4567448443699 "LDA" 1 2 2 1.67676767676768
46.14 0 40.9281261666291 "LDA" 1 2 2 1.71212121212121
48.091 0 42.6152646334594 "LDA" 1 2 2 1.74747474747475
49.573 0 43.6983548571021 "LDA" 1 2 2 1.78282828282828
51.021 0 45.0010405729984 "LDA" 1 2 2 1.81818181818182
53.357 0 46.6144876777753 "LDA" 1 2 2 1.85353535353535
55.576 0 48.0966892365318 "LDA" 1 2 2 1.88888888888889
57.438 0 49.2617384475505 "LDA" 1 2 2 1.92424242424242
60.433 0 52.9083812624031 "LDA" 1 2 2 1.95959595959596
62.352 0 54.0711548405042 "LDA" 1 2 2 1.99494949494949
64.385 0 55.5013438952083 "LDA" 1 2 2 2.03030303030303
66.816 0 57.0147070572218 "LDA" 1 2 2 2.06565656565657
69.664 0 60.5888117403544 "LDA" 1 2 2 2.1010101010101
72.691 0 62.740671903566 "LDA" 1 2 2 2.13636363636364
75.662 0 65.5732537518736 "LDA" 1 2 2 2.17171717171717
77.825 0 67.6367289429501 "LDA" 1 2 2 2.20707070707071
80.797 0 69.2520876410426 "LDA" 1 2 2 2.24242424242424
83.558 0 70.4296597533523 "LDA" 1 2 2 2.27777777777778
86.449 0 73.1807681281348 "LDA" 1 2 2 2.31313131313131
89.375 0 75.2572922382611 "LDA" 1 2 2 2.34848484848485
92.619 0 77.9823896279929 "LDA" 1 2 2 2.38383838383838
97.475 0 86.0765272507177 "LDA" 1 2 2 2.41919191919192
99.958 0 88.8298315599831 "LDA" 1 2 2 2.45454545454545
102.26 0 91.6726910387291 "LDA" 1 2 2 2.48989898989899
104.3 0 92.5310866790291 "LDA" 1 2 2 2.52525252525253
106.741 0 93.5316742771832 "LDA" 1 2 2 2.56060606060606
109.738 0 95.9025372586808 "LDA" 1 2 2 2.5959595959596
113.988 0 99.9330299073658 "LDA" 1 2 2 2.63131313131313
117.755 0 103.462115696444 "LDA" 1 2 2 2.66666666666667
119.741 0 103.79683859686 "LDA" 1 2 2 2.7020202020202
123.195 0 105.962148675609 "LDA" 1 2 2 2.73737373737374
126.269 0 109.166441505396 "LDA" 1 2 2 2.77272727272727
128.933 0 110.897388345 "LDA" 1 2 2 2.80808080808081
132.954 0 112.439372536921 "LDA" 1 2 2 2.84343434343434
136.701 0 115.544468163228 "LDA" 1 2 2 2.87878787878788
141.124 0 119.693630528902 "LDA" 1 2 2 2.91414141414141
145.104 0 124.899379658344 "LDA" 1 2 2 2.94949494949495
150.809 0 128.676183029646 "LDA" 1 2 2 2.98484848484848
154.756 0 132.527468828141 "LDA" 1 2 2 3.02020202020202
160.635 0 139.158013523217 "LDA" 1 2 2 3.05555555555556
166.083 0 146.83317094952 "LDA" 1 2 2 3.09090909090909
170.703 0 149.67264510154 "LDA" 1 2 2 3.12626262626263
174.81 0 152.590752792683 "LDA" 1 2 2 3.16161616161616
180.489 0 160.992485723587 "LDA" 1 2 2 3.1969696969697
186.117 0 167.470091486637 "LDA" 1 2 2 3.23232323232323
190.517 0 172.438716133651 "LDA" 1 2 2 3.26767676767677
198.065 0 179.385266532257 "LDA" 1 2 2 3.3030303030303
202.691 0 185.845333562635 "LDA" 1 2 2 3.33838383838384
207.587 0 193.638126811729 "LDA" 1 2 2 3.37373737373737
214.255 0 200.002122048302 "LDA" 1 2 2 3.40909090909091
218.121 0 204.083572252799 "LDA" 1 2 2 3.44444444444444
224.396 0 206.396299910189 "LDA" 1 2 2 3.47979797979798
229.492 0 210.0077503122 "LDA" 1 2 2 3.51515151515152
232.602 0 213.212694859498 "LDA" 1 2 2 3.55050505050505
240.623 0 223.954702070708 "LDA" 1 2 2 3.58585858585859
246.179 0 226.510131779571 "LDA" 1 2 2 3.62121212121212
252.47 0 230.753943590315 "LDA" 1 2 2 3.65656565656566
258.251 0 236.490464371692 "LDA" 1 2 2 3.69191919191919
264.599 0 241.151002496372 "LDA" 1 2 2 3.72727272727273
271.787 0 245.177771771363 "LDA" 1 2 2 3.76262626262626
277.907907907908 1 252.723762491348 "LDA" 1 2 2 3.7979797979798
282.647647647648 1 257.854711176903 "LDA" 1 2 2 3.83333333333333
292.317317317317 1 264.812582439065 "LDA" 1 2 2 3.86868686868687
299.565565565566 1 270.041259846518 "LDA" 1 2 2 3.9040404040404
305.56956956957 1 273.812577450443 "LDA" 1 2 2 3.93939393939394
313.401401401401 1 279.140345889742 "LDA" 1 2 2 3.97474747474747
318.353353353353 1 281.925071176336 "LDA" 1 2 2 4.01010101010101
326.950950950951 1 292.563160706542 "LDA" 1 2 2 4.04545454545454
333.251251251251 1 295.812972273134 "LDA" 1 2 2 4.08080808080808
342.103103103103 1 300.697553061568 "LDA" 1 2 2 4.11616161616162
351.548548548549 1 306.030444009606 "LDA" 1 2 2 4.15151515151515
354.116116116116 1 308.334202597626 "LDA" 1 2 2 4.18686868686869
362.98997995992 2 319.53755122007 "LDA" 1 2 2 4.22222222222222
374.525576730191 3 330.066411410734 "LDA" 1 2 2 4.25757575757576
384.045135406219 3 337.924400674458 "LDA" 1 2 2 4.29292929292929
390.614844533601 3 341.267022760177 "LDA" 1 2 2 4.32828282828283
400.059177532598 3 346.078167326583 "LDA" 1 2 2 4.36363636363636
404.221664994985 3 346.725647610441 "LDA" 1 2 2 4.3989898989899
410.984954864594 3 349.902081504078 "LDA" 1 2 2 4.43434343434343
418.633534136546 4 356.830074053047 "LDA" 1 2 2 4.46969696969697
426.135542168675 4 365.030347333175 "LDA" 1 2 2 4.50505050505051
435.557228915663 4 372.185793741873 "LDA" 1 2 2 4.54040404040404
445.699195171026 6 379.14638456121 "LDA" 1 2 2 4.57575757575758
455.01310483871 8 387.614243866334 "LDA" 1 2 2 4.61111111111111
461.63810483871 8 392.06325953207 "LDA" 1 2 2 4.64646464646465
469.072580645161 8 396.702860094375 "LDA" 1 2 2 4.68181818181818
478.717741935484 8 403.116070210929 "LDA" 1 2 2 4.71717171717172
490.066532258065 8 409.344611183802 "LDA" 1 2 2 4.75252525252525
496.209677419355 8 411.541668965306 "LDA" 1 2 2 4.78787878787879
507.149344096872 9 417.962114537865 "LDA" 1 2 2 4.82323232323232
509.326903553299 15 417.384749606793 "LDA" 1 2 2 4.85858585858586
514.55249745158 19 417.142282957508 "LDA" 1 2 2 4.89393939393939
518.668372569089 23 417.066989244082 "LDA" 1 2 2 4.92929292929293
523.498975409836 24 420.400768496913 "LDA" 1 2 2 4.96464646464646
532.154162384378 27 423.101638835919 "LDA" 1 2 2 5
42.143 0 37.76724660226 "uLSIF" 1 2 2 1.5
44.419 0 39.6309228891916 "uLSIF" 1 2 2 1.53535353535354
47.065 0 42.4006437402734 "uLSIF" 1 2 2 1.57070707070707
49.075 0 43.5690904270521 "uLSIF" 1 2 2 1.60606060606061
51.118 0 45.7645328662761 "uLSIF" 1 2 2 1.64141414141414
53.483 0 47.3840580782182 "uLSIF" 1 2 2 1.67676767676768
56.145 0 49.9405449813379 "uLSIF" 1 2 2 1.71212121212121
58.588 0 53.0123057465015 "uLSIF" 1 2 2 1.74747474747475
61.05 0 55.0025342941467 "uLSIF" 1 2 2 1.78282828282828
63.411 0 56.1542641335489 "uLSIF" 1 2 2 1.81818181818182
65.746 0 59.9396049389737 "uLSIF" 1 2 2 1.85353535353535
68.091 0 61.2433626482778 "uLSIF" 1 2 2 1.88888888888889
71.699 0 65.2913114767528 "uLSIF" 1 2 2 1.92424242424242
74.96 0 68.5811181723495 "uLSIF" 1 2 2 1.95959595959596
77.501 0 70.1412845533841 "uLSIF" 1 2 2 1.99494949494949
81.402 0 73.2344842658545 "uLSIF" 1 2 2 2.03030303030303
84.074 0 74.9184576676489 "uLSIF" 1 2 2 2.06565656565657
87.286 0 78.258204365744 "uLSIF" 1 2 2 2.1010101010101
90.659 0 79.6385900429184 "uLSIF" 1 2 2 2.13636363636364
92.831 0 79.9631949808882 "uLSIF" 1 2 2 2.17171717171717
96.581 0 84.2436135586872 "uLSIF" 1 2 2 2.20707070707071
99.286 0 86.0884860561006 "uLSIF" 1 2 2 2.24242424242424
103.46 0 91.8550801847985 "uLSIF" 1 2 2 2.27777777777778
108.183 0 96.8897783057642 "uLSIF" 1 2 2 2.31313131313131
112.564 0 101.383442960409 "uLSIF" 1 2 2 2.34848484848485
116.295 0 104.25283991158 "uLSIF" 1 2 2 2.38383838383838
119.592 0 106.228216449162 "uLSIF" 1 2 2 2.41919191919192
123.127 0 107.832382398302 "uLSIF" 1 2 2 2.45454545454545
126.421 0 110.005786357046 "uLSIF" 1 2 2 2.48989898989899
130.896 0 113.303384066147 "uLSIF" 1 2 2 2.52525252525253
133.403 0 116.32312607844 "uLSIF" 1 2 2 2.56060606060606
137.035 0 118.351852270828 "uLSIF" 1 2 2 2.5959595959596
142.799 0 124.175723107253 "uLSIF" 1 2 2 2.63131313131313
148.834 0 131.608492276294 "uLSIF" 1 2 2 2.66666666666667
152.643 0 133.798615914443 "uLSIF" 1 2 2 2.7020202020202
157.448 0 137.182485508648 "uLSIF" 1 2 2 2.73737373737374
164.298 0 143.353379406931 "uLSIF" 1 2 2 2.77272727272727
169.581 0 145.630847634637 "uLSIF" 1 2 2 2.80808080808081
174.238 0 154.203950060348 "uLSIF" 1 2 2 2.84343434343434
180.333 0 159.938088969774 "uLSIF" 1 2 2 2.87878787878788
186.193 0 164.921062050024 "uLSIF" 1 2 2 2.91414141414141
192.89 0 171.838628993642 "uLSIF" 1 2 2 2.94949494949495
200.31 0 180.492685473704 "uLSIF" 1 2 2 2.98484848484848
207.666 0 186.832922647442 "uLSIF" 1 2 2 3.02020202020202
214.397 0 193.830672806759 "uLSIF" 1 2 2 3.05555555555556
220.613 0 199.206698028805 "uLSIF" 1 2 2 3.09090909090909
225.047 0 202.330057686057 "uLSIF" 1 2 2 3.12626262626263
231.255 0 206.978574024233 "uLSIF" 1 2 2 3.16161616161616
238.733 0 218.929239076745 "uLSIF" 1 2 2 3.1969696969697
249.467 0 225.656131316214 "uLSIF" 1 2 2 3.23232323232323
257.396 0 232.134153991715 "uLSIF" 1 2 2 3.26767676767677
265.403 0 239.464828304691 "uLSIF" 1 2 2 3.3030303030303
276.097 0 248.731467518555 "uLSIF" 1 2 2 3.33838383838384
284.011 0 254.288882404864 "uLSIF" 1 2 2 3.37373737373737
290.978 0 259.843033229521 "uLSIF" 1 2 2 3.40909090909091
300.899 0 267.290611638475 "uLSIF" 1 2 2 3.44444444444444
312.804 0 276.493573669046 "uLSIF" 1 2 2 3.47979797979798
319.668668668669 1 286.672222679214 "uLSIF" 1 2 2 3.51515151515152
329.103103103103 1 294.26627339826 "uLSIF" 1 2 2 3.55050505050505
338.545545545546 1 305.009014088154 "uLSIF" 1 2 2 3.58585858585859
346.262262262262 1 309.96588035016 "uLSIF" 1 2 2 3.62121212121212
352.691691691692 1 314.714323238622 "uLSIF" 1 2 2 3.65656565656566
362.074074074074 1 327.177515688445 "uLSIF" 1 2 2 3.69191919191919
378.284569138277 2 339.045813087969 "uLSIF" 1 2 2 3.72727272727273
389.658634538153 4 345.829289423058 "uLSIF" 1 2 2 3.76262626262626
402.827309236948 4 354.827483451113 "uLSIF" 1 2 2 3.7979797979798
416.033199195171 6 366.934954357763 "uLSIF" 1 2 2 3.83333333333333
423.680765357503 7 370.560870400524 "uLSIF" 1 2 2 3.86868686868687
436.070493454179 7 379.850966988946 "uLSIF" 1 2 2 3.9040404040404
445.490413723512 9 384.544998954793 "uLSIF" 1 2 2 3.93939393939394
459.047570850202 12 395.741386448904 "uLSIF" 1 2 2 3.97474747474747
466.90991902834 12 396.753222465516 "uLSIF" 1 2 2 4.01010101010101
472.433637284701 13 398.494046981836 "uLSIF" 1 2 2 4.04545454545454
477.447715736041 15 398.883260166706 "uLSIF" 1 2 2 4.08080808080808
491.691446028513 18 406.992952660031 "uLSIF" 1 2 2 4.11616161616162
497.671092951992 21 408.954977862025 "uLSIF" 1 2 2 4.15151515151515
505.928278688525 24 416.123069787956 "uLSIF" 1 2 2 4.18686868686869
517.852307692308 25 422.519349073126 "uLSIF" 1 2 2 4.22222222222222
526.703398558187 29 428.328338480118 "uLSIF" 1 2 2 4.25757575757576
533.901960784314 31 434.371617575599 "uLSIF" 1 2 2 4.29292929292929
543.669079627715 33 443.298337757161 "uLSIF" 1 2 2 4.32828282828283
559.167185877466 37 452.115602205755 "uLSIF" 1 2 2 4.36363636363636
570.918410041841 44 456.055362713419 "uLSIF" 1 2 2 4.3989898989899
578.588853838065 49 460.036149886015 "uLSIF" 1 2 2 4.43434343434343
582 55 459.060474303546 "uLSIF" 1 2 2 4.46969696969697
594.636267232238 57 463.068265958777 "uLSIF" 1 2 2 4.50505050505051
605.363829787234 60 469.746422394816 "uLSIF" 1 2 2 4.54040404040404
609.245444801715 67 469.656911569408 "uLSIF" 1 2 2 4.57575757575758
614.743010752688 70 472.380114565359 "uLSIF" 1 2 2 4.61111111111111
629.2888165038 79 475.456754279515 "uLSIF" 1 2 2 4.64646464646465
640.484749455338 82 481.826845831236 "uLSIF" 1 2 2 4.68181818181818
648.568927789934 86 484.907784909544 "uLSIF" 1 2 2 4.71717171717172
660.631463146315 91 493.036451213132 "uLSIF" 1 2 2 4.75252525252525
673.367549668874 94 502.928177825408 "uLSIF" 1 2 2 4.78787878787879
684.881374722838 98 507.173589893386 "uLSIF" 1 2 2 4.82323232323232
690.558790593505 107 506.527282656784 "uLSIF" 1 2 2 4.85858585858586
699.387824126268 113 508.777151885258 "uLSIF" 1 2 2 4.89393939393939
710.838819523269 119 511.140888681625 "uLSIF" 1 2 2 4.92929292929293
725.601374570447 127 516.398625537311 "uLSIF" 1 2 2 4.96464646464646
729.290173410405 135 517.102484387133 "uLSIF" 1 2 2 5
