135.145 15.335 0 0 "KDE LDA" 10 2000 2.5
135.31 15.45 0 0 "KDE LDA" 10 2000 2.51010101010101
137.615 15.485 0 0 "KDE LDA" 10 2000 2.52020202020202
138.87 15.615 0 0 "KDE LDA" 10 2000 2.53030303030303
143.235 15.65 0 0 "KDE LDA" 10 2000 2.54040404040404
143.245 16 0 0 "KDE LDA" 10 2000 2.55050505050505
143.59 16.005 0 0 "KDE LDA" 10 2000 2.56060606060606
144.52 16.025 0 0 "KDE LDA" 10 2000 2.57070707070707
144.555 16.085 0 0 "KDE LDA" 10 2000 2.58080808080808
145.715 16.19 0 0 "KDE LDA" 10 2000 2.59090909090909
146.36 16.205 0 0 "KDE LDA" 10 2000 2.6010101010101
146.365 16.235 0 0 "KDE LDA" 10 2000 2.61111111111111
146.38 16.275 0 0 "KDE LDA" 10 2000 2.62121212121212
146.955 16.305 0 0 "KDE LDA" 10 2000 2.63131313131313
150.725 16.35 0 0 "KDE LDA" 10 2000 2.64141414141414
152.91 16.415 0 0 "KDE LDA" 10 2000 2.65151515151515
163.385 16.545 0 0 "KDE LDA" 10 2000 2.66161616161616
172.02 17.1 0 0 "KDE LDA" 10 2000 2.67171717171717
172.055 17.29 0 0 "KDE LDA" 10 2000 2.68181818181818
172.06 17.52 0 0 "KDE LDA" 10 2000 2.69191919191919
172.69 17.545 0 0 "KDE LDA" 10 2000 2.7020202020202
173.7 17.545 0 0 "KDE LDA" 10 2000 2.71212121212121
174.06 17.55 0 0 "KDE LDA" 10 2000 2.72222222222222
175.32 17.625 0 0 "KDE LDA" 10 2000 2.73232323232323
178.05 17.63 0 0 "KDE LDA" 10 2000 2.74242424242424
178.74 17.685 0 0 "KDE LDA" 10 2000 2.75252525252525
179.105 17.77 0 0 "KDE LDA" 10 2000 2.76262626262626
181.04 17.905 0 0 "KDE LDA" 10 2000 2.77272727272727
185.515 18.01 0 0 "KDE LDA" 10 2000 2.78282828282828
198.66 18.325 0 0 "KDE LDA" 10 2000 2.79292929292929
226.115 18.655 0 0 "KDE LDA" 10 2000 2.8030303030303
227.65 18.675 0 0 "KDE LDA" 10 2000 2.81313131313131
231.13 18.71 0 0 "KDE LDA" 10 2000 2.82323232323232
231.48 18.71 0 0 "KDE LDA" 10 2000 2.83333333333333
232.615 18.725 0 0 "KDE LDA" 10 2000 2.84343434343434
232.63 18.745 0 0 "KDE LDA" 10 2000 2.85353535353535
232.905 18.855 0 0 "KDE LDA" 10 2000 2.86363636363636
237.65 18.87 0 0 "KDE LDA" 10 2000 2.87373737373737
237.66 18.91 0 0 "KDE LDA" 10 2000 2.88383838383838
237.665 18.96 0 0 "KDE LDA" 10 2000 2.89393939393939
238.515 19.035 0 0 "KDE LDA" 10 2000 2.9040404040404
239.695 19.04 0 0 "KDE LDA" 10 2000 2.91414141414141
239.81 19.075 0 0 "KDE LDA" 10 2000 2.92424242424242
239.89 19.14 0 0 "KDE LDA" 10 2000 2.93434343434343
244.355 19.14 0 0 "KDE LDA" 10 2000 2.94444444444444
249.165 19.355 0 0 "KDE LDA" 10 2000 2.95454545454545
252.045 19.535 0 0 "KDE LDA" 10 2000 2.96464646464646
260.585 19.55 0 0 "KDE LDA" 10 2000 2.97474747474747
263.38 19.57 0 0 "KDE LDA" 10 2000 2.98484848484848
265.35 19.6 0 0 "KDE LDA" 10 2000 2.99494949494949
267.47 19.88 0 0 "KDE LDA" 10 2000 3.00505050505051
268.965 19.995 0 0 "KDE LDA" 10 2000 3.01515151515152
272.16 20.025 0 0 "KDE LDA" 10 2000 3.02525252525253
272.17 20.1 0 0 "KDE LDA" 10 2000 3.03535353535354
273.995 20.12 0 0 "KDE LDA" 10 2000 3.04545454545455
278.445 20.135 0 0 "KDE LDA" 10 2000 3.05555555555556
279.72 20.165 0 0 "KDE LDA" 10 2000 3.06565656565657
284.15 20.225 0 0 "KDE LDA" 10 2000 3.07575757575758
290.67 20.395 0 0 "KDE LDA" 10 2000 3.08585858585859
314.585 20.575 0 0 "KDE LDA" 10 2000 3.0959595959596
317.585 20.645 0 0 "KDE LDA" 10 2000 3.10606060606061
320.625 20.665 0 0 "KDE LDA" 10 2000 3.11616161616162
320.625 20.75 0 0 "KDE LDA" 10 2000 3.12626262626263
327.985 20.765 0 0 "KDE LDA" 10 2000 3.13636363636364
332.35 20.8 0 0 "KDE LDA" 10 2000 3.14646464646465
332.375 20.805 0 0 "KDE LDA" 10 2000 3.15656565656566
335.85 20.845 0 0 "KDE LDA" 10 2000 3.16666666666667
339.305 20.86 0 0 "KDE LDA" 10 2000 3.17676767676768
343.33 21.015 0 0 "KDE LDA" 10 2000 3.18686868686869
347.005 21.1 0 0 "KDE LDA" 10 2000 3.1969696969697
352.665 21.145 0 0 "KDE LDA" 10 2000 3.20707070707071
353.735 21.26 0 0 "KDE LDA" 10 2000 3.21717171717172
359.675 21.66 0 0 "KDE LDA" 10 2000 3.22727272727273
365.08 21.685 0 0 "KDE LDA" 10 2000 3.23737373737374
369 21.72 0 0 "KDE LDA" 10 2000 3.24747474747475
369 21.74 0 0 "KDE LDA" 10 2000 3.25757575757576
369.095 21.775 0 0 "KDE LDA" 10 2000 3.26767676767677
371.48 21.79 0 0 "KDE LDA" 10 2000 3.27777777777778
379.29 21.8 0 0 "KDE LDA" 10 2000 3.28787878787879
386.26 21.835 0 0 "KDE LDA" 10 2000 3.2979797979798
392.455 21.835 0 0 "KDE LDA" 10 2000 3.30808080808081
398.015 21.92 0 0 "KDE LDA" 10 2000 3.31818181818182
401.05 21.985 0 0 "KDE LDA" 10 2000 3.32828282828283
405.095 22.01 0 0 "KDE LDA" 10 2000 3.33838383838384
434.01 22.1 0 0 "KDE LDA" 10 2000 3.34848484848485
471.03 22.52 0 0 "KDE LDA" 10 2000 3.35858585858586
475.265 22.54 0 0 "KDE LDA" 10 2000 3.36868686868687
475.465 22.575 0 0 "KDE LDA" 10 2000 3.37878787878788
488.955 22.585 0 0 "KDE LDA" 10 2000 3.38888888888889
489.025 22.585 0 0 "KDE LDA" 10 2000 3.3989898989899
491.525 22.595 0 0 "KDE LDA" 10 2000 3.40909090909091
491.53 22.62 0 0 "KDE LDA" 10 2000 3.41919191919192
493.62 22.62 0 0 "KDE LDA" 10 2000 3.42929292929293
493.75 22.66 0 0 "KDE LDA" 10 2000 3.43939393939394
500.145 22.675 0 0 "KDE LDA" 10 2000 3.44949494949495
503.63 22.685 0 0 "KDE LDA" 10 2000 3.45959595959596
505.545 22.695 0 0 "KDE LDA" 10 2000 3.46969696969697
507.735 22.835 0 0 "KDE LDA" 10 2000 3.47979797979798
509.01 22.84 0 0 "KDE LDA" 10 2000 3.48989898989899
512.2 22.895 0 0 "KDE LDA" 10 2000 3.5
103.985 11.995 0 0 "KDE QDA" 10 2000 2.7
104.09 12 0 0 "KDE QDA" 10 2000 2.71010101010101
104.105 12.015 0 0 "KDE QDA" 10 2000 2.72020202020202
104.105 12.015 0 0 "KDE QDA" 10 2000 2.73030303030303
104.945 12.025 0 0 "KDE QDA" 10 2000 2.74040404040404
105.495 12.025 0 0 "KDE QDA" 10 2000 2.75050505050505
105.495 12.035 0 0 "KDE QDA" 10 2000 2.76060606060606
105.505 12.04 0 0 "KDE QDA" 10 2000 2.77070707070707
105.515 12.04 0 0 "KDE QDA" 10 2000 2.78080808080808
105.53 12.045 0 0 "KDE QDA" 10 2000 2.79090909090909
124.33 13.05 0 0 "KDE QDA" 10 2000 2.8010101010101
124.41 13.05 0 0 "KDE QDA" 10 2000 2.81111111111111
124.41 13.05 0 0 "KDE QDA" 10 2000 2.82121212121212
125.47 13.29 0 0 "KDE QDA" 10 2000 2.83131313131313
125.475 13.29 0 0 "KDE QDA" 10 2000 2.84141414141414
125.475 13.31 0 0 "KDE QDA" 10 2000 2.85151515151515
125.545 13.31 0 0 "KDE QDA" 10 2000 2.86161616161616
125.545 13.31 0 0 "KDE QDA" 10 2000 2.87171717171717
125.545 13.31 0 0 "KDE QDA" 10 2000 2.88181818181818
125.545 13.31 0 0 "KDE QDA" 10 2000 2.89191919191919
125.555 13.31 0 0 "KDE QDA" 10 2000 2.9020202020202
125.56 13.31 0 0 "KDE QDA" 10 2000 2.91212121212121
125.56 13.34 0 0 "KDE QDA" 10 2000 2.92222222222222
127.39 13.36 0 0 "KDE QDA" 10 2000 2.93232323232323
127.945 13.36 0 0 "KDE QDA" 10 2000 2.94242424242424
127.955 13.36 0 0 "KDE QDA" 10 2000 2.95252525252525
130.22 13.7 0 0 "KDE QDA" 10 2000 2.96262626262626
131.99 13.74 0 0 "KDE QDA" 10 2000 2.97272727272727
132.01 13.74 0 0 "KDE QDA" 10 2000 2.98282828282828
133.125 13.775 0 0 "KDE QDA" 10 2000 2.99292929292929
133.125 13.825 0 0 "KDE QDA" 10 2000 3.0030303030303
133.13 13.835 0 0 "KDE QDA" 10 2000 3.01313131313131
133.13 13.835 0 0 "KDE QDA" 10 2000 3.02323232323232
133.13 13.84 0 0 "KDE QDA" 10 2000 3.03333333333333
133.13 13.84 0 0 "KDE QDA" 10 2000 3.04343434343434
133.135 13.84 0 0 "KDE QDA" 10 2000 3.05353535353535
133.475 13.84 0 0 "KDE QDA" 10 2000 3.06363636363636
133.99 13.84 0 0 "KDE QDA" 10 2000 3.07373737373737
134.935 13.855 0 0 "KDE QDA" 10 2000 3.08383838383838
142.22 14.25 0 0 "KDE QDA" 10 2000 3.09393939393939
142.23 14.305 0 0 "KDE QDA" 10 2000 3.1040404040404
142.24 14.31 0 0 "KDE QDA" 10 2000 3.11414141414141
145.755 14.315 0 0 "KDE QDA" 10 2000 3.12424242424242
145.77 14.335 0 0 "KDE QDA" 10 2000 3.13434343434343
146.91 14.34 0 0 "KDE QDA" 10 2000 3.14444444444444
147.985 14.34 0 0 "KDE QDA" 10 2000 3.15454545454545
147.995 14.34 0 0 "KDE QDA" 10 2000 3.16464646464646
148.885 14.34 0 0 "KDE QDA" 10 2000 3.17474747474748
148.96 14.39 0 0 "KDE QDA" 10 2000 3.18484848484849
148.96 14.4 0 0 "KDE QDA" 10 2000 3.19494949494949
149.585 14.475 0 0 "KDE QDA" 10 2000 3.20505050505051
149.585 14.6 0 0 "KDE QDA" 10 2000 3.21515151515152
163.725 14.95 0 0 "KDE QDA" 10 2000 3.22525252525253
163.945 14.97 0 0 "KDE QDA" 10 2000 3.23535353535354
163.955 14.985 0 0 "KDE QDA" 10 2000 3.24545454545455
166.46 15.04 0 0 "KDE QDA" 10 2000 3.25555555555556
166.465 15.05 0 0 "KDE QDA" 10 2000 3.26565656565657
166.485 15.055 0 0 "KDE QDA" 10 2000 3.27575757575758
167.255 15.07 0 0 "KDE QDA" 10 2000 3.28585858585859
168.63 15.08 0 0 "KDE QDA" 10 2000 3.2959595959596
168.655 15.08 0 0 "KDE QDA" 10 2000 3.30606060606061
168.965 15.085 0 0 "KDE QDA" 10 2000 3.31616161616162
171.6 15.12 0 0 "KDE QDA" 10 2000 3.32626262626263
174.205 15.12 0 0 "KDE QDA" 10 2000 3.33636363636364
174.265 15.13 0 0 "KDE QDA" 10 2000 3.34646464646465
177.61 15.2 0 0 "KDE QDA" 10 2000 3.35656565656566
199.33 15.91 0 0 "KDE QDA" 10 2000 3.36666666666667
199.35 15.915 0 0 "KDE QDA" 10 2000 3.37676767676768
199.445 16.115 0 0 "KDE QDA" 10 2000 3.38686868686869
202.35 16.115 0 0 "KDE QDA" 10 2000 3.3969696969697
202.35 16.12 0 0 "KDE QDA" 10 2000 3.40707070707071
202.355 16.12 0 0 "KDE QDA" 10 2000 3.41717171717172
202.39 16.125 0 0 "KDE QDA" 10 2000 3.42727272727273
202.65 16.13 0 0 "KDE QDA" 10 2000 3.43737373737374
202.655 16.13 0 0 "KDE QDA" 10 2000 3.44747474747475
203.04 16.13 0 0 "KDE QDA" 10 2000 3.45757575757576
208.435 16.13 0 0 "KDE QDA" 10 2000 3.46767676767677
208.44 16.135 0 0 "KDE QDA" 10 2000 3.47777777777778
208.665 16.145 0 0 "KDE QDA" 10 2000 3.48787878787879
208.695 16.145 0 0 "KDE QDA" 10 2000 3.4979797979798
210.18 16.15 0 0 "KDE QDA" 10 2000 3.50808080808081
220.755 16.315 0 0 "KDE QDA" 10 2000 3.51818181818182
220.76 16.375 0 0 "KDE QDA" 10 2000 3.52828282828283
225.12 16.405 0 0 "KDE QDA" 10 2000 3.53838383838384
227.76 16.425 0 0 "KDE QDA" 10 2000 3.54848484848485
228.71 16.44 0 0 "KDE QDA" 10 2000 3.55858585858586
228.715 16.465 0 0 "KDE QDA" 10 2000 3.56868686868687
228.715 16.465 0 0 "KDE QDA" 10 2000 3.57878787878788
228.75 16.465 0 0 "KDE QDA" 10 2000 3.58888888888889
230 16.49 0 0 "KDE QDA" 10 2000 3.5989898989899
230.005 16.49 0 0 "KDE QDA" 10 2000 3.60909090909091
230.43 16.49 0 0 "KDE QDA" 10 2000 3.61919191919192
230.445 16.495 0 0 "KDE QDA" 10 2000 3.62929292929293
232.92 16.5 0 0 "KDE QDA" 10 2000 3.63939393939394
232.92 16.5 0 0 "KDE QDA" 10 2000 3.64949494949495
246.14 16.91 0 0 "KDE QDA" 10 2000 3.65959595959596
246.255 16.94 0 0 "KDE QDA" 10 2000 3.66969696969697
247.105 17.025 0 0 "KDE QDA" 10 2000 3.67979797979798
249.58 17.025 0 0 "KDE QDA" 10 2000 3.68989898989899
251.67 17.045 0 0 "KDE QDA" 10 2000 3.7
