34.301 0 29.9773087190635 "LDA" 24 2 2 1.5
35.88 0 31.2075232838095 "LDA" 24 2 2 1.53535353535354
37.346 0 32.195136446532 "LDA" 24 2 2 1.57070707070707
39.513 0 34.4679833015057 "LDA" 24 2 2 1.60606060606061
40.771 0 35.6180460469718 "LDA" 24 2 2 1.64141414141414
42.733 0 37.8334915661254 "LDA" 24 2 2 1.67676767676768
44.778 0 39.5023182756297 "LDA" 24 2 2 1.71212121212121
46.367 0 40.7075351061006 "LDA" 24 2 2 1.74747474747475
48.659 0 42.0792987867715 "LDA" 24 2 2 1.78282828282828
50.676 0 43.8951912151184 "LDA" 24 2 2 1.81818181818182
53.401 0 46.2583185063079 "LDA" 24 2 2 1.85353535353535
54.995 0 47.1695658549339 "LDA" 24 2 2 1.88888888888889
57.359 0 49.4854618037452 "LDA" 24 2 2 1.92424242424242
59.595 0 51.4369588499917 "LDA" 24 2 2 1.95959595959596
61.976 0 54.2649251921175 "LDA" 24 2 2 1.99494949494949
65.151 0 58.5878719338545 "LDA" 24 2 2 2.03030303030303
67.891 0 60.5717099894914 "LDA" 24 2 2 2.06565656565657
70.033 0 61.9877277321035 "LDA" 24 2 2 2.1010101010101
73.82 0 66.606230864612 "LDA" 24 2 2 2.13636363636364
76.56 0 68.7596850944963 "LDA" 24 2 2 2.17171717171717
79.721 0 71.6447215440546 "LDA" 24 2 2 2.20707070707071
82.866 0 75.5463254651826 "LDA" 24 2 2 2.24242424242424
85.372 0 77.3235316352308 "LDA" 24 2 2 2.27777777777778
88.546 0 79.9831055985024 "LDA" 24 2 2 2.31313131313131
90.635 0 80.5219321461958 "LDA" 24 2 2 2.34848484848485
93.281 0 82.5705876262301 "LDA" 24 2 2 2.38383838383838
96.37 0 84.1683397092363 "LDA" 24 2 2 2.41919191919192
99.394 0 85.9915653614546 "LDA" 24 2 2 2.45454545454545
102.103 0 88.2567144110783 "LDA" 24 2 2 2.48989898989899
106.391 0 94.4655379323955 "LDA" 24 2 2 2.52525252525253
109.608 0 97.4121525450673 "LDA" 24 2 2 2.56060606060606
112.709 0 99.6708613366996 "LDA" 24 2 2 2.5959595959596
115.626 0 101.630314595818 "LDA" 24 2 2 2.63131313131313
119.498 0 104.418452436383 "LDA" 24 2 2 2.66666666666667
123.464 0 107.785826936979 "LDA" 24 2 2 2.7020202020202
127.232 0 111.216002334085 "LDA" 24 2 2 2.73737373737374
130.845 0 114.494567473662 "LDA" 24 2 2 2.77272727272727
133.057 0 116.307098201666 "LDA" 24 2 2 2.80808080808081
138.435 0 122.567820595969 "LDA" 24 2 2 2.84343434343434
144.819 0 126.230536667588 "LDA" 24 2 2 2.87878787878788
148.969 0 130.83823096359 "LDA" 24 2 2 2.91414141414141
153.595 0 133.56878975493 "LDA" 24 2 2 2.94949494949495
157.551 0 136.195156006077 "LDA" 24 2 2 2.98484848484848
162.769 0 140.238755511975 "LDA" 24 2 2 3.02020202020202
167.185 0 146.61479008501 "LDA" 24 2 2 3.05555555555556
173.927 0 153.171888081 "LDA" 24 2 2 3.09090909090909
178.395 0 155.263020647483 "LDA" 24 2 2 3.12626262626263
182.909 0 160.035196075685 "LDA" 24 2 2 3.16161616161616
187.519 0 162.388385134611 "LDA" 24 2 2 3.1969696969697
190.485 0 164.168831329763 "LDA" 24 2 2 3.23232323232323
199.773 0 174.141105416256 "LDA" 24 2 2 3.26767676767677
205.257 0 181.699801234808 "LDA" 24 2 2 3.3030303030303
211.065 0 191.045730772101 "LDA" 24 2 2 3.33838383838384
216.899 0 193.997757535825 "LDA" 24 2 2 3.37373737373737
221.547 0 197.026046638646 "LDA" 24 2 2 3.40909090909091
225.204 0 199.663521720684 "LDA" 24 2 2 3.44444444444444
229.012 0 202.423049445825 "LDA" 24 2 2 3.47979797979798
235.607 0 207.999775137997 "LDA" 24 2 2 3.51515151515152
243.079 0 214.540981147173 "LDA" 24 2 2 3.55050505050505
250.524 0 221.272051431591 "LDA" 24 2 2 3.58585858585859
258.344 0 226.875468356855 "LDA" 24 2 2 3.62121212121212
266.598 0 236.201387573171 "LDA" 24 2 2 3.65656565656566
274.099099099099 1 244.941294322779 "LDA" 24 2 2 3.69191919191919
283.578578578579 1 255.883626757295 "LDA" 24 2 2 3.72727272727273
291.042042042042 1 266.159463393926 "LDA" 24 2 2 3.76262626262626
300.941941941942 1 274.528206392062 "LDA" 24 2 2 3.7979797979798
308.399399399399 1 282.075008216183 "LDA" 24 2 2 3.83333333333333
314.507507507508 1 284.538264107266 "LDA" 24 2 2 3.86868686868687
323.408224674022 3 292.197474851849 "LDA" 24 2 2 3.9040404040404
330.302908726179 3 296.71064583356 "LDA" 24 2 2 3.93939393939394
340.519558676028 3 306.477769768142 "LDA" 24 2 2 3.97474747474747
347.294176706827 4 311.47210979819 "LDA" 24 2 2 4.01010101010101
355.331325301205 4 317.17754434359 "LDA" 24 2 2 4.04545454545454
363.835341365462 4 324.579525444339 "LDA" 24 2 2 4.08080808080808
373.297487437186 5 330.745730696501 "LDA" 24 2 2 4.11616161616162
379.580904522613 5 334.26714072038 "LDA" 24 2 2 4.15151515151515
392.533199195171 6 347.50197519406 "LDA" 24 2 2 4.18686868686869
400.018108651911 6 352.311291897998 "LDA" 24 2 2 4.22222222222222
407.500503524673 7 358.373344266555 "LDA" 24 2 2 4.25757575757576
415.382056451613 8 365.8671826754 "LDA" 24 2 2 4.29292929292929
423.262361251261 9 372.570952887405 "LDA" 24 2 2 4.32828282828283
431.461616161616 10 375.950750331526 "LDA" 24 2 2 4.36363636363636
438.781818181818 10 380.953854295843 "LDA" 24 2 2 4.3989898989899
445.490394337715 11 383.399936481838 "LDA" 24 2 2 4.43434343434343
455.004048582996 12 388.716368813811 "LDA" 24 2 2 4.46969696969697
460.294117647059 14 391.928086620638 "LDA" 24 2 2 4.50505050505051
467.886063072228 17 398.525609138957 "LDA" 24 2 2 4.54040404040404
477.7624872579 19 406.010452337972 "LDA" 24 2 2 4.57575757575758
489.204290091931 21 415.588327085095 "LDA" 24 2 2 4.61111111111111
498.914110429448 22 419.618519526555 "LDA" 24 2 2 4.64646464646465
506.909836065574 24 424.605296131775 "LDA" 24 2 2 4.68181818181818
511.738683127572 28 426.812813515677 "LDA" 24 2 2 4.71717171717172
521.511363636364 32 431.34782136206 "LDA" 24 2 2 4.75252525252525
535.610134436401 33 442.51948761136 "LDA" 24 2 2 4.78787878787879
541.578400830737 37 444.834825135772 "LDA" 24 2 2 4.82323232323232
551.197080291971 41 446.787180556503 "LDA" 24 2 2 4.85858585858586
562.075313807531 44 451.83471538683 "LDA" 24 2 2 4.89393939393939
571.147643979058 45 456.83149275154 "LDA" 24 2 2 4.92929292929293
579.237145855194 47 463.673347427404 "LDA" 24 2 2 4.96464646464646
584.177894736842 50 462.617210888338 "LDA" 24 2 2 5
38.006 0 34.6733933760197 "uLSIF" 24 2 2 1.5
40.317 0 37.4803587001017 "uLSIF" 24 2 2 1.53535353535354
42.059 0 38.6201895132331 "uLSIF" 24 2 2 1.57070707070707
43.291 0 39.2265604156424 "uLSIF" 24 2 2 1.60606060606061
45.308 0 41.5864950743937 "uLSIF" 24 2 2 1.64141414141414
47.213 0 42.8558777445668 "uLSIF" 24 2 2 1.67676767676768
50.159 0 45.7630415835199 "uLSIF" 24 2 2 1.71212121212121
52.401 0 47.4000945987238 "uLSIF" 24 2 2 1.74747474747475
54.554 0 49.1405115345157 "uLSIF" 24 2 2 1.78282828282828
56.89 0 51.1134667821161 "uLSIF" 24 2 2 1.81818181818182
59.444 0 52.8053716137977 "uLSIF" 24 2 2 1.85353535353535
62.62 0 56.5034887794041 "uLSIF" 24 2 2 1.88888888888889
65.952 0 60.3029364139106 "uLSIF" 24 2 2 1.92424242424242
68.036 0 63.0648386811374 "uLSIF" 24 2 2 1.95959595959596
71.745 0 68.4869800870314 "uLSIF" 24 2 2 1.99494949494949
74.906 0 70.6578494980968 "uLSIF" 24 2 2 2.03030303030303
77.568 0 72.2345984498648 "uLSIF" 24 2 2 2.06565656565657
80.696 0 75.4824826644513 "uLSIF" 24 2 2 2.1010101010101
82.53 0 76.8413670863272 "uLSIF" 24 2 2 2.13636363636364
86.966 0 80.9223657172309 "uLSIF" 24 2 2 2.17171717171717
90.778 0 84.6521511994982 "uLSIF" 24 2 2 2.20707070707071
96.248 0 90.6412507213594 "uLSIF" 24 2 2 2.24242424242424
100.208 0 94.9598025487632 "uLSIF" 24 2 2 2.27777777777778
104.122 0 97.4544944807293 "uLSIF" 24 2 2 2.31313131313131
107.828 0 99.1659028713615 "uLSIF" 24 2 2 2.34848484848485
111.783 0 102.091187286276 "uLSIF" 24 2 2 2.38383838383838
116.581 0 107.765007009399 "uLSIF" 24 2 2 2.41919191919192
122.626 0 112.520402438691 "uLSIF" 24 2 2 2.45454545454545
127.029 0 116.318726803577 "uLSIF" 24 2 2 2.48989898989899
131.722 0 119.885166593575 "uLSIF" 24 2 2 2.52525252525253
135.383 0 122.813889941499 "uLSIF" 24 2 2 2.56060606060606
140.03 0 127.923240482156 "uLSIF" 24 2 2 2.5959595959596
143.746 0 130.803911054476 "uLSIF" 24 2 2 2.63131313131313
146.913 0 135.548437135254 "uLSIF" 24 2 2 2.66666666666667
154.201 0 145.831627099414 "uLSIF" 24 2 2 2.7020202020202
158.538 0 147.620657139895 "uLSIF" 24 2 2 2.73737373737374
165.294 0 152.796100121084 "uLSIF" 24 2 2 2.77272727272727
172.373 0 158.911071356276 "uLSIF" 24 2 2 2.80808080808081
178.511 0 164.556083398893 "uLSIF" 24 2 2 2.84343434343434
184.453 0 172.42651969954 "uLSIF" 24 2 2 2.87878787878788
193.086 0 180.487679375647 "uLSIF" 24 2 2 2.91414141414141
201.319 0 190.899942448988 "uLSIF" 24 2 2 2.94949494949495
205.871 0 194.828608129159 "uLSIF" 24 2 2 2.98484848484848
214.77 0 202.427374487597 "uLSIF" 24 2 2 3.02020202020202
224.659 0 216.133445781502 "uLSIF" 24 2 2 3.05555555555556
236.782 0 226.911915715093 "uLSIF" 24 2 2 3.09090909090909
244.948 0 232.424392855815 "uLSIF" 24 2 2 3.12626262626263
251.024 0 235.234356815978 "uLSIF" 24 2 2 3.16161616161616
260.919 0 243.582484727178 "uLSIF" 24 2 2 3.1969696969697
270.95 0 253.280636015825 "uLSIF" 24 2 2 3.23232323232323
281.656 0 263.32113033648 "uLSIF" 24 2 2 3.26767676767677
294.224 0 276.787859819291 "uLSIF" 24 2 2 3.3030303030303
305.49 0 293.432627031499 "uLSIF" 24 2 2 3.33838383838384
316.91 0 305.232942273682 "uLSIF" 24 2 2 3.37373737373737
325.76976976977 1 312.268416871444 "uLSIF" 24 2 2 3.40909090909091
335.078234704112 3 320.342198898731 "uLSIF" 24 2 2 3.44444444444444
343.871485943775 4 327.844661632618 "uLSIF" 24 2 2 3.47979797979798
354.799798792757 6 337.553124624206 "uLSIF" 24 2 2 3.51515151515152
366.093655589124 7 347.404582354287 "uLSIF" 24 2 2 3.55050505050505
372.891919191919 10 347.905466739186 "uLSIF" 24 2 2 3.58585858585859
379.190091001011 11 350.759733940976 "uLSIF" 24 2 2 3.62121212121212
388.68085106383 13 355.971009354836 "uLSIF" 24 2 2 3.65656565656566
399.59939148073 14 366.37734391145 "uLSIF" 24 2 2 3.69191919191919
409.555329949239 15 371.570277022781 "uLSIF" 24 2 2 3.72727272727273
420.22482197355 17 377.1743875849 "uLSIF" 24 2 2 3.76262626262626
433.406917599186 17 384.355925977435 "uLSIF" 24 2 2 3.7979797979798
444.362525458248 18 391.218644063302 "uLSIF" 24 2 2 3.83333333333333
457.154081632653 20 397.901630548468 "uLSIF" 24 2 2 3.86868686868687
469.604081632653 20 404.83131631802 "uLSIF" 24 2 2 3.9040404040404
481.045965270684 21 416.761439035616 "uLSIF" 24 2 2 3.93939393939394
490.375639713408 23 422.416476296737 "uLSIF" 24 2 2 3.97474747474747
501.541623843782 27 427.556606562284 "uLSIF" 24 2 2 4.01010101010101
523.845520082389 29 438.059268253858 "uLSIF" 24 2 2 4.04545454545454
536.701030927835 30 446.617970135155 "uLSIF" 24 2 2 4.08080808080808
552.925388601036 35 451.093499232444 "uLSIF" 24 2 2 4.11616161616162
566.906444906445 38 461.335972904764 "uLSIF" 24 2 2 4.15151515151515
575.478578892372 43 464.654434527437 "uLSIF" 24 2 2 4.18686868686869
589.085173501577 49 472.182197329252 "uLSIF" 24 2 2 4.22222222222222
598.332629355861 53 476.33232112659 "uLSIF" 24 2 2 4.25757575757576
603.214057507987 61 475.599520630461 "uLSIF" 24 2 2 4.29292929292929
614.304394426581 67 481.32890697181 "uLSIF" 24 2 2 4.32828282828283
619.129067245119 78 480.581614288767 "uLSIF" 24 2 2 4.36363636363636
630.634763476348 91 487.696246212646 "uLSIF" 24 2 2 4.3989898989899
640.183333333333 100 490.294951919395 "uLSIF" 24 2 2 4.43434343434343
647.223344556678 109 492.251053324788 "uLSIF" 24 2 2 4.46969696969697
656.773137697517 114 493.916017244998 "uLSIF" 24 2 2 4.50505050505051
670.069318181818 120 501.229342836317 "uLSIF" 24 2 2 4.54040404040404
681.476958525346 132 508.244635602207 "uLSIF" 24 2 2 4.57575757575758
691.679906542056 144 514.512319250092 "uLSIF" 24 2 2 4.61111111111111
704.284876905041 147 517.231488679249 "uLSIF" 24 2 2 4.64646464646465
710.5 154 516.889132928566 "uLSIF" 24 2 2 4.68181818181818
713.301796407186 165 516.912223631068 "uLSIF" 24 2 2 4.71717171717172
717.185006045949 173 518.079946869939 "uLSIF" 24 2 2 4.75252525252525
732.465201465202 181 523.984946962532 "uLSIF" 24 2 2 4.78787878787879
746.36926889715 193 528.768481140357 "uLSIF" 24 2 2 4.82323232323232
757.76375 200 527.554513905782 "uLSIF" 24 2 2 4.85858585858586
765.056265984655 218 529.820356485429 "uLSIF" 24 2 2 4.89393939393939
767.055916775033 231 530.944371148861 "uLSIF" 24 2 2 4.92929292929293
769.121693121693 244 532.513568280619 "uLSIF" 24 2 2 4.96464646464646
787.085676037483 253 540.623850885027 "uLSIF" 24 2 2 5
