154.26 15.5 0 0 "KDE LDA" 180 2000 2.5
157.115 15.535 0 0 "KDE LDA" 180 2000 2.51010101010101
160.37 15.57 0 0 "KDE LDA" 180 2000 2.52020202020202
166.83 15.715 0 0 "KDE LDA" 180 2000 2.53030303030303
169.555 15.825 0 0 "KDE LDA" 180 2000 2.54040404040404
169.555 15.83 0 0 "KDE LDA" 180 2000 2.55050505050505
169.905 15.875 0 0 "KDE LDA" 180 2000 2.56060606060606
170.53 15.88 0 0 "KDE LDA" 180 2000 2.57070707070707
171.86 15.925 0 0 "KDE LDA" 180 2000 2.58080808080808
173.95 15.94 0 0 "KDE LDA" 180 2000 2.59090909090909
174.32 15.955 0 0 "KDE LDA" 180 2000 2.6010101010101
174.32 15.955 0 0 "KDE LDA" 180 2000 2.61111111111111
174.97 15.995 0 0 "KDE LDA" 180 2000 2.62121212121212
179.67 16.005 0 0 "KDE LDA" 180 2000 2.63131313131313
180.81 16.045 0 0 "KDE LDA" 180 2000 2.64141414141414
183.735 16.065 0 0 "KDE LDA" 180 2000 2.65151515151515
191.98 16.39 0 0 "KDE LDA" 180 2000 2.66161616161616
201.59 16.53 0 0 "KDE LDA" 180 2000 2.67171717171717
203.02 16.59 0 0 "KDE LDA" 180 2000 2.68181818181818
203.32 16.62 0 0 "KDE LDA" 180 2000 2.69191919191919
204.015 16.68 0 0 "KDE LDA" 180 2000 2.7020202020202
208.545 16.705 0 0 "KDE LDA" 180 2000 2.71212121212121
210.29 16.745 0 0 "KDE LDA" 180 2000 2.72222222222222
210.58 16.835 0 0 "KDE LDA" 180 2000 2.73232323232323
210.6 16.865 0 0 "KDE LDA" 180 2000 2.74242424242424
211.7 16.865 0 0 "KDE LDA" 180 2000 2.75252525252525
213.64 17 0 0 "KDE LDA" 180 2000 2.76262626262626
216.275 17.085 0 0 "KDE LDA" 180 2000 2.77272727272727
219.455 17.155 0 0 "KDE LDA" 180 2000 2.78282828282828
229.005 17.495 0 0 "KDE LDA" 180 2000 2.79292929292929
256.93 18.275 0 0 "KDE LDA" 180 2000 2.8030303030303
257.235 18.38 0 0 "KDE LDA" 180 2000 2.81313131313131
258.665 18.455 0 0 "KDE LDA" 180 2000 2.82323232323232
261.5 18.815 0 0 "KDE LDA" 180 2000 2.83333333333333
265.455 18.835 0 0 "KDE LDA" 180 2000 2.84343434343434
265.46 18.9 0 0 "KDE LDA" 180 2000 2.85353535353535
266.08 18.925 0 0 "KDE LDA" 180 2000 2.86363636363636
266.205 19.085 0 0 "KDE LDA" 180 2000 2.87373737373737
270.365 19.19 0 0 "KDE LDA" 180 2000 2.88383838383838
272.485 19.195 0 0 "KDE LDA" 180 2000 2.89393939393939
273.895 19.195 0 0 "KDE LDA" 180 2000 2.9040404040404
276.88 19.225 0 0 "KDE LDA" 180 2000 2.91414141414141
276.89 19.235 0 0 "KDE LDA" 180 2000 2.92424242424242
278.67 19.525 0 0 "KDE LDA" 180 2000 2.93434343434343
280.805 19.53 0 0 "KDE LDA" 180 2000 2.94444444444444
281.73 19.54 0 0 "KDE LDA" 180 2000 2.95454545454545
291.8 19.805 0 0 "KDE LDA" 180 2000 2.96464646464646
294.79 19.85 0 0 "KDE LDA" 180 2000 2.97474747474747
294.835 19.95 0 0 "KDE LDA" 180 2000 2.98484848484848
294.84 19.975 0 0 "KDE LDA" 180 2000 2.99494949494949
303.865 20 0 0 "KDE LDA" 180 2000 3.00505050505051
305.225 20.065 0 0 "KDE LDA" 180 2000 3.01515151515152
305.24 20.105 0 0 "KDE LDA" 180 2000 3.02525252525253
305.26 20.115 0 0 "KDE LDA" 180 2000 3.03535353535354
309.49 20.205 0 0 "KDE LDA" 180 2000 3.04545454545455
313.565 20.23 0 0 "KDE LDA" 180 2000 3.05555555555556
318.035 20.235 0 0 "KDE LDA" 180 2000 3.06565656565657
320.245 20.335 0 0 "KDE LDA" 180 2000 3.07575757575758
321.86 20.42 0 0 "KDE LDA" 180 2000 3.08585858585859
328.66 20.77 0 0 "KDE LDA" 180 2000 3.0959595959596
328.67 20.795 0 0 "KDE LDA" 180 2000 3.10606060606061
331.17 20.82 0 0 "KDE LDA" 180 2000 3.11616161616162
331.17 20.835 0 0 "KDE LDA" 180 2000 3.12626262626263
334.08 20.88 0 0 "KDE LDA" 180 2000 3.13636363636364
334.095 21.105 0 0 "KDE LDA" 180 2000 3.14646464646465
336.42 21.11 0 0 "KDE LDA" 180 2000 3.15656565656566
337.055 21.115 0 0 "KDE LDA" 180 2000 3.16666666666667
342.835 21.225 0 0 "KDE LDA" 180 2000 3.17676767676768
346.1 21.28 0 0 "KDE LDA" 180 2000 3.18686868686869
354.165 21.33 0 0 "KDE LDA" 180 2000 3.1969696969697
356.385 21.345 0 0 "KDE LDA" 180 2000 3.20707070707071
371.74 21.43 0 0 "KDE LDA" 180 2000 3.21717171717172
398.835 21.815 0 0 "KDE LDA" 180 2000 3.22727272727273
401.235 21.845 0 0 "KDE LDA" 180 2000 3.23737373737374
403.375 21.86 0 0 "KDE LDA" 180 2000 3.24747474747475
405.505 21.885 0 0 "KDE LDA" 180 2000 3.25757575757576
409.565 22.07 0 0 "KDE LDA" 180 2000 3.26767676767677
409.79 22.125 0 0 "KDE LDA" 180 2000 3.27777777777778
413.06 22.155 0 0 "KDE LDA" 180 2000 3.28787878787879
415.54 22.17 0 0 "KDE LDA" 180 2000 3.2979797979798
415.59 22.3 0 0 "KDE LDA" 180 2000 3.30808080808081
418.695 22.31 0 0 "KDE LDA" 180 2000 3.31818181818182
425.75 22.345 0 0 "KDE LDA" 180 2000 3.32828282828283
436.83 22.42 0 0 "KDE LDA" 180 2000 3.33838383838384
437.615 22.45 0 0 "KDE LDA" 180 2000 3.34848484848485
488.355 23.13 0 0 "KDE LDA" 180 2000 3.35858585858586
488.375 23.29 0 0 "KDE LDA" 180 2000 3.36868686868687
494.56 23.55 0 0 "KDE LDA" 180 2000 3.37878787878788
503.595 23.85 0 0 "KDE LDA" 180 2000 3.38888888888889
508.925 23.865 0 0 "KDE LDA" 180 2000 3.3989898989899
511.11 23.875 0 0 "KDE LDA" 180 2000 3.40909090909091
511.13 23.95 0 0 "KDE LDA" 180 2000 3.41919191919192
512.82 23.95 0 0 "KDE LDA" 180 2000 3.42929292929293
512.835 23.955 0 0 "KDE LDA" 180 2000 3.43939393939394
512.835 23.965 0 0 "KDE LDA" 180 2000 3.44949494949495
517.29 23.99 0 0 "KDE LDA" 180 2000 3.45959595959596
521.29 24.035 0 0 "KDE LDA" 180 2000 3.46969696969697
521.335 24.15 0 0 "KDE LDA" 180 2000 3.47979797979798
522.79 24.155 0 0 "KDE LDA" 180 2000 3.48989898989899
526.735 24.205 0 0 "KDE LDA" 180 2000 3.5
89.88 12.075 0 0 "KDE QDA" 180 2000 2.7
89.885 12.145 0 0 "KDE QDA" 180 2000 2.71010101010101
89.93 12.145 0 0 "KDE QDA" 180 2000 2.72020202020202
90.33 12.15 0 0 "KDE QDA" 180 2000 2.73030303030303
91.28 12.15 0 0 "KDE QDA" 180 2000 2.74040404040404
91.44 12.155 0 0 "KDE QDA" 180 2000 2.75050505050505
91.625 12.18 0 0 "KDE QDA" 180 2000 2.76060606060606
91.625 12.24 0 0 "KDE QDA" 180 2000 2.77070707070707
91.735 12.285 0 0 "KDE QDA" 180 2000 2.78080808080808
91.74 12.285 0 0 "KDE QDA" 180 2000 2.79090909090909
118.515 13.48 0 0 "KDE QDA" 180 2000 2.8010101010101
118.52 13.48 0 0 "KDE QDA" 180 2000 2.81111111111111
118.965 13.48 0 0 "KDE QDA" 180 2000 2.82121212121212
125.175 13.695 0 0 "KDE QDA" 180 2000 2.83131313131313
125.19 13.695 0 0 "KDE QDA" 180 2000 2.84141414141414
126.98 13.71 0 0 "KDE QDA" 180 2000 2.85151515151515
127 13.74 0 0 "KDE QDA" 180 2000 2.86161616161616
128.27 13.74 0 0 "KDE QDA" 180 2000 2.87171717171717
128.3 13.74 0 0 "KDE QDA" 180 2000 2.88181818181818
128.43 13.74 0 0 "KDE QDA" 180 2000 2.89191919191919
128.43 13.745 0 0 "KDE QDA" 180 2000 2.9020202020202
128.43 13.76 0 0 "KDE QDA" 180 2000 2.91212121212121
128.43 13.76 0 0 "KDE QDA" 180 2000 2.92222222222222
128.445 13.76 0 0 "KDE QDA" 180 2000 2.93232323232323
128.445 13.79 0 0 "KDE QDA" 180 2000 2.94242424242424
128.475 13.79 0 0 "KDE QDA" 180 2000 2.95252525252525
133.615 13.945 0 0 "KDE QDA" 180 2000 2.96262626262626
133.725 13.97 0 0 "KDE QDA" 180 2000 2.97272727272727
133.77 13.98 0 0 "KDE QDA" 180 2000 2.98282828282828
135.43 13.99 0 0 "KDE QDA" 180 2000 2.99292929292929
135.605 13.99 0 0 "KDE QDA" 180 2000 3.0030303030303
136.465 13.995 0 0 "KDE QDA" 180 2000 3.01313131313131
136.465 14.01 0 0 "KDE QDA" 180 2000 3.02323232323232
136.73 14.02 0 0 "KDE QDA" 180 2000 3.03333333333333
136.975 14.02 0 0 "KDE QDA" 180 2000 3.04343434343434
136.98 14.025 0 0 "KDE QDA" 180 2000 3.05353535353535
137 14.025 0 0 "KDE QDA" 180 2000 3.06363636363636
137 14.03 0 0 "KDE QDA" 180 2000 3.07373737373737
137 14.03 0 0 "KDE QDA" 180 2000 3.08383838383838
154.92 14.515 0 0 "KDE QDA" 180 2000 3.09393939393939
155.54 14.535 0 0 "KDE QDA" 180 2000 3.1040404040404
155.56 14.535 0 0 "KDE QDA" 180 2000 3.11414141414141
157.925 14.55 0 0 "KDE QDA" 180 2000 3.12424242424242
157.94 14.55 0 0 "KDE QDA" 180 2000 3.13434343434343
157.945 14.55 0 0 "KDE QDA" 180 2000 3.14444444444444
157.945 14.565 0 0 "KDE QDA" 180 2000 3.15454545454545
157.955 14.57 0 0 "KDE QDA" 180 2000 3.16464646464646
157.99 14.575 0 0 "KDE QDA" 180 2000 3.17474747474748
157.99 14.575 0 0 "KDE QDA" 180 2000 3.18484848484849
157.99 14.575 0 0 "KDE QDA" 180 2000 3.19494949494949
157.995 14.575 0 0 "KDE QDA" 180 2000 3.20505050505051
157.995 14.595 0 0 "KDE QDA" 180 2000 3.21515151515152
171.51 15.045 0 0 "KDE QDA" 180 2000 3.22525252525253
171.61 15.085 0 0 "KDE QDA" 180 2000 3.23535353535354
173.665 15.085 0 0 "KDE QDA" 180 2000 3.24545454545455
179.01 15.295 0 0 "KDE QDA" 180 2000 3.25555555555556
180.315 15.335 0 0 "KDE QDA" 180 2000 3.26565656565657
181.605 15.335 0 0 "KDE QDA" 180 2000 3.27575757575758
183.75 15.355 0 0 "KDE QDA" 180 2000 3.28585858585859
184.935 15.355 0 0 "KDE QDA" 180 2000 3.2959595959596
184.96 15.355 0 0 "KDE QDA" 180 2000 3.30606060606061
184.96 15.36 0 0 "KDE QDA" 180 2000 3.31616161616162
184.96 15.36 0 0 "KDE QDA" 180 2000 3.32626262626263
187.655 15.37 0 0 "KDE QDA" 180 2000 3.33636363636364
187.66 15.39 0 0 "KDE QDA" 180 2000 3.34646464646465
187.735 15.395 0 0 "KDE QDA" 180 2000 3.35656565656566
223.275 16.105 0 0 "KDE QDA" 180 2000 3.36666666666667
225.125 16.105 0 0 "KDE QDA" 180 2000 3.37676767676768
233.69 16.165 0 0 "KDE QDA" 180 2000 3.38686868686869
237.695 16.335 0 0 "KDE QDA" 180 2000 3.3969696969697
237.695 16.335 0 0 "KDE QDA" 180 2000 3.40707070707071
238.555 16.34 0 0 "KDE QDA" 180 2000 3.41717171717172
238.56 16.39 0 0 "KDE QDA" 180 2000 3.42727272727273
241.76 16.39 0 0 "KDE QDA" 180 2000 3.43737373737374
241.76 16.4 0 0 "KDE QDA" 180 2000 3.44747474747475
244.8 16.415 0 0 "KDE QDA" 180 2000 3.45757575757576
244.805 16.42 0 0 "KDE QDA" 180 2000 3.46767676767677
244.81 16.425 0 0 "KDE QDA" 180 2000 3.47777777777778
244.825 16.425 0 0 "KDE QDA" 180 2000 3.48787878787879
244.825 16.44 0 0 "KDE QDA" 180 2000 3.4979797979798
244.825 16.44 0 0 "KDE QDA" 180 2000 3.50808080808081
252.045 16.715 0 0 "KDE QDA" 180 2000 3.51818181818182
255.015 16.76 0 0 "KDE QDA" 180 2000 3.52828282828283
256.135 16.765 0 0 "KDE QDA" 180 2000 3.53838383838384
258.965 16.805 0 0 "KDE QDA" 180 2000 3.54848484848485
260.915 16.81 0 0 "KDE QDA" 180 2000 3.55858585858586
261.835 16.995 0 0 "KDE QDA" 180 2000 3.56868686868687
262.71 17.07 0 0 "KDE QDA" 180 2000 3.57878787878788
264.375 17.075 0 0 "KDE QDA" 180 2000 3.58888888888889
264.38 17.085 0 0 "KDE QDA" 180 2000 3.5989898989899
264.405 17.09 0 0 "KDE QDA" 180 2000 3.60909090909091
264.405 17.09 0 0 "KDE QDA" 180 2000 3.61919191919192
265.23 17.09 0 0 "KDE QDA" 180 2000 3.62929292929293
265.305 17.1 0 0 "KDE QDA" 180 2000 3.63939393939394
266.58 17.105 0 0 "KDE QDA" 180 2000 3.64949494949495
279.035 17.36 0 0 "KDE QDA" 180 2000 3.65959595959596
280.25 17.38 0 0 "KDE QDA" 180 2000 3.66969696969697
289.865 17.425 0 0 "KDE QDA" 180 2000 3.67979797979798
289.87 17.44 0 0 "KDE QDA" 180 2000 3.68989898989899
291.03 17.44 0 0 "KDE QDA" 180 2000 3.7
