63.758 0 59.6195599440983 "LDA" 35 3 3 1.5
66.61 0 61.0932589267121 "LDA" 35 3 3 1.53535353535354
69.986 0 65.2983742652272 "LDA" 35 3 3 1.57070707070707
73.89 0 68.0298902392615 "LDA" 35 3 3 1.60606060606061
78.732 0 73.2055819813847 "LDA" 35 3 3 1.64141414141414
82.452 0 76.5188004533711 "LDA" 35 3 3 1.67676767676768
86.455 0 80.1223412324213 "LDA" 35 3 3 1.71212121212121
91.083 0 85.6185414828216 "LDA" 35 3 3 1.74747474747475
95.542 0 89.2954641396522 "LDA" 35 3 3 1.78282828282828
100.342 0 93.5031115411026 "LDA" 35 3 3 1.81818181818182
106.071 0 98.1534311934894 "LDA" 35 3 3 1.85353535353535
111.533 0 104.283651599812 "LDA" 35 3 3 1.88888888888889
115.645 0 107.32647365374 "LDA" 35 3 3 1.92424242424242
122.795 0 112.2424489324 "LDA" 35 3 3 1.95959595959596
129.313 0 119.589927593346 "LDA" 35 3 3 1.99494949494949
137.039 0 127.294050349002 "LDA" 35 3 3 2.03030303030303
142.921 0 129.797234489341 "LDA" 35 3 3 2.06565656565657
150.743 0 139.500090416552 "LDA" 35 3 3 2.1010101010101
159.453 0 152.393489252548 "LDA" 35 3 3 2.13636363636364
165.978 0 158.017223614893 "LDA" 35 3 3 2.17171717171717
174.378 0 166.017749078251 "LDA" 35 3 3 2.20707070707071
180.666 0 170.903137262972 "LDA" 35 3 3 2.24242424242424
189.664 0 179.178883175937 "LDA" 35 3 3 2.27777777777778
198.627 0 185.960972664574 "LDA" 35 3 3 2.31313131313131
209.744 0 200.739828990021 "LDA" 35 3 3 2.34848484848485
217.861 0 209.369045171621 "LDA" 35 3 3 2.38383838383838
229.628 0 220.724459231194 "LDA" 35 3 3 2.41919191919192
239.511 0 230.471870652716 "LDA" 35 3 3 2.45454545454545
248.82 0 239.998247407682 "LDA" 35 3 3 2.48989898989899
260.995 0 251.435281286608 "LDA" 35 3 3 2.52525252525253
269.194 0 258.845848986491 "LDA" 35 3 3 2.56060606060606
279.507 0 271.747008055999 "LDA" 35 3 3 2.5959595959596
288.362 0 282.333475073621 "LDA" 35 3 3 2.63131313131313
303.789 0 293.366099178394 "LDA" 35 3 3 2.66666666666667
319.769 0 307.538842715483 "LDA" 35 3 3 2.7020202020202
330.437 0 313.014104891235 "LDA" 35 3 3 2.73737373737374
341.984 0 321.31521160569 "LDA" 35 3 3 2.77272727272727
360.938938938939 1 339.174946840718 "LDA" 35 3 3 2.80808080808081
374.545545545546 1 345.457031769909 "LDA" 35 3 3 2.84343434343434
387.194194194194 1 355.787667091533 "LDA" 35 3 3 2.87878787878788
401.932730923695 4 369.582378048238 "LDA" 35 3 3 2.91414141414141
416.150050352467 7 380.44000237323 "LDA" 35 3 3 2.94949494949495
431.230070635722 9 391.820136977808 "LDA" 35 3 3 2.98484848484848
442.231547017189 11 399.323945357353 "LDA" 35 3 3 3.02020202020202
454.177125506073 12 409.22616324959 "LDA" 35 3 3 3.05555555555556
470.900709219858 13 420.52819374422 "LDA" 35 3 3 3.09090909090909
483.154314720812 15 422.56458175794 "LDA" 35 3 3 3.12626262626263
497.275229357798 19 430.264763870627 "LDA" 35 3 3 3.16161616161616
508.013319672131 24 433.865604651172 "LDA" 35 3 3 3.1969696969697
525.543209876543 28 440.991473963303 "LDA" 35 3 3 3.23232323232323
536.708808290155 35 448.655447713033 "LDA" 35 3 3 3.26767676767677
547.27471383975 39 459.072617571223 "LDA" 35 3 3 3.3030303030303
564.064583333333 40 469.997765836583 "LDA" 35 3 3 3.33838383838384
584.69392033543 46 478.842036953049 "LDA" 35 3 3 3.37373737373737
598.56223628692 52 485.989787143812 "LDA" 35 3 3 3.40909090909091
612.294803817603 57 487.799302257547 "LDA" 35 3 3 3.44444444444444
635.177848775293 61 500.406043336969 "LDA" 35 3 3 3.47979797979798
643.44972972973 75 500.279195764479 "LDA" 35 3 3 3.51515151515152
656.905434782609 80 506.543144574449 "LDA" 35 3 3 3.55050505050505
671.510428100988 89 511.351660303876 "LDA" 35 3 3 3.58585858585859
685.518888888889 100 519.167062726343 "LDA" 35 3 3 3.62121212121212
697.152198421646 113 523.300748325241 "LDA" 35 3 3 3.65656565656566
712.259681093394 122 527.515893606678 "LDA" 35 3 3 3.69191919191919
720.683602771363 134 528.296931425824 "LDA" 35 3 3 3.72727272727273
736.304195804196 142 536.754732144447 "LDA" 35 3 3 3.76262626262626
746.919014084507 148 538.486191895838 "LDA" 35 3 3 3.7979797979798
756.117084826762 163 541.48028160373 "LDA" 35 3 3 3.83333333333333
757.503658536585 180 538.444162361999 "LDA" 35 3 3 3.86868686868687
768.326708074534 195 540.231175267649 "LDA" 35 3 3 3.9040404040404
780.539042821159 206 541.914393328816 "LDA" 35 3 3 3.93939393939394
787.334183673469 216 544.708902590902 "LDA" 35 3 3 3.97474747474747
795.861757105943 226 547.651216906396 "LDA" 35 3 3 4.01010101010101
801.425 240 545.501424969971 "LDA" 35 3 3 4.04545454545454
811.460402684564 255 543.522248164542 "LDA" 35 3 3 4.08080808080808
822.97537619699 269 548.049072341344 "LDA" 35 3 3 4.11616161616162
828.155862068965 275 549.663251238301 "LDA" 35 3 3 4.15151515151515
837.287729196051 291 549.742707285528 "LDA" 35 3 3 4.18686868686869
836.984149855908 306 550.027669283871 "LDA" 35 3 3 4.22222222222222
843.072058823529 320 553.658760232515 "LDA" 35 3 3 4.25757575757576
846.653731343284 330 553.728713622017 "LDA" 35 3 3 4.29292929292929
855.251506024096 336 553.523793292861 "LDA" 35 3 3 4.32828282828283
859.724615384615 350 552.806109145335 "LDA" 35 3 3 4.36363636363636
869.641744548287 358 551.529298623957 "LDA" 35 3 3 4.3989898989899
871.274322169059 373 551.780595513835 "LDA" 35 3 3 4.43434343434343
885.606504065041 385 552.412955063327 "LDA" 35 3 3 4.46969696969697
891.103505843072 401 550.099129988201 "LDA" 35 3 3 4.50505050505051
893.28743545611 419 549.551360905325 "LDA" 35 3 3 4.54040404040404
906.089630931459 431 557.163203435054 "LDA" 35 3 3 4.57575757575758
917.830053667263 441 557.890385771272 "LDA" 35 3 3 4.61111111111111
922.331501831502 454 560.575462839682 "LDA" 35 3 3 4.64646464646465
924.54953271028 465 562.69583263963 "LDA" 35 3 3 4.68181818181818
927.84440227704 473 566.29510915093 "LDA" 35 3 3 4.71717171717172
931.211650485437 485 566.357866836011 "LDA" 35 3 3 4.75252525252525
933.524850894632 497 564.430350350811 "LDA" 35 3 3 4.78787878787879
931.378600823045 514 565.575204580236 "LDA" 35 3 3 4.82323232323232
923.444915254237 528 563.664512573016 "LDA" 35 3 3 4.85858585858586
929.22440087146 541 563.737825586667 "LDA" 35 3 3 4.89393939393939
938.464125560538 554 564.267326330406 "LDA" 35 3 3 4.92929292929293
942.714617169374 569 563.537757753417 "LDA" 35 3 3 4.96464646464646
944.562200956938 582 562.812296217878 "LDA" 35 3 3 5
19.116 0 14.0526873594349 "uLSIF" 35 3 3 1.5
19.767 0 14.5237615875038 "uLSIF" 35 3 3 1.53535353535354
20.343 0 14.8674945230659 "uLSIF" 35 3 3 1.57070707070707
21.055 0 15.3188329072956 "uLSIF" 35 3 3 1.60606060606061
21.972 0 16.4445017448884 "uLSIF" 35 3 3 1.64141414141414
22.837 0 17.382594328396 "uLSIF" 35 3 3 1.67676767676768
23.566 0 17.8524046658245 "uLSIF" 35 3 3 1.71212121212121
24.37 0 18.2383040805809 "uLSIF" 35 3 3 1.74747474747475
25.119 0 18.6884482260325 "uLSIF" 35 3 3 1.78282828282828
25.798 0 18.9975815330295 "uLSIF" 35 3 3 1.81818181818182
26.454 0 19.712139722832 "uLSIF" 35 3 3 1.85353535353535
27.183 0 20.0602573494191 "uLSIF" 35 3 3 1.88888888888889
28.029 0 20.9810477184378 "uLSIF" 35 3 3 1.92424242424242
28.835 0 21.7456351401298 "uLSIF" 35 3 3 1.95959595959596
29.449 0 22.0785611365836 "uLSIF" 35 3 3 1.99494949494949
30.313 0 22.8538252449853 "uLSIF" 35 3 3 2.03030303030303
31.278 0 23.7007688154296 "uLSIF" 35 3 3 2.06565656565657
32.669 0 25.6152606971036 "uLSIF" 35 3 3 2.1010101010101
33.396 0 26.0145717232082 "uLSIF" 35 3 3 2.13636363636364
34.293 0 26.4996487218677 "uLSIF" 35 3 3 2.17171717171717
35.182 0 27.3360592649368 "uLSIF" 35 3 3 2.20707070707071
35.871 0 28.1731447496563 "uLSIF" 35 3 3 2.24242424242424
36.91 0 28.8738220122934 "uLSIF" 35 3 3 2.27777777777778
37.681 0 29.3418162556646 "uLSIF" 35 3 3 2.31313131313131
38.421 0 29.635080512747 "uLSIF" 35 3 3 2.34848484848485
39.3 0 30.0194464833575 "uLSIF" 35 3 3 2.38383838383838
40.011 0 30.1636656546535 "uLSIF" 35 3 3 2.41919191919192
41.054 0 31.6506057579447 "uLSIF" 35 3 3 2.45454545454545
42.092 0 31.8948399716446 "uLSIF" 35 3 3 2.48989898989899
43.424 0 33.7857025633284 "uLSIF" 35 3 3 2.52525252525253
44.327 0 34.3124965343301 "uLSIF" 35 3 3 2.56060606060606
45.522 0 35.3196686705155 "uLSIF" 35 3 3 2.5959595959596
46.549 0 35.8614506488882 "uLSIF" 35 3 3 2.63131313131313
47.946 0 36.9164449521877 "uLSIF" 35 3 3 2.66666666666667
48.706 0 37.5132884563698 "uLSIF" 35 3 3 2.7020202020202
49.995 0 39.3389696043189 "uLSIF" 35 3 3 2.73737373737374
51.162 0 40.5364398900416 "uLSIF" 35 3 3 2.77272727272727
52.54 0 41.715663684 "uLSIF" 35 3 3 2.80808080808081
53.744 0 42.3813478153143 "uLSIF" 35 3 3 2.84343434343434
55.192 0 43.6171249578602 "uLSIF" 35 3 3 2.87878787878788
56.265 0 44.2314503062719 "uLSIF" 35 3 3 2.91414141414141
58.085 0 46.3224734502223 "uLSIF" 35 3 3 2.94949494949495
59.303 0 47.2291836345578 "uLSIF" 35 3 3 2.98484848484848
60.475 0 48.2273496291498 "uLSIF" 35 3 3 3.02020202020202
61.787 0 49.0430101833875 "uLSIF" 35 3 3 3.05555555555556
63.701 0 51.0935823088688 "uLSIF" 35 3 3 3.09090909090909
65.043 0 52.2345057849176 "uLSIF" 35 3 3 3.12626262626263
66.458 0 53.3800493224357 "uLSIF" 35 3 3 3.16161616161616
68.087 0 55.7523071338824 "uLSIF" 35 3 3 3.1969696969697
69.285 0 57.2820129185768 "uLSIF" 35 3 3 3.23232323232323
70.549 0 57.5231824181826 "uLSIF" 35 3 3 3.26767676767677
72.389 0 60.4451262906472 "uLSIF" 35 3 3 3.3030303030303
73.765 0 61.2074515653701 "uLSIF" 35 3 3 3.33838383838384
75.464 0 62.5276771871018 "uLSIF" 35 3 3 3.37373737373737
76.696 0 63.0057561601264 "uLSIF" 35 3 3 3.40909090909091
78.506 0 63.9648611932166 "uLSIF" 35 3 3 3.44444444444444
79.695 0 65.0729472474043 "uLSIF" 35 3 3 3.47979797979798
80.835 0 65.6703461949864 "uLSIF" 35 3 3 3.51515151515152
82.113 0 66.3135560705254 "uLSIF" 35 3 3 3.55050505050505
83.003 0 66.7718014169489 "uLSIF" 35 3 3 3.58585858585859
84.238 0 67.1247427338615 "uLSIF" 35 3 3 3.62121212121212
85.614 0 67.6020638963267 "uLSIF" 35 3 3 3.65656565656566
87.544 0 69.8111141270189 "uLSIF" 35 3 3 3.69191919191919
88.747 0 70.7201692117131 "uLSIF" 35 3 3 3.72727272727273
90.777 0 72.2144597653351 "uLSIF" 35 3 3 3.76262626262626
92.727 0 73.7461793584588 "uLSIF" 35 3 3 3.7979797979798
93.771 0 74.0549572661797 "uLSIF" 35 3 3 3.83333333333333
96.148 0 75.4935054515643 "uLSIF" 35 3 3 3.86868686868687
98.501 0 78.0594983604448 "uLSIF" 35 3 3 3.9040404040404
100.403 0 79.8062003895726 "uLSIF" 35 3 3 3.93939393939394
101.737 0 80.1489094041752 "uLSIF" 35 3 3 3.97474747474747
103.776 0 82.19442650051 "uLSIF" 35 3 3 4.01010101010101
105.698 0 84.9228749554011 "uLSIF" 35 3 3 4.04545454545454
107.398 0 86.4203568268153 "uLSIF" 35 3 3 4.08080808080808
108.941 0 87.2181777471275 "uLSIF" 35 3 3 4.11616161616162
110.496 0 88.8872258703292 "uLSIF" 35 3 3 4.15151515151515
112.617 0 90.7131809176163 "uLSIF" 35 3 3 4.18686868686869
114.205 0 91.4828950957232 "uLSIF" 35 3 3 4.22222222222222
115.515 0 93.9036083580533 "uLSIF" 35 3 3 4.25757575757576
117.407 0 94.3315100312975 "uLSIF" 35 3 3 4.29292929292929
118.478 0 94.4345455826383 "uLSIF" 35 3 3 4.32828282828283
119.59 0 95.4661913647637 "uLSIF" 35 3 3 4.36363636363636
121.626 0 97.1676369666036 "uLSIF" 35 3 3 4.3989898989899
123.551 0 97.9249748516674 "uLSIF" 35 3 3 4.43434343434343
125.001 0 98.2341740533912 "uLSIF" 35 3 3 4.46969696969697
126.23 0 98.5189275168943 "uLSIF" 35 3 3 4.50505050505051
129.559 0 100.578190933679 "uLSIF" 35 3 3 4.54040404040404
132.017 0 102.60820217777 "uLSIF" 35 3 3 4.57575757575758
133.574 0 103.638764550324 "uLSIF" 35 3 3 4.61111111111111
136.578 0 106.252338682381 "uLSIF" 35 3 3 4.64646464646465
138.234 0 107.21622341121 "uLSIF" 35 3 3 4.68181818181818
141.279 0 110.072881302336 "uLSIF" 35 3 3 4.71717171717172
144.245 0 112.087039748043 "uLSIF" 35 3 3 4.75252525252525
146.91 0 114.644228808951 "uLSIF" 35 3 3 4.78787878787879
149.275 0 117.311215560561 "uLSIF" 35 3 3 4.82323232323232
152.142 0 119.860077900335 "uLSIF" 35 3 3 4.85858585858586
154.595 0 122.602146234319 "uLSIF" 35 3 3 4.89393939393939
157.663 0 125.170671996791 "uLSIF" 35 3 3 4.92929292929293
159.174 0 125.975686533543 "uLSIF" 35 3 3 4.96464646464646
161.331 0 127.948428045206 "uLSIF" 35 3 3 5
