133.675 13.82 0 0 "KDE LDA" 20 600 2.3
133.675 13.825 0 0 "KDE LDA" 20 600 2.31010101010101
133.675 13.835 0 0 "KDE LDA" 20 600 2.32020202020202
133.81 13.86 0 0 "KDE LDA" 20 600 2.33030303030303
133.975 14 0 0 "KDE LDA" 20 600 2.34040404040404
133.995 14.01 0 0 "KDE LDA" 20 600 2.35050505050505
137.27 14.145 0 0 "KDE LDA" 20 600 2.36060606060606
138.055 14.27 0 0 "KDE LDA" 20 600 2.37070707070707
138.07 14.33 0 0 "KDE LDA" 20 600 2.38080808080808
138.995 14.46 0 0 "KDE LDA" 20 600 2.39090909090909
141.655 14.495 0 0 "KDE LDA" 20 600 2.4010101010101
141.75 14.5 0 0 "KDE LDA" 20 600 2.41111111111111
142.23 14.515 0 0 "KDE LDA" 20 600 2.42121212121212
143.4 14.64 0 0 "KDE LDA" 20 600 2.43131313131313
143.49 14.745 0 0 "KDE LDA" 20 600 2.44141414141414
144.035 14.745 0 0 "KDE LDA" 20 600 2.45151515151515
144.04 14.775 0 0 "KDE LDA" 20 600 2.46161616161616
144.81 14.86 0 0 "KDE LDA" 20 600 2.47171717171717
148.775 14.86 0 0 "KDE LDA" 20 600 2.48181818181818
148.85 14.985 0 0 "KDE LDA" 20 600 2.49191919191919
149.74 15.175 0 0 "KDE LDA" 20 600 2.5020202020202
152.565 15.22 0 0 "KDE LDA" 20 600 2.51212121212121
153.185 15.305 0 0 "KDE LDA" 20 600 2.52222222222222
155.82 15.41 0 0 "KDE LDA" 20 600 2.53232323232323
155.825 15.435 0 0 "KDE LDA" 20 600 2.54242424242424
156.475 15.44 0 0 "KDE LDA" 20 600 2.55252525252525
156.855 15.455 0 0 "KDE LDA" 20 600 2.56262626262626
157.39 15.46 0 0 "KDE LDA" 20 600 2.57272727272727
157.42 15.49 0 0 "KDE LDA" 20 600 2.58282828282828
160.47 15.505 0 0 "KDE LDA" 20 600 2.59292929292929
160.99 15.525 0 0 "KDE LDA" 20 600 2.6030303030303
161.195 15.63 0 0 "KDE LDA" 20 600 2.61313131313131
161.75 15.645 0 0 "KDE LDA" 20 600 2.62323232323232
167.475 15.89 0 0 "KDE LDA" 20 600 2.63333333333333
167.51 16.005 0 0 "KDE LDA" 20 600 2.64343434343434
169.275 16.065 0 0 "KDE LDA" 20 600 2.65353535353535
175.88 16.355 0 0 "KDE LDA" 20 600 2.66363636363636
194.075 16.525 0 0 "KDE LDA" 20 600 2.67373737373737
194.08 16.565 0 0 "KDE LDA" 20 600 2.68383838383838
195.665 16.725 0 0 "KDE LDA" 20 600 2.69393939393939
196.22 16.86 0 0 "KDE LDA" 20 600 2.7040404040404
197.445 16.87 0 0 "KDE LDA" 20 600 2.71414141414141
200.68 16.87 0 0 "KDE LDA" 20 600 2.72424242424242
201.49 16.935 0 0 "KDE LDA" 20 600 2.73434343434343
201.5 17.1 0 0 "KDE LDA" 20 600 2.74444444444444
203.82 17.15 0 0 "KDE LDA" 20 600 2.75454545454545
206.9 17.245 0 0 "KDE LDA" 20 600 2.76464646464646
207.485 17.29 0 0 "KDE LDA" 20 600 2.77474747474747
212.675 17.39 0 0 "KDE LDA" 20 600 2.78484848484848
218.57 17.635 0 0 "KDE LDA" 20 600 2.79494949494949
256.09 18.085 0 0 "KDE LDA" 20 600 2.80505050505051
260.2 18.175 0 0 "KDE LDA" 20 600 2.81515151515151
264.22 18.18 0 0 "KDE LDA" 20 600 2.82525252525252
264.225 18.185 0 0 "KDE LDA" 20 600 2.83535353535354
269.56 18.225 0 0 "KDE LDA" 20 600 2.84545454545455
270.505 18.24 0 0 "KDE LDA" 20 600 2.85555555555556
270.505 18.305 0 0 "KDE LDA" 20 600 2.86565656565657
270.51 18.31 0 0 "KDE LDA" 20 600 2.87575757575758
272.54 18.335 0 0 "KDE LDA" 20 600 2.88585858585859
277.8 18.375 0 0 "KDE LDA" 20 600 2.8959595959596
278.035 18.415 0 0 "KDE LDA" 20 600 2.90606060606061
284.125 18.72 0 0 "KDE LDA" 20 600 2.91616161616162
284.79 18.735 0 0 "KDE LDA" 20 600 2.92626262626263
287.365 18.81 0 0 "KDE LDA" 20 600 2.93636363636364
290.15 18.815 0 0 "KDE LDA" 20 600 2.94646464646465
291.12 19.04 0 0 "KDE LDA" 20 600 2.95656565656566
297.09 19.125 0 0 "KDE LDA" 20 600 2.96666666666667
297.115 19.18 0 0 "KDE LDA" 20 600 2.97676767676768
297.13 19.21 0 0 "KDE LDA" 20 600 2.98686868686869
297.135 19.415 0 0 "KDE LDA" 20 600 2.9969696969697
299.095 19.42 0 0 "KDE LDA" 20 600 3.00707070707071
299.105 19.435 0 0 "KDE LDA" 20 600 3.01717171717172
305.22 19.47 0 0 "KDE LDA" 20 600 3.02727272727273
316.725 19.51 0 0 "KDE LDA" 20 600 3.03737373737374
316.735 19.545 0 0 "KDE LDA" 20 600 3.04747474747475
317.93 19.565 0 0 "KDE LDA" 20 600 3.05757575757576
321.215 19.595 0 0 "KDE LDA" 20 600 3.06767676767677
325.075 19.6 0 0 "KDE LDA" 20 600 3.07777777777778
329.73 19.69 0 0 "KDE LDA" 20 600 3.08787878787879
336.885 19.92 0 0 "KDE LDA" 20 600 3.0979797979798
343.575 20.38 0 0 "KDE LDA" 20 600 3.10808080808081
344.54 20.395 0 0 "KDE LDA" 20 600 3.11818181818182
353.765 20.45 0 0 "KDE LDA" 20 600 3.12828282828283
353.86 20.525 0 0 "KDE LDA" 20 600 3.13838383838384
353.875 20.545 0 0 "KDE LDA" 20 600 3.14848484848485
353.875 20.56 0 0 "KDE LDA" 20 600 3.15858585858586
353.925 20.57 0 0 "KDE LDA" 20 600 3.16868686868687
353.935 20.68 0 0 "KDE LDA" 20 600 3.17878787878788
356.47 20.735 0 0 "KDE LDA" 20 600 3.18888888888889
362.255 20.965 0 0 "KDE LDA" 20 600 3.1989898989899
370.72 21 0 0 "KDE LDA" 20 600 3.20909090909091
378.075 21.03 0 0 "KDE LDA" 20 600 3.21919191919192
410.87 21.645 0 0 "KDE LDA" 20 600 3.22929292929293
417.8 21.71 0 0 "KDE LDA" 20 600 3.23939393939394
433.63 21.9 0 0 "KDE LDA" 20 600 3.24949494949495
434.445 21.94 0 0 "KDE LDA" 20 600 3.25959595959596
438.13 21.945 0 0 "KDE LDA" 20 600 3.26969696969697
445.86 21.955 0 0 "KDE LDA" 20 600 3.27979797979798
445.86 21.985 0 0 "KDE LDA" 20 600 3.28989898989899
447.4 22.23 0 0 "KDE LDA" 20 600 3.3
645.58 27.755 0 0 "KDE QDA" 20 600 4.5
664.995 28.085 0 0 "KDE QDA" 20 600 4.51010101010101
665.005 28.085 0 0 "KDE QDA" 20 600 4.52020202020202
673.41 28.1 0 0 "KDE QDA" 20 600 4.53030303030303
673.45 28.105 0 0 "KDE QDA" 20 600 4.54040404040404
673.47 28.12 0 0 "KDE QDA" 20 600 4.55050505050505
673.49 28.12 0 0 "KDE QDA" 20 600 4.56060606060606
674.3 28.125 0 0 "KDE QDA" 20 600 4.57070707070707
675.265 28.13 0 0 "KDE QDA" 20 600 4.58080808080808
688.55 28.13 0 0 "KDE QDA" 20 600 4.59090909090909
689.75 28.18 0 0 "KDE QDA" 20 600 4.6010101010101
689.855 28.18 0 0 "KDE QDA" 20 600 4.61111111111111
699.41 28.33 0 0 "KDE QDA" 20 600 4.62121212121212
705.665 28.36 0 0 "KDE QDA" 20 600 4.63131313131313
745.615 28.92 0 0 "KDE QDA" 20 600 4.64141414141414
752.185 28.94 0 0 "KDE QDA" 20 600 4.65151515151515
771.875 29.205 0 0 "KDE QDA" 20 600 4.66161616161616
778.745 29.325 0 0 "KDE QDA" 20 600 4.67171717171717
778.81 29.33 0 0 "KDE QDA" 20 600 4.68181818181818
778.9 29.375 0 0 "KDE QDA" 20 600 4.69191919191919
784.295 29.385 0 0 "KDE QDA" 20 600 4.7020202020202
795.8 29.4 0 0 "KDE QDA" 20 600 4.71212121212121
798.845 29.425 0 0 "KDE QDA" 20 600 4.72222222222222
801.705 29.45 0 0 "KDE QDA" 20 600 4.73232323232323
802.11 29.455 0 0 "KDE QDA" 20 600 4.74242424242424
815.915 29.455 0 0 "KDE QDA" 20 600 4.75252525252525
819.67 29.47 0 0 "KDE QDA" 20 600 4.76262626262626
848.34 29.62 0 0 "KDE QDA" 20 600 4.77272727272727
853.505 29.625 0 0 "KDE QDA" 20 600 4.78282828282828
853.55 29.84 0 0 "KDE QDA" 20 600 4.79292929292929
877.445 29.935 0 0 "KDE QDA" 20 600 4.8030303030303
877.45 30.035 0 0 "KDE QDA" 20 600 4.81313131313131
890.785 30.045 0 0 "KDE QDA" 20 600 4.82323232323232
890.79 30.06 0 0 "KDE QDA" 20 600 4.83333333333333
911.285 30.095 0 0 "KDE QDA" 20 600 4.84343434343434
911.34 30.105 0 0 "KDE QDA" 20 600 4.85353535353535
911.34 30.115 0 0 "KDE QDA" 20 600 4.86363636363636
911.34 30.125 0 0 "KDE QDA" 20 600 4.87373737373737
911.565 30.125 0 0 "KDE QDA" 20 600 4.88383838383838
924.385 30.145 0 0 "KDE QDA" 20 600 4.89393939393939
978.18 30.445 0 0 "KDE QDA" 20 600 4.9040404040404
1000.645 30.445 0 0 "KDE QDA" 20 600 4.91414141414141
1000.665 30.67 0 0 "KDE QDA" 20 600 4.92424242424242
1012.8391959799 30.93 1 0 "KDE QDA" 20 600 4.93434343434343
1013.58793969849 30.95 1 0 "KDE QDA" 20 600 4.94444444444444
1034.06532663317 31 1 0 "KDE QDA" 20 600 4.95454545454546
1035.92964824121 31.005 1 0 "KDE QDA" 20 600 4.96464646464646
1035.97989949749 31.03 1 0 "KDE QDA" 20 600 4.97474747474747
1035.98994974874 31.27 1 0 "KDE QDA" 20 600 4.98484848484848
1026.47474747475 31.285 2 0 "KDE QDA" 20 600 4.99494949494949
1038.69191919192 31.32 2 0 "KDE QDA" 20 600 5.00505050505051
1046.93939393939 31.355 2 0 "KDE QDA" 20 600 5.01515151515152
1036 31.37 4 0 "KDE QDA" 20 600 5.02525252525253
1056.35714285714 31.405 4 0 "KDE QDA" 20 600 5.03535353535354
1079.39795918367 31.655 4 0 "KDE QDA" 20 600 5.04545454545455
1082.0306122449 31.715 4 0 "KDE QDA" 20 600 5.05555555555556
1073.80412371134 32.195 6 0 "KDE QDA" 20 600 5.06565656565657
1074.4793814433 32.205 6 0 "KDE QDA" 20 600 5.07575757575758
1074.57216494845 32.255 6 0 "KDE QDA" 20 600 5.08585858585859
1093.01546391753 32.275 6 0 "KDE QDA" 20 600 5.0959595959596
1093.39690721649 32.275 6 0 "KDE QDA" 20 600 5.10606060606061
1093.40721649485 32.29 6 0 "KDE QDA" 20 600 5.11616161616162
1099.43298969072 32.35 6 0 "KDE QDA" 20 600 5.12626262626263
1099.47422680412 32.36 6 0 "KDE QDA" 20 600 5.13636363636364
1099.47422680412 32.49 6 0 "KDE QDA" 20 600 5.14646464646465
1099.71134020619 32.495 6 0 "KDE QDA" 20 600 5.15656565656566
1100.62886597938 32.545 6 0 "KDE QDA" 20 600 5.16666666666667
1107.95360824742 32.545 6 0 "KDE QDA" 20 600 5.17676767676768
1111.44041450777 32.595 7 0 "KDE QDA" 20 600 5.18686868686869
1134.22279792746 32.825 7 0 "KDE QDA" 20 600 5.1969696969697
1134.24870466321 32.87 7 0 "KDE QDA" 20 600 5.20707070707071
1136.29015544041 33.075 7 0 "KDE QDA" 20 600 5.21717171717172
1146.02590673575 33.265 7 0 "KDE QDA" 20 600 5.22727272727273
1157.38341968912 33.275 7 0 "KDE QDA" 20 600 5.23737373737374
1161.6875 33.31 8 0 "KDE QDA" 20 600 5.24747474747475
1161.69270833333 33.33 8 0 "KDE QDA" 20 600 5.25757575757576
1162.25 33.33 8 0 "KDE QDA" 20 600 5.26767676767677
1176.546875 33.47 8 0 "KDE QDA" 20 600 5.27777777777778
1179.234375 33.48 8 0 "KDE QDA" 20 600 5.28787878787879
1179.27083333333 33.565 8 0 "KDE QDA" 20 600 5.2979797979798
1178.91623036649 33.575 9 0 "KDE QDA" 20 600 5.30808080808081
1195.80628272251 33.62 9 0 "KDE QDA" 20 600 5.31818181818182
1222.59685863874 33.635 9 0 "KDE QDA" 20 600 5.32828282828283
1239.56315789474 34.08 10 0 "KDE QDA" 20 600 5.33838383838384
1244.40526315789 34.12 10 0 "KDE QDA" 20 600 5.34848484848485
1256.17368421053 34.2 10 0 "KDE QDA" 20 600 5.35858585858586
1265.95263157895 34.205 10 0 "KDE QDA" 20 600 5.36868686868687
1267.29473684211 34.285 10 0 "KDE QDA" 20 600 5.37878787878788
1264.33862433862 34.365 11 0 "KDE QDA" 20 600 5.38888888888889
1264.39682539683 34.395 11 0 "KDE QDA" 20 600 5.3989898989899
1256.77659574468 34.415 12 0 "KDE QDA" 20 600 5.40909090909091
1256.82978723404 34.42 12 0 "KDE QDA" 20 600 5.41919191919192
1256.83510638298 34.47 12 0 "KDE QDA" 20 600 5.42929292929293
1256.85638297872 34.47 12 0 "KDE QDA" 20 600 5.43939393939394
1256.86170212766 34.57 12 0 "KDE QDA" 20 600 5.44949494949495
1261.5 34.615 12 0 "KDE QDA" 20 600 5.45959595959596
1267.52941176471 35.145 13 0 "KDE QDA" 20 600 5.46969696969697
1277.41711229947 35.17 13 0 "KDE QDA" 20 600 5.47979797979798
1276.5027027027 35.295 15 0 "KDE QDA" 20 600 5.48989898989899
1283.82702702703 35.445 15 0 "KDE QDA" 20 600 5.5
