37.319 10.316 0 0 34.6303696414217 7.10342189389048 "LDA" 6 5000 1.5
39.691 10.702 0 0 37.5044277532814 7.29838766183754 "LDA" 6 5000 1.53535353535354
41.602 10.963 0 0 39.2009478241319 7.44184197709223 "LDA" 6 5000 1.57070707070707
44.028 11.393 0 0 40.9702303602967 7.69322667914684 "LDA" 6 5000 1.60606060606061
46.616 11.676 0 0 42.8589247582278 7.77891609001765 "LDA" 6 5000 1.64141414141414
49.298 11.977 0 0 45.3391092858123 8.03199750896276 "LDA" 6 5000 1.67676767676768
51.695 12.343 0 0 47.5281906230808 8.2472642960177 "LDA" 6 5000 1.71212121212121
54.84 12.592 0 0 50.686008636225 8.35675603158136 "LDA" 6 5000 1.74747474747475
57.404 12.932 0 0 52.6239495293166 8.73233242780127 "LDA" 6 5000 1.78282828282828
60.233 13.268 0 0 54.6693098954472 8.94685543765083 "LDA" 6 5000 1.81818181818182
63.235 13.525 0 0 57.0751201868585 9.10166002524898 "LDA" 6 5000 1.85353535353535
66.22 13.768 0 0 59.8162150221792 9.16832777742126 "LDA" 6 5000 1.88888888888889
69.709 14.024 0 0 63.4994369856733 9.23041844255311 "LDA" 6 5000 1.92424242424242
72.274 14.304 0 0 65.0478758311918 9.28955757180501 "LDA" 6 5000 1.95959595959596
75.204 14.611 0 0 66.9055359049962 9.40904932547434 "LDA" 6 5000 1.99494949494949
77.992 14.892 0 0 68.7775856823449 9.62241793557767 "LDA" 6 5000 2.03030303030303
81.402 15.255 0 0 71.0643267366583 9.76162200990513 "LDA" 6 5000 2.06565656565657
84.778 15.636 0 0 73.2553141898733 9.9733129385862 "LDA" 6 5000 2.1010101010101
90.715 16.062 0 0 80.885166657337 10.6923562642891 "LDA" 6 5000 2.13636363636364
94.384 16.425 0 0 85.301775696271 10.8437060528659 "LDA" 6 5000 2.17171717171717
98.358 16.658 0 0 90.3679711302971 10.9676490336501 "LDA" 6 5000 2.20707070707071
102.878 17.001 0 0 94.4074143056353 11.1471636867079 "LDA" 6 5000 2.24242424242424
106.981 17.245 0 0 99.5556123930688 11.183740476739 "LDA" 6 5000 2.27777777777778
111.81 17.556 0 0 103.790801280414 11.2968350648526 "LDA" 6 5000 2.31313131313131
116.164 17.84 0 0 108.805421389395 11.4001914178826 "LDA" 6 5000 2.34848484848485
121.245 18.188 0 0 111.046910769239 11.578718526794 "LDA" 6 5000 2.38383838383838
125.663 18.638 0 0 115.325901229925 11.9725643994216 "LDA" 6 5000 2.41919191919192
132.886 18.96 0 0 120.576082187122 12.2120241374448 "LDA" 6 5000 2.45454545454545
138.252 19.227 0 0 125.655520395269 12.3521677064006 "LDA" 6 5000 2.48989898989899
142.934 19.636 0 0 127.678335677598 12.5335786826666 "LDA" 6 5000 2.52525252525253
151.049 19.972 0 0 137.755933797047 12.6661615198784 "LDA" 6 5000 2.56060606060606
157.051 20.354 0 0 142.995286814115 12.9050076800916 "LDA" 6 5000 2.5959595959596
165.501 20.808 0 0 152.597791874867 13.4925603643336 "LDA" 6 5000 2.63131313131313
172.18 21.122 0 0 157.012370482343 13.5787885873335 "LDA" 6 5000 2.66666666666667
180.529 21.483 0 0 166.560516223277 13.7293920916844 "LDA" 6 5000 2.7020202020202
186.082 21.77 0 0 170.514904359146 14.0533482343745 "LDA" 6 5000 2.73737373737374
193.954 22.094 0 0 179.671165220276 14.071146405363 "LDA" 6 5000 2.77272727272727
200.684 22.315 0 0 183.693095399085 14.0719506392964 "LDA" 6 5000 2.80808080808081
207.288 22.625 0 0 190.375965037775 14.2517187204381 "LDA" 6 5000 2.84343434343434
215.888 22.947 0 0 197.327721533711 14.5098148067343 "LDA" 6 5000 2.87878787878788
226.453 23.289 0 0 210.841513784489 14.7893273411336 "LDA" 6 5000 2.91414141414141
235.6 23.622 0 0 220.441993895611 14.9590403732622 "LDA" 6 5000 2.94949494949495
246.722 23.965 0 0 230.33281555593 15.2682315247672 "LDA" 6 5000 2.98484848484848
259.661 24.401 0 0 243.926780721907 15.7095827439811 "LDA" 6 5000 3.02020202020202
272.115 24.647 0 0 260.771435392216 15.7333381368649 "LDA" 6 5000 3.05555555555556
284.061 24.898 0 0 270.533257701382 15.8035232574052 "LDA" 6 5000 3.09090909090909
297.658 25.259 0 0 279.647094627378 16.0089414142599 "LDA" 6 5000 3.12626262626263
308.622 25.681 0 0 289.560363862736 16.2867583483484 "LDA" 6 5000 3.16161616161616
324.74 25.972 0 0 309.437221086594 16.3462048933205 "LDA" 6 5000 3.1969696969697
336.059 26.324 0 0 315.473956668908 16.4536849291503 "LDA" 6 5000 3.23232323232323
353.885 26.643 0 0 331.102625667215 16.5524479922015 "LDA" 6 5000 3.26767676767677
363.747 26.956 0 0 339.419844472626 16.6098751335449 "LDA" 6 5000 3.3030303030303
376.951 27.296 0 0 348.688511822912 16.6852264228203 "LDA" 6 5000 3.33838383838384
392.684 27.713 0 0 361.407533885985 16.8085442010353 "LDA" 6 5000 3.37373737373737
410.505 28.022 0 0 375.502967303127 16.8544233834204 "LDA" 6 5000 3.40909090909091
426.056 28.317 0 0 389.042700853116 17.069442781675 "LDA" 6 5000 3.44444444444444
447.952 28.628 0 0 410.271373966423 17.248568900901 "LDA" 6 5000 3.47979797979798
468.622 28.913 0 0 426.508659645678 17.4597329095629 "LDA" 6 5000 3.51515151515152
490.907 29.156 0 0 452.097122484936 17.5396494635242 "LDA" 6 5000 3.55050505050505
507.283 29.469 0 0 480.67710304152 17.799996597721 "LDA" 6 5000 3.58585858585859
534.499 29.777 0 0 500.898803762407 17.8545808423793 "LDA" 6 5000 3.62121212121212
553.105 29.991 0 0 526.848772993356 17.9161353786721 "LDA" 6 5000 3.65656565656566
570.792 30.337 0 0 540.402325503332 17.9450677473354 "LDA" 6 5000 3.69191919191919
590.074 30.689 0 0 561.186083526974 18.134252952083 "LDA" 6 5000 3.72727272727273
616.704 31.046 0 0 603.011123279495 18.1410303175145 "LDA" 6 5000 3.76262626262626
633.895 31.437 0 0 614.002345969342 18.6140945392333 "LDA" 6 5000 3.7979797979798
659.489 31.731 0 0 650.285690568659 18.7010258373001 "LDA" 6 5000 3.83333333333333
682.843 32.127 0 0 669.897228422127 19.0828463816598 "LDA" 6 5000 3.86868686868687
708.147 32.571 0 0 695.307959503952 19.2789687908259 "LDA" 6 5000 3.9040404040404
722.829 32.91 0 0 702.300553770839 19.4925077365089 "LDA" 6 5000 3.93939393939394
748.145 33.247 0 0 724.720007357368 19.602914713513 "LDA" 6 5000 3.97474747474747
775.64 33.614 0 0 749.192302086391 19.658928696078 "LDA" 6 5000 4.01010101010101
807.488 33.862 0 0 792.029015767616 19.8440606414802 "LDA" 6 5000 4.04545454545454
838.239 34.163 0 0 825.325498247241 19.9106218854124 "LDA" 6 5000 4.08080808080808
862.185 34.569 0 0 840.039601034562 20.0326370092793 "LDA" 6 5000 4.11616161616162
906.023 34.912 0 0 900.56134116461 20.0944281342377 "LDA" 6 5000 4.15151515151515
934.718 35.162 0 0 929.859782812275 20.1463552939888 "LDA" 6 5000 4.18686868686869
972.165 35.531 0 0 963.005067762125 20.3531641346079 "LDA" 6 5000 4.22222222222222
1017.417 35.921 0 0 1005.38734765752 20.7601479460707 "LDA" 6 5000 4.25757575757576
1062.064 36.231 0 0 1044.73497935174 20.8618516880898 "LDA" 6 5000 4.29292929292929
1121.244 36.499 0 0 1112.86684876812 20.9672512415105 "LDA" 6 5000 4.32828282828283
1158.087 36.724 0 0 1157.6177046768 20.9732615895025 "LDA" 6 5000 4.36363636363636
1218.108 37.096 0 0 1234.93960344632 21.0021874069316 "LDA" 6 5000 4.3989898989899
1256.986 37.46 0 0 1281.19421494964 21.0737396420878 "LDA" 6 5000 4.43434343434343
1305.446 37.839 0 0 1319.07632813399 21.1594139758123 "LDA" 6 5000 4.46969696969697
1368.372 38.336 0 0 1381.7332203824 21.5742567091558 "LDA" 6 5000 4.50505050505051
1417.682 38.521 0 0 1413.12528033927 21.5755199719975 "LDA" 6 5000 4.54040404040404
1454.798 38.884 0 0 1446.34540142257 21.7952650265505 "LDA" 6 5000 4.57575757575758
1520.015 39.232 0 0 1497.83809396434 21.9040627273564 "LDA" 6 5000 4.61111111111111
1545.043 39.652 0 0 1511.63099975835 22.5447812844384 "LDA" 6 5000 4.64646464646465
1603.112 40.107 0 0 1559.7006422867 22.958236683849 "LDA" 6 5000 4.68181818181818
1665.09109109109 40.428 1 0 1609.68321505082 22.948190243142 "LDA" 6 5000 4.71717171717172
1755.31763527054 40.727 2 0 1683.81405970868 22.9305097910901 "LDA" 6 5000 4.75252525252525
1837.72645290581 41.25 2 0 1754.20615722548 23.6747120783335 "LDA" 6 5000 4.78787878787879
1925.31155778894 41.55 5 0 1811.76630232004 23.8036996308581 "LDA" 6 5000 4.82323232323232
1990.1175879397 41.919 5 0 1852.94877159167 24.0112260823553 "LDA" 6 5000 4.85858585858586
2034.92346424975 42.246 7 0 1883.67891644659 24.0132488455877 "LDA" 6 5000 4.89393939393939
2106.75 42.544 8 0 1956.1351137509 24.0485008762375 "LDA" 6 5000 4.92929292929293
2157.33804238143 42.868 9 0 1989.76244147152 24.2833328901997 "LDA" 6 5000 4.96464646464646
2227.64235055724 43.134 13 0 2061.22578753777 24.2876086087522 "LDA" 6 5000 5
28.326 9.321 0 0 25.6022107872972 5.96066174920944 "uLSIF" 6 5000 1.5
29.487 9.496 0 0 26.3540958746334 5.96972542263224 "uLSIF" 6 5000 1.53535353535354
30.549 9.771 0 0 28.2271211668737 6.12879442640403 "uLSIF" 6 5000 1.57070707070707
32.249 9.973 0 0 30.387800470212 6.2478241257502 "uLSIF" 6 5000 1.60606060606061
33.77 10.163 0 0 31.8628363511527 6.31096341767715 "uLSIF" 6 5000 1.64141414141414
35.51 10.475 0 0 33.1571907630803 6.62610596657496 "uLSIF" 6 5000 1.67676767676768
37.147 10.791 0 0 36.328241522707 6.75136281797238 "uLSIF" 6 5000 1.71212121212121
38.345 10.97 0 0 37.0071006767688 6.83665414072116 "uLSIF" 6 5000 1.74747474747475
40.005 11.164 0 0 38.8780719619618 6.88930813409928 "uLSIF" 6 5000 1.78282828282828
41.854 11.298 0 0 40.6788329657016 6.93868440998301 "uLSIF" 6 5000 1.81818181818182
43.107 11.533 0 0 41.7951718190916 7.02354904882434 "uLSIF" 6 5000 1.85353535353535
44.946 11.765 0 0 43.1099240262558 7.19399253047489 "uLSIF" 6 5000 1.88888888888889
46.433 11.988 0 0 44.5344229313216 7.32307882543152 "uLSIF" 6 5000 1.92424242424242
48.975 12.253 0 0 47.5577976689325 7.42132515572974 "uLSIF" 6 5000 1.95959595959596
50.669 12.49 0 0 48.567811061147 7.49507011815607 "uLSIF" 6 5000 1.99494949494949
52.543 12.735 0 0 50.3290091315154 7.69441219190777 "uLSIF" 6 5000 2.03030303030303
54.342 12.972 0 0 51.8161746171208 7.88919865737043 "uLSIF" 6 5000 2.06565656565657
56.912 13.238 0 0 54.4189643385436 7.95315086042058 "uLSIF" 6 5000 2.1010101010101
59.783 13.462 0 0 57.0805053857716 8.00091060883513 "uLSIF" 6 5000 2.13636363636364
62.298 13.757 0 0 58.7008772420736 8.19897397081941 "uLSIF" 6 5000 2.17171717171717
65.357 14.025 0 0 61.4394527755363 8.41220186040136 "uLSIF" 6 5000 2.20707070707071
68.357 14.223 0 0 63.5602978474965 8.50903488503101 "uLSIF" 6 5000 2.24242424242424
69.955 14.521 0 0 64.6528031871779 8.57782828798398 "uLSIF" 6 5000 2.27777777777778
72.512 14.805 0 0 65.6472041400958 8.68460692244602 "uLSIF" 6 5000 2.31313131313131
74.347 15.176 0 0 66.6495968461907 9.01544798123212 "uLSIF" 6 5000 2.34848484848485
77.738 15.519 0 0 71.4766974214273 9.19696815386588 "uLSIF" 6 5000 2.38383838383838
79.658 15.766 0 0 73.2410491957023 9.22303140557964 "uLSIF" 6 5000 2.41919191919192
82.145 16.038 0 0 76.0079547428043 9.54461396053584 "uLSIF" 6 5000 2.45454545454545
84.949 16.256 0 0 78.6046505627376 9.55278596639324 "uLSIF" 6 5000 2.48989898989899
88.218 16.455 0 0 82.5040083110353 9.57954814919486 "uLSIF" 6 5000 2.52525252525253
90.846 16.712 0 0 84.2408737419598 9.68229326155755 "uLSIF" 6 5000 2.56060606060606
94.156 16.955 0 0 88.7524797775626 9.74730655027249 "uLSIF" 6 5000 2.5959595959596
96.735 17.208 0 0 90.8291071281762 9.86803496721177 "uLSIF" 6 5000 2.63131313131313
100.931 17.552 0 0 97.8504110463617 10.0808193575185 "uLSIF" 6 5000 2.66666666666667
102.341 17.789 0 0 98.3163100193239 10.1592169328491 "uLSIF" 6 5000 2.7020202020202
106.973 18.06 0 0 102.207155197538 10.2769653116091 "uLSIF" 6 5000 2.73737373737374
109.59 18.347 0 0 103.43617811454 10.4172506022515 "uLSIF" 6 5000 2.77272727272727
113.681 18.517 0 0 107.275371098143 10.474895437876 "uLSIF" 6 5000 2.80808080808081
116.088 18.817 0 0 108.981738265066 10.759148213045 "uLSIF" 6 5000 2.84343434343434
121.37 19.147 0 0 113.646190242157 10.8928437538159 "uLSIF" 6 5000 2.87878787878788
124.905 19.371 0 0 115.417369334707 10.8912799513638 "uLSIF" 6 5000 2.91414141414141
127.468 19.669 0 0 116.804187400085 11.0426164643339 "uLSIF" 6 5000 2.94949494949495
131.566 19.909 0 0 120.854927733864 11.1198187651314 "uLSIF" 6 5000 2.98484848484848
134.975 20.18 0 0 125.182143071382 11.1701554318806 "uLSIF" 6 5000 3.02020202020202
139.066 20.508 0 0 128.535384190459 11.2529358198012 "uLSIF" 6 5000 3.05555555555556
143.126 20.74 0 0 130.160515840572 11.3942190705738 "uLSIF" 6 5000 3.09090909090909
146.325 20.997 0 0 132.876331581266 11.5896208009715 "uLSIF" 6 5000 3.12626262626263
149.046 21.265 0 0 134.860146608044 11.6712893029859 "uLSIF" 6 5000 3.16161616161616
151.449 21.503 0 0 136.307950084565 11.7747456718027 "uLSIF" 6 5000 3.1969696969697
156.678 21.828 0 0 140.545798362802 11.9626720059325 "uLSIF" 6 5000 3.23232323232323
162.842 22.037 0 0 144.893357753629 12.0304764395831 "uLSIF" 6 5000 3.26767676767677
165.888 22.189 0 0 145.662132735014 12.0343718201286 "uLSIF" 6 5000 3.3030303030303
169.439 22.525 0 0 147.342988415585 12.465021129214 "uLSIF" 6 5000 3.33838383838384
176.743 22.869 0 0 156.619330114662 12.8162434080777 "uLSIF" 6 5000 3.37373737373737
181.702 23.245 0 0 162.961724707735 13.0413592869782 "uLSIF" 6 5000 3.40909090909091
187.023 23.486 0 0 166.920324903428 13.1208979098979 "uLSIF" 6 5000 3.44444444444444
192.264 23.788 0 0 171.218538984808 13.1956500855843 "uLSIF" 6 5000 3.47979797979798
198.221 23.965 0 0 174.979410082881 13.1984838134907 "uLSIF" 6 5000 3.51515151515152
202.825 24.229 0 0 180.560240294965 13.3498605902001 "uLSIF" 6 5000 3.55050505050505
206.931 24.48 0 0 184.010429261705 13.3992215870602 "uLSIF" 6 5000 3.58585858585859
211.432 24.79 0 0 187.2733207712 13.5060102292391 "uLSIF" 6 5000 3.62121212121212
218.657 25.151 0 0 196.369881808493 13.6597506488145 "uLSIF" 6 5000 3.65656565656566
224.996 25.471 0 0 204.269503387104 13.8563038417955 "uLSIF" 6 5000 3.69191919191919
227.644 25.759 0 0 205.670770236633 14.1049590169156 "uLSIF" 6 5000 3.72727272727273
238.65 25.98 0 0 219.145344879106 14.1357496942829 "uLSIF" 6 5000 3.76262626262626
244.901 26.235 0 0 226.477374587839 14.2030102619304 "uLSIF" 6 5000 3.7979797979798
250.988 26.459 0 0 233.625256803747 14.2426532700959 "uLSIF" 6 5000 3.83333333333333
258.35 26.78 0 0 238.334485181702 14.4759508548887 "uLSIF" 6 5000 3.86868686868687
267.91 27.082 0 0 257.440088757169 14.6189257125477 "uLSIF" 6 5000 3.9040404040404
275.56 27.275 0 0 262.576127290016 14.6896957818112 "uLSIF" 6 5000 3.93939393939394
286.613 27.536 0 0 275.013417146529 14.8278308787418 "uLSIF" 6 5000 3.97474747474747
293.27 27.765 0 0 282.931959300454 14.8692592239785 "uLSIF" 6 5000 4.01010101010101
300.417 28.028 0 0 293.576048081254 15.0280756938159 "uLSIF" 6 5000 4.04545454545454
307.538 28.276 0 0 297.640787854411 15.1669331065928 "uLSIF" 6 5000 4.08080808080808
315.913 28.738 0 0 304.830778029769 15.838440965329 "uLSIF" 6 5000 4.11616161616162
327.99 29.107 0 0 316.940163070203 16.0749480545025 "uLSIF" 6 5000 4.15151515151515
333.767 29.338 0 0 322.435533687564 16.1932077111354 "uLSIF" 6 5000 4.18686868686869
341.394 29.65 0 0 329.203939827576 16.4407968115843 "uLSIF" 6 5000 4.22222222222222
350.504 29.898 0 0 340.648750996618 16.4428696997806 "uLSIF" 6 5000 4.25757575757576
359.491 30.217 0 0 349.761520239205 16.6527242283124 "uLSIF" 6 5000 4.29292929292929
371.07 30.402 0 0 358.345669317656 16.6455841432937 "uLSIF" 6 5000 4.32828282828283
379.573 30.655 0 0 365.991139489995 16.725181813861 "uLSIF" 6 5000 4.36363636363636
393.904 31.07 0 0 379.627894288766 17.0613067549994 "uLSIF" 6 5000 4.3989898989899
408.988 31.355 0 0 403.809065794241 17.1475658334941 "uLSIF" 6 5000 4.43434343434343
426.278 31.589 0 0 423.672995981008 17.2563571144335 "uLSIF" 6 5000 4.46969696969697
433.435 31.886 0 0 431.52134877599 17.5361489649387 "uLSIF" 6 5000 4.50505050505051
441.193 32.053 0 0 434.111225732884 17.5523296253026 "uLSIF" 6 5000 4.54040404040404
452.976 32.439 0 0 445.114075225626 17.9415768309026 "uLSIF" 6 5000 4.57575757575758
462.599 32.791 0 0 453.589483584682 18.3416939440374 "uLSIF" 6 5000 4.61111111111111
470.284 32.97 0 0 458.387428250796 18.3816480486649 "uLSIF" 6 5000 4.64646464646465
481.702 33.225 0 0 462.335368741338 18.3883796868432 "uLSIF" 6 5000 4.68181818181818
495.312 33.509 0 0 477.400391484747 18.4036576150942 "uLSIF" 6 5000 4.71717171717172
512.302 33.807 0 0 499.986907532291 18.6183348716633 "uLSIF" 6 5000 4.75252525252525
527.709 33.987 0 0 518.408747947938 18.6118035190099 "uLSIF" 6 5000 4.78787878787879
538.923 34.284 0 0 524.882507536418 18.6293960824928 "uLSIF" 6 5000 4.82323232323232
558.002 34.529 0 0 543.79834924413 18.7436518182419 "uLSIF" 6 5000 4.85858585858586
565.874 34.776 0 0 545.894727193052 18.7423878174874 "uLSIF" 6 5000 4.89393939393939
576.401 35.124 0 0 555.36097270965 18.9404689848315 "uLSIF" 6 5000 4.92929292929293
583.1 35.32 0 0 557.020658516373 19.0141299337397 "uLSIF" 6 5000 4.96464646464646
598.446 35.587 0 0 567.735234401019 19.1465668468794 "uLSIF" 6 5000 5
