137.51 14.505 0 0 "KDE LDA" 93 600 2.3
137.985 14.705 0 0 "KDE LDA" 93 600 2.31010101010101
139.79 14.705 0 0 "KDE LDA" 93 600 2.32020202020202
139.795 14.74 0 0 "KDE LDA" 93 600 2.33030303030303
139.795 14.75 0 0 "KDE LDA" 93 600 2.34040404040404
139.8 14.83 0 0 "KDE LDA" 93 600 2.35050505050505
139.815 14.845 0 0 "KDE LDA" 93 600 2.36060606060606
139.94 14.875 0 0 "KDE LDA" 93 600 2.37070707070707
139.97 14.89 0 0 "KDE LDA" 93 600 2.38080808080808
142.545 14.905 0 0 "KDE LDA" 93 600 2.39090909090909
144.31 15 0 0 "KDE LDA" 93 600 2.4010101010101
144.88 15 0 0 "KDE LDA" 93 600 2.41111111111111
145.445 15.165 0 0 "KDE LDA" 93 600 2.42121212121212
146.71 15.18 0 0 "KDE LDA" 93 600 2.43131313131313
149.225 15.22 0 0 "KDE LDA" 93 600 2.44141414141414
149.225 15.23 0 0 "KDE LDA" 93 600 2.45151515151515
155.29 15.345 0 0 "KDE LDA" 93 600 2.46161616161616
157.245 15.395 0 0 "KDE LDA" 93 600 2.47171717171717
158.94 15.43 0 0 "KDE LDA" 93 600 2.48181818181818
159.75 15.435 0 0 "KDE LDA" 93 600 2.49191919191919
161.515 15.495 0 0 "KDE LDA" 93 600 2.5020202020202
161.545 15.515 0 0 "KDE LDA" 93 600 2.51212121212121
161.56 15.69 0 0 "KDE LDA" 93 600 2.52222222222222
165.45 15.86 0 0 "KDE LDA" 93 600 2.53232323232323
167.84 15.97 0 0 "KDE LDA" 93 600 2.54242424242424
170.73 16.01 0 0 "KDE LDA" 93 600 2.55252525252525
172.35 16.01 0 0 "KDE LDA" 93 600 2.56262626262626
172.395 16.015 0 0 "KDE LDA" 93 600 2.57272727272727
174.465 16.035 0 0 "KDE LDA" 93 600 2.58282828282828
174.465 16.07 0 0 "KDE LDA" 93 600 2.59292929292929
174.585 16.08 0 0 "KDE LDA" 93 600 2.6030303030303
176.295 16.085 0 0 "KDE LDA" 93 600 2.61313131313131
179.935 16.1 0 0 "KDE LDA" 93 600 2.62323232323232
183.255 16.11 0 0 "KDE LDA" 93 600 2.63333333333333
184.11 16.12 0 0 "KDE LDA" 93 600 2.64343434343434
185.445 16.345 0 0 "KDE LDA" 93 600 2.65353535353535
188.005 16.555 0 0 "KDE LDA" 93 600 2.66363636363636
193.58 16.68 0 0 "KDE LDA" 93 600 2.67373737373737
193.67 16.78 0 0 "KDE LDA" 93 600 2.68383838383838
194.89 16.835 0 0 "KDE LDA" 93 600 2.69393939393939
201.695 16.9 0 0 "KDE LDA" 93 600 2.7040404040404
202.705 16.945 0 0 "KDE LDA" 93 600 2.71414141414141
204.925 16.98 0 0 "KDE LDA" 93 600 2.72424242424242
213.83 16.99 0 0 "KDE LDA" 93 600 2.73434343434343
213.89 17.035 0 0 "KDE LDA" 93 600 2.74444444444444
218.515 17.045 0 0 "KDE LDA" 93 600 2.75454545454545
219.87 17.07 0 0 "KDE LDA" 93 600 2.76464646464646
221.155 17.235 0 0 "KDE LDA" 93 600 2.77474747474747
225.97 17.335 0 0 "KDE LDA" 93 600 2.78484848484848
230.185 17.92 0 0 "KDE LDA" 93 600 2.79494949494949
267.45 18.545 0 0 "KDE LDA" 93 600 2.80505050505051
267.775 18.635 0 0 "KDE LDA" 93 600 2.81515151515151
269.035 18.815 0 0 "KDE LDA" 93 600 2.82525252525252
271.555 18.845 0 0 "KDE LDA" 93 600 2.83535353535354
271.555 18.87 0 0 "KDE LDA" 93 600 2.84545454545455
277.35 18.89 0 0 "KDE LDA" 93 600 2.85555555555556
277.355 18.9 0 0 "KDE LDA" 93 600 2.86565656565657
277.455 18.9 0 0 "KDE LDA" 93 600 2.87575757575758
280.01 18.93 0 0 "KDE LDA" 93 600 2.88585858585859
280.01 18.975 0 0 "KDE LDA" 93 600 2.8959595959596
280.265 19.015 0 0 "KDE LDA" 93 600 2.90606060606061
280.555 19.02 0 0 "KDE LDA" 93 600 2.91616161616162
280.565 19.025 0 0 "KDE LDA" 93 600 2.92626262626263
281.79 19.1 0 0 "KDE LDA" 93 600 2.93636363636364
288.685 19.19 0 0 "KDE LDA" 93 600 2.94646464646465
292.085 19.2 0 0 "KDE LDA" 93 600 2.95656565656566
298.925 19.265 0 0 "KDE LDA" 93 600 2.96666666666667
300.465 19.275 0 0 "KDE LDA" 93 600 2.97676767676768
301.605 19.29 0 0 "KDE LDA" 93 600 2.98686868686869
307.685 19.31 0 0 "KDE LDA" 93 600 2.9969696969697
310.375 19.355 0 0 "KDE LDA" 93 600 3.00707070707071
310.385 19.485 0 0 "KDE LDA" 93 600 3.01717171717172
311.53 19.5 0 0 "KDE LDA" 93 600 3.02727272727273
311.535 19.84 0 0 "KDE LDA" 93 600 3.03737373737374
311.855 19.9 0 0 "KDE LDA" 93 600 3.04747474747475
312.35 19.92 0 0 "KDE LDA" 93 600 3.05757575757576
315.375 19.945 0 0 "KDE LDA" 93 600 3.06767676767677
320.825 19.985 0 0 "KDE LDA" 93 600 3.07777777777778
323.405 20.035 0 0 "KDE LDA" 93 600 3.08787878787879
339.7 20.15 0 0 "KDE LDA" 93 600 3.0979797979798
339.77 20.415 0 0 "KDE LDA" 93 600 3.10808080808081
341.96 20.445 0 0 "KDE LDA" 93 600 3.11818181818182
344.76 20.545 0 0 "KDE LDA" 93 600 3.12828282828283
345.82 20.555 0 0 "KDE LDA" 93 600 3.13838383838384
345.87 20.605 0 0 "KDE LDA" 93 600 3.14848484848485
345.9 20.625 0 0 "KDE LDA" 93 600 3.15858585858586
348.97 20.635 0 0 "KDE LDA" 93 600 3.16868686868687
351.82 20.645 0 0 "KDE LDA" 93 600 3.17878787878788
355.23 20.7 0 0 "KDE LDA" 93 600 3.18888888888889
358.36 20.775 0 0 "KDE LDA" 93 600 3.1989898989899
371.67 20.83 0 0 "KDE LDA" 93 600 3.20909090909091
383.69 20.92 0 0 "KDE LDA" 93 600 3.21919191919192
413.47 21.145 0 0 "KDE LDA" 93 600 3.22929292929293
419.51 21.165 0 0 "KDE LDA" 93 600 3.23939393939394
427.12 21.195 0 0 "KDE LDA" 93 600 3.24949494949495
441.195 21.21 0 0 "KDE LDA" 93 600 3.25959595959596
443.285 21.21 0 0 "KDE LDA" 93 600 3.26969696969697
445.025 21.245 0 0 "KDE LDA" 93 600 3.27979797979798
447.505 21.245 0 0 "KDE LDA" 93 600 3.28989898989899
447.515 21.3 0 0 "KDE LDA" 93 600 3.3
805.274111675127 29.475 3 0 "KDE QDA" 93 600 4.5
864.177664974619 29.81 3 0 "KDE QDA" 93 600 4.51010101010101
881.228426395939 29.815 3 0 "KDE QDA" 93 600 4.52020202020202
894.177664974619 29.86 3 0 "KDE QDA" 93 600 4.53030303030303
894.177664974619 29.87 3 0 "KDE QDA" 93 600 4.54040404040404
894.182741116751 29.87 3 0 "KDE QDA" 93 600 4.55050505050505
894.218274111675 30.015 3 0 "KDE QDA" 93 600 4.56060606060606
898.624365482234 30.025 3 0 "KDE QDA" 93 600 4.57070707070707
903.883248730965 30.025 3 0 "KDE QDA" 93 600 4.58080808080808
906.51269035533 30.03 3 0 "KDE QDA" 93 600 4.59090909090909
906.517766497462 30.325 3 0 "KDE QDA" 93 600 4.6010101010101
908.522842639594 30.335 3 0 "KDE QDA" 93 600 4.61111111111111
914.944162436548 30.38 3 0 "KDE QDA" 93 600 4.62121212121212
924.847715736041 30.41 3 0 "KDE QDA" 93 600 4.63131313131313
942.615384615385 31.3 5 0 "KDE QDA" 93 600 4.64141414141414
942.676923076923 31.345 5 0 "KDE QDA" 93 600 4.65151515151515
953.605128205128 31.545 5 0 "KDE QDA" 93 600 4.66161616161616
967.584615384615 31.585 5 0 "KDE QDA" 93 600 4.67171717171717
977.659793814433 31.66 6 0 "KDE QDA" 93 600 4.68181818181818
1007.35051546392 31.66 6 0 "KDE QDA" 93 600 4.69191919191919
1023.12371134021 31.7 6 0 "KDE QDA" 93 600 4.7020202020202
1023.19072164948 31.855 6 0 "KDE QDA" 93 600 4.71212121212121
1034.14432989691 31.86 6 0 "KDE QDA" 93 600 4.72222222222222
1034.14948453608 31.895 6 0 "KDE QDA" 93 600 4.73232323232323
1034.34020618557 31.9 6 0 "KDE QDA" 93 600 4.74242424242424
1037.61139896373 31.955 7 0 "KDE QDA" 93 600 4.75252525252525
1044.82383419689 32.08 7 0 "KDE QDA" 93 600 4.76262626262626
1116.22513089005 32.27 9 0 "KDE QDA" 93 600 4.77272727272727
1118.08376963351 32.275 9 0 "KDE QDA" 93 600 4.78282828282828
1118.10471204188 32.295 9 0 "KDE QDA" 93 600 4.79292929292929
1130.72251308901 32.485 9 0 "KDE QDA" 93 600 4.8030303030303
1135.21989528796 32.51 9 0 "KDE QDA" 93 600 4.81313131313131
1144.98952879581 32.6 9 0 "KDE QDA" 93 600 4.82323232323232
1144.99476439791 32.6 9 0 "KDE QDA" 93 600 4.83333333333333
1150.40314136126 32.61 9 0 "KDE QDA" 93 600 4.84343434343434
1150.40837696335 32.625 9 0 "KDE QDA" 93 600 4.85353535353535
1150.41884816754 32.625 9 0 "KDE QDA" 93 600 4.86363636363636
1161.85340314136 32.665 9 0 "KDE QDA" 93 600 4.87373737373737
1176.03141361257 32.71 9 0 "KDE QDA" 93 600 4.88383838383838
1162.30526315789 32.72 10 0 "KDE QDA" 93 600 4.89393939393939
1199.43386243386 33.19 11 0 "KDE QDA" 93 600 4.9040404040404
1217.53439153439 33.24 11 0 "KDE QDA" 93 600 4.91414141414141
1218.34920634921 33.245 11 0 "KDE QDA" 93 600 4.92424242424242
1246.21693121693 33.58 11 0 "KDE QDA" 93 600 4.93434343434343
1246.49206349206 33.73 11 0 "KDE QDA" 93 600 4.94444444444444
1246.5 33.82 12 0 "KDE QDA" 93 600 4.95454545454546
1254.20212765957 33.89 12 0 "KDE QDA" 93 600 4.96464646464646
1242.21390374332 33.91 13 0 "KDE QDA" 93 600 4.97474747474747
1242.2192513369 33.915 13 0 "KDE QDA" 93 600 4.98484848484848
1242.25668449198 34.13 13 0 "KDE QDA" 93 600 4.99494949494949
1261.14973262032 34.205 13 0 "KDE QDA" 93 600 5.00505050505051
1261.01612903226 34.225 14 0 "KDE QDA" 93 600 5.01515151515152
1262.45698924731 34.235 14 0 "KDE QDA" 93 600 5.02525252525253
1262.48387096774 34.295 14 0 "KDE QDA" 93 600 5.03535353535354
1284.88524590164 34.43 17 0 "KDE QDA" 93 600 5.04545454545455
1295.72677595628 34.52 17 0 "KDE QDA" 93 600 5.05555555555556
1325.93922651934 34.75 19 0 "KDE QDA" 93 600 5.06565656565657
1327.63535911602 34.79 19 0 "KDE QDA" 93 600 5.07575757575758
1327.69613259669 34.79 19 0 "KDE QDA" 93 600 5.08585858585859
1340.55801104972 34.84 19 0 "KDE QDA" 93 600 5.0959595959596
1340.58563535912 34.845 19 0 "KDE QDA" 93 600 5.10606060606061
1332.59444444444 34.875 20 0 "KDE QDA" 93 600 5.11616161616162
1337.7 34.925 20 0 "KDE QDA" 93 600 5.12626262626263
1337.73888888889 35.01 20 0 "KDE QDA" 93 600 5.13636363636364
1335.86516853933 35.02 22 0 "KDE QDA" 93 600 5.14646464646465
1336.30508474576 35.045 23 0 "KDE QDA" 93 600 5.15656565656566
1332.39204545455 35.065 24 0 "KDE QDA" 93 600 5.16666666666667
1344.34659090909 35.065 24 0 "KDE QDA" 93 600 5.17676767676768
1339.41142857143 35.1 25 0 "KDE QDA" 93 600 5.18686868686869
1350.31609195402 35.215 26 0 "KDE QDA" 93 600 5.1969696969697
1354 35.225 26 0 "KDE QDA" 93 600 5.20707070707071
1369.48850574713 35.26 26 0 "KDE QDA" 93 600 5.21717171717172
1395.8901734104 35.425 27 0 "KDE QDA" 93 600 5.22727272727273
1399.38150289017 35.505 27 0 "KDE QDA" 93 600 5.23737373737374
1406.07514450867 35.53 27 0 "KDE QDA" 93 600 5.24747474747475
1406.08092485549 35.53 27 0 "KDE QDA" 93 600 5.25757575757576
1410.53757225434 35.535 27 0 "KDE QDA" 93 600 5.26767676767677
1415.9011627907 35.645 28 0 "KDE QDA" 93 600 5.27777777777778
1415.92441860465 35.675 28 0 "KDE QDA" 93 600 5.28787878787879
1415.93604651163 35.68 28 0 "KDE QDA" 93 600 5.2979797979798
1402.42941176471 35.685 30 0 "KDE QDA" 93 600 5.30808080808081
1414.94117647059 35.69 30 0 "KDE QDA" 93 600 5.31818181818182
1425.6 35.7 30 0 "KDE QDA" 93 600 5.32828282828283
1480.56213017751 36.16 31 0 "KDE QDA" 93 600 5.33838383838384
1463.06586826347 36.19 33 0 "KDE QDA" 93 600 5.34848484848485
1473.43373493976 36.345 34 0 "KDE QDA" 93 600 5.35858585858586
1481.16265060241 36.385 34 0 "KDE QDA" 93 600 5.36868686868687
1506.56024096386 36.39 34 0 "KDE QDA" 93 600 5.37878787878788
1534.45180722892 36.54 34 0 "KDE QDA" 93 600 5.38888888888889
1534.4578313253 36.57 34 0 "KDE QDA" 93 600 5.3989898989899
1538.81927710843 36.575 34 0 "KDE QDA" 93 600 5.40909090909091
1550.3734939759 36.575 34 0 "KDE QDA" 93 600 5.41919191919192
1550.38554216867 36.575 34 0 "KDE QDA" 93 600 5.42929292929293
1550.42168674699 36.605 34 0 "KDE QDA" 93 600 5.43939393939394
1550.44578313253 36.665 34 0 "KDE QDA" 93 600 5.44949494949495
1554.6265060241 36.68 34 0 "KDE QDA" 93 600 5.45959595959596
1583.29696969697 36.83 35 0 "KDE QDA" 93 600 5.46969696969697
1588.84146341463 36.94 36 0 "KDE QDA" 93 600 5.47979797979798
1620.24539877301 37.075 37 0 "KDE QDA" 93 600 5.48989898989899
1633.69938650307 37.09 37 0 "KDE QDA" 93 600 5.5
