46.201 0 40.0426774206598 "LDA" 23 3 1 1.5
48.718 0 43.2305373012568 "LDA" 23 3 1 1.53535353535354
51.606 0 46.8019143110961 "LDA" 23 3 1 1.57070707070707
54.044 0 48.1993282031943 "LDA" 23 3 1 1.60606060606061
56.721 0 51.8775137746156 "LDA" 23 3 1 1.64141414141414
59.582 0 54.628779773848 "LDA" 23 3 1 1.67676767676768
62.388 0 56.4539857628185 "LDA" 23 3 1 1.71212121212121
64.793 0 58.2181888116464 "LDA" 23 3 1 1.74747474747475
68.664 0 62.6951017207866 "LDA" 23 3 1 1.78282828282828
72.208 0 67.5034477004801 "LDA" 23 3 1 1.81818181818182
74.5 0 69.7382206499379 "LDA" 23 3 1 1.85353535353535
77.077 0 71.9956001255454 "LDA" 23 3 1 1.88888888888889
81.158 0 75.6554610374214 "LDA" 23 3 1 1.92424242424242
85.227 0 80.2387420559839 "LDA" 23 3 1 1.95959595959596
88.76 0 83.5921530291453 "LDA" 23 3 1 1.99494949494949
94.632 0 90.9642296018994 "LDA" 23 3 1 2.03030303030303
97.922 0 95.1881436876395 "LDA" 23 3 1 2.06565656565657
101.846 0 98.3587959296815 "LDA" 23 3 1 2.1010101010101
107.058 0 101.900904953933 "LDA" 23 3 1 2.13636363636364
111.011 0 104.988921094335 "LDA" 23 3 1 2.17171717171717
115.826 0 109.367394368481 "LDA" 23 3 1 2.20707070707071
119.351 0 111.349389246127 "LDA" 23 3 1 2.24242424242424
124.78 0 116.496485058696 "LDA" 23 3 1 2.27777777777778
130.183 0 120.237883629327 "LDA" 23 3 1 2.31313131313131
136.906 0 127.241304274648 "LDA" 23 3 1 2.34848484848485
144.501 0 136.242636700319 "LDA" 23 3 1 2.38383838383838
150.358 0 142.777109997153 "LDA" 23 3 1 2.41919191919192
158.136 0 154.839538835489 "LDA" 23 3 1 2.45454545454545
167.009 0 164.503520714079 "LDA" 23 3 1 2.48989898989899
173.771 0 171.880852879507 "LDA" 23 3 1 2.52525252525253
179.358 0 180.267435173922 "LDA" 23 3 1 2.56060606060606
187.297 0 187.151383728338 "LDA" 23 3 1 2.5959595959596
196.221 0 195.959813246001 "LDA" 23 3 1 2.63131313131313
208.691 0 208.566103042509 "LDA" 23 3 1 2.66666666666667
218.424 0 218.213026992316 "LDA" 23 3 1 2.7020202020202
228.031 0 226.58000471696 "LDA" 23 3 1 2.73737373737374
242.815 0 244.811043913918 "LDA" 23 3 1 2.77272727272727
251.526 0 251.545173474464 "LDA" 23 3 1 2.80808080808081
259.963963963964 1 256.509252652014 "LDA" 23 3 1 2.84343434343434
271.093186372745 2 268.036866155615 "LDA" 23 3 1 2.87878787878788
278.122244488978 2 273.382690330403 "LDA" 23 3 1 2.91414141414141
289.687374749499 2 282.008376887685 "LDA" 23 3 1 2.94949494949495
301.818455366098 3 294.311752690081 "LDA" 23 3 1 2.98484848484848
315.610832497492 3 310.017053234486 "LDA" 23 3 1 3.02020202020202
328.768072289157 4 321.127043888054 "LDA" 23 3 1 3.05555555555556
341.022088353414 4 330.088380907458 "LDA" 23 3 1 3.09090909090909
356.931726907631 4 339.374661934632 "LDA" 23 3 1 3.12626262626263
365.173869346734 5 341.740289508632 "LDA" 23 3 1 3.16161616161616
379.364185110664 6 351.068689487053 "LDA" 23 3 1 3.1969696969697
393.98689516129 8 354.668044267108 "LDA" 23 3 1 3.23232323232323
407.795156407669 9 365.292274590506 "LDA" 23 3 1 3.26767676767677
419.786074672048 9 372.576590523196 "LDA" 23 3 1 3.3030303030303
436.102123356926 11 383.529887730977 "LDA" 23 3 1 3.33838383838384
448.290485829959 12 394.443480362103 "LDA" 23 3 1 3.37373737373737
461.300202839757 14 405.804740548623 "LDA" 23 3 1 3.40909090909091
477.025432349949 17 417.015746409844 "LDA" 23 3 1 3.44444444444444
489.612870275792 21 420.621694270561 "LDA" 23 3 1 3.47979797979798
498.683401639344 24 423.222488825073 "LDA" 23 3 1 3.51515151515152
514.350877192982 31 431.215582770528 "LDA" 23 3 1 3.55050505050505
523.310950413223 32 435.884503411509 "LDA" 23 3 1 3.58585858585859
534.295525494277 39 445.365477340848 "LDA" 23 3 1 3.62121212121212
545.193110647182 42 450.854251605474 "LDA" 23 3 1 3.65656565656566
559.998950682057 47 456.138488155789 "LDA" 23 3 1 3.69191919191919
577.051851851852 55 469.673740054384 "LDA" 23 3 1 3.72727272727273
595.814696485623 61 481.672802263632 "LDA" 23 3 1 3.76262626262626
609.639186295503 66 491.741932298308 "LDA" 23 3 1 3.7979797979798
623.234594594595 75 500.549693608553 "LDA" 23 3 1 3.83333333333333
630.021810250818 83 502.449064923571 "LDA" 23 3 1 3.86868686868687
646.223568281938 92 507.406201775741 "LDA" 23 3 1 3.9040404040404
662.819690265487 96 514.215948458929 "LDA" 23 3 1 3.93939393939394
673.615212527964 106 518.308787875672 "LDA" 23 3 1 3.97474747474747
687.422773393461 113 524.747212558591 "LDA" 23 3 1 4.01010101010101
697.220068415051 123 526.794604562239 "LDA" 23 3 1 4.04545454545454
709.369088811995 133 531.575230990636 "LDA" 23 3 1 4.08080808080808
719.576470588235 150 536.464998281279 "LDA" 23 3 1 4.11616161616162
720.587529976019 166 536.756255150652 "LDA" 23 3 1 4.15151515151515
732.309378806334 179 538.851232261272 "LDA" 23 3 1 4.18686868686869
740.018427518428 186 539.922358688308 "LDA" 23 3 1 4.22222222222222
757.812265331665 201 541.504557010287 "LDA" 23 3 1 4.25757575757576
769.787723785166 218 542.746228292205 "LDA" 23 3 1 4.29292929292929
788.181937172775 236 549.589881301271 "LDA" 23 3 1 4.32828282828283
787.483266398929 253 547.554218967298 "LDA" 23 3 1 4.36363636363636
800.25340599455 266 552.057212847674 "LDA" 23 3 1 4.3989898989899
809.714876033058 274 557.530879280074 "LDA" 23 3 1 4.43434343434343
804.357344632768 292 556.566861460096 "LDA" 23 3 1 4.46969696969697
817.9556509299 301 558.131114020011 "LDA" 23 3 1 4.50505050505051
824.59479015919 309 559.577620914106 "LDA" 23 3 1 4.54040404040404
830.146017699115 322 557.288328833322 "LDA" 23 3 1 4.57575757575758
846.042424242424 340 560.543791918845 "LDA" 23 3 1 4.61111111111111
859.774343122102 353 563.743243290938 "LDA" 23 3 1 4.64646464646465
859.543581616482 369 561.793099450048 "LDA" 23 3 1 4.68181818181818
868.772727272727 384 559.615446043183 "LDA" 23 3 1 4.71717171717172
876.088962108731 393 558.208312483331 "LDA" 23 3 1 4.75252525252525
878.589614740368 403 557.538614029177 "LDA" 23 3 1 4.78787878787879
884.241025641026 415 560.644942667525 "LDA" 23 3 1 4.82323232323232
891.482578397213 426 556.745870141256 "LDA" 23 3 1 4.85858585858586
895.635231316726 438 558.543369474239 "LDA" 23 3 1 4.89393939393939
908.734657039711 446 556.96046394595 "LDA" 23 3 1 4.92929292929293
917.085027726432 459 557.581191710669 "LDA" 23 3 1 4.96464646464646
912.163498098859 474 555.458883548272 "LDA" 23 3 1 5
26.911 0 21.3076299501867 "uLSIF" 23 3 1 1.5
28.073 0 22.4291046574698 "uLSIF" 23 3 1 1.53535353535354
29.057 0 23.3570825298089 "uLSIF" 23 3 1 1.57070707070707
30.322 0 24.4601843128096 "uLSIF" 23 3 1 1.60606060606061
31.379 0 25.555046848312 "uLSIF" 23 3 1 1.64141414141414
32.206 0 25.8471592179806 "uLSIF" 23 3 1 1.67676767676768
33.171 0 26.5339746515823 "uLSIF" 23 3 1 1.71212121212121
34.668 0 29.2409440478383 "uLSIF" 23 3 1 1.74747474747475
36.024 0 31.0277318562628 "uLSIF" 23 3 1 1.78282828282828
37.163 0 31.8902715639177 "uLSIF" 23 3 1 1.81818181818182
38.589 0 33.1038357738638 "uLSIF" 23 3 1 1.85353535353535
39.992 0 34.1297051375012 "uLSIF" 23 3 1 1.88888888888889
40.943 0 34.9287240930265 "uLSIF" 23 3 1 1.92424242424242
41.937 0 35.6428034873863 "uLSIF" 23 3 1 1.95959595959596
42.692 0 36.2234354151187 "uLSIF" 23 3 1 1.99494949494949
43.843 0 36.9383647958839 "uLSIF" 23 3 1 2.03030303030303
44.685 0 37.6367413480405 "uLSIF" 23 3 1 2.06565656565657
46.463 0 39.633362643541 "uLSIF" 23 3 1 2.1010101010101
47.907 0 41.137095322976 "uLSIF" 23 3 1 2.13636363636364
49.116 0 41.7931958004555 "uLSIF" 23 3 1 2.17171717171717
50.385 0 42.4808827639022 "uLSIF" 23 3 1 2.20707070707071
51.99 0 43.8839116043419 "uLSIF" 23 3 1 2.24242424242424
53.997 0 45.5475968035041 "uLSIF" 23 3 1 2.27777777777778
56.496 0 48.3040709181666 "uLSIF" 23 3 1 2.31313131313131
58.794 0 50.386231614761 "uLSIF" 23 3 1 2.34848484848485
60.444 0 51.9791948831521 "uLSIF" 23 3 1 2.38383838383838
61.808 0 52.7662525996817 "uLSIF" 23 3 1 2.41919191919192
62.919 0 53.1307944634778 "uLSIF" 23 3 1 2.45454545454545
64.745 0 54.7677046851196 "uLSIF" 23 3 1 2.48989898989899
65.952 0 55.1633455356969 "uLSIF" 23 3 1 2.52525252525253
68.133 0 57.5684065476233 "uLSIF" 23 3 1 2.56060606060606
70.397 0 59.4649768727313 "uLSIF" 23 3 1 2.5959595959596
71.722 0 60.0175709673828 "uLSIF" 23 3 1 2.63131313131313
74.113 0 61.966443104886 "uLSIF" 23 3 1 2.66666666666667
75.869 0 62.7886474870518 "uLSIF" 23 3 1 2.7020202020202
78.997 0 66.5653508736861 "uLSIF" 23 3 1 2.73737373737374
81.325 0 68.2983604564637 "uLSIF" 23 3 1 2.77272727272727
83.412 0 70.7054560661164 "uLSIF" 23 3 1 2.80808080808081
85.72 0 73.1785535570409 "uLSIF" 23 3 1 2.84343434343434
87.636 0 75.202492770645 "uLSIF" 23 3 1 2.87878787878788
89.75 0 77.864140169428 "uLSIF" 23 3 1 2.91414141414141
91.326 0 79.3164599867192 "uLSIF" 23 3 1 2.94949494949495
93.594 0 80.8721427159406 "uLSIF" 23 3 1 2.98484848484848
96.597 0 84.08190267446 "uLSIF" 23 3 1 3.02020202020202
99.76 0 87.0003072032131 "uLSIF" 23 3 1 3.05555555555556
102.449 0 88.8077937076652 "uLSIF" 23 3 1 3.09090909090909
104.418 0 89.9500432811807 "uLSIF" 23 3 1 3.12626262626263
106.894 0 92.9398869516559 "uLSIF" 23 3 1 3.16161616161616
109.479 0 98.29132588252 "uLSIF" 23 3 1 3.1969696969697
111.738 0 102.404423840096 "uLSIF" 23 3 1 3.23232323232323
114.25 0 105.343755423883 "uLSIF" 23 3 1 3.26767676767677
116.305 0 106.275530878295 "uLSIF" 23 3 1 3.3030303030303
117.878 0 107.439118947804 "uLSIF" 23 3 1 3.33838383838384
119.904 0 108.441709634201 "uLSIF" 23 3 1 3.37373737373737
122.578 0 109.242839188269 "uLSIF" 23 3 1 3.40909090909091
124.58 0 111.88957447804 "uLSIF" 23 3 1 3.44444444444444
127.554 0 114.128902958411 "uLSIF" 23 3 1 3.47979797979798
129.668 0 115.821026960938 "uLSIF" 23 3 1 3.51515151515152
131.33 0 116.453684186292 "uLSIF" 23 3 1 3.55050505050505
133.269 0 116.871440363215 "uLSIF" 23 3 1 3.58585858585859
136.922 0 121.299371199745 "uLSIF" 23 3 1 3.62121212121212
139.486 0 122.589240661348 "uLSIF" 23 3 1 3.65656565656566
142.44 0 125.007869221771 "uLSIF" 23 3 1 3.69191919191919
145.976 0 128.527260457386 "uLSIF" 23 3 1 3.72727272727273
149.336 0 131.544977802975 "uLSIF" 23 3 1 3.76262626262626
151.525 0 132.278240492939 "uLSIF" 23 3 1 3.7979797979798
157.141 0 139.537420826138 "uLSIF" 23 3 1 3.83333333333333
160.059 0 142.791824079756 "uLSIF" 23 3 1 3.86868686868687
163.382 0 145.733188526973 "uLSIF" 23 3 1 3.9040404040404
166.087 0 147.875943701894 "uLSIF" 23 3 1 3.93939393939394
169.882 0 151.029659451493 "uLSIF" 23 3 1 3.97474747474747
173.185 0 153.239201994881 "uLSIF" 23 3 1 4.01010101010101
175.721 0 155.727936958496 "uLSIF" 23 3 1 4.04545454545454
178.839 0 158.687330142478 "uLSIF" 23 3 1 4.08080808080808
181.977 0 161.056057087352 "uLSIF" 23 3 1 4.11616161616162
185.374 0 163.141353510461 "uLSIF" 23 3 1 4.15151515151515
188.836 0 166.290305097951 "uLSIF" 23 3 1 4.18686868686869
191.805 0 167.988979615546 "uLSIF" 23 3 1 4.22222222222222
197.129 0 173.636557248216 "uLSIF" 23 3 1 4.25757575757576
200.61 0 179.121887413433 "uLSIF" 23 3 1 4.29292929292929
204.042 0 183.676692488087 "uLSIF" 23 3 1 4.32828282828283
208.685 0 189.714489068079 "uLSIF" 23 3 1 4.36363636363636
212.434 0 192.589497009464 "uLSIF" 23 3 1 4.3989898989899
216.766 0 195.916728761504 "uLSIF" 23 3 1 4.43434343434343
220.569 0 197.381916243256 "uLSIF" 23 3 1 4.46969696969697
224.63 0 204.783410815782 "uLSIF" 23 3 1 4.50505050505051
227.43 0 206.702009716453 "uLSIF" 23 3 1 4.54040404040404
233.031 0 213.303840958309 "uLSIF" 23 3 1 4.57575757575758
237.651 0 218.33320541683 "uLSIF" 23 3 1 4.61111111111111
239.38 0 219.032501781897 "uLSIF" 23 3 1 4.64646464646465
242.158 0 220.327209202847 "uLSIF" 23 3 1 4.68181818181818
244.097097097097 1 217.810896777668 "uLSIF" 23 3 1 4.71717171717172
248.886886886887 1 220.704288549603 "uLSIF" 23 3 1 4.75252525252525
253.881881881882 1 229.206639146688 "uLSIF" 23 3 1 4.78787878787879
259.704704704705 1 234.732175630953 "uLSIF" 23 3 1 4.82323232323232
262.138138138138 1 235.924504196358 "uLSIF" 23 3 1 4.85858585858586
264.249249249249 1 236.108011136392 "uLSIF" 23 3 1 4.89393939393939
268.049049049049 1 240.93112337142 "uLSIF" 23 3 1 4.92929292929293
271.607607607608 1 241.820649729201 "uLSIF" 23 3 1 4.96464646464646
278.069069069069 1 248.474484349963 "uLSIF" 23 3 1 5
