137.04 14.605 0 0 "KDE LDA" 93 5000 2.5
139.51 14.76 0 0 "KDE LDA" 93 5000 2.51010101010101
139.555 14.805 0 0 "KDE LDA" 93 5000 2.52020202020202
141.795 15.03 0 0 "KDE LDA" 93 5000 2.53030303030303
147.65 15.13 0 0 "KDE LDA" 93 5000 2.54040404040404
150.445 15.14 0 0 "KDE LDA" 93 5000 2.55050505050505
150.455 15.15 0 0 "KDE LDA" 93 5000 2.56060606060606
151.185 15.16 0 0 "KDE LDA" 93 5000 2.57070707070707
152.99 15.185 0 0 "KDE LDA" 93 5000 2.58080808080808
155.92 15.185 0 0 "KDE LDA" 93 5000 2.59090909090909
155.95 15.225 0 0 "KDE LDA" 93 5000 2.6010101010101
157.695 15.255 0 0 "KDE LDA" 93 5000 2.61111111111111
157.825 15.29 0 0 "KDE LDA" 93 5000 2.62121212121212
158.855 15.31 0 0 "KDE LDA" 93 5000 2.63131313131313
160.8 15.44 0 0 "KDE LDA" 93 5000 2.64141414141414
163.085 15.51 0 0 "KDE LDA" 93 5000 2.65151515151515
171.25 15.68 0 0 "KDE LDA" 93 5000 2.66161616161616
179.245 15.83 0 0 "KDE LDA" 93 5000 2.67171717171717
187.49 15.85 0 0 "KDE LDA" 93 5000 2.68181818181818
190.11 16.125 0 0 "KDE LDA" 93 5000 2.69191919191919
190.11 16.25 0 0 "KDE LDA" 93 5000 2.7020202020202
190.135 16.3 0 0 "KDE LDA" 93 5000 2.71212121212121
190.14 16.355 0 0 "KDE LDA" 93 5000 2.72222222222222
190.76 16.57 0 0 "KDE LDA" 93 5000 2.73232323232323
192.065 16.705 0 0 "KDE LDA" 93 5000 2.74242424242424
199.945 16.715 0 0 "KDE LDA" 93 5000 2.75252525252525
201.71 16.795 0 0 "KDE LDA" 93 5000 2.76262626262626
202.495 16.885 0 0 "KDE LDA" 93 5000 2.77272727272727
204.63 17.12 0 0 "KDE LDA" 93 5000 2.78282828282828
213.91 17.35 0 0 "KDE LDA" 93 5000 2.79292929292929
252.495 17.615 0 0 "KDE LDA" 93 5000 2.8030303030303
253.675 17.67 0 0 "KDE LDA" 93 5000 2.81313131313131
254.915 17.75 0 0 "KDE LDA" 93 5000 2.82323232323232
254.925 17.76 0 0 "KDE LDA" 93 5000 2.83333333333333
254.925 17.765 0 0 "KDE LDA" 93 5000 2.84343434343434
255.83 17.785 0 0 "KDE LDA" 93 5000 2.85353535353535
255.87 17.805 0 0 "KDE LDA" 93 5000 2.86363636363636
255.87 17.84 0 0 "KDE LDA" 93 5000 2.87373737373737
255.89 17.89 0 0 "KDE LDA" 93 5000 2.88383838383838
255.935 17.905 0 0 "KDE LDA" 93 5000 2.89393939393939
263.78 17.935 0 0 "KDE LDA" 93 5000 2.9040404040404
264.65 17.935 0 0 "KDE LDA" 93 5000 2.91414141414141
266.375 17.985 0 0 "KDE LDA" 93 5000 2.92424242424242
268.56 18.07 0 0 "KDE LDA" 93 5000 2.93434343434343
273.65 18.08 0 0 "KDE LDA" 93 5000 2.94444444444444
275.94 18.105 0 0 "KDE LDA" 93 5000 2.95454545454545
276.19 18.28 0 0 "KDE LDA" 93 5000 2.96464646464646
276.195 18.32 0 0 "KDE LDA" 93 5000 2.97474747474747
276.255 18.35 0 0 "KDE LDA" 93 5000 2.98484848484848
276.265 18.4 0 0 "KDE LDA" 93 5000 2.99494949494949
276.595 18.44 0 0 "KDE LDA" 93 5000 3.00505050505051
276.62 18.465 0 0 "KDE LDA" 93 5000 3.01515151515152
279.755 18.47 0 0 "KDE LDA" 93 5000 3.02525252525253
284.125 18.48 0 0 "KDE LDA" 93 5000 3.03535353535354
290.715 18.515 0 0 "KDE LDA" 93 5000 3.04545454545455
290.725 18.54 0 0 "KDE LDA" 93 5000 3.05555555555556
292.555 18.685 0 0 "KDE LDA" 93 5000 3.06565656565657
292.66 18.71 0 0 "KDE LDA" 93 5000 3.07575757575758
301.09 18.825 0 0 "KDE LDA" 93 5000 3.08585858585859
303.195 18.87 0 0 "KDE LDA" 93 5000 3.0959595959596
303.32 18.91 0 0 "KDE LDA" 93 5000 3.10606060606061
303.935 18.985 0 0 "KDE LDA" 93 5000 3.11616161616162
307.44 19.03 0 0 "KDE LDA" 93 5000 3.12626262626263
307.885 19.175 0 0 "KDE LDA" 93 5000 3.13636363636364
313.515 19.225 0 0 "KDE LDA" 93 5000 3.14646464646465
315.995 19.23 0 0 "KDE LDA" 93 5000 3.15656565656566
315.995 19.27 0 0 "KDE LDA" 93 5000 3.16666666666667
318.86 19.34 0 0 "KDE LDA" 93 5000 3.17676767676768
333.38 19.39 0 0 "KDE LDA" 93 5000 3.18686868686869
340.27 19.55 0 0 "KDE LDA" 93 5000 3.1969696969697
341.16 19.565 0 0 "KDE LDA" 93 5000 3.20707070707071
360.625 19.605 0 0 "KDE LDA" 93 5000 3.21717171717172
385.305 19.84 0 0 "KDE LDA" 93 5000 3.22727272727273
389.195 19.995 0 0 "KDE LDA" 93 5000 3.23737373737374
392.29 20.02 0 0 "KDE LDA" 93 5000 3.24747474747475
395.35 20.035 0 0 "KDE LDA" 93 5000 3.25757575757576
396.715 20.15 0 0 "KDE LDA" 93 5000 3.26767676767677
396.715 20.245 0 0 "KDE LDA" 93 5000 3.27777777777778
402.835 20.255 0 0 "KDE LDA" 93 5000 3.28787878787879
404.515 20.295 0 0 "KDE LDA" 93 5000 3.2979797979798
412.12 20.3 0 0 "KDE LDA" 93 5000 3.30808080808081
415.09 20.54 0 0 "KDE LDA" 93 5000 3.31818181818182
425.335 20.59 0 0 "KDE LDA" 93 5000 3.32828282828283
428.61 20.74 0 0 "KDE LDA" 93 5000 3.33838383838384
430.705 20.82 0 0 "KDE LDA" 93 5000 3.34848484848485
463.945 20.995 0 0 "KDE LDA" 93 5000 3.35858585858586
469.05 21.01 0 0 "KDE LDA" 93 5000 3.36868686868687
477.62 21.02 0 0 "KDE LDA" 93 5000 3.37878787878788
483.165 21.03 0 0 "KDE LDA" 93 5000 3.38888888888889
483.19 21.04 0 0 "KDE LDA" 93 5000 3.3989898989899
483.845 21.045 0 0 "KDE LDA" 93 5000 3.40909090909091
483.845 21.055 0 0 "KDE LDA" 93 5000 3.41919191919192
486.175 21.1 0 0 "KDE LDA" 93 5000 3.42929292929293
486.335 21.115 0 0 "KDE LDA" 93 5000 3.43939393939394
489.825 21.32 0 0 "KDE LDA" 93 5000 3.44949494949495
496.63 21.375 0 0 "KDE LDA" 93 5000 3.45959595959596
496.645 21.375 0 0 "KDE LDA" 93 5000 3.46969696969697
502.825 21.415 0 0 "KDE LDA" 93 5000 3.47979797979798
509.41 21.705 0 0 "KDE LDA" 93 5000 3.48989898989899
510.195 21.815 0 0 "KDE LDA" 93 5000 3.5
109.93 12.775 0 0 "KDE QDA" 93 5000 2.7
109.935 12.775 0 0 "KDE QDA" 93 5000 2.71010101010101
111.555 12.775 0 0 "KDE QDA" 93 5000 2.72020202020202
111.555 12.775 0 0 "KDE QDA" 93 5000 2.73030303030303
111.555 12.775 0 0 "KDE QDA" 93 5000 2.74040404040404
111.555 12.78 0 0 "KDE QDA" 93 5000 2.75050505050505
111.555 12.78 0 0 "KDE QDA" 93 5000 2.76060606060606
111.555 12.78 0 0 "KDE QDA" 93 5000 2.77070707070707
111.555 12.78 0 0 "KDE QDA" 93 5000 2.78080808080808
111.555 12.78 0 0 "KDE QDA" 93 5000 2.79090909090909
135.165 13.785 0 0 "KDE QDA" 93 5000 2.8010101010101
135.165 13.785 0 0 "KDE QDA" 93 5000 2.81111111111111
135.18 13.785 0 0 "KDE QDA" 93 5000 2.82121212121212
143.71 14.22 0 0 "KDE QDA" 93 5000 2.83131313131313
146.505 14.22 0 0 "KDE QDA" 93 5000 2.84141414141414
147.1 14.225 0 0 "KDE QDA" 93 5000 2.85151515151515
147.105 14.225 0 0 "KDE QDA" 93 5000 2.86161616161616
147.11 14.225 0 0 "KDE QDA" 93 5000 2.87171717171717
148.375 14.225 0 0 "KDE QDA" 93 5000 2.88181818181818
148.375 14.225 0 0 "KDE QDA" 93 5000 2.89191919191919
148.39 14.225 0 0 "KDE QDA" 93 5000 2.9020202020202
148.395 14.23 0 0 "KDE QDA" 93 5000 2.91212121212121
148.395 14.23 0 0 "KDE QDA" 93 5000 2.92222222222222
148.395 14.23 0 0 "KDE QDA" 93 5000 2.93232323232323
148.395 14.23 0 0 "KDE QDA" 93 5000 2.94242424242424
148.395 14.23 0 0 "KDE QDA" 93 5000 2.95252525252525
158.97 14.43 0 0 "KDE QDA" 93 5000 2.96262626262626
160.785 14.43 0 0 "KDE QDA" 93 5000 2.97272727272727
160.87 14.445 0 0 "KDE QDA" 93 5000 2.98282828282828
160.95 14.445 0 0 "KDE QDA" 93 5000 2.99292929292929
160.95 14.445 0 0 "KDE QDA" 93 5000 3.0030303030303
161.07 14.445 0 0 "KDE QDA" 93 5000 3.01313131313131
161.07 14.445 0 0 "KDE QDA" 93 5000 3.02323232323232
161.07 14.445 0 0 "KDE QDA" 93 5000 3.03333333333333
161.07 14.445 0 0 "KDE QDA" 93 5000 3.04343434343434
161.07 14.445 0 0 "KDE QDA" 93 5000 3.05353535353535
161.07 14.445 0 0 "KDE QDA" 93 5000 3.06363636363636
161.07 14.445 0 0 "KDE QDA" 93 5000 3.07373737373737
161.07 14.445 0 0 "KDE QDA" 93 5000 3.08383838383838
176.755 14.86 0 0 "KDE QDA" 93 5000 3.09393939393939
176.755 14.86 0 0 "KDE QDA" 93 5000 3.1040404040404
176.755 14.87 0 0 "KDE QDA" 93 5000 3.11414141414141
180.385 14.925 0 0 "KDE QDA" 93 5000 3.12424242424242
180.385 14.94 0 0 "KDE QDA" 93 5000 3.13434343434343
180.405 14.94 0 0 "KDE QDA" 93 5000 3.14444444444444
180.405 14.94 0 0 "KDE QDA" 93 5000 3.15454545454545
180.405 14.94 0 0 "KDE QDA" 93 5000 3.16464646464646
181.07 14.94 0 0 "KDE QDA" 93 5000 3.17474747474748
181.07 14.94 0 0 "KDE QDA" 93 5000 3.18484848484849
181.07 14.94 0 0 "KDE QDA" 93 5000 3.19494949494949
181.07 14.94 0 0 "KDE QDA" 93 5000 3.20505050505051
181.07 14.94 0 0 "KDE QDA" 93 5000 3.21515151515152
207.23 15.605 0 0 "KDE QDA" 93 5000 3.22525252525253
207.245 15.635 0 0 "KDE QDA" 93 5000 3.23535353535354
207.295 15.635 0 0 "KDE QDA" 93 5000 3.24545454545455
214.14 15.685 0 0 "KDE QDA" 93 5000 3.25555555555556
214.14 15.685 0 0 "KDE QDA" 93 5000 3.26565656565657
214.905 15.7 0 0 "KDE QDA" 93 5000 3.27575757575758
216.465 15.7 0 0 "KDE QDA" 93 5000 3.28585858585859
216.465 15.7 0 0 "KDE QDA" 93 5000 3.2959595959596
216.47 15.705 0 0 "KDE QDA" 93 5000 3.30606060606061
216.635 15.705 0 0 "KDE QDA" 93 5000 3.31616161616162
216.64 15.775 0 0 "KDE QDA" 93 5000 3.32626262626263
216.64 15.775 0 0 "KDE QDA" 93 5000 3.33636363636364
216.65 15.775 0 0 "KDE QDA" 93 5000 3.34646464646465
216.65 15.775 0 0 "KDE QDA" 93 5000 3.35656565656566
245.21 16.82 0 0 "KDE QDA" 93 5000 3.36666666666667
245.21 16.82 0 0 "KDE QDA" 93 5000 3.37676767676768
248.815 17.195 0 0 "KDE QDA" 93 5000 3.38686868686869
249.05 17.195 0 0 "KDE QDA" 93 5000 3.3969696969697
250.785 17.195 0 0 "KDE QDA" 93 5000 3.40707070707071
253.755 17.255 0 0 "KDE QDA" 93 5000 3.41717171717172
254.875 17.255 0 0 "KDE QDA" 93 5000 3.42727272727273
257.44 17.255 0 0 "KDE QDA" 93 5000 3.43737373737374
257.44 17.255 0 0 "KDE QDA" 93 5000 3.44747474747475
257.45 17.255 0 0 "KDE QDA" 93 5000 3.45757575757576
257.59 17.255 0 0 "KDE QDA" 93 5000 3.46767676767677
257.59 17.28 0 0 "KDE QDA" 93 5000 3.47777777777778
257.59 17.28 0 0 "KDE QDA" 93 5000 3.48787878787879
257.59 17.28 0 0 "KDE QDA" 93 5000 3.4979797979798
257.59 17.28 0 0 "KDE QDA" 93 5000 3.50808080808081
269.525 17.585 0 0 "KDE QDA" 93 5000 3.51818181818182
269.98 17.59 0 0 "KDE QDA" 93 5000 3.52828282828283
269.98 17.795 0 0 "KDE QDA" 93 5000 3.53838383838384
273.245 17.83 0 0 "KDE QDA" 93 5000 3.54848484848485
273.67 17.845 0 0 "KDE QDA" 93 5000 3.55858585858586
276.245 17.845 0 0 "KDE QDA" 93 5000 3.56868686868687
276.245 17.845 0 0 "KDE QDA" 93 5000 3.57878787878788
276.245 17.845 0 0 "KDE QDA" 93 5000 3.58888888888889
276.25 17.85 0 0 "KDE QDA" 93 5000 3.5989898989899
276.255 17.85 0 0 "KDE QDA" 93 5000 3.60909090909091
276.27 17.85 0 0 "KDE QDA" 93 5000 3.61919191919192
276.27 17.85 0 0 "KDE QDA" 93 5000 3.62929292929293
276.27 17.855 0 0 "KDE QDA" 93 5000 3.63939393939394
276.295 17.885 0 0 "KDE QDA" 93 5000 3.64949494949495
319.22 18.285 0 0 "KDE QDA" 93 5000 3.65959595959596
319.225 18.31 0 0 "KDE QDA" 93 5000 3.66969696969697
321.58 18.36 0 0 "KDE QDA" 93 5000 3.67979797979798
321.58 18.37 0 0 "KDE QDA" 93 5000 3.68989898989899
321.88 18.37 0 0 "KDE QDA" 93 5000 3.7
