135.43 15.28 0 0 "KDE LDA" 49 1500 2.5
137.005 15.36 0 0 "KDE LDA" 49 1500 2.51010101010101
139.485 15.37 0 0 "KDE LDA" 49 1500 2.52020202020202
145.05 15.47 0 0 "KDE LDA" 49 1500 2.53030303030303
145.27 15.59 0 0 "KDE LDA" 49 1500 2.54040404040404
145.27 15.715 0 0 "KDE LDA" 49 1500 2.55050505050505
146.34 15.765 0 0 "KDE LDA" 49 1500 2.56060606060606
146.64 15.9 0 0 "KDE LDA" 49 1500 2.57070707070707
148.25 16.02 0 0 "KDE LDA" 49 1500 2.58080808080808
148.265 16.025 0 0 "KDE LDA" 49 1500 2.59090909090909
148.95 16.035 0 0 "KDE LDA" 49 1500 2.6010101010101
152.035 16.1 0 0 "KDE LDA" 49 1500 2.61111111111111
153.515 16.135 0 0 "KDE LDA" 49 1500 2.62121212121212
153.55 16.16 0 0 "KDE LDA" 49 1500 2.63131313131313
157.86 16.195 0 0 "KDE LDA" 49 1500 2.64141414141414
164.46 16.215 0 0 "KDE LDA" 49 1500 2.65151515151515
168.245 16.44 0 0 "KDE LDA" 49 1500 2.66161616161616
177.495 16.88 0 0 "KDE LDA" 49 1500 2.67171717171717
178.95 16.885 0 0 "KDE LDA" 49 1500 2.68181818181818
179.945 16.95 0 0 "KDE LDA" 49 1500 2.69191919191919
184.01 16.95 0 0 "KDE LDA" 49 1500 2.7020202020202
186.505 16.98 0 0 "KDE LDA" 49 1500 2.71212121212121
187.83 17.01 0 0 "KDE LDA" 49 1500 2.72222222222222
192.31 17.04 0 0 "KDE LDA" 49 1500 2.73232323232323
192.96 17.045 0 0 "KDE LDA" 49 1500 2.74242424242424
194.52 17.065 0 0 "KDE LDA" 49 1500 2.75252525252525
197.715 17.135 0 0 "KDE LDA" 49 1500 2.76262626262626
197.9 17.17 0 0 "KDE LDA" 49 1500 2.77272727272727
201.54 17.175 0 0 "KDE LDA" 49 1500 2.78282828282828
207.04 17.245 0 0 "KDE LDA" 49 1500 2.79292929292929
251.415 18.115 0 0 "KDE LDA" 49 1500 2.8030303030303
252.33 18.15 0 0 "KDE LDA" 49 1500 2.81313131313131
253.455 18.205 0 0 "KDE LDA" 49 1500 2.82323232323232
253.465 18.235 0 0 "KDE LDA" 49 1500 2.83333333333333
253.475 18.25 0 0 "KDE LDA" 49 1500 2.84343434343434
255.105 18.275 0 0 "KDE LDA" 49 1500 2.85353535353535
256.87 18.275 0 0 "KDE LDA" 49 1500 2.86363636363636
258.23 18.29 0 0 "KDE LDA" 49 1500 2.87373737373737
258.23 18.335 0 0 "KDE LDA" 49 1500 2.88383838383838
260.22 18.35 0 0 "KDE LDA" 49 1500 2.89393939393939
260.23 18.46 0 0 "KDE LDA" 49 1500 2.9040404040404
265.335 18.48 0 0 "KDE LDA" 49 1500 2.91414141414141
265.345 18.63 0 0 "KDE LDA" 49 1500 2.92424242424242
265.725 18.63 0 0 "KDE LDA" 49 1500 2.93434343434343
265.735 18.65 0 0 "KDE LDA" 49 1500 2.94444444444444
268.465 18.725 0 0 "KDE LDA" 49 1500 2.95454545454545
272.39 18.78 0 0 "KDE LDA" 49 1500 2.96464646464646
272.71 18.84 0 0 "KDE LDA" 49 1500 2.97474747474747
278.465 18.845 0 0 "KDE LDA" 49 1500 2.98484848484848
279.93 18.96 0 0 "KDE LDA" 49 1500 2.99494949494949
283.415 19.03 0 0 "KDE LDA" 49 1500 3.00505050505051
285.745 19.06 0 0 "KDE LDA" 49 1500 3.01515151515152
286.29 19.165 0 0 "KDE LDA" 49 1500 3.02525252525253
288.26 19.2 0 0 "KDE LDA" 49 1500 3.03535353535354
290.2 19.205 0 0 "KDE LDA" 49 1500 3.04545454545455
291.87 19.25 0 0 "KDE LDA" 49 1500 3.05555555555556
291.925 19.29 0 0 "KDE LDA" 49 1500 3.06565656565657
296.545 19.345 0 0 "KDE LDA" 49 1500 3.07575757575758
309.5 19.44 0 0 "KDE LDA" 49 1500 3.08585858585859
317.41 19.47 0 0 "KDE LDA" 49 1500 3.0959595959596
317.87 19.565 0 0 "KDE LDA" 49 1500 3.10606060606061
321.125 19.645 0 0 "KDE LDA" 49 1500 3.11616161616162
321.27 19.65 0 0 "KDE LDA" 49 1500 3.12626262626263
321.71 19.655 0 0 "KDE LDA" 49 1500 3.13636363636364
321.925 19.685 0 0 "KDE LDA" 49 1500 3.14646464646465
321.925 19.71 0 0 "KDE LDA" 49 1500 3.15656565656566
321.935 19.71 0 0 "KDE LDA" 49 1500 3.16666666666667
322.035 19.78 0 0 "KDE LDA" 49 1500 3.17676767676768
327.795 19.885 0 0 "KDE LDA" 49 1500 3.18686868686869
333.315 20.155 0 0 "KDE LDA" 49 1500 3.1969696969697
344.62 20.185 0 0 "KDE LDA" 49 1500 3.20707070707071
356.75 20.31 0 0 "KDE LDA" 49 1500 3.21717171717172
375.83 20.6 0 0 "KDE LDA" 49 1500 3.22727272727273
376.35 20.68 0 0 "KDE LDA" 49 1500 3.23737373737374
382.345 20.73 0 0 "KDE LDA" 49 1500 3.24747474747475
388.035 20.74 0 0 "KDE LDA" 49 1500 3.25757575757576
392.735 20.765 0 0 "KDE LDA" 49 1500 3.26767676767677
397.06 20.785 0 0 "KDE LDA" 49 1500 3.27777777777778
402.6 20.79 0 0 "KDE LDA" 49 1500 3.28787878787879
408.49 20.845 0 0 "KDE LDA" 49 1500 3.2979797979798
408.94 20.86 0 0 "KDE LDA" 49 1500 3.30808080808081
411.31 20.885 0 0 "KDE LDA" 49 1500 3.31818181818182
413.705 20.99 0 0 "KDE LDA" 49 1500 3.32828282828283
416.96 20.995 0 0 "KDE LDA" 49 1500 3.33838383838384
427.655 21.03 0 0 "KDE LDA" 49 1500 3.34848484848485
473.27 21.42 0 0 "KDE LDA" 49 1500 3.35858585858586
480.15 21.455 0 0 "KDE LDA" 49 1500 3.36868686868687
491.16 21.67 0 0 "KDE LDA" 49 1500 3.37878787878788
511.33 21.97 0 0 "KDE LDA" 49 1500 3.38888888888889
513.8 22.055 0 0 "KDE LDA" 49 1500 3.3989898989899
522.765 22.07 0 0 "KDE LDA" 49 1500 3.40909090909091
523.34 22.085 0 0 "KDE LDA" 49 1500 3.41919191919192
524.16 22.09 0 0 "KDE LDA" 49 1500 3.42929292929293
533.585 22.095 0 0 "KDE LDA" 49 1500 3.43939393939394
533.59 22.1 0 0 "KDE LDA" 49 1500 3.44949494949495
537.43 22.1 0 0 "KDE LDA" 49 1500 3.45959595959596
537.525 22.125 0 0 "KDE LDA" 49 1500 3.46969696969697
538.225 22.17 0 0 "KDE LDA" 49 1500 3.47979797979798
540.66 22.25 0 0 "KDE LDA" 49 1500 3.48989898989899
555.045 22.31 0 0 "KDE LDA" 49 1500 3.5
101.81 12.575 0 0 "KDE QDA" 49 1500 2.8
102.925 12.575 0 0 "KDE QDA" 49 1500 2.81010101010101
102.93 12.59 0 0 "KDE QDA" 49 1500 2.82020202020202
105.14 12.7 0 0 "KDE QDA" 49 1500 2.83030303030303
106.425 12.72 0 0 "KDE QDA" 49 1500 2.84040404040404
107.475 12.73 0 0 "KDE QDA" 49 1500 2.85050505050505
107.475 12.745 0 0 "KDE QDA" 49 1500 2.86060606060606
108.04 12.75 0 0 "KDE QDA" 49 1500 2.87070707070707
109.75 12.755 0 0 "KDE QDA" 49 1500 2.88080808080808
109.77 12.765 0 0 "KDE QDA" 49 1500 2.89090909090909
109.77 12.765 0 0 "KDE QDA" 49 1500 2.9010101010101
109.77 12.775 0 0 "KDE QDA" 49 1500 2.91111111111111
109.785 12.775 0 0 "KDE QDA" 49 1500 2.92121212121212
109.785 12.78 0 0 "KDE QDA" 49 1500 2.93131313131313
110.66 12.785 0 0 "KDE QDA" 49 1500 2.94141414141414
110.7 12.785 0 0 "KDE QDA" 49 1500 2.95151515151515
111.52 12.93 0 0 "KDE QDA" 49 1500 2.96161616161616
111.85 12.935 0 0 "KDE QDA" 49 1500 2.97171717171717
112.205 12.935 0 0 "KDE QDA" 49 1500 2.98181818181818
112.93 13.03 0 0 "KDE QDA" 49 1500 2.99191919191919
113.845 13.035 0 0 "KDE QDA" 49 1500 3.0020202020202
113.855 13.035 0 0 "KDE QDA" 49 1500 3.01212121212121
113.875 13.08 0 0 "KDE QDA" 49 1500 3.02222222222222
114.765 13.08 0 0 "KDE QDA" 49 1500 3.03232323232323
115.31 13.11 0 0 "KDE QDA" 49 1500 3.04242424242424
115.32 13.12 0 0 "KDE QDA" 49 1500 3.05252525252525
115.32 13.12 0 0 "KDE QDA" 49 1500 3.06262626262626
115.36 13.125 0 0 "KDE QDA" 49 1500 3.07272727272727
115.885 13.125 0 0 "KDE QDA" 49 1500 3.08282828282828
118.735 13.31 0 0 "KDE QDA" 49 1500 3.09292929292929
118.745 13.315 0 0 "KDE QDA" 49 1500 3.1030303030303
119.51 13.325 0 0 "KDE QDA" 49 1500 3.11313131313131
120.255 13.535 0 0 "KDE QDA" 49 1500 3.12323232323232
120.94 13.535 0 0 "KDE QDA" 49 1500 3.13333333333333
121.635 13.535 0 0 "KDE QDA" 49 1500 3.14343434343434
121.64 13.535 0 0 "KDE QDA" 49 1500 3.15353535353535
123.425 13.545 0 0 "KDE QDA" 49 1500 3.16363636363636
123.46 13.565 0 0 "KDE QDA" 49 1500 3.17373737373737
124.27 13.59 0 0 "KDE QDA" 49 1500 3.18383838383838
124.28 13.605 0 0 "KDE QDA" 49 1500 3.19393939393939
124.335 13.61 0 0 "KDE QDA" 49 1500 3.2040404040404
126.455 13.615 0 0 "KDE QDA" 49 1500 3.21414141414141
136.01 13.875 0 0 "KDE QDA" 49 1500 3.22424242424242
138.055 13.955 0 0 "KDE QDA" 49 1500 3.23434343434343
138.07 13.975 0 0 "KDE QDA" 49 1500 3.24444444444444
142.61 14 0 0 "KDE QDA" 49 1500 3.25454545454545
142.615 14.005 0 0 "KDE QDA" 49 1500 3.26464646464646
143.9 14.015 0 0 "KDE QDA" 49 1500 3.27474747474747
143.93 14.015 0 0 "KDE QDA" 49 1500 3.28484848484848
143.98 14.025 0 0 "KDE QDA" 49 1500 3.29494949494949
146.575 14.025 0 0 "KDE QDA" 49 1500 3.30505050505051
146.585 14.025 0 0 "KDE QDA" 49 1500 3.31515151515151
147.585 14.025 0 0 "KDE QDA" 49 1500 3.32525252525252
149.155 14.05 0 0 "KDE QDA" 49 1500 3.33535353535354
150.1 14.05 0 0 "KDE QDA" 49 1500 3.34545454545455
150.755 14.075 0 0 "KDE QDA" 49 1500 3.35555555555556
163.405 14.75 0 0 "KDE QDA" 49 1500 3.36565656565657
163.405 14.75 0 0 "KDE QDA" 49 1500 3.37575757575758
165.68 14.86 0 0 "KDE QDA" 49 1500 3.38585858585859
165.73 14.865 0 0 "KDE QDA" 49 1500 3.3959595959596
165.875 14.925 0 0 "KDE QDA" 49 1500 3.40606060606061
165.905 14.93 0 0 "KDE QDA" 49 1500 3.41616161616162
165.905 14.935 0 0 "KDE QDA" 49 1500 3.42626262626263
165.935 14.955 0 0 "KDE QDA" 49 1500 3.43636363636364
168.32 15.025 0 0 "KDE QDA" 49 1500 3.44646464646465
168.325 15.025 0 0 "KDE QDA" 49 1500 3.45656565656566
168.325 15.035 0 0 "KDE QDA" 49 1500 3.46666666666667
168.325 15.045 0 0 "KDE QDA" 49 1500 3.47676767676768
168.33 15.045 0 0 "KDE QDA" 49 1500 3.48686868686869
168.35 15.065 0 0 "KDE QDA" 49 1500 3.4969696969697
169.62 15.07 0 0 "KDE QDA" 49 1500 3.50707070707071
174.925 15.12 0 0 "KDE QDA" 49 1500 3.51717171717172
174.95 15.155 0 0 "KDE QDA" 49 1500 3.52727272727273
175.01 15.155 0 0 "KDE QDA" 49 1500 3.53737373737374
176.74 15.155 0 0 "KDE QDA" 49 1500 3.54747474747475
177.115 15.16 0 0 "KDE QDA" 49 1500 3.55757575757576
177.44 15.16 0 0 "KDE QDA" 49 1500 3.56767676767677
181.345 15.16 0 0 "KDE QDA" 49 1500 3.57777777777778
184.41 15.16 0 0 "KDE QDA" 49 1500 3.58787878787879
184.41 15.16 0 0 "KDE QDA" 49 1500 3.5979797979798
184.42 15.175 0 0 "KDE QDA" 49 1500 3.60808080808081
184.465 15.185 0 0 "KDE QDA" 49 1500 3.61818181818182
185.035 15.19 0 0 "KDE QDA" 49 1500 3.62828282828283
185.355 15.195 0 0 "KDE QDA" 49 1500 3.63838383838384
187.185 15.2 0 0 "KDE QDA" 49 1500 3.64848484848485
199.52 15.415 0 0 "KDE QDA" 49 1500 3.65858585858586
200.27 15.455 0 0 "KDE QDA" 49 1500 3.66868686868687
203.6 15.56 0 0 "KDE QDA" 49 1500 3.67878787878788
203.62 15.6 0 0 "KDE QDA" 49 1500 3.68888888888889
203.675 15.605 0 0 "KDE QDA" 49 1500 3.6989898989899
203.745 15.63 0 0 "KDE QDA" 49 1500 3.70909090909091
205.53 15.63 0 0 "KDE QDA" 49 1500 3.71919191919192
205.535 15.64 0 0 "KDE QDA" 49 1500 3.72929292929293
212.81 15.655 0 0 "KDE QDA" 49 1500 3.73939393939394
215.51 15.66 0 0 "KDE QDA" 49 1500 3.74949494949495
215.515 15.665 0 0 "KDE QDA" 49 1500 3.75959595959596
215.56 15.705 0 0 "KDE QDA" 49 1500 3.76969696969697
215.96 15.715 0 0 "KDE QDA" 49 1500 3.77979797979798
228.76 16.22 0 0 "KDE QDA" 49 1500 3.78989898989899
228.77 16.25 0 0 "KDE QDA" 49 1500 3.8
