132.135 15.965 0 0 "KDE LDA" 45 1500 2.5
132.15 15.99 0 0 "KDE LDA" 45 1500 2.51010101010101
133.77 16.275 0 0 "KDE LDA" 45 1500 2.52020202020202
137.17 16.455 0 0 "KDE LDA" 45 1500 2.53030303030303
141.64 16.58 0 0 "KDE LDA" 45 1500 2.54040404040404
142.49 16.71 0 0 "KDE LDA" 45 1500 2.55050505050505
142.5 16.725 0 0 "KDE LDA" 45 1500 2.56060606060606
143.02 16.745 0 0 "KDE LDA" 45 1500 2.57070707070707
143.02 16.92 0 0 "KDE LDA" 45 1500 2.58080808080808
143.42 16.965 0 0 "KDE LDA" 45 1500 2.59090909090909
144.265 16.975 0 0 "KDE LDA" 45 1500 2.6010101010101
145.335 16.985 0 0 "KDE LDA" 45 1500 2.61111111111111
147.175 17.03 0 0 "KDE LDA" 45 1500 2.62121212121212
152.27 17.05 0 0 "KDE LDA" 45 1500 2.63131313131313
153.3 17.095 0 0 "KDE LDA" 45 1500 2.64141414141414
157 17.12 0 0 "KDE LDA" 45 1500 2.65151515151515
171.47 17.485 0 0 "KDE LDA" 45 1500 2.66161616161616
181.09 17.7 0 0 "KDE LDA" 45 1500 2.67171717171717
181.925 17.71 0 0 "KDE LDA" 45 1500 2.68181818181818
182.295 17.73 0 0 "KDE LDA" 45 1500 2.69191919191919
182.46 17.76 0 0 "KDE LDA" 45 1500 2.7020202020202
183.47 17.81 0 0 "KDE LDA" 45 1500 2.71212121212121
183.485 17.91 0 0 "KDE LDA" 45 1500 2.72222222222222
184.055 18.045 0 0 "KDE LDA" 45 1500 2.73232323232323
187.48 18.125 0 0 "KDE LDA" 45 1500 2.74242424242424
187.535 18.18 0 0 "KDE LDA" 45 1500 2.75252525252525
188.125 18.19 0 0 "KDE LDA" 45 1500 2.76262626262626
193.69 18.415 0 0 "KDE LDA" 45 1500 2.77272727272727
197.61 18.46 0 0 "KDE LDA" 45 1500 2.78282828282828
211.33 18.68 0 0 "KDE LDA" 45 1500 2.79292929292929
242.53 19.1 0 0 "KDE LDA" 45 1500 2.8030303030303
242.545 19.16 0 0 "KDE LDA" 45 1500 2.81313131313131
248.37 19.205 0 0 "KDE LDA" 45 1500 2.82323232323232
248.38 19.21 0 0 "KDE LDA" 45 1500 2.83333333333333
252.425 19.255 0 0 "KDE LDA" 45 1500 2.84343434343434
252.435 19.265 0 0 "KDE LDA" 45 1500 2.85353535353535
252.465 19.305 0 0 "KDE LDA" 45 1500 2.86363636363636
252.47 19.31 0 0 "KDE LDA" 45 1500 2.87373737373737
252.475 19.32 0 0 "KDE LDA" 45 1500 2.88383838383838
252.475 19.325 0 0 "KDE LDA" 45 1500 2.89393939393939
254.575 19.355 0 0 "KDE LDA" 45 1500 2.9040404040404
254.605 19.375 0 0 "KDE LDA" 45 1500 2.91414141414141
256.12 19.43 0 0 "KDE LDA" 45 1500 2.92424242424242
261.355 19.44 0 0 "KDE LDA" 45 1500 2.93434343434343
264.345 19.485 0 0 "KDE LDA" 45 1500 2.94444444444444
266 19.515 0 0 "KDE LDA" 45 1500 2.95454545454545
274.26 19.555 0 0 "KDE LDA" 45 1500 2.96464646464646
274.26 19.58 0 0 "KDE LDA" 45 1500 2.97474747474747
274.27 19.605 0 0 "KDE LDA" 45 1500 2.98484848484848
274.28 19.645 0 0 "KDE LDA" 45 1500 2.99494949494949
276.19 19.715 0 0 "KDE LDA" 45 1500 3.00505050505051
277.29 19.805 0 0 "KDE LDA" 45 1500 3.01515151515152
280.23 19.97 0 0 "KDE LDA" 45 1500 3.02525252525253
280.23 20.045 0 0 "KDE LDA" 45 1500 3.03535353535354
281.465 20.09 0 0 "KDE LDA" 45 1500 3.04545454545455
289.3 20.13 0 0 "KDE LDA" 45 1500 3.05555555555556
290.82 20.28 0 0 "KDE LDA" 45 1500 3.06565656565657
291.59 20.29 0 0 "KDE LDA" 45 1500 3.07575757575758
296.65 20.415 0 0 "KDE LDA" 45 1500 3.08585858585859
310.395 20.485 0 0 "KDE LDA" 45 1500 3.0959595959596
313.55 20.505 0 0 "KDE LDA" 45 1500 3.10606060606061
318.58 20.525 0 0 "KDE LDA" 45 1500 3.11616161616162
318.84 20.57 0 0 "KDE LDA" 45 1500 3.12626262626263
319.945 20.65 0 0 "KDE LDA" 45 1500 3.13636363636364
320.77 20.66 0 0 "KDE LDA" 45 1500 3.14646464646465
325.96 20.83 0 0 "KDE LDA" 45 1500 3.15656565656566
328.33 20.835 0 0 "KDE LDA" 45 1500 3.16666666666667
328.34 20.865 0 0 "KDE LDA" 45 1500 3.17676767676768
335.46 20.93 0 0 "KDE LDA" 45 1500 3.18686868686869
341.255 20.95 0 0 "KDE LDA" 45 1500 3.1969696969697
344.03 21.165 0 0 "KDE LDA" 45 1500 3.20707070707071
357.39 21.23 0 0 "KDE LDA" 45 1500 3.21717171717172
378.475 21.545 0 0 "KDE LDA" 45 1500 3.22727272727273
381.76 21.575 0 0 "KDE LDA" 45 1500 3.23737373737374
383.25 21.715 0 0 "KDE LDA" 45 1500 3.24747474747475
388.82 21.75 0 0 "KDE LDA" 45 1500 3.25757575757576
389.135 21.755 0 0 "KDE LDA" 45 1500 3.26767676767677
390.82 21.82 0 0 "KDE LDA" 45 1500 3.27777777777778
397.6 21.855 0 0 "KDE LDA" 45 1500 3.28787878787879
405.995 21.97 0 0 "KDE LDA" 45 1500 3.2979797979798
408.775 22.005 0 0 "KDE LDA" 45 1500 3.30808080808081
415.49 22.01 0 0 "KDE LDA" 45 1500 3.31818181818182
415.69 22.035 0 0 "KDE LDA" 45 1500 3.32828282828283
429.45 22.175 0 0 "KDE LDA" 45 1500 3.33838383838384
440.495 22.32 0 0 "KDE LDA" 45 1500 3.34848484848485
508.725 22.725 0 0 "KDE LDA" 45 1500 3.35858585858586
510.925 22.74 0 0 "KDE LDA" 45 1500 3.36868686868687
527.72 22.87 0 0 "KDE LDA" 45 1500 3.37878787878788
531.52 22.945 0 0 "KDE LDA" 45 1500 3.38888888888889
531.52 22.955 0 0 "KDE LDA" 45 1500 3.3989898989899
533.26 22.985 0 0 "KDE LDA" 45 1500 3.40909090909091
534.425 23.005 0 0 "KDE LDA" 45 1500 3.41919191919192
537.815 23.03 0 0 "KDE LDA" 45 1500 3.42929292929293
538.345 23.055 0 0 "KDE LDA" 45 1500 3.43939393939394
538.39 23.095 0 0 "KDE LDA" 45 1500 3.44949494949495
540.18 23.11 0 0 "KDE LDA" 45 1500 3.45959595959596
540.89 23.13 0 0 "KDE LDA" 45 1500 3.46969696969697
541.05 23.13 0 0 "KDE LDA" 45 1500 3.47979797979798
549.3 23.195 0 0 "KDE LDA" 45 1500 3.48989898989899
549.43 23.315 0 0 "KDE LDA" 45 1500 3.5
100.215 13.14 0 0 "KDE QDA" 45 1500 2.8
100.255 13.14 0 0 "KDE QDA" 45 1500 2.81010101010101
100.865 13.14 0 0 "KDE QDA" 45 1500 2.82020202020202
106.24 13.25 0 0 "KDE QDA" 45 1500 2.83030303030303
107.385 13.25 0 0 "KDE QDA" 45 1500 2.84040404040404
107.385 13.25 0 0 "KDE QDA" 45 1500 2.85050505050505
107.385 13.28 0 0 "KDE QDA" 45 1500 2.86060606060606
107.54 13.28 0 0 "KDE QDA" 45 1500 2.87070707070707
107.54 13.3 0 0 "KDE QDA" 45 1500 2.88080808080808
109.12 13.35 0 0 "KDE QDA" 45 1500 2.89090909090909
109.13 13.35 0 0 "KDE QDA" 45 1500 2.9010101010101
109.445 13.395 0 0 "KDE QDA" 45 1500 2.91111111111111
109.45 13.41 0 0 "KDE QDA" 45 1500 2.92121212121212
112.465 13.44 0 0 "KDE QDA" 45 1500 2.93131313131313
112.56 13.47 0 0 "KDE QDA" 45 1500 2.94141414141414
113.92 13.475 0 0 "KDE QDA" 45 1500 2.95151515151515
119.185 13.845 0 0 "KDE QDA" 45 1500 2.96161616161616
120.405 13.85 0 0 "KDE QDA" 45 1500 2.97171717171717
120.665 13.865 0 0 "KDE QDA" 45 1500 2.98181818181818
120.665 13.875 0 0 "KDE QDA" 45 1500 2.99191919191919
120.7 13.875 0 0 "KDE QDA" 45 1500 3.0020202020202
120.7 13.88 0 0 "KDE QDA" 45 1500 3.01212121212121
120.705 13.88 0 0 "KDE QDA" 45 1500 3.02222222222222
120.745 13.885 0 0 "KDE QDA" 45 1500 3.03232323232323
120.76 13.89 0 0 "KDE QDA" 45 1500 3.04242424242424
120.98 13.89 0 0 "KDE QDA" 45 1500 3.05252525252525
120.985 13.895 0 0 "KDE QDA" 45 1500 3.06262626262626
122.81 13.895 0 0 "KDE QDA" 45 1500 3.07272727272727
122.81 13.895 0 0 "KDE QDA" 45 1500 3.08282828282828
134.2 14.165 0 0 "KDE QDA" 45 1500 3.09292929292929
136.925 14.23 0 0 "KDE QDA" 45 1500 3.1030303030303
139.54 14.265 0 0 "KDE QDA" 45 1500 3.11313131313131
139.83 14.315 0 0 "KDE QDA" 45 1500 3.12323232323232
139.835 14.32 0 0 "KDE QDA" 45 1500 3.13333333333333
140.47 14.37 0 0 "KDE QDA" 45 1500 3.14343434343434
140.48 14.375 0 0 "KDE QDA" 45 1500 3.15353535353535
140.485 14.375 0 0 "KDE QDA" 45 1500 3.16363636363636
140.49 14.4 0 0 "KDE QDA" 45 1500 3.17373737373737
141.935 14.415 0 0 "KDE QDA" 45 1500 3.18383838383838
142.2 14.415 0 0 "KDE QDA" 45 1500 3.19393939393939
142.2 14.415 0 0 "KDE QDA" 45 1500 3.2040404040404
142.42 14.415 0 0 "KDE QDA" 45 1500 3.21414141414141
153.745 14.825 0 0 "KDE QDA" 45 1500 3.22424242424242
155.045 14.845 0 0 "KDE QDA" 45 1500 3.23434343434343
155.045 14.845 0 0 "KDE QDA" 45 1500 3.24444444444444
156.07 14.875 0 0 "KDE QDA" 45 1500 3.25454545454545
156.38 14.955 0 0 "KDE QDA" 45 1500 3.26464646464646
156.4 14.96 0 0 "KDE QDA" 45 1500 3.27474747474747
157.645 14.975 0 0 "KDE QDA" 45 1500 3.28484848484848
157.675 14.985 0 0 "KDE QDA" 45 1500 3.29494949494949
157.675 15.03 0 0 "KDE QDA" 45 1500 3.30505050505051
160.625 15.05 0 0 "KDE QDA" 45 1500 3.31515151515151
162.08 15.05 0 0 "KDE QDA" 45 1500 3.32525252525252
163.805 15.05 0 0 "KDE QDA" 45 1500 3.33535353535354
163.81 15.07 0 0 "KDE QDA" 45 1500 3.34545454545455
164.26 15.075 0 0 "KDE QDA" 45 1500 3.35555555555556
189.085 15.88 0 0 "KDE QDA" 45 1500 3.36565656565657
189.445 15.88 0 0 "KDE QDA" 45 1500 3.37575757575758
194.57 15.99 0 0 "KDE QDA" 45 1500 3.38585858585859
196.395 15.995 0 0 "KDE QDA" 45 1500 3.3959595959596
197.065 15.995 0 0 "KDE QDA" 45 1500 3.40606060606061
197.065 16 0 0 "KDE QDA" 45 1500 3.41616161616162
198.135 16.02 0 0 "KDE QDA" 45 1500 3.42626262626263
198.155 16.035 0 0 "KDE QDA" 45 1500 3.43636363636364
198.155 16.065 0 0 "KDE QDA" 45 1500 3.44646464646465
199.81 16.065 0 0 "KDE QDA" 45 1500 3.45656565656566
202.79 16.08 0 0 "KDE QDA" 45 1500 3.46666666666667
206.135 16.08 0 0 "KDE QDA" 45 1500 3.47676767676768
206.145 16.095 0 0 "KDE QDA" 45 1500 3.48686868686869
206.23 16.095 0 0 "KDE QDA" 45 1500 3.4969696969697
208.26 16.12 0 0 "KDE QDA" 45 1500 3.50707070707071
215.465 16.225 0 0 "KDE QDA" 45 1500 3.51717171717172
221.495 16.245 0 0 "KDE QDA" 45 1500 3.52727272727273
222.33 16.275 0 0 "KDE QDA" 45 1500 3.53737373737374
222.52 16.325 0 0 "KDE QDA" 45 1500 3.54747474747475
223.185 16.34 0 0 "KDE QDA" 45 1500 3.55757575757576
224.555 16.34 0 0 "KDE QDA" 45 1500 3.56767676767677
225.34 16.345 0 0 "KDE QDA" 45 1500 3.57777777777778
226.79 16.345 0 0 "KDE QDA" 45 1500 3.58787878787879
229.495 16.365 0 0 "KDE QDA" 45 1500 3.5979797979798
230.285 16.38 0 0 "KDE QDA" 45 1500 3.60808080808081
230.285 16.385 0 0 "KDE QDA" 45 1500 3.61818181818182
230.7 16.4 0 0 "KDE QDA" 45 1500 3.62828282828283
231.095 16.4 0 0 "KDE QDA" 45 1500 3.63838383838384
232.485 16.4 0 0 "KDE QDA" 45 1500 3.64848484848485
249.365 16.605 0 0 "KDE QDA" 45 1500 3.65858585858586
249.37 16.61 0 0 "KDE QDA" 45 1500 3.66868686868687
253.985 16.665 0 0 "KDE QDA" 45 1500 3.67878787878788
256.725 16.74 0 0 "KDE QDA" 45 1500 3.68888888888889
258.26 16.775 0 0 "KDE QDA" 45 1500 3.6989898989899
260.315 16.785 0 0 "KDE QDA" 45 1500 3.70909090909091
263.19 16.785 0 0 "KDE QDA" 45 1500 3.71919191919192
264.73 16.86 0 0 "KDE QDA" 45 1500 3.72929292929293
264.74 16.87 0 0 "KDE QDA" 45 1500 3.73939393939394
265.345 16.895 0 0 "KDE QDA" 45 1500 3.74949494949495
265.395 16.895 0 0 "KDE QDA" 45 1500 3.75959595959596
267.795 16.9 0 0 "KDE QDA" 45 1500 3.76969696969697
267.8 16.905 0 0 "KDE QDA" 45 1500 3.77979797979798
278.27 17.435 0 0 "KDE QDA" 45 1500 3.78989898989899
278.645 17.44 0 0 "KDE QDA" 45 1500 3.8
