137.865 13.705 0 0 "KDE LDA" 124 2000 2.5
138.45 13.745 0 0 "KDE LDA" 124 2000 2.51010101010101
138.455 13.77 0 0 "KDE LDA" 124 2000 2.52020202020202
144.35 13.845 0 0 "KDE LDA" 124 2000 2.53030303030303
146.54 13.98 0 0 "KDE LDA" 124 2000 2.54040404040404
148.19 14.01 0 0 "KDE LDA" 124 2000 2.55050505050505
150.19 14.01 0 0 "KDE LDA" 124 2000 2.56060606060606
150.195 14.035 0 0 "KDE LDA" 124 2000 2.57070707070707
150.27 14.04 0 0 "KDE LDA" 124 2000 2.58080808080808
152.09 14.065 0 0 "KDE LDA" 124 2000 2.59090909090909
152.09 14.145 0 0 "KDE LDA" 124 2000 2.6010101010101
154.705 14.195 0 0 "KDE LDA" 124 2000 2.61111111111111
155.975 14.24 0 0 "KDE LDA" 124 2000 2.62121212121212
156.015 14.345 0 0 "KDE LDA" 124 2000 2.63131313131313
156.02 14.395 0 0 "KDE LDA" 124 2000 2.64141414141414
156.27 14.515 0 0 "KDE LDA" 124 2000 2.65151515151515
158.43 14.585 0 0 "KDE LDA" 124 2000 2.66161616161616
168.535 14.765 0 0 "KDE LDA" 124 2000 2.67171717171717
169.825 14.82 0 0 "KDE LDA" 124 2000 2.68181818181818
171.425 14.845 0 0 "KDE LDA" 124 2000 2.69191919191919
173.56 14.85 0 0 "KDE LDA" 124 2000 2.7020202020202
174.78 14.86 0 0 "KDE LDA" 124 2000 2.71212121212121
174.9 14.86 0 0 "KDE LDA" 124 2000 2.72222222222222
175.815 14.875 0 0 "KDE LDA" 124 2000 2.73232323232323
177.03 14.88 0 0 "KDE LDA" 124 2000 2.74242424242424
177.03 14.905 0 0 "KDE LDA" 124 2000 2.75252525252525
179.655 14.925 0 0 "KDE LDA" 124 2000 2.76262626262626
182.125 14.975 0 0 "KDE LDA" 124 2000 2.77272727272727
185.09 15.015 0 0 "KDE LDA" 124 2000 2.78282828282828
200.02 15.235 0 0 "KDE LDA" 124 2000 2.79292929292929
240.84 15.99 0 0 "KDE LDA" 124 2000 2.8030303030303
241.7 16.025 0 0 "KDE LDA" 124 2000 2.81313131313131
248.15 16.095 0 0 "KDE LDA" 124 2000 2.82323232323232
249.715 16.115 0 0 "KDE LDA" 124 2000 2.83333333333333
251.245 16.135 0 0 "KDE LDA" 124 2000 2.84343434343434
251.995 16.14 0 0 "KDE LDA" 124 2000 2.85353535353535
252.375 16.16 0 0 "KDE LDA" 124 2000 2.86363636363636
255.74 16.2 0 0 "KDE LDA" 124 2000 2.87373737373737
255.745 16.205 0 0 "KDE LDA" 124 2000 2.88383838383838
267.415 16.215 0 0 "KDE LDA" 124 2000 2.89393939393939
267.45 16.22 0 0 "KDE LDA" 124 2000 2.9040404040404
267.46 16.235 0 0 "KDE LDA" 124 2000 2.91414141414141
268.865 16.25 0 0 "KDE LDA" 124 2000 2.92424242424242
269.255 16.25 0 0 "KDE LDA" 124 2000 2.93434343434343
272.59 16.375 0 0 "KDE LDA" 124 2000 2.94444444444444
277.98 16.42 0 0 "KDE LDA" 124 2000 2.95454545454545
283.825 16.48 0 0 "KDE LDA" 124 2000 2.96464646464646
283.835 16.49 0 0 "KDE LDA" 124 2000 2.97474747474747
283.835 16.555 0 0 "KDE LDA" 124 2000 2.98484848484848
283.865 16.59 0 0 "KDE LDA" 124 2000 2.99494949494949
284.455 16.655 0 0 "KDE LDA" 124 2000 3.00505050505051
286.13 16.735 0 0 "KDE LDA" 124 2000 3.01515151515152
289.505 16.78 0 0 "KDE LDA" 124 2000 3.02525252525253
292.61 16.95 0 0 "KDE LDA" 124 2000 3.03535353535354
297.435 16.95 0 0 "KDE LDA" 124 2000 3.04545454545455
302.52 16.985 0 0 "KDE LDA" 124 2000 3.05555555555556
313.915 17.07 0 0 "KDE LDA" 124 2000 3.06565656565657
327.12 17.105 0 0 "KDE LDA" 124 2000 3.07575757575758
331.875 17.165 0 0 "KDE LDA" 124 2000 3.08585858585859
340.12 17.345 0 0 "KDE LDA" 124 2000 3.0959595959596
340.45 17.36 0 0 "KDE LDA" 124 2000 3.10606060606061
341.15 17.36 0 0 "KDE LDA" 124 2000 3.11616161616162
344.32 17.365 0 0 "KDE LDA" 124 2000 3.12626262626263
345.92 17.435 0 0 "KDE LDA" 124 2000 3.13636363636364
345.925 17.565 0 0 "KDE LDA" 124 2000 3.14646464646465
345.955 17.6 0 0 "KDE LDA" 124 2000 3.15656565656566
348.165 17.64 0 0 "KDE LDA" 124 2000 3.16666666666667
354.765 17.645 0 0 "KDE LDA" 124 2000 3.17676767676768
354.775 17.805 0 0 "KDE LDA" 124 2000 3.18686868686869
357.545 17.855 0 0 "KDE LDA" 124 2000 3.1969696969697
363.185 17.88 0 0 "KDE LDA" 124 2000 3.20707070707071
368.48 18.005 0 0 "KDE LDA" 124 2000 3.21717171717172
388.575 18.37 0 0 "KDE LDA" 124 2000 3.22727272727273
388.59 18.48 0 0 "KDE LDA" 124 2000 3.23737373737374
391.63 18.54 0 0 "KDE LDA" 124 2000 3.24747474747475
395.6 18.55 0 0 "KDE LDA" 124 2000 3.25757575757576
395.96 18.565 0 0 "KDE LDA" 124 2000 3.26767676767677
397.705 18.595 0 0 "KDE LDA" 124 2000 3.27777777777778
401.87 18.645 0 0 "KDE LDA" 124 2000 3.28787878787879
402.315 18.71 0 0 "KDE LDA" 124 2000 3.2979797979798
409.275 18.745 0 0 "KDE LDA" 124 2000 3.30808080808081
411.255 18.785 0 0 "KDE LDA" 124 2000 3.31818181818182
419.025 18.89 0 0 "KDE LDA" 124 2000 3.32828282828283
423.74 18.92 0 0 "KDE LDA" 124 2000 3.33838383838384
428.61 19.005 0 0 "KDE LDA" 124 2000 3.34848484848485
477.495 19.175 0 0 "KDE LDA" 124 2000 3.35858585858586
479.43 19.205 0 0 "KDE LDA" 124 2000 3.36868686868687
481.89 19.42 0 0 "KDE LDA" 124 2000 3.37878787878788
483.725 19.635 0 0 "KDE LDA" 124 2000 3.38888888888889
484.055 19.64 0 0 "KDE LDA" 124 2000 3.3989898989899
484.325 19.655 0 0 "KDE LDA" 124 2000 3.40909090909091
485.25 19.825 0 0 "KDE LDA" 124 2000 3.41919191919192
487.095 19.875 0 0 "KDE LDA" 124 2000 3.42929292929293
487.14 20.05 0 0 "KDE LDA" 124 2000 3.43939393939394
494.405 20.105 0 0 "KDE LDA" 124 2000 3.44949494949495
500.245 20.125 0 0 "KDE LDA" 124 2000 3.45959595959596
503.73 20.16 0 0 "KDE LDA" 124 2000 3.46969696969697
504.205 20.18 0 0 "KDE LDA" 124 2000 3.47979797979798
512.985 20.24 0 0 "KDE LDA" 124 2000 3.48989898989899
518.21 20.355 0 0 "KDE LDA" 124 2000 3.5
105.655 12.925 0 0 "KDE QDA" 124 2000 2.7
106.015 12.94 0 0 "KDE QDA" 124 2000 2.71010101010101
106.015 12.945 0 0 "KDE QDA" 124 2000 2.72020202020202
106.74 12.945 0 0 "KDE QDA" 124 2000 2.73030303030303
106.925 12.965 0 0 "KDE QDA" 124 2000 2.74040404040404
106.925 12.99 0 0 "KDE QDA" 124 2000 2.75050505050505
106.925 12.99 0 0 "KDE QDA" 124 2000 2.76060606060606
106.925 12.99 0 0 "KDE QDA" 124 2000 2.77070707070707
107.085 12.99 0 0 "KDE QDA" 124 2000 2.78080808080808
107.09 13.025 0 0 "KDE QDA" 124 2000 2.79090909090909
131.61 13.94 0 0 "KDE QDA" 124 2000 2.8010101010101
131.62 13.945 0 0 "KDE QDA" 124 2000 2.81111111111111
132.605 13.945 0 0 "KDE QDA" 124 2000 2.82121212121212
141.425 14.095 0 0 "KDE QDA" 124 2000 2.83131313131313
141.43 14.095 0 0 "KDE QDA" 124 2000 2.84141414141414
143.08 14.095 0 0 "KDE QDA" 124 2000 2.85151515151515
143.08 14.095 0 0 "KDE QDA" 124 2000 2.86161616161616
145.34 14.105 0 0 "KDE QDA" 124 2000 2.87171717171717
145.555 14.105 0 0 "KDE QDA" 124 2000 2.88181818181818
146.135 14.115 0 0 "KDE QDA" 124 2000 2.89191919191919
146.135 14.115 0 0 "KDE QDA" 124 2000 2.9020202020202
146.155 14.13 0 0 "KDE QDA" 124 2000 2.91212121212121
149.035 14.135 0 0 "KDE QDA" 124 2000 2.92222222222222
149.73 14.135 0 0 "KDE QDA" 124 2000 2.93232323232323
149.74 14.14 0 0 "KDE QDA" 124 2000 2.94242424242424
149.755 14.14 0 0 "KDE QDA" 124 2000 2.95252525252525
156.78 14.365 0 0 "KDE QDA" 124 2000 2.96262626262626
156.875 14.38 0 0 "KDE QDA" 124 2000 2.97272727272727
158.155 14.5 0 0 "KDE QDA" 124 2000 2.98282828282828
160.1 14.505 0 0 "KDE QDA" 124 2000 2.99292929292929
160.71 14.525 0 0 "KDE QDA" 124 2000 3.0030303030303
160.725 14.535 0 0 "KDE QDA" 124 2000 3.01313131313131
160.73 14.54 0 0 "KDE QDA" 124 2000 3.02323232323232
160.73 14.55 0 0 "KDE QDA" 124 2000 3.03333333333333
160.76 14.55 0 0 "KDE QDA" 124 2000 3.04343434343434
160.76 14.55 0 0 "KDE QDA" 124 2000 3.05353535353535
160.765 14.575 0 0 "KDE QDA" 124 2000 3.06363636363636
162.755 14.585 0 0 "KDE QDA" 124 2000 3.07373737373737
162.76 14.605 0 0 "KDE QDA" 124 2000 3.08383838383838
170.99 14.775 0 0 "KDE QDA" 124 2000 3.09393939393939
172.77 14.8 0 0 "KDE QDA" 124 2000 3.1040404040404
172.87 14.8 0 0 "KDE QDA" 124 2000 3.11414141414141
175.61 14.845 0 0 "KDE QDA" 124 2000 3.12424242424242
176.965 14.855 0 0 "KDE QDA" 124 2000 3.13434343434343
177.365 14.86 0 0 "KDE QDA" 124 2000 3.14444444444444
178.41 14.885 0 0 "KDE QDA" 124 2000 3.15454545454545
178.41 14.89 0 0 "KDE QDA" 124 2000 3.16464646464646
178.41 14.94 0 0 "KDE QDA" 124 2000 3.17474747474748
178.755 14.96 0 0 "KDE QDA" 124 2000 3.18484848484849
178.755 14.96 0 0 "KDE QDA" 124 2000 3.19494949494949
178.8 14.96 0 0 "KDE QDA" 124 2000 3.20505050505051
178.85 14.96 0 0 "KDE QDA" 124 2000 3.21515151515152
189.355 15.555 0 0 "KDE QDA" 124 2000 3.22525252525253
191.21 15.57 0 0 "KDE QDA" 124 2000 3.23535353535354
191.31 15.57 0 0 "KDE QDA" 124 2000 3.24545454545455
196.395 15.655 0 0 "KDE QDA" 124 2000 3.25555555555556
197.115 15.67 0 0 "KDE QDA" 124 2000 3.26565656565657
200.795 15.67 0 0 "KDE QDA" 124 2000 3.27575757575758
202.64 15.685 0 0 "KDE QDA" 124 2000 3.28585858585859
203.16 15.69 0 0 "KDE QDA" 124 2000 3.2959595959596
203.165 15.695 0 0 "KDE QDA" 124 2000 3.30606060606061
203.18 15.7 0 0 "KDE QDA" 124 2000 3.31616161616162
203.18 15.7 0 0 "KDE QDA" 124 2000 3.32626262626263
203.19 15.715 0 0 "KDE QDA" 124 2000 3.33636363636364
203.195 15.72 0 0 "KDE QDA" 124 2000 3.34646464646465
204.39 15.73 0 0 "KDE QDA" 124 2000 3.35656565656566
234.57 16.645 0 0 "KDE QDA" 124 2000 3.36666666666667
234.575 16.67 0 0 "KDE QDA" 124 2000 3.37676767676768
242.145 16.785 0 0 "KDE QDA" 124 2000 3.38686868686869
244.165 16.79 0 0 "KDE QDA" 124 2000 3.3969696969697
245.18 16.795 0 0 "KDE QDA" 124 2000 3.40707070707071
245.19 16.795 0 0 "KDE QDA" 124 2000 3.41717171717172
245.88 16.8 0 0 "KDE QDA" 124 2000 3.42727272727273
247.935 16.81 0 0 "KDE QDA" 124 2000 3.43737373737374
249.68 16.82 0 0 "KDE QDA" 124 2000 3.44747474747475
250.93 16.825 0 0 "KDE QDA" 124 2000 3.45757575757576
253.76 16.825 0 0 "KDE QDA" 124 2000 3.46767676767677
256.4 16.825 0 0 "KDE QDA" 124 2000 3.47777777777778
256.405 16.83 0 0 "KDE QDA" 124 2000 3.48787878787879
257.51 16.835 0 0 "KDE QDA" 124 2000 3.4979797979798
260.1 16.84 0 0 "KDE QDA" 124 2000 3.50808080808081
269.13 16.995 0 0 "KDE QDA" 124 2000 3.51818181818182
269.865 17.03 0 0 "KDE QDA" 124 2000 3.52828282828283
270.405 17.035 0 0 "KDE QDA" 124 2000 3.53838383838384
272.01 17.145 0 0 "KDE QDA" 124 2000 3.54848484848485
272.015 17.16 0 0 "KDE QDA" 124 2000 3.55858585858586
274.54 17.16 0 0 "KDE QDA" 124 2000 3.56868686868687
274.67 17.185 0 0 "KDE QDA" 124 2000 3.57878787878788
274.7 17.19 0 0 "KDE QDA" 124 2000 3.58888888888889
274.705 17.2 0 0 "KDE QDA" 124 2000 3.5989898989899
274.97 17.205 0 0 "KDE QDA" 124 2000 3.60909090909091
274.97 17.205 0 0 "KDE QDA" 124 2000 3.61919191919192
274.98 17.215 0 0 "KDE QDA" 124 2000 3.62929292929293
274.98 17.235 0 0 "KDE QDA" 124 2000 3.63939393939394
276.18 17.24 0 0 "KDE QDA" 124 2000 3.64949494949495
295.6 17.52 0 0 "KDE QDA" 124 2000 3.65959595959596
297.655 17.57 0 0 "KDE QDA" 124 2000 3.66969696969697
301.215 17.6 0 0 "KDE QDA" 124 2000 3.67979797979798
302.24 17.615 0 0 "KDE QDA" 124 2000 3.68989898989899
302.28 17.64 0 0 "KDE QDA" 124 2000 3.7
