82.84 19.084 0 0 75.1016288415548 13.6832808995568 "LDA" 10 5000 1.5
89.189 19.647 0 0 81.2590568079233 13.903513897526 "LDA" 10 5000 1.53535353535354
95.113 20.162 0 0 85.8066489965202 14.259982577237 "LDA" 10 5000 1.57070707070707
101.947 20.767 0 0 92.5958107863157 14.5631313870265 "LDA" 10 5000 1.60606060606061
106.741 21.476 0 0 95.2823732368671 15.2878756909894 "LDA" 10 5000 1.64141414141414
113.039 22.157 0 0 101.757309462412 15.7376626290255 "LDA" 10 5000 1.67676767676768
118.992 22.877 0 0 107.431650343349 16.3149026061159 "LDA" 10 5000 1.71212121212121
125.978 23.466 0 0 115.341419963338 16.633566049393 "LDA" 10 5000 1.74747474747475
132.401 23.788 0 0 118.673938599436 16.6339936799839 "LDA" 10 5000 1.78282828282828
141.099 24.372 0 0 126.216210253401 16.8867634192814 "LDA" 10 5000 1.81818181818182
147.664 25.28 0 0 131.509809268868 17.9206794165498 "LDA" 10 5000 1.85353535353535
155.893 26.02 0 0 141.125050330658 18.404084066052 "LDA" 10 5000 1.88888888888889
165.732 26.66 0 0 154.611865666918 18.9878629376489 "LDA" 10 5000 1.92424242424242
174.69 27.432 0 0 160.897992728511 19.5953400928219 "LDA" 10 5000 1.95959595959596
184.743 28.018 0 0 169.52352396106 19.7858827742701 "LDA" 10 5000 1.99494949494949
197.797 28.709 0 0 185.552551964506 20.7544468985821 "LDA" 10 5000 2.03030303030303
208.494 29.274 0 0 198.71109698269 20.8778545068407 "LDA" 10 5000 2.06565656565657
216.652 29.985 0 0 206.051950493807 20.9660284591372 "LDA" 10 5000 2.1010101010101
226.9 30.748 0 0 215.113211341595 21.2617628281043 "LDA" 10 5000 2.13636363636364
242.525 31.268 0 0 235.720137787077 21.4030433879452 "LDA" 10 5000 2.17171717171717
255.355 31.95 0 0 258.223601561521 21.8951798096955 "LDA" 10 5000 2.20707070707071
268.837 32.654 0 0 268.800223197435 22.3187457176789 "LDA" 10 5000 2.24242424242424
282.919 33.618 0 0 277.813881928157 23.3007510823364 "LDA" 10 5000 2.27777777777778
296.027 34.235 0 0 288.974255585842 23.8348878091943 "LDA" 10 5000 2.31313131313131
313.037 35.156 0 0 299.258472334977 25.1129114664613 "LDA" 10 5000 2.34848484848485
333.372 35.707 0 0 326.245962494625 25.2833225149979 "LDA" 10 5000 2.38383838383838
353.767 36.338 0 0 341.278404914024 25.7580906752662 "LDA" 10 5000 2.41919191919192
371.589 37.484 0 0 357.08521101682 26.4829963012702 "LDA" 10 5000 2.45454545454545
398.426 38.208 0 0 408.527672726565 26.7895206081485 "LDA" 10 5000 2.48989898989899
424.105 38.823 0 0 424.842765444288 27.1204570424281 "LDA" 10 5000 2.52525252525253
440.038 39.578 0 0 437.940165027306 27.5369969713875 "LDA" 10 5000 2.56060606060606
460.366 39.956 0 0 460.575704986731 27.5525172208494 "LDA" 10 5000 2.5959595959596
491.45 40.686 0 0 489.484707400322 28.0975599808396 "LDA" 10 5000 2.63131313131313
515.466 41.202 0 0 515.436253454659 28.0332848781776 "LDA" 10 5000 2.66666666666667
551.05 41.863 0 0 550.175623520996 28.3279844977666 "LDA" 10 5000 2.7020202020202
586.41 42.583 0 0 586.168473546112 28.702246078137 "LDA" 10 5000 2.73737373737374
611.411 43.211 0 0 608.686610226041 29.292226161791 "LDA" 10 5000 2.77272727272727
641.405 43.844 0 0 633.970612657016 29.8033539036113 "LDA" 10 5000 2.80808080808081
670.338 44.404 0 0 657.45959942865 30.0787219394959 "LDA" 10 5000 2.84343434343434
697.934 45.086 0 0 689.414875466518 30.3818969727643 "LDA" 10 5000 2.87878787878788
733.979 45.833 0 0 719.418996309697 30.5125240700458 "LDA" 10 5000 2.91414141414141
774.056 46.718 0 0 743.182501876285 31.3923231691118 "LDA" 10 5000 2.94949494949495
816.035 47.636 0 0 778.520518658932 31.6876570861844 "LDA" 10 5000 2.98484848484848
868.097 48.113 0 0 829.120181799277 31.8452249065594 "LDA" 10 5000 3.02020202020202
905.174 48.996 0 0 875.147148916259 33.1350254853367 "LDA" 10 5000 3.05555555555556
956.241 49.558 0 0 930.029518792186 33.3213887908495 "LDA" 10 5000 3.09090909090909
1001.141 50.13 0 0 972.125924936133 33.5456466685382 "LDA" 10 5000 3.12626262626263
1060.426 51.051 0 0 1045.51964680529 34.6406462609082 "LDA" 10 5000 3.16161616161616
1108.496 51.872 0 0 1086.76126266353 34.9567101940041 "LDA" 10 5000 3.1969696969697
1149.327 52.659 0 0 1116.65780018487 35.312854836684 "LDA" 10 5000 3.23232323232323
1192.876 53.405 0 0 1171.31602732135 35.5597169345942 "LDA" 10 5000 3.26767676767677
1244.24924924925 54.225 1 0 1217.07621040789 36.0907871889755 "LDA" 10 5000 3.3030303030303
1300.7017017017 55.075 1 0 1261.45192815311 36.2529951128821 "LDA" 10 5000 3.33838383838384
1355.47447447447 55.714 1 0 1306.0910545535 36.5978634295447 "LDA" 10 5000 3.37373737373737
1398.79179179179 57.145 1 0 1354.14939791607 38.5495530848678 "LDA" 10 5000 3.40909090909091
1463.37337337337 57.799 1 0 1419.71899535905 38.7004175858778 "LDA" 10 5000 3.44444444444444
1528.94984954865 58.811 3 0 1479.94381320829 39.1825286262838 "LDA" 10 5000 3.47979797979798
1594.33400200602 59.768 3 0 1510.92565173725 39.848262949093 "LDA" 10 5000 3.51515151515152
1672.4186746988 60.705 4 0 1569.79570556128 40.5479482971841 "LDA" 10 5000 3.55050505050505
1730.78492462312 61.474 5 0 1626.648175759 41.0668943775131 "LDA" 10 5000 3.58585858585859
1840.0291750503 62.486 6 0 1711.63163741187 42.0238242644075 "LDA" 10 5000 3.62121212121212
1941.37033299697 63.559 9 0 1778.89844904308 42.9255299340628 "LDA" 10 5000 3.65656565656566
2021.60161779575 64.149 11 0 1863.65264662834 43.3477545765271 "LDA" 10 5000 3.69191919191919
2146.33097165992 64.884 12 0 1985.10823124052 43.6590959670566 "LDA" 10 5000 3.72727272727273
2221.99594320487 65.436 14 0 2032.28862662577 43.831256918814 "LDA" 10 5000 3.76262626262626
2341.3421319797 65.971 15 0 2117.18278829351 44.1353383026242 "LDA" 10 5000 3.7979797979798
2453.39918533605 66.435 18 0 2191.9687289709 44.1965055870496 "LDA" 10 5000 3.83333333333333
2562.15557830092 67.124 23 0 2264.79967185609 44.4623157462758 "LDA" 10 5000 3.86868686868687
2657.51702786378 68.145 31 0 2320.5569882046 44.8530017587092 "LDA" 10 5000 3.9040404040404
2750.14745586708 69.045 37 0 2371.32775492329 45.1979183904173 "LDA" 10 5000 3.93939393939394
2857.76931106472 69.743 42 0 2429.96012240238 45.4043666127775 "LDA" 10 5000 3.97474747474747
2929.25235602094 70.765 45 0 2471.13702391564 45.7722281724614 "LDA" 10 5000 4.01010101010101
2997.59723698193 71.323 59 0 2479.73153410332 45.9457907395954 "LDA" 10 5000 4.04545454545454
3054.64838709677 72.193 70 0 2504.0409060182 46.4899673915574 "LDA" 10 5000 4.08080808080808
3179.99783315276 72.943 77 0 2554.85848715075 47.0559242923886 "LDA" 10 5000 4.11616161616162
3279.65054945055 73.711 90 0 2590.50368011587 47.198147677045 "LDA" 10 5000 4.15151515151515
3337.5615982242 74.174 99 0 2626.82892515572 47.2844958474503 "LDA" 10 5000 4.18686868686869
3412.85442329227 74.772 107 0 2663.14067873775 47.3989100367579 "LDA" 10 5000 4.22222222222222
3493.2133938706 75.286 119 0 2685.12698359829 48.0165783432743 "LDA" 10 5000 4.25757575757576
3534.3972445465 76.073 129 0 2682.90928352499 48.3808679064295 "LDA" 10 5000 4.29292929292929
3594.18859138533 76.98 141 0 2712.67568119343 48.7322114050699 "LDA" 10 5000 4.32828282828283
3650.69185360094 77.761 153 0 2730.01586963013 48.6862838305948 "LDA" 10 5000 4.36363636363636
3698.07720144753 78.647 171 0 2751.29381225919 49.2663329522562 "LDA" 10 5000 4.3989898989899
3769.48708487085 79.419 187 0 2754.04675897732 49.4926556365888 "LDA" 10 5000 4.43434343434343
3820.51819322459 80.453 203 0 2782.72619459825 50.0656804943602 "LDA" 10 5000 4.46969696969697
3837.16988416988 81.209 223 0 2779.81816452141 50.5967325856952 "LDA" 10 5000 4.50505050505051
3923.83681462141 82.094 234 0 2808.51477242519 50.9866728155977 "LDA" 10 5000 4.54040404040404
3997.85885486019 82.933 249 0 2838.96231536304 51.4166527808178 "LDA" 10 5000 4.57575757575758
4036.25828729282 84.134 276 0 2870.72430479898 52.4954265990268 "LDA" 10 5000 4.61111111111111
4099.69971671388 84.753 294 0 2865.43662716731 52.6512501764692 "LDA" 10 5000 4.64646464646465
4131.93895348837 85.661 312 0 2860.53941570733 53.3699393800427 "LDA" 10 5000 4.68181818181818
4138.17293233083 86.475 335 0 2861.26411451323 54.5107952776494 "LDA" 10 5000 4.71717171717172
4192.07022900763 87.257 345 0 2887.6987072419 54.6986370204221 "LDA" 10 5000 4.75252525252525
4232.49528301887 88.218 364 0 2898.37141862334 55.2371760829753 "LDA" 10 5000 4.78787878787879
4245.67580645161 89.113 380 0 2872.70004873663 55.872981135975 "LDA" 10 5000 4.82323232323232
4320.29256198347 90.291 395 0 2878.67116005102 57.3088529253869 "LDA" 10 5000 4.85858585858586
4318.52226027397 91.657 416 0 2877.11557294573 58.4596859886015 "LDA" 10 5000 4.89393939393939
4332.52006980803 92.795 427 0 2889.72414144844 59.3107810077033 "LDA" 10 5000 4.92929292929293
4410.23362831858 93.317 435 0 2928.42104878005 59.3350584406905 "LDA" 10 5000 4.96464646464646
4387.91758241758 94.43 454 0 2911.42392328647 59.9129757620556 "LDA" 10 5000 5
33.672 13.645 0 0 26.0428617215284 9.22974339638774 "uLSIF" 10 5000 1.5
34.478 14.042 0 0 26.3327729442026 9.53662325895194 "uLSIF" 10 5000 1.53535353535354
35.71 14.489 0 0 27.5444476545927 9.76746038037945 "uLSIF" 10 5000 1.57070707070707
36.575 15.055 0 0 28.2329147002656 10.1401576811112 "uLSIF" 10 5000 1.60606060606061
38.158 15.399 0 0 30.035498450453 10.348085904257 "uLSIF" 10 5000 1.64141414141414
39.733 15.858 0 0 31.6369500364306 10.5652003984524 "uLSIF" 10 5000 1.67676767676768
40.831 16.243 0 0 32.0259285439017 10.9172862075764 "uLSIF" 10 5000 1.71212121212121
42.051 16.751 0 0 32.5974384268456 11.3025105948079 "uLSIF" 10 5000 1.74747474747475
43.456 17.246 0 0 33.2215552877305 11.613714408507 "uLSIF" 10 5000 1.78282828282828
45.188 17.618 0 0 35.3596515955822 11.7730489118444 "uLSIF" 10 5000 1.81818181818182
46.796 18.061 0 0 37.1108016027085 11.9947969617728 "uLSIF" 10 5000 1.85353535353535
48.192 18.464 0 0 37.7824118691045 12.1917735930152 "uLSIF" 10 5000 1.88888888888889
49.552 18.872 0 0 39.1636705262554 12.3590599303653 "uLSIF" 10 5000 1.92424242424242
50.844 19.492 0 0 39.8170448559541 12.9798463940222 "uLSIF" 10 5000 1.95959595959596
52.449 19.964 0 0 41.684565512933 13.2506710880726 "uLSIF" 10 5000 1.99494949494949
54.681 20.37 0 0 43.1530697219378 13.3346508358079 "uLSIF" 10 5000 2.03030303030303
56.498 20.852 0 0 44.3570461543997 13.6537365039948 "uLSIF" 10 5000 2.06565656565657
57.712 21.298 0 0 45.5716120828288 13.8292604445952 "uLSIF" 10 5000 2.1010101010101
59.378 21.92 0 0 46.5817235938407 14.5457615537716 "uLSIF" 10 5000 2.13636363636364
61.468 22.4 0 0 48.7312190254636 14.8766701689362 "uLSIF" 10 5000 2.17171717171717
63.303 22.817 0 0 51.0050851357951 15.0047543683212 "uLSIF" 10 5000 2.20707070707071
65.188 23.248 0 0 52.6362349454179 15.2660914955187 "uLSIF" 10 5000 2.24242424242424
66.829 23.724 0 0 54.6092843107556 15.5078792334193 "uLSIF" 10 5000 2.27777777777778
68.373 24.177 0 0 55.4097113068378 15.8366179934186 "uLSIF" 10 5000 2.31313131313131
69.855 24.558 0 0 55.7784295961101 15.951021004032 "uLSIF" 10 5000 2.34848484848485
71.635 24.946 0 0 57.5412614718497 16.0269756332238 "uLSIF" 10 5000 2.38383838383838
73.012 25.401 0 0 58.2399325698935 16.2953286783893 "uLSIF" 10 5000 2.41919191919192
74.667 25.831 0 0 58.8350207841441 16.5803904763533 "uLSIF" 10 5000 2.45454545454545
76.549 26.26 0 0 60.6506727341346 16.7932251938814 "uLSIF" 10 5000 2.48989898989899
78.428 26.606 0 0 61.3435885146268 16.9301918298463 "uLSIF" 10 5000 2.52525252525253
80.676 27.063 0 0 62.9803902302419 17.3071826005728 "uLSIF" 10 5000 2.56060606060606
81.689 27.744 0 0 63.5806635682562 18.2245053868849 "uLSIF" 10 5000 2.5959595959596
84.41 28.309 0 0 66.2417683329172 18.4919840058462 "uLSIF" 10 5000 2.63131313131313
85.928 28.883 0 0 68.2288501441435 18.8969416945019 "uLSIF" 10 5000 2.66666666666667
88.255 29.363 0 0 70.5422865321871 19.2751332488718 "uLSIF" 10 5000 2.7020202020202
90.308 29.9 0 0 72.6024396990229 19.6077143609974 "uLSIF" 10 5000 2.73737373737374
91.834 30.482 0 0 73.8343006193459 20.1094023795851 "uLSIF" 10 5000 2.77272727272727
94.059 30.771 0 0 77.1892070997798 20.2149252336535 "uLSIF" 10 5000 2.80808080808081
95.832 31.391 0 0 78.6638276069362 20.6750956123201 "uLSIF" 10 5000 2.84343434343434
98.26 31.819 0 0 80.8221542686201 20.7278528285706 "uLSIF" 10 5000 2.87878787878788
100.539 32.339 0 0 85.9181494645189 20.8658923716304 "uLSIF" 10 5000 2.91414141414141
102.54 32.969 0 0 86.599317790857 21.4155238942143 "uLSIF" 10 5000 2.94949494949495
104.989 33.448 0 0 88.5822764366479 21.7084903794473 "uLSIF" 10 5000 2.98484848484848
107.265 34.244 0 0 91.5824553128006 22.650198575189 "uLSIF" 10 5000 3.02020202020202
110.587 35.11 0 0 97.6908590142135 23.0349844912149 "uLSIF" 10 5000 3.05555555555556
113.221 35.484 0 0 99.5574901896028 23.1405970370522 "uLSIF" 10 5000 3.09090909090909
115.18 35.983 0 0 99.9440864704882 23.4067209490263 "uLSIF" 10 5000 3.12626262626263
117.953 36.598 0 0 101.422281922023 23.5848392116767 "uLSIF" 10 5000 3.16161616161616
120.437 37.003 0 0 103.031905760326 23.7622733894852 "uLSIF" 10 5000 3.1969696969697
123.134 37.408 0 0 105.79558000573 23.8194227659047 "uLSIF" 10 5000 3.23232323232323
124.569 37.961 0 0 106.764562992179 24.0597246316193 "uLSIF" 10 5000 3.26767676767677
127.665 38.352 0 0 111.088863125475 24.1624485497625 "uLSIF" 10 5000 3.3030303030303
131.03 38.912 0 0 113.26280750345 24.3133583734414 "uLSIF" 10 5000 3.33838383838384
133.666 39.396 0 0 118.585956474926 24.477588450179 "uLSIF" 10 5000 3.37373737373737
137.727 39.856 0 0 126.131025154426 24.9040453636648 "uLSIF" 10 5000 3.40909090909091
140.648 40.525 0 0 127.363132277215 25.2110486091311 "uLSIF" 10 5000 3.44444444444444
142.147 41.068 0 0 127.95848062463 25.5409811424252 "uLSIF" 10 5000 3.47979797979798
145.065 41.469 0 0 132.395148137121 25.5883137545404 "uLSIF" 10 5000 3.51515151515152
146.928 41.992 0 0 132.533217986548 25.927633485881 "uLSIF" 10 5000 3.55050505050505
150.764 42.816 0 0 135.460702441357 27.564142031377 "uLSIF" 10 5000 3.58585858585859
154.493 43.274 0 0 138.249733959744 28.0347797008087 "uLSIF" 10 5000 3.62121212121212
157.065 43.883 0 0 140.525528638747 28.2593684094833 "uLSIF" 10 5000 3.65656565656566
159.852 44.22 0 0 142.229178564861 28.4253337640845 "uLSIF" 10 5000 3.69191919191919
163.641 44.666 0 0 144.380718625829 28.5115301474921 "uLSIF" 10 5000 3.72727272727273
165.532 45.291 0 0 144.980662049697 28.6065491392033 "uLSIF" 10 5000 3.76262626262626
168.35 45.806 0 0 146.598453629657 28.9712909567334 "uLSIF" 10 5000 3.7979797979798
170.631 46.206 0 0 150.604649993284 29.2135755599515 "uLSIF" 10 5000 3.83333333333333
173.014 46.556 0 0 151.307910856927 29.3190120650145 "uLSIF" 10 5000 3.86868686868687
175.299 47.032 0 0 154.532248462303 29.4002270288743 "uLSIF" 10 5000 3.9040404040404
178.246 48.13 0 0 157.249467022559 30.7598971271243 "uLSIF" 10 5000 3.93939393939394
181.767 48.713 0 0 159.132906694351 31.0634442483213 "uLSIF" 10 5000 3.97474747474747
185.459 49.729 0 0 162.396178642965 32.6450801846199 "uLSIF" 10 5000 4.01010101010101
189.443 50.228 0 0 165.615413582843 32.7004485494517 "uLSIF" 10 5000 4.04545454545454
193.07 51.049 0 0 168.531041092767 33.206705411472 "uLSIF" 10 5000 4.08080808080808
196.139 51.68 0 0 171.291308569324 33.8087064027689 "uLSIF" 10 5000 4.11616161616162
198.385 52.11 0 0 171.860305887484 33.9388825353421 "uLSIF" 10 5000 4.15151515151515
202.078 52.89 0 0 178.815712326895 34.1414929600558 "uLSIF" 10 5000 4.18686868686869
205.969 53.367 0 0 181.36323404059 34.2915473728034 "uLSIF" 10 5000 4.22222222222222
209.908 53.958 0 0 186.626426207434 34.320666429196 "uLSIF" 10 5000 4.25757575757576
214.057 54.372 0 0 188.213894867571 34.4613290399427 "uLSIF" 10 5000 4.29292929292929
219.303 54.816 0 0 191.99092089134 34.6338511812886 "uLSIF" 10 5000 4.32828282828283
222.938 55.336 0 0 198.356627082403 34.8984671154337 "uLSIF" 10 5000 4.36363636363636
230.879 56.06 0 0 207.113409327652 35.3528531270706 "uLSIF" 10 5000 4.3989898989899
234.54 56.551 0 0 209.408902600841 35.4676945452669 "uLSIF" 10 5000 4.43434343434343
239.516 57.088 0 0 212.28905856965 35.7505574552112 "uLSIF" 10 5000 4.46969696969697
242.329 57.565 0 0 215.434832202051 35.846153513616 "uLSIF" 10 5000 4.50505050505051
246.642 58.123 0 0 218.143389481264 35.8812114111596 "uLSIF" 10 5000 4.54040404040404
250.322 59.101 0 0 222.173944416481 36.9021756752846 "uLSIF" 10 5000 4.57575757575758
255.298 59.655 0 0 225.046357577853 37.4874817277219 "uLSIF" 10 5000 4.61111111111111
261.678 60.296 0 0 232.667828963599 37.6904623871206 "uLSIF" 10 5000 4.64646464646465
263.875 61.05 0 0 233.625392881851 38.0893199768163 "uLSIF" 10 5000 4.68181818181818
265.515 61.664 0 0 233.593025316418 38.3181338713589 "uLSIF" 10 5000 4.71717171717172
269.361 62.509 0 0 235.537263466912 39.0595899949112 "uLSIF" 10 5000 4.75252525252525
273.419 62.967 0 0 240.900100243436 39.1718309929896 "uLSIF" 10 5000 4.78787878787879
281.928 63.562 0 0 248.868536308559 39.5486314586264 "uLSIF" 10 5000 4.82323232323232
286.566 64.002 0 0 255.213588234678 39.9481645617399 "uLSIF" 10 5000 4.85858585858586
290.289 64.669 0 0 258.425229182598 40.368986785577 "uLSIF" 10 5000 4.89393939393939
294.844 65.179 0 0 260.163222932386 40.5317626409558 "uLSIF" 10 5000 4.92929292929293
298.216 65.889 0 0 263.564442896912 40.6464612704946 "uLSIF" 10 5000 4.96464646464646
304.261 66.391 0 0 270.457975285247 40.7585743173186 "uLSIF" 10 5000 5
