120.015 14.095 0 0 "KDE LDA" 65 2000 2.5
120.625 14.325 0 0 "KDE LDA" 65 2000 2.51010101010101
123.405 14.37 0 0 "KDE LDA" 65 2000 2.52020202020202
123.515 14.695 0 0 "KDE LDA" 65 2000 2.53030303030303
123.835 14.72 0 0 "KDE LDA" 65 2000 2.54040404040404
126.37 14.73 0 0 "KDE LDA" 65 2000 2.55050505050505
126.39 14.775 0 0 "KDE LDA" 65 2000 2.56060606060606
128.87 14.78 0 0 "KDE LDA" 65 2000 2.57070707070707
128.9 14.795 0 0 "KDE LDA" 65 2000 2.58080808080808
128.91 14.825 0 0 "KDE LDA" 65 2000 2.59090909090909
129.75 14.875 0 0 "KDE LDA" 65 2000 2.6010101010101
129.77 15.03 0 0 "KDE LDA" 65 2000 2.61111111111111
132.08 15.055 0 0 "KDE LDA" 65 2000 2.62121212121212
134.69 15.06 0 0 "KDE LDA" 65 2000 2.63131313131313
135.105 15.075 0 0 "KDE LDA" 65 2000 2.64141414141414
137.68 15.33 0 0 "KDE LDA" 65 2000 2.65151515151515
142.855 15.5 0 0 "KDE LDA" 65 2000 2.66161616161616
155.25 15.645 0 0 "KDE LDA" 65 2000 2.67171717171717
159.915 15.65 0 0 "KDE LDA" 65 2000 2.68181818181818
165.455 15.665 0 0 "KDE LDA" 65 2000 2.69191919191919
165.89 15.675 0 0 "KDE LDA" 65 2000 2.7020202020202
167.465 15.685 0 0 "KDE LDA" 65 2000 2.71212121212121
168.335 15.87 0 0 "KDE LDA" 65 2000 2.72222222222222
169.07 15.925 0 0 "KDE LDA" 65 2000 2.73232323232323
169.095 15.935 0 0 "KDE LDA" 65 2000 2.74242424242424
169.105 15.96 0 0 "KDE LDA" 65 2000 2.75252525252525
173.01 15.97 0 0 "KDE LDA" 65 2000 2.76262626262626
177.375 16.005 0 0 "KDE LDA" 65 2000 2.77272727272727
179.495 16.05 0 0 "KDE LDA" 65 2000 2.78282828282828
193.485 16.09 0 0 "KDE LDA" 65 2000 2.79292929292929
217.155 16.65 0 0 "KDE LDA" 65 2000 2.8030303030303
218.415 16.715 0 0 "KDE LDA" 65 2000 2.81313131313131
222.32 16.725 0 0 "KDE LDA" 65 2000 2.82323232323232
222.345 16.76 0 0 "KDE LDA" 65 2000 2.83333333333333
222.645 16.815 0 0 "KDE LDA" 65 2000 2.84343434343434
223.125 16.885 0 0 "KDE LDA" 65 2000 2.85353535353535
225.71 16.92 0 0 "KDE LDA" 65 2000 2.86363636363636
229.27 16.935 0 0 "KDE LDA" 65 2000 2.87373737373737
231.255 16.975 0 0 "KDE LDA" 65 2000 2.88383838383838
231.91 16.985 0 0 "KDE LDA" 65 2000 2.89393939393939
231.935 17.18 0 0 "KDE LDA" 65 2000 2.9040404040404
238.215 17.22 0 0 "KDE LDA" 65 2000 2.91414141414141
245.15 17.27 0 0 "KDE LDA" 65 2000 2.92424242424242
246.46 17.4 0 0 "KDE LDA" 65 2000 2.93434343434343
246.91 17.405 0 0 "KDE LDA" 65 2000 2.94444444444444
251.59 17.445 0 0 "KDE LDA" 65 2000 2.95454545454545
252.66 17.485 0 0 "KDE LDA" 65 2000 2.96464646464646
252.755 17.49 0 0 "KDE LDA" 65 2000 2.97474747474747
254.96 17.74 0 0 "KDE LDA" 65 2000 2.98484848484848
257.87 17.905 0 0 "KDE LDA" 65 2000 2.99494949494949
257.87 17.92 0 0 "KDE LDA" 65 2000 3.00505050505051
259.32 18.01 0 0 "KDE LDA" 65 2000 3.01515151515152
260.385 18.09 0 0 "KDE LDA" 65 2000 3.02525252525253
264.21 18.135 0 0 "KDE LDA" 65 2000 3.03535353535354
266.95 18.16 0 0 "KDE LDA" 65 2000 3.04545454545455
276.695 18.165 0 0 "KDE LDA" 65 2000 3.05555555555556
276.695 18.195 0 0 "KDE LDA" 65 2000 3.06565656565657
276.695 18.205 0 0 "KDE LDA" 65 2000 3.07575757575758
283.485 18.315 0 0 "KDE LDA" 65 2000 3.08585858585859
290.13 18.375 0 0 "KDE LDA" 65 2000 3.0959595959596
292.415 18.395 0 0 "KDE LDA" 65 2000 3.10606060606061
298.51 18.425 0 0 "KDE LDA" 65 2000 3.11616161616162
301.955 18.655 0 0 "KDE LDA" 65 2000 3.12626262626263
305.115 18.665 0 0 "KDE LDA" 65 2000 3.13636363636364
313.84 18.7 0 0 "KDE LDA" 65 2000 3.14646464646465
321.325 18.72 0 0 "KDE LDA" 65 2000 3.15656565656566
321.33 18.75 0 0 "KDE LDA" 65 2000 3.16666666666667
326.525 18.79 0 0 "KDE LDA" 65 2000 3.17676767676768
328.68 18.8 0 0 "KDE LDA" 65 2000 3.18686868686869
338.465 18.97 0 0 "KDE LDA" 65 2000 3.1969696969697
351.84 19.055 0 0 "KDE LDA" 65 2000 3.20707070707071
354.215 19.305 0 0 "KDE LDA" 65 2000 3.21717171717172
377.575 19.59 0 0 "KDE LDA" 65 2000 3.22727272727273
381.84 19.615 0 0 "KDE LDA" 65 2000 3.23737373737374
383.65 19.76 0 0 "KDE LDA" 65 2000 3.24747474747475
394.43 19.925 0 0 "KDE LDA" 65 2000 3.25757575757576
394.445 19.93 0 0 "KDE LDA" 65 2000 3.26767676767677
407.115 20.325 0 0 "KDE LDA" 65 2000 3.27777777777778
410.235 20.415 0 0 "KDE LDA" 65 2000 3.28787878787879
410.245 20.445 0 0 "KDE LDA" 65 2000 3.2979797979798
413.275 20.59 0 0 "KDE LDA" 65 2000 3.30808080808081
421.82 20.69 0 0 "KDE LDA" 65 2000 3.31818181818182
425.15 20.7 0 0 "KDE LDA" 65 2000 3.32828282828283
433.86 20.775 0 0 "KDE LDA" 65 2000 3.33838383838384
438.93 20.865 0 0 "KDE LDA" 65 2000 3.34848484848485
478.995 21.115 0 0 "KDE LDA" 65 2000 3.35858585858586
479 21.125 0 0 "KDE LDA" 65 2000 3.36868686868687
485.845 21.14 0 0 "KDE LDA" 65 2000 3.37878787878788
493.38 21.22 0 0 "KDE LDA" 65 2000 3.38888888888889
495.835 21.345 0 0 "KDE LDA" 65 2000 3.3989898989899
495.835 21.475 0 0 "KDE LDA" 65 2000 3.40909090909091
497.305 21.52 0 0 "KDE LDA" 65 2000 3.41919191919192
498.98 21.545 0 0 "KDE LDA" 65 2000 3.42929292929293
498.98 21.58 0 0 "KDE LDA" 65 2000 3.43939393939394
498.995 21.585 0 0 "KDE LDA" 65 2000 3.44949494949495
500.26 21.63 0 0 "KDE LDA" 65 2000 3.45959595959596
500.26 21.64 0 0 "KDE LDA" 65 2000 3.46969696969697
500.435 21.665 0 0 "KDE LDA" 65 2000 3.47979797979798
504.695 21.795 0 0 "KDE LDA" 65 2000 3.48989898989899
508.385 21.83 0 0 "KDE LDA" 65 2000 3.5
97.79 12.085 0 0 "KDE QDA" 65 2000 2.7
97.83 12.185 0 0 "KDE QDA" 65 2000 2.71010101010101
97.83 12.24 0 0 "KDE QDA" 65 2000 2.72020202020202
97.93 12.255 0 0 "KDE QDA" 65 2000 2.73030303030303
97.935 12.255 0 0 "KDE QDA" 65 2000 2.74040404040404
97.96 12.285 0 0 "KDE QDA" 65 2000 2.75050505050505
98.97 12.295 0 0 "KDE QDA" 65 2000 2.76060606060606
98.995 12.295 0 0 "KDE QDA" 65 2000 2.77070707070707
98.995 12.3 0 0 "KDE QDA" 65 2000 2.78080808080808
99.01 12.3 0 0 "KDE QDA" 65 2000 2.79090909090909
119.74 13.585 0 0 "KDE QDA" 65 2000 2.8010101010101
119.74 13.585 0 0 "KDE QDA" 65 2000 2.81111111111111
120.24 13.65 0 0 "KDE QDA" 65 2000 2.82121212121212
120.69 13.78 0 0 "KDE QDA" 65 2000 2.83131313131313
122.31 13.78 0 0 "KDE QDA" 65 2000 2.84141414141414
127.77 13.78 0 0 "KDE QDA" 65 2000 2.85151515151515
127.77 13.79 0 0 "KDE QDA" 65 2000 2.86161616161616
128.04 13.79 0 0 "KDE QDA" 65 2000 2.87171717171717
128.04 13.79 0 0 "KDE QDA" 65 2000 2.88181818181818
128.685 13.9 0 0 "KDE QDA" 65 2000 2.89191919191919
128.685 13.905 0 0 "KDE QDA" 65 2000 2.9020202020202
129.82 13.905 0 0 "KDE QDA" 65 2000 2.91212121212121
129.82 13.905 0 0 "KDE QDA" 65 2000 2.92222222222222
131.22 13.905 0 0 "KDE QDA" 65 2000 2.93232323232323
131.845 13.905 0 0 "KDE QDA" 65 2000 2.94242424242424
133.66 13.93 0 0 "KDE QDA" 65 2000 2.95252525252525
136.73 14.12 0 0 "KDE QDA" 65 2000 2.96262626262626
136.755 14.125 0 0 "KDE QDA" 65 2000 2.97272727272727
136.76 14.21 0 0 "KDE QDA" 65 2000 2.98282828282828
136.79 14.215 0 0 "KDE QDA" 65 2000 2.99292929292929
137.84 14.215 0 0 "KDE QDA" 65 2000 3.0030303030303
138.275 14.25 0 0 "KDE QDA" 65 2000 3.01313131313131
138.335 14.385 0 0 "KDE QDA" 65 2000 3.02323232323232
139.39 14.385 0 0 "KDE QDA" 65 2000 3.03333333333333
140.015 14.495 0 0 "KDE QDA" 65 2000 3.04343434343434
140.015 14.5 0 0 "KDE QDA" 65 2000 3.05353535353535
140.02 14.5 0 0 "KDE QDA" 65 2000 3.06363636363636
140.025 14.605 0 0 "KDE QDA" 65 2000 3.07373737373737
140.03 14.605 0 0 "KDE QDA" 65 2000 3.08383838383838
149.815 14.87 0 0 "KDE QDA" 65 2000 3.09393939393939
150.24 15.01 0 0 "KDE QDA" 65 2000 3.1040404040404
150.24 15.045 0 0 "KDE QDA" 65 2000 3.11414141414141
150.28 15.1 0 0 "KDE QDA" 65 2000 3.12424242424242
151.75 15.155 0 0 "KDE QDA" 65 2000 3.13434343434343
151.77 15.19 0 0 "KDE QDA" 65 2000 3.14444444444444
152.73 15.21 0 0 "KDE QDA" 65 2000 3.15454545454545
152.735 15.21 0 0 "KDE QDA" 65 2000 3.16464646464646
155.5 15.215 0 0 "KDE QDA" 65 2000 3.17474747474748
155.5 15.23 0 0 "KDE QDA" 65 2000 3.18484848484849
155.52 15.23 0 0 "KDE QDA" 65 2000 3.19494949494949
155.545 15.26 0 0 "KDE QDA" 65 2000 3.20505050505051
155.545 15.26 0 0 "KDE QDA" 65 2000 3.21515151515152
174.37 15.55 0 0 "KDE QDA" 65 2000 3.22525252525253
177.62 15.69 0 0 "KDE QDA" 65 2000 3.23535353535354
177.625 15.725 0 0 "KDE QDA" 65 2000 3.24545454545455
178.78 15.81 0 0 "KDE QDA" 65 2000 3.25555555555556
179.765 15.815 0 0 "KDE QDA" 65 2000 3.26565656565657
180.04 15.82 0 0 "KDE QDA" 65 2000 3.27575757575758
180.085 15.895 0 0 "KDE QDA" 65 2000 3.28585858585859
180.09 15.895 0 0 "KDE QDA" 65 2000 3.2959595959596
180.995 15.945 0 0 "KDE QDA" 65 2000 3.30606060606061
180.995 15.945 0 0 "KDE QDA" 65 2000 3.31616161616162
180.995 15.955 0 0 "KDE QDA" 65 2000 3.32626262626263
181 15.975 0 0 "KDE QDA" 65 2000 3.33636363636364
181 15.975 0 0 "KDE QDA" 65 2000 3.34646464646465
182.585 15.98 0 0 "KDE QDA" 65 2000 3.35656565656566
204.685 16.55 0 0 "KDE QDA" 65 2000 3.36666666666667
204.685 16.555 0 0 "KDE QDA" 65 2000 3.37676767676768
211.03 16.78 0 0 "KDE QDA" 65 2000 3.38686868686869
211.655 16.795 0 0 "KDE QDA" 65 2000 3.3969696969697
211.665 16.795 0 0 "KDE QDA" 65 2000 3.40707070707071
211.695 16.82 0 0 "KDE QDA" 65 2000 3.41717171717172
214.865 16.835 0 0 "KDE QDA" 65 2000 3.42727272727273
214.88 16.835 0 0 "KDE QDA" 65 2000 3.43737373737374
214.88 16.84 0 0 "KDE QDA" 65 2000 3.44747474747475
215.285 16.84 0 0 "KDE QDA" 65 2000 3.45757575757576
215.285 16.86 0 0 "KDE QDA" 65 2000 3.46767676767677
215.295 16.86 0 0 "KDE QDA" 65 2000 3.47777777777778
220.17 16.86 0 0 "KDE QDA" 65 2000 3.48787878787879
220.175 16.865 0 0 "KDE QDA" 65 2000 3.4979797979798
220.51 16.935 0 0 "KDE QDA" 65 2000 3.50808080808081
229.245 17.035 0 0 "KDE QDA" 65 2000 3.51818181818182
233.025 17.06 0 0 "KDE QDA" 65 2000 3.52828282828283
235.125 17.075 0 0 "KDE QDA" 65 2000 3.53838383838384
238.86 17.125 0 0 "KDE QDA" 65 2000 3.54848484848485
240.145 17.315 0 0 "KDE QDA" 65 2000 3.55858585858586
241.015 17.32 0 0 "KDE QDA" 65 2000 3.56868686868687
241.275 17.365 0 0 "KDE QDA" 65 2000 3.57878787878788
244.475 17.375 0 0 "KDE QDA" 65 2000 3.58888888888889
244.475 17.38 0 0 "KDE QDA" 65 2000 3.5989898989899
244.475 17.38 0 0 "KDE QDA" 65 2000 3.60909090909091
245.435 17.385 0 0 "KDE QDA" 65 2000 3.61919191919192
248.775 17.385 0 0 "KDE QDA" 65 2000 3.62929292929293
249.72 17.385 0 0 "KDE QDA" 65 2000 3.63939393939394
250.01 17.39 0 0 "KDE QDA" 65 2000 3.64949494949495
260.14 17.705 0 0 "KDE QDA" 65 2000 3.65959595959596
261.27 17.705 0 0 "KDE QDA" 65 2000 3.66969696969697
262.285 17.805 0 0 "KDE QDA" 65 2000 3.67979797979798
262.51 17.805 0 0 "KDE QDA" 65 2000 3.68989898989899
262.685 17.81 0 0 "KDE QDA" 65 2000 3.7
