25.014 0 19.8235914702351 "LDA" 24 1 2 1.5
25.966 0 20.6759846280737 "LDA" 24 1 2 1.53535353535354
27.11 0 21.822147147018 "LDA" 24 1 2 1.57070707070707
28.116 0 22.8430810170246 "LDA" 24 1 2 1.60606060606061
29.273 0 24.0585803048785 "LDA" 24 1 2 1.64141414141414
30.59 0 25.1135937809106 "LDA" 24 1 2 1.67676767676768
31.636 0 25.9072323625795 "LDA" 24 1 2 1.71212121212121
32.647 0 26.4601687736781 "LDA" 24 1 2 1.74747474747475
33.699 0 27.5671969802762 "LDA" 24 1 2 1.78282828282828
34.61 0 28.3307347333339 "LDA" 24 1 2 1.81818181818182
35.856 0 29.3054273483952 "LDA" 24 1 2 1.85353535353535
36.998 0 29.8152468536644 "LDA" 24 1 2 1.88888888888889
38.212 0 30.7034160274676 "LDA" 24 1 2 1.92424242424242
39.39 0 31.7709189557257 "LDA" 24 1 2 1.95959595959596
40.963 0 33.2027115014881 "LDA" 24 1 2 1.99494949494949
42.045 0 33.7732973014275 "LDA" 24 1 2 2.03030303030303
43.624 0 35.7193294239197 "LDA" 24 1 2 2.06565656565657
45.031 0 36.6349581569184 "LDA" 24 1 2 2.1010101010101
46.248 0 37.5362953615493 "LDA" 24 1 2 2.13636363636364
47.447 0 38.4263161488683 "LDA" 24 1 2 2.17171717171717
48.859 0 39.2163363923766 "LDA" 24 1 2 2.20707070707071
50.123 0 40.2406906524252 "LDA" 24 1 2 2.24242424242424
51.525 0 41.0270714967032 "LDA" 24 1 2 2.27777777777778
53.581 0 42.8842219877602 "LDA" 24 1 2 2.31313131313131
55.204 0 44.4050243800202 "LDA" 24 1 2 2.34848484848485
56.993 0 46.827147390512 "LDA" 24 1 2 2.38383838383838
58.464 0 48.7803877621963 "LDA" 24 1 2 2.41919191919192
60.151 0 49.7896898183973 "LDA" 24 1 2 2.45454545454545
61.696 0 50.7527874055153 "LDA" 24 1 2 2.48989898989899
63.492 0 53.1326548839319 "LDA" 24 1 2 2.52525252525253
65.154 0 54.7408151276617 "LDA" 24 1 2 2.56060606060606
67.257 0 55.6703164634003 "LDA" 24 1 2 2.5959595959596
68.668 0 56.5692483232353 "LDA" 24 1 2 2.63131313131313
70.922 0 59.4002382512419 "LDA" 24 1 2 2.66666666666667
72.416 0 60.78754864337 "LDA" 24 1 2 2.7020202020202
73.899 0 63.8120425607563 "LDA" 24 1 2 2.73737373737374
75.421 0 64.8498979819419 "LDA" 24 1 2 2.77272727272727
77.825 0 66.9907466381375 "LDA" 24 1 2 2.80808080808081
79.313 0 67.6327377696498 "LDA" 24 1 2 2.84343434343434
81.024 0 68.753228509143 "LDA" 24 1 2 2.87878787878788
83.278 0 70.2043543333842 "LDA" 24 1 2 2.91414141414141
85.071 0 72.2616475366062 "LDA" 24 1 2 2.94949494949495
87.687 0 74.8409259375858 "LDA" 24 1 2 2.98484848484848
90.276 0 76.1321477953166 "LDA" 24 1 2 3.02020202020202
92.496 0 77.8080463453239 "LDA" 24 1 2 3.05555555555556
94.163 0 78.8401560196401 "LDA" 24 1 2 3.09090909090909
96.037 0 80.391656591026 "LDA" 24 1 2 3.12626262626263
97.965 0 80.8283923136172 "LDA" 24 1 2 3.16161616161616
99.884 0 82.1294697035954 "LDA" 24 1 2 3.1969696969697
102.049 0 83.5702494048306 "LDA" 24 1 2 3.23232323232323
104.735 0 88.0634881943303 "LDA" 24 1 2 3.26767676767677
107.243 0 89.3887817642981 "LDA" 24 1 2 3.3030303030303
110.459 0 91.9855078403802 "LDA" 24 1 2 3.33838383838384
111.947 0 93.2331304183637 "LDA" 24 1 2 3.37373737373737
114.149 0 94.2102561899254 "LDA" 24 1 2 3.40909090909091
115.838 0 96.1535920767876 "LDA" 24 1 2 3.44444444444444
119.15 0 99.9610109177759 "LDA" 24 1 2 3.47979797979798
121.718 0 101.448924885187 "LDA" 24 1 2 3.51515151515152
124.882 0 103.165901727651 "LDA" 24 1 2 3.55050505050505
127.627 0 104.959603607242 "LDA" 24 1 2 3.58585858585859
129.76 0 106.625819881797 "LDA" 24 1 2 3.62121212121212
131.716 0 107.970722980913 "LDA" 24 1 2 3.65656565656566
134.004 0 111.771520777239 "LDA" 24 1 2 3.69191919191919
136.312 0 113.538335418526 "LDA" 24 1 2 3.72727272727273
139.311 0 117.242313347354 "LDA" 24 1 2 3.76262626262626
141.091 0 118.837119537542 "LDA" 24 1 2 3.7979797979798
142.889 0 119.315090285218 "LDA" 24 1 2 3.83333333333333
145.018 0 120.989016104843 "LDA" 24 1 2 3.86868686868687
147.627 0 123.097176189325 "LDA" 24 1 2 3.9040404040404
150.216 0 129.486687138664 "LDA" 24 1 2 3.93939393939394
155.994 0 139.110185132533 "LDA" 24 1 2 3.97474747474747
157.653 0 139.531392885618 "LDA" 24 1 2 4.01010101010101
160.233 0 140.681000333573 "LDA" 24 1 2 4.04545454545454
163.116 0 143.361707310994 "LDA" 24 1 2 4.08080808080808
166.043 0 144.663439270818 "LDA" 24 1 2 4.11616161616162
169.339 0 147.288961287386 "LDA" 24 1 2 4.15151515151515
173.826 0 154.4454827152 "LDA" 24 1 2 4.18686868686869
176.787 0 157.47844008019 "LDA" 24 1 2 4.22222222222222
178.897 0 159.652877933448 "LDA" 24 1 2 4.25757575757576
181.671 0 160.951807207137 "LDA" 24 1 2 4.29292929292929
185.007 0 162.739531479312 "LDA" 24 1 2 4.32828282828283
187.169 0 163.413274666832 "LDA" 24 1 2 4.36363636363636
189.828 0 164.474290417099 "LDA" 24 1 2 4.3989898989899
192.13 0 165.581564053352 "LDA" 24 1 2 4.43434343434343
195.826 0 168.077755386773 "LDA" 24 1 2 4.46969696969697
199.961 0 172.204593146934 "LDA" 24 1 2 4.50505050505051
202.059 0 174.117915699584 "LDA" 24 1 2 4.54040404040404
205.274 0 174.929663897554 "LDA" 24 1 2 4.57575757575758
208.372 0 177.159852193518 "LDA" 24 1 2 4.61111111111111
212.272 0 179.295881238329 "LDA" 24 1 2 4.64646464646465
214.686 0 179.935138475113 "LDA" 24 1 2 4.68181818181818
218.613 0 184.825619817007 "LDA" 24 1 2 4.71717171717172
222.44 0 188.583440720849 "LDA" 24 1 2 4.75252525252525
227.672 0 193.975975561653 "LDA" 24 1 2 4.78787878787879
231.501 0 196.234395397282 "LDA" 24 1 2 4.82323232323232
236.107 0 200.661263061642 "LDA" 24 1 2 4.85858585858586
239.203 0 205.616326844112 "LDA" 24 1 2 4.89393939393939
242.422 0 206.801060429086 "LDA" 24 1 2 4.92929292929293
244.084 0 207.405641302362 "LDA" 24 1 2 4.96464646464646
248.786 0 210.496144455975 "LDA" 24 1 2 5
28.425 0 23.440645017551 "uLSIF" 24 1 2 1.5
29.826 0 24.2709456511855 "uLSIF" 24 1 2 1.53535353535354
30.666 0 24.6063796182599 "uLSIF" 24 1 2 1.57070707070707
32.026 0 25.8562926938854 "uLSIF" 24 1 2 1.60606060606061
33.157 0 26.9228748872068 "uLSIF" 24 1 2 1.64141414141414
34.098 0 27.4450291605898 "uLSIF" 24 1 2 1.67676767676768
35.715 0 28.6350439276901 "uLSIF" 24 1 2 1.71212121212121
37.062 0 29.5303267201058 "uLSIF" 24 1 2 1.74747474747475
38.381 0 30.1473498288274 "uLSIF" 24 1 2 1.78282828282828
39.955 0 31.371821212135 "uLSIF" 24 1 2 1.81818181818182
41.399 0 32.6396867041972 "uLSIF" 24 1 2 1.85353535353535
43.712 0 36.097119802805 "uLSIF" 24 1 2 1.88888888888889
46.044 0 37.4419545959337 "uLSIF" 24 1 2 1.92424242424242
47.718 0 38.8909627417859 "uLSIF" 24 1 2 1.95959595959596
49.532 0 41.2446614496725 "uLSIF" 24 1 2 1.99494949494949
51.577 0 43.2861150804592 "uLSIF" 24 1 2 2.03030303030303
53.236 0 45.1627498938891 "uLSIF" 24 1 2 2.06565656565657
56.023 0 49.5007555073233 "uLSIF" 24 1 2 2.1010101010101
57.585 0 50.8273173715788 "uLSIF" 24 1 2 2.13636363636364
59.954 0 54.2340595679248 "uLSIF" 24 1 2 2.17171717171717
62.252 0 56.2906131528973 "uLSIF" 24 1 2 2.20707070707071
64.223 0 58.3487947849212 "uLSIF" 24 1 2 2.24242424242424
65.912 0 59.92182307708 "uLSIF" 24 1 2 2.27777777777778
68.478 0 61.7295719736988 "uLSIF" 24 1 2 2.31313131313131
70.248 0 63.5794057603312 "uLSIF" 24 1 2 2.34848484848485
72.111 0 65.5528019908291 "uLSIF" 24 1 2 2.38383838383838
74.447 0 66.8685620870944 "uLSIF" 24 1 2 2.41919191919192
77.83 0 70.9071288441502 "uLSIF" 24 1 2 2.45454545454545
80.135 0 72.3514720687182 "uLSIF" 24 1 2 2.48989898989899
81.996 0 72.8492759126747 "uLSIF" 24 1 2 2.52525252525253
84.136 0 73.3482888380873 "uLSIF" 24 1 2 2.56060606060606
87.025 0 75.4560135773484 "uLSIF" 24 1 2 2.5959595959596
90.642 0 80.1999992261588 "uLSIF" 24 1 2 2.63131313131313
93.943 0 83.7536173512489 "uLSIF" 24 1 2 2.66666666666667
96.565 0 86.1211741189798 "uLSIF" 24 1 2 2.7020202020202
98.627 0 87.9262241421289 "uLSIF" 24 1 2 2.73737373737374
101.107 0 90.3918372157311 "uLSIF" 24 1 2 2.77272727272727
104.069 0 93.0946123352251 "uLSIF" 24 1 2 2.80808080808081
106.101 0 94.2162273522799 "uLSIF" 24 1 2 2.84343434343434
109.536 0 96.4233278940432 "uLSIF" 24 1 2 2.87878787878788
112.466 0 101.636828408254 "uLSIF" 24 1 2 2.91414141414141
116.469 0 105.926840482167 "uLSIF" 24 1 2 2.94949494949495
118.698 0 108.15350191268 "uLSIF" 24 1 2 2.98484848484848
120.664 0 109.397554492452 "uLSIF" 24 1 2 3.02020202020202
125.004 0 113.094360240988 "uLSIF" 24 1 2 3.05555555555556
127.19 0 114.253462764827 "uLSIF" 24 1 2 3.09090909090909
130.038 0 117.086317568543 "uLSIF" 24 1 2 3.12626262626263
133.919 0 119.787635073561 "uLSIF" 24 1 2 3.16161616161616
137.166 0 124.050065952674 "uLSIF" 24 1 2 3.1969696969697
142.613 0 130.706922274723 "uLSIF" 24 1 2 3.23232323232323
144.967 0 132.361540820922 "uLSIF" 24 1 2 3.26767676767677
148.008 0 133.617841861271 "uLSIF" 24 1 2 3.3030303030303
151.283 0 135.439406170227 "uLSIF" 24 1 2 3.33838383838384
156.559 0 141.808554696764 "uLSIF" 24 1 2 3.37373737373737
159.905 0 144.860852688508 "uLSIF" 24 1 2 3.40909090909091
165.711 0 149.479040211203 "uLSIF" 24 1 2 3.44444444444444
170.786 0 154.664855159217 "uLSIF" 24 1 2 3.47979797979798
175.469 0 161.902283456375 "uLSIF" 24 1 2 3.51515151515152
180.264 0 164.849560756714 "uLSIF" 24 1 2 3.55050505050505
186.316 0 171.22948835315 "uLSIF" 24 1 2 3.58585858585859
191.047 0 178.176355346619 "uLSIF" 24 1 2 3.62121212121212
194.376 0 180.098640039685 "uLSIF" 24 1 2 3.65656565656566
198.058 0 182.156404201421 "uLSIF" 24 1 2 3.69191919191919
202.937 0 185.079668020327 "uLSIF" 24 1 2 3.72727272727273
207.757757757758 1 192.465293379582 "uLSIF" 24 1 2 3.76262626262626
212.177177177177 1 198.091074476399 "uLSIF" 24 1 2 3.7979797979798
219.700700700701 1 204.501783533656 "uLSIF" 24 1 2 3.83333333333333
227.385385385385 1 215.997310870374 "uLSIF" 24 1 2 3.86868686868687
234.161161161161 1 223.702043489943 "uLSIF" 24 1 2 3.9040404040404
240.075075075075 1 229.004172869738 "uLSIF" 24 1 2 3.93939393939394
245.109109109109 1 233.830979472415 "uLSIF" 24 1 2 3.97474747474747
250.738738738739 1 240.970205815974 "uLSIF" 24 1 2 4.01010101010101
260.283283283283 1 247.970275124907 "uLSIF" 24 1 2 4.04545454545454
264.865865865866 1 251.667998738823 "uLSIF" 24 1 2 4.08080808080808
273.094094094094 1 259.549554222984 "uLSIF" 24 1 2 4.11616161616162
280.84984984985 1 264.585419791435 "uLSIF" 24 1 2 4.15151515151515
285.143143143143 1 265.012009654379 "uLSIF" 24 1 2 4.18686868686869
291.481481481481 1 269.272655376059 "uLSIF" 24 1 2 4.22222222222222
299.725725725726 1 277.097258431239 "uLSIF" 24 1 2 4.25757575757576
308.08008008008 1 284.968988211135 "uLSIF" 24 1 2 4.29292929292929
315.387387387387 1 289.852348358226 "uLSIF" 24 1 2 4.32828282828283
324.25025025025 1 298.778353376429 "uLSIF" 24 1 2 4.36363636363636
331.85985985986 1 303.44034416226 "uLSIF" 24 1 2 4.3989898989899
339.614614614615 1 308.781266218275 "uLSIF" 24 1 2 4.43434343434343
348.376376376376 1 316.393514780048 "uLSIF" 24 1 2 4.46969696969697
354.866866866867 1 318.947230690633 "uLSIF" 24 1 2 4.50505050505051
361.116116116116 1 322.256334026456 "uLSIF" 24 1 2 4.54040404040404
368.692076228686 3 330.099456333525 "uLSIF" 24 1 2 4.57575757575758
376.825476429288 3 334.907122581653 "uLSIF" 24 1 2 4.61111111111111
384.38816449348 3 341.581131589808 "uLSIF" 24 1 2 4.64646464646465
390.5140562249 4 342.706846615 "uLSIF" 24 1 2 4.68181818181818
395.49297188755 4 349.176672608974 "uLSIF" 24 1 2 4.71717171717172
400.605633802817 6 354.605545726332 "uLSIF" 24 1 2 4.75252525252525
409.329637096774 8 364.50145819448 "uLSIF" 24 1 2 4.78787878787879
423.899193548387 8 372.717424364868 "uLSIF" 24 1 2 4.82323232323232
430.423387096774 8 378.060604351315 "uLSIF" 24 1 2 4.85858585858586
438.263370332997 9 384.085809883523 "uLSIF" 24 1 2 4.89393939393939
443.185035389282 11 384.959145445947 "uLSIF" 24 1 2 4.92929292929293
453.884732052578 11 388.867285911375 "uLSIF" 24 1 2 4.96464646464646
468.890798786653 11 398.929828799427 "uLSIF" 24 1 2 5
