137.54 13.195 0 0 "KDE LDA" 18 2000 2.5
138.985 13.21 0 0 "KDE LDA" 18 2000 2.51010101010101
141.43 13.35 0 0 "KDE LDA" 18 2000 2.52020202020202
146.895 13.41 0 0 "KDE LDA" 18 2000 2.53030303030303
151.295 13.46 0 0 "KDE LDA" 18 2000 2.54040404040404
151.615 13.635 0 0 "KDE LDA" 18 2000 2.55050505050505
152.17 13.64 0 0 "KDE LDA" 18 2000 2.56060606060606
152.175 13.75 0 0 "KDE LDA" 18 2000 2.57070707070707
152.195 13.75 0 0 "KDE LDA" 18 2000 2.58080808080808
154.095 13.755 0 0 "KDE LDA" 18 2000 2.59090909090909
154.665 13.79 0 0 "KDE LDA" 18 2000 2.6010101010101
154.67 13.8 0 0 "KDE LDA" 18 2000 2.61111111111111
154.695 13.835 0 0 "KDE LDA" 18 2000 2.62121212121212
154.715 14.045 0 0 "KDE LDA" 18 2000 2.63131313131313
157.175 14.255 0 0 "KDE LDA" 18 2000 2.64141414141414
159.675 14.29 0 0 "KDE LDA" 18 2000 2.65151515151515
169.06 14.68 0 0 "KDE LDA" 18 2000 2.66161616161616
179.375 14.925 0 0 "KDE LDA" 18 2000 2.67171717171717
183.265 14.935 0 0 "KDE LDA" 18 2000 2.68181818181818
186.39 14.935 0 0 "KDE LDA" 18 2000 2.69191919191919
186.405 15 0 0 "KDE LDA" 18 2000 2.7020202020202
188.475 15.045 0 0 "KDE LDA" 18 2000 2.71212121212121
188.64 15.14 0 0 "KDE LDA" 18 2000 2.72222222222222
189.59 15.15 0 0 "KDE LDA" 18 2000 2.73232323232323
192.035 15.16 0 0 "KDE LDA" 18 2000 2.74242424242424
193.88 15.26 0 0 "KDE LDA" 18 2000 2.75252525252525
193.89 15.28 0 0 "KDE LDA" 18 2000 2.76262626262626
196.745 15.5 0 0 "KDE LDA" 18 2000 2.77272727272727
199.78 15.555 0 0 "KDE LDA" 18 2000 2.78282828282828
207.705 15.65 0 0 "KDE LDA" 18 2000 2.79292929292929
241.635 16.23 0 0 "KDE LDA" 18 2000 2.8030303030303
242.68 16.24 0 0 "KDE LDA" 18 2000 2.81313131313131
242.785 16.295 0 0 "KDE LDA" 18 2000 2.82323232323232
243.56 16.375 0 0 "KDE LDA" 18 2000 2.83333333333333
247.875 16.425 0 0 "KDE LDA" 18 2000 2.84343434343434
247.92 16.57 0 0 "KDE LDA" 18 2000 2.85353535353535
247.92 16.6 0 0 "KDE LDA" 18 2000 2.86363636363636
247.925 16.61 0 0 "KDE LDA" 18 2000 2.87373737373737
248.455 16.635 0 0 "KDE LDA" 18 2000 2.88383838383838
248.76 16.705 0 0 "KDE LDA" 18 2000 2.89393939393939
259.01 16.725 0 0 "KDE LDA" 18 2000 2.9040404040404
259.835 16.73 0 0 "KDE LDA" 18 2000 2.91414141414141
261.05 16.815 0 0 "KDE LDA" 18 2000 2.92424242424242
263.6 16.895 0 0 "KDE LDA" 18 2000 2.93434343434343
264.75 17.19 0 0 "KDE LDA" 18 2000 2.94444444444444
268.815 17.21 0 0 "KDE LDA" 18 2000 2.95454545454545
274.58 17.25 0 0 "KDE LDA" 18 2000 2.96464646464646
274.58 17.27 0 0 "KDE LDA" 18 2000 2.97474747474747
274.58 17.3 0 0 "KDE LDA" 18 2000 2.98484848484848
275.645 17.31 0 0 "KDE LDA" 18 2000 2.99494949494949
277.23 17.325 0 0 "KDE LDA" 18 2000 3.00505050505051
279.135 17.59 0 0 "KDE LDA" 18 2000 3.01515151515152
279.16 17.595 0 0 "KDE LDA" 18 2000 3.02525252525253
281.935 17.765 0 0 "KDE LDA" 18 2000 3.03535353535354
282.715 17.77 0 0 "KDE LDA" 18 2000 3.04545454545455
287.51 17.785 0 0 "KDE LDA" 18 2000 3.05555555555556
292.375 17.855 0 0 "KDE LDA" 18 2000 3.06565656565657
296.475 17.97 0 0 "KDE LDA" 18 2000 3.07575757575758
308.105 17.985 0 0 "KDE LDA" 18 2000 3.08585858585859
317.475 18.235 0 0 "KDE LDA" 18 2000 3.0959595959596
321.24 18.245 0 0 "KDE LDA" 18 2000 3.10606060606061
323.4 18.32 0 0 "KDE LDA" 18 2000 3.11616161616162
323.42 18.365 0 0 "KDE LDA" 18 2000 3.12626262626263
330.205 18.365 0 0 "KDE LDA" 18 2000 3.13636363636364
337.59 18.37 0 0 "KDE LDA" 18 2000 3.14646464646465
337.61 18.38 0 0 "KDE LDA" 18 2000 3.15656565656566
341.23 18.475 0 0 "KDE LDA" 18 2000 3.16666666666667
345.64 18.51 0 0 "KDE LDA" 18 2000 3.17676767676768
348.97 18.55 0 0 "KDE LDA" 18 2000 3.18686868686869
349.115 18.565 0 0 "KDE LDA" 18 2000 3.1969696969697
351.52 18.905 0 0 "KDE LDA" 18 2000 3.20707070707071
366.635 19.065 0 0 "KDE LDA" 18 2000 3.21717171717172
381.25 19.405 0 0 "KDE LDA" 18 2000 3.22727272727273
383.865 19.435 0 0 "KDE LDA" 18 2000 3.23737373737374
386.85 19.455 0 0 "KDE LDA" 18 2000 3.24747474747475
389.29 19.46 0 0 "KDE LDA" 18 2000 3.25757575757576
402.04 19.515 0 0 "KDE LDA" 18 2000 3.26767676767677
405.695 19.555 0 0 "KDE LDA" 18 2000 3.27777777777778
408.95 19.715 0 0 "KDE LDA" 18 2000 3.28787878787879
415.37 19.9 0 0 "KDE LDA" 18 2000 3.2979797979798
418.76 19.965 0 0 "KDE LDA" 18 2000 3.30808080808081
421.4 19.975 0 0 "KDE LDA" 18 2000 3.31818181818182
428.765 20.03 0 0 "KDE LDA" 18 2000 3.32828282828283
437.265 20.05 0 0 "KDE LDA" 18 2000 3.33838383838384
450.165 20.415 0 0 "KDE LDA" 18 2000 3.34848484848485
478.035 20.87 0 0 "KDE LDA" 18 2000 3.35858585858586
480.035 20.92 0 0 "KDE LDA" 18 2000 3.36868686868687
483.36 21.04 0 0 "KDE LDA" 18 2000 3.37878787878788
483.385 21.055 0 0 "KDE LDA" 18 2000 3.38888888888889
483.93 21.375 0 0 "KDE LDA" 18 2000 3.3989898989899
483.975 21.4 0 0 "KDE LDA" 18 2000 3.40909090909091
486.135 21.41 0 0 "KDE LDA" 18 2000 3.41919191919192
488.79 21.41 0 0 "KDE LDA" 18 2000 3.42929292929293
501.365 21.425 0 0 "KDE LDA" 18 2000 3.43939393939394
505.66 21.43 0 0 "KDE LDA" 18 2000 3.44949494949495
506.8 21.44 0 0 "KDE LDA" 18 2000 3.45959595959596
508.85 21.465 0 0 "KDE LDA" 18 2000 3.46969696969697
515.42 21.485 0 0 "KDE LDA" 18 2000 3.47979797979798
515.45 21.515 0 0 "KDE LDA" 18 2000 3.48989898989899
521.65 21.525 0 0 "KDE LDA" 18 2000 3.5
97.665 11.195 0 0 "KDE QDA" 18 2000 2.7
98.055 11.195 0 0 "KDE QDA" 18 2000 2.71010101010101
99.475 11.195 0 0 "KDE QDA" 18 2000 2.72020202020202
99.9 11.195 0 0 "KDE QDA" 18 2000 2.73030303030303
99.9 11.235 0 0 "KDE QDA" 18 2000 2.74040404040404
99.9 11.235 0 0 "KDE QDA" 18 2000 2.75050505050505
99.955 11.235 0 0 "KDE QDA" 18 2000 2.76060606060606
99.955 11.235 0 0 "KDE QDA" 18 2000 2.77070707070707
100.515 11.235 0 0 "KDE QDA" 18 2000 2.78080808080808
100.855 11.235 0 0 "KDE QDA" 18 2000 2.79090909090909
126.435 12.195 0 0 "KDE QDA" 18 2000 2.8010101010101
126.47 12.195 0 0 "KDE QDA" 18 2000 2.81111111111111
127.3 12.195 0 0 "KDE QDA" 18 2000 2.82121212121212
130.46 12.385 0 0 "KDE QDA" 18 2000 2.83131313131313
130.46 12.385 0 0 "KDE QDA" 18 2000 2.84141414141414
130.485 12.385 0 0 "KDE QDA" 18 2000 2.85151515151515
130.485 12.39 0 0 "KDE QDA" 18 2000 2.86161616161616
130.755 12.395 0 0 "KDE QDA" 18 2000 2.87171717171717
130.76 12.405 0 0 "KDE QDA" 18 2000 2.88181818181818
131.655 12.47 0 0 "KDE QDA" 18 2000 2.89191919191919
131.655 12.47 0 0 "KDE QDA" 18 2000 2.9020202020202
131.67 12.47 0 0 "KDE QDA" 18 2000 2.91212121212121
131.675 12.47 0 0 "KDE QDA" 18 2000 2.92222222222222
131.7 12.47 0 0 "KDE QDA" 18 2000 2.93232323232323
131.925 12.475 0 0 "KDE QDA" 18 2000 2.94242424242424
131.95 12.55 0 0 "KDE QDA" 18 2000 2.95252525252525
135.425 12.7 0 0 "KDE QDA" 18 2000 2.96262626262626
137.335 12.86 0 0 "KDE QDA" 18 2000 2.97272727272727
137.465 12.875 0 0 "KDE QDA" 18 2000 2.98282828282828
137.465 12.88 0 0 "KDE QDA" 18 2000 2.99292929292929
138.63 12.885 0 0 "KDE QDA" 18 2000 3.0030303030303
138.795 12.97 0 0 "KDE QDA" 18 2000 3.01313131313131
139.33 12.975 0 0 "KDE QDA" 18 2000 3.02323232323232
142.88 12.975 0 0 "KDE QDA" 18 2000 3.03333333333333
142.88 12.98 0 0 "KDE QDA" 18 2000 3.04343434343434
142.915 12.99 0 0 "KDE QDA" 18 2000 3.05353535353535
142.915 12.99 0 0 "KDE QDA" 18 2000 3.06363636363636
142.92 12.995 0 0 "KDE QDA" 18 2000 3.07373737373737
144.57 12.995 0 0 "KDE QDA" 18 2000 3.08383838383838
149.595 13.515 0 0 "KDE QDA" 18 2000 3.09393939393939
150.915 13.525 0 0 "KDE QDA" 18 2000 3.1040404040404
150.92 13.535 0 0 "KDE QDA" 18 2000 3.11414141414141
152.735 13.585 0 0 "KDE QDA" 18 2000 3.12424242424242
152.735 13.585 0 0 "KDE QDA" 18 2000 3.13434343434343
152.77 13.59 0 0 "KDE QDA" 18 2000 3.14444444444444
152.805 13.615 0 0 "KDE QDA" 18 2000 3.15454545454545
152.81 13.615 0 0 "KDE QDA" 18 2000 3.16464646464646
152.85 13.615 0 0 "KDE QDA" 18 2000 3.17474747474748
152.85 13.615 0 0 "KDE QDA" 18 2000 3.18484848484849
157.345 13.615 0 0 "KDE QDA" 18 2000 3.19494949494949
157.345 13.615 0 0 "KDE QDA" 18 2000 3.20505050505051
157.78 13.62 0 0 "KDE QDA" 18 2000 3.21515151515152
178.045 14.18 0 0 "KDE QDA" 18 2000 3.22525252525253
179.82 14.21 0 0 "KDE QDA" 18 2000 3.23535353535354
180.27 14.21 0 0 "KDE QDA" 18 2000 3.24545454545455
181.88 14.37 0 0 "KDE QDA" 18 2000 3.25555555555556
181.915 14.375 0 0 "KDE QDA" 18 2000 3.26565656565657
181.975 14.375 0 0 "KDE QDA" 18 2000 3.27575757575758
182.945 14.375 0 0 "KDE QDA" 18 2000 3.28585858585859
182.955 14.405 0 0 "KDE QDA" 18 2000 3.2959595959596
184.08 14.405 0 0 "KDE QDA" 18 2000 3.30606060606061
185.425 14.405 0 0 "KDE QDA" 18 2000 3.31616161616162
186.03 14.405 0 0 "KDE QDA" 18 2000 3.32626262626263
186.07 14.415 0 0 "KDE QDA" 18 2000 3.33636363636364
186.07 14.415 0 0 "KDE QDA" 18 2000 3.34646464646465
189.79 14.415 0 0 "KDE QDA" 18 2000 3.35656565656566
214.865 15.375 0 0 "KDE QDA" 18 2000 3.36666666666667
214.865 15.38 0 0 "KDE QDA" 18 2000 3.37676767676768
229.355 15.71 0 0 "KDE QDA" 18 2000 3.38686868686869
231.11 15.71 0 0 "KDE QDA" 18 2000 3.3969696969697
231.145 15.71 0 0 "KDE QDA" 18 2000 3.40707070707071
231.165 15.715 0 0 "KDE QDA" 18 2000 3.41717171717172
231.27 15.725 0 0 "KDE QDA" 18 2000 3.42727272727273
231.285 15.74 0 0 "KDE QDA" 18 2000 3.43737373737374
234.08 15.75 0 0 "KDE QDA" 18 2000 3.44747474747475
234.575 15.75 0 0 "KDE QDA" 18 2000 3.45757575757576
234.575 15.765 0 0 "KDE QDA" 18 2000 3.46767676767677
234.575 15.765 0 0 "KDE QDA" 18 2000 3.47777777777778
234.67 15.765 0 0 "KDE QDA" 18 2000 3.48787878787879
238.6 15.765 0 0 "KDE QDA" 18 2000 3.4979797979798
238.6 15.845 0 0 "KDE QDA" 18 2000 3.50808080808081
255.875 15.94 0 0 "KDE QDA" 18 2000 3.51818181818182
257.48 15.95 0 0 "KDE QDA" 18 2000 3.52828282828283
262.29 15.96 0 0 "KDE QDA" 18 2000 3.53838383838384
264.08 16.05 0 0 "KDE QDA" 18 2000 3.54848484848485
264.085 16.055 0 0 "KDE QDA" 18 2000 3.55858585858586
264.085 16.085 0 0 "KDE QDA" 18 2000 3.56868686868687
264.085 16.095 0 0 "KDE QDA" 18 2000 3.57878787878788
268.39 16.125 0 0 "KDE QDA" 18 2000 3.58888888888889
268.405 16.135 0 0 "KDE QDA" 18 2000 3.5989898989899
269.11 16.135 0 0 "KDE QDA" 18 2000 3.60909090909091
269.115 16.165 0 0 "KDE QDA" 18 2000 3.61919191919192
269.675 16.165 0 0 "KDE QDA" 18 2000 3.62929292929293
269.685 16.17 0 0 "KDE QDA" 18 2000 3.63939393939394
269.71 16.17 0 0 "KDE QDA" 18 2000 3.64949494949495
289.13 16.465 0 0 "KDE QDA" 18 2000 3.65959595959596
289.155 16.54 0 0 "KDE QDA" 18 2000 3.66969696969697
294.075 16.615 0 0 "KDE QDA" 18 2000 3.67979797979798
294.31 16.615 0 0 "KDE QDA" 18 2000 3.68989898989899
296.03 16.625 0 0 "KDE QDA" 18 2000 3.7
