134.57 15.14 0 0 "KDE LDA" 110 5000 2.5
137.405 15.15 0 0 "KDE LDA" 110 5000 2.51010101010101
138.895 15.195 0 0 "KDE LDA" 110 5000 2.52020202020202
145.285 15.275 0 0 "KDE LDA" 110 5000 2.53030303030303
145.685 15.32 0 0 "KDE LDA" 110 5000 2.54040404040404
147.47 15.32 0 0 "KDE LDA" 110 5000 2.55050505050505
148.295 15.43 0 0 "KDE LDA" 110 5000 2.56060606060606
150.485 15.435 0 0 "KDE LDA" 110 5000 2.57070707070707
150.49 15.47 0 0 "KDE LDA" 110 5000 2.58080808080808
150.725 15.485 0 0 "KDE LDA" 110 5000 2.59090909090909
150.745 15.57 0 0 "KDE LDA" 110 5000 2.6010101010101
152.64 15.635 0 0 "KDE LDA" 110 5000 2.61111111111111
156.62 15.69 0 0 "KDE LDA" 110 5000 2.62121212121212
161.43 15.73 0 0 "KDE LDA" 110 5000 2.63131313131313
161.83 15.76 0 0 "KDE LDA" 110 5000 2.64141414141414
164.115 15.905 0 0 "KDE LDA" 110 5000 2.65151515151515
168.31 16.035 0 0 "KDE LDA" 110 5000 2.66161616161616
181.135 16.215 0 0 "KDE LDA" 110 5000 2.67171717171717
182.095 16.215 0 0 "KDE LDA" 110 5000 2.68181818181818
182.115 16.235 0 0 "KDE LDA" 110 5000 2.69191919191919
183.385 16.32 0 0 "KDE LDA" 110 5000 2.7020202020202
183.775 16.355 0 0 "KDE LDA" 110 5000 2.71212121212121
184.05 16.38 0 0 "KDE LDA" 110 5000 2.72222222222222
184.215 16.395 0 0 "KDE LDA" 110 5000 2.73232323232323
185.335 16.685 0 0 "KDE LDA" 110 5000 2.74242424242424
186.775 16.855 0 0 "KDE LDA" 110 5000 2.75252525252525
186.855 16.895 0 0 "KDE LDA" 110 5000 2.76262626262626
188.71 16.965 0 0 "KDE LDA" 110 5000 2.77272727272727
192.09 17.03 0 0 "KDE LDA" 110 5000 2.78282828282828
198.325 17.115 0 0 "KDE LDA" 110 5000 2.79292929292929
224.245 17.685 0 0 "KDE LDA" 110 5000 2.8030303030303
228.285 17.79 0 0 "KDE LDA" 110 5000 2.81313131313131
230.755 18.095 0 0 "KDE LDA" 110 5000 2.82323232323232
233.95 18.155 0 0 "KDE LDA" 110 5000 2.83333333333333
233.95 18.165 0 0 "KDE LDA" 110 5000 2.84343434343434
234.485 18.175 0 0 "KDE LDA" 110 5000 2.85353535353535
234.945 18.22 0 0 "KDE LDA" 110 5000 2.86363636363636
236.52 18.24 0 0 "KDE LDA" 110 5000 2.87373737373737
241.045 18.35 0 0 "KDE LDA" 110 5000 2.88383838383838
241.705 18.375 0 0 "KDE LDA" 110 5000 2.89393939393939
241.71 18.43 0 0 "KDE LDA" 110 5000 2.9040404040404
241.725 18.57 0 0 "KDE LDA" 110 5000 2.91414141414141
242.745 18.63 0 0 "KDE LDA" 110 5000 2.92424242424242
243.815 18.85 0 0 "KDE LDA" 110 5000 2.93434343434343
245.41 18.93 0 0 "KDE LDA" 110 5000 2.94444444444444
247.915 18.93 0 0 "KDE LDA" 110 5000 2.95454545454545
257.975 18.99 0 0 "KDE LDA" 110 5000 2.96464646464646
261.36 19.115 0 0 "KDE LDA" 110 5000 2.97474747474747
261.835 19.155 0 0 "KDE LDA" 110 5000 2.98484848484848
261.84 19.185 0 0 "KDE LDA" 110 5000 2.99494949494949
262.105 19.235 0 0 "KDE LDA" 110 5000 3.00505050505051
262.42 19.26 0 0 "KDE LDA" 110 5000 3.01515151515152
262.76 19.265 0 0 "KDE LDA" 110 5000 3.02525252525253
265.055 19.315 0 0 "KDE LDA" 110 5000 3.03535353535354
266.965 19.38 0 0 "KDE LDA" 110 5000 3.04545454545455
266.985 19.415 0 0 "KDE LDA" 110 5000 3.05555555555556
270.925 19.445 0 0 "KDE LDA" 110 5000 3.06565656565657
273.33 19.495 0 0 "KDE LDA" 110 5000 3.07575757575758
274.03 19.6 0 0 "KDE LDA" 110 5000 3.08585858585859
276.735 20.075 0 0 "KDE LDA" 110 5000 3.0959595959596
278.35 20.075 0 0 "KDE LDA" 110 5000 3.10606060606061
278.36 20.09 0 0 "KDE LDA" 110 5000 3.11616161616162
281.215 20.095 0 0 "KDE LDA" 110 5000 3.12626262626263
282 20.1 0 0 "KDE LDA" 110 5000 3.13636363636364
284.91 20.1 0 0 "KDE LDA" 110 5000 3.14646464646465
286.615 20.1 0 0 "KDE LDA" 110 5000 3.15656565656566
286.915 20.13 0 0 "KDE LDA" 110 5000 3.16666666666667
297.945 20.145 0 0 "KDE LDA" 110 5000 3.17676767676768
304.395 20.175 0 0 "KDE LDA" 110 5000 3.18686868686869
304.48 20.23 0 0 "KDE LDA" 110 5000 3.1969696969697
311.37 20.31 0 0 "KDE LDA" 110 5000 3.20707070707071
322.34 20.36 0 0 "KDE LDA" 110 5000 3.21717171717172
341.785 20.73 0 0 "KDE LDA" 110 5000 3.22727272727273
344.67 20.79 0 0 "KDE LDA" 110 5000 3.23737373737374
349.305 20.83 0 0 "KDE LDA" 110 5000 3.24747474747475
354.99 20.83 0 0 "KDE LDA" 110 5000 3.25757575757576
363.05 20.895 0 0 "KDE LDA" 110 5000 3.26767676767677
364.075 20.98 0 0 "KDE LDA" 110 5000 3.27777777777778
369.935 21.11 0 0 "KDE LDA" 110 5000 3.28787878787879
379.1 21.125 0 0 "KDE LDA" 110 5000 3.2979797979798
381.77 21.185 0 0 "KDE LDA" 110 5000 3.30808080808081
381.835 21.29 0 0 "KDE LDA" 110 5000 3.31818181818182
397.245 21.42 0 0 "KDE LDA" 110 5000 3.32828282828283
403.96 22.045 0 0 "KDE LDA" 110 5000 3.33838383838384
409.855 22.33 0 0 "KDE LDA" 110 5000 3.34848484848485
452.95 22.555 0 0 "KDE LDA" 110 5000 3.35858585858586
465.8 22.615 0 0 "KDE LDA" 110 5000 3.36868686868687
469.93 22.7 0 0 "KDE LDA" 110 5000 3.37878787878788
474.915 22.755 0 0 "KDE LDA" 110 5000 3.38888888888889
474.915 22.76 0 0 "KDE LDA" 110 5000 3.3989898989899
474.92 22.785 0 0 "KDE LDA" 110 5000 3.40909090909091
484.385 22.88 0 0 "KDE LDA" 110 5000 3.41919191919192
488.365 22.945 0 0 "KDE LDA" 110 5000 3.42929292929293
492.47 22.965 0 0 "KDE LDA" 110 5000 3.43939393939394
494.165 22.97 0 0 "KDE LDA" 110 5000 3.44949494949495
504.235 22.99 0 0 "KDE LDA" 110 5000 3.45959595959596
504.975 23.17 0 0 "KDE LDA" 110 5000 3.46969696969697
504.98 23.27 0 0 "KDE LDA" 110 5000 3.47979797979798
506.575 23.32 0 0 "KDE LDA" 110 5000 3.48989898989899
517.345 23.32 0 0 "KDE LDA" 110 5000 3.5
116.82 12.48 0 0 "KDE QDA" 110 5000 2.7
116.82 12.48 0 0 "KDE QDA" 110 5000 2.71010101010101
117.405 12.49 0 0 "KDE QDA" 110 5000 2.72020202020202
117.41 12.49 0 0 "KDE QDA" 110 5000 2.73030303030303
117.41 12.49 0 0 "KDE QDA" 110 5000 2.74040404040404
117.41 12.49 0 0 "KDE QDA" 110 5000 2.75050505050505
117.41 12.49 0 0 "KDE QDA" 110 5000 2.76060606060606
117.41 12.49 0 0 "KDE QDA" 110 5000 2.77070707070707
117.41 12.49 0 0 "KDE QDA" 110 5000 2.78080808080808
117.41 12.49 0 0 "KDE QDA" 110 5000 2.79090909090909
147.425 13.905 0 0 "KDE QDA" 110 5000 2.8010101010101
147.43 13.905 0 0 "KDE QDA" 110 5000 2.81111111111111
147.43 13.905 0 0 "KDE QDA" 110 5000 2.82121212121212
161.08 14.04 0 0 "KDE QDA" 110 5000 2.83131313131313
161.08 14.045 0 0 "KDE QDA" 110 5000 2.84141414141414
161.095 14.085 0 0 "KDE QDA" 110 5000 2.85151515151515
161.1 14.085 0 0 "KDE QDA" 110 5000 2.86161616161616
161.1 14.085 0 0 "KDE QDA" 110 5000 2.87171717171717
161.1 14.085 0 0 "KDE QDA" 110 5000 2.88181818181818
161.485 14.085 0 0 "KDE QDA" 110 5000 2.89191919191919
161.485 14.085 0 0 "KDE QDA" 110 5000 2.9020202020202
161.485 14.085 0 0 "KDE QDA" 110 5000 2.91212121212121
161.49 14.085 0 0 "KDE QDA" 110 5000 2.92222222222222
161.77 14.085 0 0 "KDE QDA" 110 5000 2.93232323232323
161.77 14.09 0 0 "KDE QDA" 110 5000 2.94242424242424
161.77 14.09 0 0 "KDE QDA" 110 5000 2.95252525252525
170.47 14.325 0 0 "KDE QDA" 110 5000 2.96262626262626
170.475 14.325 0 0 "KDE QDA" 110 5000 2.97272727272727
173.86 14.36 0 0 "KDE QDA" 110 5000 2.98282828282828
174.88 14.365 0 0 "KDE QDA" 110 5000 2.99292929292929
174.88 14.365 0 0 "KDE QDA" 110 5000 3.0030303030303
176.02 14.39 0 0 "KDE QDA" 110 5000 3.01313131313131
176.02 14.39 0 0 "KDE QDA" 110 5000 3.02323232323232
176.815 14.39 0 0 "KDE QDA" 110 5000 3.03333333333333
177.315 14.4 0 0 "KDE QDA" 110 5000 3.04343434343434
177.315 14.4 0 0 "KDE QDA" 110 5000 3.05353535353535
177.315 14.4 0 0 "KDE QDA" 110 5000 3.06363636363636
177.315 14.435 0 0 "KDE QDA" 110 5000 3.07373737373737
177.315 14.435 0 0 "KDE QDA" 110 5000 3.08383838383838
189.36 14.745 0 0 "KDE QDA" 110 5000 3.09393939393939
191.5 14.865 0 0 "KDE QDA" 110 5000 3.1040404040404
191.5 14.87 0 0 "KDE QDA" 110 5000 3.11414141414141
200.78 15.045 0 0 "KDE QDA" 110 5000 3.12424242424242
200.78 15.05 0 0 "KDE QDA" 110 5000 3.13434343434343
200.785 15.06 0 0 "KDE QDA" 110 5000 3.14444444444444
200.785 15.06 0 0 "KDE QDA" 110 5000 3.15454545454545
200.785 15.06 0 0 "KDE QDA" 110 5000 3.16464646464646
200.785 15.065 0 0 "KDE QDA" 110 5000 3.17474747474748
200.785 15.065 0 0 "KDE QDA" 110 5000 3.18484848484849
200.785 15.065 0 0 "KDE QDA" 110 5000 3.19494949494949
200.785 15.065 0 0 "KDE QDA" 110 5000 3.20505050505051
200.785 15.065 0 0 "KDE QDA" 110 5000 3.21515151515152
225.67 15.875 0 0 "KDE QDA" 110 5000 3.22525252525253
225.675 15.885 0 0 "KDE QDA" 110 5000 3.23535353535354
227.1 15.91 0 0 "KDE QDA" 110 5000 3.24545454545455
240.015 15.995 0 0 "KDE QDA" 110 5000 3.25555555555556
240.015 15.995 0 0 "KDE QDA" 110 5000 3.26565656565657
240.29 16.085 0 0 "KDE QDA" 110 5000 3.27575757575758
241.725 16.09 0 0 "KDE QDA" 110 5000 3.28585858585859
241.725 16.09 0 0 "KDE QDA" 110 5000 3.2959595959596
241.725 16.095 0 0 "KDE QDA" 110 5000 3.30606060606061
241.725 16.095 0 0 "KDE QDA" 110 5000 3.31616161616162
241.73 16.095 0 0 "KDE QDA" 110 5000 3.32626262626263
241.73 16.095 0 0 "KDE QDA" 110 5000 3.33636363636364
244.55 16.095 0 0 "KDE QDA" 110 5000 3.34646464646465
244.565 16.095 0 0 "KDE QDA" 110 5000 3.35656565656566
298.74 16.635 0 0 "KDE QDA" 110 5000 3.36666666666667
298.74 16.635 0 0 "KDE QDA" 110 5000 3.37676767676768
315.02 16.82 0 0 "KDE QDA" 110 5000 3.38686868686869
316.65 16.825 0 0 "KDE QDA" 110 5000 3.3969696969697
316.65 16.825 0 0 "KDE QDA" 110 5000 3.40707070707071
318.29 16.875 0 0 "KDE QDA" 110 5000 3.41717171717172
318.29 16.875 0 0 "KDE QDA" 110 5000 3.42727272727273
318.98 16.875 0 0 "KDE QDA" 110 5000 3.43737373737374
318.98 16.875 0 0 "KDE QDA" 110 5000 3.44747474747475
318.98 16.875 0 0 "KDE QDA" 110 5000 3.45757575757576
318.98 16.875 0 0 "KDE QDA" 110 5000 3.46767676767677
318.985 16.875 0 0 "KDE QDA" 110 5000 3.47777777777778
318.985 16.875 0 0 "KDE QDA" 110 5000 3.48787878787879
318.985 16.875 0 0 "KDE QDA" 110 5000 3.4979797979798
318.985 16.88 0 0 "KDE QDA" 110 5000 3.50808080808081
330.52 17.095 0 0 "KDE QDA" 110 5000 3.51818181818182
330.54 17.1 0 0 "KDE QDA" 110 5000 3.52828282828283
330.545 17.105 0 0 "KDE QDA" 110 5000 3.53838383838384
335.14 17.145 0 0 "KDE QDA" 110 5000 3.54848484848485
335.14 17.145 0 0 "KDE QDA" 110 5000 3.55858585858586
335.14 17.145 0 0 "KDE QDA" 110 5000 3.56868686868687
336.785 17.145 0 0 "KDE QDA" 110 5000 3.57878787878788
336.79 17.145 0 0 "KDE QDA" 110 5000 3.58888888888889
336.79 17.16 0 0 "KDE QDA" 110 5000 3.5989898989899
337.455 17.16 0 0 "KDE QDA" 110 5000 3.60909090909091
337.455 17.16 0 0 "KDE QDA" 110 5000 3.61919191919192
337.455 17.16 0 0 "KDE QDA" 110 5000 3.62929292929293
337.455 17.16 0 0 "KDE QDA" 110 5000 3.63939393939394
337.455 17.16 0 0 "KDE QDA" 110 5000 3.64949494949495
350.755 17.655 0 0 "KDE QDA" 110 5000 3.65959595959596
350.755 17.67 0 0 "KDE QDA" 110 5000 3.66969696969697
362.175 17.745 0 0 "KDE QDA" 110 5000 3.67979797979798
362.175 17.745 0 0 "KDE QDA" 110 5000 3.68989898989899
362.175 17.76 0 0 "KDE QDA" 110 5000 3.7
