40 10.569 0 0 37.9526336688563 7.06761559439888 "LDA" 46 1000 1.5
41.838 10.918 0 0 40.5169764590274 7.23558080803674 "LDA" 46 1000 1.53535353535354
43.545 11.227 0 0 41.1593740121138 7.44694084358993 "LDA" 46 1000 1.57070707070707
45.953 11.577 0 0 43.8342586709669 7.65981355802762 "LDA" 46 1000 1.60606060606061
48.814 11.933 0 0 46.6023731711721 7.83005880059791 "LDA" 46 1000 1.64141414141414
50.841 12.287 0 0 47.7227323000075 8.05913026204321 "LDA" 46 1000 1.67676767676768
53.22 12.572 0 0 49.4106163593312 8.16440282405722 "LDA" 46 1000 1.71212121212121
55.461 12.83 0 0 51.1505900441223 8.30590681913107 "LDA" 46 1000 1.74747474747475
58.251 13.096 0 0 53.8663492598355 8.51559154136102 "LDA" 46 1000 1.78282828282828
60.296 13.462 0 0 55.3417301056905 8.866068077968 "LDA" 46 1000 1.81818181818182
64.098 13.799 0 0 59.3109617708749 9.10524598813807 "LDA" 46 1000 1.85353535353535
68.63 14.12 0 0 67.7558111895205 9.36019301153631 "LDA" 46 1000 1.88888888888889
72.28 14.411 0 0 70.2381876403641 9.54479869783445 "LDA" 46 1000 1.92424242424242
76.097 14.719 0 0 73.0594913770982 9.70341152354136 "LDA" 46 1000 1.95959595959596
79.528 14.992 0 0 76.3879331591864 9.72854462808187 "LDA" 46 1000 1.99494949494949
83.344 15.289 0 0 79.3617915495735 9.97421495477032 "LDA" 46 1000 2.03030303030303
88.77 15.615 0 0 86.5450237803488 10.178820333584 "LDA" 46 1000 2.06565656565657
93.342 15.898 0 0 91.1038690229507 10.3406249581215 "LDA" 46 1000 2.1010101010101
97.953 16.168 0 0 95.0575442967455 10.4546197958163 "LDA" 46 1000 2.13636363636364
102.169 16.47 0 0 97.8742857691172 10.667562837729 "LDA" 46 1000 2.17171717171717
107.734 16.753 0 0 103.41621806157 10.6939399358399 "LDA" 46 1000 2.20707070707071
114.061 17.087 0 0 108.407386466239 10.979069676934 "LDA" 46 1000 2.24242424242424
117.528 17.35 0 0 110.393559386198 11.0700517634764 "LDA" 46 1000 2.27777777777778
121.773 17.701 0 0 115.451065042378 11.3125405003727 "LDA" 46 1000 2.31313131313131
128.394 17.989 0 0 122.764032891445 11.5162277896238 "LDA" 46 1000 2.34848484848485
136.538 18.246 0 0 136.739688087615 11.5806560952131 "LDA" 46 1000 2.38383838383838
141.909 18.568 0 0 140.496369878189 11.7132649836233 "LDA" 46 1000 2.41919191919192
148.456 18.914 0 0 147.303157753947 11.964102295774 "LDA" 46 1000 2.45454545454545
154.061 19.113 0 0 152.622334066335 11.9924163140315 "LDA" 46 1000 2.48989898989899
160.454 19.502 0 0 157.778071365459 12.1752302743 "LDA" 46 1000 2.52525252525253
168.675 19.977 0 0 164.189456277048 12.7225128545163 "LDA" 46 1000 2.56060606060606
177.808 20.351 0 0 175.19553822119 12.9052836212671 "LDA" 46 1000 2.5959595959596
185.072 20.628 0 0 178.891041756766 12.9592267345532 "LDA" 46 1000 2.63131313131313
192.556 21.042 0 0 187.079677329393 12.959868602505 "LDA" 46 1000 2.66666666666667
200.421 21.607 0 0 193.721908768567 13.684144357862 "LDA" 46 1000 2.7020202020202
211.581 21.836 0 0 205.230858167441 13.8474855788644 "LDA" 46 1000 2.73737373737374
222.613 22.102 0 0 220.53500610996 13.8601478960255 "LDA" 46 1000 2.77272727272727
234.72 22.467 0 0 234.250607143177 14.1476169748147 "LDA" 46 1000 2.80808080808081
244.725 22.72 0 0 245.216489048966 14.3123178570923 "LDA" 46 1000 2.84343434343434
256.621 23.031 0 0 257.058172916683 14.4745138277785 "LDA" 46 1000 2.87878787878788
268.026 23.333 0 0 262.144718003581 14.6054589257041 "LDA" 46 1000 2.91414141414141
281.925 23.617 0 0 275.001001681677 14.6204674709487 "LDA" 46 1000 2.94949494949495
295.341 23.967 0 0 284.054642205965 14.7160617514834 "LDA" 46 1000 2.98484848484848
309.958 24.364 0 0 297.345163711103 14.9718957270501 "LDA" 46 1000 3.02020202020202
320.158 24.851 0 0 307.322716843855 15.4330482399939 "LDA" 46 1000 3.05555555555556
337.382 25.198 0 0 325.48510969418 15.5797151297295 "LDA" 46 1000 3.09090909090909
354.147 25.498 0 0 336.895458474793 15.5947809600902 "LDA" 46 1000 3.12626262626263
368.114 25.853 0 0 350.15669451649 15.7917310567832 "LDA" 46 1000 3.16161616161616
388.162 26.235 0 0 378.825334937343 16.0419799314212 "LDA" 46 1000 3.1969696969697
405.618 26.529 0 0 397.293440864752 16.2782720563683 "LDA" 46 1000 3.23232323232323
420.678 26.85 0 0 418.154652765732 16.3225588044867 "LDA" 46 1000 3.26767676767677
439.597 27.107 0 0 436.37640742822 16.488098993165 "LDA" 46 1000 3.3030303030303
459.922 27.618 0 0 454.751293186347 17.0326212365034 "LDA" 46 1000 3.33838383838384
478.509 27.958 0 0 472.707124914513 17.2289022015644 "LDA" 46 1000 3.37373737373737
501.922 28.231 0 0 487.09462436891 17.2523413565314 "LDA" 46 1000 3.40909090909091
528.757 28.56 0 0 514.868717001477 17.3492188698914 "LDA" 46 1000 3.44444444444444
552.495 28.875 0 0 541.181360765724 17.3422065241747 "LDA" 46 1000 3.47979797979798
570.869 29.12 0 0 556.805725954264 17.3744488105802 "LDA" 46 1000 3.51515151515152
588.661 29.685 0 0 576.528234246931 18.0636117393247 "LDA" 46 1000 3.55050505050505
602.719 30.086 0 0 582.946586542679 18.2905206909794 "LDA" 46 1000 3.58585858585859
623.673 30.564 0 0 603.776413938992 18.6703102407133 "LDA" 46 1000 3.62121212121212
653.76 30.803 0 0 632.550045419301 18.7337968961486 "LDA" 46 1000 3.65656565656566
675.43 31.222 0 0 646.357370926449 18.8512621881424 "LDA" 46 1000 3.69191919191919
713.052 31.501 0 0 675.068397006286 18.9113626859261 "LDA" 46 1000 3.72727272727273
738.707 31.773 0 0 696.494819927029 19.1013175286767 "LDA" 46 1000 3.76262626262626
754.797 32.126 0 0 706.673954429388 19.1639082490858 "LDA" 46 1000 3.7979797979798
790.319 32.465 0 0 746.77084432437 19.3167780158315 "LDA" 46 1000 3.83333333333333
823.956 32.664 0 0 787.885227171569 19.3527163889629 "LDA" 46 1000 3.86868686868687
867.665 32.976 0 0 859.693319375217 19.4102597144444 "LDA" 46 1000 3.9040404040404
902.137 33.267 0 0 882.5352234623 19.481510214566 "LDA" 46 1000 3.93939393939394
924.155 33.673 0 0 904.057920544198 19.6516222551029 "LDA" 46 1000 3.97474747474747
959.23 34.118 0 0 936.429379656087 19.9093057753518 "LDA" 46 1000 4.01010101010101
985.202 34.395 0 0 956.904938987284 20.097285286224 "LDA" 46 1000 4.04545454545454
1029.291 34.693 0 0 1021.4104814866 20.253121733203 "LDA" 46 1000 4.08080808080808
1062.733 34.989 0 0 1046.61204965999 20.2783157360045 "LDA" 46 1000 4.11616161616162
1110.386 35.277 0 0 1085.97678731481 20.3218909122712 "LDA" 46 1000 4.15151515151515
1155.988 35.625 0 0 1102.87885537153 20.5116333357951 "LDA" 46 1000 4.18686868686869
1195.489 35.993 0 0 1149.31754040721 20.5830175535953 "LDA" 46 1000 4.22222222222222
1270.027 36.303 0 0 1233.76676836009 20.6790912715191 "LDA" 46 1000 4.25757575757576
1330.6 36.622 0 0 1315.93368429471 20.7899335577903 "LDA" 46 1000 4.29292929292929
1392.812 36.916 0 0 1387.09083467509 20.8619789609271 "LDA" 46 1000 4.32828282828283
1430.159 37.258 0 0 1429.22891063608 20.9103007313782 "LDA" 46 1000 4.36363636363636
1476.255 37.54 0 0 1477.26318118387 20.976138786688 "LDA" 46 1000 4.3989898989899
1516.69269269269 37.794 1 0 1510.96936550801 20.9916224292505 "LDA" 46 1000 4.43434343434343
1559.39139139139 38.157 1 0 1567.76821766951 21.2552143046156 "LDA" 46 1000 4.46969696969697
1614.46846846847 38.395 1 0 1611.59384281063 21.2895801090867 "LDA" 46 1000 4.50505050505051
1674.16316316316 38.753 1 0 1658.04380186478 21.4707937903093 "LDA" 46 1000 4.54040404040404
1745.64028056112 39.118 2 0 1706.87585236504 21.5490240251487 "LDA" 46 1000 4.57575757575758
1825.97386934673 39.479 5 0 1761.88739951565 21.5817824178711 "LDA" 46 1000 4.61111111111111
1904.93065326633 39.888 5 0 1822.86442736104 21.8262190917218 "LDA" 46 1000 4.64646464646465
1983.87135678392 40.297 5 0 1892.99909056368 21.9376856813351 "LDA" 46 1000 4.68181818181818
2047.81955645161 40.628 8 0 1942.46078774007 22.0255020087792 "LDA" 46 1000 4.71717171717172
2111.94550958628 40.867 9 0 1977.98054526121 22.1087790053885 "LDA" 46 1000 4.75252525252525
2196.79494949495 41.204 10 0 2028.96542878333 22.1330579960442 "LDA" 46 1000 4.78787878787879
2256.37550607287 41.48 12 0 2071.71347514259 22.3642965854453 "LDA" 46 1000 4.82323232323232
2310.68895643364 41.802 13 0 2108.29353370187 22.5339427214719 "LDA" 46 1000 4.85858585858586
2361.99083503055 42.174 18 0 2144.48503234283 22.552967883637 "LDA" 46 1000 4.89393939393939
2420.72773797339 42.547 23 0 2175.10065236728 22.6622454396816 "LDA" 46 1000 4.92929292929293
2457.19116135663 42.892 27 0 2186.63513660176 22.8261115253424 "LDA" 46 1000 4.96464646464646
2503.53663570691 43.182 31 0 2198.38091834374 22.8929894283155 "LDA" 46 1000 5
26.804 8.803 0 0 22.5570034003279 5.50004013089372 "uLSIF" 46 1000 1.5
28.378 9.071 0 0 24.1850373584998 5.63308891201716 "uLSIF" 46 1000 1.53535353535354
29.437 9.299 0 0 25.0514591712061 5.74566024157465 "uLSIF" 46 1000 1.57070707070707
30.945 9.589 0 0 26.8809702496313 6.07379370492363 "uLSIF" 46 1000 1.60606060606061
32.108 9.773 0 0 27.5000470652068 6.13686663796209 "uLSIF" 46 1000 1.64141414141414
33.076 9.934 0 0 28.1133880310891 6.13785934323338 "uLSIF" 46 1000 1.67676767676768
34.446 10.176 0 0 29.5833104343692 6.21817414436824 "uLSIF" 46 1000 1.71212121212121
35.803 10.418 0 0 30.6248276904715 6.27252904502009 "uLSIF" 46 1000 1.74747474747475
37.007 10.704 0 0 31.3728737639415 6.47984354536222 "uLSIF" 46 1000 1.78282828282828
38.846 10.845 0 0 32.73682916814 6.48668266928883 "uLSIF" 46 1000 1.81818181818182
40.367 11.205 0 0 34.2355719301633 6.80744565283604 "uLSIF" 46 1000 1.85353535353535
42.014 11.485 0 0 35.0744639591544 6.91459229359089 "uLSIF" 46 1000 1.88888888888889
43.796 11.78 0 0 36.2924996318734 7.19481517242558 "uLSIF" 46 1000 1.92424242424242
45.166 12.034 0 0 37.5324810148641 7.39767325377173 "uLSIF" 46 1000 1.95959595959596
47.275 12.274 0 0 39.6240007626241 7.45066684508417 "uLSIF" 46 1000 1.99494949494949
48.741 12.491 0 0 41.0310549031641 7.55599179539073 "uLSIF" 46 1000 2.03030303030303
50.545 12.713 0 0 42.6432224324032 7.69505327108558 "uLSIF" 46 1000 2.06565656565657
52.273 12.977 0 0 43.4991568613421 7.79071024786355 "uLSIF" 46 1000 2.1010101010101
53.631 13.212 0 0 44.7105790040218 7.90072638923014 "uLSIF" 46 1000 2.13636363636364
55.135 13.508 0 0 46.1006946699185 8.09824163121338 "uLSIF" 46 1000 2.17171717171717
56.628 13.67 0 0 47.5453486281905 8.15006279261231 "uLSIF" 46 1000 2.20707070707071
58.475 13.893 0 0 48.9167274173285 8.20102480229196 "uLSIF" 46 1000 2.24242424242424
59.859 14.053 0 0 49.8596741476126 8.22957574343398 "uLSIF" 46 1000 2.27777777777778
61.919 14.37 0 0 51.9487161353205 8.44312657647547 "uLSIF" 46 1000 2.31313131313131
64.032 14.708 0 0 54.4087795423798 8.74707078096703 "uLSIF" 46 1000 2.34848484848485
66.26 14.965 0 0 56.8891094214945 8.92240911325996 "uLSIF" 46 1000 2.38383838383838
68.301 15.266 0 0 58.5856866622017 9.10704025368188 "uLSIF" 46 1000 2.41919191919192
70.608 15.501 0 0 60.9234602103656 9.1650421164879 "uLSIF" 46 1000 2.45454545454545
72.168 15.843 0 0 62.3538593815955 9.52370999411742 "uLSIF" 46 1000 2.48989898989899
74.097 16.081 0 0 63.7427700349752 9.60128239474413 "uLSIF" 46 1000 2.52525252525253
75.909 16.349 0 0 65.0365933723275 9.72161039687915 "uLSIF" 46 1000 2.56060606060606
77.888 16.507 0 0 66.3652756025755 9.73965152414663 "uLSIF" 46 1000 2.5959595959596
80.038 16.757 0 0 68.1732803387966 9.87276164112263 "uLSIF" 46 1000 2.63131313131313
82.304 16.989 0 0 70.004930356899 9.95499778909975 "uLSIF" 46 1000 2.66666666666667
85.081 17.234 0 0 72.1112506580733 10.0731679581308 "uLSIF" 46 1000 2.7020202020202
86.487 17.508 0 0 73.286770851101 10.1645094939822 "uLSIF" 46 1000 2.73737373737374
88.374 17.695 0 0 74.9555632388982 10.2474868131648 "uLSIF" 46 1000 2.77272727272727
90.626 17.948 0 0 76.7217071261083 10.4236245110781 "uLSIF" 46 1000 2.80808080808081
93.211 18.204 0 0 78.7551195024669 10.5485380814431 "uLSIF" 46 1000 2.84343434343434
96.675 18.525 0 0 82.8217653749292 10.7013968665261 "uLSIF" 46 1000 2.87878787878788
99.597 18.765 0 0 86.392802404525 10.7391388902511 "uLSIF" 46 1000 2.91414141414141
102.661 19.027 0 0 88.6764771323072 10.8383458489172 "uLSIF" 46 1000 2.94949494949495
106.281 19.337 0 0 92.0483945864671 10.9637418172189 "uLSIF" 46 1000 2.98484848484848
109.575 19.624 0 0 94.9456847784988 11.0804964420102 "uLSIF" 46 1000 3.02020202020202
111.801 19.86 0 0 97.1885745240562 11.2323000567366 "uLSIF" 46 1000 3.05555555555556
115.529 20.084 0 0 100.258839979296 11.2869987304128 "uLSIF" 46 1000 3.09090909090909
118.004 20.304 0 0 102.861939329193 11.4223488851485 "uLSIF" 46 1000 3.12626262626263
120.874 20.523 0 0 106.419214304435 11.464157094959 "uLSIF" 46 1000 3.16161616161616
123.888 20.945 0 0 109.833733000863 11.7416285429595 "uLSIF" 46 1000 3.1969696969697
127.377 21.173 0 0 112.196885037028 11.8657434182131 "uLSIF" 46 1000 3.23232323232323
131.187 21.507 0 0 116.045157199728 12.018585499026 "uLSIF" 46 1000 3.26767676767677
134.24 21.728 0 0 119.586024339039 11.9984156444915 "uLSIF" 46 1000 3.3030303030303
137.433 22.025 0 0 121.837752560317 12.2272597453755 "uLSIF" 46 1000 3.33838383838384
141.552 22.221 0 0 126.732712732256 12.2928138468079 "uLSIF" 46 1000 3.37373737373737
145.318 22.539 0 0 128.44791840954 12.5273865755957 "uLSIF" 46 1000 3.40909090909091
149.355 22.795 0 0 135.196468371256 12.7147410370656 "uLSIF" 46 1000 3.44444444444444
152.943 23.011 0 0 137.022848503496 12.6925955178987 "uLSIF" 46 1000 3.47979797979798
158.429 23.196 0 0 143.837520109293 12.7505356813022 "uLSIF" 46 1000 3.51515151515152
163.749 23.54 0 0 149.198734114138 12.8977809235834 "uLSIF" 46 1000 3.55050505050505
168.469 23.855 0 0 157.564595136854 13.0990671637549 "uLSIF" 46 1000 3.58585858585859
170.602 24.2 0 0 160.007549859411 13.273212805428 "uLSIF" 46 1000 3.62121212121212
175.906 24.492 0 0 164.148859307678 13.3573333549161 "uLSIF" 46 1000 3.65656565656566
184.059 24.87 0 0 171.338321280849 13.6343314832446 "uLSIF" 46 1000 3.69191919191919
188.99 25.127 0 0 176.493444172399 13.6741307896646 "uLSIF" 46 1000 3.72727272727273
196.081 25.308 0 0 187.41990465172 13.6980572627206 "uLSIF" 46 1000 3.76262626262626
201.093 25.514 0 0 193.959105188402 13.7291767522417 "uLSIF" 46 1000 3.7979797979798
206.092 25.767 0 0 198.403471424956 13.7421817248412 "uLSIF" 46 1000 3.83333333333333
210.846 26.157 0 0 200.695079159402 13.9518818087743 "uLSIF" 46 1000 3.86868686868687
218.492 26.574 0 0 207.184428283892 14.7256704217285 "uLSIF" 46 1000 3.9040404040404
224.805 26.817 0 0 210.651373069287 14.7939978833773 "uLSIF" 46 1000 3.93939393939394
228.393 27.073 0 0 212.547874960325 14.7823607447927 "uLSIF" 46 1000 3.97474747474747
232.514 27.294 0 0 215.393040662798 14.7869610880065 "uLSIF" 46 1000 4.01010101010101
239.482 27.638 0 0 219.330571456821 14.8222351436838 "uLSIF" 46 1000 4.04545454545454
245.711 27.929 0 0 224.842944805544 15.0721308423238 "uLSIF" 46 1000 4.08080808080808
251.156 28.327 0 0 231.108097254546 15.3340537433584 "uLSIF" 46 1000 4.11616161616162
261.388 28.529 0 0 250.031380324845 15.3825804981733 "uLSIF" 46 1000 4.15151515151515
265.974 28.907 0 0 253.045476816594 15.7696237124426 "uLSIF" 46 1000 4.18686868686869
272.274 29.199 0 0 256.832914693717 15.851898362079 "uLSIF" 46 1000 4.22222222222222
277.968 29.369 0 0 260.667594016921 15.8795150429098 "uLSIF" 46 1000 4.25757575757576
286.437 29.634 0 0 274.926070745165 15.8483189396609 "uLSIF" 46 1000 4.29292929292929
295.895 29.915 0 0 283.081081801441 15.8920839833338 "uLSIF" 46 1000 4.32828282828283
304.553 30.125 0 0 290.610611848086 15.9067406906443 "uLSIF" 46 1000 4.36363636363636
311.644 30.379 0 0 295.891346532731 16.0314180709432 "uLSIF" 46 1000 4.3989898989899
315.86 30.637 0 0 300.290230647989 16.140066069652 "uLSIF" 46 1000 4.43434343434343
322.508 30.813 0 0 307.1774665107 16.1530477604677 "uLSIF" 46 1000 4.46969696969697
326.35 31.097 0 0 309.922964208436 16.1679000489239 "uLSIF" 46 1000 4.50505050505051
333.519 31.313 0 0 314.722124507723 16.1829824173395 "uLSIF" 46 1000 4.54040404040404
342.299 31.645 0 0 326.131334352046 16.2758679915659 "uLSIF" 46 1000 4.57575757575758
350.004 31.974 0 0 333.81287425595 16.5477234431553 "uLSIF" 46 1000 4.61111111111111
360.201 32.166 0 0 342.331952590997 16.5712718597895 "uLSIF" 46 1000 4.64646464646465
366.304 32.467 0 0 348.939290152617 16.6131546645394 "uLSIF" 46 1000 4.68181818181818
376.803 32.779 0 0 358.76204146118 16.8059096033984 "uLSIF" 46 1000 4.71717171717172
384.857 33.073 0 0 367.632076803555 16.8693878741123 "uLSIF" 46 1000 4.75252525252525
395.434 33.334 0 0 383.288031849886 16.9327836802802 "uLSIF" 46 1000 4.78787878787879
403.516 33.658 0 0 385.950236856164 16.9910485765809 "uLSIF" 46 1000 4.82323232323232
412.084 34.005 0 0 395.725791231562 17.2061333839427 "uLSIF" 46 1000 4.85858585858586
419.091 34.389 0 0 399.499422411982 17.3158169462638 "uLSIF" 46 1000 4.89393939393939
429.864 34.63 0 0 422.804355496756 17.4151769554142 "uLSIF" 46 1000 4.92929292929293
444.637 34.824 0 0 437.134313041928 17.4364863162007 "uLSIF" 46 1000 4.96464646464646
454.986 35.016 0 0 448.361403057569 17.4592258868648 "uLSIF" 46 1000 5
