153.75 15.265 0 0 "KDE LDA" 142 3000 2.5
154.58 15.275 0 0 "KDE LDA" 142 3000 2.51010101010101
155.2 15.3 0 0 "KDE LDA" 142 3000 2.52020202020202
156.575 15.385 0 0 "KDE LDA" 142 3000 2.53030303030303
161.105 15.45 0 0 "KDE LDA" 142 3000 2.54040404040404
163.675 15.595 0 0 "KDE LDA" 142 3000 2.55050505050505
163.695 15.835 0 0 "KDE LDA" 142 3000 2.56060606060606
163.8 15.84 0 0 "KDE LDA" 142 3000 2.57070707070707
163.81 15.855 0 0 "KDE LDA" 142 3000 2.58080808080808
164.17 15.87 0 0 "KDE LDA" 142 3000 2.59090909090909
164.805 15.93 0 0 "KDE LDA" 142 3000 2.6010101010101
165.505 15.935 0 0 "KDE LDA" 142 3000 2.61111111111111
166.86 15.97 0 0 "KDE LDA" 142 3000 2.62121212121212
170.115 16.09 0 0 "KDE LDA" 142 3000 2.63131313131313
170.995 16.285 0 0 "KDE LDA" 142 3000 2.64141414141414
172.225 16.36 0 0 "KDE LDA" 142 3000 2.65151515151515
177.865 16.575 0 0 "KDE LDA" 142 3000 2.66161616161616
189.045 16.82 0 0 "KDE LDA" 142 3000 2.67171717171717
191.66 16.92 0 0 "KDE LDA" 142 3000 2.68181818181818
193.25 17.1 0 0 "KDE LDA" 142 3000 2.69191919191919
193.265 17.15 0 0 "KDE LDA" 142 3000 2.7020202020202
194.545 17.19 0 0 "KDE LDA" 142 3000 2.71212121212121
195.985 17.19 0 0 "KDE LDA" 142 3000 2.72222222222222
196.28 17.235 0 0 "KDE LDA" 142 3000 2.73232323232323
204.025 17.25 0 0 "KDE LDA" 142 3000 2.74242424242424
205.01 17.365 0 0 "KDE LDA" 142 3000 2.75252525252525
206.915 17.475 0 0 "KDE LDA" 142 3000 2.76262626262626
210.385 17.515 0 0 "KDE LDA" 142 3000 2.77272727272727
217.87 17.745 0 0 "KDE LDA" 142 3000 2.78282828282828
224.8 17.82 0 0 "KDE LDA" 142 3000 2.79292929292929
241.53 18.255 0 0 "KDE LDA" 142 3000 2.8030303030303
242.045 18.315 0 0 "KDE LDA" 142 3000 2.81313131313131
242.48 18.34 0 0 "KDE LDA" 142 3000 2.82323232323232
245.47 18.34 0 0 "KDE LDA" 142 3000 2.83333333333333
245.475 18.365 0 0 "KDE LDA" 142 3000 2.84343434343434
246.205 18.56 0 0 "KDE LDA" 142 3000 2.85353535353535
249.455 18.59 0 0 "KDE LDA" 142 3000 2.86363636363636
251.11 18.61 0 0 "KDE LDA" 142 3000 2.87373737373737
255.92 18.645 0 0 "KDE LDA" 142 3000 2.88383838383838
255.92 18.655 0 0 "KDE LDA" 142 3000 2.89393939393939
256.87 18.71 0 0 "KDE LDA" 142 3000 2.9040404040404
257.45 18.75 0 0 "KDE LDA" 142 3000 2.91414141414141
257.695 18.775 0 0 "KDE LDA" 142 3000 2.92424242424242
257.7 18.78 0 0 "KDE LDA" 142 3000 2.93434343434343
263.58 18.84 0 0 "KDE LDA" 142 3000 2.94444444444444
273.74 18.92 0 0 "KDE LDA" 142 3000 2.95454545454545
276.965 19.015 0 0 "KDE LDA" 142 3000 2.96464646464646
280.085 19.06 0 0 "KDE LDA" 142 3000 2.97474747474747
284.53 19.08 0 0 "KDE LDA" 142 3000 2.98484848484848
286.65 19.085 0 0 "KDE LDA" 142 3000 2.99494949494949
289.27 19.09 0 0 "KDE LDA" 142 3000 3.00505050505051
290.97 19.17 0 0 "KDE LDA" 142 3000 3.01515151515152
291.505 19.19 0 0 "KDE LDA" 142 3000 3.02525252525253
292.98 19.31 0 0 "KDE LDA" 142 3000 3.03535353535354
297.065 19.36 0 0 "KDE LDA" 142 3000 3.04545454545455
297.38 19.41 0 0 "KDE LDA" 142 3000 3.05555555555556
302.675 19.46 0 0 "KDE LDA" 142 3000 3.06565656565657
306.28 19.495 0 0 "KDE LDA" 142 3000 3.07575757575758
315.78 19.565 0 0 "KDE LDA" 142 3000 3.08585858585859
329.895 19.695 0 0 "KDE LDA" 142 3000 3.0959595959596
335.09 19.71 0 0 "KDE LDA" 142 3000 3.10606060606061
335.66 19.785 0 0 "KDE LDA" 142 3000 3.11616161616162
340.395 19.835 0 0 "KDE LDA" 142 3000 3.12626262626263
340.405 19.84 0 0 "KDE LDA" 142 3000 3.13636363636364
345.425 19.855 0 0 "KDE LDA" 142 3000 3.14646464646465
350.15 19.935 0 0 "KDE LDA" 142 3000 3.15656565656566
351.84 20.015 0 0 "KDE LDA" 142 3000 3.16666666666667
357.375 20.05 0 0 "KDE LDA" 142 3000 3.17676767676768
360.285 20.08 0 0 "KDE LDA" 142 3000 3.18686868686869
365.36 20.135 0 0 "KDE LDA" 142 3000 3.1969696969697
366.33 20.28 0 0 "KDE LDA" 142 3000 3.20707070707071
373.635 20.31 0 0 "KDE LDA" 142 3000 3.21717171717172
379.88 20.64 0 0 "KDE LDA" 142 3000 3.22727272727273
393.165 20.78 0 0 "KDE LDA" 142 3000 3.23737373737374
401.415 20.81 0 0 "KDE LDA" 142 3000 3.24747474747475
408.575 21.02 0 0 "KDE LDA" 142 3000 3.25757575757576
408.85 21.025 0 0 "KDE LDA" 142 3000 3.26767676767677
412.58 21.025 0 0 "KDE LDA" 142 3000 3.27777777777778
427.645 21.04 0 0 "KDE LDA" 142 3000 3.28787878787879
427.705 21.05 0 0 "KDE LDA" 142 3000 3.2979797979798
434.955 21.07 0 0 "KDE LDA" 142 3000 3.30808080808081
444.485 21.09 0 0 "KDE LDA" 142 3000 3.31818181818182
447.96 21.11 0 0 "KDE LDA" 142 3000 3.32828282828283
452.215 21.16 0 0 "KDE LDA" 142 3000 3.33838383838384
468.355 21.365 0 0 "KDE LDA" 142 3000 3.34848484848485
510.975 21.77 0 0 "KDE LDA" 142 3000 3.35858585858586
512.635 21.93 0 0 "KDE LDA" 142 3000 3.36868686868687
533.895 21.975 0 0 "KDE LDA" 142 3000 3.37878787878788
548.2 22.09 0 0 "KDE LDA" 142 3000 3.38888888888889
548.23 22.105 0 0 "KDE LDA" 142 3000 3.3989898989899
550.545 22.265 0 0 "KDE LDA" 142 3000 3.40909090909091
550.555 22.275 0 0 "KDE LDA" 142 3000 3.41919191919192
550.615 22.415 0 0 "KDE LDA" 142 3000 3.42929292929293
550.63 22.455 0 0 "KDE LDA" 142 3000 3.43939393939394
557.615 22.47 0 0 "KDE LDA" 142 3000 3.44949494949495
561.725 22.55 0 0 "KDE LDA" 142 3000 3.45959595959596
561.74 22.55 0 0 "KDE LDA" 142 3000 3.46969696969697
566.21 22.955 0 0 "KDE LDA" 142 3000 3.47979797979798
577.89 22.995 0 0 "KDE LDA" 142 3000 3.48989898989899
584.205 23.085 0 0 "KDE LDA" 142 3000 3.5
97.105 11.95 0 0 "KDE QDA" 142 3000 2.7
97.105 11.955 0 0 "KDE QDA" 142 3000 2.71010101010101
97.57 11.965 0 0 "KDE QDA" 142 3000 2.72020202020202
97.57 11.975 0 0 "KDE QDA" 142 3000 2.73030303030303
97.57 11.975 0 0 "KDE QDA" 142 3000 2.74040404040404
97.57 11.975 0 0 "KDE QDA" 142 3000 2.75050505050505
97.57 11.975 0 0 "KDE QDA" 142 3000 2.76060606060606
98.04 11.975 0 0 "KDE QDA" 142 3000 2.77070707070707
98.065 11.98 0 0 "KDE QDA" 142 3000 2.78080808080808
98.825 11.985 0 0 "KDE QDA" 142 3000 2.79090909090909
130.305 13.305 0 0 "KDE QDA" 142 3000 2.8010101010101
130.305 13.32 0 0 "KDE QDA" 142 3000 2.81111111111111
130.305 13.36 0 0 "KDE QDA" 142 3000 2.82121212121212
133.125 13.475 0 0 "KDE QDA" 142 3000 2.83131313131313
133.125 13.5 0 0 "KDE QDA" 142 3000 2.84141414141414
133.15 13.515 0 0 "KDE QDA" 142 3000 2.85151515151515
134.235 13.515 0 0 "KDE QDA" 142 3000 2.86161616161616
134.24 13.515 0 0 "KDE QDA" 142 3000 2.87171717171717
134.245 13.515 0 0 "KDE QDA" 142 3000 2.88181818181818
134.245 13.515 0 0 "KDE QDA" 142 3000 2.89191919191919
134.245 13.515 0 0 "KDE QDA" 142 3000 2.9020202020202
134.25 13.515 0 0 "KDE QDA" 142 3000 2.91212121212121
134.25 13.515 0 0 "KDE QDA" 142 3000 2.92222222222222
134.25 13.54 0 0 "KDE QDA" 142 3000 2.93232323232323
134.255 13.54 0 0 "KDE QDA" 142 3000 2.94242424242424
134.255 13.545 0 0 "KDE QDA" 142 3000 2.95252525252525
141.635 13.7 0 0 "KDE QDA" 142 3000 2.96262626262626
141.64 13.735 0 0 "KDE QDA" 142 3000 2.97272727272727
141.92 13.75 0 0 "KDE QDA" 142 3000 2.98282828282828
143.6 13.765 0 0 "KDE QDA" 142 3000 2.99292929292929
144.06 13.765 0 0 "KDE QDA" 142 3000 3.0030303030303
144.075 13.77 0 0 "KDE QDA" 142 3000 3.01313131313131
144.42 13.77 0 0 "KDE QDA" 142 3000 3.02323232323232
144.42 13.77 0 0 "KDE QDA" 142 3000 3.03333333333333
144.86 13.78 0 0 "KDE QDA" 142 3000 3.04343434343434
144.865 13.78 0 0 "KDE QDA" 142 3000 3.05353535353535
144.865 13.78 0 0 "KDE QDA" 142 3000 3.06363636363636
144.87 13.78 0 0 "KDE QDA" 142 3000 3.07373737373737
145.04 13.79 0 0 "KDE QDA" 142 3000 3.08383838383838
154.34 14.415 0 0 "KDE QDA" 142 3000 3.09393939393939
154.58 14.43 0 0 "KDE QDA" 142 3000 3.1040404040404
154.58 14.435 0 0 "KDE QDA" 142 3000 3.11414141414141
156.71 14.495 0 0 "KDE QDA" 142 3000 3.12424242424242
156.71 14.505 0 0 "KDE QDA" 142 3000 3.13434343434343
157.37 14.515 0 0 "KDE QDA" 142 3000 3.14444444444444
157.37 14.515 0 0 "KDE QDA" 142 3000 3.15454545454545
158.07 14.515 0 0 "KDE QDA" 142 3000 3.16464646464646
158.07 14.52 0 0 "KDE QDA" 142 3000 3.17474747474748
158.075 14.52 0 0 "KDE QDA" 142 3000 3.18484848484849
158.95 14.525 0 0 "KDE QDA" 142 3000 3.19494949494949
158.95 14.53 0 0 "KDE QDA" 142 3000 3.20505050505051
158.95 14.53 0 0 "KDE QDA" 142 3000 3.21515151515152
181.525 15.025 0 0 "KDE QDA" 142 3000 3.22525252525253
182.125 15.03 0 0 "KDE QDA" 142 3000 3.23535353535354
183.11 15.045 0 0 "KDE QDA" 142 3000 3.24545454545455
194.295 15.18 0 0 "KDE QDA" 142 3000 3.25555555555556
194.3 15.19 0 0 "KDE QDA" 142 3000 3.26565656565657
194.555 15.2 0 0 "KDE QDA" 142 3000 3.27575757575758
198.435 15.22 0 0 "KDE QDA" 142 3000 3.28585858585859
198.46 15.225 0 0 "KDE QDA" 142 3000 3.2959595959596
198.46 15.225 0 0 "KDE QDA" 142 3000 3.30606060606061
198.465 15.225 0 0 "KDE QDA" 142 3000 3.31616161616162
198.465 15.225 0 0 "KDE QDA" 142 3000 3.32626262626263
198.47 15.25 0 0 "KDE QDA" 142 3000 3.33636363636364
198.49 15.26 0 0 "KDE QDA" 142 3000 3.34646464646465
198.49 15.26 0 0 "KDE QDA" 142 3000 3.35656565656566
230.51 15.965 0 0 "KDE QDA" 142 3000 3.36666666666667
230.51 15.965 0 0 "KDE QDA" 142 3000 3.37676767676768
236.495 16.08 0 0 "KDE QDA" 142 3000 3.38686868686869
237.295 16.09 0 0 "KDE QDA" 142 3000 3.3969696969697
237.33 16.095 0 0 "KDE QDA" 142 3000 3.40707070707071
242.54 16.125 0 0 "KDE QDA" 142 3000 3.41717171717172
242.565 16.125 0 0 "KDE QDA" 142 3000 3.42727272727273
242.58 16.125 0 0 "KDE QDA" 142 3000 3.43737373737374
242.585 16.125 0 0 "KDE QDA" 142 3000 3.44747474747475
242.585 16.125 0 0 "KDE QDA" 142 3000 3.45757575757576
243.69 16.13 0 0 "KDE QDA" 142 3000 3.46767676767677
243.695 16.13 0 0 "KDE QDA" 142 3000 3.47777777777778
243.7 16.13 0 0 "KDE QDA" 142 3000 3.48787878787879
243.725 16.135 0 0 "KDE QDA" 142 3000 3.4979797979798
243.725 16.135 0 0 "KDE QDA" 142 3000 3.50808080808081
252.27 16.485 0 0 "KDE QDA" 142 3000 3.51818181818182
252.53 16.49 0 0 "KDE QDA" 142 3000 3.52828282828283
254.915 16.49 0 0 "KDE QDA" 142 3000 3.53838383838384
255.02 16.56 0 0 "KDE QDA" 142 3000 3.54848484848485
255.235 16.56 0 0 "KDE QDA" 142 3000 3.55858585858586
258.57 16.565 0 0 "KDE QDA" 142 3000 3.56868686868687
258.57 16.565 0 0 "KDE QDA" 142 3000 3.57878787878788
258.575 16.565 0 0 "KDE QDA" 142 3000 3.58888888888889
258.575 16.595 0 0 "KDE QDA" 142 3000 3.5989898989899
262.97 16.785 0 0 "KDE QDA" 142 3000 3.60909090909091
262.97 16.785 0 0 "KDE QDA" 142 3000 3.61919191919192
262.97 16.79 0 0 "KDE QDA" 142 3000 3.62929292929293
263.105 16.79 0 0 "KDE QDA" 142 3000 3.63939393939394
263.27 16.825 0 0 "KDE QDA" 142 3000 3.64949494949495
286.14 17.19 0 0 "KDE QDA" 142 3000 3.65959595959596
286.14 17.21 0 0 "KDE QDA" 142 3000 3.66969696969697
299.855 17.3 0 0 "KDE QDA" 142 3000 3.67979797979798
303.795 17.305 0 0 "KDE QDA" 142 3000 3.68989898989899
303.85 17.32 0 0 "KDE QDA" 142 3000 3.7
