137.475 14.145 0 0 "KDE LDA" 141 5000 2.5
138.04 14.245 0 0 "KDE LDA" 141 5000 2.51010101010101
140.34 14.305 0 0 "KDE LDA" 141 5000 2.52020202020202
142.35 14.565 0 0 "KDE LDA" 141 5000 2.53030303030303
143.73 14.645 0 0 "KDE LDA" 141 5000 2.54040404040404
145.715 14.675 0 0 "KDE LDA" 141 5000 2.55050505050505
145.715 14.705 0 0 "KDE LDA" 141 5000 2.56060606060606
147.16 14.74 0 0 "KDE LDA" 141 5000 2.57070707070707
147.435 14.83 0 0 "KDE LDA" 141 5000 2.58080808080808
148.4 14.99 0 0 "KDE LDA" 141 5000 2.59090909090909
149.665 15 0 0 "KDE LDA" 141 5000 2.6010101010101
151.79 15.07 0 0 "KDE LDA" 141 5000 2.61111111111111
155.705 15.13 0 0 "KDE LDA" 141 5000 2.62121212121212
156.555 15.145 0 0 "KDE LDA" 141 5000 2.63131313131313
158.145 15.175 0 0 "KDE LDA" 141 5000 2.64141414141414
162.375 15.32 0 0 "KDE LDA" 141 5000 2.65151515151515
169.125 15.475 0 0 "KDE LDA" 141 5000 2.66161616161616
176.845 15.7 0 0 "KDE LDA" 141 5000 2.67171717171717
177.505 15.705 0 0 "KDE LDA" 141 5000 2.68181818181818
178.93 15.75 0 0 "KDE LDA" 141 5000 2.69191919191919
179.73 15.76 0 0 "KDE LDA" 141 5000 2.7020202020202
181.59 15.915 0 0 "KDE LDA" 141 5000 2.71212121212121
182.295 16.065 0 0 "KDE LDA" 141 5000 2.72222222222222
182.295 16.095 0 0 "KDE LDA" 141 5000 2.73232323232323
182.35 16.11 0 0 "KDE LDA" 141 5000 2.74242424242424
182.845 16.11 0 0 "KDE LDA" 141 5000 2.75252525252525
185.415 16.12 0 0 "KDE LDA" 141 5000 2.76262626262626
187.09 16.27 0 0 "KDE LDA" 141 5000 2.77272727272727
189.03 16.54 0 0 "KDE LDA" 141 5000 2.78282828282828
200.1 16.605 0 0 "KDE LDA" 141 5000 2.79292929292929
239.235 17.13 0 0 "KDE LDA" 141 5000 2.8030303030303
242.425 17.185 0 0 "KDE LDA" 141 5000 2.81313131313131
242.43 17.185 0 0 "KDE LDA" 141 5000 2.82323232323232
251.035 17.21 0 0 "KDE LDA" 141 5000 2.83333333333333
257.425 17.21 0 0 "KDE LDA" 141 5000 2.84343434343434
258.77 17.225 0 0 "KDE LDA" 141 5000 2.85353535353535
258.77 17.27 0 0 "KDE LDA" 141 5000 2.86363636363636
258.795 17.3 0 0 "KDE LDA" 141 5000 2.87373737373737
258.82 17.32 0 0 "KDE LDA" 141 5000 2.88383838383838
260.605 17.335 0 0 "KDE LDA" 141 5000 2.89393939393939
260.63 17.335 0 0 "KDE LDA" 141 5000 2.9040404040404
260.63 17.44 0 0 "KDE LDA" 141 5000 2.91414141414141
263.05 17.465 0 0 "KDE LDA" 141 5000 2.92424242424242
266.805 17.485 0 0 "KDE LDA" 141 5000 2.93434343434343
268.83 17.51 0 0 "KDE LDA" 141 5000 2.94444444444444
273.02 17.595 0 0 "KDE LDA" 141 5000 2.95454545454545
278.49 17.665 0 0 "KDE LDA" 141 5000 2.96464646464646
278.865 17.7 0 0 "KDE LDA" 141 5000 2.97474747474747
278.875 17.755 0 0 "KDE LDA" 141 5000 2.98484848484848
280 17.78 0 0 "KDE LDA" 141 5000 2.99494949494949
280.02 17.785 0 0 "KDE LDA" 141 5000 3.00505050505051
280.1 17.815 0 0 "KDE LDA" 141 5000 3.01515151515152
280.865 17.88 0 0 "KDE LDA" 141 5000 3.02525252525253
283.51 17.94 0 0 "KDE LDA" 141 5000 3.03535353535354
284.075 17.96 0 0 "KDE LDA" 141 5000 3.04545454545455
292.19 18.025 0 0 "KDE LDA" 141 5000 3.05555555555556
294.665 18.045 0 0 "KDE LDA" 141 5000 3.06565656565657
295.62 18.175 0 0 "KDE LDA" 141 5000 3.07575757575758
296.75 18.215 0 0 "KDE LDA" 141 5000 3.08585858585859
311.045 18.275 0 0 "KDE LDA" 141 5000 3.0959595959596
314 18.28 0 0 "KDE LDA" 141 5000 3.10606060606061
317.485 18.285 0 0 "KDE LDA" 141 5000 3.11616161616162
319.43 18.325 0 0 "KDE LDA" 141 5000 3.12626262626263
322.93 18.38 0 0 "KDE LDA" 141 5000 3.13636363636364
325.325 18.395 0 0 "KDE LDA" 141 5000 3.14646464646465
325.325 18.435 0 0 "KDE LDA" 141 5000 3.15656565656566
326.575 18.5 0 0 "KDE LDA" 141 5000 3.16666666666667
326.665 18.51 0 0 "KDE LDA" 141 5000 3.17676767676768
331.215 18.59 0 0 "KDE LDA" 141 5000 3.18686868686869
336.615 18.69 0 0 "KDE LDA" 141 5000 3.1969696969697
338.025 18.84 0 0 "KDE LDA" 141 5000 3.20707070707071
350.36 19.17 0 0 "KDE LDA" 141 5000 3.21717171717172
363.24 19.76 0 0 "KDE LDA" 141 5000 3.22727272727273
366.91 19.775 0 0 "KDE LDA" 141 5000 3.23737373737374
369.95 19.995 0 0 "KDE LDA" 141 5000 3.24747474747475
374.905 20.02 0 0 "KDE LDA" 141 5000 3.25757575757576
375.915 20.03 0 0 "KDE LDA" 141 5000 3.26767676767677
380.97 20.03 0 0 "KDE LDA" 141 5000 3.27777777777778
385.295 20.195 0 0 "KDE LDA" 141 5000 3.28787878787879
387.13 20.225 0 0 "KDE LDA" 141 5000 3.2979797979798
387.19 20.33 0 0 "KDE LDA" 141 5000 3.30808080808081
392.76 20.34 0 0 "KDE LDA" 141 5000 3.31818181818182
395.765 20.38 0 0 "KDE LDA" 141 5000 3.32828282828283
399.145 20.415 0 0 "KDE LDA" 141 5000 3.33838383838384
413.53 20.705 0 0 "KDE LDA" 141 5000 3.34848484848485
454.035 20.87 0 0 "KDE LDA" 141 5000 3.35858585858586
457.35 20.88 0 0 "KDE LDA" 141 5000 3.36868686868687
457.8 21.16 0 0 "KDE LDA" 141 5000 3.37878787878788
474.215 21.19 0 0 "KDE LDA" 141 5000 3.38888888888889
474.225 21.19 0 0 "KDE LDA" 141 5000 3.3989898989899
477.44 21.195 0 0 "KDE LDA" 141 5000 3.40909090909091
478.585 21.255 0 0 "KDE LDA" 141 5000 3.41919191919192
482.73 21.26 0 0 "KDE LDA" 141 5000 3.42929292929293
488.05 21.305 0 0 "KDE LDA" 141 5000 3.43939393939394
490.425 21.335 0 0 "KDE LDA" 141 5000 3.44949494949495
498.26 21.62 0 0 "KDE LDA" 141 5000 3.45959595959596
498.275 21.645 0 0 "KDE LDA" 141 5000 3.46969696969697
498.285 21.69 0 0 "KDE LDA" 141 5000 3.47979797979798
498.62 21.905 0 0 "KDE LDA" 141 5000 3.48989898989899
500.425 21.91 0 0 "KDE LDA" 141 5000 3.5
107.835 12.14 0 0 "KDE QDA" 141 5000 2.7
108.63 12.14 0 0 "KDE QDA" 141 5000 2.71010101010101
108.635 12.145 0 0 "KDE QDA" 141 5000 2.72020202020202
108.635 12.145 0 0 "KDE QDA" 141 5000 2.73030303030303
108.64 12.145 0 0 "KDE QDA" 141 5000 2.74040404040404
108.645 12.145 0 0 "KDE QDA" 141 5000 2.75050505050505
108.645 12.145 0 0 "KDE QDA" 141 5000 2.76060606060606
108.645 12.15 0 0 "KDE QDA" 141 5000 2.77070707070707
108.645 12.15 0 0 "KDE QDA" 141 5000 2.78080808080808
108.645 12.15 0 0 "KDE QDA" 141 5000 2.79090909090909
140.51 13.4 0 0 "KDE QDA" 141 5000 2.8010101010101
140.51 13.4 0 0 "KDE QDA" 141 5000 2.81111111111111
140.51 13.4 0 0 "KDE QDA" 141 5000 2.82121212121212
144.46 13.585 0 0 "KDE QDA" 141 5000 2.83131313131313
144.465 13.585 0 0 "KDE QDA" 141 5000 2.84141414141414
144.47 13.625 0 0 "KDE QDA" 141 5000 2.85151515151515
144.475 13.625 0 0 "KDE QDA" 141 5000 2.86161616161616
144.51 13.625 0 0 "KDE QDA" 141 5000 2.87171717171717
144.51 13.625 0 0 "KDE QDA" 141 5000 2.88181818181818
144.51 13.625 0 0 "KDE QDA" 141 5000 2.89191919191919
144.51 13.625 0 0 "KDE QDA" 141 5000 2.9020202020202
145.19 13.625 0 0 "KDE QDA" 141 5000 2.91212121212121
145.71 13.625 0 0 "KDE QDA" 141 5000 2.92222222222222
145.71 13.625 0 0 "KDE QDA" 141 5000 2.93232323232323
145.71 13.625 0 0 "KDE QDA" 141 5000 2.94242424242424
145.71 13.63 0 0 "KDE QDA" 141 5000 2.95252525252525
148.635 13.97 0 0 "KDE QDA" 141 5000 2.96262626262626
148.635 13.975 0 0 "KDE QDA" 141 5000 2.97272727272727
149.67 13.98 0 0 "KDE QDA" 141 5000 2.98282828282828
149.67 14 0 0 "KDE QDA" 141 5000 2.99292929292929
149.67 14 0 0 "KDE QDA" 141 5000 3.0030303030303
149.67 14.005 0 0 "KDE QDA" 141 5000 3.01313131313131
149.67 14.005 0 0 "KDE QDA" 141 5000 3.02323232323232
149.675 14.005 0 0 "KDE QDA" 141 5000 3.03333333333333
149.7 14.01 0 0 "KDE QDA" 141 5000 3.04343434343434
149.7 14.01 0 0 "KDE QDA" 141 5000 3.05353535353535
149.7 14.01 0 0 "KDE QDA" 141 5000 3.06363636363636
149.705 14.01 0 0 "KDE QDA" 141 5000 3.07373737373737
149.705 14.025 0 0 "KDE QDA" 141 5000 3.08383838383838
164.185 14.245 0 0 "KDE QDA" 141 5000 3.09393939393939
164.185 14.255 0 0 "KDE QDA" 141 5000 3.1040404040404
164.185 14.255 0 0 "KDE QDA" 141 5000 3.11414141414141
165.805 14.37 0 0 "KDE QDA" 141 5000 3.12424242424242
165.805 14.375 0 0 "KDE QDA" 141 5000 3.13434343434343
165.805 14.385 0 0 "KDE QDA" 141 5000 3.14444444444444
165.805 14.385 0 0 "KDE QDA" 141 5000 3.15454545454545
165.805 14.385 0 0 "KDE QDA" 141 5000 3.16464646464646
165.81 14.385 0 0 "KDE QDA" 141 5000 3.17474747474748
165.81 14.385 0 0 "KDE QDA" 141 5000 3.18484848484849
165.81 14.385 0 0 "KDE QDA" 141 5000 3.19494949494949
165.81 14.385 0 0 "KDE QDA" 141 5000 3.20505050505051
165.83 14.385 0 0 "KDE QDA" 141 5000 3.21515151515152
196.52 14.92 0 0 "KDE QDA" 141 5000 3.22525252525253
196.98 14.94 0 0 "KDE QDA" 141 5000 3.23535353535354
196.98 14.945 0 0 "KDE QDA" 141 5000 3.24545454545455
208.785 15.22 0 0 "KDE QDA" 141 5000 3.25555555555556
208.785 15.22 0 0 "KDE QDA" 141 5000 3.26565656565657
208.795 15.25 0 0 "KDE QDA" 141 5000 3.27575757575758
208.795 15.25 0 0 "KDE QDA" 141 5000 3.28585858585859
208.795 15.25 0 0 "KDE QDA" 141 5000 3.2959595959596
208.805 15.255 0 0 "KDE QDA" 141 5000 3.30606060606061
208.805 15.255 0 0 "KDE QDA" 141 5000 3.31616161616162
208.805 15.28 0 0 "KDE QDA" 141 5000 3.32626262626263
208.81 15.28 0 0 "KDE QDA" 141 5000 3.33636363636364
208.81 15.28 0 0 "KDE QDA" 141 5000 3.34646464646465
208.81 15.28 0 0 "KDE QDA" 141 5000 3.35656565656566
259.025 15.855 0 0 "KDE QDA" 141 5000 3.36666666666667
259.025 15.855 0 0 "KDE QDA" 141 5000 3.37676767676768
272.97 16.035 0 0 "KDE QDA" 141 5000 3.38686868686869
272.975 16.035 0 0 "KDE QDA" 141 5000 3.3969696969697
272.975 16.035 0 0 "KDE QDA" 141 5000 3.40707070707071
273.83 16.05 0 0 "KDE QDA" 141 5000 3.41717171717172
274.17 16.05 0 0 "KDE QDA" 141 5000 3.42727272727273
275.1 16.05 0 0 "KDE QDA" 141 5000 3.43737373737374
275.105 16.05 0 0 "KDE QDA" 141 5000 3.44747474747475
275.105 16.05 0 0 "KDE QDA" 141 5000 3.45757575757576
275.105 16.05 0 0 "KDE QDA" 141 5000 3.46767676767677
275.105 16.05 0 0 "KDE QDA" 141 5000 3.47777777777778
275.105 16.05 0 0 "KDE QDA" 141 5000 3.48787878787879
275.105 16.05 0 0 "KDE QDA" 141 5000 3.4979797979798
275.105 16.055 0 0 "KDE QDA" 141 5000 3.50808080808081
282.9 16.395 0 0 "KDE QDA" 141 5000 3.51818181818182
282.9 16.395 0 0 "KDE QDA" 141 5000 3.52828282828283
282.9 16.4 0 0 "KDE QDA" 141 5000 3.53838383838384
282.98 16.52 0 0 "KDE QDA" 141 5000 3.54848484848485
282.985 16.525 0 0 "KDE QDA" 141 5000 3.55858585858586
282.99 16.53 0 0 "KDE QDA" 141 5000 3.56868686868687
282.99 16.55 0 0 "KDE QDA" 141 5000 3.57878787878788
282.995 16.55 0 0 "KDE QDA" 141 5000 3.58888888888889
282.995 16.585 0 0 "KDE QDA" 141 5000 3.5989898989899
282.995 16.585 0 0 "KDE QDA" 141 5000 3.60909090909091
282.995 16.59 0 0 "KDE QDA" 141 5000 3.61919191919192
283.02 16.59 0 0 "KDE QDA" 141 5000 3.62929292929293
283.02 16.59 0 0 "KDE QDA" 141 5000 3.63939393939394
283.055 16.59 0 0 "KDE QDA" 141 5000 3.64949494949495
317.86 16.955 0 0 "KDE QDA" 141 5000 3.65959595959596
317.86 16.955 0 0 "KDE QDA" 141 5000 3.66969696969697
318.17 16.985 0 0 "KDE QDA" 141 5000 3.67979797979798
318.17 16.99 0 0 "KDE QDA" 141 5000 3.68989898989899
318.35 16.995 0 0 "KDE QDA" 141 5000 3.7
