47.223 12.771 0 0 42.2562760292937 8.50593380587399 "LDA" 45 200 1.5
50.873 13.123 0 0 46.8782085561878 8.65498583359787 "LDA" 45 200 1.53535353535354
53.451 13.442 0 0 50.3596434925099 8.8384814733502 "LDA" 45 200 1.57070707070707
55.989 13.825 0 0 52.5004302284674 9.07539187791567 "LDA" 45 200 1.60606060606061
58.123 14.115 0 0 53.3711190378031 9.18074403635463 "LDA" 45 200 1.64141414141414
60.954 14.449 0 0 56.3669683335827 9.30569691076359 "LDA" 45 200 1.67676767676768
63.853 14.745 0 0 58.8451709585854 9.42915075093637 "LDA" 45 200 1.71212121212121
67.009 15.117 0 0 61.6186642080042 9.56236109701729 "LDA" 45 200 1.74747474747475
69.793 15.495 0 0 64.3022933956164 9.94760925699889 "LDA" 45 200 1.78282828282828
73.159 15.874 0 0 66.4009397810287 10.3371650359749 "LDA" 45 200 1.81818181818182
75.041 16.217 0 0 67.7979637074955 10.3692541888234 "LDA" 45 200 1.85353535353535
78.572 16.48 0 0 70.581942638515 10.3963302988931 "LDA" 45 200 1.88888888888889
83.335 16.886 0 0 78.9681248336298 10.5123505227667 "LDA" 45 200 1.92424242424242
87.794 17.317 0 0 82.4815662604244 10.8200547403691 "LDA" 45 200 1.95959595959596
90.431 17.611 0 0 84.1704455429749 11.0040341587878 "LDA" 45 200 1.99494949494949
95.625 17.976 0 0 91.2096353055562 11.2293152739391 "LDA" 45 200 2.03030303030303
99.554 18.456 0 0 94.0540442896915 11.5295704601253 "LDA" 45 200 2.06565656565657
103.849 18.949 0 0 97.8144972633141 11.7717021696937 "LDA" 45 200 2.1010101010101
108.253 19.22 0 0 100.23464458447 11.9114013231644 "LDA" 45 200 2.13636363636364
112.227 19.688 0 0 104.638122152529 12.3013812224473 "LDA" 45 200 2.17171717171717
117.695 20.118 0 0 111.60047778411 12.6147218442266 "LDA" 45 200 2.20707070707071
121.864 20.552 0 0 115.121303060808 12.8189555589222 "LDA" 45 200 2.24242424242424
125.953 20.951 0 0 117.599338413936 13.1498105125708 "LDA" 45 200 2.27777777777778
129.823 21.323 0 0 120.801227674257 13.2687878772604 "LDA" 45 200 2.31313131313131
135.409 21.695 0 0 127.865684811651 13.3996091183484 "LDA" 45 200 2.34848484848485
140.699 22.164 0 0 131.056927773076 13.6454131964298 "LDA" 45 200 2.38383838383838
145.78 22.509 0 0 137.930411434166 13.8792850519598 "LDA" 45 200 2.41919191919192
152.715 22.94 0 0 143.684205554841 14.2022570073951 "LDA" 45 200 2.45454545454545
157.04 23.309 0 0 148.317060213417 14.3517068842173 "LDA" 45 200 2.48989898989899
164.133 23.62 0 0 155.832695992016 14.4795461688983 "LDA" 45 200 2.52525252525253
171.844 23.986 0 0 163.310397556157 14.6327687715593 "LDA" 45 200 2.56060606060606
178.164 24.602 0 0 168.406097626297 15.0747751175547 "LDA" 45 200 2.5959595959596
185.78 24.895 0 0 177.920874091371 15.1160997440303 "LDA" 45 200 2.63131313131313
194.497 25.242 0 0 188.101925363153 15.2809339682803 "LDA" 45 200 2.66666666666667
198.727 25.59 0 0 188.318034593485 15.339856948851 "LDA" 45 200 2.7020202020202
206.244 25.915 0 0 197.607097618049 15.4597794220933 "LDA" 45 200 2.73737373737374
217.421 26.264 0 0 207.926759452208 15.6048009860368 "LDA" 45 200 2.77272727272727
228.988 26.622 0 0 217.516452856475 15.8454471124735 "LDA" 45 200 2.80808080808081
237.954 26.969 0 0 220.753047072496 15.8950524280888 "LDA" 45 200 2.84343434343434
245.312 27.279 0 0 224.597936074419 16.0512554587422 "LDA" 45 200 2.87878787878788
254.117 27.686 0 0 232.483474416735 16.1306416983827 "LDA" 45 200 2.91414141414141
268.337 27.93 0 0 249.736612868051 16.267628460711 "LDA" 45 200 2.94949494949495
277.169 28.294 0 0 257.776560598892 16.3906136619779 "LDA" 45 200 2.98484848484848
287.599 28.572 0 0 265.72927999987 16.4503930479315 "LDA" 45 200 3.02020202020202
304.506 28.995 0 0 297.5654468502 17.0096532387731 "LDA" 45 200 3.05555555555556
312.882 29.507 0 0 303.447706510671 17.4555047376364 "LDA" 45 200 3.09090909090909
325.234 29.863 0 0 321.513614405748 17.4533908410902 "LDA" 45 200 3.12626262626263
338.808 30.232 0 0 335.747973691336 17.6811990770083 "LDA" 45 200 3.16161616161616
352.642 30.577 0 0 342.650687040504 17.700830217546 "LDA" 45 200 3.1969696969697
364.091 30.895 0 0 353.454139242346 17.8028907180244 "LDA" 45 200 3.23232323232323
379.739 31.362 0 0 362.444358201079 18.2285829739241 "LDA" 45 200 3.26767676767677
393.325 31.786 0 0 375.983050987182 18.3218966238732 "LDA" 45 200 3.3030303030303
407.33 32.085 0 0 387.401583743648 18.3784532140913 "LDA" 45 200 3.33838383838384
423.47 32.361 0 0 407.082292777631 18.4392159183541 "LDA" 45 200 3.37373737373737
439.726 32.843 0 0 421.878615825086 18.6702149941539 "LDA" 45 200 3.40909090909091
449.108 33.185 0 0 426.826708835536 18.7413450161138 "LDA" 45 200 3.44444444444444
459.316 33.613 0 0 437.02337646352 18.9954220026052 "LDA" 45 200 3.47979797979798
473.289 34 0 0 452.515727862538 18.9667007077071 "LDA" 45 200 3.51515151515152
489.734 34.476 0 0 468.92760031623 19.2043805479956 "LDA" 45 200 3.55050505050505
504.099 34.979 0 0 477.285070201486 19.6300253921613 "LDA" 45 200 3.58585858585859
525.204 35.376 0 0 507.964560159839 19.7261690590379 "LDA" 45 200 3.62121212121212
539.176 35.903 0 0 521.477020881369 19.8746721631727 "LDA" 45 200 3.65656565656566
553.939 36.176 0 0 532.719805968082 19.91098871155 "LDA" 45 200 3.69191919191919
566.201 36.49 0 0 539.94971274304 19.9379392471093 "LDA" 45 200 3.72727272727273
585.722 36.892 0 0 554.163782842414 20.1759610776143 "LDA" 45 200 3.76262626262626
609.751 37.266 0 0 584.192336208448 20.1961661987895 "LDA" 45 200 3.7979797979798
631.021 37.698 0 0 598.77849179913 20.7219737524251 "LDA" 45 200 3.83333333333333
651.255 37.947 0 0 616.257214911055 20.8692529026968 "LDA" 45 200 3.86868686868687
677.968 38.289 0 0 636.175859885221 20.943975962771 "LDA" 45 200 3.9040404040404
705.413 38.599 0 0 662.248676662129 21.0380797555243 "LDA" 45 200 3.93939393939394
725.536 39.08 0 0 684.311331707069 21.4958524295193 "LDA" 45 200 3.97474747474747
747.474 39.517 0 0 696.80469725032 21.5160091478334 "LDA" 45 200 4.01010101010101
774.12 39.809 0 0 723.541232768054 21.5507065302266 "LDA" 45 200 4.04545454545454
799.455 40.066 0 0 755.38297930283 21.6167742489237 "LDA" 45 200 4.08080808080808
821.75 40.419 0 0 768.872535909871 21.7227373117735 "LDA" 45 200 4.11616161616162
849.894 40.741 0 0 806.003823146595 21.8737829691478 "LDA" 45 200 4.15151515151515
896.522 40.995 0 0 858.916746543862 21.9176494715642 "LDA" 45 200 4.18686868686869
917.669 41.472 0 0 868.432680614773 22.1267441981148 "LDA" 45 200 4.22222222222222
963.362 41.871 0 0 917.023048907839 22.2519101765782 "LDA" 45 200 4.25757575757576
999.552 42.219 0 0 959.277470057835 22.2225759506382 "LDA" 45 200 4.29292929292929
1023.194 42.676 0 0 981.440081205673 22.3591805967248 "LDA" 45 200 4.32828282828283
1043.308 43.096 0 0 993.048973313703 22.4515223282265 "LDA" 45 200 4.36363636363636
1084.145 43.452 0 0 1039.93464026882 22.6424021334834 "LDA" 45 200 4.3989898989899
1114.213 43.797 0 0 1065.54990132946 22.7301220729113 "LDA" 45 200 4.43434343434343
1168.009 44.17 0 0 1115.61368439609 22.8842038705039 "LDA" 45 200 4.46969696969697
1191.836 44.464 0 0 1124.81601080451 22.9584362227438 "LDA" 45 200 4.50505050505051
1219.847 44.971 0 0 1141.54395543632 23.2704893518524 "LDA" 45 200 4.54040404040404
1253.302 45.338 0 0 1177.21290301076 23.379528617112 "LDA" 45 200 4.57575757575758
1280.322 45.623 0 0 1210.05450133959 23.3992819846549 "LDA" 45 200 4.61111111111111
1325.725 45.987 0 0 1242.1933173273 23.4527367669929 "LDA" 45 200 4.64646464646465
1352.35235235235 46.266 1 0 1260.67146595062 23.5716538848437 "LDA" 45 200 4.68181818181818
1394.15415415415 46.615 1 0 1292.5277995019 23.6064406262155 "LDA" 45 200 4.71717171717172
1435.33433433433 47.125 1 0 1326.19178387878 23.7709156624525 "LDA" 45 200 4.75252525252525
1487.0970970971 47.608 1 0 1366.15491877964 24.0989853955949 "LDA" 45 200 4.78787878787879
1520.56256256256 47.92 1 0 1406.37277583472 24.1203937238469 "LDA" 45 200 4.82323232323232
1565.61022044088 48.382 2 0 1444.30481775681 24.2786228507205 "LDA" 45 200 4.85858585858586
1611.7004008016 48.679 2 0 1472.24413457661 24.3063110272982 "LDA" 45 200 4.89393939393939
1657.45691382766 49.06 2 0 1523.64681685581 24.3266558775798 "LDA" 45 200 4.92929292929293
1716.17935871743 49.606 2 0 1560.61616913863 24.3953252877656 "LDA" 45 200 4.96464646464646
1745.77733199599 49.966 3 0 1570.57600852743 24.5894588286421 "LDA" 45 200 5
26.53 14.771 0 0 16.624243305049 6.72560724342366 "uLSIF" 45 200 1.5
27.344 15.14 0 0 16.9973107453083 6.95534160029375 "uLSIF" 45 200 1.53535353535354
28.074 15.474 0 0 17.2825116580088 7.00116706987773 "uLSIF" 45 200 1.57070707070707
28.916 15.846 0 0 17.6997238459877 7.07688959687562 "uLSIF" 45 200 1.60606060606061
29.714 16.253 0 0 18.1063536926694 7.17331495526632 "uLSIF" 45 200 1.64141414141414
30.469 16.547 0 0 18.6717882023837 7.21788673289412 "uLSIF" 45 200 1.67676767676768
31.386 16.956 0 0 19.6035022713111 7.35745854192847 "uLSIF" 45 200 1.71212121212121
32.29 17.25 0 0 20.1728739857474 7.44761485087454 "uLSIF" 45 200 1.74747474747475
33.186 17.599 0 0 20.4794729622813 7.62288051246426 "uLSIF" 45 200 1.78282828282828
34.066 17.954 0 0 21.0984546540449 7.63335785563288 "uLSIF" 45 200 1.81818181818182
34.787 18.251 0 0 21.2446927011893 7.75552365396091 "uLSIF" 45 200 1.85353535353535
35.522 18.593 0 0 21.4799651979445 7.8219264592256 "uLSIF" 45 200 1.88888888888889
36.239 18.851 0 0 21.7763653782969 7.87087985867843 "uLSIF" 45 200 1.92424242424242
36.92 19.179 0 0 21.8197089737627 7.93069069216893 "uLSIF" 45 200 1.95959595959596
37.705 19.526 0 0 21.9762811215167 8.02269827973654 "uLSIF" 45 200 1.99494949494949
38.301 19.894 0 0 22.0949901015499 8.15863513875497 "uLSIF" 45 200 2.03030303030303
39.142 20.279 0 0 22.8740695779972 8.27741956618575 "uLSIF" 45 200 2.06565656565657
40.001 20.618 0 0 23.1298938819656 8.34180206320323 "uLSIF" 45 200 2.1010101010101
40.762 21.018 0 0 23.590121870178 8.49457673070494 "uLSIF" 45 200 2.13636363636364
41.55 21.357 0 0 23.704755122452 8.65924555221375 "uLSIF" 45 200 2.17171717171717
42.348 21.679 0 0 24.0785937021803 8.6915765257232 "uLSIF" 45 200 2.20707070707071
43.188 22.048 0 0 24.5331312826253 8.75204514923765 "uLSIF" 45 200 2.24242424242424
43.986 22.438 0 0 25.1601836010558 8.87247862081825 "uLSIF" 45 200 2.27777777777778
45.125 22.84 0 0 25.7820885711591 9.08883969530803 "uLSIF" 45 200 2.31313131313131
45.992 23.196 0 0 26.1706101731854 9.22511174385908 "uLSIF" 45 200 2.34848484848485
46.885 23.526 0 0 26.6913882217693 9.30450954633816 "uLSIF" 45 200 2.38383838383838
47.928 23.946 0 0 27.2484365293368 9.62256086900351 "uLSIF" 45 200 2.41919191919192
48.481 24.303 0 0 27.3054065017209 9.62651862621482 "uLSIF" 45 200 2.45454545454545
49.151 24.724 0 0 27.3017139129136 9.80632387737566 "uLSIF" 45 200 2.48989898989899
49.98 25.118 0 0 27.7191621798342 9.94217898264374 "uLSIF" 45 200 2.52525252525253
50.927 25.474 0 0 28.3896397061083 10.049692548547 "uLSIF" 45 200 2.56060606060606
51.687 25.813 0 0 28.7162262954702 10.120892424261 "uLSIF" 45 200 2.5959595959596
52.329 26.145 0 0 28.6737675226668 10.1922449370517 "uLSIF" 45 200 2.63131313131313
53.056 26.508 0 0 29.0695011979893 10.3046650659845 "uLSIF" 45 200 2.66666666666667
53.9 26.895 0 0 29.7885104588221 10.4867510195936 "uLSIF" 45 200 2.7020202020202
54.629 27.264 0 0 29.8881357675526 10.6061677713864 "uLSIF" 45 200 2.73737373737374
55.438 27.652 0 0 30.3440095391976 10.8091504630907 "uLSIF" 45 200 2.77272727272727
56.024 28.087 0 0 30.5141694715511 10.9495810113595 "uLSIF" 45 200 2.80808080808081
56.841 28.388 0 0 30.9838299233119 10.9959249891206 "uLSIF" 45 200 2.84343434343434
57.751 28.76 0 0 31.5008142799563 11.0534419335598 "uLSIF" 45 200 2.87878787878788
58.392 29.166 0 0 31.6591003446819 11.1350093144295 "uLSIF" 45 200 2.91414141414141
58.998 29.465 0 0 31.8544298442258 11.2294646299757 "uLSIF" 45 200 2.94949494949495
59.621 29.835 0 0 32.0465027317699 11.3760797373344 "uLSIF" 45 200 2.98484848484848
60.483 30.225 0 0 32.6489151835503 11.4855689146552 "uLSIF" 45 200 3.02020202020202
61.335 30.632 0 0 33.2127967034525 11.6020335796438 "uLSIF" 45 200 3.05555555555556
61.942 31.068 0 0 33.4373846868246 11.7294055669908 "uLSIF" 45 200 3.09090909090909
62.965 31.428 0 0 34.1086965183101 11.7418348943718 "uLSIF" 45 200 3.12626262626263
63.686 31.759 0 0 34.2965546033076 11.8150969321253 "uLSIF" 45 200 3.16161616161616
64.556 32.046 0 0 34.5693491969968 11.8623184326926 "uLSIF" 45 200 3.1969696969697
65.27 32.377 0 0 34.6368707133426 11.8463161449544 "uLSIF" 45 200 3.23232323232323
66.148 32.697 0 0 34.7870987326945 11.8715679303589 "uLSIF" 45 200 3.26767676767677
66.887 33.05 0 0 34.8632137743306 11.9023176383915 "uLSIF" 45 200 3.3030303030303
67.62 33.382 0 0 34.9533021806715 11.9744504451546 "uLSIF" 45 200 3.33838383838384
68.211 33.756 0 0 34.9136569617455 12.0679782938196 "uLSIF" 45 200 3.37373737373737
68.845 34.118 0 0 35.0172412131821 12.1879704062088 "uLSIF" 45 200 3.40909090909091
69.861 34.505 0 0 35.2280100444475 12.3025740529504 "uLSIF" 45 200 3.44444444444444
70.476 34.801 0 0 35.4794054658785 12.3210067042513 "uLSIF" 45 200 3.47979797979798
71.353 35.124 0 0 35.7071336064713 12.3505935550143 "uLSIF" 45 200 3.51515151515152
72.208 35.413 0 0 36.2369956792206 12.37706033849 "uLSIF" 45 200 3.55050505050505
72.75 35.718 0 0 36.3775318682401 12.378436965211 "uLSIF" 45 200 3.58585858585859
73.587 36.13 0 0 36.6001092757795 12.4040703384398 "uLSIF" 45 200 3.62121212121212
74.755 36.518 0 0 37.4241037105572 12.4490423187752 "uLSIF" 45 200 3.65656565656566
75.991 36.864 0 0 38.245753446058 12.513436382149 "uLSIF" 45 200 3.69191919191919
76.753 37.207 0 0 38.3826943064478 12.5324863540406 "uLSIF" 45 200 3.72727272727273
77.646 37.613 0 0 38.6871215959184 12.6233347250075 "uLSIF" 45 200 3.76262626262626
78.832 37.905 0 0 40.1060128692478 12.6685621704859 "uLSIF" 45 200 3.7979797979798
79.541 38.329 0 0 40.3399508010438 12.7692526332911 "uLSIF" 45 200 3.83333333333333
80.126 38.633 0 0 40.4866557435076 12.9342028979216 "uLSIF" 45 200 3.86868686868687
80.862 38.94 0 0 40.634124674811 12.9729988321397 "uLSIF" 45 200 3.9040404040404
81.453 39.251 0 0 40.8057704485763 13.0006544456814 "uLSIF" 45 200 3.93939393939394
82.277 39.617 0 0 41.0411335813918 13.151474148257 "uLSIF" 45 200 3.97474747474747
83.2 39.961 0 0 41.2382418707756 13.200975143706 "uLSIF" 45 200 4.01010101010101
83.955 40.354 0 0 41.2028718859699 13.3314820036038 "uLSIF" 45 200 4.04545454545454
84.627 40.68 0 0 41.2414928407269 13.3373717607888 "uLSIF" 45 200 4.08080808080808
85.435 41.039 0 0 41.6355051643461 13.3692264254599 "uLSIF" 45 200 4.11616161616162
86.443 41.384 0 0 42.5465034515876 13.4495886716076 "uLSIF" 45 200 4.15151515151515
87.59 41.737 0 0 43.092004140221 13.54656193801 "uLSIF" 45 200 4.18686868686869
88.404 42.065 0 0 43.172058216057 13.5470401674055 "uLSIF" 45 200 4.22222222222222
89.18 42.475 0 0 43.4752078050663 13.578355818977 "uLSIF" 45 200 4.25757575757576
90.159 42.863 0 0 44.0905397414762 13.6767424587979 "uLSIF" 45 200 4.29292929292929
91.04 43.201 0 0 44.4762468800655 13.7087026201434 "uLSIF" 45 200 4.32828282828283
91.931 43.552 0 0 44.9686158939256 13.7313453763951 "uLSIF" 45 200 4.36363636363636
93.142 43.866 0 0 45.8393617220297 13.7191201707055 "uLSIF" 45 200 4.3989898989899
94.029 44.176 0 0 46.2382323746608 13.8008509696862 "uLSIF" 45 200 4.43434343434343
95.014 44.569 0 0 46.7457481378678 13.8804144356321 "uLSIF" 45 200 4.46969696969697
96.094 44.904 0 0 47.0315546323012 13.9762698929335 "uLSIF" 45 200 4.50505050505051
97.121 45.274 0 0 47.4861589760037 14.0196817180518 "uLSIF" 45 200 4.54040404040404
98.052 45.593 0 0 47.7993103514064 14.0960295490982 "uLSIF" 45 200 4.57575757575758
98.89 45.948 0 0 48.2135504443144 14.1844455124088 "uLSIF" 45 200 4.61111111111111
99.815 46.295 0 0 48.6926251782213 14.2592882817587 "uLSIF" 45 200 4.64646464646465
100.483 46.679 0 0 49.0688441117423 14.2823648232688 "uLSIF" 45 200 4.68181818181818
101.431 46.997 0 0 49.3674222679429 14.3229234843009 "uLSIF" 45 200 4.71717171717172
102.289 47.302 0 0 49.4499421210559 14.3391913442986 "uLSIF" 45 200 4.75252525252525
102.911 47.693 0 0 49.4921463623427 14.3811532419542 "uLSIF" 45 200 4.78787878787879
103.904 48.068 0 0 49.8830944018824 14.4425746999614 "uLSIF" 45 200 4.82323232323232
104.89 48.449 0 0 50.1331350628627 14.5891824048931 "uLSIF" 45 200 4.85858585858586
105.512 48.759 0 0 50.193717388387 14.6653329655685 "uLSIF" 45 200 4.89393939393939
106.104 49.068 0 0 50.3342897508719 14.7492004839217 "uLSIF" 45 200 4.92929292929293
106.859 49.394 0 0 50.9282515486818 14.8095268690828 "uLSIF" 45 200 4.96464646464646
107.713 49.75 0 0 51.0154997252032 14.8924573286374 "uLSIF" 45 200 5
