38.351 10.329 0 0 34.2759192092296 6.97161117406603 "LDA" 1 5000 1.5
40.664 10.673 0 0 37.4576317748223 7.19818622188152 "LDA" 1 5000 1.53535353535354
42.943 10.964 0 0 38.9896645913368 7.2876480303191 "LDA" 1 5000 1.57070707070707
44.99 11.29 0 0 40.1433604645823 7.44549093984643 "LDA" 1 5000 1.60606060606061
46.747 11.552 0 0 41.3726078907734 7.49850141851847 "LDA" 1 5000 1.64141414141414
48.827 11.809 0 0 43.9564926290104 7.63484183266489 "LDA" 1 5000 1.67676767676768
50.17 12.03 0 0 45.0185936450015 7.76965040831745 "LDA" 1 5000 1.71212121212121
52.327 12.354 0 0 47.9533898551354 8.00417083468055 "LDA" 1 5000 1.74747474747475
54.573 12.599 0 0 50.6178312043872 8.12873146777991 "LDA" 1 5000 1.78282828282828
58.293 12.904 0 0 54.9170012658014 8.16415564755091 "LDA" 1 5000 1.81818181818182
61.313 13.186 0 0 58.4267123130483 8.31158748293528 "LDA" 1 5000 1.85353535353535
63.542 13.511 0 0 61.1108564231657 8.4432913113411 "LDA" 1 5000 1.88888888888889
67.146 13.965 0 0 64.5023195957574 8.78880071557081 "LDA" 1 5000 1.92424242424242
70.109 14.285 0 0 66.3252150629996 8.93406920683921 "LDA" 1 5000 1.95959595959596
74.184 14.561 0 0 70.7396652822463 9.10137979177411 "LDA" 1 5000 1.99494949494949
77.325 14.899 0 0 73.9040539089987 9.28563525139891 "LDA" 1 5000 2.03030303030303
80.783 15.283 0 0 76.586979810386 9.4881471287041 "LDA" 1 5000 2.06565656565657
84.534 15.536 0 0 79.7320138842488 9.58209374408957 "LDA" 1 5000 2.1010101010101
88.311 15.88 0 0 83.2252649363384 9.73747495084934 "LDA" 1 5000 2.13636363636364
93.181 16.207 0 0 88.6081127021484 9.8753062065271 "LDA" 1 5000 2.17171717171717
96.223 16.516 0 0 91.0679451928155 10.0551902443888 "LDA" 1 5000 2.20707070707071
100.6 16.749 0 0 95.5376231514969 10.0937546474482 "LDA" 1 5000 2.24242424242424
104.653 17.051 0 0 98.9419026049686 10.310902662411 "LDA" 1 5000 2.27777777777778
108.352 17.321 0 0 101.703075723459 10.3440300636627 "LDA" 1 5000 2.31313131313131
113.372 17.577 0 0 106.812595448976 10.4018397059977 "LDA" 1 5000 2.34848484848485
119.418 17.908 0 0 113.290105145701 10.7080436214183 "LDA" 1 5000 2.38383838383838
124.47 18.263 0 0 118.410481555233 10.8860616081913 "LDA" 1 5000 2.41919191919192
129.674 18.545 0 0 124.468840342538 11.0989712208908 "LDA" 1 5000 2.45454545454545
137.844 18.787 0 0 132.845645881337 11.1380288510439 "LDA" 1 5000 2.48989898989899
142.611 19.181 0 0 136.102511264754 11.4361280171229 "LDA" 1 5000 2.52525252525253
149.975 19.435 0 0 145.5293412483 11.5338113303367 "LDA" 1 5000 2.56060606060606
155.256 19.699 0 0 147.859436211819 11.5689342309151 "LDA" 1 5000 2.5959595959596
161.275 20.024 0 0 152.908673519318 11.7249690361595 "LDA" 1 5000 2.63131313131313
169.168 20.289 0 0 160.710303271376 11.7870443035315 "LDA" 1 5000 2.66666666666667
176.285 20.576 0 0 168.689098008101 11.8313230115742 "LDA" 1 5000 2.7020202020202
184.011 20.872 0 0 177.779640227669 11.9560262028218 "LDA" 1 5000 2.73737373737374
193.155 21.152 0 0 189.055666458374 12.1720604276784 "LDA" 1 5000 2.77272727272727
200.187 21.361 0 0 193.587220763776 12.2858300745461 "LDA" 1 5000 2.80808080808081
211.602 21.759 0 0 206.573168804833 12.633785320779 "LDA" 1 5000 2.84343434343434
221.132 22.05 0 0 217.907081280238 12.9073661178453 "LDA" 1 5000 2.87878787878788
227.974 22.288 0 0 224.208453798591 12.8976511584631 "LDA" 1 5000 2.91414141414141
236.761 22.489 0 0 229.157196919276 12.965800823358 "LDA" 1 5000 2.94949494949495
247.187 22.805 0 0 237.345842769744 13.1168222533518 "LDA" 1 5000 2.98484848484848
258.672 23.097 0 0 245.653883027007 13.1821606863352 "LDA" 1 5000 3.02020202020202
269.948 23.396 0 0 259.901835815487 13.2491027138717 "LDA" 1 5000 3.05555555555556
280.245 23.743 0 0 272.457729178655 13.5386944439723 "LDA" 1 5000 3.09090909090909
294.014 24.031 0 0 285.631148436155 13.6271691388468 "LDA" 1 5000 3.12626262626263
306.217 24.376 0 0 294.95344962968 13.7660498374853 "LDA" 1 5000 3.16161616161616
321.158 24.743 0 0 307.886646711453 14.1009143954138 "LDA" 1 5000 3.1969696969697
330.076 25.101 0 0 312.787048903822 14.1762394436876 "LDA" 1 5000 3.23232323232323
345.313 25.469 0 0 326.488195150411 14.5864939174842 "LDA" 1 5000 3.26767676767677
356.368 25.785 0 0 333.756315077114 14.6475023237521 "LDA" 1 5000 3.3030303030303
370.502 26.056 0 0 344.813614035792 14.7098349155673 "LDA" 1 5000 3.33838383838384
383.838 26.327 0 0 358.947052840308 14.7569589969898 "LDA" 1 5000 3.37373737373737
397.108 26.588 0 0 369.525400151813 14.854794543208 "LDA" 1 5000 3.40909090909091
416.252 26.943 0 0 402.941822858597 14.9948857147228 "LDA" 1 5000 3.44444444444444
431.007 27.243 0 0 411.020345817182 15.1325789588538 "LDA" 1 5000 3.47979797979798
442.802 27.672 0 0 417.547540700152 15.3127690799834 "LDA" 1 5000 3.51515151515152
463.437 27.891 0 0 440.276105506624 15.3587437640586 "LDA" 1 5000 3.55050505050505
478.683 28.275 0 0 457.165012177616 15.5278617165883 "LDA" 1 5000 3.58585858585859
491.45 28.652 0 0 469.34453207616 15.6510655180998 "LDA" 1 5000 3.62121212121212
503.209 28.92 0 0 485.256836650981 15.7607106438764 "LDA" 1 5000 3.65656565656566
534.286 29.272 0 0 524.611892585216 15.852675588787 "LDA" 1 5000 3.69191919191919
556.179 29.589 0 0 538.123439179892 15.9575286846592 "LDA" 1 5000 3.72727272727273
575.723 29.857 0 0 565.900025720189 16.0087735892489 "LDA" 1 5000 3.76262626262626
601.632 30.198 0 0 583.903980492028 16.1629216429467 "LDA" 1 5000 3.7979797979798
629.239 30.538 0 0 614.557480448962 16.2194212481711 "LDA" 1 5000 3.83333333333333
652.843 30.873 0 0 643.379080318899 16.3380477047536 "LDA" 1 5000 3.86868686868687
675.56 31.166 0 0 663.728643432022 16.3525487264172 "LDA" 1 5000 3.9040404040404
702.097 31.448 0 0 686.519192880427 16.4588635752955 "LDA" 1 5000 3.93939393939394
728.755 31.836 0 0 724.09362139681 16.67582643191 "LDA" 1 5000 3.97474747474747
753.165 32.111 0 0 754.656669263224 16.7764158009727 "LDA" 1 5000 4.01010101010101
789.544 32.477 0 0 799.467191230418 16.8735351123346 "LDA" 1 5000 4.04545454545454
818.284 32.737 0 0 825.977141076908 16.8859991699623 "LDA" 1 5000 4.08080808080808
862.057 33.044 0 0 866.521496129354 16.9844203473223 "LDA" 1 5000 4.11616161616162
919.652 33.394 0 0 931.169664368336 17.0875026480392 "LDA" 1 5000 4.15151515151515
944.412 33.716 0 0 951.268509956066 17.1517791359243 "LDA" 1 5000 4.18686868686869
963.298 34.092 0 0 962.375756288723 17.3789978297244 "LDA" 1 5000 4.22222222222222
986.515 34.394 0 0 980.736623206811 17.486123885199 "LDA" 1 5000 4.25757575757576
1010.874 34.744 0 0 988.494742515093 17.723108434261 "LDA" 1 5000 4.29292929292929
1037.552 35.143 0 0 1005.71754438067 17.9657819289983 "LDA" 1 5000 4.32828282828283
1078.9 35.467 0 0 1041.0330618361 18.1490578074813 "LDA" 1 5000 4.36363636363636
1135.354 35.821 0 0 1099.33298490298 18.3018555593939 "LDA" 1 5000 4.3989898989899
1174.321 36.169 0 0 1126.95043157817 18.4760873781438 "LDA" 1 5000 4.43434343434343
1205.743 36.473 0 0 1140.037121145 18.6272984419976 "LDA" 1 5000 4.46969696969697
1243.78 36.667 0 0 1198.0883227998 18.6926596964297 "LDA" 1 5000 4.50505050505051
1285.77 36.905 0 0 1242.86246874552 18.7340048558214 "LDA" 1 5000 4.54040404040404
1350.106 37.276 0 0 1298.75904301599 18.8697613098813 "LDA" 1 5000 4.57575757575758
1397.129 37.553 0 0 1350.31934396634 18.8959850034141 "LDA" 1 5000 4.61111111111111
1459.374 37.956 0 0 1392.75616525645 19.1837452047321 "LDA" 1 5000 4.64646464646465
1523.43643643644 38.235 1 0 1439.09749736686 19.2631472985035 "LDA" 1 5000 4.68181818181818
1554.57757757758 38.477 1 0 1464.9869567011 19.2193874994979 "LDA" 1 5000 4.71717171717172
1588.88276553106 38.838 2 0 1497.74156337318 19.2724981563155 "LDA" 1 5000 4.75252525252525
1659.18637274549 39.063 2 0 1565.78613930408 19.2819299818204 "LDA" 1 5000 4.78787878787879
1729.99398797595 39.419 2 0 1633.87370313538 19.4856647341098 "LDA" 1 5000 4.82323232323232
1791.26553106212 39.737 2 0 1699.15086428872 19.7013698755943 "LDA" 1 5000 4.85858585858586
1821.82848545637 39.983 3 0 1708.71521571756 19.705812087555 "LDA" 1 5000 4.89393939393939
1887.06619859579 40.326 3 0 1738.9573665047 19.8152054333627 "LDA" 1 5000 4.92929292929293
1954.20281124498 40.619 4 0 1802.79967561126 19.8609238278408 "LDA" 1 5000 4.96464646464646
2017.32361809045 40.929 5 0 1835.05716603343 20.0068046232084 "LDA" 1 5000 5
24 8.736 0 0 19.5352406083372 5.88293403948344 "uLSIF" 1 5000 1.5
25.048 8.926 0 0 20.4662298082124 5.97546903851323 "uLSIF" 1 5000 1.53535353535354
26.336 9.187 0 0 21.9126737133849 6.20665397404701 "uLSIF" 1 5000 1.57070707070707
27.291 9.461 0 0 22.7098669537507 6.33345021229279 "uLSIF" 1 5000 1.60606060606061
28.323 9.75 0 0 23.6335188707525 6.52810203015517 "uLSIF" 1 5000 1.64141414141414
29.254 10.028 0 0 24.4417856320868 6.65172620163078 "uLSIF" 1 5000 1.67676767676768
30.374 10.229 0 0 25.1254733968022 6.77469227754704 "uLSIF" 1 5000 1.71212121212121
31.895 10.397 0 0 27.4571278335675 6.8492556751302 "uLSIF" 1 5000 1.74747474747475
33.463 10.586 0 0 29.2787273438392 6.95535627994576 "uLSIF" 1 5000 1.78282828282828
35 10.804 0 0 31.1626235915577 7.03214299022958 "uLSIF" 1 5000 1.81818181818182
36.402 11.113 0 0 32.1339849534568 7.22387814234262 "uLSIF" 1 5000 1.85353535353535
37.626 11.416 0 0 32.8529974803433 7.40511848519521 "uLSIF" 1 5000 1.88888888888889
38.992 11.609 0 0 34.3597515783879 7.46175561089994 "uLSIF" 1 5000 1.92424242424242
40.583 11.886 0 0 36.0732919677896 7.56056652415453 "uLSIF" 1 5000 1.95959595959596
42.344 12.125 0 0 37.5410841212264 7.60757847480065 "uLSIF" 1 5000 1.99494949494949
43.968 12.41 0 0 39.0867848863622 7.75164421190679 "uLSIF" 1 5000 2.03030303030303
45.394 12.651 0 0 40.0319287484293 7.88107291619043 "uLSIF" 1 5000 2.06565656565657
47.316 12.8 0 0 42.1118457390738 7.95495325450007 "uLSIF" 1 5000 2.1010101010101
49.253 12.995 0 0 43.6847037799771 8.04236623480022 "uLSIF" 1 5000 2.13636363636364
50.784 13.269 0 0 44.5186843612573 8.20096914363753 "uLSIF" 1 5000 2.17171717171717
53.493 13.555 0 0 46.8789033850258 8.3043324197034 "uLSIF" 1 5000 2.20707070707071
55.524 13.771 0 0 48.3486402602495 8.50440379355801 "uLSIF" 1 5000 2.24242424242424
57.526 13.983 0 0 49.6696526905353 8.59538199218578 "uLSIF" 1 5000 2.27777777777778
59.293 14.176 0 0 50.3975104549824 8.67076733664364 "uLSIF" 1 5000 2.31313131313131
60.762 14.437 0 0 51.3171784961801 8.73122358351138 "uLSIF" 1 5000 2.34848484848485
63.599 14.737 0 0 54.8176538550691 9.06951415937409 "uLSIF" 1 5000 2.38383838383838
65.183 14.967 0 0 56.0292136638003 9.1709332685947 "uLSIF" 1 5000 2.41919191919192
67.786 15.218 0 0 59.03283051895 9.30726066579749 "uLSIF" 1 5000 2.45454545454545
69.254 15.549 0 0 59.7752001967251 9.51999103094269 "uLSIF" 1 5000 2.48989898989899
71.499 15.705 0 0 61.5652359475482 9.57536749491437 "uLSIF" 1 5000 2.52525252525253
73.497 15.891 0 0 62.4972471145482 9.65548276096785 "uLSIF" 1 5000 2.56060606060606
76.028 16.237 0 0 64.3657063983622 9.86530056081188 "uLSIF" 1 5000 2.5959595959596
78.953 16.411 0 0 66.6851235036473 9.94922439520117 "uLSIF" 1 5000 2.63131313131313
81.642 16.634 0 0 68.9245270308504 10.0172046194729 "uLSIF" 1 5000 2.66666666666667
84.721 17.069 0 0 72.2951156216154 10.4271263521626 "uLSIF" 1 5000 2.7020202020202
87.326 17.321 0 0 74.629466575082 10.483122380992 "uLSIF" 1 5000 2.73737373737374
90.415 17.65 0 0 76.9097645743822 10.6665493612168 "uLSIF" 1 5000 2.77272727272727
93.696 17.935 0 0 78.9843662639266 10.784112020564 "uLSIF" 1 5000 2.80808080808081
96.962 18.2 0 0 80.7995861940464 10.9832887894579 "uLSIF" 1 5000 2.84343434343434
101.748 18.56 0 0 85.6752750141413 11.0977276755 "uLSIF" 1 5000 2.87878787878788
104.198 18.764 0 0 88.4670176348746 11.1379692205697 "uLSIF" 1 5000 2.91414141414141
107.408 19.061 0 0 92.1738984938988 11.2521949365842 "uLSIF" 1 5000 2.94949494949495
110.828 19.322 0 0 96.9718616814071 11.5350497776721 "uLSIF" 1 5000 2.98484848484848
113.95 19.481 0 0 101.337390763562 11.579971275212 "uLSIF" 1 5000 3.02020202020202
118.107 19.774 0 0 104.960489019703 11.758536779174 "uLSIF" 1 5000 3.05555555555556
122.288 19.924 0 0 109.283264445604 11.8237906792207 "uLSIF" 1 5000 3.09090909090909
126.592 20.117 0 0 111.670021625008 11.891371481697 "uLSIF" 1 5000 3.12626262626263
128.485 20.416 0 0 112.511904719917 12.1349990606593 "uLSIF" 1 5000 3.16161616161616
131.696 20.762 0 0 115.05830694912 12.2359746271016 "uLSIF" 1 5000 3.1969696969697
137.257 21.07 0 0 121.519949181396 12.2878024923129 "uLSIF" 1 5000 3.23232323232323
141 21.333 0 0 123.284699444485 12.3594849353793 "uLSIF" 1 5000 3.26767676767677
146.116 21.581 0 0 130.392947910786 12.6027087273835 "uLSIF" 1 5000 3.3030303030303
149.846 21.76 0 0 133.750983583709 12.6474645031468 "uLSIF" 1 5000 3.33838383838384
154.425 21.967 0 0 138.048447107343 12.7478790165039 "uLSIF" 1 5000 3.37373737373737
158.736 22.276 0 0 140.307235823476 12.8465114664199 "uLSIF" 1 5000 3.40909090909091
162.291 22.454 0 0 146.027772801715 12.899933809609 "uLSIF" 1 5000 3.44444444444444
168.929 22.685 0 0 153.818666426221 12.9051275591262 "uLSIF" 1 5000 3.47979797979798
174.12 22.95 0 0 157.178168256843 13.0278634175073 "uLSIF" 1 5000 3.51515151515152
178.483 23.173 0 0 161.64243250764 13.0472718336939 "uLSIF" 1 5000 3.55050505050505
184.487 23.421 0 0 168.171720448352 13.46517991228 "uLSIF" 1 5000 3.58585858585859
189.164 23.679 0 0 172.084700796579 13.5419105868538 "uLSIF" 1 5000 3.62121212121212
193.313 23.959 0 0 174.580891046296 13.6175165046992 "uLSIF" 1 5000 3.65656565656566
197.684 24.221 0 0 179.362256238493 13.738810498508 "uLSIF" 1 5000 3.69191919191919
204.485 24.486 0 0 185.097306268319 13.8750972004639 "uLSIF" 1 5000 3.72727272727273
209.003 24.818 0 0 188.530837975828 14.1024024107155 "uLSIF" 1 5000 3.76262626262626
215.317 25.009 0 0 194.034274835171 14.0943808154374 "uLSIF" 1 5000 3.7979797979798
219.058 25.248 0 0 198.633098308776 14.1138122311336 "uLSIF" 1 5000 3.83333333333333
226.671 25.539 0 0 208.103430526257 14.3922762833617 "uLSIF" 1 5000 3.86868686868687
234.165 25.878 0 0 214.292414737466 14.6386955500621 "uLSIF" 1 5000 3.9040404040404
242.85 26.321 0 0 224.760973024667 15.0297655621388 "uLSIF" 1 5000 3.93939393939394
249.752 26.605 0 0 230.249350182056 15.2291464600582 "uLSIF" 1 5000 3.97474747474747
261.566 26.954 0 0 246.644625352379 15.3164119974776 "uLSIF" 1 5000 4.01010101010101
272.035 27.462 0 0 255.708362283171 15.7514654767315 "uLSIF" 1 5000 4.04545454545454
279.458 27.841 0 0 262.746973737488 16.0576326576045 "uLSIF" 1 5000 4.08080808080808
289.601 28.113 0 0 268.476191242844 16.1289917656181 "uLSIF" 1 5000 4.11616161616162
297.252 28.584 0 0 279.484400326791 16.5779302620011 "uLSIF" 1 5000 4.15151515151515
305.008 28.903 0 0 285.831628158354 16.8088109968292 "uLSIF" 1 5000 4.18686868686869
314.014 29.188 0 0 292.269442862628 16.9342677853347 "uLSIF" 1 5000 4.22222222222222
324.984 29.371 0 0 303.585209988438 16.948055805773 "uLSIF" 1 5000 4.25757575757576
331.662 29.722 0 0 310.852149445383 17.2163619594594 "uLSIF" 1 5000 4.29292929292929
340.107 30.124 0 0 320.244756795885 17.7736469675339 "uLSIF" 1 5000 4.32828282828283
347.428 30.379 0 0 323.980558395436 17.8522284620453 "uLSIF" 1 5000 4.36363636363636
358.351 30.689 0 0 334.819288205974 18.0085698373743 "uLSIF" 1 5000 4.3989898989899
364.05 30.923 0 0 337.390708215253 18.0323108678626 "uLSIF" 1 5000 4.43434343434343
374.182 31.175 0 0 348.14553018269 18.1116096856521 "uLSIF" 1 5000 4.46969696969697
384.716 31.407 0 0 356.760260156912 18.1206984057103 "uLSIF" 1 5000 4.50505050505051
394.621 31.674 0 0 364.840076801659 18.2366197059186 "uLSIF" 1 5000 4.54040404040404
406.698 31.971 0 0 370.817343578073 18.3045681789059 "uLSIF" 1 5000 4.57575757575758
417.635 32.272 0 0 375.53128167773 18.5149890850851 "uLSIF" 1 5000 4.61111111111111
427.819 32.483 0 0 381.010902136076 18.5021090429994 "uLSIF" 1 5000 4.64646464646465
440.782 32.912 0 0 391.945340099389 18.6972148150959 "uLSIF" 1 5000 4.68181818181818
453.46 33.297 0 0 409.822176823823 18.9544734314373 "uLSIF" 1 5000 4.71717171717172
464.184 33.661 0 0 419.261279113829 19.3351992213406 "uLSIF" 1 5000 4.75252525252525
483.534 34.163 0 0 445.655361849878 19.8798299449125 "uLSIF" 1 5000 4.78787878787879
493.256 34.448 0 0 453.935510741242 20.0310893498217 "uLSIF" 1 5000 4.82323232323232
508.208 34.725 0 0 474.37310060181 20.0978431255271 "uLSIF" 1 5000 4.85858585858586
526.166 35.055 0 0 494.604195042616 20.1679131225747 "uLSIF" 1 5000 4.89393939393939
538.74 35.345 0 0 503.379629555519 20.3008891702088 "uLSIF" 1 5000 4.92929292929293
550.897 35.523 0 0 515.819575263701 20.2985591238024 "uLSIF" 1 5000 4.96464646464646
567.823 35.696 0 0 538.526235365722 20.3668945692365 "uLSIF" 1 5000 5
