130.69 13.7 0 0 "KDE LDA" 197 3000 2.5
131.625 13.715 0 0 "KDE LDA" 197 3000 2.51010101010101
132.66 13.75 0 0 "KDE LDA" 197 3000 2.52020202020202
138.04 13.875 0 0 "KDE LDA" 197 3000 2.53030303030303
142.725 14.04 0 0 "KDE LDA" 197 3000 2.54040404040404
143.08 14.045 0 0 "KDE LDA" 197 3000 2.55050505050505
146.37 14.055 0 0 "KDE LDA" 197 3000 2.56060606060606
147.825 14.125 0 0 "KDE LDA" 197 3000 2.57070707070707
148.98 14.165 0 0 "KDE LDA" 197 3000 2.58080808080808
149.63 14.175 0 0 "KDE LDA" 197 3000 2.59090909090909
150.135 14.195 0 0 "KDE LDA" 197 3000 2.6010101010101
152.165 14.225 0 0 "KDE LDA" 197 3000 2.61111111111111
153.135 14.29 0 0 "KDE LDA" 197 3000 2.62121212121212
153.875 14.475 0 0 "KDE LDA" 197 3000 2.63131313131313
153.88 14.565 0 0 "KDE LDA" 197 3000 2.64141414141414
157.04 14.575 0 0 "KDE LDA" 197 3000 2.65151515151515
159.58 14.77 0 0 "KDE LDA" 197 3000 2.66161616161616
166.975 15.2 0 0 "KDE LDA" 197 3000 2.67171717171717
167.775 15.215 0 0 "KDE LDA" 197 3000 2.68181818181818
168.575 15.275 0 0 "KDE LDA" 197 3000 2.69191919191919
169.86 15.35 0 0 "KDE LDA" 197 3000 2.7020202020202
173.36 15.515 0 0 "KDE LDA" 197 3000 2.71212121212121
173.39 15.52 0 0 "KDE LDA" 197 3000 2.72222222222222
173.405 15.555 0 0 "KDE LDA" 197 3000 2.73232323232323
174.555 15.6 0 0 "KDE LDA" 197 3000 2.74242424242424
178.115 15.615 0 0 "KDE LDA" 197 3000 2.75252525252525
180.84 15.64 0 0 "KDE LDA" 197 3000 2.76262626262626
182.99 15.69 0 0 "KDE LDA" 197 3000 2.77272727272727
187.125 15.805 0 0 "KDE LDA" 197 3000 2.78282828282828
193.3 15.885 0 0 "KDE LDA" 197 3000 2.79292929292929
224.605 16.205 0 0 "KDE LDA" 197 3000 2.8030303030303
224.635 16.3 0 0 "KDE LDA" 197 3000 2.81313131313131
224.645 16.305 0 0 "KDE LDA" 197 3000 2.82323232323232
224.66 16.32 0 0 "KDE LDA" 197 3000 2.83333333333333
226.065 16.33 0 0 "KDE LDA" 197 3000 2.84343434343434
226.44 16.345 0 0 "KDE LDA" 197 3000 2.85353535353535
227.195 16.375 0 0 "KDE LDA" 197 3000 2.86363636363636
228.59 16.415 0 0 "KDE LDA" 197 3000 2.87373737373737
228.605 16.415 0 0 "KDE LDA" 197 3000 2.88383838383838
229.2 16.455 0 0 "KDE LDA" 197 3000 2.89393939393939
229.9 16.645 0 0 "KDE LDA" 197 3000 2.9040404040404
235.29 16.655 0 0 "KDE LDA" 197 3000 2.91414141414141
235.295 16.7 0 0 "KDE LDA" 197 3000 2.92424242424242
237.48 16.705 0 0 "KDE LDA" 197 3000 2.93434343434343
238.73 16.72 0 0 "KDE LDA" 197 3000 2.94444444444444
245.555 16.805 0 0 "KDE LDA" 197 3000 2.95454545454545
248.92 16.855 0 0 "KDE LDA" 197 3000 2.96464646464646
248.925 16.865 0 0 "KDE LDA" 197 3000 2.97474747474747
251.51 16.935 0 0 "KDE LDA" 197 3000 2.98484848484848
253.37 16.955 0 0 "KDE LDA" 197 3000 2.99494949494949
255.785 16.96 0 0 "KDE LDA" 197 3000 3.00505050505051
260 16.975 0 0 "KDE LDA" 197 3000 3.01515151515152
262.63 16.99 0 0 "KDE LDA" 197 3000 3.02525252525253
262.64 17.045 0 0 "KDE LDA" 197 3000 3.03535353535354
267.725 17.09 0 0 "KDE LDA" 197 3000 3.04545454545455
273.58 17.2 0 0 "KDE LDA" 197 3000 3.05555555555556
276.115 17.24 0 0 "KDE LDA" 197 3000 3.06565656565657
280.075 17.355 0 0 "KDE LDA" 197 3000 3.07575757575758
280.52 17.435 0 0 "KDE LDA" 197 3000 3.08585858585859
293.675 17.555 0 0 "KDE LDA" 197 3000 3.0959595959596
293.68 17.555 0 0 "KDE LDA" 197 3000 3.10606060606061
294.46 17.68 0 0 "KDE LDA" 197 3000 3.11616161616162
297.37 17.825 0 0 "KDE LDA" 197 3000 3.12626262626263
298.255 17.835 0 0 "KDE LDA" 197 3000 3.13636363636364
303.665 17.855 0 0 "KDE LDA" 197 3000 3.14646464646465
303.685 17.875 0 0 "KDE LDA" 197 3000 3.15656565656566
305.895 17.895 0 0 "KDE LDA" 197 3000 3.16666666666667
305.895 17.905 0 0 "KDE LDA" 197 3000 3.17676767676768
311.005 17.955 0 0 "KDE LDA" 197 3000 3.18686868686869
311.02 17.965 0 0 "KDE LDA" 197 3000 3.1969696969697
321.89 17.985 0 0 "KDE LDA" 197 3000 3.20707070707071
327.595 18.065 0 0 "KDE LDA" 197 3000 3.21717171717172
348.13 18.345 0 0 "KDE LDA" 197 3000 3.22727272727273
348.505 18.365 0 0 "KDE LDA" 197 3000 3.23737373737374
348.53 18.385 0 0 "KDE LDA" 197 3000 3.24747474747475
359.035 18.45 0 0 "KDE LDA" 197 3000 3.25757575757576
359.035 18.475 0 0 "KDE LDA" 197 3000 3.26767676767677
360.735 18.5 0 0 "KDE LDA" 197 3000 3.27777777777778
361.38 18.565 0 0 "KDE LDA" 197 3000 3.28787878787879
365.15 18.64 0 0 "KDE LDA" 197 3000 3.2979797979798
367.12 18.665 0 0 "KDE LDA" 197 3000 3.30808080808081
378.435 18.735 0 0 "KDE LDA" 197 3000 3.31818181818182
384.86 18.84 0 0 "KDE LDA" 197 3000 3.32828282828283
398.4 19.095 0 0 "KDE LDA" 197 3000 3.33838383838384
412.765 19.175 0 0 "KDE LDA" 197 3000 3.34848484848485
452.535 19.555 0 0 "KDE LDA" 197 3000 3.35858585858586
452.545 19.565 0 0 "KDE LDA" 197 3000 3.36868686868687
456.885 19.565 0 0 "KDE LDA" 197 3000 3.37878787878788
485.33 19.61 0 0 "KDE LDA" 197 3000 3.38888888888889
485.345 19.625 0 0 "KDE LDA" 197 3000 3.3989898989899
485.35 19.64 0 0 "KDE LDA" 197 3000 3.40909090909091
485.585 19.645 0 0 "KDE LDA" 197 3000 3.41919191919192
490.96 19.65 0 0 "KDE LDA" 197 3000 3.42929292929293
490.965 19.67 0 0 "KDE LDA" 197 3000 3.43939393939394
490.97 19.67 0 0 "KDE LDA" 197 3000 3.44949494949495
490.995 19.715 0 0 "KDE LDA" 197 3000 3.45959595959596
497.9 19.75 0 0 "KDE LDA" 197 3000 3.46969696969697
500.175 19.77 0 0 "KDE LDA" 197 3000 3.47979797979798
505.88 20.06 0 0 "KDE LDA" 197 3000 3.48989898989899
520.345 20.08 0 0 "KDE LDA" 197 3000 3.5
111.935 12.205 0 0 "KDE QDA" 197 3000 2.7
112.73 12.205 0 0 "KDE QDA" 197 3000 2.71010101010101
112.75 12.21 0 0 "KDE QDA" 197 3000 2.72020202020202
113.135 12.215 0 0 "KDE QDA" 197 3000 2.73030303030303
113.135 12.215 0 0 "KDE QDA" 197 3000 2.74040404040404
113.17 12.215 0 0 "KDE QDA" 197 3000 2.75050505050505
113.19 12.215 0 0 "KDE QDA" 197 3000 2.76060606060606
113.19 12.22 0 0 "KDE QDA" 197 3000 2.77070707070707
113.19 12.22 0 0 "KDE QDA" 197 3000 2.78080808080808
113.205 12.235 0 0 "KDE QDA" 197 3000 2.79090909090909
147.63 13.47 0 0 "KDE QDA" 197 3000 2.8010101010101
147.63 13.47 0 0 "KDE QDA" 197 3000 2.81111111111111
147.635 13.47 0 0 "KDE QDA" 197 3000 2.82121212121212
152.545 13.57 0 0 "KDE QDA" 197 3000 2.83131313131313
152.545 13.57 0 0 "KDE QDA" 197 3000 2.84141414141414
152.545 13.625 0 0 "KDE QDA" 197 3000 2.85151515151515
152.55 13.625 0 0 "KDE QDA" 197 3000 2.86161616161616
152.55 13.63 0 0 "KDE QDA" 197 3000 2.87171717171717
153.215 13.63 0 0 "KDE QDA" 197 3000 2.88181818181818
153.215 13.63 0 0 "KDE QDA" 197 3000 2.89191919191919
153.215 13.635 0 0 "KDE QDA" 197 3000 2.9020202020202
153.24 13.635 0 0 "KDE QDA" 197 3000 2.91212121212121
153.55 13.635 0 0 "KDE QDA" 197 3000 2.92222222222222
154.375 13.635 0 0 "KDE QDA" 197 3000 2.93232323232323
154.97 13.635 0 0 "KDE QDA" 197 3000 2.94242424242424
155.635 13.635 0 0 "KDE QDA" 197 3000 2.95252525252525
160.33 13.82 0 0 "KDE QDA" 197 3000 2.96262626262626
162.895 13.825 0 0 "KDE QDA" 197 3000 2.97272727272727
164.835 13.855 0 0 "KDE QDA" 197 3000 2.98282828282828
165.415 13.87 0 0 "KDE QDA" 197 3000 2.99292929292929
165.42 13.87 0 0 "KDE QDA" 197 3000 3.0030303030303
165.64 13.92 0 0 "KDE QDA" 197 3000 3.01313131313131
165.645 13.92 0 0 "KDE QDA" 197 3000 3.02323232323232
165.645 13.935 0 0 "KDE QDA" 197 3000 3.03333333333333
166.68 13.935 0 0 "KDE QDA" 197 3000 3.04343434343434
166.685 13.935 0 0 "KDE QDA" 197 3000 3.05353535353535
166.98 13.935 0 0 "KDE QDA" 197 3000 3.06363636363636
166.98 13.935 0 0 "KDE QDA" 197 3000 3.07373737373737
166.98 13.935 0 0 "KDE QDA" 197 3000 3.08383838383838
184.32 14.455 0 0 "KDE QDA" 197 3000 3.09393939393939
191.755 14.46 0 0 "KDE QDA" 197 3000 3.1040404040404
191.755 14.465 0 0 "KDE QDA" 197 3000 3.11414141414141
194.71 14.51 0 0 "KDE QDA" 197 3000 3.12424242424242
194.72 14.51 0 0 "KDE QDA" 197 3000 3.13434343434343
194.875 14.54 0 0 "KDE QDA" 197 3000 3.14444444444444
196 14.545 0 0 "KDE QDA" 197 3000 3.15454545454545
196 14.545 0 0 "KDE QDA" 197 3000 3.16464646464646
196 14.555 0 0 "KDE QDA" 197 3000 3.17474747474748
196.98 14.555 0 0 "KDE QDA" 197 3000 3.18484848484849
197.35 14.59 0 0 "KDE QDA" 197 3000 3.19494949494949
198.315 14.59 0 0 "KDE QDA" 197 3000 3.20505050505051
198.315 14.595 0 0 "KDE QDA" 197 3000 3.21515151515152
228.295 15.435 0 0 "KDE QDA" 197 3000 3.22525252525253
228.355 15.45 0 0 "KDE QDA" 197 3000 3.23535353535354
228.355 15.455 0 0 "KDE QDA" 197 3000 3.24545454545455
234.29 15.485 0 0 "KDE QDA" 197 3000 3.25555555555556
234.29 15.49 0 0 "KDE QDA" 197 3000 3.26565656565657
234.33 15.495 0 0 "KDE QDA" 197 3000 3.27575757575758
237.09 15.505 0 0 "KDE QDA" 197 3000 3.28585858585859
237.095 15.505 0 0 "KDE QDA" 197 3000 3.2959595959596
238.685 15.505 0 0 "KDE QDA" 197 3000 3.30606060606061
239.105 15.505 0 0 "KDE QDA" 197 3000 3.31616161616162
239.105 15.51 0 0 "KDE QDA" 197 3000 3.32626262626263
239.105 15.51 0 0 "KDE QDA" 197 3000 3.33636363636364
239.105 15.51 0 0 "KDE QDA" 197 3000 3.34646464646465
239.105 15.535 0 0 "KDE QDA" 197 3000 3.35656565656566
299.69 16.525 0 0 "KDE QDA" 197 3000 3.36666666666667
299.69 16.525 0 0 "KDE QDA" 197 3000 3.37676767676768
303.38 16.815 0 0 "KDE QDA" 197 3000 3.38686868686869
303.38 16.83 0 0 "KDE QDA" 197 3000 3.3969696969697
303.38 16.83 0 0 "KDE QDA" 197 3000 3.40707070707071
310.405 16.85 0 0 "KDE QDA" 197 3000 3.41717171717172
310.405 16.85 0 0 "KDE QDA" 197 3000 3.42727272727273
316.755 16.88 0 0 "KDE QDA" 197 3000 3.43737373737374
316.755 16.88 0 0 "KDE QDA" 197 3000 3.44747474747475
316.76 16.9 0 0 "KDE QDA" 197 3000 3.45757575757576
316.76 16.9 0 0 "KDE QDA" 197 3000 3.46767676767677
316.76 16.9 0 0 "KDE QDA" 197 3000 3.47777777777778
316.79 16.91 0 0 "KDE QDA" 197 3000 3.48787878787879
316.79 16.91 0 0 "KDE QDA" 197 3000 3.4979797979798
316.805 16.91 0 0 "KDE QDA" 197 3000 3.50808080808081
338.15 17.105 0 0 "KDE QDA" 197 3000 3.51818181818182
339.54 17.475 0 0 "KDE QDA" 197 3000 3.52828282828283
339.54 17.485 0 0 "KDE QDA" 197 3000 3.53838383838384
344.03 17.565 0 0 "KDE QDA" 197 3000 3.54848484848485
344.05 17.575 0 0 "KDE QDA" 197 3000 3.55858585858586
344.055 17.58 0 0 "KDE QDA" 197 3000 3.56868686868687
344.06 17.59 0 0 "KDE QDA" 197 3000 3.57878787878788
344.455 17.59 0 0 "KDE QDA" 197 3000 3.58888888888889
344.455 17.605 0 0 "KDE QDA" 197 3000 3.5989898989899
344.46 17.605 0 0 "KDE QDA" 197 3000 3.60909090909091
347.995 17.605 0 0 "KDE QDA" 197 3000 3.61919191919192
347.995 17.61 0 0 "KDE QDA" 197 3000 3.62929292929293
347.995 17.61 0 0 "KDE QDA" 197 3000 3.63939393939394
347.995 17.615 0 0 "KDE QDA" 197 3000 3.64949494949495
378.215 17.95 0 0 "KDE QDA" 197 3000 3.65959595959596
378.24 17.975 0 0 "KDE QDA" 197 3000 3.66969696969697
380.94 18.075 0 0 "KDE QDA" 197 3000 3.67979797979798
381.735 18.075 0 0 "KDE QDA" 197 3000 3.68989898989899
382.695 18.075 0 0 "KDE QDA" 197 3000 3.7
