142.69 15.735 0 0 "KDE LDA" 29 5000 2.5
144.15 15.75 0 0 "KDE LDA" 29 5000 2.51010101010101
147.845 15.755 0 0 "KDE LDA" 29 5000 2.52020202020202
149.295 15.935 0 0 "KDE LDA" 29 5000 2.53030303030303
150.28 16.055 0 0 "KDE LDA" 29 5000 2.54040404040404
154.38 16.165 0 0 "KDE LDA" 29 5000 2.55050505050505
156.24 16.295 0 0 "KDE LDA" 29 5000 2.56060606060606
156.435 16.32 0 0 "KDE LDA" 29 5000 2.57070707070707
156.505 16.325 0 0 "KDE LDA" 29 5000 2.58080808080808
156.525 16.35 0 0 "KDE LDA" 29 5000 2.59090909090909
156.55 16.45 0 0 "KDE LDA" 29 5000 2.6010101010101
156.555 16.485 0 0 "KDE LDA" 29 5000 2.61111111111111
159.3 16.545 0 0 "KDE LDA" 29 5000 2.62121212121212
159.955 16.575 0 0 "KDE LDA" 29 5000 2.63131313131313
165.905 16.68 0 0 "KDE LDA" 29 5000 2.64141414141414
167.87 16.74 0 0 "KDE LDA" 29 5000 2.65151515151515
172.2 16.94 0 0 "KDE LDA" 29 5000 2.66161616161616
178.355 17.225 0 0 "KDE LDA" 29 5000 2.67171717171717
180.68 17.25 0 0 "KDE LDA" 29 5000 2.68181818181818
183.305 17.27 0 0 "KDE LDA" 29 5000 2.69191919191919
183.32 17.285 0 0 "KDE LDA" 29 5000 2.7020202020202
183.765 17.395 0 0 "KDE LDA" 29 5000 2.71212121212121
184.975 17.4 0 0 "KDE LDA" 29 5000 2.72222222222222
188.85 17.405 0 0 "KDE LDA" 29 5000 2.73232323232323
188.87 17.42 0 0 "KDE LDA" 29 5000 2.74242424242424
189.685 17.485 0 0 "KDE LDA" 29 5000 2.75252525252525
190.865 17.525 0 0 "KDE LDA" 29 5000 2.76262626262626
195.785 17.615 0 0 "KDE LDA" 29 5000 2.77272727272727
199.615 17.67 0 0 "KDE LDA" 29 5000 2.78282828282828
200.725 17.765 0 0 "KDE LDA" 29 5000 2.79292929292929
231.49 18.37 0 0 "KDE LDA" 29 5000 2.8030303030303
233.725 18.385 0 0 "KDE LDA" 29 5000 2.81313131313131
234.985 18.415 0 0 "KDE LDA" 29 5000 2.82323232323232
235.245 18.44 0 0 "KDE LDA" 29 5000 2.83333333333333
235.285 18.445 0 0 "KDE LDA" 29 5000 2.84343434343434
237.51 18.45 0 0 "KDE LDA" 29 5000 2.85353535353535
240.805 18.595 0 0 "KDE LDA" 29 5000 2.86363636363636
240.805 18.735 0 0 "KDE LDA" 29 5000 2.87373737373737
240.805 18.735 0 0 "KDE LDA" 29 5000 2.88383838383838
243.135 18.82 0 0 "KDE LDA" 29 5000 2.89393939393939
244.685 18.825 0 0 "KDE LDA" 29 5000 2.9040404040404
248.265 18.84 0 0 "KDE LDA" 29 5000 2.91414141414141
248.89 18.865 0 0 "KDE LDA" 29 5000 2.92424242424242
253.765 18.905 0 0 "KDE LDA" 29 5000 2.93434343434343
253.785 18.95 0 0 "KDE LDA" 29 5000 2.94444444444444
257.77 19.075 0 0 "KDE LDA" 29 5000 2.95454545454545
261.93 19.075 0 0 "KDE LDA" 29 5000 2.96464646464646
263.365 19.08 0 0 "KDE LDA" 29 5000 2.97474747474747
263.375 19.105 0 0 "KDE LDA" 29 5000 2.98484848484848
265.615 19.12 0 0 "KDE LDA" 29 5000 2.99494949494949
267.33 19.305 0 0 "KDE LDA" 29 5000 3.00505050505051
269.085 19.355 0 0 "KDE LDA" 29 5000 3.01515151515152
270.275 19.375 0 0 "KDE LDA" 29 5000 3.02525252525253
272.755 19.58 0 0 "KDE LDA" 29 5000 3.03535353535354
273.405 19.62 0 0 "KDE LDA" 29 5000 3.04545454545455
275.355 19.655 0 0 "KDE LDA" 29 5000 3.05555555555556
281.23 19.685 0 0 "KDE LDA" 29 5000 3.06565656565657
282.005 19.695 0 0 "KDE LDA" 29 5000 3.07575757575758
285.24 19.89 0 0 "KDE LDA" 29 5000 3.08585858585859
296.685 19.98 0 0 "KDE LDA" 29 5000 3.0959595959596
296.71 20.06 0 0 "KDE LDA" 29 5000 3.10606060606061
297.285 20.175 0 0 "KDE LDA" 29 5000 3.11616161616162
298.135 20.225 0 0 "KDE LDA" 29 5000 3.12626262626263
304.94 20.225 0 0 "KDE LDA" 29 5000 3.13636363636364
305.875 20.325 0 0 "KDE LDA" 29 5000 3.14646464646465
309.455 20.345 0 0 "KDE LDA" 29 5000 3.15656565656566
310.79 20.53 0 0 "KDE LDA" 29 5000 3.16666666666667
314.38 20.57 0 0 "KDE LDA" 29 5000 3.17676767676768
314.41 20.59 0 0 "KDE LDA" 29 5000 3.18686868686869
323.53 20.91 0 0 "KDE LDA" 29 5000 3.1969696969697
326.905 20.98 0 0 "KDE LDA" 29 5000 3.20707070707071
342.085 21.055 0 0 "KDE LDA" 29 5000 3.21717171717172
363.61 21.61 0 0 "KDE LDA" 29 5000 3.22727272727273
363.61 21.715 0 0 "KDE LDA" 29 5000 3.23737373737374
364.765 21.725 0 0 "KDE LDA" 29 5000 3.24747474747475
367.74 21.74 0 0 "KDE LDA" 29 5000 3.25757575757576
372.995 21.755 0 0 "KDE LDA" 29 5000 3.26767676767677
373.205 21.825 0 0 "KDE LDA" 29 5000 3.27777777777778
373.355 21.835 0 0 "KDE LDA" 29 5000 3.28787878787879
373.41 21.84 0 0 "KDE LDA" 29 5000 3.2979797979798
383.505 21.865 0 0 "KDE LDA" 29 5000 3.30808080808081
389.7 21.88 0 0 "KDE LDA" 29 5000 3.31818181818182
393.87 22.055 0 0 "KDE LDA" 29 5000 3.32828282828283
398.025 22.11 0 0 "KDE LDA" 29 5000 3.33838383838384
409.87 22.5 0 0 "KDE LDA" 29 5000 3.34848484848485
441.535 23.035 0 0 "KDE LDA" 29 5000 3.35858585858586
441.54 23.065 0 0 "KDE LDA" 29 5000 3.36868686868687
442.015 23.08 0 0 "KDE LDA" 29 5000 3.37878787878788
447.355 23.1 0 0 "KDE LDA" 29 5000 3.38888888888889
447.37 23.135 0 0 "KDE LDA" 29 5000 3.3989898989899
447.405 23.15 0 0 "KDE LDA" 29 5000 3.40909090909091
455.82 23.17 0 0 "KDE LDA" 29 5000 3.41919191919192
456.72 23.175 0 0 "KDE LDA" 29 5000 3.42929292929293
456.74 23.245 0 0 "KDE LDA" 29 5000 3.43939393939394
456.775 23.265 0 0 "KDE LDA" 29 5000 3.44949494949495
456.79 23.325 0 0 "KDE LDA" 29 5000 3.45959595959596
456.795 23.34 0 0 "KDE LDA" 29 5000 3.46969696969697
464.835 23.4 0 0 "KDE LDA" 29 5000 3.47979797979798
466.335 23.71 0 0 "KDE LDA" 29 5000 3.48989898989899
480.355 23.73 0 0 "KDE LDA" 29 5000 3.5
107.01 12.305 0 0 "KDE QDA" 29 5000 2.7
107.01 12.305 0 0 "KDE QDA" 29 5000 2.71010101010101
107.73 12.305 0 0 "KDE QDA" 29 5000 2.72020202020202
107.73 12.305 0 0 "KDE QDA" 29 5000 2.73030303030303
107.73 12.305 0 0 "KDE QDA" 29 5000 2.74040404040404
107.73 12.305 0 0 "KDE QDA" 29 5000 2.75050505050505
107.73 12.305 0 0 "KDE QDA" 29 5000 2.76060606060606
107.73 12.305 0 0 "KDE QDA" 29 5000 2.77070707070707
107.73 12.305 0 0 "KDE QDA" 29 5000 2.78080808080808
108.46 12.305 0 0 "KDE QDA" 29 5000 2.79090909090909
142.02 13.485 0 0 "KDE QDA" 29 5000 2.8010101010101
142.02 13.485 0 0 "KDE QDA" 29 5000 2.81111111111111
142.02 13.485 0 0 "KDE QDA" 29 5000 2.82121212121212
146.44 13.57 0 0 "KDE QDA" 29 5000 2.83131313131313
146.44 13.57 0 0 "KDE QDA" 29 5000 2.84141414141414
148.5 13.58 0 0 "KDE QDA" 29 5000 2.85151515151515
148.5 13.58 0 0 "KDE QDA" 29 5000 2.86161616161616
148.505 13.58 0 0 "KDE QDA" 29 5000 2.87171717171717
148.51 13.585 0 0 "KDE QDA" 29 5000 2.88181818181818
148.51 13.585 0 0 "KDE QDA" 29 5000 2.89191919191919
148.51 13.585 0 0 "KDE QDA" 29 5000 2.9020202020202
148.515 13.59 0 0 "KDE QDA" 29 5000 2.91212121212121
148.515 13.59 0 0 "KDE QDA" 29 5000 2.92222222222222
148.515 13.59 0 0 "KDE QDA" 29 5000 2.93232323232323
148.52 13.59 0 0 "KDE QDA" 29 5000 2.94242424242424
148.52 13.59 0 0 "KDE QDA" 29 5000 2.95252525252525
163.605 13.85 0 0 "KDE QDA" 29 5000 2.96262626262626
164.625 13.85 0 0 "KDE QDA" 29 5000 2.97272727272727
165.175 13.85 0 0 "KDE QDA" 29 5000 2.98282828282828
165.75 13.89 0 0 "KDE QDA" 29 5000 2.99292929292929
165.75 13.89 0 0 "KDE QDA" 29 5000 3.0030303030303
166.73 13.915 0 0 "KDE QDA" 29 5000 3.01313131313131
166.73 13.915 0 0 "KDE QDA" 29 5000 3.02323232323232
168.045 13.915 0 0 "KDE QDA" 29 5000 3.03333333333333
168.045 13.915 0 0 "KDE QDA" 29 5000 3.04343434343434
168.045 13.915 0 0 "KDE QDA" 29 5000 3.05353535353535
168.07 13.915 0 0 "KDE QDA" 29 5000 3.06363636363636
168.07 13.92 0 0 "KDE QDA" 29 5000 3.07373737373737
168.07 13.92 0 0 "KDE QDA" 29 5000 3.08383838383838
177.35 14.33 0 0 "KDE QDA" 29 5000 3.09393939393939
177.52 14.33 0 0 "KDE QDA" 29 5000 3.1040404040404
177.52 14.345 0 0 "KDE QDA" 29 5000 3.11414141414141
178.17 14.365 0 0 "KDE QDA" 29 5000 3.12424242424242
179.74 14.365 0 0 "KDE QDA" 29 5000 3.13434343434343
179.74 14.365 0 0 "KDE QDA" 29 5000 3.14444444444444
179.745 14.375 0 0 "KDE QDA" 29 5000 3.15454545454545
179.835 14.375 0 0 "KDE QDA" 29 5000 3.16464646464646
181.75 14.375 0 0 "KDE QDA" 29 5000 3.17474747474748
181.75 14.375 0 0 "KDE QDA" 29 5000 3.18484848484849
181.75 14.375 0 0 "KDE QDA" 29 5000 3.19494949494949
181.75 14.375 0 0 "KDE QDA" 29 5000 3.20505050505051
183.345 14.375 0 0 "KDE QDA" 29 5000 3.21515151515152
212.32 15.03 0 0 "KDE QDA" 29 5000 3.22525252525253
212.72 15.04 0 0 "KDE QDA" 29 5000 3.23535353535354
212.725 15.04 0 0 "KDE QDA" 29 5000 3.24545454545455
220.11 15.295 0 0 "KDE QDA" 29 5000 3.25555555555556
220.11 15.295 0 0 "KDE QDA" 29 5000 3.26565656565657
220.155 15.295 0 0 "KDE QDA" 29 5000 3.27575757575758
220.155 15.295 0 0 "KDE QDA" 29 5000 3.28585858585859
220.155 15.295 0 0 "KDE QDA" 29 5000 3.2959595959596
221.54 15.365 0 0 "KDE QDA" 29 5000 3.30606060606061
221.54 15.365 0 0 "KDE QDA" 29 5000 3.31616161616162
221.54 15.365 0 0 "KDE QDA" 29 5000 3.32626262626263
221.54 15.37 0 0 "KDE QDA" 29 5000 3.33636363636364
221.83 15.37 0 0 "KDE QDA" 29 5000 3.34646464646465
221.835 15.37 0 0 "KDE QDA" 29 5000 3.35656565656566
271.56 16.045 0 0 "KDE QDA" 29 5000 3.36666666666667
271.56 16.045 0 0 "KDE QDA" 29 5000 3.37676767676768
285.875 16.405 0 0 "KDE QDA" 29 5000 3.38686868686869
285.88 16.405 0 0 "KDE QDA" 29 5000 3.3969696969697
285.88 16.405 0 0 "KDE QDA" 29 5000 3.40707070707071
286.775 16.43 0 0 "KDE QDA" 29 5000 3.41717171717172
286.775 16.43 0 0 "KDE QDA" 29 5000 3.42727272727273
292.61 16.435 0 0 "KDE QDA" 29 5000 3.43737373737374
292.61 16.44 0 0 "KDE QDA" 29 5000 3.44747474747475
292.61 16.44 0 0 "KDE QDA" 29 5000 3.45757575757576
294.275 16.44 0 0 "KDE QDA" 29 5000 3.46767676767677
294.29 16.455 0 0 "KDE QDA" 29 5000 3.47777777777778
294.29 16.455 0 0 "KDE QDA" 29 5000 3.48787878787879
294.335 16.455 0 0 "KDE QDA" 29 5000 3.4979797979798
294.335 16.455 0 0 "KDE QDA" 29 5000 3.50808080808081
306.245 16.79 0 0 "KDE QDA" 29 5000 3.51818181818182
311.74 16.795 0 0 "KDE QDA" 29 5000 3.52828282828283
314.775 16.805 0 0 "KDE QDA" 29 5000 3.53838383838384
326.71 16.84 0 0 "KDE QDA" 29 5000 3.54848484848485
326.715 16.84 0 0 "KDE QDA" 29 5000 3.55858585858586
326.725 16.845 0 0 "KDE QDA" 29 5000 3.56868686868687
326.725 16.845 0 0 "KDE QDA" 29 5000 3.57878787878788
326.725 16.845 0 0 "KDE QDA" 29 5000 3.58888888888889
326.725 16.845 0 0 "KDE QDA" 29 5000 3.5989898989899
326.725 16.845 0 0 "KDE QDA" 29 5000 3.60909090909091
326.725 16.88 0 0 "KDE QDA" 29 5000 3.61919191919192
326.725 16.88 0 0 "KDE QDA" 29 5000 3.62929292929293
326.725 16.915 0 0 "KDE QDA" 29 5000 3.63939393939394
326.725 16.915 0 0 "KDE QDA" 29 5000 3.64949494949495
352.775 17.325 0 0 "KDE QDA" 29 5000 3.65959595959596
354.85 17.325 0 0 "KDE QDA" 29 5000 3.66969696969697
356.28 17.505 0 0 "KDE QDA" 29 5000 3.67979797979798
356.28 17.505 0 0 "KDE QDA" 29 5000 3.68989898989899
356.495 17.505 0 0 "KDE QDA" 29 5000 3.7
