129.61 14.26 0 0 "KDE LDA" 19 2000 2.5
130.01 14.295 0 0 "KDE LDA" 19 2000 2.51010101010101
130.66 14.34 0 0 "KDE LDA" 19 2000 2.52020202020202
135.39 14.395 0 0 "KDE LDA" 19 2000 2.53030303030303
140.155 14.445 0 0 "KDE LDA" 19 2000 2.54040404040404
143.085 14.56 0 0 "KDE LDA" 19 2000 2.55050505050505
143.135 14.56 0 0 "KDE LDA" 19 2000 2.56060606060606
143.315 14.655 0 0 "KDE LDA" 19 2000 2.57070707070707
143.79 14.7 0 0 "KDE LDA" 19 2000 2.58080808080808
143.955 14.9 0 0 "KDE LDA" 19 2000 2.59090909090909
143.97 15.095 0 0 "KDE LDA" 19 2000 2.6010101010101
150.285 15.235 0 0 "KDE LDA" 19 2000 2.61111111111111
150.285 15.33 0 0 "KDE LDA" 19 2000 2.62121212121212
150.31 15.48 0 0 "KDE LDA" 19 2000 2.63131313131313
150.54 15.59 0 0 "KDE LDA" 19 2000 2.64141414141414
152.42 15.795 0 0 "KDE LDA" 19 2000 2.65151515151515
156.07 16.06 0 0 "KDE LDA" 19 2000 2.66161616161616
166.78 16.365 0 0 "KDE LDA" 19 2000 2.67171717171717
169.26 16.38 0 0 "KDE LDA" 19 2000 2.68181818181818
169.265 16.43 0 0 "KDE LDA" 19 2000 2.69191919191919
169.27 16.435 0 0 "KDE LDA" 19 2000 2.7020202020202
170.975 16.485 0 0 "KDE LDA" 19 2000 2.71212121212121
173.08 16.565 0 0 "KDE LDA" 19 2000 2.72222222222222
176.215 16.575 0 0 "KDE LDA" 19 2000 2.73232323232323
177.975 16.58 0 0 "KDE LDA" 19 2000 2.74242424242424
178.185 16.67 0 0 "KDE LDA" 19 2000 2.75252525252525
185.34 16.71 0 0 "KDE LDA" 19 2000 2.76262626262626
186.56 16.835 0 0 "KDE LDA" 19 2000 2.77272727272727
189.76 16.875 0 0 "KDE LDA" 19 2000 2.78282828282828
204.395 17.07 0 0 "KDE LDA" 19 2000 2.79292929292929
235.08 17.445 0 0 "KDE LDA" 19 2000 2.8030303030303
235.095 17.495 0 0 "KDE LDA" 19 2000 2.81313131313131
235.61 17.495 0 0 "KDE LDA" 19 2000 2.82323232323232
241.58 17.525 0 0 "KDE LDA" 19 2000 2.83333333333333
241.585 17.54 0 0 "KDE LDA" 19 2000 2.84343434343434
242.325 17.585 0 0 "KDE LDA" 19 2000 2.85353535353535
242.57 17.66 0 0 "KDE LDA" 19 2000 2.86363636363636
242.57 17.725 0 0 "KDE LDA" 19 2000 2.87373737373737
242.57 17.74 0 0 "KDE LDA" 19 2000 2.88383838383838
242.58 17.785 0 0 "KDE LDA" 19 2000 2.89393939393939
242.59 17.8 0 0 "KDE LDA" 19 2000 2.9040404040404
242.595 17.81 0 0 "KDE LDA" 19 2000 2.91414141414141
243.045 17.87 0 0 "KDE LDA" 19 2000 2.92424242424242
244.285 18.03 0 0 "KDE LDA" 19 2000 2.93434343434343
247.39 18.035 0 0 "KDE LDA" 19 2000 2.94444444444444
248.01 18.29 0 0 "KDE LDA" 19 2000 2.95454545454545
248.115 18.29 0 0 "KDE LDA" 19 2000 2.96464646464646
250.315 18.325 0 0 "KDE LDA" 19 2000 2.97474747474747
251.68 18.37 0 0 "KDE LDA" 19 2000 2.98484848484848
255.105 18.385 0 0 "KDE LDA" 19 2000 2.99494949494949
255.885 18.39 0 0 "KDE LDA" 19 2000 3.00505050505051
257.95 18.485 0 0 "KDE LDA" 19 2000 3.01515151515152
260.885 18.49 0 0 "KDE LDA" 19 2000 3.02525252525253
260.95 18.535 0 0 "KDE LDA" 19 2000 3.03535353535354
264.055 18.61 0 0 "KDE LDA" 19 2000 3.04545454545455
266.275 18.63 0 0 "KDE LDA" 19 2000 3.05555555555556
268.715 18.68 0 0 "KDE LDA" 19 2000 3.06565656565657
271.495 18.7 0 0 "KDE LDA" 19 2000 3.07575757575758
279.675 18.845 0 0 "KDE LDA" 19 2000 3.08585858585859
293.695 18.9 0 0 "KDE LDA" 19 2000 3.0959595959596
295.875 19.005 0 0 "KDE LDA" 19 2000 3.10606060606061
298.085 19.04 0 0 "KDE LDA" 19 2000 3.11616161616162
299.865 19.06 0 0 "KDE LDA" 19 2000 3.12626262626263
299.88 19.065 0 0 "KDE LDA" 19 2000 3.13636363636364
302.895 19.1 0 0 "KDE LDA" 19 2000 3.14646464646465
302.895 19.145 0 0 "KDE LDA" 19 2000 3.15656565656566
303.985 19.195 0 0 "KDE LDA" 19 2000 3.16666666666667
304.025 19.25 0 0 "KDE LDA" 19 2000 3.17676767676768
305.995 19.45 0 0 "KDE LDA" 19 2000 3.18686868686869
311.86 19.465 0 0 "KDE LDA" 19 2000 3.1969696969697
317.82 19.64 0 0 "KDE LDA" 19 2000 3.20707070707071
330.13 19.725 0 0 "KDE LDA" 19 2000 3.21717171717172
372.835 19.965 0 0 "KDE LDA" 19 2000 3.22727272727273
377.24 20.105 0 0 "KDE LDA" 19 2000 3.23737373737374
388.4 20.2 0 0 "KDE LDA" 19 2000 3.24747474747475
388.78 20.25 0 0 "KDE LDA" 19 2000 3.25757575757576
388.78 20.295 0 0 "KDE LDA" 19 2000 3.26767676767677
391.045 20.33 0 0 "KDE LDA" 19 2000 3.27777777777778
393.715 20.41 0 0 "KDE LDA" 19 2000 3.28787878787879
393.775 20.415 0 0 "KDE LDA" 19 2000 3.2979797979798
395.17 20.45 0 0 "KDE LDA" 19 2000 3.30808080808081
397.01 20.51 0 0 "KDE LDA" 19 2000 3.31818181818182
409.445 20.585 0 0 "KDE LDA" 19 2000 3.32828282828283
417.565 20.675 0 0 "KDE LDA" 19 2000 3.33838383838384
428.03 20.885 0 0 "KDE LDA" 19 2000 3.34848484848485
483.48 21.245 0 0 "KDE LDA" 19 2000 3.35858585858586
486.035 21.29 0 0 "KDE LDA" 19 2000 3.36868686868687
488.785 21.395 0 0 "KDE LDA" 19 2000 3.37878787878788
494.13 21.445 0 0 "KDE LDA" 19 2000 3.38888888888889
495.18 21.55 0 0 "KDE LDA" 19 2000 3.3989898989899
496.095 21.665 0 0 "KDE LDA" 19 2000 3.40909090909091
496.16 21.7 0 0 "KDE LDA" 19 2000 3.41919191919192
496.16 21.765 0 0 "KDE LDA" 19 2000 3.42929292929293
496.18 21.8 0 0 "KDE LDA" 19 2000 3.43939393939394
500.56 21.82 0 0 "KDE LDA" 19 2000 3.44949494949495
506.005 21.845 0 0 "KDE LDA" 19 2000 3.45959595959596
507.25 21.85 0 0 "KDE LDA" 19 2000 3.46969696969697
514.42 21.955 0 0 "KDE LDA" 19 2000 3.47979797979798
516.79 22.005 0 0 "KDE LDA" 19 2000 3.48989898989899
519.43 22.03 0 0 "KDE LDA" 19 2000 3.5
94.37 12.045 0 0 "KDE QDA" 19 2000 2.7
94.855 12.055 0 0 "KDE QDA" 19 2000 2.71010101010101
94.86 12.055 0 0 "KDE QDA" 19 2000 2.72020202020202
95.545 12.055 0 0 "KDE QDA" 19 2000 2.73030303030303
95.545 12.075 0 0 "KDE QDA" 19 2000 2.74040404040404
95.63 12.075 0 0 "KDE QDA" 19 2000 2.75050505050505
95.95 12.075 0 0 "KDE QDA" 19 2000 2.76060606060606
96.02 12.075 0 0 "KDE QDA" 19 2000 2.77070707070707
96.02 12.075 0 0 "KDE QDA" 19 2000 2.78080808080808
96.16 12.075 0 0 "KDE QDA" 19 2000 2.79090909090909
119.96 13.18 0 0 "KDE QDA" 19 2000 2.8010101010101
119.96 13.18 0 0 "KDE QDA" 19 2000 2.81111111111111
120.04 13.185 0 0 "KDE QDA" 19 2000 2.82121212121212
123.855 13.26 0 0 "KDE QDA" 19 2000 2.83131313131313
123.855 13.265 0 0 "KDE QDA" 19 2000 2.84141414141414
124.735 13.265 0 0 "KDE QDA" 19 2000 2.85151515151515
124.735 13.265 0 0 "KDE QDA" 19 2000 2.86161616161616
124.915 13.265 0 0 "KDE QDA" 19 2000 2.87171717171717
124.92 13.3 0 0 "KDE QDA" 19 2000 2.88181818181818
125.045 13.32 0 0 "KDE QDA" 19 2000 2.89191919191919
125.045 13.32 0 0 "KDE QDA" 19 2000 2.9020202020202
125.455 13.32 0 0 "KDE QDA" 19 2000 2.91212121212121
125.46 13.32 0 0 "KDE QDA" 19 2000 2.92222222222222
125.775 13.32 0 0 "KDE QDA" 19 2000 2.93232323232323
126.035 13.32 0 0 "KDE QDA" 19 2000 2.94242424242424
126.035 13.32 0 0 "KDE QDA" 19 2000 2.95252525252525
129.245 13.58 0 0 "KDE QDA" 19 2000 2.96262626262626
129.51 13.605 0 0 "KDE QDA" 19 2000 2.97272727272727
129.515 13.63 0 0 "KDE QDA" 19 2000 2.98282828282828
129.59 13.65 0 0 "KDE QDA" 19 2000 2.99292929292929
129.59 13.65 0 0 "KDE QDA" 19 2000 3.0030303030303
130.66 13.65 0 0 "KDE QDA" 19 2000 3.01313131313131
130.66 13.65 0 0 "KDE QDA" 19 2000 3.02323232323232
131.175 13.67 0 0 "KDE QDA" 19 2000 3.03333333333333
131.235 13.675 0 0 "KDE QDA" 19 2000 3.04343434343434
132.72 13.68 0 0 "KDE QDA" 19 2000 3.05353535353535
132.72 13.68 0 0 "KDE QDA" 19 2000 3.06363636363636
134.535 13.68 0 0 "KDE QDA" 19 2000 3.07373737373737
134.555 13.695 0 0 "KDE QDA" 19 2000 3.08383838383838
142.7 14.4 0 0 "KDE QDA" 19 2000 3.09393939393939
142.7 14.435 0 0 "KDE QDA" 19 2000 3.1040404040404
142.715 14.44 0 0 "KDE QDA" 19 2000 3.11414141414141
148.76 14.54 0 0 "KDE QDA" 19 2000 3.12424242424242
149.895 14.54 0 0 "KDE QDA" 19 2000 3.13434343434343
150.66 14.545 0 0 "KDE QDA" 19 2000 3.14444444444444
151.66 14.545 0 0 "KDE QDA" 19 2000 3.15454545454545
151.66 14.55 0 0 "KDE QDA" 19 2000 3.16464646464646
151.665 14.575 0 0 "KDE QDA" 19 2000 3.17474747474748
154.095 14.575 0 0 "KDE QDA" 19 2000 3.18484848484849
154.1 14.575 0 0 "KDE QDA" 19 2000 3.19494949494949
154.1 14.575 0 0 "KDE QDA" 19 2000 3.20505050505051
155.335 14.575 0 0 "KDE QDA" 19 2000 3.21515151515152
172.12 15.275 0 0 "KDE QDA" 19 2000 3.22525252525253
175.515 15.29 0 0 "KDE QDA" 19 2000 3.23535353535354
175.77 15.31 0 0 "KDE QDA" 19 2000 3.24545454545455
179.275 15.33 0 0 "KDE QDA" 19 2000 3.25555555555556
179.825 15.355 0 0 "KDE QDA" 19 2000 3.26565656565657
180.165 15.39 0 0 "KDE QDA" 19 2000 3.27575757575758
180.21 15.39 0 0 "KDE QDA" 19 2000 3.28585858585859
180.335 15.395 0 0 "KDE QDA" 19 2000 3.2959595959596
180.82 15.4 0 0 "KDE QDA" 19 2000 3.30606060606061
180.825 15.405 0 0 "KDE QDA" 19 2000 3.31616161616162
180.825 15.405 0 0 "KDE QDA" 19 2000 3.32626262626263
180.825 15.405 0 0 "KDE QDA" 19 2000 3.33636363636364
180.825 15.405 0 0 "KDE QDA" 19 2000 3.34646464646465
180.87 15.41 0 0 "KDE QDA" 19 2000 3.35656565656566
211.25 15.9 0 0 "KDE QDA" 19 2000 3.36666666666667
211.275 15.905 0 0 "KDE QDA" 19 2000 3.37676767676768
213.155 16.29 0 0 "KDE QDA" 19 2000 3.38686868686869
213.215 16.305 0 0 "KDE QDA" 19 2000 3.3969696969697
213.96 16.31 0 0 "KDE QDA" 19 2000 3.40707070707071
214.3 16.33 0 0 "KDE QDA" 19 2000 3.41717171717172
214.3 16.35 0 0 "KDE QDA" 19 2000 3.42727272727273
215.895 16.35 0 0 "KDE QDA" 19 2000 3.43737373737374
215.92 16.36 0 0 "KDE QDA" 19 2000 3.44747474747475
215.94 16.365 0 0 "KDE QDA" 19 2000 3.45757575757576
216.11 16.37 0 0 "KDE QDA" 19 2000 3.46767676767677
216.115 16.37 0 0 "KDE QDA" 19 2000 3.47777777777778
216.12 16.415 0 0 "KDE QDA" 19 2000 3.48787878787879
216.765 16.415 0 0 "KDE QDA" 19 2000 3.4979797979798
217.735 16.415 0 0 "KDE QDA" 19 2000 3.50808080808081
226.43 16.75 0 0 "KDE QDA" 19 2000 3.51818181818182
226.455 16.765 0 0 "KDE QDA" 19 2000 3.52828282828283
229.28 16.765 0 0 "KDE QDA" 19 2000 3.53838383838384
230.93 16.865 0 0 "KDE QDA" 19 2000 3.54848484848485
230.975 16.87 0 0 "KDE QDA" 19 2000 3.55858585858586
231.82 16.87 0 0 "KDE QDA" 19 2000 3.56868686868687
232.13 16.87 0 0 "KDE QDA" 19 2000 3.57878787878788
233.405 16.885 0 0 "KDE QDA" 19 2000 3.58888888888889
233.41 16.93 0 0 "KDE QDA" 19 2000 3.5989898989899
233.41 16.935 0 0 "KDE QDA" 19 2000 3.60909090909091
233.41 16.95 0 0 "KDE QDA" 19 2000 3.61919191919192
233.415 16.95 0 0 "KDE QDA" 19 2000 3.62929292929293
233.465 16.955 0 0 "KDE QDA" 19 2000 3.63939393939394
233.465 16.975 0 0 "KDE QDA" 19 2000 3.64949494949495
271.955 17.23 0 0 "KDE QDA" 19 2000 3.65959595959596
271.96 17.25 0 0 "KDE QDA" 19 2000 3.66969696969697
275.45 17.275 0 0 "KDE QDA" 19 2000 3.67979797979798
276.235 17.295 0 0 "KDE QDA" 19 2000 3.68989898989899
276.29 17.31 0 0 "KDE QDA" 19 2000 3.7
