35.253 10.115 0 0 31.8566450970098 6.78157538959531 "LDA" 19 5000 1.5
36.862 10.413 0 0 33.5086225288922 6.95088093307213 "LDA" 19 5000 1.53535353535354
39.69 10.729 0 0 36.1953865293079 7.11309743748496 "LDA" 19 5000 1.57070707070707
42.011 11.029 0 0 38.1451429533424 7.26504920423392 "LDA" 19 5000 1.60606060606061
44.747 11.275 0 0 40.2987963093686 7.30744646054788 "LDA" 19 5000 1.64141414141414
46.207 11.531 0 0 41.0256170246378 7.37233954660191 "LDA" 19 5000 1.67676767676768
49.452 11.854 0 0 45.2681886638388 7.66912638437387 "LDA" 19 5000 1.71212121212121
51.489 12.206 0 0 47.1246922071181 8.10699002634685 "LDA" 19 5000 1.74747474747475
54.002 12.444 0 0 48.5763899611906 8.20988832239917 "LDA" 19 5000 1.78282828282828
56.953 12.756 0 0 51.2517661601484 8.50910505687107 "LDA" 19 5000 1.81818181818182
59.26 13.104 0 0 53.6584161676957 8.66673504246532 "LDA" 19 5000 1.85353535353535
61.505 13.427 0 0 55.7016395418272 8.865848762204 "LDA" 19 5000 1.88888888888889
64.945 13.676 0 0 59.1255088840747 9.06913850777863 "LDA" 19 5000 1.92424242424242
68.07 13.989 0 0 61.7058888333741 9.25032147805942 "LDA" 19 5000 1.95959595959596
71.665 14.32 0 0 63.2796419718703 9.32698196591977 "LDA" 19 5000 1.99494949494949
76.01 14.646 0 0 69.1199498514537 9.45495003054379 "LDA" 19 5000 2.03030303030303
79.4 14.93 0 0 73.0762898903888 9.52080593992682 "LDA" 19 5000 2.06565656565657
83.364 15.216 0 0 76.3169035913655 9.72583857237698 "LDA" 19 5000 2.1010101010101
86.507 15.431 0 0 79.0541555549771 9.83941324739708 "LDA" 19 5000 2.13636363636364
91.943 15.713 0 0 84.1128451648244 9.90306526797141 "LDA" 19 5000 2.17171717171717
95.807 16.042 0 0 86.5709667456895 9.95295419949762 "LDA" 19 5000 2.20707070707071
101.145 16.386 0 0 91.2933099599497 10.2419676772533 "LDA" 19 5000 2.24242424242424
104.758 16.735 0 0 94.756119370509 10.4865028365867 "LDA" 19 5000 2.27777777777778
109.195 17.016 0 0 98.6308218257052 10.7072119801743 "LDA" 19 5000 2.31313131313131
114.518 17.408 0 0 102.967033005161 11.0538556044361 "LDA" 19 5000 2.34848484848485
118.618 17.644 0 0 106.599801095469 11.0810673698003 "LDA" 19 5000 2.38383838383838
122.597 17.947 0 0 110.256832714169 11.2477866135388 "LDA" 19 5000 2.41919191919192
127.308 18.245 0 0 113.193656800812 11.318351473606 "LDA" 19 5000 2.45454545454545
132.783 18.624 0 0 117.804430285091 11.8409810756049 "LDA" 19 5000 2.48989898989899
138.036 19.073 0 0 123.038649266047 11.9999862779368 "LDA" 19 5000 2.52525252525253
143.835 19.355 0 0 129.387228233044 12.0999745613115 "LDA" 19 5000 2.56060606060606
149.51 19.648 0 0 134.335728635341 12.2218439471902 "LDA" 19 5000 2.5959595959596
157.638 20.043 0 0 143.80943679088 12.3989872927544 "LDA" 19 5000 2.63131313131313
162.54 20.283 0 0 147.655913083996 12.4395197918832 "LDA" 19 5000 2.66666666666667
169.722 20.764 0 0 153.341920101649 12.8225083630591 "LDA" 19 5000 2.7020202020202
177.048 21.045 0 0 159.992916810181 12.9309003237664 "LDA" 19 5000 2.73737373737374
187.8 21.456 0 0 174.198079699436 13.5080172686642 "LDA" 19 5000 2.77272727272727
196.639 21.692 0 0 182.799700244309 13.6011811298919 "LDA" 19 5000 2.80808080808081
205.861 22.093 0 0 193.115015180302 13.8364662684805 "LDA" 19 5000 2.84343434343434
215.249 22.471 0 0 200.404788061758 14.1241158891327 "LDA" 19 5000 2.87878787878788
222.203 22.886 0 0 204.156507784275 14.276793436582 "LDA" 19 5000 2.91414141414141
232.754 23.182 0 0 211.167073704726 14.3698074923559 "LDA" 19 5000 2.94949494949495
243.991 23.458 0 0 219.799769922213 14.4906941247207 "LDA" 19 5000 2.98484848484848
256.102 23.701 0 0 231.91262376391 14.6404214741564 "LDA" 19 5000 3.02020202020202
269.966 23.939 0 0 251.132124962515 14.6886703290678 "LDA" 19 5000 3.05555555555556
282.859 24.164 0 0 262.009553499725 14.7278652225641 "LDA" 19 5000 3.09090909090909
296.378 24.489 0 0 272.63640205175 14.8577465192953 "LDA" 19 5000 3.12626262626263
307.36 24.91 0 0 279.276002344429 15.1062271298329 "LDA" 19 5000 3.16161616161616
319.135 25.345 0 0 293.552335621348 15.2994787182129 "LDA" 19 5000 3.1969696969697
328.079 25.69 0 0 303.810486274866 15.4125093818445 "LDA" 19 5000 3.23232323232323
338.622 26.081 0 0 312.879207545843 15.7248118815046 "LDA" 19 5000 3.26767676767677
351.393 26.327 0 0 323.242150777152 15.768472206137 "LDA" 19 5000 3.3030303030303
361.553 26.634 0 0 329.402621844876 15.8290430096896 "LDA" 19 5000 3.33838383838384
376.431 27.024 0 0 342.670895439898 16.1615165940149 "LDA" 19 5000 3.37373737373737
393.225 27.334 0 0 372.645642870207 16.2824310703765 "LDA" 19 5000 3.40909090909091
403.964 27.725 0 0 377.338841500985 16.5123600079768 "LDA" 19 5000 3.44444444444444
424.236 28.073 0 0 392.182923837525 16.6493504939944 "LDA" 19 5000 3.47979797979798
441.653 28.414 0 0 410.688038852188 16.7690132030422 "LDA" 19 5000 3.51515151515152
456.975 28.703 0 0 431.564906640523 16.7961573552376 "LDA" 19 5000 3.55050505050505
476.589 29.036 0 0 451.873980411766 16.9280022820551 "LDA" 19 5000 3.58585858585859
496.167 29.298 0 0 473.319482425395 16.9945288257724 "LDA" 19 5000 3.62121212121212
513.269 29.609 0 0 495.276035146049 17.0575813080308 "LDA" 19 5000 3.65656565656566
532.874 29.833 0 0 512.560494365674 17.1255480319724 "LDA" 19 5000 3.69191919191919
557.045 30.234 0 0 538.057936767332 17.3211219401419 "LDA" 19 5000 3.72727272727273
573.227 30.553 0 0 556.375651279184 17.494892462152 "LDA" 19 5000 3.76262626262626
598.043 30.926 0 0 577.499094679252 17.6619497357587 "LDA" 19 5000 3.7979797979798
622.83 31.182 0 0 597.892594580878 17.6983080012216 "LDA" 19 5000 3.83333333333333
646.77 31.511 0 0 630.996130905109 17.9188996862521 "LDA" 19 5000 3.86868686868687
665.576 31.861 0 0 642.063018046627 17.9687661111039 "LDA" 19 5000 3.9040404040404
687.004 32.101 0 0 674.622565283425 18.0355782020173 "LDA" 19 5000 3.93939393939394
719.029 32.438 0 0 713.554826659907 18.3341292756514 "LDA" 19 5000 3.97474747474747
756.049 32.716 0 0 749.246228225081 18.3551152067824 "LDA" 19 5000 4.01010101010101
785.349 33.039 0 0 777.637489621137 18.5639462156918 "LDA" 19 5000 4.04545454545454
799.981 33.389 0 0 782.871219285129 18.9192393244712 "LDA" 19 5000 4.08080808080808
835.415 33.68 0 0 810.000298307512 18.9594583535781 "LDA" 19 5000 4.11616161616162
856.729 33.867 0 0 828.300150125362 18.9815070162674 "LDA" 19 5000 4.15151515151515
898.752 34.207 0 0 877.644518239815 19.1176786414208 "LDA" 19 5000 4.18686868686869
928.702 34.523 0 0 910.365747922774 19.2703611231813 "LDA" 19 5000 4.22222222222222
964.96 34.769 0 0 953.840163474708 19.2714043605033 "LDA" 19 5000 4.25757575757576
997.466 35.088 0 0 986.399685311782 19.341932849805 "LDA" 19 5000 4.29292929292929
1034.636 35.44 0 0 1027.70631689106 19.3962525920502 "LDA" 19 5000 4.32828282828283
1051.161 35.782 0 0 1039.97651138053 19.532536855104 "LDA" 19 5000 4.36363636363636
1075.506 36.137 0 0 1054.36779987888 19.6074649989152 "LDA" 19 5000 4.3989898989899
1112.33 36.409 0 0 1077.00450686513 19.6370398057429 "LDA" 19 5000 4.43434343434343
1166.275 36.693 0 0 1133.81339213434 19.8591323107566 "LDA" 19 5000 4.46969696969697
1213.39 37.117 0 0 1190.09468499748 20.037335297035 "LDA" 19 5000 4.50505050505051
1240.683 37.376 0 0 1198.62066142754 20.1531827455312 "LDA" 19 5000 4.54040404040404
1273.37 37.834 0 0 1228.60691844872 20.7807671726595 "LDA" 19 5000 4.57575757575758
1302.143 38.239 0 0 1256.60540492817 21.0475385230168 "LDA" 19 5000 4.61111111111111
1337.557 38.557 0 0 1274.2954797537 21.3494859786261 "LDA" 19 5000 4.64646464646465
1395.046 38.847 0 0 1336.77542258018 21.3479583643571 "LDA" 19 5000 4.68181818181818
1444.48348348348 39.077 1 0 1392.64460846565 21.3579313659407 "LDA" 19 5000 4.71717171717172
1472.04417670683 39.418 4 0 1424.32396026153 21.5063199501402 "LDA" 19 5000 4.75252525252525
1528.55020080321 39.911 4 0 1478.9500773 22.2037403399762 "LDA" 19 5000 4.78787878787879
1601.77208835341 40.28 4 0 1545.20015495027 22.3602679228488 "LDA" 19 5000 4.82323232323232
1652.72289156627 40.512 4 0 1580.78095117447 22.4116518386784 "LDA" 19 5000 4.85858585858586
1721.29949748744 40.785 5 0 1654.88370747352 22.4082776202435 "LDA" 19 5000 4.89393939393939
1782.79979879276 41.097 6 0 1691.8335540419 22.4316466129834 "LDA" 19 5000 4.92929292929293
1821.45161290323 41.45 8 0 1708.19869296556 22.596373516476 "LDA" 19 5000 4.96464646464646
1883.96367305752 41.802 9 0 1763.09749316259 22.7485888418226 "LDA" 19 5000 5
29.28 9.475 0 0 26.4764537391737 6.29054416930252 "uLSIF" 19 5000 1.5
30.627 9.732 0 0 27.8515992823138 6.42054510142242 "uLSIF" 19 5000 1.53535353535354
31.647 10.04 0 0 28.4994141625334 6.66249118489389 "uLSIF" 19 5000 1.57070707070707
33.121 10.257 0 0 29.9725660181726 6.69909164206826 "uLSIF" 19 5000 1.60606060606061
35.028 10.585 0 0 31.9426290018143 6.9321591030378 "uLSIF" 19 5000 1.64141414141414
36.72 10.873 0 0 33.7766555843302 7.19045016487658 "uLSIF" 19 5000 1.67676767676768
38.194 11.164 0 0 34.6595390570568 7.4424790556974 "uLSIF" 19 5000 1.71212121212121
40.159 11.479 0 0 35.9238115911889 7.63595880468634 "uLSIF" 19 5000 1.74747474747475
42.101 11.706 0 0 37.2267192702718 7.75910869673623 "uLSIF" 19 5000 1.78282828282828
44.022 11.976 0 0 38.5118771378478 8.14750304116579 "uLSIF" 19 5000 1.81818181818182
46.367 12.387 0 0 41.2902312199168 8.44396420714415 "uLSIF" 19 5000 1.85353535353535
48.605 12.696 0 0 44.6306494448587 8.55726655017891 "uLSIF" 19 5000 1.88888888888889
51.278 12.942 0 0 47.097950411169 8.71461878572899 "uLSIF" 19 5000 1.92424242424242
52.993 13.171 0 0 48.1899286181275 8.77261179568079 "uLSIF" 19 5000 1.95959595959596
55.081 13.531 0 0 51.2968401054568 9.26309040460277 "uLSIF" 19 5000 1.99494949494949
57.206 13.814 0 0 52.551491160796 9.40030689763743 "uLSIF" 19 5000 2.03030303030303
60.539 14.086 0 0 55.1508303935044 9.53842678776671 "uLSIF" 19 5000 2.06565656565657
62.905 14.383 0 0 56.4726228550802 9.73987557293091 "uLSIF" 19 5000 2.1010101010101
64.573 14.637 0 0 57.4804198807704 9.91026964539535 "uLSIF" 19 5000 2.13636363636364
66.938 14.964 0 0 59.5946279095329 10.0423878412235 "uLSIF" 19 5000 2.17171717171717
70.021 15.273 0 0 62.9329732184816 10.1939387572904 "uLSIF" 19 5000 2.20707070707071
72.212 15.582 0 0 64.8151066808815 10.3900543419767 "uLSIF" 19 5000 2.24242424242424
74.515 15.931 0 0 66.692425766759 10.5458738118022 "uLSIF" 19 5000 2.27777777777778
78.357 16.11 0 0 71.7912915369304 10.6298115172797 "uLSIF" 19 5000 2.31313131313131
81.091 16.497 0 0 74.1742849210125 11.0893175607863 "uLSIF" 19 5000 2.34848484848485
85.038 16.744 0 0 78.3687834677955 11.1932905686288 "uLSIF" 19 5000 2.38383838383838
89.66 17.052 0 0 82.6894669709991 11.3919740639221 "uLSIF" 19 5000 2.41919191919192
93.133 17.503 0 0 85.556620119347 11.7660711977886 "uLSIF" 19 5000 2.45454545454545
97.378 17.781 0 0 89.8423216460859 11.8652358941077 "uLSIF" 19 5000 2.48989898989899
101.11 18.189 0 0 93.1530213433004 12.1052805344121 "uLSIF" 19 5000 2.52525252525253
104.63 18.508 0 0 98.4666887266389 12.3590728892859 "uLSIF" 19 5000 2.56060606060606
109.235 18.673 0 0 102.331693773486 12.4476107753261 "uLSIF" 19 5000 2.5959595959596
112.544 18.904 0 0 105.395409085293 12.5119676043911 "uLSIF" 19 5000 2.63131313131313
117.108 19.208 0 0 110.948176342984 12.5828082343753 "uLSIF" 19 5000 2.66666666666667
124.659 19.526 0 0 119.598723126853 12.7693531700075 "uLSIF" 19 5000 2.7020202020202
131.308 19.832 0 0 127.463147576035 12.9079196770971 "uLSIF" 19 5000 2.73737373737374
135.696 20.163 0 0 130.970213334104 13.2283566787572 "uLSIF" 19 5000 2.77272727272727
139.015 20.485 0 0 134.294958620608 13.408488451819 "uLSIF" 19 5000 2.80808080808081
143.654 20.769 0 0 138.500695762609 13.5766698775865 "uLSIF" 19 5000 2.84343434343434
150.66 21.094 0 0 146.445863003332 13.6126583909414 "uLSIF" 19 5000 2.87878787878788
155.711 21.412 0 0 150.632790974332 13.7594905276169 "uLSIF" 19 5000 2.91414141414141
163.475 21.789 0 0 159.666649034211 13.9396841353667 "uLSIF" 19 5000 2.94949494949495
169.576 22.06 0 0 166.36625846594 14.0429913339575 "uLSIF" 19 5000 2.98484848484848
176.041 22.529 0 0 173.048539768806 14.2840187689667 "uLSIF" 19 5000 3.02020202020202
181.635 22.915 0 0 177.385939540164 14.5249009548343 "uLSIF" 19 5000 3.05555555555556
187.474 23.177 0 0 182.160236263779 14.7820898786735 "uLSIF" 19 5000 3.09090909090909
192.929 23.533 0 0 186.706017835784 15.0023325180114 "uLSIF" 19 5000 3.12626262626263
200.217 23.852 0 0 193.182414718205 15.2128737432323 "uLSIF" 19 5000 3.16161616161616
209.037 24.328 0 0 203.340559195685 16.2241066822688 "uLSIF" 19 5000 3.1969696969697
217.264 24.548 0 0 214.78522061584 16.2131601658209 "uLSIF" 19 5000 3.23232323232323
224.501 24.872 0 0 220.569832592878 16.4531553910587 "uLSIF" 19 5000 3.26767676767677
234.936 25.073 0 0 229.718982051364 16.5027273809819 "uLSIF" 19 5000 3.3030303030303
244.303 25.418 0 0 238.420106824778 16.5690014125115 "uLSIF" 19 5000 3.33838383838384
255.348 25.63 0 0 247.2216605507 16.6024920642277 "uLSIF" 19 5000 3.37373737373737
264.634 26.185 0 0 254.903192764786 17.2053712485317 "uLSIF" 19 5000 3.40909090909091
275.149 26.431 0 0 270.149105751506 17.2524457943181 "uLSIF" 19 5000 3.44444444444444
284.23 26.719 0 0 280.106280951764 17.4024965417576 "uLSIF" 19 5000 3.47979797979798
292.989 26.993 0 0 288.302836275338 17.4680876195732 "uLSIF" 19 5000 3.51515151515152
301.057 27.25 0 0 295.118004173563 17.5470624150996 "uLSIF" 19 5000 3.55050505050505
311.285 27.569 0 0 303.475793651376 17.7423231012466 "uLSIF" 19 5000 3.58585858585859
322.09 28.009 0 0 312.128419164372 18.0446260013204 "uLSIF" 19 5000 3.62121212121212
331.748 28.289 0 0 320.13067667149 18.1151770247668 "uLSIF" 19 5000 3.65656565656566
341.388 28.697 0 0 333.92740673531 18.2603568319908 "uLSIF" 19 5000 3.69191919191919
350.977 28.953 0 0 341.080025881105 18.3238793806212 "uLSIF" 19 5000 3.72727272727273
360.867 29.324 0 0 348.733365583609 18.5563294150907 "uLSIF" 19 5000 3.76262626262626
370.907 29.623 0 0 352.961025945977 18.6934832847524 "uLSIF" 19 5000 3.7979797979798
389.741 30.07 0 0 379.206961748909 18.9635628697963 "uLSIF" 19 5000 3.83333333333333
400.268 30.39 0 0 386.210658642209 19.1951648691631 "uLSIF" 19 5000 3.86868686868687
409.972 30.818 0 0 395.163970751105 19.5883787124045 "uLSIF" 19 5000 3.9040404040404
421.527 31.119 0 0 403.451814517716 19.6554617390733 "uLSIF" 19 5000 3.93939393939394
429.963 31.345 0 0 410.24107713925 19.6811921469286 "uLSIF" 19 5000 3.97474747474747
446.21 31.638 0 0 428.633132483085 19.8329095268521 "uLSIF" 19 5000 4.01010101010101
461.703 32.001 0 0 441.158814817171 19.9741323958004 "uLSIF" 19 5000 4.04545454545454
477.617 32.342 0 0 454.69806756093 20.0575507313665 "uLSIF" 19 5000 4.08080808080808
496.693 32.735 0 0 469.875939104301 20.4144930509314 "uLSIF" 19 5000 4.11616161616162
513.833 33.125 0 0 480.984633151963 20.6489649802298 "uLSIF" 19 5000 4.15151515151515
522.752 33.356 0 0 484.102565361711 20.6712981345286 "uLSIF" 19 5000 4.18686868686869
541.936 33.762 0 0 522.868409140653 20.7469948135578 "uLSIF" 19 5000 4.22222222222222
564.29 34.061 0 0 543.800361100223 20.7446769225414 "uLSIF" 19 5000 4.25757575757576
584.047 34.363 0 0 562.323003220525 20.829380549937 "uLSIF" 19 5000 4.29292929292929
599.493 34.536 0 0 572.533344340206 20.8711837304526 "uLSIF" 19 5000 4.32828282828283
624.925 34.788 0 0 618.676285080268 21.060498583856 "uLSIF" 19 5000 4.36363636363636
637.417 35.031 0 0 626.249924614031 21.1293276629307 "uLSIF" 19 5000 4.3989898989899
651.379 35.277 0 0 632.5895295307 21.2214660573114 "uLSIF" 19 5000 4.43434343434343
677.209 35.714 0 0 656.389149845604 21.3741211996437 "uLSIF" 19 5000 4.46969696969697
711.135 36.087 0 0 684.668034226874 21.4994804276443 "uLSIF" 19 5000 4.50505050505051
745.236 36.491 0 0 729.314839036228 21.8199915451641 "uLSIF" 19 5000 4.54040404040404
776.425 36.79 0 0 756.408209735163 21.8795021107111 "uLSIF" 19 5000 4.57575757575758
797.601 36.957 0 0 776.92383052487 21.9498735292017 "uLSIF" 19 5000 4.61111111111111
835.752 37.286 0 0 811.554680533293 22.0229247197826 "uLSIF" 19 5000 4.64646464646465
853.442 37.672 0 0 823.634274453203 22.2796049515425 "uLSIF" 19 5000 4.68181818181818
883.341 38.015 0 0 864.847906061881 22.4380980308769 "uLSIF" 19 5000 4.71717171717172
909.735 38.257 0 0 881.604945570892 22.4143559879456 "uLSIF" 19 5000 4.75252525252525
945.474 38.618 0 0 916.981870635988 22.4878139839731 "uLSIF" 19 5000 4.78787878787879
963.313 38.984 0 0 917.174094351967 22.5997011150699 "uLSIF" 19 5000 4.82323232323232
983.532 39.333 0 0 922.971591943942 22.8056617796811 "uLSIF" 19 5000 4.85858585858586
1011.304 39.745 0 0 959.360250205143 23.0501471640483 "uLSIF" 19 5000 4.89393939393939
1032.576 40.044 0 0 978.083313011316 23.1970724051154 "uLSIF" 19 5000 4.92929292929293
1068.384 40.452 0 0 1018.93490905597 23.4406732232921 "uLSIF" 19 5000 4.96464646464646
1116.292 40.926 0 0 1067.49052302714 23.7850847014312 "uLSIF" 19 5000 5
