87.992 19.119 0 0 82.5057763986204 14.2282564737315 "LDA" 40 5000 1.5
93.965 19.759 0 0 87.5267656760474 14.5906067318945 "LDA" 40 5000 1.53535353535354
100.351 20.383 0 0 96.233511250955 15.0506755274916 "LDA" 40 5000 1.57070707070707
109.139 21.011 0 0 109.649152370712 15.3925244456135 "LDA" 40 5000 1.60606060606061
116.528 21.533 0 0 120.015286046757 16.1210669559989 "LDA" 40 5000 1.64141414141414
124.618 22.186 0 0 126.226047593558 16.7021065846307 "LDA" 40 5000 1.67676767676768
131.64 22.772 0 0 131.416569407038 17.0565806345511 "LDA" 40 5000 1.71212121212121
139.204 23.521 0 0 138.505140908408 17.6421882374553 "LDA" 40 5000 1.74747474747475
148.138 24.341 0 0 149.141973583174 18.2410376474162 "LDA" 40 5000 1.78282828282828
157.131 25.032 0 0 159.229192596002 18.8408586310166 "LDA" 40 5000 1.81818181818182
167.02 25.986 0 0 165.181604794731 20.0105528715782 "LDA" 40 5000 1.85353535353535
177.338 26.695 0 0 174.975164134982 20.2549311832264 "LDA" 40 5000 1.88888888888889
184.461 27.291 0 0 181.3918396138 20.5138279249909 "LDA" 40 5000 1.92424242424242
194.65 28 0 0 190.525624296349 20.7582008590076 "LDA" 40 5000 1.95959595959596
204.032 28.726 0 0 200.35799035801 21.1347486760927 "LDA" 40 5000 1.99494949494949
215.664 29.45 0 0 207.709311929586 21.5095364933827 "LDA" 40 5000 2.03030303030303
227.716 30.036 0 0 218.306649319569 21.7658092993221 "LDA" 40 5000 2.06565656565657
244.975 30.494 0 0 232.910118926805 21.95422401161 "LDA" 40 5000 2.1010101010101
261.097 31.304 0 0 245.746387313991 22.3755726239632 "LDA" 40 5000 2.13636363636364
273.306 32.008 0 0 256.363828916594 22.5936807627799 "LDA" 40 5000 2.17171717171717
288.818 32.503 0 0 270.680895193996 22.7595691740637 "LDA" 40 5000 2.20707070707071
302.619 33.165 0 0 287.995651589281 23.2255290617932 "LDA" 40 5000 2.24242424242424
323.635 33.776 0 0 305.723221989209 23.5358398991784 "LDA" 40 5000 2.27777777777778
340.497 34.501 0 0 317.384575806639 23.786462427078 "LDA" 40 5000 2.31313131313131
361.311 35.104 0 0 342.20869812451 24.3930770139031 "LDA" 40 5000 2.34848484848485
383.328 35.591 0 0 365.638260790298 24.5471032767469 "LDA" 40 5000 2.38383838383838
401.105 36.372 0 0 376.652754234284 24.9769787097132 "LDA" 40 5000 2.41919191919192
430.322 37.339 0 0 406.759781487595 25.71391227107 "LDA" 40 5000 2.45454545454545
454.373 38.433 0 0 433.458574960984 27.3454435744656 "LDA" 40 5000 2.48989898989899
482.546 39.43 0 0 456.967593233115 27.8262717840785 "LDA" 40 5000 2.52525252525253
518.713 40.22 0 0 513.227352102307 28.418606883822 "LDA" 40 5000 2.56060606060606
560.049 40.838 0 0 554.715563108658 28.8212494597375 "LDA" 40 5000 2.5959595959596
584.375 41.724 0 0 571.051405814821 29.6396750038582 "LDA" 40 5000 2.63131313131313
613.227 42.623 0 0 601.407614342876 30.2045888597774 "LDA" 40 5000 2.66666666666667
644.106 43.389 0 0 628.096494155134 30.3662277338952 "LDA" 40 5000 2.7020202020202
671.51 43.979 0 0 644.674878989091 30.4939082020891 "LDA" 40 5000 2.73737373737374
715.569 44.628 0 0 681.458815598093 30.6294266642028 "LDA" 40 5000 2.77272727272727
758.468 45.326 0 0 720.331068206713 31.15648328118 "LDA" 40 5000 2.80808080808081
800.825 46.245 0 0 762.816433544982 32.0169964716096 "LDA" 40 5000 2.84343434343434
831.835 46.965 0 0 784.010821828209 32.4217047969711 "LDA" 40 5000 2.87878787878788
882.888 47.951 0 0 843.221846573331 33.0591819092443 "LDA" 40 5000 2.91414141414141
926.146 48.702 0 0 888.817989299329 33.7208881006164 "LDA" 40 5000 2.94949494949495
977.893 49.825 0 0 958.180572523029 34.4670618613388 "LDA" 40 5000 2.98484848484848
1014.084 50.632 0 0 984.163747160616 35.1231577767747 "LDA" 40 5000 3.02020202020202
1071.84 51.297 0 0 1038.69396433769 35.3055700176937 "LDA" 40 5000 3.05555555555556
1137.485 51.976 0 0 1130.75704431512 35.3858104270565 "LDA" 40 5000 3.09090909090909
1191.556 52.729 0 0 1207.21377890247 35.8499201641479 "LDA" 40 5000 3.12626262626263
1263.274 53.51 0 0 1264.29965694314 35.8983089934413 "LDA" 40 5000 3.16161616161616
1309.752 54.549 0 0 1297.66150512292 36.6024225473716 "LDA" 40 5000 3.1969696969697
1371.891 55.133 0 0 1366.06133635855 36.6126999933193 "LDA" 40 5000 3.23232323232323
1468.701 56.114 0 0 1447.34387893925 37.5574968490922 "LDA" 40 5000 3.26767676767677
1519.262 56.909 0 0 1464.27285037193 38.534057567204 "LDA" 40 5000 3.3030303030303
1602.92792792793 57.522 1 0 1534.22011051408 38.6960579504024 "LDA" 40 5000 3.33838383838384
1670.04504504505 58.68 1 0 1574.0573528538 40.0858637985572 "LDA" 40 5000 3.37373737373737
1769.23123123123 59.35 1 0 1668.99306267945 40.3117170873995 "LDA" 40 5000 3.40909090909091
1861.76429287864 59.971 3 0 1737.13256945585 40.6215739634898 "LDA" 40 5000 3.44444444444444
1962.73393574297 60.998 4 0 1813.52175178961 41.7054833726135 "LDA" 40 5000 3.47979797979798
2047.09949748744 61.64 5 0 1893.52503747774 41.883751606663 "LDA" 40 5000 3.51515151515152
2122.3497983871 62.465 8 0 1942.67421862165 42.3733911703946 "LDA" 40 5000 3.55050505050505
2185.88810483871 63.631 8 0 1974.84282877522 43.8425022552774 "LDA" 40 5000 3.58585858585859
2254.17933130699 64.508 13 0 1993.56550714957 44.0182864903388 "LDA" 40 5000 3.62121212121212
2325.55442522889 65.095 17 0 2040.07747218171 44.1684823129551 "LDA" 40 5000 3.65656565656566
2422.9806122449 66.064 20 0 2099.8251098515 44.9337840488529 "LDA" 40 5000 3.69191919191919
2487.94455852156 66.766 26 0 2127.75419460229 45.2211255299356 "LDA" 40 5000 3.72727272727273
2568.30785123967 67.527 32 0 2166.70473883616 46.0002096765905 "LDA" 40 5000 3.76262626262626
2621.04253112033 68.174 36 0 2166.78712947085 46.3157086620605 "LDA" 40 5000 3.7979797979798
2720.28167539267 69.267 45 0 2222.03052341567 47.2271756207919 "LDA" 40 5000 3.83333333333333
2802.83052631579 70.038 50 0 2270.44512788351 47.5109866225681 "LDA" 40 5000 3.86868686868687
2909.82608695652 70.619 57 0 2311.63840883562 47.5227972162335 "LDA" 40 5000 3.9040404040404
3002.95708154506 71.49 68 0 2369.8144407644 48.1466509738736 "LDA" 40 5000 3.93939393939394
3053.93268186754 72.112 79 0 2398.83702887785 48.3329445567879 "LDA" 40 5000 3.97474747474747
3133.56531284303 72.8 89 0 2439.63438574598 48.9759394258308 "LDA" 40 5000 4.01010101010101
3225.4435840708 73.644 96 0 2464.31726096807 49.3828708352596 "LDA" 40 5000 4.04545454545454
3319.59301014656 74.189 113 0 2475.49409348084 49.5478179667406 "LDA" 40 5000 4.08080808080808
3357.72437357631 75.309 122 0 2491.38148936284 50.1411173653983 "LDA" 40 5000 4.11616161616162
3447.12180974478 76.527 138 0 2525.37848457843 50.9260909332116 "LDA" 40 5000 4.15151515151515
3526.5418138987 77.558 151 0 2535.71582520318 51.9893597722604 "LDA" 40 5000 4.18686868686869
3566.33174224344 78.175 162 0 2539.66677457828 52.0886321628875 "LDA" 40 5000 4.22222222222222
3625.72417982989 79.075 177 0 2562.69354105946 52.6821676261122 "LDA" 40 5000 4.25757575757576
3673.48880597015 79.452 196 0 2580.90813438431 52.6216945635423 "LDA" 40 5000 4.29292929292929
3719.71755725191 80.386 214 0 2583.24295355027 52.8999566106572 "LDA" 40 5000 4.32828282828283
3796.52454780362 80.97 226 0 2629.38746403173 53.1355670760037 "LDA" 40 5000 4.36363636363636
3832.99868421053 81.687 240 0 2660.26324863545 53.2167553882615 "LDA" 40 5000 4.3989898989899
3905.13002680965 82.574 254 0 2678.50025511057 53.3765827267312 "LDA" 40 5000 4.43434343434343
3932.73066298343 83.52 276 0 2727.21507836299 53.7394410794114 "LDA" 40 5000 4.46969696969697
4007.51489361702 84.684 295 0 2728.46420756277 54.1313249823459 "LDA" 40 5000 4.50505050505051
4035.28134110787 85.55 314 0 2732.10579747836 54.3885430363198 "LDA" 40 5000 4.54040404040404
4090.42750373692 86.553 331 0 2731.1854442237 55.9592407706505 "LDA" 40 5000 4.57575757575758
4167.4213740458 87.548 345 0 2751.29282585655 56.7732410286474 "LDA" 40 5000 4.61111111111111
4205.1965408805 88.498 364 0 2767.39821937826 57.0630544940261 "LDA" 40 5000 4.64646464646465
4225.9348534202 90.144 386 0 2767.60712877389 59.0741993176803 "LDA" 40 5000 4.68181818181818
4277.26289517471 91.305 399 0 2769.28770879883 60.8183594636344 "LDA" 40 5000 4.71717171717172
4314.54855195911 92.047 413 0 2777.77315462895 61.0482405862665 "LDA" 40 5000 4.75252525252525
4352.32508833922 93.219 434 0 2763.15523256716 62.5540250107461 "LDA" 40 5000 4.78787878787879
4394.77148080439 94.044 453 0 2761.64833736275 62.5951772920264 "LDA" 40 5000 4.82323232323232
4471.65471698113 94.887 470 0 2784.2305388399 63.1255024539216 "LDA" 40 5000 4.85858585858586
4523.08494208494 95.765 482 0 2793.66195425068 63.6394512449216 "LDA" 40 5000 4.89393939393939
4533.93775100402 96.639 502 0 2790.33228698146 63.7868908667482 "LDA" 40 5000 4.92929292929293
4589.42008196721 97.155 512 0 2804.36666283797 63.9098853734573 "LDA" 40 5000 4.96464646464646
4603.60554371002 97.989 531 0 2798.10658662963 64.3221596280723 "LDA" 40 5000 5
51.732 17.925 0 0 42.657001720653 12.0114799525558 "uLSIF" 40 5000 1.5
53.979 18.432 0 0 45.4807328003415 12.2950617950682 "uLSIF" 40 5000 1.53535353535354
56.642 19.034 0 0 48.8788397670912 12.7929865357744 "uLSIF" 40 5000 1.57070707070707
59.181 19.65 0 0 50.8597577064024 13.1597370292373 "uLSIF" 40 5000 1.60606060606061
61.703 20.341 0 0 52.5193209216386 13.6042564954795 "uLSIF" 40 5000 1.64141414141414
64.391 20.783 0 0 54.8917044572148 13.7903620360412 "uLSIF" 40 5000 1.67676767676768
66.882 21.327 0 0 56.7945921871238 14.00464927091 "uLSIF" 40 5000 1.71212121212121
68.977 21.78 0 0 57.7040399558577 14.1147024348664 "uLSIF" 40 5000 1.74747474747475
72.251 22.463 0 0 60.5152385196745 14.5488246707182 "uLSIF" 40 5000 1.78282828282828
75.568 23.328 0 0 64.6845380710527 15.4618719916278 "uLSIF" 40 5000 1.81818181818182
78.156 23.968 0 0 67.6169632393952 15.8402616736558 "uLSIF" 40 5000 1.85353535353535
81.786 24.326 0 0 71.3379513814863 16.1870239310302 "uLSIF" 40 5000 1.88888888888889
86.003 24.77 0 0 76.2885373560926 16.3726345822278 "uLSIF" 40 5000 1.92424242424242
88.295 25.439 0 0 77.1018331018638 16.6360162309381 "uLSIF" 40 5000 1.95959595959596
90.835 26.004 0 0 78.625655919482 17.0018542237912 "uLSIF" 40 5000 1.99494949494949
93.794 26.921 0 0 80.3593628097634 17.9425386635697 "uLSIF" 40 5000 2.03030303030303
96.494 27.455 0 0 81.6970156515302 18.2834422158208 "uLSIF" 40 5000 2.06565656565657
99.358 28.259 0 0 82.9357714028041 18.9409259984215 "uLSIF" 40 5000 2.1010101010101
101.939 28.864 0 0 85.3665081851174 19.2527445360959 "uLSIF" 40 5000 2.13636363636364
106.002 29.316 0 0 88.2868085081602 19.3108014088243 "uLSIF" 40 5000 2.17171717171717
108.192 29.8 0 0 89.7277783643962 19.5414397593388 "uLSIF" 40 5000 2.20707070707071
111.509 30.351 0 0 91.8606896626914 19.8577977412182 "uLSIF" 40 5000 2.24242424242424
113.845 31.154 0 0 93.7133777652485 20.2637336861424 "uLSIF" 40 5000 2.27777777777778
118.85 31.784 0 0 100.504510628412 20.7285073031083 "uLSIF" 40 5000 2.31313131313131
122.747 32.463 0 0 103.928215923613 21.068852069525 "uLSIF" 40 5000 2.34848484848485
127.754 33.105 0 0 109.93179924155 21.4030386876505 "uLSIF" 40 5000 2.38383838383838
130.945 33.631 0 0 113.00553183462 21.716179024668 "uLSIF" 40 5000 2.41919191919192
135.566 34.211 0 0 116.510137997756 21.8962993888677 "uLSIF" 40 5000 2.45454545454545
139.806 34.809 0 0 119.467195391768 22.2878726725605 "uLSIF" 40 5000 2.48989898989899
145.796 35.51 0 0 126.211678428629 22.5937242697254 "uLSIF" 40 5000 2.52525252525253
150.331 35.952 0 0 131.00545740109 22.8112702419232 "uLSIF" 40 5000 2.56060606060606
156.604 36.646 0 0 138.637807345708 23.1210567939112 "uLSIF" 40 5000 2.5959595959596
159.266 37.505 0 0 140.047672578285 23.6767092637799 "uLSIF" 40 5000 2.63131313131313
164.651 38.38 0 0 143.836358745267 24.0370834624624 "uLSIF" 40 5000 2.66666666666667
168.902 38.849 0 0 146.72836675166 24.297089281384 "uLSIF" 40 5000 2.7020202020202
175.105 39.571 0 0 151.396561697728 24.8981701712772 "uLSIF" 40 5000 2.73737373737374
181.684 40.445 0 0 158.08898212801 25.8097485093931 "uLSIF" 40 5000 2.77272727272727
187.328 41.022 0 0 163.317301462389 26.0578304263138 "uLSIF" 40 5000 2.80808080808081
191.507 41.574 0 0 165.628919243862 26.422465264821 "uLSIF" 40 5000 2.84343434343434
199.907 42.249 0 0 177.651344918499 26.7785378444957 "uLSIF" 40 5000 2.87878787878788
205.406 42.876 0 0 181.458287973502 26.9384168484769 "uLSIF" 40 5000 2.91414141414141
215.269 43.701 0 0 198.296894320857 27.8152347875456 "uLSIF" 40 5000 2.94949494949495
221.767 44.426 0 0 204.535888392821 28.0341298498176 "uLSIF" 40 5000 2.98484848484848
227.843 45.008 0 0 210.867820182665 28.2250702495245 "uLSIF" 40 5000 3.02020202020202
232.61 45.668 0 0 213.054533240047 28.7100338216806 "uLSIF" 40 5000 3.05555555555556
243.68 46.577 0 0 226.4177921821 29.0266535724947 "uLSIF" 40 5000 3.09090909090909
253.823 47.086 0 0 236.471377514031 29.0439004293871 "uLSIF" 40 5000 3.12626262626263
261.416 47.651 0 0 246.763042092901 29.087992545212 "uLSIF" 40 5000 3.16161616161616
270.396 48.807 0 0 251.612993071269 29.9048834315242 "uLSIF" 40 5000 3.1969696969697
278.024 49.406 0 0 256.525579225146 30.0777298650319 "uLSIF" 40 5000 3.23232323232323
284.774 50.748 0 0 260.6434267729 31.9951900789507 "uLSIF" 40 5000 3.26767676767677
290.425 51.443 0 0 262.707825876537 32.2010194971628 "uLSIF" 40 5000 3.3030303030303
302.747 52.251 0 0 272.636093411035 32.7290572762215 "uLSIF" 40 5000 3.33838383838384
311.162 52.864 0 0 280.155615551295 33.3541902316037 "uLSIF" 40 5000 3.37373737373737
317.491 53.522 0 0 283.198823254074 33.63788077485 "uLSIF" 40 5000 3.40909090909091
327.138 54.512 0 0 291.660797806248 34.433813955813 "uLSIF" 40 5000 3.44444444444444
335.407 55.204 0 0 292.938205332017 34.6016134834151 "uLSIF" 40 5000 3.47979797979798
345.265 55.957 0 0 301.855000316735 35.1459868461734 "uLSIF" 40 5000 3.51515151515152
351.929 56.447 0 0 307.679603967663 35.3520431935406 "uLSIF" 40 5000 3.55050505050505
357.974 57.237 0 0 311.975717279682 35.7912817156196 "uLSIF" 40 5000 3.58585858585859
369.419 57.94 0 0 325.51420081762 36.1474070305884 "uLSIF" 40 5000 3.62121212121212
375.622 58.687 0 0 330.230172884131 37.3214941411102 "uLSIF" 40 5000 3.65656565656566
387.576 59.761 0 0 340.638013851186 39.0700184968646 "uLSIF" 40 5000 3.69191919191919
392.828 60.228 0 0 342.161027273102 39.080036658955 "uLSIF" 40 5000 3.72727272727273
409.484 61.209 0 0 360.973469370797 39.827597926018 "uLSIF" 40 5000 3.76262626262626
415.578 62.137 0 0 367.177002094176 40.4057279832186 "uLSIF" 40 5000 3.7979797979798
423.538 62.643 0 0 372.127571520151 40.7527463778496 "uLSIF" 40 5000 3.83333333333333
433.745 63.483 0 0 378.378490743405 41.4388330903259 "uLSIF" 40 5000 3.86868686868687
441.809 64.727 0 0 385.331084346388 43.0714710988912 "uLSIF" 40 5000 3.9040404040404
456.56 65.826 0 0 396.129833823767 44.2407613968043 "uLSIF" 40 5000 3.93939393939394
464.287 66.732 0 0 400.691552632884 44.4327857381061 "uLSIF" 40 5000 3.97474747474747
475.982 67.656 0 0 410.113206954517 44.8690862275899 "uLSIF" 40 5000 4.01010101010101
483.779 68.025 0 0 419.84211980763 44.9707765748574 "uLSIF" 40 5000 4.04545454545454
502.382 68.576 0 0 436.511381595328 45.0894586714376 "uLSIF" 40 5000 4.08080808080808
512.413 69.21 0 0 442.788138692498 45.2753106422668 "uLSIF" 40 5000 4.11616161616162
525.264 70.189 0 0 468.555209434585 45.8739981111599 "uLSIF" 40 5000 4.15151515151515
540.803 72.188 0 0 483.394791775538 49.2439806029694 "uLSIF" 40 5000 4.18686868686869
549.303 73.054 0 0 488.358193251548 49.5807960740783 "uLSIF" 40 5000 4.22222222222222
561.228 74.145 0 0 500.286800644289 50.3189225736101 "uLSIF" 40 5000 4.25757575757576
578.703 75.21 0 0 522.793415936684 51.1046140928741 "uLSIF" 40 5000 4.29292929292929
586.619 76.291 0 0 531.085787752744 51.5669416241498 "uLSIF" 40 5000 4.32828282828283
599.156 77.414 0 0 541.148217272363 52.3403297096428 "uLSIF" 40 5000 4.36363636363636
616.614 78.072 0 0 554.216046709612 53.3591605632624 "uLSIF" 40 5000 4.3989898989899
641.7 78.976 0 0 589.51922692896 54.2739816955518 "uLSIF" 40 5000 4.43434343434343
657.705 80.206 0 0 603.241001325905 55.5346888499942 "uLSIF" 40 5000 4.46969696969697
668.011 81.056 0 0 613.618836865326 55.7803577642911 "uLSIF" 40 5000 4.50505050505051
680.31 82.073 0 0 620.249981813736 56.3656167690353 "uLSIF" 40 5000 4.54040404040404
691.407 82.923 0 0 624.157233077213 56.9366213420664 "uLSIF" 40 5000 4.57575757575758
708.607 83.691 0 0 632.862774891084 57.0189150692617 "uLSIF" 40 5000 4.61111111111111
723.22 84.966 0 0 645.947764230293 58.3932411723704 "uLSIF" 40 5000 4.64646464646465
737.103 85.684 0 0 672.065808415993 58.7841110821259 "uLSIF" 40 5000 4.68181818181818
750.281 87.257 0 0 680.294477866472 59.8925042310226 "uLSIF" 40 5000 4.71717171717172
767.178 87.959 0 0 711.630854297921 60.0556241912196 "uLSIF" 40 5000 4.75252525252525
785.519 89.35 0 0 730.167737279294 62.0661558960091 "uLSIF" 40 5000 4.78787878787879
805.314 90.966 0 0 748.997598665581 64.316136462084 "uLSIF" 40 5000 4.82323232323232
826.951 91.9 0 0 793.890036459073 64.6307290004618 "uLSIF" 40 5000 4.85858585858586
851.268 92.805 0 0 815.104520632511 65.2053273108088 "uLSIF" 40 5000 4.89393939393939
862.399 93.827 0 0 818.986239358916 65.8061662955875 "uLSIF" 40 5000 4.92929292929293
887.869 95.286 0 0 852.630330400766 66.6374425736219 "uLSIF" 40 5000 4.96464646464646
914.995 96.444 0 0 882.055342142205 66.9470295739009 "uLSIF" 40 5000 5
