124.675 14.075 0 0 "KDE LDA" 59 3000 2.5
126.11 14.09 0 0 "KDE LDA" 59 3000 2.51010101010101
128.105 14.1 0 0 "KDE LDA" 59 3000 2.52020202020202
132.115 14.165 0 0 "KDE LDA" 59 3000 2.53030303030303
132.81 14.195 0 0 "KDE LDA" 59 3000 2.54040404040404
132.84 14.33 0 0 "KDE LDA" 59 3000 2.55050505050505
134.435 14.33 0 0 "KDE LDA" 59 3000 2.56060606060606
134.44 14.335 0 0 "KDE LDA" 59 3000 2.57070707070707
134.45 14.335 0 0 "KDE LDA" 59 3000 2.58080808080808
135.035 14.34 0 0 "KDE LDA" 59 3000 2.59090909090909
135.88 14.41 0 0 "KDE LDA" 59 3000 2.6010101010101
136.465 14.495 0 0 "KDE LDA" 59 3000 2.61111111111111
136.5 14.54 0 0 "KDE LDA" 59 3000 2.62121212121212
136.53 14.675 0 0 "KDE LDA" 59 3000 2.63131313131313
136.535 14.695 0 0 "KDE LDA" 59 3000 2.64141414141414
140.075 14.86 0 0 "KDE LDA" 59 3000 2.65151515151515
143.215 14.915 0 0 "KDE LDA" 59 3000 2.66161616161616
154.51 15.285 0 0 "KDE LDA" 59 3000 2.67171717171717
155.445 15.3 0 0 "KDE LDA" 59 3000 2.68181818181818
156.415 15.34 0 0 "KDE LDA" 59 3000 2.69191919191919
157.63 15.355 0 0 "KDE LDA" 59 3000 2.7020202020202
157.63 15.565 0 0 "KDE LDA" 59 3000 2.71212121212121
157.63 15.575 0 0 "KDE LDA" 59 3000 2.72222222222222
159.69 15.585 0 0 "KDE LDA" 59 3000 2.73232323232323
161.795 15.68 0 0 "KDE LDA" 59 3000 2.74242424242424
162.635 15.705 0 0 "KDE LDA" 59 3000 2.75252525252525
164.2 15.715 0 0 "KDE LDA" 59 3000 2.76262626262626
164.695 15.745 0 0 "KDE LDA" 59 3000 2.77272727272727
166.74 15.82 0 0 "KDE LDA" 59 3000 2.78282828282828
183.56 15.965 0 0 "KDE LDA" 59 3000 2.79292929292929
225.87 16.745 0 0 "KDE LDA" 59 3000 2.8030303030303
225.88 16.76 0 0 "KDE LDA" 59 3000 2.81313131313131
227.65 16.785 0 0 "KDE LDA" 59 3000 2.82323232323232
227.66 16.92 0 0 "KDE LDA" 59 3000 2.83333333333333
229.75 16.925 0 0 "KDE LDA" 59 3000 2.84343434343434
239.395 16.93 0 0 "KDE LDA" 59 3000 2.85353535353535
242.02 16.93 0 0 "KDE LDA" 59 3000 2.86363636363636
242.035 17.07 0 0 "KDE LDA" 59 3000 2.87373737373737
242.06 17.075 0 0 "KDE LDA" 59 3000 2.88383838383838
242.075 17.145 0 0 "KDE LDA" 59 3000 2.89393939393939
242.08 17.175 0 0 "KDE LDA" 59 3000 2.9040404040404
247.61 17.2 0 0 "KDE LDA" 59 3000 2.91414141414141
247.64 17.24 0 0 "KDE LDA" 59 3000 2.92424242424242
249.54 17.38 0 0 "KDE LDA" 59 3000 2.93434343434343
249.565 17.405 0 0 "KDE LDA" 59 3000 2.94444444444444
251.545 17.445 0 0 "KDE LDA" 59 3000 2.95454545454545
261.39 17.555 0 0 "KDE LDA" 59 3000 2.96464646464646
261.405 17.595 0 0 "KDE LDA" 59 3000 2.97474747474747
261.685 17.6 0 0 "KDE LDA" 59 3000 2.98484848484848
265.13 17.675 0 0 "KDE LDA" 59 3000 2.99494949494949
265.51 17.735 0 0 "KDE LDA" 59 3000 3.00505050505051
269.135 17.75 0 0 "KDE LDA" 59 3000 3.01515151515152
270.41 17.76 0 0 "KDE LDA" 59 3000 3.02525252525253
274.525 17.825 0 0 "KDE LDA" 59 3000 3.03535353535354
279.855 17.83 0 0 "KDE LDA" 59 3000 3.04545454545455
287.23 17.86 0 0 "KDE LDA" 59 3000 3.05555555555556
287.74 17.88 0 0 "KDE LDA" 59 3000 3.06565656565657
290.36 17.91 0 0 "KDE LDA" 59 3000 3.07575757575758
293.48 17.945 0 0 "KDE LDA" 59 3000 3.08585858585859
310.78 18.045 0 0 "KDE LDA" 59 3000 3.0959595959596
310.785 18.06 0 0 "KDE LDA" 59 3000 3.10606060606061
313.655 18.06 0 0 "KDE LDA" 59 3000 3.11616161616162
313.93 18.08 0 0 "KDE LDA" 59 3000 3.12626262626263
315.965 18.085 0 0 "KDE LDA" 59 3000 3.13636363636364
316.92 18.09 0 0 "KDE LDA" 59 3000 3.14646464646465
319.845 18.195 0 0 "KDE LDA" 59 3000 3.15656565656566
324.46 18.36 0 0 "KDE LDA" 59 3000 3.16666666666667
332.89 18.39 0 0 "KDE LDA" 59 3000 3.17676767676768
336.365 18.46 0 0 "KDE LDA" 59 3000 3.18686868686869
337.44 18.47 0 0 "KDE LDA" 59 3000 3.1969696969697
345.265 18.495 0 0 "KDE LDA" 59 3000 3.20707070707071
352.9 18.735 0 0 "KDE LDA" 59 3000 3.21717171717172
374.385 19.385 0 0 "KDE LDA" 59 3000 3.22727272727273
374.4 19.405 0 0 "KDE LDA" 59 3000 3.23737373737374
375.59 19.475 0 0 "KDE LDA" 59 3000 3.24747474747475
375.645 19.57 0 0 "KDE LDA" 59 3000 3.25757575757576
381.135 19.86 0 0 "KDE LDA" 59 3000 3.26767676767677
381.29 19.865 0 0 "KDE LDA" 59 3000 3.27777777777778
382.175 20.04 0 0 "KDE LDA" 59 3000 3.28787878787879
384.665 20.29 0 0 "KDE LDA" 59 3000 3.2979797979798
386.785 20.405 0 0 "KDE LDA" 59 3000 3.30808080808081
394.98 20.41 0 0 "KDE LDA" 59 3000 3.31818181818182
396.985 20.43 0 0 "KDE LDA" 59 3000 3.32828282828283
405.745 20.465 0 0 "KDE LDA" 59 3000 3.33838383838384
425.86 20.465 0 0 "KDE LDA" 59 3000 3.34848484848485
469.92 20.635 0 0 "KDE LDA" 59 3000 3.35858585858586
475.165 20.935 0 0 "KDE LDA" 59 3000 3.36868686868687
486.455 21.03 0 0 "KDE LDA" 59 3000 3.37878787878788
489.52 21.085 0 0 "KDE LDA" 59 3000 3.38888888888889
502.905 21.2 0 0 "KDE LDA" 59 3000 3.3989898989899
504.385 21.21 0 0 "KDE LDA" 59 3000 3.40909090909091
505.675 21.215 0 0 "KDE LDA" 59 3000 3.41919191919192
505.675 21.23 0 0 "KDE LDA" 59 3000 3.42929292929293
509.545 21.27 0 0 "KDE LDA" 59 3000 3.43939393939394
516.15 21.35 0 0 "KDE LDA" 59 3000 3.44949494949495
517.24 21.54 0 0 "KDE LDA" 59 3000 3.45959595959596
517.84 21.75 0 0 "KDE LDA" 59 3000 3.46969696969697
519.725 21.755 0 0 "KDE LDA" 59 3000 3.47979797979798
521.16 21.805 0 0 "KDE LDA" 59 3000 3.48989898989899
522.555 21.89 0 0 "KDE LDA" 59 3000 3.5
104.055 11.77 0 0 "KDE QDA" 59 3000 2.7
104.055 11.775 0 0 "KDE QDA" 59 3000 2.71010101010101
105.7 11.775 0 0 "KDE QDA" 59 3000 2.72020202020202
105.7 11.775 0 0 "KDE QDA" 59 3000 2.73030303030303
105.7 11.775 0 0 "KDE QDA" 59 3000 2.74040404040404
105.7 11.78 0 0 "KDE QDA" 59 3000 2.75050505050505
105.7 11.78 0 0 "KDE QDA" 59 3000 2.76060606060606
105.705 11.785 0 0 "KDE QDA" 59 3000 2.77070707070707
105.705 11.785 0 0 "KDE QDA" 59 3000 2.78080808080808
105.755 11.785 0 0 "KDE QDA" 59 3000 2.79090909090909
125.995 12.705 0 0 "KDE QDA" 59 3000 2.8010101010101
125.995 12.705 0 0 "KDE QDA" 59 3000 2.81111111111111
125.995 12.705 0 0 "KDE QDA" 59 3000 2.82121212121212
131.76 12.81 0 0 "KDE QDA" 59 3000 2.83131313131313
132.845 12.815 0 0 "KDE QDA" 59 3000 2.84141414141414
134.18 12.815 0 0 "KDE QDA" 59 3000 2.85151515151515
134.79 12.815 0 0 "KDE QDA" 59 3000 2.86161616161616
134.79 12.815 0 0 "KDE QDA" 59 3000 2.87171717171717
134.79 12.815 0 0 "KDE QDA" 59 3000 2.88181818181818
134.835 12.815 0 0 "KDE QDA" 59 3000 2.89191919191919
134.835 12.815 0 0 "KDE QDA" 59 3000 2.9020202020202
134.86 12.815 0 0 "KDE QDA" 59 3000 2.91212121212121
134.86 12.815 0 0 "KDE QDA" 59 3000 2.92222222222222
134.86 12.815 0 0 "KDE QDA" 59 3000 2.93232323232323
134.865 12.815 0 0 "KDE QDA" 59 3000 2.94242424242424
134.87 12.815 0 0 "KDE QDA" 59 3000 2.95252525252525
136.905 13.055 0 0 "KDE QDA" 59 3000 2.96262626262626
137.46 13.055 0 0 "KDE QDA" 59 3000 2.97272727272727
137.5 13.08 0 0 "KDE QDA" 59 3000 2.98282828282828
137.505 13.09 0 0 "KDE QDA" 59 3000 2.99292929292929
137.505 13.09 0 0 "KDE QDA" 59 3000 3.0030303030303
138.015 13.09 0 0 "KDE QDA" 59 3000 3.01313131313131
138.015 13.105 0 0 "KDE QDA" 59 3000 3.02323232323232
138.015 13.11 0 0 "KDE QDA" 59 3000 3.03333333333333
138.02 13.115 0 0 "KDE QDA" 59 3000 3.04343434343434
138.035 13.115 0 0 "KDE QDA" 59 3000 3.05353535353535
138.04 13.115 0 0 "KDE QDA" 59 3000 3.06363636363636
138.04 13.115 0 0 "KDE QDA" 59 3000 3.07373737373737
138.04 13.115 0 0 "KDE QDA" 59 3000 3.08383838383838
150.675 13.475 0 0 "KDE QDA" 59 3000 3.09393939393939
150.68 13.48 0 0 "KDE QDA" 59 3000 3.1040404040404
153.075 13.51 0 0 "KDE QDA" 59 3000 3.11414141414141
157.13 13.53 0 0 "KDE QDA" 59 3000 3.12424242424242
157.13 13.53 0 0 "KDE QDA" 59 3000 3.13434343434343
157.13 13.535 0 0 "KDE QDA" 59 3000 3.14444444444444
157.13 13.535 0 0 "KDE QDA" 59 3000 3.15454545454545
157.13 13.535 0 0 "KDE QDA" 59 3000 3.16464646464646
157.135 13.535 0 0 "KDE QDA" 59 3000 3.17474747474748
157.175 13.535 0 0 "KDE QDA" 59 3000 3.18484848484849
157.735 13.535 0 0 "KDE QDA" 59 3000 3.19494949494949
157.745 13.535 0 0 "KDE QDA" 59 3000 3.20505050505051
157.745 13.535 0 0 "KDE QDA" 59 3000 3.21515151515152
175.905 14.21 0 0 "KDE QDA" 59 3000 3.22525252525253
175.94 14.235 0 0 "KDE QDA" 59 3000 3.23535353535354
175.94 14.24 0 0 "KDE QDA" 59 3000 3.24545454545455
180.015 14.37 0 0 "KDE QDA" 59 3000 3.25555555555556
180.015 14.39 0 0 "KDE QDA" 59 3000 3.26565656565657
181.765 14.395 0 0 "KDE QDA" 59 3000 3.27575757575758
181.765 14.43 0 0 "KDE QDA" 59 3000 3.28585858585859
181.765 14.43 0 0 "KDE QDA" 59 3000 3.2959595959596
182.59 14.435 0 0 "KDE QDA" 59 3000 3.30606060606061
182.595 14.44 0 0 "KDE QDA" 59 3000 3.31616161616162
182.605 14.445 0 0 "KDE QDA" 59 3000 3.32626262626263
182.605 14.445 0 0 "KDE QDA" 59 3000 3.33636363636364
182.95 14.445 0 0 "KDE QDA" 59 3000 3.34646464646465
182.95 14.45 0 0 "KDE QDA" 59 3000 3.35656565656566
217.135 15.095 0 0 "KDE QDA" 59 3000 3.36666666666667
217.135 15.095 0 0 "KDE QDA" 59 3000 3.37676767676768
223.75 15.24 0 0 "KDE QDA" 59 3000 3.38686868686869
224.24 15.245 0 0 "KDE QDA" 59 3000 3.3969696969697
224.24 15.27 0 0 "KDE QDA" 59 3000 3.40707070707071
226.025 15.275 0 0 "KDE QDA" 59 3000 3.41717171717172
229.355 15.275 0 0 "KDE QDA" 59 3000 3.42727272727273
229.36 15.315 0 0 "KDE QDA" 59 3000 3.43737373737374
229.36 15.32 0 0 "KDE QDA" 59 3000 3.44747474747475
229.36 15.325 0 0 "KDE QDA" 59 3000 3.45757575757576
229.36 15.325 0 0 "KDE QDA" 59 3000 3.46767676767677
229.51 15.325 0 0 "KDE QDA" 59 3000 3.47777777777778
229.515 15.325 0 0 "KDE QDA" 59 3000 3.48787878787879
229.515 15.325 0 0 "KDE QDA" 59 3000 3.4979797979798
234.295 15.325 0 0 "KDE QDA" 59 3000 3.50808080808081
258.415 15.625 0 0 "KDE QDA" 59 3000 3.51818181818182
258.425 15.695 0 0 "KDE QDA" 59 3000 3.52828282828283
258.44 15.73 0 0 "KDE QDA" 59 3000 3.53838383838384
263.54 15.99 0 0 "KDE QDA" 59 3000 3.54848484848485
263.54 15.995 0 0 "KDE QDA" 59 3000 3.55858585858586
264.315 15.995 0 0 "KDE QDA" 59 3000 3.56868686868687
265.155 15.995 0 0 "KDE QDA" 59 3000 3.57878787878788
265.17 16.01 0 0 "KDE QDA" 59 3000 3.58888888888889
265.17 16.02 0 0 "KDE QDA" 59 3000 3.5989898989899
265.675 16.02 0 0 "KDE QDA" 59 3000 3.60909090909091
265.675 16.02 0 0 "KDE QDA" 59 3000 3.61919191919192
267.025 16.02 0 0 "KDE QDA" 59 3000 3.62929292929293
267.025 16.02 0 0 "KDE QDA" 59 3000 3.63939393939394
267.025 16.02 0 0 "KDE QDA" 59 3000 3.64949494949495
295.88 16.535 0 0 "KDE QDA" 59 3000 3.65959595959596
295.885 16.615 0 0 "KDE QDA" 59 3000 3.66969696969697
303.555 16.715 0 0 "KDE QDA" 59 3000 3.67979797979798
303.555 16.72 0 0 "KDE QDA" 59 3000 3.68989898989899
303.555 16.72 0 0 "KDE QDA" 59 3000 3.7
