144.965 14.355 0 0 "KDE LDA" 125 600 2.3
144.965 14.37 0 0 "KDE LDA" 125 600 2.31010101010101
145.7 14.37 0 0 "KDE LDA" 125 600 2.32020202020202
146.14 14.38 0 0 "KDE LDA" 125 600 2.33030303030303
146.14 14.46 0 0 "KDE LDA" 125 600 2.34040404040404
146.145 14.465 0 0 "KDE LDA" 125 600 2.35050505050505
146.485 14.47 0 0 "KDE LDA" 125 600 2.36060606060606
149.575 14.48 0 0 "KDE LDA" 125 600 2.37070707070707
150.225 14.49 0 0 "KDE LDA" 125 600 2.38080808080808
153.78 14.72 0 0 "KDE LDA" 125 600 2.39090909090909
154.735 14.96 0 0 "KDE LDA" 125 600 2.4010101010101
154.735 14.965 0 0 "KDE LDA" 125 600 2.41111111111111
154.735 14.995 0 0 "KDE LDA" 125 600 2.42121212121212
154.745 15.155 0 0 "KDE LDA" 125 600 2.43131313131313
155.195 15.19 0 0 "KDE LDA" 125 600 2.44141414141414
158.39 15.205 0 0 "KDE LDA" 125 600 2.45151515151515
158.96 15.24 0 0 "KDE LDA" 125 600 2.46161616161616
158.965 15.25 0 0 "KDE LDA" 125 600 2.47171717171717
160.38 15.28 0 0 "KDE LDA" 125 600 2.48181818181818
160.38 15.295 0 0 "KDE LDA" 125 600 2.49191919191919
162.915 15.455 0 0 "KDE LDA" 125 600 2.5020202020202
163.755 15.51 0 0 "KDE LDA" 125 600 2.51212121212121
163.805 15.655 0 0 "KDE LDA" 125 600 2.52222222222222
168.065 15.885 0 0 "KDE LDA" 125 600 2.53232323232323
169.27 15.96 0 0 "KDE LDA" 125 600 2.54242424242424
169.27 16.105 0 0 "KDE LDA" 125 600 2.55252525252525
169.475 16.105 0 0 "KDE LDA" 125 600 2.56262626262626
173.755 16.15 0 0 "KDE LDA" 125 600 2.57272727272727
173.765 16.155 0 0 "KDE LDA" 125 600 2.58282828282828
173.765 16.285 0 0 "KDE LDA" 125 600 2.59292929292929
174.645 16.285 0 0 "KDE LDA" 125 600 2.6030303030303
174.655 16.435 0 0 "KDE LDA" 125 600 2.61313131313131
175.095 16.465 0 0 "KDE LDA" 125 600 2.62323232323232
175.535 16.48 0 0 "KDE LDA" 125 600 2.63333333333333
175.59 16.485 0 0 "KDE LDA" 125 600 2.64343434343434
178.795 16.53 0 0 "KDE LDA" 125 600 2.65353535353535
183.675 16.57 0 0 "KDE LDA" 125 600 2.66363636363636
201.765 16.835 0 0 "KDE LDA" 125 600 2.67373737373737
201.79 16.865 0 0 "KDE LDA" 125 600 2.68383838383838
204.26 16.92 0 0 "KDE LDA" 125 600 2.69393939393939
204.745 16.94 0 0 "KDE LDA" 125 600 2.7040404040404
205.165 16.98 0 0 "KDE LDA" 125 600 2.71414141414141
205.65 17.02 0 0 "KDE LDA" 125 600 2.72424242424242
205.65 17.22 0 0 "KDE LDA" 125 600 2.73434343434343
207.42 17.22 0 0 "KDE LDA" 125 600 2.74444444444444
208.05 17.225 0 0 "KDE LDA" 125 600 2.75454545454545
209.015 17.255 0 0 "KDE LDA" 125 600 2.76464646464646
211.165 17.275 0 0 "KDE LDA" 125 600 2.77474747474747
215.58 17.335 0 0 "KDE LDA" 125 600 2.78484848484848
229.195 17.375 0 0 "KDE LDA" 125 600 2.79494949494949
274.795 18.04 0 0 "KDE LDA" 125 600 2.80505050505051
274.815 18.085 0 0 "KDE LDA" 125 600 2.81515151515151
276.14 18.24 0 0 "KDE LDA" 125 600 2.82525252525252
278.19 18.27 0 0 "KDE LDA" 125 600 2.83535353535354
278.33 18.305 0 0 "KDE LDA" 125 600 2.84545454545455
278.335 18.335 0 0 "KDE LDA" 125 600 2.85555555555556
278.38 18.335 0 0 "KDE LDA" 125 600 2.86565656565657
278.395 18.34 0 0 "KDE LDA" 125 600 2.87575757575758
280.56 18.345 0 0 "KDE LDA" 125 600 2.88585858585859
280.56 18.365 0 0 "KDE LDA" 125 600 2.8959595959596
282.015 18.395 0 0 "KDE LDA" 125 600 2.90606060606061
282.13 18.46 0 0 "KDE LDA" 125 600 2.91616161616162
286.92 18.475 0 0 "KDE LDA" 125 600 2.92626262626263
286.935 18.49 0 0 "KDE LDA" 125 600 2.93636363636364
290.595 18.51 0 0 "KDE LDA" 125 600 2.94646464646465
293.355 18.56 0 0 "KDE LDA" 125 600 2.95656565656566
305.78 18.67 0 0 "KDE LDA" 125 600 2.96666666666667
307.425 18.675 0 0 "KDE LDA" 125 600 2.97676767676768
313.46 18.68 0 0 "KDE LDA" 125 600 2.98686868686869
313.55 18.7 0 0 "KDE LDA" 125 600 2.9969696969697
315.02 18.72 0 0 "KDE LDA" 125 600 3.00707070707071
315.06 18.785 0 0 "KDE LDA" 125 600 3.01717171717172
318.37 18.875 0 0 "KDE LDA" 125 600 3.02727272727273
329.33 18.88 0 0 "KDE LDA" 125 600 3.03737373737374
329.33 18.965 0 0 "KDE LDA" 125 600 3.04747474747475
331.37 18.965 0 0 "KDE LDA" 125 600 3.05757575757576
334.48 18.985 0 0 "KDE LDA" 125 600 3.06767676767677
338.345 19.025 0 0 "KDE LDA" 125 600 3.07777777777778
346.43 19.1 0 0 "KDE LDA" 125 600 3.08787878787879
366.995 19.265 0 0 "KDE LDA" 125 600 3.0979797979798
367.02 19.405 0 0 "KDE LDA" 125 600 3.10808080808081
367.03 19.41 0 0 "KDE LDA" 125 600 3.11818181818182
368.83 19.42 0 0 "KDE LDA" 125 600 3.12828282828283
368.86 19.46 0 0 "KDE LDA" 125 600 3.13838383838384
370.08 19.645 0 0 "KDE LDA" 125 600 3.14848484848485
372.69 19.7 0 0 "KDE LDA" 125 600 3.15858585858586
372.705 19.705 0 0 "KDE LDA" 125 600 3.16868686868687
383.085 19.725 0 0 "KDE LDA" 125 600 3.17878787878788
391.445 20.02 0 0 "KDE LDA" 125 600 3.18888888888889
393.95 20.035 0 0 "KDE LDA" 125 600 3.1989898989899
400.3 20.055 0 0 "KDE LDA" 125 600 3.20909090909091
409.765 20.095 0 0 "KDE LDA" 125 600 3.21919191919192
444.76 20.235 0 0 "KDE LDA" 125 600 3.22929292929293
447.77 20.47 0 0 "KDE LDA" 125 600 3.23939393939394
453.09 20.49 0 0 "KDE LDA" 125 600 3.24949494949495
457.555 20.505 0 0 "KDE LDA" 125 600 3.25959595959596
458.82 20.515 0 0 "KDE LDA" 125 600 3.26969696969697
458.835 20.605 0 0 "KDE LDA" 125 600 3.27979797979798
458.835 20.62 0 0 "KDE LDA" 125 600 3.28989898989899
459.08 20.625 0 0 "KDE LDA" 125 600 3.3
685.449494949495 26.07 2 0 "KDE QDA" 125 600 4.5
695.984848484848 26.44 2 0 "KDE QDA" 125 600 4.51010101010101
699.267676767677 26.485 2 0 "KDE QDA" 125 600 4.52020202020202
703.280612244898 26.49 4 0 "KDE QDA" 125 600 4.53030303030303
703.285714285714 26.745 4 0 "KDE QDA" 125 600 4.54040404040404
703.301020408163 26.755 4 0 "KDE QDA" 125 600 4.55050505050505
718.169230769231 26.795 5 0 "KDE QDA" 125 600 4.56060606060606
718.169230769231 26.795 5 0 "KDE QDA" 125 600 4.57070707070707
722.846153846154 26.825 5 0 "KDE QDA" 125 600 4.58080808080808
722.846153846154 26.855 5 0 "KDE QDA" 125 600 4.59090909090909
722.851282051282 26.87 5 0 "KDE QDA" 125 600 4.6010101010101
741.594871794872 26.95 5 0 "KDE QDA" 125 600 4.61111111111111
743.666666666667 26.955 5 0 "KDE QDA" 125 600 4.62121212121212
738.435233160622 26.975 7 0 "KDE QDA" 125 600 4.63131313131313
748.166666666667 27.085 8 0 "KDE QDA" 125 600 4.64141414141414
752.270833333333 27.095 8 0 "KDE QDA" 125 600 4.65151515151515
769.385416666667 27.43 8 0 "KDE QDA" 125 600 4.66161616161616
769.447916666667 27.455 8 0 "KDE QDA" 125 600 4.67171717171717
769.510416666667 27.47 8 0 "KDE QDA" 125 600 4.68181818181818
773.25 27.655 8 0 "KDE QDA" 125 600 4.69191919191919
774.807291666667 27.66 8 0 "KDE QDA" 125 600 4.7020202020202
774.833333333333 27.695 8 0 "KDE QDA" 125 600 4.71212121212121
774.875 27.7 8 0 "KDE QDA" 125 600 4.72222222222222
787.796875 27.71 8 0 "KDE QDA" 125 600 4.73232323232323
796.026041666667 27.715 8 0 "KDE QDA" 125 600 4.74242424242424
796.161458333333 27.72 8 0 "KDE QDA" 125 600 4.75252525252525
798.484375 27.73 8 0 "KDE QDA" 125 600 4.76262626262626
843.005208333333 28.09 8 0 "KDE QDA" 125 600 4.77272727272727
843.026041666667 28.26 8 0 "KDE QDA" 125 600 4.78282828282828
859.34375 28.29 8 0 "KDE QDA" 125 600 4.79292929292929
886.390625 28.375 8 0 "KDE QDA" 125 600 4.8030303030303
886.411458333333 28.425 8 0 "KDE QDA" 125 600 4.81313131313131
893.854166666667 28.505 8 0 "KDE QDA" 125 600 4.82323232323232
895.65625 28.64 8 0 "KDE QDA" 125 600 4.83333333333333
898.890625 28.65 8 0 "KDE QDA" 125 600 4.84343434343434
905.963541666667 29.03 8 0 "KDE QDA" 125 600 4.85353535353535
909.171875 29.035 8 0 "KDE QDA" 125 600 4.86363636363636
913.182291666667 29.06 8 0 "KDE QDA" 125 600 4.87373737373737
917.953125 29.11 8 0 "KDE QDA" 125 600 4.88383838383838
917.96875 29.13 8 0 "KDE QDA" 125 600 4.89393939393939
958.515625 29.245 8 0 "KDE QDA" 125 600 4.9040404040404
974.114583333333 29.255 8 0 "KDE QDA" 125 600 4.91414141414141
986.135416666667 29.325 8 0 "KDE QDA" 125 600 4.92424242424242
1010.52083333333 29.47 8 0 "KDE QDA" 125 600 4.93434343434343
1010.53125 29.495 8 0 "KDE QDA" 125 600 4.94444444444444
1010.59375 29.51 8 0 "KDE QDA" 125 600 4.95454545454546
1010.60416666667 29.515 8 0 "KDE QDA" 125 600 4.96464646464646
1010.92708333333 29.52 8 0 "KDE QDA" 125 600 4.97474747474747
1010.93229166667 29.54 8 0 "KDE QDA" 125 600 4.98484848484848
1010.9375 29.545 8 0 "KDE QDA" 125 600 4.99494949494949
1016.609375 29.62 8 0 "KDE QDA" 125 600 5.00505050505051
1020.16666666667 29.69 8 0 "KDE QDA" 125 600 5.01515151515152
1020.16666666667 29.735 8 0 "KDE QDA" 125 600 5.02525252525253
1040.48958333333 29.76 8 0 "KDE QDA" 125 600 5.03535353535354
1024.14361702128 29.975 12 0 "KDE QDA" 125 600 5.04545454545455
1024.16489361702 29.975 12 0 "KDE QDA" 125 600 5.05555555555556
1075.12765957447 30.16 12 0 "KDE QDA" 125 600 5.06565656565657
1091.03723404255 30.275 12 0 "KDE QDA" 125 600 5.07575757575758
1091.06914893617 30.28 12 0 "KDE QDA" 125 600 5.08585858585859
1108.48128342246 30.35 13 0 "KDE QDA" 125 600 5.0959595959596
1099.96756756757 30.375 15 0 "KDE QDA" 125 600 5.10606060606061
1099.98378378378 30.38 15 0 "KDE QDA" 125 600 5.11616161616162
1099.98918918919 30.39 15 0 "KDE QDA" 125 600 5.12626262626263
1103.40540540541 30.42 15 0 "KDE QDA" 125 600 5.13636363636364
1103.41081081081 30.435 15 0 "KDE QDA" 125 600 5.14646464646465
1103.41621621622 30.44 15 0 "KDE QDA" 125 600 5.15656565656566
1113.08152173913 30.47 16 0 "KDE QDA" 125 600 5.16666666666667
1116.96195652174 30.515 16 0 "KDE QDA" 125 600 5.17676767676768
1116.97826086957 30.555 16 0 "KDE QDA" 125 600 5.18686868686869
1142.91256830601 30.715 17 0 "KDE QDA" 125 600 5.1969696969697
1155.81420765027 30.755 17 0 "KDE QDA" 125 600 5.20707070707071
1168 30.76 17 0 "KDE QDA" 125 600 5.21717171717172
1206.39010989011 30.8 18 0 "KDE QDA" 125 600 5.22727272727273
1206.39010989011 30.825 18 0 "KDE QDA" 125 600 5.23737373737374
1206.40659340659 30.94 18 0 "KDE QDA" 125 600 5.24747474747475
1206.41758241758 30.975 18 0 "KDE QDA" 125 600 5.25757575757576
1212.48351648352 30.985 18 0 "KDE QDA" 125 600 5.26767676767677
1219.36263736264 31.01 18 0 "KDE QDA" 125 600 5.27777777777778
1219.48901098901 31.01 18 0 "KDE QDA" 125 600 5.28787878787879
1219.48901098901 31.035 18 0 "KDE QDA" 125 600 5.2979797979798
1233.07692307692 31.21 18 0 "KDE QDA" 125 600 5.30808080808081
1239.0989010989 31.225 18 0 "KDE QDA" 125 600 5.31818181818182
1249.36666666667 31.255 20 0 "KDE QDA" 125 600 5.32828282828283
1299.68156424581 31.6 21 0 "KDE QDA" 125 600 5.33838383838384
1298.47727272727 31.605 24 0 "KDE QDA" 125 600 5.34848484848485
1311.84571428571 31.815 25 0 "KDE QDA" 125 600 5.35858585858586
1326.40571428571 31.95 25 0 "KDE QDA" 125 600 5.36868686868687
1325.15517241379 31.96 26 0 "KDE QDA" 125 600 5.37878787878788
1337.56647398844 31.97 27 0 "KDE QDA" 125 600 5.38888888888889
1344.58720930233 32 28 0 "KDE QDA" 125 600 5.3989898989899
1344.58720930233 32 28 0 "KDE QDA" 125 600 5.40909090909091
1344.59302325581 32.04 28 0 "KDE QDA" 125 600 5.41919191919192
1362.79651162791 32.07 28 0 "KDE QDA" 125 600 5.42929292929293
1349.15789473684 32.145 29 0 "KDE QDA" 125 600 5.43939393939394
1352.87058823529 32.23 30 0 "KDE QDA" 125 600 5.44949494949495
1356.34939759036 32.245 34 0 "KDE QDA" 125 600 5.45959595959596
1392.58641975309 32.56 38 0 "KDE QDA" 125 600 5.46969696969697
1403.38888888889 32.56 38 0 "KDE QDA" 125 600 5.47979797979798
1426.625 32.79 40 0 "KDE QDA" 125 600 5.48989898989899
1431.01875 32.8 40 0 "KDE QDA" 125 600 5.5
