123.085 14.405 0 0 "KDE LDA" 145 3000 2.5
124.13 14.475 0 0 "KDE LDA" 145 3000 2.51010101010101
124.86 14.505 0 0 "KDE LDA" 145 3000 2.52020202020202
132.855 14.725 0 0 "KDE LDA" 145 3000 2.53030303030303
138.065 14.75 0 0 "KDE LDA" 145 3000 2.54040404040404
138.495 14.76 0 0 "KDE LDA" 145 3000 2.55050505050505
140.545 14.765 0 0 "KDE LDA" 145 3000 2.56060606060606
143.77 14.785 0 0 "KDE LDA" 145 3000 2.57070707070707
146.195 14.81 0 0 "KDE LDA" 145 3000 2.58080808080808
147.91 14.845 0 0 "KDE LDA" 145 3000 2.59090909090909
149.345 14.885 0 0 "KDE LDA" 145 3000 2.6010101010101
149.485 14.905 0 0 "KDE LDA" 145 3000 2.61111111111111
150.66 14.985 0 0 "KDE LDA" 145 3000 2.62121212121212
151.335 15.02 0 0 "KDE LDA" 145 3000 2.63131313131313
154.48 15.03 0 0 "KDE LDA" 145 3000 2.64141414141414
163.755 15.06 0 0 "KDE LDA" 145 3000 2.65151515151515
170.14 15.165 0 0 "KDE LDA" 145 3000 2.66161616161616
171.735 15.51 0 0 "KDE LDA" 145 3000 2.67171717171717
171.74 15.545 0 0 "KDE LDA" 145 3000 2.68181818181818
173.585 15.65 0 0 "KDE LDA" 145 3000 2.69191919191919
174.935 15.705 0 0 "KDE LDA" 145 3000 2.7020202020202
175.68 15.85 0 0 "KDE LDA" 145 3000 2.71212121212121
175.7 15.875 0 0 "KDE LDA" 145 3000 2.72222222222222
179.395 15.92 0 0 "KDE LDA" 145 3000 2.73232323232323
179.41 16.07 0 0 "KDE LDA" 145 3000 2.74242424242424
181.2 16.1 0 0 "KDE LDA" 145 3000 2.75252525252525
183.805 16.16 0 0 "KDE LDA" 145 3000 2.76262626262626
188.365 16.205 0 0 "KDE LDA" 145 3000 2.77272727272727
190.135 16.31 0 0 "KDE LDA" 145 3000 2.78282828282828
198.16 16.435 0 0 "KDE LDA" 145 3000 2.79292929292929
228 16.885 0 0 "KDE LDA" 145 3000 2.8030303030303
229.845 16.93 0 0 "KDE LDA" 145 3000 2.81313131313131
229.9 16.975 0 0 "KDE LDA" 145 3000 2.82323232323232
229.97 16.985 0 0 "KDE LDA" 145 3000 2.83333333333333
231.425 17 0 0 "KDE LDA" 145 3000 2.84343434343434
232.045 17.04 0 0 "KDE LDA" 145 3000 2.85353535353535
232.215 17.05 0 0 "KDE LDA" 145 3000 2.86363636363636
236.465 17.055 0 0 "KDE LDA" 145 3000 2.87373737373737
236.475 17.1 0 0 "KDE LDA" 145 3000 2.88383838383838
236.485 17.12 0 0 "KDE LDA" 145 3000 2.89393939393939
238.81 17.145 0 0 "KDE LDA" 145 3000 2.9040404040404
240.685 17.18 0 0 "KDE LDA" 145 3000 2.91414141414141
241.9 17.425 0 0 "KDE LDA" 145 3000 2.92424242424242
242.27 17.455 0 0 "KDE LDA" 145 3000 2.93434343434343
247.27 17.465 0 0 "KDE LDA" 145 3000 2.94444444444444
247.975 17.52 0 0 "KDE LDA" 145 3000 2.95454545454545
255.485 17.53 0 0 "KDE LDA" 145 3000 2.96464646464646
259.95 17.585 0 0 "KDE LDA" 145 3000 2.97474747474747
259.955 17.605 0 0 "KDE LDA" 145 3000 2.98484848484848
265.125 17.635 0 0 "KDE LDA" 145 3000 2.99494949494949
265.32 17.65 0 0 "KDE LDA" 145 3000 3.00505050505051
267.315 17.89 0 0 "KDE LDA" 145 3000 3.01515151515152
268.66 17.9 0 0 "KDE LDA" 145 3000 3.02525252525253
268.66 17.995 0 0 "KDE LDA" 145 3000 3.03535353535354
269.955 18.07 0 0 "KDE LDA" 145 3000 3.04545454545455
272.13 18.11 0 0 "KDE LDA" 145 3000 3.05555555555556
275.355 18.16 0 0 "KDE LDA" 145 3000 3.06565656565657
277.795 18.18 0 0 "KDE LDA" 145 3000 3.07575757575758
284.35 18.44 0 0 "KDE LDA" 145 3000 3.08585858585859
290.86 18.6 0 0 "KDE LDA" 145 3000 3.0959595959596
290.995 18.605 0 0 "KDE LDA" 145 3000 3.10606060606061
290.995 18.675 0 0 "KDE LDA" 145 3000 3.11616161616162
291.285 18.695 0 0 "KDE LDA" 145 3000 3.12626262626263
291.375 18.715 0 0 "KDE LDA" 145 3000 3.13636363636364
293.97 18.715 0 0 "KDE LDA" 145 3000 3.14646464646465
293.985 18.76 0 0 "KDE LDA" 145 3000 3.15656565656566
299.895 18.8 0 0 "KDE LDA" 145 3000 3.16666666666667
300.11 18.825 0 0 "KDE LDA" 145 3000 3.17676767676768
312.475 18.835 0 0 "KDE LDA" 145 3000 3.18686868686869
312.515 18.84 0 0 "KDE LDA" 145 3000 3.1969696969697
323.82 18.88 0 0 "KDE LDA" 145 3000 3.20707070707071
327.155 18.985 0 0 "KDE LDA" 145 3000 3.21717171717172
343.585 19.16 0 0 "KDE LDA" 145 3000 3.22727272727273
354.475 19.2 0 0 "KDE LDA" 145 3000 3.23737373737374
358.265 19.215 0 0 "KDE LDA" 145 3000 3.24747474747475
365.34 19.22 0 0 "KDE LDA" 145 3000 3.25757575757576
366.625 19.24 0 0 "KDE LDA" 145 3000 3.26767676767677
367.83 19.41 0 0 "KDE LDA" 145 3000 3.27777777777778
368.46 19.445 0 0 "KDE LDA" 145 3000 3.28787878787879
370.99 19.52 0 0 "KDE LDA" 145 3000 3.2979797979798
384.23 19.565 0 0 "KDE LDA" 145 3000 3.30808080808081
390.06 19.7 0 0 "KDE LDA" 145 3000 3.31818181818182
395.845 19.94 0 0 "KDE LDA" 145 3000 3.32828282828283
405.24 20.035 0 0 "KDE LDA" 145 3000 3.33838383838384
424.105 20.185 0 0 "KDE LDA" 145 3000 3.34848484848485
483.765 20.655 0 0 "KDE LDA" 145 3000 3.35858585858586
489.975 20.715 0 0 "KDE LDA" 145 3000 3.36868686868687
495.81 20.935 0 0 "KDE LDA" 145 3000 3.37878787878788
498.995 21.075 0 0 "KDE LDA" 145 3000 3.38888888888889
501.74 21.115 0 0 "KDE LDA" 145 3000 3.3989898989899
501.755 21.135 0 0 "KDE LDA" 145 3000 3.40909090909091
504.95 21.14 0 0 "KDE LDA" 145 3000 3.41919191919192
512.69 21.2 0 0 "KDE LDA" 145 3000 3.42929292929293
529.035 21.2 0 0 "KDE LDA" 145 3000 3.43939393939394
537.155 21.21 0 0 "KDE LDA" 145 3000 3.44949494949495
539.1 21.25 0 0 "KDE LDA" 145 3000 3.45959595959596
540.775 21.265 0 0 "KDE LDA" 145 3000 3.46969696969697
546.335 21.275 0 0 "KDE LDA" 145 3000 3.47979797979798
546.335 21.31 0 0 "KDE LDA" 145 3000 3.48989898989899
547.035 21.345 0 0 "KDE LDA" 145 3000 3.5
116.215 11.935 0 0 "KDE QDA" 145 3000 2.7
116.215 11.935 0 0 "KDE QDA" 145 3000 2.71010101010101
117.235 11.94 0 0 "KDE QDA" 145 3000 2.72020202020202
117.235 11.955 0 0 "KDE QDA" 145 3000 2.73030303030303
117.235 11.955 0 0 "KDE QDA" 145 3000 2.74040404040404
118.46 11.96 0 0 "KDE QDA" 145 3000 2.75050505050505
118.47 11.96 0 0 "KDE QDA" 145 3000 2.76060606060606
118.485 11.96 0 0 "KDE QDA" 145 3000 2.77070707070707
118.485 11.985 0 0 "KDE QDA" 145 3000 2.78080808080808
118.485 11.985 0 0 "KDE QDA" 145 3000 2.79090909090909
151.395 12.865 0 0 "KDE QDA" 145 3000 2.8010101010101
151.4 12.865 0 0 "KDE QDA" 145 3000 2.81111111111111
151.5 12.865 0 0 "KDE QDA" 145 3000 2.82121212121212
155.77 13.14 0 0 "KDE QDA" 145 3000 2.83131313131313
156.85 13.14 0 0 "KDE QDA" 145 3000 2.84141414141414
156.855 13.145 0 0 "KDE QDA" 145 3000 2.85151515151515
156.97 13.145 0 0 "KDE QDA" 145 3000 2.86161616161616
157.235 13.15 0 0 "KDE QDA" 145 3000 2.87171717171717
157.235 13.175 0 0 "KDE QDA" 145 3000 2.88181818181818
159.605 13.175 0 0 "KDE QDA" 145 3000 2.89191919191919
159.605 13.175 0 0 "KDE QDA" 145 3000 2.9020202020202
159.605 13.19 0 0 "KDE QDA" 145 3000 2.91212121212121
159.61 13.19 0 0 "KDE QDA" 145 3000 2.92222222222222
159.615 13.335 0 0 "KDE QDA" 145 3000 2.93232323232323
159.63 13.335 0 0 "KDE QDA" 145 3000 2.94242424242424
160.39 13.34 0 0 "KDE QDA" 145 3000 2.95252525252525
168.07 13.65 0 0 "KDE QDA" 145 3000 2.96262626262626
169.24 13.78 0 0 "KDE QDA" 145 3000 2.97272727272727
170.15 13.81 0 0 "KDE QDA" 145 3000 2.98282828282828
171.08 13.815 0 0 "KDE QDA" 145 3000 2.99292929292929
171.095 13.815 0 0 "KDE QDA" 145 3000 3.0030303030303
174 13.815 0 0 "KDE QDA" 145 3000 3.01313131313131
174 13.815 0 0 "KDE QDA" 145 3000 3.02323232323232
174 13.835 0 0 "KDE QDA" 145 3000 3.03333333333333
174.015 13.835 0 0 "KDE QDA" 145 3000 3.04343434343434
174.015 13.835 0 0 "KDE QDA" 145 3000 3.05353535353535
175.86 13.84 0 0 "KDE QDA" 145 3000 3.06363636363636
175.865 13.845 0 0 "KDE QDA" 145 3000 3.07373737373737
175.865 13.845 0 0 "KDE QDA" 145 3000 3.08383838383838
185.755 14.105 0 0 "KDE QDA" 145 3000 3.09393939393939
185.77 14.13 0 0 "KDE QDA" 145 3000 3.1040404040404
185.775 14.13 0 0 "KDE QDA" 145 3000 3.11414141414141
186.265 14.245 0 0 "KDE QDA" 145 3000 3.12424242424242
186.265 14.26 0 0 "KDE QDA" 145 3000 3.13434343434343
188.755 14.265 0 0 "KDE QDA" 145 3000 3.14444444444444
188.755 14.28 0 0 "KDE QDA" 145 3000 3.15454545454545
188.755 14.28 0 0 "KDE QDA" 145 3000 3.16464646464646
188.755 14.28 0 0 "KDE QDA" 145 3000 3.17474747474748
188.79 14.285 0 0 "KDE QDA" 145 3000 3.18484848484849
188.885 14.285 0 0 "KDE QDA" 145 3000 3.19494949494949
188.885 14.285 0 0 "KDE QDA" 145 3000 3.20505050505051
188.885 14.33 0 0 "KDE QDA" 145 3000 3.21515151515152
218.69 14.815 0 0 "KDE QDA" 145 3000 3.22525252525253
219.02 14.84 0 0 "KDE QDA" 145 3000 3.23535353535354
219.025 14.875 0 0 "KDE QDA" 145 3000 3.24545454545455
234.775 15.04 0 0 "KDE QDA" 145 3000 3.25555555555556
234.78 15.04 0 0 "KDE QDA" 145 3000 3.26565656565657
234.78 15.055 0 0 "KDE QDA" 145 3000 3.27575757575758
234.785 15.055 0 0 "KDE QDA" 145 3000 3.28585858585859
234.785 15.055 0 0 "KDE QDA" 145 3000 3.2959595959596
234.79 15.055 0 0 "KDE QDA" 145 3000 3.30606060606061
234.795 15.065 0 0 "KDE QDA" 145 3000 3.31616161616162
235.79 15.065 0 0 "KDE QDA" 145 3000 3.32626262626263
235.79 15.065 0 0 "KDE QDA" 145 3000 3.33636363636364
236.645 15.065 0 0 "KDE QDA" 145 3000 3.34646464646465
237.405 15.065 0 0 "KDE QDA" 145 3000 3.35656565656566
263.385 15.835 0 0 "KDE QDA" 145 3000 3.36666666666667
265.6 15.835 0 0 "KDE QDA" 145 3000 3.37676767676768
278.67 15.985 0 0 "KDE QDA" 145 3000 3.38686868686869
278.755 15.985 0 0 "KDE QDA" 145 3000 3.3969696969697
278.76 15.99 0 0 "KDE QDA" 145 3000 3.40707070707071
281.015 16.05 0 0 "KDE QDA" 145 3000 3.41717171717172
281.055 16.05 0 0 "KDE QDA" 145 3000 3.42727272727273
281.06 16.135 0 0 "KDE QDA" 145 3000 3.43737373737374
285.465 16.135 0 0 "KDE QDA" 145 3000 3.44747474747475
285.465 16.15 0 0 "KDE QDA" 145 3000 3.45757575757576
289.895 16.15 0 0 "KDE QDA" 145 3000 3.46767676767677
289.91 16.15 0 0 "KDE QDA" 145 3000 3.47777777777778
290.615 16.15 0 0 "KDE QDA" 145 3000 3.48787878787879
290.615 16.15 0 0 "KDE QDA" 145 3000 3.4979797979798
296.23 16.155 0 0 "KDE QDA" 145 3000 3.50808080808081
315.01 16.34 0 0 "KDE QDA" 145 3000 3.51818181818182
315.025 16.395 0 0 "KDE QDA" 145 3000 3.52828282828283
315.03 16.44 0 0 "KDE QDA" 145 3000 3.53838383838384
326.985 16.45 0 0 "KDE QDA" 145 3000 3.54848484848485
327.905 16.465 0 0 "KDE QDA" 145 3000 3.55858585858586
328.675 16.47 0 0 "KDE QDA" 145 3000 3.56868686868687
329.055 16.47 0 0 "KDE QDA" 145 3000 3.57878787878788
329.31 16.47 0 0 "KDE QDA" 145 3000 3.58888888888889
329.31 16.475 0 0 "KDE QDA" 145 3000 3.5989898989899
329.31 16.475 0 0 "KDE QDA" 145 3000 3.60909090909091
329.31 16.475 0 0 "KDE QDA" 145 3000 3.61919191919192
329.315 16.505 0 0 "KDE QDA" 145 3000 3.62929292929293
332.215 16.505 0 0 "KDE QDA" 145 3000 3.63939393939394
332.215 16.505 0 0 "KDE QDA" 145 3000 3.64949494949495
357.87 17.105 0 0 "KDE QDA" 145 3000 3.65959595959596
357.895 17.11 0 0 "KDE QDA" 145 3000 3.66969696969697
361.675 17.2 0 0 "KDE QDA" 145 3000 3.67979797979798
361.7 17.245 0 0 "KDE QDA" 145 3000 3.68989898989899
363.695 17.245 0 0 "KDE QDA" 145 3000 3.7
