132.465 14.62 0 0 "KDE LDA" 8 800 2.4
132.615 14.625 0 0 "KDE LDA" 8 800 2.41010101010101
134.015 14.64 0 0 "KDE LDA" 8 800 2.42020202020202
135.025 14.645 0 0 "KDE LDA" 8 800 2.43030303030303
135.025 14.745 0 0 "KDE LDA" 8 800 2.44040404040404
135.295 14.75 0 0 "KDE LDA" 8 800 2.45050505050505
135.3 14.77 0 0 "KDE LDA" 8 800 2.46060606060606
135.35 14.85 0 0 "KDE LDA" 8 800 2.47070707070707
138.08 14.865 0 0 "KDE LDA" 8 800 2.48080808080808
138.09 14.875 0 0 "KDE LDA" 8 800 2.49090909090909
138.11 14.9 0 0 "KDE LDA" 8 800 2.5010101010101
139.11 14.925 0 0 "KDE LDA" 8 800 2.51111111111111
142.33 15.035 0 0 "KDE LDA" 8 800 2.52121212121212
145.045 15.255 0 0 "KDE LDA" 8 800 2.53131313131313
146.82 15.285 0 0 "KDE LDA" 8 800 2.54141414141414
146.82 15.49 0 0 "KDE LDA" 8 800 2.55151515151515
146.855 15.56 0 0 "KDE LDA" 8 800 2.56161616161616
147.915 15.575 0 0 "KDE LDA" 8 800 2.57171717171717
149.56 15.585 0 0 "KDE LDA" 8 800 2.58181818181818
149.965 15.645 0 0 "KDE LDA" 8 800 2.59191919191919
150.3 15.8 0 0 "KDE LDA" 8 800 2.6020202020202
150.3 15.815 0 0 "KDE LDA" 8 800 2.61212121212121
150.515 15.83 0 0 "KDE LDA" 8 800 2.62222222222222
154.185 16.01 0 0 "KDE LDA" 8 800 2.63232323232323
155.405 16.295 0 0 "KDE LDA" 8 800 2.64242424242424
161.495 16.46 0 0 "KDE LDA" 8 800 2.65252525252525
171.035 16.575 0 0 "KDE LDA" 8 800 2.66262626262626
176.87 16.76 0 0 "KDE LDA" 8 800 2.67272727272727
176.875 16.805 0 0 "KDE LDA" 8 800 2.68282828282828
176.885 16.805 0 0 "KDE LDA" 8 800 2.69292929292929
177.48 16.81 0 0 "KDE LDA" 8 800 2.7030303030303
178.1 16.84 0 0 "KDE LDA" 8 800 2.71313131313131
179.005 16.855 0 0 "KDE LDA" 8 800 2.72323232323232
180.22 16.86 0 0 "KDE LDA" 8 800 2.73333333333333
189.49 16.88 0 0 "KDE LDA" 8 800 2.74343434343434
189.565 16.925 0 0 "KDE LDA" 8 800 2.75353535353535
190.83 16.94 0 0 "KDE LDA" 8 800 2.76363636363636
191.54 17.005 0 0 "KDE LDA" 8 800 2.77373737373737
193.89 17.155 0 0 "KDE LDA" 8 800 2.78383838383838
205.835 17.585 0 0 "KDE LDA" 8 800 2.79393939393939
227.685 18.095 0 0 "KDE LDA" 8 800 2.8040404040404
227.685 18.115 0 0 "KDE LDA" 8 800 2.81414141414141
234.095 18.205 0 0 "KDE LDA" 8 800 2.82424242424242
234.94 18.225 0 0 "KDE LDA" 8 800 2.83434343434343
236.125 18.225 0 0 "KDE LDA" 8 800 2.84444444444444
236.125 18.245 0 0 "KDE LDA" 8 800 2.85454545454545
236.565 18.325 0 0 "KDE LDA" 8 800 2.86464646464646
236.585 18.325 0 0 "KDE LDA" 8 800 2.87474747474747
236.585 18.33 0 0 "KDE LDA" 8 800 2.88484848484848
236.585 18.34 0 0 "KDE LDA" 8 800 2.89494949494949
237.375 18.61 0 0 "KDE LDA" 8 800 2.90505050505051
237.395 18.62 0 0 "KDE LDA" 8 800 2.91515151515152
238.08 18.645 0 0 "KDE LDA" 8 800 2.92525252525253
238.19 18.76 0 0 "KDE LDA" 8 800 2.93535353535354
242.645 18.855 0 0 "KDE LDA" 8 800 2.94545454545455
255.855 18.935 0 0 "KDE LDA" 8 800 2.95555555555556
256.845 18.95 0 0 "KDE LDA" 8 800 2.96565656565657
257.79 19.02 0 0 "KDE LDA" 8 800 2.97575757575758
257.82 19.08 0 0 "KDE LDA" 8 800 2.98585858585859
257.835 19.135 0 0 "KDE LDA" 8 800 2.9959595959596
259.435 19.34 0 0 "KDE LDA" 8 800 3.00606060606061
259.53 19.365 0 0 "KDE LDA" 8 800 3.01616161616162
261.83 19.45 0 0 "KDE LDA" 8 800 3.02626262626263
267.11 19.515 0 0 "KDE LDA" 8 800 3.03636363636364
269.395 19.73 0 0 "KDE LDA" 8 800 3.04646464646465
271.225 19.755 0 0 "KDE LDA" 8 800 3.05656565656566
271.225 19.755 0 0 "KDE LDA" 8 800 3.06666666666667
278.455 19.77 0 0 "KDE LDA" 8 800 3.07676767676768
285.75 19.855 0 0 "KDE LDA" 8 800 3.08686868686869
300.15 20.26 0 0 "KDE LDA" 8 800 3.0969696969697
305.855 20.295 0 0 "KDE LDA" 8 800 3.10707070707071
314.18 20.39 0 0 "KDE LDA" 8 800 3.11717171717172
314.185 20.44 0 0 "KDE LDA" 8 800 3.12727272727273
314.94 20.455 0 0 "KDE LDA" 8 800 3.13737373737374
321.685 20.525 0 0 "KDE LDA" 8 800 3.14747474747475
322.685 20.555 0 0 "KDE LDA" 8 800 3.15757575757576
324.725 20.58 0 0 "KDE LDA" 8 800 3.16767676767677
325.09 20.775 0 0 "KDE LDA" 8 800 3.17777777777778
335.025 20.81 0 0 "KDE LDA" 8 800 3.18787878787879
335.035 20.89 0 0 "KDE LDA" 8 800 3.1979797979798
336.63 21.19 0 0 "KDE LDA" 8 800 3.20808080808081
344.595 21.24 0 0 "KDE LDA" 8 800 3.21818181818182
364.175 21.69 0 0 "KDE LDA" 8 800 3.22828282828283
369.2 21.71 0 0 "KDE LDA" 8 800 3.23838383838384
372.9 21.72 0 0 "KDE LDA" 8 800 3.24848484848485
374.305 21.735 0 0 "KDE LDA" 8 800 3.25858585858586
374.35 21.795 0 0 "KDE LDA" 8 800 3.26868686868687
379.875 21.85 0 0 "KDE LDA" 8 800 3.27878787878788
379.99 21.88 0 0 "KDE LDA" 8 800 3.28888888888889
383.3 21.965 0 0 "KDE LDA" 8 800 3.2989898989899
389.05 21.995 0 0 "KDE LDA" 8 800 3.30909090909091
402.765 22.01 0 0 "KDE LDA" 8 800 3.31919191919192
422.205 22.175 0 0 "KDE LDA" 8 800 3.32929292929293
427.2 22.2 0 0 "KDE LDA" 8 800 3.33939393939394
435.815 22.235 0 0 "KDE LDA" 8 800 3.34949494949495
505.095 22.82 0 0 "KDE LDA" 8 800 3.35959595959596
505.105 22.82 0 0 "KDE LDA" 8 800 3.36969696969697
505.12 22.855 0 0 "KDE LDA" 8 800 3.37979797979798
511.63 22.87 0 0 "KDE LDA" 8 800 3.38989898989899
512.21 22.87 0 0 "KDE LDA" 8 800 3.4
162.69 16.865 0 0 "KDE QDA" 8 800 4.3
162.72 16.88 0 0 "KDE QDA" 8 800 4.31010101010101
162.745 16.885 0 0 "KDE QDA" 8 800 4.32020202020202
165.205 16.905 0 0 "KDE QDA" 8 800 4.33030303030303
166.625 16.935 0 0 "KDE QDA" 8 800 4.34040404040404
167.43 17.205 0 0 "KDE QDA" 8 800 4.35050505050505
167.595 17.215 0 0 "KDE QDA" 8 800 4.36060606060606
167.81 17.255 0 0 "KDE QDA" 8 800 4.37070707070707
168.17 17.265 0 0 "KDE QDA" 8 800 4.38080808080808
169.32 17.285 0 0 "KDE QDA" 8 800 4.39090909090909
169.395 17.285 0 0 "KDE QDA" 8 800 4.4010101010101
169.42 17.3 0 0 "KDE QDA" 8 800 4.41111111111111
172.06 17.31 0 0 "KDE QDA" 8 800 4.42121212121212
172.165 17.335 0 0 "KDE QDA" 8 800 4.43131313131313
173.245 17.35 0 0 "KDE QDA" 8 800 4.44141414141414
173.265 17.42 0 0 "KDE QDA" 8 800 4.45151515151515
173.305 17.43 0 0 "KDE QDA" 8 800 4.46161616161616
173.545 17.455 0 0 "KDE QDA" 8 800 4.47171717171717
175.82 17.805 0 0 "KDE QDA" 8 800 4.48181818181818
175.85 17.805 0 0 "KDE QDA" 8 800 4.49191919191919
176.055 17.86 0 0 "KDE QDA" 8 800 4.5020202020202
178.83 17.925 0 0 "KDE QDA" 8 800 4.51212121212121
178.97 18.05 0 0 "KDE QDA" 8 800 4.52222222222222
179.35 18.075 0 0 "KDE QDA" 8 800 4.53232323232323
184.18 18.08 0 0 "KDE QDA" 8 800 4.54242424242424
184.605 18.09 0 0 "KDE QDA" 8 800 4.55252525252525
185.305 18.1 0 0 "KDE QDA" 8 800 4.56262626262626
185.32 18.105 0 0 "KDE QDA" 8 800 4.57272727272727
185.325 18.105 0 0 "KDE QDA" 8 800 4.58282828282828
185.66 18.12 0 0 "KDE QDA" 8 800 4.59292929292929
187.345 18.125 0 0 "KDE QDA" 8 800 4.6030303030303
187.615 18.15 0 0 "KDE QDA" 8 800 4.61313131313131
187.72 18.16 0 0 "KDE QDA" 8 800 4.62323232323232
193.505 18.225 0 0 "KDE QDA" 8 800 4.63333333333333
195.64 18.365 0 0 "KDE QDA" 8 800 4.64343434343434
195.68 18.365 0 0 "KDE QDA" 8 800 4.65353535353535
195.7 18.365 0 0 "KDE QDA" 8 800 4.66363636363636
195.85 18.38 0 0 "KDE QDA" 8 800 4.67373737373737
195.885 18.395 0 0 "KDE QDA" 8 800 4.68383838383838
195.955 18.405 0 0 "KDE QDA" 8 800 4.69393939393939
197.69 18.42 0 0 "KDE QDA" 8 800 4.7040404040404
197.74 18.425 0 0 "KDE QDA" 8 800 4.71414141414141
198.45 18.47 0 0 "KDE QDA" 8 800 4.72424242424242
198.555 18.47 0 0 "KDE QDA" 8 800 4.73434343434343
198.555 18.48 0 0 "KDE QDA" 8 800 4.74444444444444
199.79 18.5 0 0 "KDE QDA" 8 800 4.75454545454545
201.155 18.51 0 0 "KDE QDA" 8 800 4.76464646464646
202.12 18.675 0 0 "KDE QDA" 8 800 4.77474747474747
202.215 18.72 0 0 "KDE QDA" 8 800 4.78484848484849
202.855 18.74 0 0 "KDE QDA" 8 800 4.79494949494949
204.885 18.79 0 0 "KDE QDA" 8 800 4.80505050505051
204.94 18.82 0 0 "KDE QDA" 8 800 4.81515151515152
205 18.835 0 0 "KDE QDA" 8 800 4.82525252525252
206.385 18.85 0 0 "KDE QDA" 8 800 4.83535353535354
206.705 18.855 0 0 "KDE QDA" 8 800 4.84545454545455
207.04 18.875 0 0 "KDE QDA" 8 800 4.85555555555556
207.945 18.9 0 0 "KDE QDA" 8 800 4.86565656565657
210.275 18.95 0 0 "KDE QDA" 8 800 4.87575757575758
210.84 18.96 0 0 "KDE QDA" 8 800 4.88585858585859
210.86 19.005 0 0 "KDE QDA" 8 800 4.8959595959596
213.275 19.245 0 0 "KDE QDA" 8 800 4.90606060606061
213.37 19.255 0 0 "KDE QDA" 8 800 4.91616161616162
214.635 19.285 0 0 "KDE QDA" 8 800 4.92626262626263
215.755 19.295 0 0 "KDE QDA" 8 800 4.93636363636364
218.34 19.31 0 0 "KDE QDA" 8 800 4.94646464646465
218.355 19.31 0 0 "KDE QDA" 8 800 4.95656565656566
219.81 19.31 0 0 "KDE QDA" 8 800 4.96666666666667
222.26 19.33 0 0 "KDE QDA" 8 800 4.97676767676768
227.04 19.345 0 0 "KDE QDA" 8 800 4.98686868686869
227.05 19.35 0 0 "KDE QDA" 8 800 4.9969696969697
227.085 19.38 0 0 "KDE QDA" 8 800 5.00707070707071
227.795 19.415 0 0 "KDE QDA" 8 800 5.01717171717172
227.805 19.45 0 0 "KDE QDA" 8 800 5.02727272727273
229.46 19.85 0 0 "KDE QDA" 8 800 5.03737373737374
229.46 19.855 0 0 "KDE QDA" 8 800 5.04747474747475
231.2 19.895 0 0 "KDE QDA" 8 800 5.05757575757576
231.3 19.985 0 0 "KDE QDA" 8 800 5.06767676767677
233.84 20.03 0 0 "KDE QDA" 8 800 5.07777777777778
234.41 20.045 0 0 "KDE QDA" 8 800 5.08787878787879
234.47 20.075 0 0 "KDE QDA" 8 800 5.0979797979798
237.035 20.095 0 0 "KDE QDA" 8 800 5.10808080808081
237.08 20.1 0 0 "KDE QDA" 8 800 5.11818181818182
239.57 20.105 0 0 "KDE QDA" 8 800 5.12828282828283
239.58 20.125 0 0 "KDE QDA" 8 800 5.13838383838384
239.705 20.155 0 0 "KDE QDA" 8 800 5.14848484848485
239.72 20.16 0 0 "KDE QDA" 8 800 5.15858585858586
239.73 20.23 0 0 "KDE QDA" 8 800 5.16868686868687
239.775 20.265 0 0 "KDE QDA" 8 800 5.17878787878788
239.825 20.275 0 0 "KDE QDA" 8 800 5.18888888888889
243.37 20.49 0 0 "KDE QDA" 8 800 5.1989898989899
247.89 20.505 0 0 "KDE QDA" 8 800 5.20909090909091
247.95 20.505 0 0 "KDE QDA" 8 800 5.21919191919192
252.385 20.585 0 0 "KDE QDA" 8 800 5.22929292929293
253.1 20.605 0 0 "KDE QDA" 8 800 5.23939393939394
253.145 20.63 0 0 "KDE QDA" 8 800 5.24949494949495
253.93 20.665 0 0 "KDE QDA" 8 800 5.25959595959596
253.965 20.695 0 0 "KDE QDA" 8 800 5.26969696969697
256.43 20.75 0 0 "KDE QDA" 8 800 5.27979797979798
258.89 20.755 0 0 "KDE QDA" 8 800 5.28989898989899
260.505 20.775 0 0 "KDE QDA" 8 800 5.3
