146.425 15.45 0 0 "KDE LDA" 4 1500 2.5
150.25 15.45 0 0 "KDE LDA" 4 1500 2.51010101010101
154.465 15.495 0 0 "KDE LDA" 4 1500 2.52020202020202
159.785 15.725 0 0 "KDE LDA" 4 1500 2.53030303030303
161.65 15.79 0 0 "KDE LDA" 4 1500 2.54040404040404
161.68 15.82 0 0 "KDE LDA" 4 1500 2.55050505050505
161.68 15.875 0 0 "KDE LDA" 4 1500 2.56060606060606
162.525 15.885 0 0 "KDE LDA" 4 1500 2.57070707070707
162.525 15.93 0 0 "KDE LDA" 4 1500 2.58080808080808
164.79 15.935 0 0 "KDE LDA" 4 1500 2.59090909090909
164.885 16.045 0 0 "KDE LDA" 4 1500 2.6010101010101
167.26 16.06 0 0 "KDE LDA" 4 1500 2.61111111111111
168.335 16.165 0 0 "KDE LDA" 4 1500 2.62121212121212
171.58 16.33 0 0 "KDE LDA" 4 1500 2.63131313131313
173.605 16.35 0 0 "KDE LDA" 4 1500 2.64141414141414
175.01 16.38 0 0 "KDE LDA" 4 1500 2.65151515151515
178.52 16.485 0 0 "KDE LDA" 4 1500 2.66161616161616
190.555 16.585 0 0 "KDE LDA" 4 1500 2.67171717171717
190.565 16.7 0 0 "KDE LDA" 4 1500 2.68181818181818
191.645 17.14 0 0 "KDE LDA" 4 1500 2.69191919191919
192.74 17.265 0 0 "KDE LDA" 4 1500 2.7020202020202
192.995 17.275 0 0 "KDE LDA" 4 1500 2.71212121212121
197.11 17.365 0 0 "KDE LDA" 4 1500 2.72222222222222
198.98 17.52 0 0 "KDE LDA" 4 1500 2.73232323232323
199 17.655 0 0 "KDE LDA" 4 1500 2.74242424242424
200.205 17.66 0 0 "KDE LDA" 4 1500 2.75252525252525
200.715 17.69 0 0 "KDE LDA" 4 1500 2.76262626262626
204.795 17.78 0 0 "KDE LDA" 4 1500 2.77272727272727
208.33 18.03 0 0 "KDE LDA" 4 1500 2.78282828282828
213.46 18.25 0 0 "KDE LDA" 4 1500 2.79292929292929
244.98 18.9 0 0 "KDE LDA" 4 1500 2.8030303030303
251.97 18.935 0 0 "KDE LDA" 4 1500 2.81313131313131
257.73 18.985 0 0 "KDE LDA" 4 1500 2.82323232323232
258.58 19.035 0 0 "KDE LDA" 4 1500 2.83333333333333
258.59 19.065 0 0 "KDE LDA" 4 1500 2.84343434343434
260.08 19.14 0 0 "KDE LDA" 4 1500 2.85353535353535
260.085 19.15 0 0 "KDE LDA" 4 1500 2.86363636363636
260.09 19.245 0 0 "KDE LDA" 4 1500 2.87373737373737
261.25 19.275 0 0 "KDE LDA" 4 1500 2.88383838383838
264.075 19.285 0 0 "KDE LDA" 4 1500 2.89393939393939
267.775 19.3 0 0 "KDE LDA" 4 1500 2.9040404040404
267.78 19.33 0 0 "KDE LDA" 4 1500 2.91414141414141
268.53 19.415 0 0 "KDE LDA" 4 1500 2.92424242424242
268.57 19.47 0 0 "KDE LDA" 4 1500 2.93434343434343
274.8 19.565 0 0 "KDE LDA" 4 1500 2.94444444444444
278.13 19.66 0 0 "KDE LDA" 4 1500 2.95454545454545
280.15 19.71 0 0 "KDE LDA" 4 1500 2.96464646464646
282.29 19.78 0 0 "KDE LDA" 4 1500 2.97474747474747
283.8 19.79 0 0 "KDE LDA" 4 1500 2.98484848484848
286.57 19.805 0 0 "KDE LDA" 4 1500 2.99494949494949
286.735 19.865 0 0 "KDE LDA" 4 1500 3.00505050505051
286.745 19.945 0 0 "KDE LDA" 4 1500 3.01515151515152
286.825 19.95 0 0 "KDE LDA" 4 1500 3.02525252525253
286.835 20.01 0 0 "KDE LDA" 4 1500 3.03535353535354
289.855 20.025 0 0 "KDE LDA" 4 1500 3.04545454545455
290.085 20.775 0 0 "KDE LDA" 4 1500 3.05555555555556
297.11 20.815 0 0 "KDE LDA" 4 1500 3.06565656565657
299.275 20.83 0 0 "KDE LDA" 4 1500 3.07575757575758
301.075 21.1 0 0 "KDE LDA" 4 1500 3.08585858585859
313.96 21.18 0 0 "KDE LDA" 4 1500 3.0959595959596
315.825 21.33 0 0 "KDE LDA" 4 1500 3.10606060606061
316.12 21.36 0 0 "KDE LDA" 4 1500 3.11616161616162
319.75 21.39 0 0 "KDE LDA" 4 1500 3.12626262626263
319.76 21.415 0 0 "KDE LDA" 4 1500 3.13636363636364
319.775 21.445 0 0 "KDE LDA" 4 1500 3.14646464646465
321.05 21.475 0 0 "KDE LDA" 4 1500 3.15656565656566
321.055 21.495 0 0 "KDE LDA" 4 1500 3.16666666666667
321.085 21.5 0 0 "KDE LDA" 4 1500 3.17676767676768
321.935 21.565 0 0 "KDE LDA" 4 1500 3.18686868686869
324.815 21.62 0 0 "KDE LDA" 4 1500 3.1969696969697
331.06 21.685 0 0 "KDE LDA" 4 1500 3.20707070707071
343.535 21.725 0 0 "KDE LDA" 4 1500 3.21717171717172
365.075 22.355 0 0 "KDE LDA" 4 1500 3.22727272727273
373.13 22.375 0 0 "KDE LDA" 4 1500 3.23737373737374
373.345 22.39 0 0 "KDE LDA" 4 1500 3.24747474747475
377.695 22.415 0 0 "KDE LDA" 4 1500 3.25757575757576
378.67 22.465 0 0 "KDE LDA" 4 1500 3.26767676767677
378.91 22.505 0 0 "KDE LDA" 4 1500 3.27777777777778
378.915 22.555 0 0 "KDE LDA" 4 1500 3.28787878787879
379.725 22.6 0 0 "KDE LDA" 4 1500 3.2979797979798
382.455 22.6 0 0 "KDE LDA" 4 1500 3.30808080808081
384.675 22.77 0 0 "KDE LDA" 4 1500 3.31818181818182
388.4 22.955 0 0 "KDE LDA" 4 1500 3.32828282828283
392.16 22.985 0 0 "KDE LDA" 4 1500 3.33838383838384
397.41 23.145 0 0 "KDE LDA" 4 1500 3.34848484848485
449.52 23.78 0 0 "KDE LDA" 4 1500 3.35858585858586
449.525 23.8 0 0 "KDE LDA" 4 1500 3.36868686868687
455.885 23.915 0 0 "KDE LDA" 4 1500 3.37878787878788
472.505 24.165 0 0 "KDE LDA" 4 1500 3.38888888888889
472.56 24.28 0 0 "KDE LDA" 4 1500 3.3989898989899
473.39 24.325 0 0 "KDE LDA" 4 1500 3.40909090909091
475.605 24.35 0 0 "KDE LDA" 4 1500 3.41919191919192
479.92 24.455 0 0 "KDE LDA" 4 1500 3.42929292929293
479.96 24.49 0 0 "KDE LDA" 4 1500 3.43939393939394
479.985 24.565 0 0 "KDE LDA" 4 1500 3.44949494949495
484.52 24.585 0 0 "KDE LDA" 4 1500 3.45959595959596
489.045 24.6 0 0 "KDE LDA" 4 1500 3.46969696969697
489.7 24.715 0 0 "KDE LDA" 4 1500 3.47979797979798
492.98 24.82 0 0 "KDE LDA" 4 1500 3.48989898989899
498.025 24.86 0 0 "KDE LDA" 4 1500 3.5
114.14 13.01 0 0 "KDE QDA" 4 1500 2.8
114.145 13.01 0 0 "KDE QDA" 4 1500 2.81010101010101
114.145 13.055 0 0 "KDE QDA" 4 1500 2.82020202020202
115.245 13.16 0 0 "KDE QDA" 4 1500 2.83030303030303
116.11 13.17 0 0 "KDE QDA" 4 1500 2.84040404040404
118.915 13.185 0 0 "KDE QDA" 4 1500 2.85050505050505
119.545 13.19 0 0 "KDE QDA" 4 1500 2.86060606060606
120.04 13.19 0 0 "KDE QDA" 4 1500 2.87070707070707
120.04 13.19 0 0 "KDE QDA" 4 1500 2.88080808080808
120.625 13.2 0 0 "KDE QDA" 4 1500 2.89090909090909
120.63 13.205 0 0 "KDE QDA" 4 1500 2.9010101010101
120.855 13.205 0 0 "KDE QDA" 4 1500 2.91111111111111
120.855 13.205 0 0 "KDE QDA" 4 1500 2.92121212121212
121.475 13.205 0 0 "KDE QDA" 4 1500 2.93131313131313
121.49 13.22 0 0 "KDE QDA" 4 1500 2.94141414141414
121.495 13.235 0 0 "KDE QDA" 4 1500 2.95151515151515
129.19 13.57 0 0 "KDE QDA" 4 1500 2.96161616161616
129.64 13.625 0 0 "KDE QDA" 4 1500 2.97171717171717
129.66 13.67 0 0 "KDE QDA" 4 1500 2.98181818181818
131.49 13.67 0 0 "KDE QDA" 4 1500 2.99191919191919
131.51 13.67 0 0 "KDE QDA" 4 1500 3.0020202020202
131.515 13.68 0 0 "KDE QDA" 4 1500 3.01212121212121
132.26 13.695 0 0 "KDE QDA" 4 1500 3.02222222222222
133.65 13.7 0 0 "KDE QDA" 4 1500 3.03232323232323
136.18 13.7 0 0 "KDE QDA" 4 1500 3.04242424242424
137.505 13.7 0 0 "KDE QDA" 4 1500 3.05252525252525
137.505 13.7 0 0 "KDE QDA" 4 1500 3.06262626262626
137.525 13.7 0 0 "KDE QDA" 4 1500 3.07272727272727
138.335 13.75 0 0 "KDE QDA" 4 1500 3.08282828282828
148.09 13.95 0 0 "KDE QDA" 4 1500 3.09292929292929
148.435 14 0 0 "KDE QDA" 4 1500 3.1030303030303
148.44 14.03 0 0 "KDE QDA" 4 1500 3.11313131313131
149.315 14.09 0 0 "KDE QDA" 4 1500 3.12323232323232
150.01 14.1 0 0 "KDE QDA" 4 1500 3.13333333333333
150.395 14.17 0 0 "KDE QDA" 4 1500 3.14343434343434
150.45 14.17 0 0 "KDE QDA" 4 1500 3.15353535353535
151.215 14.175 0 0 "KDE QDA" 4 1500 3.16363636363636
151.3 14.18 0 0 "KDE QDA" 4 1500 3.17373737373737
151.725 14.195 0 0 "KDE QDA" 4 1500 3.18383838383838
151.73 14.195 0 0 "KDE QDA" 4 1500 3.19393939393939
152.13 14.2 0 0 "KDE QDA" 4 1500 3.2040404040404
152.575 14.2 0 0 "KDE QDA" 4 1500 3.21414141414141
165.73 14.635 0 0 "KDE QDA" 4 1500 3.22424242424242
168.355 14.745 0 0 "KDE QDA" 4 1500 3.23434343434343
169.395 14.76 0 0 "KDE QDA" 4 1500 3.24444444444444
170.565 14.885 0 0 "KDE QDA" 4 1500 3.25454545454545
170.585 14.915 0 0 "KDE QDA" 4 1500 3.26464646464646
170.59 14.915 0 0 "KDE QDA" 4 1500 3.27474747474747
171.6 14.92 0 0 "KDE QDA" 4 1500 3.28484848484848
171.625 14.92 0 0 "KDE QDA" 4 1500 3.29494949494949
171.625 14.925 0 0 "KDE QDA" 4 1500 3.30505050505051
171.635 14.93 0 0 "KDE QDA" 4 1500 3.31515151515151
171.66 14.95 0 0 "KDE QDA" 4 1500 3.32525252525252
172.28 15 0 0 "KDE QDA" 4 1500 3.33535353535354
174.63 15.005 0 0 "KDE QDA" 4 1500 3.34545454545455
177.32 15.01 0 0 "KDE QDA" 4 1500 3.35555555555556
186.32 15.735 0 0 "KDE QDA" 4 1500 3.36565656565657
186.435 15.735 0 0 "KDE QDA" 4 1500 3.37575757575758
186.95 15.845 0 0 "KDE QDA" 4 1500 3.38585858585859
190.82 15.86 0 0 "KDE QDA" 4 1500 3.3959595959596
192.905 15.94 0 0 "KDE QDA" 4 1500 3.40606060606061
196.425 15.98 0 0 "KDE QDA" 4 1500 3.41616161616162
199.305 16.02 0 0 "KDE QDA" 4 1500 3.42626262626263
199.795 16.025 0 0 "KDE QDA" 4 1500 3.43636363636364
200.025 16.04 0 0 "KDE QDA" 4 1500 3.44646464646465
200.045 16.045 0 0 "KDE QDA" 4 1500 3.45656565656566
200.115 16.07 0 0 "KDE QDA" 4 1500 3.46666666666667
200.115 16.07 0 0 "KDE QDA" 4 1500 3.47676767676768
200.69 16.07 0 0 "KDE QDA" 4 1500 3.48686868686869
201.4 16.07 0 0 "KDE QDA" 4 1500 3.4969696969697
201.405 16.07 0 0 "KDE QDA" 4 1500 3.50707070707071
208.71 16.26 0 0 "KDE QDA" 4 1500 3.51717171717172
212.19 16.29 0 0 "KDE QDA" 4 1500 3.52727272727273
213.085 16.29 0 0 "KDE QDA" 4 1500 3.53737373737374
215.22 16.305 0 0 "KDE QDA" 4 1500 3.54747474747475
215.73 16.305 0 0 "KDE QDA" 4 1500 3.55757575757576
215.985 16.315 0 0 "KDE QDA" 4 1500 3.56767676767677
215.99 16.315 0 0 "KDE QDA" 4 1500 3.57777777777778
215.995 16.32 0 0 "KDE QDA" 4 1500 3.58787878787879
216.8 16.33 0 0 "KDE QDA" 4 1500 3.5979797979798
216.8 16.345 0 0 "KDE QDA" 4 1500 3.60808080808081
219.075 16.35 0 0 "KDE QDA" 4 1500 3.61818181818182
219.32 16.35 0 0 "KDE QDA" 4 1500 3.62828282828283
221.445 16.36 0 0 "KDE QDA" 4 1500 3.63838383838384
223.23 16.37 0 0 "KDE QDA" 4 1500 3.64848484848485
234.145 16.52 0 0 "KDE QDA" 4 1500 3.65858585858586
234.585 16.53 0 0 "KDE QDA" 4 1500 3.66868686868687
243.96 16.65 0 0 "KDE QDA" 4 1500 3.67878787878788
244.36 16.665 0 0 "KDE QDA" 4 1500 3.68888888888889
244.395 16.685 0 0 "KDE QDA" 4 1500 3.6989898989899
245.575 16.7 0 0 "KDE QDA" 4 1500 3.70909090909091
246.035 16.705 0 0 "KDE QDA" 4 1500 3.71919191919192
247.55 16.705 0 0 "KDE QDA" 4 1500 3.72929292929293
247.55 16.71 0 0 "KDE QDA" 4 1500 3.73939393939394
249.345 16.71 0 0 "KDE QDA" 4 1500 3.74949494949495
249.35 16.72 0 0 "KDE QDA" 4 1500 3.75959595959596
249.355 16.815 0 0 "KDE QDA" 4 1500 3.76969696969697
252.08 16.85 0 0 "KDE QDA" 4 1500 3.77979797979798
267.68 17.375 0 0 "KDE QDA" 4 1500 3.78989898989899
269.185 17.375 0 0 "KDE QDA" 4 1500 3.8
