130.45 14.015 0 0 "KDE LDA" 39 5000 2.5
130.455 14.045 0 0 "KDE LDA" 39 5000 2.51010101010101
132.3 14.05 0 0 "KDE LDA" 39 5000 2.52020202020202
137.51 14.13 0 0 "KDE LDA" 39 5000 2.53030303030303
137.89 14.29 0 0 "KDE LDA" 39 5000 2.54040404040404
137.925 14.29 0 0 "KDE LDA" 39 5000 2.55050505050505
138.24 14.31 0 0 "KDE LDA" 39 5000 2.56060606060606
138.875 14.335 0 0 "KDE LDA" 39 5000 2.57070707070707
138.88 14.34 0 0 "KDE LDA" 39 5000 2.58080808080808
139.25 14.345 0 0 "KDE LDA" 39 5000 2.59090909090909
139.895 14.36 0 0 "KDE LDA" 39 5000 2.6010101010101
140.835 14.515 0 0 "KDE LDA" 39 5000 2.61111111111111
140.84 14.54 0 0 "KDE LDA" 39 5000 2.62121212121212
141.24 14.585 0 0 "KDE LDA" 39 5000 2.63131313131313
144.01 14.62 0 0 "KDE LDA" 39 5000 2.64141414141414
151.785 14.86 0 0 "KDE LDA" 39 5000 2.65151515151515
163.125 15.19 0 0 "KDE LDA" 39 5000 2.66161616161616
173.705 15.39 0 0 "KDE LDA" 39 5000 2.67171717171717
176.345 15.435 0 0 "KDE LDA" 39 5000 2.68181818181818
178.7 15.52 0 0 "KDE LDA" 39 5000 2.69191919191919
179.165 15.53 0 0 "KDE LDA" 39 5000 2.7020202020202
180.22 15.54 0 0 "KDE LDA" 39 5000 2.71212121212121
180.37 15.55 0 0 "KDE LDA" 39 5000 2.72222222222222
180.67 15.57 0 0 "KDE LDA" 39 5000 2.73232323232323
182.185 15.585 0 0 "KDE LDA" 39 5000 2.74242424242424
183.765 15.84 0 0 "KDE LDA" 39 5000 2.75252525252525
185.845 15.92 0 0 "KDE LDA" 39 5000 2.76262626262626
188.68 15.965 0 0 "KDE LDA" 39 5000 2.77272727272727
190.515 16.575 0 0 "KDE LDA" 39 5000 2.78282828282828
204.43 16.81 0 0 "KDE LDA" 39 5000 2.79292929292929
226.85 17.06 0 0 "KDE LDA" 39 5000 2.8030303030303
229.03 17.08 0 0 "KDE LDA" 39 5000 2.81313131313131
234.45 17.17 0 0 "KDE LDA" 39 5000 2.82323232323232
239.565 17.205 0 0 "KDE LDA" 39 5000 2.83333333333333
240.395 17.22 0 0 "KDE LDA" 39 5000 2.84343434343434
240.395 17.27 0 0 "KDE LDA" 39 5000 2.85353535353535
244.51 17.28 0 0 "KDE LDA" 39 5000 2.86363636363636
249.62 17.385 0 0 "KDE LDA" 39 5000 2.87373737373737
249.63 17.39 0 0 "KDE LDA" 39 5000 2.88383838383838
249.92 17.49 0 0 "KDE LDA" 39 5000 2.89393939393939
250.13 17.5 0 0 "KDE LDA" 39 5000 2.9040404040404
251.385 17.65 0 0 "KDE LDA" 39 5000 2.91414141414141
251.41 17.66 0 0 "KDE LDA" 39 5000 2.92424242424242
253.38 17.76 0 0 "KDE LDA" 39 5000 2.93434343434343
257.885 17.81 0 0 "KDE LDA" 39 5000 2.94444444444444
271.605 17.895 0 0 "KDE LDA" 39 5000 2.95454545454545
276.885 17.93 0 0 "KDE LDA" 39 5000 2.96464646464646
279.205 17.975 0 0 "KDE LDA" 39 5000 2.97474747474747
279.245 18 0 0 "KDE LDA" 39 5000 2.98484848484848
280.88 18.005 0 0 "KDE LDA" 39 5000 2.99494949494949
280.88 18.05 0 0 "KDE LDA" 39 5000 3.00505050505051
280.985 18.065 0 0 "KDE LDA" 39 5000 3.01515151515152
282.51 18.17 0 0 "KDE LDA" 39 5000 3.02525252525253
283.635 18.22 0 0 "KDE LDA" 39 5000 3.03535353535354
286.795 18.265 0 0 "KDE LDA" 39 5000 3.04545454545455
289.68 18.295 0 0 "KDE LDA" 39 5000 3.05555555555556
300.875 18.32 0 0 "KDE LDA" 39 5000 3.06565656565657
304.88 18.345 0 0 "KDE LDA" 39 5000 3.07575757575758
320.17 18.37 0 0 "KDE LDA" 39 5000 3.08585858585859
329.495 18.45 0 0 "KDE LDA" 39 5000 3.0959595959596
330.265 18.46 0 0 "KDE LDA" 39 5000 3.10606060606061
337.995 18.475 0 0 "KDE LDA" 39 5000 3.11616161616162
338.955 18.515 0 0 "KDE LDA" 39 5000 3.12626262626263
338.955 18.515 0 0 "KDE LDA" 39 5000 3.13636363636364
341.18 18.53 0 0 "KDE LDA" 39 5000 3.14646464646465
341.215 18.565 0 0 "KDE LDA" 39 5000 3.15656565656566
341.235 18.58 0 0 "KDE LDA" 39 5000 3.16666666666667
345.985 18.61 0 0 "KDE LDA" 39 5000 3.17676767676768
345.995 18.665 0 0 "KDE LDA" 39 5000 3.18686868686869
349.27 18.755 0 0 "KDE LDA" 39 5000 3.1969696969697
350.615 18.82 0 0 "KDE LDA" 39 5000 3.20707070707071
362.645 18.945 0 0 "KDE LDA" 39 5000 3.21717171717172
371.68 19.265 0 0 "KDE LDA" 39 5000 3.22727272727273
377.86 19.27 0 0 "KDE LDA" 39 5000 3.23737373737374
383.61 19.455 0 0 "KDE LDA" 39 5000 3.24747474747475
388.205 19.455 0 0 "KDE LDA" 39 5000 3.25757575757576
398.22 19.5 0 0 "KDE LDA" 39 5000 3.26767676767677
401.16 19.54 0 0 "KDE LDA" 39 5000 3.27777777777778
402.465 19.56 0 0 "KDE LDA" 39 5000 3.28787878787879
408.18 19.595 0 0 "KDE LDA" 39 5000 3.2979797979798
424.28 19.63 0 0 "KDE LDA" 39 5000 3.30808080808081
428.835 19.695 0 0 "KDE LDA" 39 5000 3.31818181818182
429.41 19.715 0 0 "KDE LDA" 39 5000 3.32828282828283
442.16 19.88 0 0 "KDE LDA" 39 5000 3.33838383838384
464.945 19.945 0 0 "KDE LDA" 39 5000 3.34848484848485
517.765 20.265 0 0 "KDE LDA" 39 5000 3.35858585858586
520.24 20.295 0 0 "KDE LDA" 39 5000 3.36868686868687
521.105 20.335 0 0 "KDE LDA" 39 5000 3.37878787878788
524.675 20.375 0 0 "KDE LDA" 39 5000 3.38888888888889
525.645 20.445 0 0 "KDE LDA" 39 5000 3.3989898989899
525.7 20.575 0 0 "KDE LDA" 39 5000 3.40909090909091
525.7 21.025 0 0 "KDE LDA" 39 5000 3.41919191919192
527.585 21.035 0 0 "KDE LDA" 39 5000 3.42929292929293
533.11 21.045 0 0 "KDE LDA" 39 5000 3.43939393939394
533.375 21.05 0 0 "KDE LDA" 39 5000 3.44949494949495
534.75 21.13 0 0 "KDE LDA" 39 5000 3.45959595959596
535.69 21.165 0 0 "KDE LDA" 39 5000 3.46969696969697
535.81 21.195 0 0 "KDE LDA" 39 5000 3.47979797979798
542.13 21.265 0 0 "KDE LDA" 39 5000 3.48989898989899
556.03 21.29 0 0 "KDE LDA" 39 5000 3.5
110.85 12.905 0 0 "KDE QDA" 39 5000 2.7
110.85 12.92 0 0 "KDE QDA" 39 5000 2.71010101010101
110.915 12.935 0 0 "KDE QDA" 39 5000 2.72020202020202
112.215 12.935 0 0 "KDE QDA" 39 5000 2.73030303030303
112.215 12.935 0 0 "KDE QDA" 39 5000 2.74040404040404
112.215 12.935 0 0 "KDE QDA" 39 5000 2.75050505050505
112.215 12.935 0 0 "KDE QDA" 39 5000 2.76060606060606
112.215 12.935 0 0 "KDE QDA" 39 5000 2.77070707070707
112.215 12.935 0 0 "KDE QDA" 39 5000 2.78080808080808
112.215 12.94 0 0 "KDE QDA" 39 5000 2.79090909090909
142.57 14.075 0 0 "KDE QDA" 39 5000 2.8010101010101
142.57 14.075 0 0 "KDE QDA" 39 5000 2.81111111111111
142.57 14.08 0 0 "KDE QDA" 39 5000 2.82121212121212
148.54 14.295 0 0 "KDE QDA" 39 5000 2.83131313131313
148.54 14.295 0 0 "KDE QDA" 39 5000 2.84141414141414
148.55 14.3 0 0 "KDE QDA" 39 5000 2.85151515151515
148.55 14.305 0 0 "KDE QDA" 39 5000 2.86161616161616
148.555 14.305 0 0 "KDE QDA" 39 5000 2.87171717171717
148.89 14.305 0 0 "KDE QDA" 39 5000 2.88181818181818
148.895 14.305 0 0 "KDE QDA" 39 5000 2.89191919191919
148.895 14.305 0 0 "KDE QDA" 39 5000 2.9020202020202
148.895 14.305 0 0 "KDE QDA" 39 5000 2.91212121212121
148.895 14.305 0 0 "KDE QDA" 39 5000 2.92222222222222
148.895 14.305 0 0 "KDE QDA" 39 5000 2.93232323232323
148.895 14.305 0 0 "KDE QDA" 39 5000 2.94242424242424
148.895 14.305 0 0 "KDE QDA" 39 5000 2.95252525252525
160.35 14.71 0 0 "KDE QDA" 39 5000 2.96262626262626
160.375 14.71 0 0 "KDE QDA" 39 5000 2.97272727272727
162.065 14.765 0 0 "KDE QDA" 39 5000 2.98282828282828
162.07 14.765 0 0 "KDE QDA" 39 5000 2.99292929292929
162.155 14.765 0 0 "KDE QDA" 39 5000 3.0030303030303
162.155 14.77 0 0 "KDE QDA" 39 5000 3.01313131313131
162.155 14.77 0 0 "KDE QDA" 39 5000 3.02323232323232
162.485 14.77 0 0 "KDE QDA" 39 5000 3.03333333333333
162.485 14.77 0 0 "KDE QDA" 39 5000 3.04343434343434
162.485 14.77 0 0 "KDE QDA" 39 5000 3.05353535353535
162.485 14.77 0 0 "KDE QDA" 39 5000 3.06363636363636
162.485 14.77 0 0 "KDE QDA" 39 5000 3.07373737373737
162.485 14.775 0 0 "KDE QDA" 39 5000 3.08383838383838
171.14 15.045 0 0 "KDE QDA" 39 5000 3.09393939393939
171.32 15.05 0 0 "KDE QDA" 39 5000 3.1040404040404
171.325 15.05 0 0 "KDE QDA" 39 5000 3.11414141414141
174.065 15.09 0 0 "KDE QDA" 39 5000 3.12424242424242
174.065 15.095 0 0 "KDE QDA" 39 5000 3.13434343434343
174.065 15.105 0 0 "KDE QDA" 39 5000 3.14444444444444
174.065 15.105 0 0 "KDE QDA" 39 5000 3.15454545454545
174.065 15.105 0 0 "KDE QDA" 39 5000 3.16464646464646
174.065 15.105 0 0 "KDE QDA" 39 5000 3.17474747474748
174.065 15.105 0 0 "KDE QDA" 39 5000 3.18484848484849
175.76 15.105 0 0 "KDE QDA" 39 5000 3.19494949494949
175.76 15.105 0 0 "KDE QDA" 39 5000 3.20505050505051
175.76 15.11 0 0 "KDE QDA" 39 5000 3.21515151515152
208.76 16.05 0 0 "KDE QDA" 39 5000 3.22525252525253
210.53 16.05 0 0 "KDE QDA" 39 5000 3.23535353535354
210.53 16.05 0 0 "KDE QDA" 39 5000 3.24545454545455
219.04 16.185 0 0 "KDE QDA" 39 5000 3.25555555555556
219.04 16.185 0 0 "KDE QDA" 39 5000 3.26565656565657
219.045 16.185 0 0 "KDE QDA" 39 5000 3.27575757575758
219.045 16.27 0 0 "KDE QDA" 39 5000 3.28585858585859
219.045 16.27 0 0 "KDE QDA" 39 5000 3.2959595959596
219.45 16.27 0 0 "KDE QDA" 39 5000 3.30606060606061
219.45 16.27 0 0 "KDE QDA" 39 5000 3.31616161616162
219.45 16.27 0 0 "KDE QDA" 39 5000 3.32626262626263
219.45 16.27 0 0 "KDE QDA" 39 5000 3.33636363636364
219.45 16.27 0 0 "KDE QDA" 39 5000 3.34646464646465
219.45 16.285 0 0 "KDE QDA" 39 5000 3.35656565656566
252.205 16.905 0 0 "KDE QDA" 39 5000 3.36666666666667
252.205 16.91 0 0 "KDE QDA" 39 5000 3.37676767676768
257.05 17.055 0 0 "KDE QDA" 39 5000 3.38686868686869
257.05 17.055 0 0 "KDE QDA" 39 5000 3.3969696969697
257.05 17.055 0 0 "KDE QDA" 39 5000 3.40707070707071
260.085 17.14 0 0 "KDE QDA" 39 5000 3.41717171717172
260.09 17.14 0 0 "KDE QDA" 39 5000 3.42727272727273
260.095 17.14 0 0 "KDE QDA" 39 5000 3.43737373737374
260.095 17.14 0 0 "KDE QDA" 39 5000 3.44747474747475
260.1 17.14 0 0 "KDE QDA" 39 5000 3.45757575757576
260.1 17.14 0 0 "KDE QDA" 39 5000 3.46767676767677
260.1 17.14 0 0 "KDE QDA" 39 5000 3.47777777777778
260.1 17.14 0 0 "KDE QDA" 39 5000 3.48787878787879
260.1 17.14 0 0 "KDE QDA" 39 5000 3.4979797979798
260.1 17.14 0 0 "KDE QDA" 39 5000 3.50808080808081
291.915 17.495 0 0 "KDE QDA" 39 5000 3.51818181818182
291.93 17.495 0 0 "KDE QDA" 39 5000 3.52828282828283
291.935 17.495 0 0 "KDE QDA" 39 5000 3.53838383838384
296.73 17.59 0 0 "KDE QDA" 39 5000 3.54848484848485
296.73 17.59 0 0 "KDE QDA" 39 5000 3.55858585858586
296.745 17.625 0 0 "KDE QDA" 39 5000 3.56868686868687
296.745 17.64 0 0 "KDE QDA" 39 5000 3.57878787878788
296.75 17.64 0 0 "KDE QDA" 39 5000 3.58888888888889
296.75 17.64 0 0 "KDE QDA" 39 5000 3.5989898989899
296.75 17.64 0 0 "KDE QDA" 39 5000 3.60909090909091
298.57 17.64 0 0 "KDE QDA" 39 5000 3.61919191919192
298.57 17.64 0 0 "KDE QDA" 39 5000 3.62929292929293
298.935 17.645 0 0 "KDE QDA" 39 5000 3.63939393939394
298.935 17.645 0 0 "KDE QDA" 39 5000 3.64949494949495
316.705 17.885 0 0 "KDE QDA" 39 5000 3.65959595959596
317.23 17.885 0 0 "KDE QDA" 39 5000 3.66969696969697
328.815 18.06 0 0 "KDE QDA" 39 5000 3.67979797979798
328.815 18.1 0 0 "KDE QDA" 39 5000 3.68989898989899
328.82 18.1 0 0 "KDE QDA" 39 5000 3.7
