29.275 0 23.3224207643699 "LDA" 27 2 2 1.5
30.312 0 24.1909871617481 "LDA" 27 2 2 1.53535353535354
31.288 0 25.0867375399911 "LDA" 27 2 2 1.57070707070707
32.478 0 26.3656720882413 "LDA" 27 2 2 1.60606060606061
34.164 0 28.6433158615329 "LDA" 27 2 2 1.64141414141414
35.516 0 29.7285979072935 "LDA" 27 2 2 1.67676767676768
36.499 0 30.3362536791755 "LDA" 27 2 2 1.71212121212121
37.314 0 30.9523092749063 "LDA" 27 2 2 1.74747474747475
38.696 0 32.2603210199823 "LDA" 27 2 2 1.78282828282828
40.583 0 34.3511151217848 "LDA" 27 2 2 1.81818181818182
41.828 0 34.8600866556818 "LDA" 27 2 2 1.85353535353535
43.055 0 35.420426050255 "LDA" 27 2 2 1.88888888888889
44.16 0 35.803747126639 "LDA" 27 2 2 1.92424242424242
45.607 0 37.1826989889667 "LDA" 27 2 2 1.95959595959596
47.546 0 39.0385693115654 "LDA" 27 2 2 1.99494949494949
48.831 0 39.9404516584212 "LDA" 27 2 2 2.03030303030303
50.356 0 41.5210218956526 "LDA" 27 2 2 2.06565656565657
52.019 0 42.8164674966173 "LDA" 27 2 2 2.1010101010101
53.209 0 43.7591611343634 "LDA" 27 2 2 2.13636363636364
55.613 0 47.9509595892045 "LDA" 27 2 2 2.17171717171717
57.239 0 49.1413140620776 "LDA" 27 2 2 2.20707070707071
58.871 0 50.6964346624838 "LDA" 27 2 2 2.24242424242424
60.282 0 51.5273669572349 "LDA" 27 2 2 2.27777777777778
62.141 0 53.4256625641687 "LDA" 27 2 2 2.31313131313131
65.817 0 57.5241213364927 "LDA" 27 2 2 2.34848484848485
67.596 0 59.0068181534015 "LDA" 27 2 2 2.38383838383838
69.704 0 60.1583361589182 "LDA" 27 2 2 2.41919191919192
71.339 0 61.3180885790399 "LDA" 27 2 2 2.45454545454545
73.478 0 62.9481213538735 "LDA" 27 2 2 2.48989898989899
75.082 0 63.8077479990064 "LDA" 27 2 2 2.52525252525253
77.288 0 65.7959585701444 "LDA" 27 2 2 2.56060606060606
79.341 0 67.1714427545049 "LDA" 27 2 2 2.5959595959596
82.782 0 74.2344612106212 "LDA" 27 2 2 2.63131313131313
84.977 0 75.5327854158224 "LDA" 27 2 2 2.66666666666667
87.472 0 77.0686238931823 "LDA" 27 2 2 2.7020202020202
89.901 0 79.5153437324451 "LDA" 27 2 2 2.73737373737374
92.088 0 81.7124665102161 "LDA" 27 2 2 2.77272727272727
95.048 0 82.6686385505398 "LDA" 27 2 2 2.80808080808081
97.422 0 84.4968853842533 "LDA" 27 2 2 2.84343434343434
99.552 0 86.5606610651978 "LDA" 27 2 2 2.87878787878788
101.628 0 88.1927524095806 "LDA" 27 2 2 2.91414141414141
103.413 0 89.2781553349979 "LDA" 27 2 2 2.94949494949495
106.315 0 93.2425758597056 "LDA" 27 2 2 2.98484848484848
109.185 0 94.5039034260636 "LDA" 27 2 2 3.02020202020202
111.451 0 95.241632533087 "LDA" 27 2 2 3.05555555555556
114.387 0 97.0516164071843 "LDA" 27 2 2 3.09090909090909
116.392 0 98.6683829085376 "LDA" 27 2 2 3.12626262626263
119.389 0 102.057569177531 "LDA" 27 2 2 3.16161616161616
123.28 0 113.288118519983 "LDA" 27 2 2 3.1969696969697
127.142 0 117.910002139787 "LDA" 27 2 2 3.23232323232323
130.549 0 118.91835507681 "LDA" 27 2 2 3.26767676767677
132.993 0 119.568715091485 "LDA" 27 2 2 3.3030303030303
135.512 0 121.118609526256 "LDA" 27 2 2 3.33838383838384
139.273 0 125.701636315413 "LDA" 27 2 2 3.37373737373737
142.092 0 127.802586190722 "LDA" 27 2 2 3.40909090909091
146.142 0 131.982533788472 "LDA" 27 2 2 3.44444444444444
148.6 0 132.873682177531 "LDA" 27 2 2 3.47979797979798
151.109 0 135.175506422342 "LDA" 27 2 2 3.51515151515152
153.595 0 136.372638280087 "LDA" 27 2 2 3.55050505050505
156.209 0 139.125329024503 "LDA" 27 2 2 3.58585858585859
158.936 0 141.194070943753 "LDA" 27 2 2 3.62121212121212
162.078 0 145.308259938678 "LDA" 27 2 2 3.65656565656566
166.21 0 149.18140967625 "LDA" 27 2 2 3.69191919191919
169.838 0 151.017999563602 "LDA" 27 2 2 3.72727272727273
173.536 0 153.799222705789 "LDA" 27 2 2 3.76262626262626
176.945 0 157.503216596482 "LDA" 27 2 2 3.7979797979798
180.299 0 160.676926388557 "LDA" 27 2 2 3.83333333333333
184.846 0 163.648700517851 "LDA" 27 2 2 3.86868686868687
187.383 0 164.333038852991 "LDA" 27 2 2 3.9040404040404
191.308 0 165.860280865458 "LDA" 27 2 2 3.93939393939394
193.931 0 170.149231558653 "LDA" 27 2 2 3.97474747474747
197.875 0 172.219734676407 "LDA" 27 2 2 4.01010101010101
200.271 0 172.840659141454 "LDA" 27 2 2 4.04545454545454
201.811 0 173.768728054992 "LDA" 27 2 2 4.08080808080808
207.593 0 183.133380862655 "LDA" 27 2 2 4.11616161616162
211.992 0 188.213948543742 "LDA" 27 2 2 4.15151515151515
215.565 0 193.453648425376 "LDA" 27 2 2 4.18686868686869
220.408 0 198.629431825163 "LDA" 27 2 2 4.22222222222222
223.389 0 199.168727115631 "LDA" 27 2 2 4.25757575757576
227.771 0 202.613589933711 "LDA" 27 2 2 4.29292929292929
232.011011011011 1 206.626954377762 "LDA" 27 2 2 4.32828282828283
236.163163163163 1 210.661584087904 "LDA" 27 2 2 4.36363636363636
241.004004004004 1 215.629604267264 "LDA" 27 2 2 4.3989898989899
245.375375375375 1 220.654837583344 "LDA" 27 2 2 4.43434343434343
250.548548548549 1 224.715146774255 "LDA" 27 2 2 4.46969696969697
255.660660660661 1 228.702767529637 "LDA" 27 2 2 4.50505050505051
258.548548548549 1 230.395015401025 "LDA" 27 2 2 4.54040404040404
261.670670670671 1 232.057505852959 "LDA" 27 2 2 4.57575757575758
265.898898898899 1 238.735859077785 "LDA" 27 2 2 4.61111111111111
268.78978978979 1 240.529863189642 "LDA" 27 2 2 4.64646464646465
273.864864864865 1 243.456470159414 "LDA" 27 2 2 4.68181818181818
278.824824824825 1 246.930791875572 "LDA" 27 2 2 4.71717171717172
282.647647647648 1 252.170251305063 "LDA" 27 2 2 4.75252525252525
286.658658658659 1 253.763682617971 "LDA" 27 2 2 4.78787878787879
290.834834834835 1 256.444858944581 "LDA" 27 2 2 4.82323232323232
295.27027027027 1 260.784651188712 "LDA" 27 2 2 4.85858585858586
300.076076076076 1 263.855585041768 "LDA" 27 2 2 4.89393939393939
304.691691691692 1 266.551658434664 "LDA" 27 2 2 4.92929292929293
307.272272272272 1 269.053436039816 "LDA" 27 2 2 4.96464646464646
316.823823823824 1 278.456490366174 "LDA" 27 2 2 5
34.776 0 29.3443506473548 "uLSIF" 27 2 2 1.5
36.198 0 31.5229835912544 "uLSIF" 27 2 2 1.53535353535354
38.51 0 34.0805425922679 "uLSIF" 27 2 2 1.57070707070707
40.169 0 35.598619365092 "uLSIF" 27 2 2 1.60606060606061
42.009 0 36.7532817952727 "uLSIF" 27 2 2 1.64141414141414
43.76 0 38.2447258986002 "uLSIF" 27 2 2 1.67676767676768
45.149 0 38.9580611623516 "uLSIF" 27 2 2 1.71212121212121
47.121 0 40.8437335410167 "uLSIF" 27 2 2 1.74747474747475
48.897 0 42.0345964450511 "uLSIF" 27 2 2 1.78282828282828
51.329 0 43.9684885683712 "uLSIF" 27 2 2 1.81818181818182
53.65 0 45.5964092065651 "uLSIF" 27 2 2 1.85353535353535
55.974 0 47.6637089739474 "uLSIF" 27 2 2 1.88888888888889
58.646 0 49.727331433443 "uLSIF" 27 2 2 1.92424242424242
61.048 0 52.0670401758413 "uLSIF" 27 2 2 1.95959595959596
64.096 0 55.2284978156293 "uLSIF" 27 2 2 1.99494949494949
67.507 0 59.466563909673 "uLSIF" 27 2 2 2.03030303030303
69.634 0 61.6163015168276 "uLSIF" 27 2 2 2.06565656565657
72.816 0 63.9612318766859 "uLSIF" 27 2 2 2.1010101010101
76.358 0 66.9590871753443 "uLSIF" 27 2 2 2.13636363636364
78.779 0 67.9110894852606 "uLSIF" 27 2 2 2.17171717171717
82.234 0 69.4920455044201 "uLSIF" 27 2 2 2.20707070707071
85.806 0 72.2348270174037 "uLSIF" 27 2 2 2.24242424242424
88.518 0 75.3866753931146 "uLSIF" 27 2 2 2.27777777777778
91.857 0 79.0721756369455 "uLSIF" 27 2 2 2.31313131313131
95.443 0 80.8987846902805 "uLSIF" 27 2 2 2.34848484848485
100.188 0 87.1402552215684 "uLSIF" 27 2 2 2.38383838383838
103.187 0 88.4038532659763 "uLSIF" 27 2 2 2.41919191919192
105.786 0 90.9573055638492 "uLSIF" 27 2 2 2.45454545454545
108.797 0 92.3157515757143 "uLSIF" 27 2 2 2.48989898989899
112.309 0 95.422161513497 "uLSIF" 27 2 2 2.52525252525253
116.46 0 98.9253791027895 "uLSIF" 27 2 2 2.56060606060606
120.393 0 100.999373386296 "uLSIF" 27 2 2 2.5959595959596
124.722 0 103.659036807757 "uLSIF" 27 2 2 2.63131313131313
129.119 0 107.551197571664 "uLSIF" 27 2 2 2.66666666666667
132.31 0 110.755933370528 "uLSIF" 27 2 2 2.7020202020202
138.075 0 116.405591088386 "uLSIF" 27 2 2 2.73737373737374
144.987 0 124.362723184714 "uLSIF" 27 2 2 2.77272727272727
147.819 0 126.557603746539 "uLSIF" 27 2 2 2.80808080808081
152.88 0 133.686602573735 "uLSIF" 27 2 2 2.84343434343434
157.773 0 138.026609086132 "uLSIF" 27 2 2 2.87878787878788
164.516 0 143.505210670169 "uLSIF" 27 2 2 2.91414141414141
169.488 0 147.546527691552 "uLSIF" 27 2 2 2.94949494949495
175.256 0 152.208974886621 "uLSIF" 27 2 2 2.98484848484848
179.019 0 154.268536715756 "uLSIF" 27 2 2 3.02020202020202
187.737 0 167.217276166216 "uLSIF" 27 2 2 3.05555555555556
194.998 0 173.257895330326 "uLSIF" 27 2 2 3.09090909090909
204.347 0 183.928198417679 "uLSIF" 27 2 2 3.12626262626263
210.647 0 188.991598266207 "uLSIF" 27 2 2 3.16161616161616
217.435 0 200.277049787717 "uLSIF" 27 2 2 3.1969696969697
225.593 0 206.164179769474 "uLSIF" 27 2 2 3.23232323232323
231.465 0 215.339396838644 "uLSIF" 27 2 2 3.26767676767677
238.418 0 224.368840645604 "uLSIF" 27 2 2 3.3030303030303
244.681 0 234.26039608131 "uLSIF" 27 2 2 3.33838383838384
249.801 0 237.44674003522 "uLSIF" 27 2 2 3.37373737373737
259.231 0 246.35806854442 "uLSIF" 27 2 2 3.40909090909091
267.484 0 251.429820623367 "uLSIF" 27 2 2 3.44444444444444
276.221 0 255.927354868466 "uLSIF" 27 2 2 3.47979797979798
285.297 0 262.845225186617 "uLSIF" 27 2 2 3.51515151515152
294.566 0 273.631558621943 "uLSIF" 27 2 2 3.55050505050505
300.377 0 275.664306141874 "uLSIF" 27 2 2 3.58585858585859
309.078078078078 1 290.241744845244 "uLSIF" 27 2 2 3.62121212121212
317.881763527054 2 302.206685382979 "uLSIF" 27 2 2 3.65656565656566
328.058174523571 3 311.01991604814 "uLSIF" 27 2 2 3.69191919191919
337.496489468405 3 319.378329425997 "uLSIF" 27 2 2 3.72727272727273
348.991967871486 4 329.38384679335 "uLSIF" 27 2 2 3.76262626262626
358.616465863454 4 334.93876360731 "uLSIF" 27 2 2 3.7979797979798
369.699799196787 4 344.075735556802 "uLSIF" 27 2 2 3.83333333333333
379.131526104418 4 349.225137631657 "uLSIF" 27 2 2 3.86868686868687
390.403614457831 4 358.862871511858 "uLSIF" 27 2 2 3.9040404040404
399.590954773869 5 364.407074042569 "uLSIF" 27 2 2 3.93939393939394
410.48490945674 6 373.659273998327 "uLSIF" 27 2 2 3.97474747474747
424.705348133199 9 384.854326319089 "uLSIF" 27 2 2 4.01010101010101
432.817997977755 11 390.521344209292 "uLSIF" 27 2 2 4.04545454545454
439.774847870183 14 394.318166282165 "uLSIF" 27 2 2 4.08080808080808
450.407520325203 16 401.666613938915 "uLSIF" 27 2 2 4.11616161616162
462.276422764228 16 408.302209915125 "uLSIF" 27 2 2 4.15151515151515
469.46490335707 17 412.720089454677 "uLSIF" 27 2 2 4.18686868686869
479.823469387755 20 419.594218175923 "uLSIF" 27 2 2 4.22222222222222
489.556806550665 23 424.97050897829 "uLSIF" 27 2 2 4.25757575757576
498.676923076923 25 425.99268441768 "uLSIF" 27 2 2 4.29292929292929
508.51901336074 27 431.647498142319 "uLSIF" 27 2 2 4.32828282828283
521.658436213992 28 441.206449875525 "uLSIF" 27 2 2 4.36363636363636
530.296601441813 29 445.066575094995 "uLSIF" 27 2 2 4.3989898989899
543.75 32 454.927890123254 "uLSIF" 27 2 2 4.43434343434343
556.353002070393 34 463.283056334154 "uLSIF" 27 2 2 4.46969696969697
556.321503131524 42 461.146206080547 "uLSIF" 27 2 2 4.50505050505051
565.581761006289 46 464.512876130376 "uLSIF" 27 2 2 4.54040404040404
575.279411764706 48 466.362634561691 "uLSIF" 27 2 2 4.57575757575758
592.046511627907 54 474.49162319253 "uLSIF" 27 2 2 4.61111111111111
609.389125799574 62 481.973463367743 "uLSIF" 27 2 2 4.64646464646465
617.651237890204 71 484.134794167465 "uLSIF" 27 2 2 4.68181818181818
626.233188720174 78 487.286903635134 "uLSIF" 27 2 2 4.71717171717172
629.676470588235 82 487.634488802134 "uLSIF" 27 2 2 4.75252525252525
637.760964912281 88 489.090039603163 "uLSIF" 27 2 2 4.78787878787879
645.146017699115 96 492.092308645193 "uLSIF" 27 2 2 4.82323232323232
652.701890989989 101 495.728035516316 "uLSIF" 27 2 2 4.85858585858586
663.51061452514 105 501.122886384737 "uLSIF" 27 2 2 4.89393939393939
668.470056497175 115 502.515827238304 "uLSIF" 27 2 2 4.92929292929293
676.05675368899 119 504.067953078564 "uLSIF" 27 2 2 4.96464646464646
681.005740528129 129 504.455451220283 "uLSIF" 27 2 2 5
