148.045 13.235 0 0 "KDE LDA" 16 2000 2.5
152.17 13.36 0 0 "KDE LDA" 16 2000 2.51010101010101
153.005 13.425 0 0 "KDE LDA" 16 2000 2.52020202020202
156.415 13.65 0 0 "KDE LDA" 16 2000 2.53030303030303
160.975 13.69 0 0 "KDE LDA" 16 2000 2.54040404040404
164.005 13.705 0 0 "KDE LDA" 16 2000 2.55050505050505
164.955 13.705 0 0 "KDE LDA" 16 2000 2.56060606060606
165.195 13.72 0 0 "KDE LDA" 16 2000 2.57070707070707
165.59 13.735 0 0 "KDE LDA" 16 2000 2.58080808080808
166.69 13.805 0 0 "KDE LDA" 16 2000 2.59090909090909
167.515 13.815 0 0 "KDE LDA" 16 2000 2.6010101010101
167.895 13.825 0 0 "KDE LDA" 16 2000 2.61111111111111
169.86 14.03 0 0 "KDE LDA" 16 2000 2.62121212121212
170.405 14.08 0 0 "KDE LDA" 16 2000 2.63131313131313
173.84 14.09 0 0 "KDE LDA" 16 2000 2.64141414141414
174.96 14.26 0 0 "KDE LDA" 16 2000 2.65151515151515
176.72 14.365 0 0 "KDE LDA" 16 2000 2.66161616161616
192.43 14.765 0 0 "KDE LDA" 16 2000 2.67171717171717
192.78 14.915 0 0 "KDE LDA" 16 2000 2.68181818181818
193.995 14.93 0 0 "KDE LDA" 16 2000 2.69191919191919
197.985 15.035 0 0 "KDE LDA" 16 2000 2.7020202020202
198.035 15.05 0 0 "KDE LDA" 16 2000 2.71212121212121
199.105 15.055 0 0 "KDE LDA" 16 2000 2.72222222222222
199.115 15.19 0 0 "KDE LDA" 16 2000 2.73232323232323
199.125 15.21 0 0 "KDE LDA" 16 2000 2.74242424242424
200.065 15.285 0 0 "KDE LDA" 16 2000 2.75252525252525
201.12 15.355 0 0 "KDE LDA" 16 2000 2.76262626262626
201.61 15.385 0 0 "KDE LDA" 16 2000 2.77272727272727
203.785 15.43 0 0 "KDE LDA" 16 2000 2.78282828282828
209.97 15.515 0 0 "KDE LDA" 16 2000 2.79292929292929
240.66 16.155 0 0 "KDE LDA" 16 2000 2.8030303030303
243.05 16.23 0 0 "KDE LDA" 16 2000 2.81313131313131
244.82 16.25 0 0 "KDE LDA" 16 2000 2.82323232323232
246.365 16.255 0 0 "KDE LDA" 16 2000 2.83333333333333
248.615 16.28 0 0 "KDE LDA" 16 2000 2.84343434343434
248.625 16.305 0 0 "KDE LDA" 16 2000 2.85353535353535
249.905 16.31 0 0 "KDE LDA" 16 2000 2.86363636363636
250.66 16.4 0 0 "KDE LDA" 16 2000 2.87373737373737
250.665 16.44 0 0 "KDE LDA" 16 2000 2.88383838383838
251.045 16.445 0 0 "KDE LDA" 16 2000 2.89393939393939
253.005 16.62 0 0 "KDE LDA" 16 2000 2.9040404040404
253.005 16.695 0 0 "KDE LDA" 16 2000 2.91414141414141
253.005 16.72 0 0 "KDE LDA" 16 2000 2.92424242424242
253.7 16.75 0 0 "KDE LDA" 16 2000 2.93434343434343
255.27 16.775 0 0 "KDE LDA" 16 2000 2.94444444444444
256.425 16.79 0 0 "KDE LDA" 16 2000 2.95454545454545
262.945 16.825 0 0 "KDE LDA" 16 2000 2.96464646464646
264.19 16.85 0 0 "KDE LDA" 16 2000 2.97474747474747
264.19 16.865 0 0 "KDE LDA" 16 2000 2.98484848484848
266.785 17.03 0 0 "KDE LDA" 16 2000 2.99494949494949
267.56 17.035 0 0 "KDE LDA" 16 2000 3.00505050505051
271.77 17.04 0 0 "KDE LDA" 16 2000 3.01515151515152
271.805 17.065 0 0 "KDE LDA" 16 2000 3.02525252525253
274.285 17.1 0 0 "KDE LDA" 16 2000 3.03535353535354
275.825 17.115 0 0 "KDE LDA" 16 2000 3.04545454545455
277.22 17.14 0 0 "KDE LDA" 16 2000 3.05555555555556
277.22 17.195 0 0 "KDE LDA" 16 2000 3.06565656565657
279.025 17.25 0 0 "KDE LDA" 16 2000 3.07575757575758
288.53 17.3 0 0 "KDE LDA" 16 2000 3.08585858585859
304.665 17.665 0 0 "KDE LDA" 16 2000 3.0959595959596
304.69 17.745 0 0 "KDE LDA" 16 2000 3.10606060606061
304.695 17.89 0 0 "KDE LDA" 16 2000 3.11616161616162
305.26 17.895 0 0 "KDE LDA" 16 2000 3.12626262626263
308.815 17.915 0 0 "KDE LDA" 16 2000 3.13636363636364
311.765 17.995 0 0 "KDE LDA" 16 2000 3.14646464646465
315.665 18.02 0 0 "KDE LDA" 16 2000 3.15656565656566
322.92 18.08 0 0 "KDE LDA" 16 2000 3.16666666666667
329.24 18.155 0 0 "KDE LDA" 16 2000 3.17676767676768
329.435 18.495 0 0 "KDE LDA" 16 2000 3.18686868686869
332.55 18.69 0 0 "KDE LDA" 16 2000 3.1969696969697
336.3 18.815 0 0 "KDE LDA" 16 2000 3.20707070707071
347.36 18.865 0 0 "KDE LDA" 16 2000 3.21717171717172
365.805 19.28 0 0 "KDE LDA" 16 2000 3.22727272727273
366.755 19.54 0 0 "KDE LDA" 16 2000 3.23737373737374
369.725 19.55 0 0 "KDE LDA" 16 2000 3.24747474747475
371.175 19.585 0 0 "KDE LDA" 16 2000 3.25757575757576
374.51 19.615 0 0 "KDE LDA" 16 2000 3.26767676767677
377.635 19.735 0 0 "KDE LDA" 16 2000 3.27777777777778
380.87 19.76 0 0 "KDE LDA" 16 2000 3.28787878787879
384.02 19.76 0 0 "KDE LDA" 16 2000 3.2979797979798
392.035 19.835 0 0 "KDE LDA" 16 2000 3.30808080808081
401.645 19.895 0 0 "KDE LDA" 16 2000 3.31818181818182
402.97 19.925 0 0 "KDE LDA" 16 2000 3.32828282828283
408.555 20.035 0 0 "KDE LDA" 16 2000 3.33838383838384
408.87 20.22 0 0 "KDE LDA" 16 2000 3.34848484848485
470.405 20.59 0 0 "KDE LDA" 16 2000 3.35858585858586
474.83 20.6 0 0 "KDE LDA" 16 2000 3.36868686868687
474.875 20.625 0 0 "KDE LDA" 16 2000 3.37878787878788
474.915 20.69 0 0 "KDE LDA" 16 2000 3.38888888888889
475.73 20.695 0 0 "KDE LDA" 16 2000 3.3989898989899
482.87 20.82 0 0 "KDE LDA" 16 2000 3.40909090909091
488.215 20.88 0 0 "KDE LDA" 16 2000 3.41919191919192
496.45 21.075 0 0 "KDE LDA" 16 2000 3.42929292929293
496.45 21.125 0 0 "KDE LDA" 16 2000 3.43939393939394
496.465 21.205 0 0 "KDE LDA" 16 2000 3.44949494949495
496.93 21.33 0 0 "KDE LDA" 16 2000 3.45959595959596
499.22 21.345 0 0 "KDE LDA" 16 2000 3.46969696969697
499.25 21.47 0 0 "KDE LDA" 16 2000 3.47979797979798
503.95 21.505 0 0 "KDE LDA" 16 2000 3.48989898989899
510.975 21.545 0 0 "KDE LDA" 16 2000 3.5
95.135 11.765 0 0 "KDE QDA" 16 2000 2.7
95.98 11.78 0 0 "KDE QDA" 16 2000 2.71010101010101
95.98 11.785 0 0 "KDE QDA" 16 2000 2.72020202020202
95.985 11.785 0 0 "KDE QDA" 16 2000 2.73030303030303
95.985 11.785 0 0 "KDE QDA" 16 2000 2.74040404040404
95.985 11.8 0 0 "KDE QDA" 16 2000 2.75050505050505
95.99 11.805 0 0 "KDE QDA" 16 2000 2.76060606060606
96.02 11.805 0 0 "KDE QDA" 16 2000 2.77070707070707
96.66 11.81 0 0 "KDE QDA" 16 2000 2.78080808080808
96.7 11.83 0 0 "KDE QDA" 16 2000 2.79090909090909
118.115 13.085 0 0 "KDE QDA" 16 2000 2.8010101010101
118.115 13.085 0 0 "KDE QDA" 16 2000 2.81111111111111
118.115 13.105 0 0 "KDE QDA" 16 2000 2.82121212121212
121.1 13.25 0 0 "KDE QDA" 16 2000 2.83131313131313
121.115 13.25 0 0 "KDE QDA" 16 2000 2.84141414141414
122.415 13.255 0 0 "KDE QDA" 16 2000 2.85151515151515
122.745 13.26 0 0 "KDE QDA" 16 2000 2.86161616161616
122.76 13.26 0 0 "KDE QDA" 16 2000 2.87171717171717
122.77 13.265 0 0 "KDE QDA" 16 2000 2.88181818181818
122.795 13.265 0 0 "KDE QDA" 16 2000 2.89191919191919
123.305 13.265 0 0 "KDE QDA" 16 2000 2.9020202020202
125.07 13.27 0 0 "KDE QDA" 16 2000 2.91212121212121
125.08 13.27 0 0 "KDE QDA" 16 2000 2.92222222222222
125.085 13.27 0 0 "KDE QDA" 16 2000 2.93232323232323
125.085 13.27 0 0 "KDE QDA" 16 2000 2.94242424242424
125.155 13.27 0 0 "KDE QDA" 16 2000 2.95252525252525
130.225 13.505 0 0 "KDE QDA" 16 2000 2.96262626262626
130.71 13.505 0 0 "KDE QDA" 16 2000 2.97272727272727
130.875 13.515 0 0 "KDE QDA" 16 2000 2.98282828282828
132.355 13.515 0 0 "KDE QDA" 16 2000 2.99292929292929
133.6 13.52 0 0 "KDE QDA" 16 2000 3.0030303030303
133.6 13.535 0 0 "KDE QDA" 16 2000 3.01313131313131
133.62 13.535 0 0 "KDE QDA" 16 2000 3.02323232323232
133.625 13.54 0 0 "KDE QDA" 16 2000 3.03333333333333
134.535 13.54 0 0 "KDE QDA" 16 2000 3.04343434343434
134.535 13.54 0 0 "KDE QDA" 16 2000 3.05353535353535
139.295 13.555 0 0 "KDE QDA" 16 2000 3.06363636363636
140.315 13.56 0 0 "KDE QDA" 16 2000 3.07373737373737
140.315 13.56 0 0 "KDE QDA" 16 2000 3.08383838383838
151.05 13.815 0 0 "KDE QDA" 16 2000 3.09393939393939
153.47 13.82 0 0 "KDE QDA" 16 2000 3.1040404040404
153.48 13.845 0 0 "KDE QDA" 16 2000 3.11414141414141
154.505 13.905 0 0 "KDE QDA" 16 2000 3.12424242424242
157.935 13.915 0 0 "KDE QDA" 16 2000 3.13434343434343
157.945 13.925 0 0 "KDE QDA" 16 2000 3.14444444444444
157.98 13.93 0 0 "KDE QDA" 16 2000 3.15454545454545
157.98 13.935 0 0 "KDE QDA" 16 2000 3.16464646464646
159.245 13.995 0 0 "KDE QDA" 16 2000 3.17474747474748
159.26 13.995 0 0 "KDE QDA" 16 2000 3.18484848484849
159.26 13.995 0 0 "KDE QDA" 16 2000 3.19494949494949
159.445 14.005 0 0 "KDE QDA" 16 2000 3.20505050505051
159.55 14.01 0 0 "KDE QDA" 16 2000 3.21515151515152
174.82 14.57 0 0 "KDE QDA" 16 2000 3.22525252525253
174.95 14.675 0 0 "KDE QDA" 16 2000 3.23535353535354
175.815 14.89 0 0 "KDE QDA" 16 2000 3.24545454545455
179.16 14.945 0 0 "KDE QDA" 16 2000 3.25555555555556
179.18 14.96 0 0 "KDE QDA" 16 2000 3.26565656565657
179.77 14.96 0 0 "KDE QDA" 16 2000 3.27575757575758
179.77 14.965 0 0 "KDE QDA" 16 2000 3.28585858585859
180.7 14.965 0 0 "KDE QDA" 16 2000 3.2959595959596
183.39 14.965 0 0 "KDE QDA" 16 2000 3.30606060606061
186.305 14.965 0 0 "KDE QDA" 16 2000 3.31616161616162
186.315 14.975 0 0 "KDE QDA" 16 2000 3.32626262626263
186.6 14.98 0 0 "KDE QDA" 16 2000 3.33636363636364
186.645 14.985 0 0 "KDE QDA" 16 2000 3.34646464646465
186.695 15.045 0 0 "KDE QDA" 16 2000 3.35656565656566
206.015 15.63 0 0 "KDE QDA" 16 2000 3.36666666666667
206.015 15.635 0 0 "KDE QDA" 16 2000 3.37676767676768
208.16 15.785 0 0 "KDE QDA" 16 2000 3.38686868686869
208.165 15.79 0 0 "KDE QDA" 16 2000 3.3969696969697
208.295 15.805 0 0 "KDE QDA" 16 2000 3.40707070707071
208.705 15.975 0 0 "KDE QDA" 16 2000 3.41717171717172
211.34 16 0 0 "KDE QDA" 16 2000 3.42727272727273
213.3 16.015 0 0 "KDE QDA" 16 2000 3.43737373737374
214.06 16.02 0 0 "KDE QDA" 16 2000 3.44747474747475
214.195 16.02 0 0 "KDE QDA" 16 2000 3.45757575757576
216.89 16.03 0 0 "KDE QDA" 16 2000 3.46767676767677
216.905 16.045 0 0 "KDE QDA" 16 2000 3.47777777777778
216.91 16.055 0 0 "KDE QDA" 16 2000 3.48787878787879
219.08 16.055 0 0 "KDE QDA" 16 2000 3.4979797979798
219.09 16.055 0 0 "KDE QDA" 16 2000 3.50808080808081
230.015 16.32 0 0 "KDE QDA" 16 2000 3.51818181818182
235.295 16.345 0 0 "KDE QDA" 16 2000 3.52828282828283
235.91 16.345 0 0 "KDE QDA" 16 2000 3.53838383838384
242.465 16.39 0 0 "KDE QDA" 16 2000 3.54848484848485
242.725 16.39 0 0 "KDE QDA" 16 2000 3.55858585858586
242.725 16.395 0 0 "KDE QDA" 16 2000 3.56868686868687
245.17 16.395 0 0 "KDE QDA" 16 2000 3.57878787878788
246.83 16.395 0 0 "KDE QDA" 16 2000 3.58888888888889
246.835 16.42 0 0 "KDE QDA" 16 2000 3.5989898989899
247.255 16.42 0 0 "KDE QDA" 16 2000 3.60909090909091
248.64 16.42 0 0 "KDE QDA" 16 2000 3.61919191919192
248.645 16.425 0 0 "KDE QDA" 16 2000 3.62929292929293
248.66 16.43 0 0 "KDE QDA" 16 2000 3.63939393939394
249.965 16.435 0 0 "KDE QDA" 16 2000 3.64949494949495
263.975 17.06 0 0 "KDE QDA" 16 2000 3.65959595959596
263.98 17.105 0 0 "KDE QDA" 16 2000 3.66969696969697
266.38 17.13 0 0 "KDE QDA" 16 2000 3.67979797979798
268.9 17.155 0 0 "KDE QDA" 16 2000 3.68989898989899
272.455 17.16 0 0 "KDE QDA" 16 2000 3.7
