21.113 0 16.4632703394639 "LDA" 12 1 1 1.5
22.069 0 17.3362852360529 "LDA" 12 1 1 1.53535353535354
22.627 0 17.4903912130285 "LDA" 12 1 1 1.57070707070707
23.586 0 18.4169973065587 "LDA" 12 1 1 1.60606060606061
24.509 0 18.91887530597 "LDA" 12 1 1 1.64141414141414
25.277 0 19.6302730143679 "LDA" 12 1 1 1.67676767676768
26.35 0 20.8793066322961 "LDA" 12 1 1 1.71212121212121
27.201 0 21.5297498622053 "LDA" 12 1 1 1.74747474747475
28.047 0 21.918650009027 "LDA" 12 1 1 1.78282828282828
28.628 0 22.3747233333564 "LDA" 12 1 1 1.81818181818182
29.693 0 23.4920545637802 "LDA" 12 1 1 1.85353535353535
30.787 0 23.9288156668737 "LDA" 12 1 1 1.88888888888889
31.667 0 24.7289634362751 "LDA" 12 1 1 1.92424242424242
32.899 0 25.6536724448939 "LDA" 12 1 1 1.95959595959596
33.779 0 26.1779572244368 "LDA" 12 1 1 1.99494949494949
34.49 0 26.6300029488744 "LDA" 12 1 1 2.03030303030303
35.614 0 28.1394888872352 "LDA" 12 1 1 2.06565656565657
36.517 0 28.5594704844882 "LDA" 12 1 1 2.1010101010101
37.515 0 29.0648333822773 "LDA" 12 1 1 2.13636363636364
38.872 0 29.9432498939947 "LDA" 12 1 1 2.17171717171717
39.912 0 31.0216795257865 "LDA" 12 1 1 2.20707070707071
41.012 0 31.9866691451768 "LDA" 12 1 1 2.24242424242424
41.987 0 32.4397467340324 "LDA" 12 1 1 2.27777777777778
43.055 0 33.1028968034034 "LDA" 12 1 1 2.31313131313131
43.92 0 33.7518412355058 "LDA" 12 1 1 2.34848484848485
45.079 0 34.571635150177 "LDA" 12 1 1 2.38383838383838
46.479 0 35.5091602190119 "LDA" 12 1 1 2.41919191919192
47.201 0 36.0996368788217 "LDA" 12 1 1 2.45454545454545
48.311 0 37.1426150513511 "LDA" 12 1 1 2.48989898989899
49.042 0 37.504357251029 "LDA" 12 1 1 2.52525252525253
50.25 0 38.135335370281 "LDA" 12 1 1 2.56060606060606
51.326 0 39.2920805200182 "LDA" 12 1 1 2.5959595959596
52.256 0 39.7966359914533 "LDA" 12 1 1 2.63131313131313
53.611 0 41.8965511707109 "LDA" 12 1 1 2.66666666666667
54.799 0 42.7786934771928 "LDA" 12 1 1 2.7020202020202
55.937 0 44.1301541069313 "LDA" 12 1 1 2.73737373737374
56.997 0 44.4288747991204 "LDA" 12 1 1 2.77272727272727
58.057 0 45.7051716298464 "LDA" 12 1 1 2.80808080808081
59.585 0 46.6021730988753 "LDA" 12 1 1 2.84343434343434
60.362 0 46.8427496972498 "LDA" 12 1 1 2.87878787878788
61.885 0 48.5317329600346 "LDA" 12 1 1 2.91414141414141
63.209 0 49.4555069346798 "LDA" 12 1 1 2.94949494949495
64.126 0 49.7728787942135 "LDA" 12 1 1 2.98484848484848
65.293 0 50.6112897845298 "LDA" 12 1 1 3.02020202020202
66.631 0 51.7984161429181 "LDA" 12 1 1 3.05555555555556
68.484 0 53.7981782961839 "LDA" 12 1 1 3.09090909090909
70.125 0 55.125331538025 "LDA" 12 1 1 3.12626262626263
71.609 0 57.6189210160956 "LDA" 12 1 1 3.16161616161616
72.712 0 58.3207198374845 "LDA" 12 1 1 3.1969696969697
74.647 0 60.8268386100683 "LDA" 12 1 1 3.23232323232323
75.776 0 61.9203678603087 "LDA" 12 1 1 3.26767676767677
77.781 0 63.2621461708195 "LDA" 12 1 1 3.3030303030303
79.206 0 63.9894852160745 "LDA" 12 1 1 3.33838383838384
81.114 0 66.1912856068704 "LDA" 12 1 1 3.37373737373737
82.341 0 67.0743743220218 "LDA" 12 1 1 3.40909090909091
83.408 0 67.4928946395606 "LDA" 12 1 1 3.44444444444444
84.792 0 68.1150232503256 "LDA" 12 1 1 3.47979797979798
86.066 0 68.9126592042318 "LDA" 12 1 1 3.51515151515152
87.267 0 70.1193870440939 "LDA" 12 1 1 3.55050505050505
88.261 0 70.8845504923217 "LDA" 12 1 1 3.58585858585859
89.665 0 71.5919980807156 "LDA" 12 1 1 3.62121212121212
90.857 0 71.862109026341 "LDA" 12 1 1 3.65656565656566
92.019 0 72.580510948667 "LDA" 12 1 1 3.69191919191919
93.325 0 73.4723727979746 "LDA" 12 1 1 3.72727272727273
94.765 0 74.4382215251266 "LDA" 12 1 1 3.76262626262626
96.517 0 75.4765023925553 "LDA" 12 1 1 3.7979797979798
97.564 0 75.5396991663996 "LDA" 12 1 1 3.83333333333333
99.353 0 77.3204166946728 "LDA" 12 1 1 3.86868686868687
100.496 0 77.5275338347771 "LDA" 12 1 1 3.9040404040404
102.163 0 78.9902011826966 "LDA" 12 1 1 3.93939393939394
103.427 0 79.42302366246 "LDA" 12 1 1 3.97474747474747
104.324 0 79.7573335578382 "LDA" 12 1 1 4.01010101010101
106.068 0 80.8562372801697 "LDA" 12 1 1 4.04545454545454
107.794 0 82.7583742742238 "LDA" 12 1 1 4.08080808080808
109.708 0 83.9866566455321 "LDA" 12 1 1 4.11616161616162
111.427 0 84.6712104843487 "LDA" 12 1 1 4.15151515151515
112.345 0 85.5346488339734 "LDA" 12 1 1 4.18686868686869
113.937 0 87.0655468049242 "LDA" 12 1 1 4.22222222222222
115.406 0 87.4653952106738 "LDA" 12 1 1 4.25757575757576
116.602 0 88.1469311858188 "LDA" 12 1 1 4.29292929292929
118.707 0 90.1332188937472 "LDA" 12 1 1 4.32828282828283
120.478 0 91.1971295186007 "LDA" 12 1 1 4.36363636363636
121.765 0 92.0892078215314 "LDA" 12 1 1 4.3989898989899
123.814 0 93.3172519607897 "LDA" 12 1 1 4.43434343434343
124.895 0 93.2834700296938 "LDA" 12 1 1 4.46969696969697
126.33 0 94.1963696543346 "LDA" 12 1 1 4.50505050505051
127.901 0 95.2720523708971 "LDA" 12 1 1 4.54040404040404
128.914 0 95.3002032145406 "LDA" 12 1 1 4.57575757575758
130.022 0 95.3689716666629 "LDA" 12 1 1 4.61111111111111
132.501 0 98.1933293504652 "LDA" 12 1 1 4.64646464646465
134.12 0 98.434144893329 "LDA" 12 1 1 4.68181818181818
135.498 0 98.900400834806 "LDA" 12 1 1 4.71717171717172
137.394 0 99.9004948579979 "LDA" 12 1 1 4.75252525252525
140.275 0 103.570585791726 "LDA" 12 1 1 4.78787878787879
141.643 0 104.365241602052 "LDA" 12 1 1 4.82323232323232
143.344 0 105.742674342846 "LDA" 12 1 1 4.85858585858586
144.154 0 105.962957831652 "LDA" 12 1 1 4.89393939393939
145.642 0 106.413399756082 "LDA" 12 1 1 4.92929292929293
146.781 0 107.025143870123 "LDA" 12 1 1 4.96464646464646
147.985 0 107.287582694366 "LDA" 12 1 1 5
22.239 0 17.419107448555 "uLSIF" 12 1 1 1.5
23.331 0 18.8439521739346 "uLSIF" 12 1 1 1.53535353535354
24.635 0 21.4082715110092 "uLSIF" 12 1 1 1.57070707070707
25.27 0 21.7504064371262 "uLSIF" 12 1 1 1.60606060606061
25.985 0 22.3266041361478 "uLSIF" 12 1 1 1.64141414141414
26.936 0 22.7783835852933 "uLSIF" 12 1 1 1.67676767676768
27.792 0 23.4215991620407 "uLSIF" 12 1 1 1.71212121212121
28.59 0 24.7208620606366 "uLSIF" 12 1 1 1.74747474747475
29.757 0 25.9176711275662 "uLSIF" 12 1 1 1.78282828282828
31.01 0 26.8960461275872 "uLSIF" 12 1 1 1.81818181818182
32.252 0 27.683223382707 "uLSIF" 12 1 1 1.85353535353535
33.062 0 27.8830346199911 "uLSIF" 12 1 1 1.88888888888889
34.169 0 28.6353701464364 "uLSIF" 12 1 1 1.92424242424242
34.989 0 29.0648179530277 "uLSIF" 12 1 1 1.95959595959596
35.866 0 29.8475949269438 "uLSIF" 12 1 1 1.99494949494949
36.902 0 30.8863782979547 "uLSIF" 12 1 1 2.03030303030303
38.112 0 31.7332704973259 "uLSIF" 12 1 1 2.06565656565657
39.306 0 32.451370625221 "uLSIF" 12 1 1 2.1010101010101
40.511 0 33.7064385986269 "uLSIF" 12 1 1 2.13636363636364
41.407 0 34.2695163483635 "uLSIF" 12 1 1 2.17171717171717
42.563 0 35.1382516316297 "uLSIF" 12 1 1 2.20707070707071
43.41 0 35.6658653891077 "uLSIF" 12 1 1 2.24242424242424
44.854 0 38.2278963069648 "uLSIF" 12 1 1 2.27777777777778
46.21 0 38.921212221111 "uLSIF" 12 1 1 2.31313131313131
47.604 0 40.3057531592915 "uLSIF" 12 1 1 2.34848484848485
49.368 0 42.3626624655624 "uLSIF" 12 1 1 2.38383838383838
50.567 0 42.8554325506009 "uLSIF" 12 1 1 2.41919191919192
52.279 0 45.2833052761913 "uLSIF" 12 1 1 2.45454545454545
53.191 0 46.1042310327276 "uLSIF" 12 1 1 2.48989898989899
54.763 0 47.9243735126144 "uLSIF" 12 1 1 2.52525252525253
56.219 0 48.9533806031052 "uLSIF" 12 1 1 2.56060606060606
57.181 0 49.3351010051788 "uLSIF" 12 1 1 2.5959595959596
57.981 0 49.5634459473327 "uLSIF" 12 1 1 2.63131313131313
59.245 0 51.2114204507606 "uLSIF" 12 1 1 2.66666666666667
60.573 0 52.2389086273304 "uLSIF" 12 1 1 2.7020202020202
62.261 0 53.0997972450693 "uLSIF" 12 1 1 2.73737373737374
63.498 0 54.077466364174 "uLSIF" 12 1 1 2.77272727272727
65.157 0 55.480667402758 "uLSIF" 12 1 1 2.80808080808081
66.583 0 56.1635063938359 "uLSIF" 12 1 1 2.84343434343434
68.462 0 57.9051600771776 "uLSIF" 12 1 1 2.87878787878788
70.705 0 61.0289317087028 "uLSIF" 12 1 1 2.91414141414141
72.215 0 62.0798734348395 "uLSIF" 12 1 1 2.94949494949495
74.256 0 63.4650634465788 "uLSIF" 12 1 1 2.98484848484848
76.124 0 64.6892365183059 "uLSIF" 12 1 1 3.02020202020202
78.403 0 67.2432914962619 "uLSIF" 12 1 1 3.05555555555556
81.076 0 70.3785717911877 "uLSIF" 12 1 1 3.09090909090909
83.786 0 73.3515006434541 "uLSIF" 12 1 1 3.12626262626263
85.408 0 75.0195272276856 "uLSIF" 12 1 1 3.16161616161616
86.843 0 75.978082497652 "uLSIF" 12 1 1 3.1969696969697
88.591 0 78.0566112097723 "uLSIF" 12 1 1 3.23232323232323
90.82 0 80.6181796550312 "uLSIF" 12 1 1 3.26767676767677
92.872 0 81.9339049525944 "uLSIF" 12 1 1 3.3030303030303
95.691 0 83.8329498615102 "uLSIF" 12 1 1 3.33838383838384
99.303 0 86.8137190357193 "uLSIF" 12 1 1 3.37373737373737
101.155 0 87.6555786899811 "uLSIF" 12 1 1 3.40909090909091
102.808 0 89.046439594205 "uLSIF" 12 1 1 3.44444444444444
105.575 0 91.2611361422263 "uLSIF" 12 1 1 3.47979797979798
107.917 0 92.5884481548953 "uLSIF" 12 1 1 3.51515151515152
109.727 0 94.4243635479288 "uLSIF" 12 1 1 3.55050505050505
113.262 0 97.3933510093005 "uLSIF" 12 1 1 3.58585858585859
115.912 0 99.4951231746337 "uLSIF" 12 1 1 3.62121212121212
117.622 0 100.666254578239 "uLSIF" 12 1 1 3.65656565656566
118.98 0 101.052715209693 "uLSIF" 12 1 1 3.69191919191919
121.472 0 102.78275882419 "uLSIF" 12 1 1 3.72727272727273
124.419 0 104.366583841874 "uLSIF" 12 1 1 3.76262626262626
126.861 0 106.950259639877 "uLSIF" 12 1 1 3.7979797979798
129.51 0 108.33009419967 "uLSIF" 12 1 1 3.83333333333333
131.79 0 109.080752245804 "uLSIF" 12 1 1 3.86868686868687
134.723 0 113.212027780772 "uLSIF" 12 1 1 3.9040404040404
137.055 0 114.049187599878 "uLSIF" 12 1 1 3.93939393939394
139.641 0 115.619505227228 "uLSIF" 12 1 1 3.97474747474747
141.835 0 116.521504607673 "uLSIF" 12 1 1 4.01010101010101
144.846 0 118.075705190171 "uLSIF" 12 1 1 4.04545454545454
147.74 0 122.15938488432 "uLSIF" 12 1 1 4.08080808080808
149.833 0 123.681689312813 "uLSIF" 12 1 1 4.11616161616162
152.863 0 125.776173724903 "uLSIF" 12 1 1 4.15151515151515
155.745 0 127.819747546546 "uLSIF" 12 1 1 4.18686868686869
159.645 0 132.235332487797 "uLSIF" 12 1 1 4.22222222222222
162.332 0 133.809224961079 "uLSIF" 12 1 1 4.25757575757576
163.44 0 134.255558376385 "uLSIF" 12 1 1 4.29292929292929
165.278 0 135.260245637992 "uLSIF" 12 1 1 4.32828282828283
167.82 0 136.653986081314 "uLSIF" 12 1 1 4.36363636363636
170.608 0 139.459769694932 "uLSIF" 12 1 1 4.3989898989899
173.077 0 140.955473524502 "uLSIF" 12 1 1 4.43434343434343
174.837 0 141.661647786031 "uLSIF" 12 1 1 4.46969696969697
178.028 0 143.586664932181 "uLSIF" 12 1 1 4.50505050505051
181.853 0 148.121258765575 "uLSIF" 12 1 1 4.54040404040404
186.059 0 151.958306274602 "uLSIF" 12 1 1 4.57575757575758
190.655 0 158.164243439859 "uLSIF" 12 1 1 4.61111111111111
195.092 0 163.603990788128 "uLSIF" 12 1 1 4.64646464646465
199.595 0 168.387961210059 "uLSIF" 12 1 1 4.68181818181818
204.404 0 172.80287502706 "uLSIF" 12 1 1 4.71717171717172
206.918 0 173.472401118881 "uLSIF" 12 1 1 4.75252525252525
210.259 0 179.433531736159 "uLSIF" 12 1 1 4.78787878787879
214.58 0 186.86358017976 "uLSIF" 12 1 1 4.82323232323232
217.573 0 188.644436425765 "uLSIF" 12 1 1 4.85858585858586
222.817 0 197.270436548754 "uLSIF" 12 1 1 4.89393939393939
226.861 0 199.844758766915 "uLSIF" 12 1 1 4.92929292929293
230.215 0 200.724849583305 "uLSIF" 12 1 1 4.96464646464646
233.775 0 203.507994631363 "uLSIF" 12 1 1 5
