145.53 13.155 0 0 "KDE LDA" 91 3000 2.5
148.215 13.255 0 0 "KDE LDA" 91 3000 2.51010101010101
152.47 13.4 0 0 "KDE LDA" 91 3000 2.52020202020202
159.56 13.45 0 0 "KDE LDA" 91 3000 2.53030303030303
164.445 13.47 0 0 "KDE LDA" 91 3000 2.54040404040404
164.955 13.53 0 0 "KDE LDA" 91 3000 2.55050505050505
167.335 13.575 0 0 "KDE LDA" 91 3000 2.56060606060606
168.315 13.705 0 0 "KDE LDA" 91 3000 2.57070707070707
168.315 13.73 0 0 "KDE LDA" 91 3000 2.58080808080808
168.785 13.75 0 0 "KDE LDA" 91 3000 2.59090909090909
169.36 13.765 0 0 "KDE LDA" 91 3000 2.6010101010101
173.25 13.77 0 0 "KDE LDA" 91 3000 2.61111111111111
173.63 13.785 0 0 "KDE LDA" 91 3000 2.62121212121212
173.735 13.795 0 0 "KDE LDA" 91 3000 2.63131313131313
177.38 13.855 0 0 "KDE LDA" 91 3000 2.64141414141414
183.405 13.92 0 0 "KDE LDA" 91 3000 2.65151515151515
185.81 14.16 0 0 "KDE LDA" 91 3000 2.66161616161616
193.18 14.355 0 0 "KDE LDA" 91 3000 2.67171717171717
197.46 14.4 0 0 "KDE LDA" 91 3000 2.68181818181818
197.885 14.445 0 0 "KDE LDA" 91 3000 2.69191919191919
199.595 14.46 0 0 "KDE LDA" 91 3000 2.7020202020202
199.96 14.505 0 0 "KDE LDA" 91 3000 2.71212121212121
199.965 14.53 0 0 "KDE LDA" 91 3000 2.72222222222222
200.545 14.58 0 0 "KDE LDA" 91 3000 2.73232323232323
201.06 14.665 0 0 "KDE LDA" 91 3000 2.74242424242424
201.805 14.735 0 0 "KDE LDA" 91 3000 2.75252525252525
203.465 14.835 0 0 "KDE LDA" 91 3000 2.76262626262626
210.665 15.075 0 0 "KDE LDA" 91 3000 2.77272727272727
215.775 15.21 0 0 "KDE LDA" 91 3000 2.78282828282828
218.195 15.755 0 0 "KDE LDA" 91 3000 2.79292929292929
243.575 16.255 0 0 "KDE LDA" 91 3000 2.8030303030303
245.765 16.26 0 0 "KDE LDA" 91 3000 2.81313131313131
251.08 16.29 0 0 "KDE LDA" 91 3000 2.82323232323232
254.13 16.31 0 0 "KDE LDA" 91 3000 2.83333333333333
254.765 16.335 0 0 "KDE LDA" 91 3000 2.84343434343434
255.095 16.34 0 0 "KDE LDA" 91 3000 2.85353535353535
255.095 16.345 0 0 "KDE LDA" 91 3000 2.86363636363636
257.14 16.35 0 0 "KDE LDA" 91 3000 2.87373737373737
259.49 16.39 0 0 "KDE LDA" 91 3000 2.88383838383838
259.69 16.59 0 0 "KDE LDA" 91 3000 2.89393939393939
259.74 16.695 0 0 "KDE LDA" 91 3000 2.9040404040404
261.17 16.8 0 0 "KDE LDA" 91 3000 2.91414141414141
262.82 16.82 0 0 "KDE LDA" 91 3000 2.92424242424242
266.185 16.845 0 0 "KDE LDA" 91 3000 2.93434343434343
268.125 16.92 0 0 "KDE LDA" 91 3000 2.94444444444444
270.255 17.01 0 0 "KDE LDA" 91 3000 2.95454545454545
274.445 17.075 0 0 "KDE LDA" 91 3000 2.96464646464646
278.335 17.12 0 0 "KDE LDA" 91 3000 2.97474747474747
278.85 17.125 0 0 "KDE LDA" 91 3000 2.98484848484848
279.845 17.125 0 0 "KDE LDA" 91 3000 2.99494949494949
279.845 17.13 0 0 "KDE LDA" 91 3000 3.00505050505051
279.865 17.145 0 0 "KDE LDA" 91 3000 3.01515151515152
283.82 17.21 0 0 "KDE LDA" 91 3000 3.02525252525253
288.305 17.245 0 0 "KDE LDA" 91 3000 3.03535353535354
289.35 17.26 0 0 "KDE LDA" 91 3000 3.04545454545455
292.205 17.265 0 0 "KDE LDA" 91 3000 3.05555555555556
293.61 17.365 0 0 "KDE LDA" 91 3000 3.06565656565657
295.13 17.475 0 0 "KDE LDA" 91 3000 3.07575757575758
298.255 17.59 0 0 "KDE LDA" 91 3000 3.08585858585859
302.53 17.94 0 0 "KDE LDA" 91 3000 3.0959595959596
308.865 17.99 0 0 "KDE LDA" 91 3000 3.10606060606061
308.88 17.995 0 0 "KDE LDA" 91 3000 3.11616161616162
309.62 18.005 0 0 "KDE LDA" 91 3000 3.12626262626263
309.905 18.05 0 0 "KDE LDA" 91 3000 3.13636363636364
310.795 18.11 0 0 "KDE LDA" 91 3000 3.14646464646465
312.52 18.23 0 0 "KDE LDA" 91 3000 3.15656565656566
312.535 18.345 0 0 "KDE LDA" 91 3000 3.16666666666667
312.545 18.465 0 0 "KDE LDA" 91 3000 3.17676767676768
312.595 18.52 0 0 "KDE LDA" 91 3000 3.18686868686869
314.43 18.56 0 0 "KDE LDA" 91 3000 3.1969696969697
323.455 18.815 0 0 "KDE LDA" 91 3000 3.20707070707071
333.765 18.83 0 0 "KDE LDA" 91 3000 3.21717171717172
364 19.085 0 0 "KDE LDA" 91 3000 3.22727272727273
364.59 19.09 0 0 "KDE LDA" 91 3000 3.23737373737374
366.45 19.1 0 0 "KDE LDA" 91 3000 3.24747474747475
372.13 19.135 0 0 "KDE LDA" 91 3000 3.25757575757576
374.38 19.23 0 0 "KDE LDA" 91 3000 3.26767676767677
376.345 19.315 0 0 "KDE LDA" 91 3000 3.27777777777778
386.72 19.315 0 0 "KDE LDA" 91 3000 3.28787878787879
387.985 19.38 0 0 "KDE LDA" 91 3000 3.2979797979798
396.725 19.465 0 0 "KDE LDA" 91 3000 3.30808080808081
396.73 19.49 0 0 "KDE LDA" 91 3000 3.31818181818182
398.51 19.51 0 0 "KDE LDA" 91 3000 3.32828282828283
403.265 19.57 0 0 "KDE LDA" 91 3000 3.33838383838384
411.215 19.67 0 0 "KDE LDA" 91 3000 3.34848484848485
482.39 19.87 0 0 "KDE LDA" 91 3000 3.35858585858586
482.425 20.06 0 0 "KDE LDA" 91 3000 3.36868686868687
490.9 20.165 0 0 "KDE LDA" 91 3000 3.37878787878788
495.07 20.265 0 0 "KDE LDA" 91 3000 3.38888888888889
495.095 20.375 0 0 "KDE LDA" 91 3000 3.3989898989899
500.12 20.385 0 0 "KDE LDA" 91 3000 3.40909090909091
500.125 20.39 0 0 "KDE LDA" 91 3000 3.41919191919192
500.135 20.395 0 0 "KDE LDA" 91 3000 3.42929292929293
503.765 20.41 0 0 "KDE LDA" 91 3000 3.43939393939394
508.335 20.445 0 0 "KDE LDA" 91 3000 3.44949494949495
512.51 20.49 0 0 "KDE LDA" 91 3000 3.45959595959596
518.025 20.51 0 0 "KDE LDA" 91 3000 3.46969696969697
523.62 20.62 0 0 "KDE LDA" 91 3000 3.47979797979798
524.385 20.65 0 0 "KDE LDA" 91 3000 3.48989898989899
527.355 20.84 0 0 "KDE LDA" 91 3000 3.5
113.53 13.265 0 0 "KDE QDA" 91 3000 2.7
113.535 13.265 0 0 "KDE QDA" 91 3000 2.71010101010101
113.535 13.37 0 0 "KDE QDA" 91 3000 2.72020202020202
113.69 13.375 0 0 "KDE QDA" 91 3000 2.73030303030303
113.69 13.39 0 0 "KDE QDA" 91 3000 2.74040404040404
113.69 13.39 0 0 "KDE QDA" 91 3000 2.75050505050505
113.69 13.39 0 0 "KDE QDA" 91 3000 2.76060606060606
114.205 13.39 0 0 "KDE QDA" 91 3000 2.77070707070707
114.205 13.565 0 0 "KDE QDA" 91 3000 2.78080808080808
114.235 13.565 0 0 "KDE QDA" 91 3000 2.79090909090909
150.82 14.28 0 0 "KDE QDA" 91 3000 2.8010101010101
150.835 14.28 0 0 "KDE QDA" 91 3000 2.81111111111111
150.88 14.28 0 0 "KDE QDA" 91 3000 2.82121212121212
155.56 14.365 0 0 "KDE QDA" 91 3000 2.83131313131313
155.58 14.365 0 0 "KDE QDA" 91 3000 2.84141414141414
156.905 14.37 0 0 "KDE QDA" 91 3000 2.85151515151515
156.93 14.395 0 0 "KDE QDA" 91 3000 2.86161616161616
156.93 14.4 0 0 "KDE QDA" 91 3000 2.87171717171717
156.935 14.4 0 0 "KDE QDA" 91 3000 2.88181818181818
156.95 14.4 0 0 "KDE QDA" 91 3000 2.89191919191919
156.95 14.4 0 0 "KDE QDA" 91 3000 2.9020202020202
156.97 14.4 0 0 "KDE QDA" 91 3000 2.91212121212121
156.97 14.4 0 0 "KDE QDA" 91 3000 2.92222222222222
156.975 14.4 0 0 "KDE QDA" 91 3000 2.93232323232323
157.825 14.405 0 0 "KDE QDA" 91 3000 2.94242424242424
157.83 14.405 0 0 "KDE QDA" 91 3000 2.95252525252525
168.825 14.79 0 0 "KDE QDA" 91 3000 2.96262626262626
169.05 14.79 0 0 "KDE QDA" 91 3000 2.97272727272727
169.7 14.805 0 0 "KDE QDA" 91 3000 2.98282828282828
169.735 14.815 0 0 "KDE QDA" 91 3000 2.99292929292929
170.21 14.815 0 0 "KDE QDA" 91 3000 3.0030303030303
170.215 14.82 0 0 "KDE QDA" 91 3000 3.01313131313131
170.235 14.82 0 0 "KDE QDA" 91 3000 3.02323232323232
170.235 14.82 0 0 "KDE QDA" 91 3000 3.03333333333333
170.235 14.82 0 0 "KDE QDA" 91 3000 3.04343434343434
170.235 14.82 0 0 "KDE QDA" 91 3000 3.05353535353535
170.695 14.84 0 0 "KDE QDA" 91 3000 3.06363636363636
170.695 14.84 0 0 "KDE QDA" 91 3000 3.07373737373737
170.7 14.845 0 0 "KDE QDA" 91 3000 3.08383838383838
187.095 15.435 0 0 "KDE QDA" 91 3000 3.09393939393939
189.66 15.44 0 0 "KDE QDA" 91 3000 3.1040404040404
189.97 15.44 0 0 "KDE QDA" 91 3000 3.11414141414141
192.37 15.49 0 0 "KDE QDA" 91 3000 3.12424242424242
192.505 15.49 0 0 "KDE QDA" 91 3000 3.13434343434343
195.12 15.53 0 0 "KDE QDA" 91 3000 3.14444444444444
195.125 15.555 0 0 "KDE QDA" 91 3000 3.15454545454545
195.13 15.565 0 0 "KDE QDA" 91 3000 3.16464646464646
195.555 15.565 0 0 "KDE QDA" 91 3000 3.17474747474748
195.555 15.565 0 0 "KDE QDA" 91 3000 3.18484848484849
197.375 15.57 0 0 "KDE QDA" 91 3000 3.19494949494949
197.38 15.57 0 0 "KDE QDA" 91 3000 3.20505050505051
197.38 15.585 0 0 "KDE QDA" 91 3000 3.21515151515152
210.04 16.055 0 0 "KDE QDA" 91 3000 3.22525252525253
210.06 16.065 0 0 "KDE QDA" 91 3000 3.23535353535354
212.65 16.1 0 0 "KDE QDA" 91 3000 3.24545454545455
218.535 16.235 0 0 "KDE QDA" 91 3000 3.25555555555556
218.535 16.235 0 0 "KDE QDA" 91 3000 3.26565656565657
219.5 16.235 0 0 "KDE QDA" 91 3000 3.27575757575758
219.615 16.235 0 0 "KDE QDA" 91 3000 3.28585858585859
219.62 16.24 0 0 "KDE QDA" 91 3000 3.2959595959596
219.62 16.25 0 0 "KDE QDA" 91 3000 3.30606060606061
219.66 16.25 0 0 "KDE QDA" 91 3000 3.31616161616162
219.66 16.25 0 0 "KDE QDA" 91 3000 3.32626262626263
219.68 16.255 0 0 "KDE QDA" 91 3000 3.33636363636364
219.68 16.255 0 0 "KDE QDA" 91 3000 3.34646464646465
221.28 16.255 0 0 "KDE QDA" 91 3000 3.35656565656566
254.505 16.73 0 0 "KDE QDA" 91 3000 3.36666666666667
254.505 16.73 0 0 "KDE QDA" 91 3000 3.37676767676768
259.71 16.875 0 0 "KDE QDA" 91 3000 3.38686868686869
264.555 16.875 0 0 "KDE QDA" 91 3000 3.3969696969697
264.61 16.9 0 0 "KDE QDA" 91 3000 3.40707070707071
266.51 16.94 0 0 "KDE QDA" 91 3000 3.41717171717172
267.36 16.955 0 0 "KDE QDA" 91 3000 3.42727272727273
268.175 16.955 0 0 "KDE QDA" 91 3000 3.43737373737374
269.145 16.96 0 0 "KDE QDA" 91 3000 3.44747474747475
269.145 16.96 0 0 "KDE QDA" 91 3000 3.45757575757576
269.15 16.96 0 0 "KDE QDA" 91 3000 3.46767676767677
269.155 16.96 0 0 "KDE QDA" 91 3000 3.47777777777778
269.165 16.965 0 0 "KDE QDA" 91 3000 3.48787878787879
269.165 16.97 0 0 "KDE QDA" 91 3000 3.4979797979798
269.225 16.97 0 0 "KDE QDA" 91 3000 3.50808080808081
276.585 17.33 0 0 "KDE QDA" 91 3000 3.51818181818182
279.145 17.335 0 0 "KDE QDA" 91 3000 3.52828282828283
283.475 17.335 0 0 "KDE QDA" 91 3000 3.53838383838384
284.47 17.415 0 0 "KDE QDA" 91 3000 3.54848484848485
289.89 17.42 0 0 "KDE QDA" 91 3000 3.55858585858586
291.025 17.42 0 0 "KDE QDA" 91 3000 3.56868686868687
291.03 17.45 0 0 "KDE QDA" 91 3000 3.57878787878788
291.295 17.45 0 0 "KDE QDA" 91 3000 3.58888888888889
294.92 17.45 0 0 "KDE QDA" 91 3000 3.5989898989899
294.935 17.45 0 0 "KDE QDA" 91 3000 3.60909090909091
294.935 17.465 0 0 "KDE QDA" 91 3000 3.61919191919192
294.935 17.465 0 0 "KDE QDA" 91 3000 3.62929292929293
295.45 17.47 0 0 "KDE QDA" 91 3000 3.63939393939394
295.46 17.475 0 0 "KDE QDA" 91 3000 3.64949494949495
317.775 17.915 0 0 "KDE QDA" 91 3000 3.65959595959596
318.665 17.915 0 0 "KDE QDA" 91 3000 3.66969696969697
321.58 17.955 0 0 "KDE QDA" 91 3000 3.67979797979798
321.58 17.96 0 0 "KDE QDA" 91 3000 3.68989898989899
321.615 17.96 0 0 "KDE QDA" 91 3000 3.7
