27.82 0 22.9252517361788 "LDA" 32 2 1 1.5
28.804 0 24.1783410550885 "LDA" 32 2 1 1.53535353535354
30.155 0 25.3276620607877 "LDA" 32 2 1 1.57070707070707
31.627 0 26.4903304737523 "LDA" 32 2 1 1.60606060606061
32.817 0 27.2611202939219 "LDA" 32 2 1 1.64141414141414
33.863 0 27.8305726094842 "LDA" 32 2 1 1.67676767676768
35.24 0 29.8556487077364 "LDA" 32 2 1 1.71212121212121
36.777 0 31.4909661959101 "LDA" 32 2 1 1.74747474747475
38.341 0 32.8368234757258 "LDA" 32 2 1 1.78282828282828
39.451 0 33.2909580349813 "LDA" 32 2 1 1.81818181818182
41.003 0 34.3636122788168 "LDA" 32 2 1 1.85353535353535
42.48 0 34.7785443506071 "LDA" 32 2 1 1.88888888888889
43.869 0 35.839368009206 "LDA" 32 2 1 1.92424242424242
45.683 0 37.8186033290199 "LDA" 32 2 1 1.95959595959596
46.813 0 39.1001387702378 "LDA" 32 2 1 1.99494949494949
47.901 0 40.0393350013127 "LDA" 32 2 1 2.03030303030303
49.209 0 41.1267641534042 "LDA" 32 2 1 2.06565656565657
50.774 0 42.4316788658117 "LDA" 32 2 1 2.1010101010101
52.288 0 43.9279719850885 "LDA" 32 2 1 2.13636363636364
54.299 0 46.0050221286879 "LDA" 32 2 1 2.17171717171717
56.306 0 47.4342953608081 "LDA" 32 2 1 2.20707070707071
57.781 0 48.0151902786764 "LDA" 32 2 1 2.24242424242424
59.389 0 49.2371808593768 "LDA" 32 2 1 2.27777777777778
61.307 0 50.9263806611784 "LDA" 32 2 1 2.31313131313131
63.003 0 52.8427606049149 "LDA" 32 2 1 2.34848484848485
64.739 0 54.0377364066627 "LDA" 32 2 1 2.38383838383838
66.922 0 56.8162300755691 "LDA" 32 2 1 2.41919191919192
69.495 0 59.5643676109206 "LDA" 32 2 1 2.45454545454545
71.767 0 61.7859548377721 "LDA" 32 2 1 2.48989898989899
73.639 0 63.3451283389992 "LDA" 32 2 1 2.52525252525253
75.331 0 64.7588847352404 "LDA" 32 2 1 2.56060606060606
77.219 0 66.3988241073804 "LDA" 32 2 1 2.5959595959596
79.005 0 67.2070514363096 "LDA" 32 2 1 2.63131313131313
81.149 0 67.8708866617805 "LDA" 32 2 1 2.66666666666667
83.83 0 70.3999663015207 "LDA" 32 2 1 2.7020202020202
85.712 0 70.7919809057534 "LDA" 32 2 1 2.73737373737374
88.192 0 72.6849657098374 "LDA" 32 2 1 2.77272727272727
90.916 0 74.0322343017939 "LDA" 32 2 1 2.80808080808081
93.537 0 76.7265638263346 "LDA" 32 2 1 2.84343434343434
95.861 0 81.0680807267121 "LDA" 32 2 1 2.87878787878788
98.169 0 82.8626614323946 "LDA" 32 2 1 2.91414141414141
100.301 0 85.9296241077505 "LDA" 32 2 1 2.94949494949495
102.454 0 87.2759931652627 "LDA" 32 2 1 2.98484848484848
104.708 0 87.9563132984157 "LDA" 32 2 1 3.02020202020202
109.12 0 91.3382081511799 "LDA" 32 2 1 3.05555555555556
111.161 0 93.3266893763512 "LDA" 32 2 1 3.09090909090909
112.666 0 94.2205920378553 "LDA" 32 2 1 3.12626262626263
114.372 0 95.847004461612 "LDA" 32 2 1 3.16161616161616
115.676 0 95.9781268041048 "LDA" 32 2 1 3.1969696969697
119.142 0 99.2493741757311 "LDA" 32 2 1 3.23232323232323
121.694 0 100.809567665638 "LDA" 32 2 1 3.26767676767677
126.352 0 107.137540332736 "LDA" 32 2 1 3.3030303030303
131.02 0 115.33667304092 "LDA" 32 2 1 3.33838383838384
133.453 0 117.04383388308 "LDA" 32 2 1 3.37373737373737
136.38 0 118.661763909923 "LDA" 32 2 1 3.40909090909091
139.072 0 119.546426814707 "LDA" 32 2 1 3.44444444444444
141.633 0 121.662500693825 "LDA" 32 2 1 3.47979797979798
144.586 0 123.431973394482 "LDA" 32 2 1 3.51515151515152
147.252 0 124.674513154174 "LDA" 32 2 1 3.55050505050505
149.805 0 126.043095157318 "LDA" 32 2 1 3.58585858585859
152.718 0 129.497598835284 "LDA" 32 2 1 3.62121212121212
156.679 0 132.37260466375 "LDA" 32 2 1 3.65656565656566
160.485 0 134.945262973544 "LDA" 32 2 1 3.69191919191919
164.057 0 138.184842880114 "LDA" 32 2 1 3.72727272727273
167.97 0 143.036983604516 "LDA" 32 2 1 3.76262626262626
171.992 0 146.760909988664 "LDA" 32 2 1 3.7979797979798
175.344 0 147.852121776841 "LDA" 32 2 1 3.83333333333333
177.895 0 148.961402633281 "LDA" 32 2 1 3.86868686868687
181.767 0 152.364831088912 "LDA" 32 2 1 3.9040404040404
186.73 0 156.633614493151 "LDA" 32 2 1 3.93939393939394
192.461 0 164.965105294923 "LDA" 32 2 1 3.97474747474747
195.844 0 166.014946997632 "LDA" 32 2 1 4.01010101010101
199.275 0 167.931946077908 "LDA" 32 2 1 4.04545454545454
203.864 0 170.987912936472 "LDA" 32 2 1 4.08080808080808
205.731 0 172.31455232784 "LDA" 32 2 1 4.11616161616162
210.099 0 178.069733613068 "LDA" 32 2 1 4.15151515151515
214.263 0 180.297085028765 "LDA" 32 2 1 4.18686868686869
218.428 0 185.789236653947 "LDA" 32 2 1 4.22222222222222
222.964 0 189.801789831981 "LDA" 32 2 1 4.25757575757576
226.541 0 193.163983815937 "LDA" 32 2 1 4.29292929292929
230.889 0 195.323552007865 "LDA" 32 2 1 4.32828282828283
238.282 0 204.703712926967 "LDA" 32 2 1 4.36363636363636
244.143 0 209.943880558553 "LDA" 32 2 1 4.3989898989899
247.601 0 211.436271949957 "LDA" 32 2 1 4.43434343434343
251.468 0 214.219011202929 "LDA" 32 2 1 4.46969696969697
255.841 0 217.175461090566 "LDA" 32 2 1 4.50505050505051
259.943 0 222.823409952866 "LDA" 32 2 1 4.54040404040404
268.424 0 230.622780945619 "LDA" 32 2 1 4.57575757575758
272.703 0 233.798221548838 "LDA" 32 2 1 4.61111111111111
278.073 0 240.00026624735 "LDA" 32 2 1 4.64646464646465
285.243 0 244.198863707504 "LDA" 32 2 1 4.68181818181818
289.029 0 245.014187571069 "LDA" 32 2 1 4.71717171717172
294.133 0 248.633529402096 "LDA" 32 2 1 4.75252525252525
298.931 0 250.639826367562 "LDA" 32 2 1 4.78787878787879
303.777 0 257.012031732865 "LDA" 32 2 1 4.82323232323232
312.997 0 269.888011088914 "LDA" 32 2 1 4.85858585858586
317.938938938939 1 274.54191994464 "LDA" 32 2 1 4.89393939393939
326.943943943944 1 282.783358273243 "LDA" 32 2 1 4.92929292929293
331.643643643644 1 288.615569627142 "LDA" 32 2 1 4.96464646464646
334.840840840841 1 293.786249532756 "LDA" 32 2 1 5
21.204 0 16.498987865945 "uLSIF" 32 2 1 1.5
22.097 0 17.2674188793448 "uLSIF" 32 2 1 1.53535353535354
22.638 0 17.4542719013887 "uLSIF" 32 2 1 1.57070707070707
23.279 0 17.6807173713842 "uLSIF" 32 2 1 1.60606060606061
24.219 0 18.7231299358466 "uLSIF" 32 2 1 1.64141414141414
25.305 0 19.2056458321982 "uLSIF" 32 2 1 1.67676767676768
26.28 0 20.1209953644062 "uLSIF" 32 2 1 1.71212121212121
27.254 0 21.3427035540251 "uLSIF" 32 2 1 1.74747474747475
28.326 0 21.9586408027889 "uLSIF" 32 2 1 1.78282828282828
29.103 0 22.4666228022847 "uLSIF" 32 2 1 1.81818181818182
30.224 0 23.2539581699669 "uLSIF" 32 2 1 1.85353535353535
30.981 0 23.6986975858858 "uLSIF" 32 2 1 1.88888888888889
32.467 0 25.4926025306124 "uLSIF" 32 2 1 1.92424242424242
33.447 0 26.6588049785223 "uLSIF" 32 2 1 1.95959595959596
34.512 0 27.2491168732194 "uLSIF" 32 2 1 1.99494949494949
35.73 0 28.0843698848992 "uLSIF" 32 2 1 2.03030303030303
36.798 0 28.5815692729091 "uLSIF" 32 2 1 2.06565656565657
38.073 0 29.2374845275975 "uLSIF" 32 2 1 2.1010101010101
39.048 0 30.0969686766545 "uLSIF" 32 2 1 2.13636363636364
40.049 0 31.0351378082776 "uLSIF" 32 2 1 2.17171717171717
41.247 0 31.8825734452144 "uLSIF" 32 2 1 2.20707070707071
42.745 0 33.5085481302577 "uLSIF" 32 2 1 2.24242424242424
43.795 0 34.3355195519582 "uLSIF" 32 2 1 2.27777777777778
45.061 0 35.4565148237026 "uLSIF" 32 2 1 2.31313131313131
46.429 0 36.4160553614486 "uLSIF" 32 2 1 2.34848484848485
48.129 0 38.0491010812751 "uLSIF" 32 2 1 2.38383838383838
49.367 0 39.1012943803939 "uLSIF" 32 2 1 2.41919191919192
50.324 0 39.5179033943944 "uLSIF" 32 2 1 2.45454545454545
51.39 0 40.1495689626662 "uLSIF" 32 2 1 2.48989898989899
52.883 0 40.5733595910976 "uLSIF" 32 2 1 2.52525252525253
54.339 0 41.8655802038597 "uLSIF" 32 2 1 2.56060606060606
55.431 0 42.8376505343524 "uLSIF" 32 2 1 2.5959595959596
56.531 0 43.9788492138912 "uLSIF" 32 2 1 2.63131313131313
58.274 0 46.2236687374721 "uLSIF" 32 2 1 2.66666666666667
59.108 0 46.6187907141278 "uLSIF" 32 2 1 2.7020202020202
60.326 0 47.2227880976517 "uLSIF" 32 2 1 2.73737373737374
61.922 0 48.6250996535361 "uLSIF" 32 2 1 2.77272727272727
64.611 0 51.7892827601311 "uLSIF" 32 2 1 2.80808080808081
65.934 0 52.7165693182009 "uLSIF" 32 2 1 2.84343434343434
67.504 0 54.210633429031 "uLSIF" 32 2 1 2.87878787878788
69.406 0 57.0510121030467 "uLSIF" 32 2 1 2.91414141414141
70.543 0 57.4989241401722 "uLSIF" 32 2 1 2.94949494949495
71.917 0 58.0421657418467 "uLSIF" 32 2 1 2.98484848484848
73.26 0 59.5247982071473 "uLSIF" 32 2 1 3.02020202020202
74.948 0 61.4755605142445 "uLSIF" 32 2 1 3.05555555555556
76.338 0 62.9226271941423 "uLSIF" 32 2 1 3.09090909090909
78.306 0 64.4720172245681 "uLSIF" 32 2 1 3.12626262626263
80.677 0 67.957787868146 "uLSIF" 32 2 1 3.16161616161616
82.437 0 69.3413314787887 "uLSIF" 32 2 1 3.1969696969697
83.902 0 70.4577937257242 "uLSIF" 32 2 1 3.23232323232323
85.857 0 71.4281634478553 "uLSIF" 32 2 1 3.26767676767677
87.081 0 71.4590010273571 "uLSIF" 32 2 1 3.3030303030303
89.24 0 73.558556682831 "uLSIF" 32 2 1 3.33838383838384
90.933 0 74.8830286445399 "uLSIF" 32 2 1 3.37373737373737
92.86 0 78.3647588871135 "uLSIF" 32 2 1 3.40909090909091
95.473 0 80.085122825016 "uLSIF" 32 2 1 3.44444444444444
97.455 0 83.2823746595216 "uLSIF" 32 2 1 3.47979797979798
99.902 0 85.6567070781236 "uLSIF" 32 2 1 3.51515151515152
102.357 0 87.6605037340929 "uLSIF" 32 2 1 3.55050505050505
104.669 0 88.7330885295897 "uLSIF" 32 2 1 3.58585858585859
107.331 0 90.5124518668174 "uLSIF" 32 2 1 3.62121212121212
109.349 0 91.6569593495071 "uLSIF" 32 2 1 3.65656565656566
110.946 0 92.6596940578961 "uLSIF" 32 2 1 3.69191919191919
114.029 0 96.6211457435939 "uLSIF" 32 2 1 3.72727272727273
117.111 0 100.541988096369 "uLSIF" 32 2 1 3.76262626262626
121.089 0 105.434128414069 "uLSIF" 32 2 1 3.7979797979798
122.569 0 106.052460430503 "uLSIF" 32 2 1 3.83333333333333
124.543 0 107.827607522118 "uLSIF" 32 2 1 3.86868686868687
127.262 0 110.089450189576 "uLSIF" 32 2 1 3.9040404040404
129.772 0 113.317778547477 "uLSIF" 32 2 1 3.93939393939394
132.188 0 115.153893008769 "uLSIF" 32 2 1 3.97474747474747
134.063 0 116.71441764532 "uLSIF" 32 2 1 4.01010101010101
136.127 0 117.65484066766 "uLSIF" 32 2 1 4.04545454545454
137.901 0 119.460411806544 "uLSIF" 32 2 1 4.08080808080808
141.707 0 122.365757177119 "uLSIF" 32 2 1 4.11616161616162
144.085 0 126.01380580815 "uLSIF" 32 2 1 4.15151515151515
147.019 0 127.283973259986 "uLSIF" 32 2 1 4.18686868686869
150.218 0 129.104292703203 "uLSIF" 32 2 1 4.22222222222222
152.183 0 129.626171954029 "uLSIF" 32 2 1 4.25757575757576
154.328 0 131.206530209321 "uLSIF" 32 2 1 4.29292929292929
158.032 0 136.905822301976 "uLSIF" 32 2 1 4.32828282828283
161.124 0 140.047520263416 "uLSIF" 32 2 1 4.36363636363636
162.848 0 141.52103412249 "uLSIF" 32 2 1 4.3989898989899
165.851 0 146.097574587329 "uLSIF" 32 2 1 4.43434343434343
169.976 0 149.705213920809 "uLSIF" 32 2 1 4.46969696969697
172.403 0 151.583383367416 "uLSIF" 32 2 1 4.50505050505051
176.089 0 153.473702165082 "uLSIF" 32 2 1 4.54040404040404
179.791 0 155.978994629937 "uLSIF" 32 2 1 4.57575757575758
183.124 0 157.157351266357 "uLSIF" 32 2 1 4.61111111111111
186.202 0 159.69265148697 "uLSIF" 32 2 1 4.64646464646465
188.98 0 161.193557448686 "uLSIF" 32 2 1 4.68181818181818
192.166 0 163.979571117087 "uLSIF" 32 2 1 4.71717171717172
193.528 0 164.152792712629 "uLSIF" 32 2 1 4.75252525252525
196.594 0 168.233432027203 "uLSIF" 32 2 1 4.78787878787879
200.105 0 171.913554571026 "uLSIF" 32 2 1 4.82323232323232
203.648 0 173.502845317687 "uLSIF" 32 2 1 4.85858585858586
207.351 0 174.912784785107 "uLSIF" 32 2 1 4.89393939393939
209.011 0 175.549253542758 "uLSIF" 32 2 1 4.92929292929293
212.167 0 176.34458461638 "uLSIF" 32 2 1 4.96464646464646
214.536 0 176.950083458686 "uLSIF" 32 2 1 5
