16.917 0 12.5290497679628 "LDA" 36 1 1 1.5
17.566 0 13.1107412275407 "LDA" 36 1 1 1.53535353535354
17.998 0 13.4013279786591 "LDA" 36 1 1 1.57070707070707
18.456 0 13.7120415724313 "LDA" 36 1 1 1.60606060606061
19.002 0 13.8816676482581 "LDA" 36 1 1 1.64141414141414
19.623 0 14.241196673127 "LDA" 36 1 1 1.67676767676768
20.04 0 14.4920813005041 "LDA" 36 1 1 1.71212121212121
20.642 0 15.054317270088 "LDA" 36 1 1 1.74747474747475
21.323 0 15.8377872983099 "LDA" 36 1 1 1.78282828282828
21.994 0 16.1772577301491 "LDA" 36 1 1 1.81818181818182
22.655 0 16.6178255836053 "LDA" 36 1 1 1.85353535353535
23.238 0 17.0268396735645 "LDA" 36 1 1 1.88888888888889
24.033 0 17.7260860069313 "LDA" 36 1 1 1.92424242424242
24.843 0 18.2677327838203 "LDA" 36 1 1 1.95959595959596
25.414 0 18.7374944348944 "LDA" 36 1 1 1.99494949494949
26.282 0 19.8210330040931 "LDA" 36 1 1 2.03030303030303
26.9 0 20.3339979214977 "LDA" 36 1 1 2.06565656565657
27.333 0 20.4892635524296 "LDA" 36 1 1 2.1010101010101
27.821 0 20.7864146507769 "LDA" 36 1 1 2.13636363636364
28.2 0 20.9149093575237 "LDA" 36 1 1 2.17171717171717
28.901 0 21.365338206466 "LDA" 36 1 1 2.20707070707071
29.545 0 21.6436231121645 "LDA" 36 1 1 2.24242424242424
30.341 0 22.6565230571029 "LDA" 36 1 1 2.27777777777778
30.984 0 22.8812870550871 "LDA" 36 1 1 2.31313131313131
31.734 0 23.8318946624729 "LDA" 36 1 1 2.34848484848485
32.516 0 24.3969866368156 "LDA" 36 1 1 2.38383838383838
33.034 0 24.6015056059193 "LDA" 36 1 1 2.41919191919192
33.721 0 25.1300353696066 "LDA" 36 1 1 2.45454545454545
34.189 0 25.2732272378305 "LDA" 36 1 1 2.48989898989899
34.761 0 25.7812441816052 "LDA" 36 1 1 2.52525252525253
35.322 0 26.0143626303445 "LDA" 36 1 1 2.56060606060606
36.062 0 26.2277725331766 "LDA" 36 1 1 2.5959595959596
36.692 0 26.4306586318941 "LDA" 36 1 1 2.63131313131313
37.297 0 26.8130514997963 "LDA" 36 1 1 2.66666666666667
38.097 0 27.7710428652188 "LDA" 36 1 1 2.7020202020202
38.856 0 28.3330200300643 "LDA" 36 1 1 2.73737373737374
39.807 0 28.7666694678455 "LDA" 36 1 1 2.77272727272727
40.186 0 28.8599428325889 "LDA" 36 1 1 2.80808080808081
40.876 0 29.8290864492763 "LDA" 36 1 1 2.84343434343434
41.449 0 30.1005222619216 "LDA" 36 1 1 2.87878787878788
41.919 0 30.2900962185485 "LDA" 36 1 1 2.91414141414141
42.574 0 30.8450310413191 "LDA" 36 1 1 2.94949494949495
43.255 0 31.5152214681126 "LDA" 36 1 1 2.98484848484848
44.222 0 32.4284801111974 "LDA" 36 1 1 3.02020202020202
44.873 0 33.2801508325825 "LDA" 36 1 1 3.05555555555556
45.422 0 33.3964255158728 "LDA" 36 1 1 3.09090909090909
46.197 0 34.0008271553391 "LDA" 36 1 1 3.12626262626263
46.841 0 34.1507246041865 "LDA" 36 1 1 3.16161616161616
47.618 0 34.6554624421184 "LDA" 36 1 1 3.1969696969697
48.432 0 35.0702908642244 "LDA" 36 1 1 3.23232323232323
49.149 0 35.3181280530151 "LDA" 36 1 1 3.26767676767677
49.937 0 35.9129053094813 "LDA" 36 1 1 3.3030303030303
50.591 0 36.1039501192628 "LDA" 36 1 1 3.33838383838384
51.107 0 36.3548239470943 "LDA" 36 1 1 3.37373737373737
51.746 0 36.5646613338406 "LDA" 36 1 1 3.40909090909091
52.714 0 37.4724216776336 "LDA" 36 1 1 3.44444444444444
53.304 0 37.5709616746918 "LDA" 36 1 1 3.47979797979798
53.85 0 37.7940456935995 "LDA" 36 1 1 3.51515151515152
54.455 0 38.0210675359935 "LDA" 36 1 1 3.55050505050505
55.069 0 38.2124119551152 "LDA" 36 1 1 3.58585858585859
55.847 0 38.8092224445008 "LDA" 36 1 1 3.62121212121212
56.395 0 38.9733742303499 "LDA" 36 1 1 3.65656565656566
56.952 0 39.1375963422314 "LDA" 36 1 1 3.69191919191919
57.76 0 39.6658767933066 "LDA" 36 1 1 3.72727272727273
58.687 0 39.7543889708098 "LDA" 36 1 1 3.76262626262626
59.668 0 40.8173962402777 "LDA" 36 1 1 3.7979797979798
60.523 0 40.8607767189278 "LDA" 36 1 1 3.83333333333333
61.263 0 40.8275240213966 "LDA" 36 1 1 3.86868686868687
61.736 0 40.937344444531 "LDA" 36 1 1 3.9040404040404
62.392 0 41.0770454105411 "LDA" 36 1 1 3.93939393939394
63.005 0 41.2953542336336 "LDA" 36 1 1 3.97474747474747
64.126 0 42.0732014265408 "LDA" 36 1 1 4.01010101010101
64.831 0 42.5681863542422 "LDA" 36 1 1 4.04545454545454
65.564 0 42.8032945697644 "LDA" 36 1 1 4.08080808080808
66.434 0 43.3266527998972 "LDA" 36 1 1 4.11616161616162
67.284 0 43.8784532847577 "LDA" 36 1 1 4.15151515151515
67.903 0 43.9607340377426 "LDA" 36 1 1 4.18686868686869
68.919 0 44.3627827744777 "LDA" 36 1 1 4.22222222222222
69.691 0 44.7573316646305 "LDA" 36 1 1 4.25757575757576
70.379 0 44.9116512212078 "LDA" 36 1 1 4.29292929292929
71.071 0 45.2091785905122 "LDA" 36 1 1 4.32828282828283
71.619 0 45.7805821358871 "LDA" 36 1 1 4.36363636363636
72.169 0 45.98032872468 "LDA" 36 1 1 4.3989898989899
72.664 0 45.9866706544177 "LDA" 36 1 1 4.43434343434343
73.361 0 46.3586000521888 "LDA" 36 1 1 4.46969696969697
74.118 0 46.7748432596194 "LDA" 36 1 1 4.50505050505051
74.922 0 47.2222177989752 "LDA" 36 1 1 4.54040404040404
75.721 0 48.1298622753342 "LDA" 36 1 1 4.57575757575758
76.286 0 48.2805469647478 "LDA" 36 1 1 4.61111111111111
77.195 0 48.8319314847624 "LDA" 36 1 1 4.64646464646465
78.2 0 49.756906553259 "LDA" 36 1 1 4.68181818181818
79.27 0 50.3318228598209 "LDA" 36 1 1 4.71717171717172
79.712 0 50.4541046166977 "LDA" 36 1 1 4.75252525252525
80.597 0 50.6618714243386 "LDA" 36 1 1 4.78787878787879
81.481 0 50.9459431959811 "LDA" 36 1 1 4.82323232323232
82.61 0 52.4037026177354 "LDA" 36 1 1 4.85858585858586
83.022 0 52.5976047365659 "LDA" 36 1 1 4.89393939393939
84.199 0 53.3656940018238 "LDA" 36 1 1 4.92929292929293
84.877 0 53.5101411529273 "LDA" 36 1 1 4.96464646464646
85.768 0 54.0330430916652 "LDA" 36 1 1 5
20.538 0 15.6282051687581 "uLSIF" 36 1 1 1.5
21.165 0 15.709569235519 "uLSIF" 36 1 1 1.53535353535354
21.836 0 16.3357877668009 "uLSIF" 36 1 1 1.57070707070707
22.346 0 16.4655822672446 "uLSIF" 36 1 1 1.60606060606061
22.942 0 16.7688947707305 "uLSIF" 36 1 1 1.64141414141414
23.585 0 17.4505959296036 "uLSIF" 36 1 1 1.67676767676768
24.263 0 18.2228950747378 "uLSIF" 36 1 1 1.71212121212121
24.894 0 18.5677549942239 "uLSIF" 36 1 1 1.74747474747475
25.83 0 19.4644795965874 "uLSIF" 36 1 1 1.78282828282828
26.525 0 19.6614329830495 "uLSIF" 36 1 1 1.81818181818182
27.27 0 20.0692769146244 "uLSIF" 36 1 1 1.85353535353535
28.142 0 20.6741204227714 "uLSIF" 36 1 1 1.88888888888889
28.642 0 20.8114620570721 "uLSIF" 36 1 1 1.92424242424242
29.357 0 21.1145773430674 "uLSIF" 36 1 1 1.95959595959596
30.109 0 21.6824640723385 "uLSIF" 36 1 1 1.99494949494949
31.14 0 22.4984572933475 "uLSIF" 36 1 1 2.03030303030303
31.897 0 22.9643147241704 "uLSIF" 36 1 1 2.06565656565657
32.491 0 23.2440143521553 "uLSIF" 36 1 1 2.1010101010101
33.171 0 23.7810280748393 "uLSIF" 36 1 1 2.13636363636364
34.132 0 24.7791158151493 "uLSIF" 36 1 1 2.17171717171717
34.869 0 25.1702081512724 "uLSIF" 36 1 1 2.20707070707071
35.849 0 26.2131518198085 "uLSIF" 36 1 1 2.24242424242424
36.365 0 26.4630699101421 "uLSIF" 36 1 1 2.27777777777778
37.261 0 26.9865735904756 "uLSIF" 36 1 1 2.31313131313131
37.915 0 27.5454629209154 "uLSIF" 36 1 1 2.34848484848485
39.001 0 28.5734394226603 "uLSIF" 36 1 1 2.38383838383838
40.182 0 30.0552856615304 "uLSIF" 36 1 1 2.41919191919192
40.985 0 30.6267656433678 "uLSIF" 36 1 1 2.45454545454545
41.548 0 30.9977508306096 "uLSIF" 36 1 1 2.48989898989899
42.301 0 31.38154234897 "uLSIF" 36 1 1 2.52525252525253
43.075 0 31.7716983464186 "uLSIF" 36 1 1 2.56060606060606
44.119 0 33.3289312258383 "uLSIF" 36 1 1 2.5959595959596
44.816 0 33.6788124257137 "uLSIF" 36 1 1 2.63131313131313
45.829 0 35.0195106351463 "uLSIF" 36 1 1 2.66666666666667
46.938 0 35.5654756619261 "uLSIF" 36 1 1 2.7020202020202
47.912 0 36.5975359230049 "uLSIF" 36 1 1 2.73737373737374
48.902 0 37.279272258725 "uLSIF" 36 1 1 2.77272727272727
49.948 0 38.3577190485906 "uLSIF" 36 1 1 2.80808080808081
50.756 0 38.6748524006002 "uLSIF" 36 1 1 2.84343434343434
51.597 0 39.4740521329112 "uLSIF" 36 1 1 2.87878787878788
52.879 0 41.5644555234754 "uLSIF" 36 1 1 2.91414141414141
53.809 0 41.8119212157939 "uLSIF" 36 1 1 2.94949494949495
54.607 0 41.9999112325674 "uLSIF" 36 1 1 2.98484848484848
55.583 0 42.4092166003176 "uLSIF" 36 1 1 3.02020202020202
56.655 0 43.0940723774636 "uLSIF" 36 1 1 3.05555555555556
57.886 0 43.7593405330094 "uLSIF" 36 1 1 3.09090909090909
59.055 0 44.2904461325309 "uLSIF" 36 1 1 3.12626262626263
60.307 0 44.7853153999776 "uLSIF" 36 1 1 3.16161616161616
61.125 0 45.3022700388255 "uLSIF" 36 1 1 3.1969696969697
61.757 0 45.6444670071671 "uLSIF" 36 1 1 3.23232323232323
62.468 0 45.8444619413369 "uLSIF" 36 1 1 3.26767676767677
63.393 0 46.2140702740117 "uLSIF" 36 1 1 3.3030303030303
64.548 0 46.7523205357282 "uLSIF" 36 1 1 3.33838383838384
65.789 0 47.4208521245266 "uLSIF" 36 1 1 3.37373737373737
67.354 0 49.1242289901213 "uLSIF" 36 1 1 3.40909090909091
68.312 0 49.836495987703 "uLSIF" 36 1 1 3.44444444444444
69.222 0 50.0821219092695 "uLSIF" 36 1 1 3.47979797979798
70.058 0 50.8302503471147 "uLSIF" 36 1 1 3.51515151515152
71.277 0 51.7458975080045 "uLSIF" 36 1 1 3.55050505050505
72.414 0 52.056281661875 "uLSIF" 36 1 1 3.58585858585859
73.061 0 52.0623834526501 "uLSIF" 36 1 1 3.62121212121212
74.252 0 53.1495754768876 "uLSIF" 36 1 1 3.65656565656566
75.309 0 53.8038881250916 "uLSIF" 36 1 1 3.69191919191919
76.303 0 54.4461713674761 "uLSIF" 36 1 1 3.72727272727273
77.096 0 54.7648607591946 "uLSIF" 36 1 1 3.76262626262626
77.913 0 55.2672407389667 "uLSIF" 36 1 1 3.7979797979798
79.506 0 56.748730227049 "uLSIF" 36 1 1 3.83333333333333
80.832 0 57.6382333346707 "uLSIF" 36 1 1 3.86868686868687
81.524 0 57.9523070627382 "uLSIF" 36 1 1 3.9040404040404
82.656 0 58.5358019002397 "uLSIF" 36 1 1 3.93939393939394
83.282 0 58.6453557731024 "uLSIF" 36 1 1 3.97474747474747
84.545 0 59.7210061332993 "uLSIF" 36 1 1 4.01010101010101
85.723 0 60.2812748961326 "uLSIF" 36 1 1 4.04545454545454
86.969 0 61.1832283099415 "uLSIF" 36 1 1 4.08080808080808
87.757 0 61.3957766657642 "uLSIF" 36 1 1 4.11616161616162
88.798 0 61.8721209863971 "uLSIF" 36 1 1 4.15151515151515
89.88 0 62.3661698289957 "uLSIF" 36 1 1 4.18686868686869
91.123 0 62.5531675438564 "uLSIF" 36 1 1 4.22222222222222
92.625 0 65.8052939489804 "uLSIF" 36 1 1 4.25757575757576
93.604 0 66.0399004576207 "uLSIF" 36 1 1 4.29292929292929
94.327 0 66.0076592683158 "uLSIF" 36 1 1 4.32828282828283
96.036 0 68.8753113423998 "uLSIF" 36 1 1 4.36363636363636
97.409 0 69.3075122209003 "uLSIF" 36 1 1 4.3989898989899
98.219 0 70.2606974389281 "uLSIF" 36 1 1 4.43434343434343
99.355 0 70.7271751755173 "uLSIF" 36 1 1 4.46969696969697
100.509 0 71.8887189126841 "uLSIF" 36 1 1 4.50505050505051
101.767 0 72.1097811086092 "uLSIF" 36 1 1 4.54040404040404
102.507 0 72.178360099594 "uLSIF" 36 1 1 4.57575757575758
104.404 0 73.918676630164 "uLSIF" 36 1 1 4.61111111111111
105.273 0 74.0691481637916 "uLSIF" 36 1 1 4.64646464646465
106.138 0 74.3126592669602 "uLSIF" 36 1 1 4.68181818181818
107.064 0 74.4197164614204 "uLSIF" 36 1 1 4.71717171717172
108.374 0 75.5273493808998 "uLSIF" 36 1 1 4.75252525252525
109.35 0 75.9553336686286 "uLSIF" 36 1 1 4.78787878787879
110.525 0 76.7714480144163 "uLSIF" 36 1 1 4.82323232323232
112.004 0 78.2516664826207 "uLSIF" 36 1 1 4.85858585858586
112.735 0 78.4906462997761 "uLSIF" 36 1 1 4.89393939393939
114.084 0 79.9829870798923 "uLSIF" 36 1 1 4.92929292929293
115.608 0 80.8919392884226 "uLSIF" 36 1 1 4.96464646464646
117.169 0 81.8523197059267 "uLSIF" 36 1 1 5
