95.195 20.398 0 0 88.9621674772048 16.0421615422282 "LDA" 39 5000 1.5
100.763 21.031 0 0 93.5215114511314 16.3249668772572 "LDA" 39 5000 1.53535353535354
107.89 21.656 0 0 99.5013287067787 16.6300999463089 "LDA" 39 5000 1.57070707070707
112.943 22.59 0 0 103.375530234438 17.2430630464318 "LDA" 39 5000 1.60606060606061
120.651 23.399 0 0 112.025563716171 18.1223679252801 "LDA" 39 5000 1.64141414141414
129.943 24.123 0 0 122.25599486029 18.7601122814554 "LDA" 39 5000 1.67676767676768
136.828 24.814 0 0 128.462192690888 19.2843794634749 "LDA" 39 5000 1.71212121212121
143.356 25.722 0 0 131.766192908476 20.0546978762311 "LDA" 39 5000 1.74747474747475
152.682 26.517 0 0 142.269967384616 20.6315140106191 "LDA" 39 5000 1.78282828282828
162.771 27.307 0 0 153.400130896812 21.3668269121152 "LDA" 39 5000 1.81818181818182
177.06 27.994 0 0 164.447180806712 21.780458038167 "LDA" 39 5000 1.85353535353535
188.263 28.934 0 0 175.850730195556 22.2179495291821 "LDA" 39 5000 1.88888888888889
199.985 29.487 0 0 186.852788953603 22.5824666234404 "LDA" 39 5000 1.92424242424242
207.378 30.569 0 0 191.682281949097 23.5520686764229 "LDA" 39 5000 1.95959595959596
215.899 31.126 0 0 200.283994561416 23.6801366734416 "LDA" 39 5000 1.99494949494949
227.292 31.672 0 0 214.770004634937 23.9593920721806 "LDA" 39 5000 2.03030303030303
241.512 32.362 0 0 225.131059274037 24.3132492705128 "LDA" 39 5000 2.06565656565657
256.067 33.093 0 0 242.196807998794 24.7300207222907 "LDA" 39 5000 2.1010101010101
271.511 33.874 0 0 257.667833831838 25.200182006747 "LDA" 39 5000 2.13636363636364
286.351 34.56 0 0 266.839489416601 25.6298515268678 "LDA" 39 5000 2.17171717171717
310.075 35.241 0 0 300.396720295952 25.9498036854099 "LDA" 39 5000 2.20707070707071
326.366 35.886 0 0 318.870730213023 26.5264897538038 "LDA" 39 5000 2.24242424242424
348.081 36.363 0 0 339.890343912393 26.6836513290113 "LDA" 39 5000 2.27777777777778
375.965 37.109 0 0 368.46687994529 27.2250311537254 "LDA" 39 5000 2.31313131313131
401.059 37.814 0 0 385.121705759682 28.0201451197622 "LDA" 39 5000 2.34848484848485
426.893 38.83 0 0 407.441785239756 29.0546945479603 "LDA" 39 5000 2.38383838383838
458.929 39.635 0 0 438.517205247751 29.7242208359497 "LDA" 39 5000 2.41919191919192
493.368 40.335 0 0 474.838617098787 29.9007161758348 "LDA" 39 5000 2.45454545454545
525.785 41.448 0 0 495.88377215885 30.736884228107 "LDA" 39 5000 2.48989898989899
556.622 42.036 0 0 530.839140709603 30.7754094989787 "LDA" 39 5000 2.52525252525253
585.539 42.657 0 0 553.94878258981 30.8506906910707 "LDA" 39 5000 2.56060606060606
616.355 43.42 0 0 587.880169821256 31.3519783513983 "LDA" 39 5000 2.5959595959596
658.602 44.189 0 0 634.997494021365 31.7373051082718 "LDA" 39 5000 2.63131313131313
704.193 45.292 0 0 679.444086012247 32.621540443408 "LDA" 39 5000 2.66666666666667
747.19 46.276 0 0 729.337723839522 33.7395343800145 "LDA" 39 5000 2.7020202020202
799.063 47.108 0 0 787.069289896447 34.149531863944 "LDA" 39 5000 2.73737373737374
836.93 47.851 0 0 822.68814558427 34.3815486837037 "LDA" 39 5000 2.77272727272727
872.847 48.922 0 0 845.457444157233 35.6065407157413 "LDA" 39 5000 2.80808080808081
931.004 49.741 0 0 936.35898144148 35.9890696202629 "LDA" 39 5000 2.84343434343434
992.231 50.447 0 0 990.844275361682 36.4705812168424 "LDA" 39 5000 2.87878787878788
1033.498 51.283 0 0 1012.10143034248 36.6693271079597 "LDA" 39 5000 2.91414141414141
1093.528 52.083 0 0 1056.78285149373 36.9416133079457 "LDA" 39 5000 2.94949494949495
1156.504 52.668 0 0 1136.7062598161 37.0754415262228 "LDA" 39 5000 2.98484848484848
1217.45 53.574 0 0 1172.65704707303 37.2837847408844 "LDA" 39 5000 3.02020202020202
1299.197 54.459 0 0 1245.00539381226 38.2481272513863 "LDA" 39 5000 3.05555555555556
1356.67767767768 55.381 1 0 1301.6028665675 39.0667896435457 "LDA" 39 5000 3.09090909090909
1422.35535535536 56.396 1 0 1371.34527840148 39.6866503274617 "LDA" 39 5000 3.12626262626263
1494.59177532598 57.04 3 0 1428.44226908791 40.0370249064958 "LDA" 39 5000 3.16161616161616
1580.27181544634 57.97 3 0 1508.51063326072 40.5564288852449 "LDA" 39 5000 3.1969696969697
1649.92068273092 58.743 4 0 1562.91231142375 41.1276358843228 "LDA" 39 5000 3.23232323232323
1738.9216080402 59.353 5 0 1619.88682066247 41.4604070934712 "LDA" 39 5000 3.26767676767677
1833.23216080402 60.556 5 0 1699.60600576127 43.1587713395961 "LDA" 39 5000 3.3030303030303
1929.29103726083 61.351 7 0 1785.12685487452 43.4275920902225 "LDA" 39 5000 3.33838383838384
2010.28960645812 62.353 9 0 1829.3160630322 43.6111261184726 "LDA" 39 5000 3.37373737373737
2116.99696969697 63.263 10 0 1935.62506527411 44.2738297756474 "LDA" 39 5000 3.40909090909091
2196.17342799189 64.102 14 0 1988.59083779092 44.5522670635345 "LDA" 39 5000 3.44444444444444
2322.2385786802 65.047 15 0 2104.99122271262 45.3213726382798 "LDA" 39 5000 3.47979797979798
2387.35743380855 65.922 18 0 2155.92537008281 46.1612909349466 "LDA" 39 5000 3.51515151515152
2491.40797546012 67.234 22 0 2232.57626066629 47.2964501648718 "LDA" 39 5000 3.55050505050505
2555.32682425488 67.888 27 0 2273.43011000833 47.5113753409306 "LDA" 39 5000 3.58585858585859
2684.11697722567 68.853 34 0 2361.55361696151 48.3579764349676 "LDA" 39 5000 3.62121212121212
2777.65348595213 69.527 39 0 2433.61942673417 48.8339843656959 "LDA" 39 5000 3.65656565656566
2866.70230607966 70.416 46 0 2467.56252903247 49.171239101275 "LDA" 39 5000 3.69191919191919
2946.95137420719 71.15 54 0 2496.33269933741 50.0907434820305 "LDA" 39 5000 3.72727272727273
3037.90831556503 72.489 62 0 2540.87342190058 50.8379816611496 "LDA" 39 5000 3.76262626262626
3117.16324324324 73.042 75 0 2577.20736187319 50.8931463789413 "LDA" 39 5000 3.7979797979798
3190.97494553377 73.863 82 0 2589.61085787569 51.0079998338206 "LDA" 39 5000 3.83333333333333
3277.25468577729 75.185 93 0 2629.25052737958 52.5879479278976 "LDA" 39 5000 3.86868686868687
3320.94701240135 75.737 113 0 2653.8629990508 53.0939242832529 "LDA" 39 5000 3.9040404040404
3355.25913242009 76.761 124 0 2659.0773790228 53.3609339148807 "LDA" 39 5000 3.93939393939394
3432.44843568946 77.348 137 0 2673.93119213077 53.5368760117089 "LDA" 39 5000 3.97474747474747
3489.53301886792 78.226 152 0 2688.26980234413 53.8343111505762 "LDA" 39 5000 4.01010101010101
3552.79616306954 78.694 166 0 2727.51216390669 53.9321893218238 "LDA" 39 5000 4.04545454545454
3625.02959309494 79.882 189 0 2770.79227500402 54.6778359277481 "LDA" 39 5000 4.08080808080808
3714.90773067332 81.141 198 0 2785.86522558902 55.648484910848 "LDA" 39 5000 4.11616161616162
3767.19132653061 82.124 216 0 2805.88689473211 56.4051785580736 "LDA" 39 5000 4.15151515151515
3807.2247043364 83.185 239 0 2804.69880655556 56.5731145712545 "LDA" 39 5000 4.18686868686869
3848.96500672948 84.299 257 0 2799.51963512547 57.3813403225928 "LDA" 39 5000 4.22222222222222
3898.84094052559 85.224 277 0 2788.70257681286 57.8381455016936 "LDA" 39 5000 4.25757575757576
3923.84549356223 86.145 301 0 2770.95668864797 57.8814152663291 "LDA" 39 5000 4.29292929292929
3991.02328966521 87.128 313 0 2781.63509176048 58.3430332218469 "LDA" 39 5000 4.32828282828283
4048.32833583208 87.971 333 0 2771.482469676 58.7835152118403 "LDA" 39 5000 4.36363636363636
4020.72684458399 88.67 363 0 2748.65661140259 58.9461257908079 "LDA" 39 5000 4.3989898989899
4066.45187601958 89.804 387 0 2744.54847347468 59.5024211450435 "LDA" 39 5000 4.43434343434343
4095.66164154104 90.767 403 0 2722.35830442476 60.0287277822807 "LDA" 39 5000 4.46969696969697
4146.74093264249 91.597 421 0 2744.78131661169 60.3178151944335 "LDA" 39 5000 4.50505050505051
4176.2513464991 92.435 443 0 2772.89847082742 60.420413780455 "LDA" 39 5000 4.54040404040404
4218.46616541353 93.347 468 0 2788.31921183742 60.64133872997 "LDA" 39 5000 4.57575757575758
4237.76413255361 94.304 487 0 2788.97981546206 61.509275519835 "LDA" 39 5000 4.61111111111111
4236.86138613861 95.669 495 0 2766.26570398322 63.0595746017125 "LDA" 39 5000 4.64646464646465
4254.59393939394 96.543 505 0 2759.37244060223 63.2460133858982 "LDA" 39 5000 4.68181818181818
4266.56458333333 97.939 520 0 2768.03886999432 64.0106916666868 "LDA" 39 5000 4.71717171717172
4291.10560344828 100.216 536 0 2769.26280582828 66.6885350319281 "LDA" 39 5000 4.75252525252525
4338.99336283186 100.987 548 0 2780.83755866322 67.4003682530047 "LDA" 39 5000 4.78787878787879
4348.29534883721 101.826 570 0 2791.23040914719 67.3951172254031 "LDA" 39 5000 4.82323232323232
4376.09927360775 102.806 587 0 2791.53097454934 67.7943392654316 "LDA" 39 5000 4.85858585858586
4371.30226700252 103.737 603 0 2796.28793609229 68.198099766869 "LDA" 39 5000 4.89393939393939
4404.99735449735 104.739 622 0 2826.37308007832 68.8850057924293 "LDA" 39 5000 4.92929292929293
4413.9943977591 105.756 643 0 2826.62032580618 68.9952085496001 "LDA" 39 5000 4.96464646464646
4493.09144542773 106.427 661 0 2880.72691052677 69.0414759140938 "LDA" 39 5000 5
52.174 18.11 0 0 44.9401083369559 13.7854248370494 "uLSIF" 39 5000 1.5
54.188 18.646 0 0 47.3787441940096 14.0362281151205 "uLSIF" 39 5000 1.53535353535354
57.322 19.13 0 0 52.5167242154566 14.3958445511314 "uLSIF" 39 5000 1.57070707070707
60.823 19.759 0 0 56.5038260063277 14.6203513526069 "uLSIF" 39 5000 1.60606060606061
63.279 20.269 0 0 58.3780537201794 14.9979190748776 "uLSIF" 39 5000 1.64141414141414
67.109 20.74 0 0 63.3507097942196 15.3572864219642 "uLSIF" 39 5000 1.67676767676768
69.231 21.475 0 0 65.1797056838479 16.0092995684593 "uLSIF" 39 5000 1.71212121212121
72.479 21.995 0 0 67.4864280946693 16.2924651118061 "uLSIF" 39 5000 1.74747474747475
75.693 22.504 0 0 71.7034876497729 16.8383940895655 "uLSIF" 39 5000 1.78282828282828
80.501 23.317 0 0 77.5973153037033 18.0102993279368 "uLSIF" 39 5000 1.81818181818182
83.491 24.079 0 0 80.9334055575022 18.8400027787871 "uLSIF" 39 5000 1.85353535353535
87.09 24.877 0 0 85.2488549322938 20.0319032582565 "uLSIF" 39 5000 1.88888888888889
90.583 25.445 0 0 86.6054017172521 20.2610830531462 "uLSIF" 39 5000 1.92424242424242
95.257 26.049 0 0 90.7410319860089 20.4795021670208 "uLSIF" 39 5000 1.95959595959596
99.083 26.858 0 0 95.3230643527452 21.0619429645378 "uLSIF" 39 5000 1.99494949494949
102.805 27.672 0 0 97.8005108111145 21.6901101167531 "uLSIF" 39 5000 2.03030303030303
106.859 28.148 0 0 101.979924612759 21.8776307384215 "uLSIF" 39 5000 2.06565656565657
111.618 28.597 0 0 107.655077407857 22.1412471605785 "uLSIF" 39 5000 2.1010101010101
117.869 29.118 0 0 114.219796887409 22.2708344268028 "uLSIF" 39 5000 2.13636363636364
121.759 29.745 0 0 116.911082109953 22.5151706168954 "uLSIF" 39 5000 2.17171717171717
125.689 30.413 0 0 119.344867826298 22.7941660300395 "uLSIF" 39 5000 2.20707070707071
132.054 31.09 0 0 126.470636536336 23.1377019873032 "uLSIF" 39 5000 2.24242424242424
138.649 31.695 0 0 130.49065717748 23.4300008523248 "uLSIF" 39 5000 2.27777777777778
143.744 32.267 0 0 133.059179349676 23.7961334457295 "uLSIF" 39 5000 2.31313131313131
151.005 32.968 0 0 143.810132916041 24.3399138742808 "uLSIF" 39 5000 2.34848484848485
157.664 33.72 0 0 149.729342414839 24.7488202568143 "uLSIF" 39 5000 2.38383838383838
166.765 34.536 0 0 157.199514828966 25.5865076431578 "uLSIF" 39 5000 2.41919191919192
175.273 35.324 0 0 162.752643277748 26.2567789807212 "uLSIF" 39 5000 2.45454545454545
181.426 36.258 0 0 167.317924359023 26.8322083214074 "uLSIF" 39 5000 2.48989898989899
189.452 37.252 0 0 176.278432548573 27.5136601981179 "uLSIF" 39 5000 2.52525252525253
197.554 38.247 0 0 184.970990567038 28.2924805461708 "uLSIF" 39 5000 2.56060606060606
206.76 39.16 0 0 193.25806342577 29.2226001642626 "uLSIF" 39 5000 2.5959595959596
212.337 39.883 0 0 198.469714714005 29.7319575591702 "uLSIF" 39 5000 2.63131313131313
217.339 40.488 0 0 204.05736322536 30.2213034659854 "uLSIF" 39 5000 2.66666666666667
227.152 41.247 0 0 209.98026718863 30.5897323087784 "uLSIF" 39 5000 2.7020202020202
236.02 41.921 0 0 216.426338415545 31.1215248390613 "uLSIF" 39 5000 2.73737373737374
247.112 42.574 0 0 226.271018979519 31.4493495256354 "uLSIF" 39 5000 2.77272727272727
253.878 43.203 0 0 230.377796336898 31.6172649424716 "uLSIF" 39 5000 2.80808080808081
264.697 43.867 0 0 240.358135340213 31.9862537886423 "uLSIF" 39 5000 2.84343434343434
277.845 44.631 0 0 256.433927814426 32.6952874405597 "uLSIF" 39 5000 2.87878787878788
289.494 45.502 0 0 269.547836199811 33.650473255964 "uLSIF" 39 5000 2.91414141414141
299.784 46.654 0 0 275.998381246069 35.0861699722743 "uLSIF" 39 5000 2.94949494949495
310.333 47.697 0 0 281.66718039472 35.5052364139828 "uLSIF" 39 5000 2.98484848484848
319.868 48.357 0 0 293.85989555265 35.9482381602607 "uLSIF" 39 5000 3.02020202020202
332.618 49.606 0 0 302.048395641012 36.7561937880105 "uLSIF" 39 5000 3.05555555555556
345.721 50.518 0 0 316.531254687739 37.4959147057332 "uLSIF" 39 5000 3.09090909090909
358.307 51.242 0 0 328.321909148669 37.9649149975444 "uLSIF" 39 5000 3.12626262626263
369.335 52.349 0 0 342.173759450746 38.3478781519755 "uLSIF" 39 5000 3.16161616161616
385.588 53.37 0 0 358.270847622656 38.7918794325553 "uLSIF" 39 5000 3.1969696969697
404.888 54.096 0 0 384.78533133061 39.232333093508 "uLSIF" 39 5000 3.23232323232323
424.096 55.034 0 0 397.178352163644 39.9599254208468 "uLSIF" 39 5000 3.26767676767677
450.047 56.092 0 0 434.634987504876 40.620087734119 "uLSIF" 39 5000 3.3030303030303
460.362 57.442 0 0 438.106592443371 42.3404694276215 "uLSIF" 39 5000 3.33838383838384
489.585 58.707 0 0 486.608333719682 44.2076856493356 "uLSIF" 39 5000 3.37373737373737
508.382 59.255 0 0 509.343847740631 44.2122912966711 "uLSIF" 39 5000 3.40909090909091
528.414 60.37 0 0 524.972125294607 45.3128939525866 "uLSIF" 39 5000 3.44444444444444
543.352 61.615 0 0 533.994012795744 46.6908857681434 "uLSIF" 39 5000 3.47979797979798
572.879 62.477 0 0 565.243009703808 46.9757404538895 "uLSIF" 39 5000 3.51515151515152
596.221 63.145 0 0 584.997827874273 47.2242321600161 "uLSIF" 39 5000 3.55050505050505
609.719 64.113 0 0 594.856172452556 47.6534897576881 "uLSIF" 39 5000 3.58585858585859
631.708 64.732 0 0 615.371143603907 47.78363162686 "uLSIF" 39 5000 3.62121212121212
657.908 65.571 0 0 629.382296868614 48.0922428549847 "uLSIF" 39 5000 3.65656565656566
682.365 66.65 0 0 655.307223622884 49.1302073807681 "uLSIF" 39 5000 3.69191919191919
712.925 67.865 0 0 684.287832138065 49.7597307650052 "uLSIF" 39 5000 3.72727272727273
738.741 68.766 0 0 707.970796408699 50.4286852525058 "uLSIF" 39 5000 3.76262626262626
763.106 69.777 0 0 741.487251480501 51.5934409993572 "uLSIF" 39 5000 3.7979797979798
783.761 70.836 0 0 754.533477486352 52.1308999992781 "uLSIF" 39 5000 3.83333333333333
807.871 71.967 0 0 769.688442590674 53.2074143324024 "uLSIF" 39 5000 3.86868686868687
849.387 73.808 0 0 806.436127947812 55.5909479096147 "uLSIF" 39 5000 3.9040404040404
873.829 75.095 0 0 831.484741070835 56.9208569766738 "uLSIF" 39 5000 3.93939393939394
908.516 76.16 0 0 875.813046395312 58.473323229739 "uLSIF" 39 5000 3.97474747474747
945.365 77.402 0 0 901.833748473013 59.8049414933835 "uLSIF" 39 5000 4.01010101010101
972.167 78.595 0 0 918.98348285089 60.6917000705818 "uLSIF" 39 5000 4.04545454545454
995.004 79.63 0 0 941.319367768525 60.9619837559726 "uLSIF" 39 5000 4.08080808080808
1018.317 81.027 0 0 958.890026329189 62.6577550289289 "uLSIF" 39 5000 4.11616161616162
1057.318 82.154 0 0 1001.190581986 63.187458715626 "uLSIF" 39 5000 4.15151515151515
1086.246 83.233 0 0 1019.55143009198 64.4086576958889 "uLSIF" 39 5000 4.18686868686869
1131.349 84.202 0 0 1070.64504950101 64.6867805318488 "uLSIF" 39 5000 4.22222222222222
1169.458 84.998 0 0 1104.06866446424 64.9919375611156 "uLSIF" 39 5000 4.25757575757576
1199.787 85.684 0 0 1124.59302643494 65.1851459095341 "uLSIF" 39 5000 4.29292929292929
1229.564 86.605 0 0 1150.78671262835 65.4685046423095 "uLSIF" 39 5000 4.32828282828283
1273.982 88.031 0 0 1200.97013740848 66.0684575276287 "uLSIF" 39 5000 4.36363636363636
1315.904 89.388 0 0 1246.04935045437 66.5400709124738 "uLSIF" 39 5000 4.3989898989899
1369.925 90.327 0 0 1294.24991567287 67.0859791580894 "uLSIF" 39 5000 4.43434343434343
1425.367 91.874 0 0 1383.36350569903 69.157985446013 "uLSIF" 39 5000 4.46969696969697
1463.017 93.252 0 0 1414.43421368965 70.5721398493975 "uLSIF" 39 5000 4.50505050505051
1498.631 94.456 0 0 1446.74574825679 71.1822659022525 "uLSIF" 39 5000 4.54040404040404
1538.038 96.169 0 0 1482.45683404975 72.295456787215 "uLSIF" 39 5000 4.57575757575758
1575.85 97.525 0 0 1519.49755522025 72.9527894222317 "uLSIF" 39 5000 4.61111111111111
1659.78278278278 98.504 1 0 1603.7433414591 73.6356448480774 "uLSIF" 39 5000 4.64646464646465
1724.17151454363 99.937 3 0 1652.49373185082 74.4064873270897 "uLSIF" 39 5000 4.68181818181818
1766.66499498495 101.785 3 0 1679.99398429201 75.3497469097233 "uLSIF" 39 5000 4.71717171717172
1795.44979919679 103.13 4 0 1700.20437213445 76.6553660557769 "uLSIF" 39 5000 4.75252525252525
1848.40703517588 104.744 5 0 1718.99045057433 77.451360073127 "uLSIF" 39 5000 4.78787878787879
1901.2032193159 106.215 6 0 1801.82512397609 79.386440794269 "uLSIF" 39 5000 4.82323232323232
1956.47935548842 107.176 7 0 1835.03937282702 80.0959073759601 "uLSIF" 39 5000 4.85858585858586
2008.27089627392 108.198 7 0 1885.01133577945 80.2481810794897 "uLSIF" 39 5000 4.89393939393939
2073.03121852971 109.032 7 0 1931.38485593266 80.6094464616825 "uLSIF" 39 5000 4.92929292929293
2140.03021148036 110.236 7 0 1960.59215593374 81.5755286275907 "uLSIF" 39 5000 4.96464646464646
2197.08879919273 111.657 9 0 2005.79456438863 82.6660815088754 "uLSIF" 39 5000 5
