128.605 14.96 0 0 "KDE LDA" 157 3000 2.5
132.515 15.02 0 0 "KDE LDA" 157 3000 2.51010101010101
133.345 15.05 0 0 "KDE LDA" 157 3000 2.52020202020202
141.425 15.085 0 0 "KDE LDA" 157 3000 2.53030303030303
146.155 15.15 0 0 "KDE LDA" 157 3000 2.54040404040404
146.185 15.2 0 0 "KDE LDA" 157 3000 2.55050505050505
149.4 15.34 0 0 "KDE LDA" 157 3000 2.56060606060606
152.34 15.5 0 0 "KDE LDA" 157 3000 2.57070707070707
152.705 15.5 0 0 "KDE LDA" 157 3000 2.58080808080808
156.47 15.53 0 0 "KDE LDA" 157 3000 2.59090909090909
157.265 15.575 0 0 "KDE LDA" 157 3000 2.6010101010101
157.715 15.6 0 0 "KDE LDA" 157 3000 2.61111111111111
157.83 15.605 0 0 "KDE LDA" 157 3000 2.62121212121212
159.68 15.62 0 0 "KDE LDA" 157 3000 2.63131313131313
163.56 15.88 0 0 "KDE LDA" 157 3000 2.64141414141414
165.26 15.915 0 0 "KDE LDA" 157 3000 2.65151515151515
174.635 16.095 0 0 "KDE LDA" 157 3000 2.66161616161616
192.96 16.36 0 0 "KDE LDA" 157 3000 2.67171717171717
194.07 16.375 0 0 "KDE LDA" 157 3000 2.68181818181818
195.835 16.665 0 0 "KDE LDA" 157 3000 2.69191919191919
196.325 16.675 0 0 "KDE LDA" 157 3000 2.7020202020202
197.05 16.735 0 0 "KDE LDA" 157 3000 2.71212121212121
199.045 16.77 0 0 "KDE LDA" 157 3000 2.72222222222222
199.315 16.845 0 0 "KDE LDA" 157 3000 2.73232323232323
200.96 16.92 0 0 "KDE LDA" 157 3000 2.74242424242424
206.305 16.935 0 0 "KDE LDA" 157 3000 2.75252525252525
208.41 16.975 0 0 "KDE LDA" 157 3000 2.76262626262626
209.985 17.115 0 0 "KDE LDA" 157 3000 2.77272727272727
211.145 17.42 0 0 "KDE LDA" 157 3000 2.78282828282828
221.345 17.5 0 0 "KDE LDA" 157 3000 2.79292929292929
263.4 18.115 0 0 "KDE LDA" 157 3000 2.8030303030303
264.085 18.13 0 0 "KDE LDA" 157 3000 2.81313131313131
272.2 18.28 0 0 "KDE LDA" 157 3000 2.82323232323232
272.72 18.305 0 0 "KDE LDA" 157 3000 2.83333333333333
272.755 18.365 0 0 "KDE LDA" 157 3000 2.84343434343434
272.765 18.42 0 0 "KDE LDA" 157 3000 2.85353535353535
273.625 18.485 0 0 "KDE LDA" 157 3000 2.86363636363636
276.985 18.53 0 0 "KDE LDA" 157 3000 2.87373737373737
277.755 18.7 0 0 "KDE LDA" 157 3000 2.88383838383838
280.195 18.725 0 0 "KDE LDA" 157 3000 2.89393939393939
280.21 18.745 0 0 "KDE LDA" 157 3000 2.9040404040404
282.31 18.795 0 0 "KDE LDA" 157 3000 2.91414141414141
283.85 18.8 0 0 "KDE LDA" 157 3000 2.92424242424242
283.895 18.835 0 0 "KDE LDA" 157 3000 2.93434343434343
283.905 18.84 0 0 "KDE LDA" 157 3000 2.94444444444444
287.16 18.845 0 0 "KDE LDA" 157 3000 2.95454545454545
294.365 18.965 0 0 "KDE LDA" 157 3000 2.96464646464646
296.965 18.99 0 0 "KDE LDA" 157 3000 2.97474747474747
297.875 19.095 0 0 "KDE LDA" 157 3000 2.98484848484848
297.88 19.115 0 0 "KDE LDA" 157 3000 2.99494949494949
298.32 19.13 0 0 "KDE LDA" 157 3000 3.00505050505051
301.005 19.15 0 0 "KDE LDA" 157 3000 3.01515151515152
302.58 19.175 0 0 "KDE LDA" 157 3000 3.02525252525253
305.02 19.225 0 0 "KDE LDA" 157 3000 3.03535353535354
309.59 19.31 0 0 "KDE LDA" 157 3000 3.04545454545455
320.11 19.33 0 0 "KDE LDA" 157 3000 3.05555555555556
325.535 19.375 0 0 "KDE LDA" 157 3000 3.06565656565657
326.055 19.395 0 0 "KDE LDA" 157 3000 3.07575757575758
331.08 19.44 0 0 "KDE LDA" 157 3000 3.08585858585859
336.29 19.605 0 0 "KDE LDA" 157 3000 3.0959595959596
345.065 20.02 0 0 "KDE LDA" 157 3000 3.10606060606061
347.08 20.05 0 0 "KDE LDA" 157 3000 3.11616161616162
347.315 20.085 0 0 "KDE LDA" 157 3000 3.12626262626263
348.925 20.09 0 0 "KDE LDA" 157 3000 3.13636363636364
349.965 20.095 0 0 "KDE LDA" 157 3000 3.14646464646465
349.965 20.115 0 0 "KDE LDA" 157 3000 3.15656565656566
352.42 20.145 0 0 "KDE LDA" 157 3000 3.16666666666667
355.3 20.195 0 0 "KDE LDA" 157 3000 3.17676767676768
359.05 20.305 0 0 "KDE LDA" 157 3000 3.18686868686869
368.08 20.335 0 0 "KDE LDA" 157 3000 3.1969696969697
371.825 20.405 0 0 "KDE LDA" 157 3000 3.20707070707071
383.185 20.505 0 0 "KDE LDA" 157 3000 3.21717171717172
399.625 20.875 0 0 "KDE LDA" 157 3000 3.22727272727273
405.395 20.88 0 0 "KDE LDA" 157 3000 3.23737373737374
411.265 20.94 0 0 "KDE LDA" 157 3000 3.24747474747475
416.92 20.96 0 0 "KDE LDA" 157 3000 3.25757575757576
418.53 21 0 0 "KDE LDA" 157 3000 3.26767676767677
425.27 21.015 0 0 "KDE LDA" 157 3000 3.27777777777778
426.78 21.045 0 0 "KDE LDA" 157 3000 3.28787878787879
428.71 21.055 0 0 "KDE LDA" 157 3000 3.2979797979798
431.74 21.11 0 0 "KDE LDA" 157 3000 3.30808080808081
431.815 21.17 0 0 "KDE LDA" 157 3000 3.31818181818182
435.335 21.29 0 0 "KDE LDA" 157 3000 3.32828282828283
439.99 21.535 0 0 "KDE LDA" 157 3000 3.33838383838384
450.025 21.855 0 0 "KDE LDA" 157 3000 3.34848484848485
497.69 22.24 0 0 "KDE LDA" 157 3000 3.35858585858586
497.7 22.6 0 0 "KDE LDA" 157 3000 3.36868686868687
511.045 22.71 0 0 "KDE LDA" 157 3000 3.37878787878788
512.335 22.82 0 0 "KDE LDA" 157 3000 3.38888888888889
521.51 22.855 0 0 "KDE LDA" 157 3000 3.3989898989899
528.205 22.925 0 0 "KDE LDA" 157 3000 3.40909090909091
528.205 22.93 0 0 "KDE LDA" 157 3000 3.41919191919192
528.34 22.965 0 0 "KDE LDA" 157 3000 3.42929292929293
528.345 23.035 0 0 "KDE LDA" 157 3000 3.43939393939394
528.38 23.035 0 0 "KDE LDA" 157 3000 3.44949494949495
531.46 23.04 0 0 "KDE LDA" 157 3000 3.45959595959596
534.91 23.075 0 0 "KDE LDA" 157 3000 3.46969696969697
539.285 23.285 0 0 "KDE LDA" 157 3000 3.47979797979798
549.055 23.31 0 0 "KDE LDA" 157 3000 3.48989898989899
549.13 23.32 0 0 "KDE LDA" 157 3000 3.5
112.63 12.84 0 0 "KDE QDA" 157 3000 2.7
112.63 12.86 0 0 "KDE QDA" 157 3000 2.71010101010101
113.315 12.86 0 0 "KDE QDA" 157 3000 2.72020202020202
113.315 12.86 0 0 "KDE QDA" 157 3000 2.73030303030303
113.32 12.86 0 0 "KDE QDA" 157 3000 2.74040404040404
114.105 12.86 0 0 "KDE QDA" 157 3000 2.75050505050505
114.285 12.87 0 0 "KDE QDA" 157 3000 2.76060606060606
114.285 12.875 0 0 "KDE QDA" 157 3000 2.77070707070707
114.31 12.875 0 0 "KDE QDA" 157 3000 2.78080808080808
114.315 12.88 0 0 "KDE QDA" 157 3000 2.79090909090909
144.94 13.88 0 0 "KDE QDA" 157 3000 2.8010101010101
145 13.88 0 0 "KDE QDA" 157 3000 2.81111111111111
145.01 13.88 0 0 "KDE QDA" 157 3000 2.82121212121212
148.69 14.19 0 0 "KDE QDA" 157 3000 2.83131313131313
149.625 14.205 0 0 "KDE QDA" 157 3000 2.84141414141414
149.63 14.3 0 0 "KDE QDA" 157 3000 2.85151515151515
149.63 14.305 0 0 "KDE QDA" 157 3000 2.86161616161616
149.715 14.305 0 0 "KDE QDA" 157 3000 2.87171717171717
150.59 14.31 0 0 "KDE QDA" 157 3000 2.88181818181818
150.695 14.31 0 0 "KDE QDA" 157 3000 2.89191919191919
150.7 14.325 0 0 "KDE QDA" 157 3000 2.9020202020202
150.7 14.36 0 0 "KDE QDA" 157 3000 2.91212121212121
150.7 14.365 0 0 "KDE QDA" 157 3000 2.92222222222222
150.965 14.365 0 0 "KDE QDA" 157 3000 2.93232323232323
151.86 14.37 0 0 "KDE QDA" 157 3000 2.94242424242424
151.86 14.37 0 0 "KDE QDA" 157 3000 2.95252525252525
155.515 14.64 0 0 "KDE QDA" 157 3000 2.96262626262626
155.52 14.64 0 0 "KDE QDA" 157 3000 2.97272727272727
155.545 14.645 0 0 "KDE QDA" 157 3000 2.98282828282828
155.775 14.665 0 0 "KDE QDA" 157 3000 2.99292929292929
155.775 14.665 0 0 "KDE QDA" 157 3000 3.0030303030303
155.775 14.665 0 0 "KDE QDA" 157 3000 3.01313131313131
155.865 14.665 0 0 "KDE QDA" 157 3000 3.02323232323232
155.865 14.665 0 0 "KDE QDA" 157 3000 3.03333333333333
155.865 14.665 0 0 "KDE QDA" 157 3000 3.04343434343434
155.865 14.665 0 0 "KDE QDA" 157 3000 3.05353535353535
156.29 14.665 0 0 "KDE QDA" 157 3000 3.06363636363636
157.515 14.67 0 0 "KDE QDA" 157 3000 3.07373737373737
157.52 14.67 0 0 "KDE QDA" 157 3000 3.08383838383838
172.79 15.365 0 0 "KDE QDA" 157 3000 3.09393939393939
173.24 15.375 0 0 "KDE QDA" 157 3000 3.1040404040404
173.705 15.375 0 0 "KDE QDA" 157 3000 3.11414141414141
174.845 15.435 0 0 "KDE QDA" 157 3000 3.12424242424242
174.845 15.44 0 0 "KDE QDA" 157 3000 3.13434343434343
176.295 15.455 0 0 "KDE QDA" 157 3000 3.14444444444444
176.295 15.455 0 0 "KDE QDA" 157 3000 3.15454545454545
176.295 15.455 0 0 "KDE QDA" 157 3000 3.16464646464646
176.295 15.46 0 0 "KDE QDA" 157 3000 3.17474747474748
176.295 15.46 0 0 "KDE QDA" 157 3000 3.18484848484849
176.31 15.48 0 0 "KDE QDA" 157 3000 3.19494949494949
176.31 15.48 0 0 "KDE QDA" 157 3000 3.20505050505051
176.48 15.48 0 0 "KDE QDA" 157 3000 3.21515151515152
199.875 16.125 0 0 "KDE QDA" 157 3000 3.22525252525253
201.46 16.17 0 0 "KDE QDA" 157 3000 3.23535353535354
201.82 16.17 0 0 "KDE QDA" 157 3000 3.24545454545455
205.345 16.425 0 0 "KDE QDA" 157 3000 3.25555555555556
205.37 16.43 0 0 "KDE QDA" 157 3000 3.26565656565657
206.755 16.455 0 0 "KDE QDA" 157 3000 3.27575757575758
206.755 16.455 0 0 "KDE QDA" 157 3000 3.28585858585859
208.38 16.455 0 0 "KDE QDA" 157 3000 3.2959595959596
208.385 16.455 0 0 "KDE QDA" 157 3000 3.30606060606061
210.11 16.455 0 0 "KDE QDA" 157 3000 3.31616161616162
210.11 16.475 0 0 "KDE QDA" 157 3000 3.32626262626263
210.11 16.505 0 0 "KDE QDA" 157 3000 3.33636363636364
210.115 16.505 0 0 "KDE QDA" 157 3000 3.34646464646465
210.115 16.51 0 0 "KDE QDA" 157 3000 3.35656565656566
241.925 17.29 0 0 "KDE QDA" 157 3000 3.36666666666667
241.945 17.29 0 0 "KDE QDA" 157 3000 3.37676767676768
252.115 17.42 0 0 "KDE QDA" 157 3000 3.38686868686869
252.115 17.42 0 0 "KDE QDA" 157 3000 3.3969696969697
252.17 17.42 0 0 "KDE QDA" 157 3000 3.40707070707071
255.555 17.505 0 0 "KDE QDA" 157 3000 3.41717171717172
255.555 17.52 0 0 "KDE QDA" 157 3000 3.42727272727273
256.775 17.52 0 0 "KDE QDA" 157 3000 3.43737373737374
256.815 17.555 0 0 "KDE QDA" 157 3000 3.44747474747475
256.825 17.555 0 0 "KDE QDA" 157 3000 3.45757575757576
256.825 17.555 0 0 "KDE QDA" 157 3000 3.46767676767677
256.825 17.555 0 0 "KDE QDA" 157 3000 3.47777777777778
256.825 17.56 0 0 "KDE QDA" 157 3000 3.48787878787879
256.825 17.575 0 0 "KDE QDA" 157 3000 3.4979797979798
256.825 17.575 0 0 "KDE QDA" 157 3000 3.50808080808081
267.65 18 0 0 "KDE QDA" 157 3000 3.51818181818182
269.315 18 0 0 "KDE QDA" 157 3000 3.52828282828283
269.315 18 0 0 "KDE QDA" 157 3000 3.53838383838384
277.025 18.06 0 0 "KDE QDA" 157 3000 3.54848484848485
277.03 18.065 0 0 "KDE QDA" 157 3000 3.55858585858586
277.035 18.07 0 0 "KDE QDA" 157 3000 3.56868686868687
277.035 18.085 0 0 "KDE QDA" 157 3000 3.57878787878788
277.05 18.09 0 0 "KDE QDA" 157 3000 3.58888888888889
277.055 18.095 0 0 "KDE QDA" 157 3000 3.5989898989899
277.905 18.095 0 0 "KDE QDA" 157 3000 3.60909090909091
278.04 18.1 0 0 "KDE QDA" 157 3000 3.61919191919192
278.04 18.11 0 0 "KDE QDA" 157 3000 3.62929292929293
278.37 18.11 0 0 "KDE QDA" 157 3000 3.63939393939394
278.385 18.115 0 0 "KDE QDA" 157 3000 3.64949494949495
312.46 18.64 0 0 "KDE QDA" 157 3000 3.65959595959596
315.245 18.64 0 0 "KDE QDA" 157 3000 3.66969696969697
324.795 18.835 0 0 "KDE QDA" 157 3000 3.67979797979798
326.66 18.835 0 0 "KDE QDA" 157 3000 3.68989898989899
329.27 18.88 0 0 "KDE QDA" 157 3000 3.7
