136.105 15.625 0 0 "KDE LDA" 161 600 2.3
136.115 15.645 0 0 "KDE LDA" 161 600 2.31010101010101
136.86 15.68 0 0 "KDE LDA" 161 600 2.32020202020202
136.875 15.955 0 0 "KDE LDA" 161 600 2.33030303030303
136.88 15.955 0 0 "KDE LDA" 161 600 2.34040404040404
136.88 15.955 0 0 "KDE LDA" 161 600 2.35050505050505
136.88 15.985 0 0 "KDE LDA" 161 600 2.36060606060606
136.885 15.99 0 0 "KDE LDA" 161 600 2.37070707070707
137.52 16.28 0 0 "KDE LDA" 161 600 2.38080808080808
137.69 16.285 0 0 "KDE LDA" 161 600 2.39090909090909
140.015 16.46 0 0 "KDE LDA" 161 600 2.4010101010101
140.745 16.47 0 0 "KDE LDA" 161 600 2.41111111111111
140.745 16.585 0 0 "KDE LDA" 161 600 2.42121212121212
141.68 16.61 0 0 "KDE LDA" 161 600 2.43131313131313
142.05 16.625 0 0 "KDE LDA" 161 600 2.44141414141414
143.12 16.635 0 0 "KDE LDA" 161 600 2.45151515151515
146.18 16.7 0 0 "KDE LDA" 161 600 2.46161616161616
146.6 16.7 0 0 "KDE LDA" 161 600 2.47171717171717
147.27 16.7 0 0 "KDE LDA" 161 600 2.48181818181818
147.27 16.765 0 0 "KDE LDA" 161 600 2.49191919191919
148.755 16.77 0 0 "KDE LDA" 161 600 2.5020202020202
149.015 16.775 0 0 "KDE LDA" 161 600 2.51212121212121
150.615 16.78 0 0 "KDE LDA" 161 600 2.52222222222222
156.7 16.915 0 0 "KDE LDA" 161 600 2.53232323232323
157.035 16.945 0 0 "KDE LDA" 161 600 2.54242424242424
157.2 16.965 0 0 "KDE LDA" 161 600 2.55252525252525
159.34 16.965 0 0 "KDE LDA" 161 600 2.56262626262626
159.41 16.985 0 0 "KDE LDA" 161 600 2.57272727272727
161.455 17.12 0 0 "KDE LDA" 161 600 2.58282828282828
161.455 17.43 0 0 "KDE LDA" 161 600 2.59292929292929
166.44 17.565 0 0 "KDE LDA" 161 600 2.6030303030303
167.81 17.585 0 0 "KDE LDA" 161 600 2.61313131313131
168.135 17.69 0 0 "KDE LDA" 161 600 2.62323232323232
170.28 17.865 0 0 "KDE LDA" 161 600 2.63333333333333
172.735 17.865 0 0 "KDE LDA" 161 600 2.64343434343434
173.15 18.295 0 0 "KDE LDA" 161 600 2.65353535353535
182.77 18.475 0 0 "KDE LDA" 161 600 2.66363636363636
198.465 18.59 0 0 "KDE LDA" 161 600 2.67373737373737
199.94 18.605 0 0 "KDE LDA" 161 600 2.68383838383838
200.02 18.615 0 0 "KDE LDA" 161 600 2.69393939393939
203.37 18.615 0 0 "KDE LDA" 161 600 2.7040404040404
204.855 18.64 0 0 "KDE LDA" 161 600 2.71414141414141
204.915 18.72 0 0 "KDE LDA" 161 600 2.72424242424242
206.415 19.005 0 0 "KDE LDA" 161 600 2.73434343434343
208.37 19.025 0 0 "KDE LDA" 161 600 2.74444444444444
208.39 19.045 0 0 "KDE LDA" 161 600 2.75454545454545
215.14 19.08 0 0 "KDE LDA" 161 600 2.76464646464646
217.425 19.41 0 0 "KDE LDA" 161 600 2.77474747474747
229.46 19.53 0 0 "KDE LDA" 161 600 2.78484848484848
238.42 19.63 0 0 "KDE LDA" 161 600 2.79494949494949
297.195 20.35 0 0 "KDE LDA" 161 600 2.80505050505051
299.74 20.41 0 0 "KDE LDA" 161 600 2.81515151515151
307.67 20.64 0 0 "KDE LDA" 161 600 2.82525252525252
307.925 20.645 0 0 "KDE LDA" 161 600 2.83535353535354
307.93 20.67 0 0 "KDE LDA" 161 600 2.84545454545455
307.955 20.675 0 0 "KDE LDA" 161 600 2.85555555555556
308.68 20.785 0 0 "KDE LDA" 161 600 2.86565656565657
311.04 20.925 0 0 "KDE LDA" 161 600 2.87575757575758
312.86 20.945 0 0 "KDE LDA" 161 600 2.88585858585859
314.49 20.965 0 0 "KDE LDA" 161 600 2.8959595959596
314.505 20.97 0 0 "KDE LDA" 161 600 2.90606060606061
314.52 20.97 0 0 "KDE LDA" 161 600 2.91616161616162
314.535 20.99 0 0 "KDE LDA" 161 600 2.92626262626263
315.495 21 0 0 "KDE LDA" 161 600 2.93636363636364
317.015 21.055 0 0 "KDE LDA" 161 600 2.94646464646465
318 21.12 0 0 "KDE LDA" 161 600 2.95656565656566
319.905 21.135 0 0 "KDE LDA" 161 600 2.96666666666667
322.41 21.14 0 0 "KDE LDA" 161 600 2.97676767676768
322.45 21.215 0 0 "KDE LDA" 161 600 2.98686868686869
325.325 21.215 0 0 "KDE LDA" 161 600 2.9969696969697
326.055 21.235 0 0 "KDE LDA" 161 600 3.00707070707071
326.19 21.315 0 0 "KDE LDA" 161 600 3.01717171717172
326.19 21.315 0 0 "KDE LDA" 161 600 3.02727272727273
326.19 21.41 0 0 "KDE LDA" 161 600 3.03737373737374
328.93 21.53 0 0 "KDE LDA" 161 600 3.04747474747475
328.93 21.72 0 0 "KDE LDA" 161 600 3.05757575757576
335.38 21.745 0 0 "KDE LDA" 161 600 3.06767676767677
337.655 21.77 0 0 "KDE LDA" 161 600 3.07777777777778
346.125 21.94 0 0 "KDE LDA" 161 600 3.08787878787879
366.175 22.18 0 0 "KDE LDA" 161 600 3.0979797979798
366.18 22.295 0 0 "KDE LDA" 161 600 3.10808080808081
374.83 22.3 0 0 "KDE LDA" 161 600 3.11818181818182
374.835 22.425 0 0 "KDE LDA" 161 600 3.12828282828283
374.865 22.48 0 0 "KDE LDA" 161 600 3.13838383838384
375.675 22.49 0 0 "KDE LDA" 161 600 3.14848484848485
376.955 22.505 0 0 "KDE LDA" 161 600 3.15858585858586
378.48 22.525 0 0 "KDE LDA" 161 600 3.16868686868687
379.31 22.545 0 0 "KDE LDA" 161 600 3.17878787878788
382.36 22.7 0 0 "KDE LDA" 161 600 3.18888888888889
385.485 22.79 0 0 "KDE LDA" 161 600 3.1989898989899
389.975 22.9 0 0 "KDE LDA" 161 600 3.20909090909091
409.57 23.005 0 0 "KDE LDA" 161 600 3.21919191919192
417.785 23.255 0 0 "KDE LDA" 161 600 3.22929292929293
419.16 23.28 0 0 "KDE LDA" 161 600 3.23939393939394
419.16 23.295 0 0 "KDE LDA" 161 600 3.24949494949495
419.25 23.295 0 0 "KDE LDA" 161 600 3.25959595959596
419.28 23.33 0 0 "KDE LDA" 161 600 3.26969696969697
421.015 23.36 0 0 "KDE LDA" 161 600 3.27979797979798
422.625 23.41 0 0 "KDE LDA" 161 600 3.28989898989899
422.88 23.565 0 0 "KDE LDA" 161 600 3.3
155.425 18.14 0 0 "KDE QDA" 161 600 4.5
156.785 18.27 0 0 "KDE QDA" 161 600 4.51010101010101
157.52 18.33 0 0 "KDE QDA" 161 600 4.52020202020202
161.975 18.355 0 0 "KDE QDA" 161 600 4.53030303030303
162.01 18.355 0 0 "KDE QDA" 161 600 4.54040404040404
162.11 18.41 0 0 "KDE QDA" 161 600 4.55050505050505
162.43 18.425 0 0 "KDE QDA" 161 600 4.56060606060606
162.45 18.435 0 0 "KDE QDA" 161 600 4.57070707070707
162.46 18.465 0 0 "KDE QDA" 161 600 4.58080808080808
162.795 18.47 0 0 "KDE QDA" 161 600 4.59090909090909
162.855 18.48 0 0 "KDE QDA" 161 600 4.6010101010101
163.12 18.495 0 0 "KDE QDA" 161 600 4.61111111111111
164.395 18.495 0 0 "KDE QDA" 161 600 4.62121212121212
165.39 18.52 0 0 "KDE QDA" 161 600 4.63131313131313
165.9 18.675 0 0 "KDE QDA" 161 600 4.64141414141414
165.92 18.685 0 0 "KDE QDA" 161 600 4.65151515151515
168.43 18.72 0 0 "KDE QDA" 161 600 4.66161616161616
168.68 18.755 0 0 "KDE QDA" 161 600 4.67171717171717
168.745 18.765 0 0 "KDE QDA" 161 600 4.68181818181818
168.87 18.81 0 0 "KDE QDA" 161 600 4.69191919191919
168.955 18.835 0 0 "KDE QDA" 161 600 4.7020202020202
169.385 18.89 0 0 "KDE QDA" 161 600 4.71212121212121
169.415 18.895 0 0 "KDE QDA" 161 600 4.72222222222222
171.565 18.895 0 0 "KDE QDA" 161 600 4.73232323232323
174.055 18.935 0 0 "KDE QDA" 161 600 4.74242424242424
174.52 18.935 0 0 "KDE QDA" 161 600 4.75252525252525
175.47 18.975 0 0 "KDE QDA" 161 600 4.76262626262626
175.605 19.165 0 0 "KDE QDA" 161 600 4.77272727272727
175.67 19.18 0 0 "KDE QDA" 161 600 4.78282828282828
175.69 19.18 0 0 "KDE QDA" 161 600 4.79292929292929
176.965 19.27 0 0 "KDE QDA" 161 600 4.8030303030303
177.325 19.335 0 0 "KDE QDA" 161 600 4.81313131313131
180.08 19.375 0 0 "KDE QDA" 161 600 4.82323232323232
180.34 19.395 0 0 "KDE QDA" 161 600 4.83333333333333
180.37 19.405 0 0 "KDE QDA" 161 600 4.84343434343434
180.75 19.41 0 0 "KDE QDA" 161 600 4.85353535353535
180.755 19.435 0 0 "KDE QDA" 161 600 4.86363636363636
180.77 19.435 0 0 "KDE QDA" 161 600 4.87373737373737
182.135 19.465 0 0 "KDE QDA" 161 600 4.88383838383838
185.295 19.49 0 0 "KDE QDA" 161 600 4.89393939393939
188.26 19.87 0 0 "KDE QDA" 161 600 4.9040404040404
189.82 19.895 0 0 "KDE QDA" 161 600 4.91414141414141
190.35 19.9 0 0 "KDE QDA" 161 600 4.92424242424242
190.735 20 0 0 "KDE QDA" 161 600 4.93434343434343
190.84 20.005 0 0 "KDE QDA" 161 600 4.94444444444444
191.85 20.09 0 0 "KDE QDA" 161 600 4.95454545454546
191.955 20.095 0 0 "KDE QDA" 161 600 4.96464646464646
192.165 20.105 0 0 "KDE QDA" 161 600 4.97474747474747
193.33 20.13 0 0 "KDE QDA" 161 600 4.98484848484848
193.36 20.13 0 0 "KDE QDA" 161 600 4.99494949494949
194.185 20.135 0 0 "KDE QDA" 161 600 5.00505050505051
194.19 20.135 0 0 "KDE QDA" 161 600 5.01515151515152
194.47 20.14 0 0 "KDE QDA" 161 600 5.02525252525253
194.96 20.165 0 0 "KDE QDA" 161 600 5.03535353535354
195.435 20.51 0 0 "KDE QDA" 161 600 5.04545454545455
195.64 20.51 0 0 "KDE QDA" 161 600 5.05555555555556
197.195 20.615 0 0 "KDE QDA" 161 600 5.06565656565657
197.24 20.62 0 0 "KDE QDA" 161 600 5.07575757575758
198.165 20.645 0 0 "KDE QDA" 161 600 5.08585858585859
198.475 20.695 0 0 "KDE QDA" 161 600 5.0959595959596
198.475 20.695 0 0 "KDE QDA" 161 600 5.10606060606061
198.775 20.74 0 0 "KDE QDA" 161 600 5.11616161616162
204.9 20.765 0 0 "KDE QDA" 161 600 5.12626262626263
204.93 20.795 0 0 "KDE QDA" 161 600 5.13636363636364
204.965 20.8 0 0 "KDE QDA" 161 600 5.14646464646465
205.085 20.83 0 0 "KDE QDA" 161 600 5.15656565656566
206.325 20.83 0 0 "KDE QDA" 161 600 5.16666666666667
206.375 20.835 0 0 "KDE QDA" 161 600 5.17676767676768
207.185 20.845 0 0 "KDE QDA" 161 600 5.18686868686869
210.515 20.94 0 0 "KDE QDA" 161 600 5.1969696969697
212.065 20.99 0 0 "KDE QDA" 161 600 5.20707070707071
212.195 21 0 0 "KDE QDA" 161 600 5.21717171717172
212.575 21.06 0 0 "KDE QDA" 161 600 5.22727272727273
213.075 21.09 0 0 "KDE QDA" 161 600 5.23737373737374
213.1 21.12 0 0 "KDE QDA" 161 600 5.24747474747475
216.12 21.13 0 0 "KDE QDA" 161 600 5.25757575757576
216.18 21.185 0 0 "KDE QDA" 161 600 5.26767676767677
216.455 21.215 0 0 "KDE QDA" 161 600 5.27777777777778
216.55 21.22 0 0 "KDE QDA" 161 600 5.28787878787879
216.57 21.22 0 0 "KDE QDA" 161 600 5.2979797979798
216.58 21.295 0 0 "KDE QDA" 161 600 5.30808080808081
216.625 21.325 0 0 "KDE QDA" 161 600 5.31818181818182
217.31 21.38 0 0 "KDE QDA" 161 600 5.32828282828283
219.575 21.695 0 0 "KDE QDA" 161 600 5.33838383838384
220.575 21.695 0 0 "KDE QDA" 161 600 5.34848484848485
220.695 21.755 0 0 "KDE QDA" 161 600 5.35858585858586
222.065 21.76 0 0 "KDE QDA" 161 600 5.36868686868687
222.115 21.785 0 0 "KDE QDA" 161 600 5.37878787878788
222.885 21.805 0 0 "KDE QDA" 161 600 5.38888888888889
223.425 21.82 0 0 "KDE QDA" 161 600 5.3989898989899
224.905 21.825 0 0 "KDE QDA" 161 600 5.40909090909091
225.315 21.84 0 0 "KDE QDA" 161 600 5.41919191919192
225.355 21.85 0 0 "KDE QDA" 161 600 5.42929292929293
226.23 21.875 0 0 "KDE QDA" 161 600 5.43939393939394
226.615 21.885 0 0 "KDE QDA" 161 600 5.44949494949495
227.32 21.96 0 0 "KDE QDA" 161 600 5.45959595959596
229.475 22.205 0 0 "KDE QDA" 161 600 5.46969696969697
229.5 22.3 0 0 "KDE QDA" 161 600 5.47979797979798
229.57 22.375 0 0 "KDE QDA" 161 600 5.48989898989899
230.355 22.41 0 0 "KDE QDA" 161 600 5.5
