126.815 15.16 0 0 "KDE LDA" 74 5000 2.5
127.36 15.265 0 0 "KDE LDA" 74 5000 2.51010101010101
128.6 15.315 0 0 "KDE LDA" 74 5000 2.52020202020202
129.465 15.39 0 0 "KDE LDA" 74 5000 2.53030303030303
131.9 15.415 0 0 "KDE LDA" 74 5000 2.54040404040404
135.29 15.425 0 0 "KDE LDA" 74 5000 2.55050505050505
135.45 15.43 0 0 "KDE LDA" 74 5000 2.56060606060606
136.605 15.455 0 0 "KDE LDA" 74 5000 2.57070707070707
140.03 15.47 0 0 "KDE LDA" 74 5000 2.58080808080808
140.65 15.49 0 0 "KDE LDA" 74 5000 2.59090909090909
141.21 15.5 0 0 "KDE LDA" 74 5000 2.6010101010101
145.79 15.575 0 0 "KDE LDA" 74 5000 2.61111111111111
146.695 15.7 0 0 "KDE LDA" 74 5000 2.62121212121212
149.895 15.72 0 0 "KDE LDA" 74 5000 2.63131313131313
152.995 15.725 0 0 "KDE LDA" 74 5000 2.64141414141414
157.435 15.81 0 0 "KDE LDA" 74 5000 2.65151515151515
161.525 16.31 0 0 "KDE LDA" 74 5000 2.66161616161616
170.3 16.44 0 0 "KDE LDA" 74 5000 2.67171717171717
175.155 16.465 0 0 "KDE LDA" 74 5000 2.68181818181818
180.155 16.51 0 0 "KDE LDA" 74 5000 2.69191919191919
180.19 16.53 0 0 "KDE LDA" 74 5000 2.7020202020202
181.95 16.65 0 0 "KDE LDA" 74 5000 2.71212121212121
182.44 16.76 0 0 "KDE LDA" 74 5000 2.72222222222222
182.445 16.825 0 0 "KDE LDA" 74 5000 2.73232323232323
182.445 16.95 0 0 "KDE LDA" 74 5000 2.74242424242424
184.335 16.95 0 0 "KDE LDA" 74 5000 2.75252525252525
184.755 17 0 0 "KDE LDA" 74 5000 2.76262626262626
187.655 17.04 0 0 "KDE LDA" 74 5000 2.77272727272727
194.04 17.18 0 0 "KDE LDA" 74 5000 2.78282828282828
201.265 17.27 0 0 "KDE LDA" 74 5000 2.79292929292929
246.515 18.03 0 0 "KDE LDA" 74 5000 2.8030303030303
251.84 18.03 0 0 "KDE LDA" 74 5000 2.81313131313131
256.085 18.27 0 0 "KDE LDA" 74 5000 2.82323232323232
260.895 18.295 0 0 "KDE LDA" 74 5000 2.83333333333333
261.335 18.425 0 0 "KDE LDA" 74 5000 2.84343434343434
261.34 18.44 0 0 "KDE LDA" 74 5000 2.85353535353535
261.34 18.45 0 0 "KDE LDA" 74 5000 2.86363636363636
261.38 18.49 0 0 "KDE LDA" 74 5000 2.87373737373737
261.38 18.505 0 0 "KDE LDA" 74 5000 2.88383838383838
262.665 18.505 0 0 "KDE LDA" 74 5000 2.89393939393939
266.635 18.51 0 0 "KDE LDA" 74 5000 2.9040404040404
267.585 18.63 0 0 "KDE LDA" 74 5000 2.91414141414141
268.32 18.645 0 0 "KDE LDA" 74 5000 2.92424242424242
274.845 18.68 0 0 "KDE LDA" 74 5000 2.93434343434343
275.53 18.72 0 0 "KDE LDA" 74 5000 2.94444444444444
276.685 18.825 0 0 "KDE LDA" 74 5000 2.95454545454545
279.85 18.92 0 0 "KDE LDA" 74 5000 2.96464646464646
279.955 18.925 0 0 "KDE LDA" 74 5000 2.97474747474747
281.975 18.93 0 0 "KDE LDA" 74 5000 2.98484848484848
284.53 18.995 0 0 "KDE LDA" 74 5000 2.99494949494949
284.67 19.03 0 0 "KDE LDA" 74 5000 3.00505050505051
284.815 19.065 0 0 "KDE LDA" 74 5000 3.01515151515152
290.74 19.105 0 0 "KDE LDA" 74 5000 3.02525252525253
295.445 19.13 0 0 "KDE LDA" 74 5000 3.03535353535354
295.455 19.17 0 0 "KDE LDA" 74 5000 3.04545454545455
303.94 19.365 0 0 "KDE LDA" 74 5000 3.05555555555556
312.425 19.38 0 0 "KDE LDA" 74 5000 3.06565656565657
318.545 19.52 0 0 "KDE LDA" 74 5000 3.07575757575758
321.765 19.6 0 0 "KDE LDA" 74 5000 3.08585858585859
328.945 19.735 0 0 "KDE LDA" 74 5000 3.0959595959596
328.96 19.74 0 0 "KDE LDA" 74 5000 3.10606060606061
341.475 19.78 0 0 "KDE LDA" 74 5000 3.11616161616162
341.485 19.79 0 0 "KDE LDA" 74 5000 3.12626262626263
341.57 19.825 0 0 "KDE LDA" 74 5000 3.13636363636364
343.685 19.935 0 0 "KDE LDA" 74 5000 3.14646464646465
344.98 19.96 0 0 "KDE LDA" 74 5000 3.15656565656566
346.56 19.985 0 0 "KDE LDA" 74 5000 3.16666666666667
348.44 19.995 0 0 "KDE LDA" 74 5000 3.17676767676768
352 20 0 0 "KDE LDA" 74 5000 3.18686868686869
355.28 20.105 0 0 "KDE LDA" 74 5000 3.1969696969697
365.945 20.16 0 0 "KDE LDA" 74 5000 3.20707070707071
375.06 20.28 0 0 "KDE LDA" 74 5000 3.21717171717172
394.825 20.73 0 0 "KDE LDA" 74 5000 3.22727272727273
396.145 20.74 0 0 "KDE LDA" 74 5000 3.23737373737374
398.13 20.82 0 0 "KDE LDA" 74 5000 3.24747474747475
400.7 20.83 0 0 "KDE LDA" 74 5000 3.25757575757576
413.08 20.86 0 0 "KDE LDA" 74 5000 3.26767676767677
413.085 20.88 0 0 "KDE LDA" 74 5000 3.27777777777778
414.36 20.935 0 0 "KDE LDA" 74 5000 3.28787878787879
418.01 21.09 0 0 "KDE LDA" 74 5000 3.2979797979798
424.135 21.12 0 0 "KDE LDA" 74 5000 3.30808080808081
426.15 21.325 0 0 "KDE LDA" 74 5000 3.31818181818182
433.345 21.48 0 0 "KDE LDA" 74 5000 3.32828282828283
443.12 21.535 0 0 "KDE LDA" 74 5000 3.33838383838384
453.715 21.575 0 0 "KDE LDA" 74 5000 3.34848484848485
485.23 21.885 0 0 "KDE LDA" 74 5000 3.35858585858586
485.615 21.885 0 0 "KDE LDA" 74 5000 3.36868686868687
488.29 21.915 0 0 "KDE LDA" 74 5000 3.37878787878788
490.33 21.945 0 0 "KDE LDA" 74 5000 3.38888888888889
490.36 22.215 0 0 "KDE LDA" 74 5000 3.3989898989899
493.305 22.23 0 0 "KDE LDA" 74 5000 3.40909090909091
493.39 22.28 0 0 "KDE LDA" 74 5000 3.41919191919192
495.475 22.35 0 0 "KDE LDA" 74 5000 3.42929292929293
496.14 22.355 0 0 "KDE LDA" 74 5000 3.43939393939394
496.72 22.355 0 0 "KDE LDA" 74 5000 3.44949494949495
496.725 22.36 0 0 "KDE LDA" 74 5000 3.45959595959596
496.73 22.375 0 0 "KDE LDA" 74 5000 3.46969696969697
499 22.39 0 0 "KDE LDA" 74 5000 3.47979797979798
509.625 22.4 0 0 "KDE LDA" 74 5000 3.48989898989899
510.03 22.43 0 0 "KDE LDA" 74 5000 3.5
102.505 12.805 0 0 "KDE QDA" 74 5000 2.7
102.505 12.825 0 0 "KDE QDA" 74 5000 2.71010101010101
102.505 12.83 0 0 "KDE QDA" 74 5000 2.72020202020202
102.51 12.83 0 0 "KDE QDA" 74 5000 2.73030303030303
102.51 12.83 0 0 "KDE QDA" 74 5000 2.74040404040404
103.23 12.83 0 0 "KDE QDA" 74 5000 2.75050505050505
103.23 12.83 0 0 "KDE QDA" 74 5000 2.76060606060606
103.23 12.855 0 0 "KDE QDA" 74 5000 2.77070707070707
103.23 12.855 0 0 "KDE QDA" 74 5000 2.78080808080808
103.265 12.855 0 0 "KDE QDA" 74 5000 2.79090909090909
126.455 13.87 0 0 "KDE QDA" 74 5000 2.8010101010101
126.455 13.87 0 0 "KDE QDA" 74 5000 2.81111111111111
126.455 13.87 0 0 "KDE QDA" 74 5000 2.82121212121212
130.65 14.105 0 0 "KDE QDA" 74 5000 2.83131313131313
130.65 14.105 0 0 "KDE QDA" 74 5000 2.84141414141414
130.655 14.13 0 0 "KDE QDA" 74 5000 2.85151515151515
130.655 14.13 0 0 "KDE QDA" 74 5000 2.86161616161616
130.655 14.14 0 0 "KDE QDA" 74 5000 2.87171717171717
130.655 14.14 0 0 "KDE QDA" 74 5000 2.88181818181818
130.655 14.155 0 0 "KDE QDA" 74 5000 2.89191919191919
130.655 14.155 0 0 "KDE QDA" 74 5000 2.9020202020202
130.655 14.155 0 0 "KDE QDA" 74 5000 2.91212121212121
130.655 14.155 0 0 "KDE QDA" 74 5000 2.92222222222222
130.655 14.155 0 0 "KDE QDA" 74 5000 2.93232323232323
130.66 14.155 0 0 "KDE QDA" 74 5000 2.94242424242424
130.66 14.155 0 0 "KDE QDA" 74 5000 2.95252525252525
143.275 14.425 0 0 "KDE QDA" 74 5000 2.96262626262626
143.275 14.445 0 0 "KDE QDA" 74 5000 2.97272727272727
145.51 14.455 0 0 "KDE QDA" 74 5000 2.98282828282828
145.515 14.465 0 0 "KDE QDA" 74 5000 2.99292929292929
145.515 14.465 0 0 "KDE QDA" 74 5000 3.0030303030303
146.02 14.77 0 0 "KDE QDA" 74 5000 3.01313131313131
146.025 14.77 0 0 "KDE QDA" 74 5000 3.02323232323232
146.025 14.77 0 0 "KDE QDA" 74 5000 3.03333333333333
146.025 14.77 0 0 "KDE QDA" 74 5000 3.04343434343434
146.025 14.77 0 0 "KDE QDA" 74 5000 3.05353535353535
146.025 14.78 0 0 "KDE QDA" 74 5000 3.06363636363636
146.025 14.78 0 0 "KDE QDA" 74 5000 3.07373737373737
146.025 14.78 0 0 "KDE QDA" 74 5000 3.08383838383838
156.41 15.15 0 0 "KDE QDA" 74 5000 3.09393939393939
156.795 15.15 0 0 "KDE QDA" 74 5000 3.1040404040404
156.795 15.155 0 0 "KDE QDA" 74 5000 3.11414141414141
159.385 15.2 0 0 "KDE QDA" 74 5000 3.12424242424242
159.39 15.205 0 0 "KDE QDA" 74 5000 3.13434343434343
161.185 15.21 0 0 "KDE QDA" 74 5000 3.14444444444444
161.185 15.215 0 0 "KDE QDA" 74 5000 3.15454545454545
161.4 15.215 0 0 "KDE QDA" 74 5000 3.16464646464646
161.4 15.245 0 0 "KDE QDA" 74 5000 3.17474747474748
161.4 15.245 0 0 "KDE QDA" 74 5000 3.18484848484849
161.4 15.245 0 0 "KDE QDA" 74 5000 3.19494949494949
161.405 15.245 0 0 "KDE QDA" 74 5000 3.20505050505051
161.405 15.245 0 0 "KDE QDA" 74 5000 3.21515151515152
185.44 15.69 0 0 "KDE QDA" 74 5000 3.22525252525253
185.465 15.725 0 0 "KDE QDA" 74 5000 3.23535353535354
185.47 15.725 0 0 "KDE QDA" 74 5000 3.24545454545455
191.14 15.975 0 0 "KDE QDA" 74 5000 3.25555555555556
191.14 15.975 0 0 "KDE QDA" 74 5000 3.26565656565657
191.145 16.01 0 0 "KDE QDA" 74 5000 3.27575757575758
194.5 16.01 0 0 "KDE QDA" 74 5000 3.28585858585859
194.505 16.01 0 0 "KDE QDA" 74 5000 3.2959595959596
194.505 16.01 0 0 "KDE QDA" 74 5000 3.30606060606061
194.505 16.015 0 0 "KDE QDA" 74 5000 3.31616161616162
194.505 16.015 0 0 "KDE QDA" 74 5000 3.32626262626263
194.505 16.02 0 0 "KDE QDA" 74 5000 3.33636363636364
194.505 16.02 0 0 "KDE QDA" 74 5000 3.34646464646465
194.505 16.02 0 0 "KDE QDA" 74 5000 3.35656565656566
236.28 16.785 0 0 "KDE QDA" 74 5000 3.36666666666667
236.28 16.785 0 0 "KDE QDA" 74 5000 3.37676767676768
254.82 17.13 0 0 "KDE QDA" 74 5000 3.38686868686869
254.825 17.15 0 0 "KDE QDA" 74 5000 3.3969696969697
254.825 17.15 0 0 "KDE QDA" 74 5000 3.40707070707071
258.795 17.325 0 0 "KDE QDA" 74 5000 3.41717171717172
258.795 17.345 0 0 "KDE QDA" 74 5000 3.42727272727273
258.81 17.38 0 0 "KDE QDA" 74 5000 3.43737373737374
258.81 17.38 0 0 "KDE QDA" 74 5000 3.44747474747475
258.81 17.395 0 0 "KDE QDA" 74 5000 3.45757575757576
258.81 17.4 0 0 "KDE QDA" 74 5000 3.46767676767677
258.81 17.4 0 0 "KDE QDA" 74 5000 3.47777777777778
258.81 17.4 0 0 "KDE QDA" 74 5000 3.48787878787879
258.81 17.4 0 0 "KDE QDA" 74 5000 3.4979797979798
258.815 17.4 0 0 "KDE QDA" 74 5000 3.50808080808081
283.69 17.74 0 0 "KDE QDA" 74 5000 3.51818181818182
283.695 17.77 0 0 "KDE QDA" 74 5000 3.52828282828283
283.71 17.77 0 0 "KDE QDA" 74 5000 3.53838383838384
286.095 17.855 0 0 "KDE QDA" 74 5000 3.54848484848485
286.095 17.855 0 0 "KDE QDA" 74 5000 3.55858585858586
286.095 17.865 0 0 "KDE QDA" 74 5000 3.56868686868687
286.535 17.94 0 0 "KDE QDA" 74 5000 3.57878787878788
286.535 17.94 0 0 "KDE QDA" 74 5000 3.58888888888889
286.535 17.945 0 0 "KDE QDA" 74 5000 3.5989898989899
286.58 17.945 0 0 "KDE QDA" 74 5000 3.60909090909091
286.58 17.95 0 0 "KDE QDA" 74 5000 3.61919191919192
286.58 17.955 0 0 "KDE QDA" 74 5000 3.62929292929293
286.585 17.955 0 0 "KDE QDA" 74 5000 3.63939393939394
286.585 17.96 0 0 "KDE QDA" 74 5000 3.64949494949495
330.58 18.385 0 0 "KDE QDA" 74 5000 3.65959595959596
330.66 18.39 0 0 "KDE QDA" 74 5000 3.66969696969697
334.52 18.625 0 0 "KDE QDA" 74 5000 3.67979797979798
334.52 18.63 0 0 "KDE QDA" 74 5000 3.68989898989899
334.525 18.63 0 0 "KDE QDA" 74 5000 3.7
