54.883 13.642 0 0 51.4062828545005 9.42818788138668 "LDA" 18 5000 1.5
57.604 14.128 0 0 52.8897202347158 9.6612087729722 "LDA" 18 5000 1.53535353535354
59.559 14.633 0 0 54.0751203201402 10.0419695355121 "LDA" 18 5000 1.57070707070707
63.263 15.029 0 0 56.8283669859894 10.080564308449 "LDA" 18 5000 1.60606060606061
67.591 15.39 0 0 60.7451042199014 10.3152462066741 "LDA" 18 5000 1.64141414141414
71.053 15.847 0 0 64.8493456299185 10.8797959981316 "LDA" 18 5000 1.67676767676768
76.883 16.181 0 0 71.2214701393394 11.0340377464004 "LDA" 18 5000 1.71212121212121
81.373 16.5 0 0 74.5569756200828 11.2799484589796 "LDA" 18 5000 1.74747474747475
85.892 16.986 0 0 78.2364063034037 11.5763472570503 "LDA" 18 5000 1.78282828282828
90.271 17.486 0 0 82.7527375654399 12.0219104276454 "LDA" 18 5000 1.81818181818182
95.83 18.039 0 0 87.7486120626356 12.6789682243957 "LDA" 18 5000 1.85353535353535
100.194 18.465 0 0 92.2298037550807 12.8807876191516 "LDA" 18 5000 1.88888888888889
104.157 18.998 0 0 95.2576420523276 13.443687318914 "LDA" 18 5000 1.92424242424242
110.148 19.485 0 0 100.759697362649 13.7351530544595 "LDA" 18 5000 1.95959595959596
117.661 19.941 0 0 109.214320704049 14.1916497251701 "LDA" 18 5000 1.99494949494949
125.832 20.331 0 0 122.343907930913 14.3694091360403 "LDA" 18 5000 2.03030303030303
133.574 20.668 0 0 131.35736477747 14.4522885608005 "LDA" 18 5000 2.06565656565657
142.903 21.171 0 0 139.985769300335 14.8712781533369 "LDA" 18 5000 2.1010101010101
151.823 21.667 0 0 149.539124046587 15.5120835394777 "LDA" 18 5000 2.13636363636364
159.263 22.005 0 0 156.180376940066 15.6296276430458 "LDA" 18 5000 2.17171717171717
165.044 22.416 0 0 160.896002397784 15.8095821224625 "LDA" 18 5000 2.20707070707071
174.174 22.883 0 0 167.081914311783 16.1398824904894 "LDA" 18 5000 2.24242424242424
182.419 23.314 0 0 172.237194270257 16.4484636351228 "LDA" 18 5000 2.27777777777778
190.996 23.916 0 0 180.153254700489 16.8156983712159 "LDA" 18 5000 2.31313131313131
200.872 24.167 0 0 188.717651447786 16.883665750339 "LDA" 18 5000 2.34848484848485
214.218 24.803 0 0 202.327103307324 17.1998845062119 "LDA" 18 5000 2.38383838383838
223.605 25.316 0 0 213.523383286726 17.5054444269371 "LDA" 18 5000 2.41919191919192
233.979 25.724 0 0 221.595123948967 17.7545218760474 "LDA" 18 5000 2.45454545454545
243.824 26.109 0 0 229.614092894264 17.9360201778382 "LDA" 18 5000 2.48989898989899
253.14 26.584 0 0 237.242218566322 18.0556071332135 "LDA" 18 5000 2.52525252525253
265.78 27.138 0 0 250.912472126574 18.9473469899603 "LDA" 18 5000 2.56060606060606
276.522 27.456 0 0 260.05281575669 18.9829506772898 "LDA" 18 5000 2.5959595959596
295.367 27.845 0 0 285.478258624273 19.1006756637249 "LDA" 18 5000 2.63131313131313
310.135 28.549 0 0 305.074474858534 19.5893680945135 "LDA" 18 5000 2.66666666666667
327.731 29.156 0 0 329.530686146392 20.1527118719987 "LDA" 18 5000 2.7020202020202
341.676 29.425 0 0 338.632427485829 20.1549645893412 "LDA" 18 5000 2.73737373737374
356.3 29.842 0 0 349.791552399611 20.4994454379445 "LDA" 18 5000 2.77272727272727
373.293 30.478 0 0 360.364684530625 21.0464835654432 "LDA" 18 5000 2.80808080808081
387.156 31.02 0 0 371.730366164952 21.4287374987607 "LDA" 18 5000 2.84343434343434
404.357 31.341 0 0 388.469105331166 21.5211030590181 "LDA" 18 5000 2.87878787878788
421.713 31.889 0 0 401.34653065483 21.9175056987801 "LDA" 18 5000 2.91414141414141
443.471 32.633 0 0 432.380985330617 23.0615295491246 "LDA" 18 5000 2.94949494949495
466.716 33.199 0 0 448.638843788805 23.5385526841066 "LDA" 18 5000 2.98484848484848
494.04 33.593 0 0 475.986461479223 23.6605827099455 "LDA" 18 5000 3.02020202020202
512.855 33.928 0 0 489.541598796213 23.719769042793 "LDA" 18 5000 3.05555555555556
538.311 34.425 0 0 508.831712839315 23.9345197619722 "LDA" 18 5000 3.09090909090909
568.048 34.907 0 0 542.379275945325 24.2700099790747 "LDA" 18 5000 3.12626262626263
597.802 35.636 0 0 574.356961057072 24.7572701731517 "LDA" 18 5000 3.16161616161616
629.124 36.22 0 0 600.933781738083 24.856899755711 "LDA" 18 5000 3.1969696969697
650.446 36.787 0 0 616.339383229175 25.2048986889041 "LDA" 18 5000 3.23232323232323
675.74 37.229 0 0 634.257962948486 25.4791237044123 "LDA" 18 5000 3.26767676767677
719.619 37.721 0 0 684.013425456844 25.6021215454428 "LDA" 18 5000 3.3030303030303
755.742 38.173 0 0 713.71013555476 25.7537244942421 "LDA" 18 5000 3.33838383838384
796.407 38.77 0 0 765.979989748881 26.0059110089881 "LDA" 18 5000 3.37373737373737
832.754 39.217 0 0 791.111607207895 26.1154729792307 "LDA" 18 5000 3.40909090909091
870.385 39.588 0 0 825.271310243189 26.203337017847 "LDA" 18 5000 3.44444444444444
907.609 39.939 0 0 889.392168026876 26.1731601705509 "LDA" 18 5000 3.47979797979798
943.491 40.262 0 0 920.487834668538 26.2577002576925 "LDA" 18 5000 3.51515151515152
987.556 40.877 0 0 972.34389570538 26.409265804265 "LDA" 18 5000 3.55050505050505
1030.858 41.497 0 0 1013.81980372768 27.2173984388254 "LDA" 18 5000 3.58585858585859
1081.418 41.989 0 0 1058.78527073507 27.527997923381 "LDA" 18 5000 3.62121212121212
1162.124 42.303 0 0 1151.67889748267 27.7450712736511 "LDA" 18 5000 3.65656565656566
1207.593 42.814 0 0 1201.92403284556 28.0197878741527 "LDA" 18 5000 3.69191919191919
1252.36636636637 43.446 1 0 1246.08636070964 28.8523750069824 "LDA" 18 5000 3.72727272727273
1309.42142142142 43.951 1 0 1302.33857391378 28.9511790739129 "LDA" 18 5000 3.76262626262626
1360.87887887888 44.576 1 0 1334.69339973153 29.5051992160836 "LDA" 18 5000 3.7979797979798
1416.38238238238 45.16 1 0 1411.45102427175 29.7017270978068 "LDA" 18 5000 3.83333333333333
1496.8978978979 45.627 1 0 1487.06538137452 29.7942203550717 "LDA" 18 5000 3.86868686868687
1545.08425275827 46.326 3 0 1526.808356656 30.2561259442969 "LDA" 18 5000 3.9040404040404
1598.02409638554 47.041 4 0 1567.85193749641 30.8598712027554 "LDA" 18 5000 3.93939393939394
1663.37927565392 47.775 6 0 1608.01894344264 31.3357032999309 "LDA" 18 5000 3.97474747474747
1722.11581067472 48.411 7 0 1642.89034667913 31.6876345785732 "LDA" 18 5000 4.01010101010101
1801.55085599194 49.082 7 0 1726.88007692556 32.3572289645802 "LDA" 18 5000 4.04545454545454
1909.09869083585 49.891 7 0 1813.36162065552 32.815880317325 "LDA" 18 5000 4.08080808080808
1985.81717171717 50.567 10 0 1860.56766072334 32.9174888482106 "LDA" 18 5000 4.11616161616162
2063.47261663286 51.2 14 0 1928.26181262585 33.1851058646986 "LDA" 18 5000 4.15151515151515
2142.49288617886 51.668 16 0 1995.83569871539 33.3027153074167 "LDA" 18 5000 4.18686868686869
2215.30612244898 52.103 20 0 2022.57783969705 33.3880990198028 "LDA" 18 5000 4.22222222222222
2300.26482617587 52.723 22 0 2068.70851686462 33.8855795804573 "LDA" 18 5000 4.25757575757576
2368.45025641026 53.487 25 0 2119.9282685497 34.7449138729691 "LDA" 18 5000 4.29292929292929
2482.5206185567 54.288 30 0 2201.87684415576 35.4866504246084 "LDA" 18 5000 4.32828282828283
2555.28911917098 55.34 35 0 2258.84290283419 37.4318252499333 "LDA" 18 5000 4.36363636363636
2621.51716961498 55.86 39 0 2277.14096739354 37.574942132707 "LDA" 18 5000 4.3989898989899
2696.82949790795 56.467 44 0 2332.62729639411 37.694107719334 "LDA" 18 5000 4.43434343434343
2735.35646687697 57.039 49 0 2337.15274102975 37.8835669340104 "LDA" 18 5000 4.46969696969697
2811.49947089947 57.466 55 0 2364.58565596958 37.9451271796087 "LDA" 18 5000 4.50505050505051
2916.34361702128 57.968 60 0 2430.03394621931 38.0460047110662 "LDA" 18 5000 4.54040404040404
2957.91182795699 58.602 70 0 2458.78717132991 38.7558719888176 "LDA" 18 5000 4.57575757575758
3040.62337662338 59.191 76 0 2503.99514902123 39.3329072990619 "LDA" 18 5000 4.61111111111111
3086.15191256831 59.812 85 0 2510.17197443321 39.6177260859356 "LDA" 18 5000 4.64646464646465
3143.46068660022 60.443 97 0 2536.93055505883 39.6584611973857 "LDA" 18 5000 4.68181818181818
3209.17488789238 61.118 108 0 2579.02904077744 40.3501451076723 "LDA" 18 5000 4.71717171717172
3295.3484676504 62.052 119 0 2614.76819675292 40.7569923869319 "LDA" 18 5000 4.75252525252525
3331.78240740741 62.415 136 0 2626.08310714321 40.76057162503 "LDA" 18 5000 4.78787878787879
3407.96135831382 62.895 146 0 2662.98041600819 40.9586081621749 "LDA" 18 5000 4.82323232323232
3508.1748502994 63.639 165 0 2704.68106926068 41.3649820589921 "LDA" 18 5000 4.85858585858586
3571.92831105711 64.385 177 0 2724.9503463791 41.9447510081671 "LDA" 18 5000 4.89393939393939
3610.56564417178 64.955 185 0 2709.31386642966 42.2385969709468 "LDA" 18 5000 4.92929292929293
3614.69433962264 65.614 205 0 2697.54547278423 42.9106318565263 "LDA" 18 5000 4.96464646464646
3635.2323491656 66.003 221 0 2700.26242106255 42.9465877620143 "LDA" 18 5000 5
20.418 9.363 0 0 16.1810723718517 5.52229361105752 "uLSIF" 18 5000 1.5
21.336 9.635 0 0 16.704614576462 5.65205455747914 "uLSIF" 18 5000 1.53535353535354
21.999 9.854 0 0 17.0563160417752 5.72830668675286 "uLSIF" 18 5000 1.57070707070707
22.645 10.086 0 0 17.7163439750938 5.88329985783635 "uLSIF" 18 5000 1.60606060606061
23.546 10.388 0 0 18.7286049839449 6.1291943208731 "uLSIF" 18 5000 1.64141414141414
24.295 10.61 0 0 19.8104120963555 6.28166851715047 "uLSIF" 18 5000 1.67676767676768
24.924 10.807 0 0 20.0696540830931 6.37906289696562 "uLSIF" 18 5000 1.71212121212121
25.888 11.105 0 0 20.8334223661761 6.52752507337839 "uLSIF" 18 5000 1.74747474747475
26.688 11.329 0 0 21.1178744342469 6.57388583525566 "uLSIF" 18 5000 1.78282828282828
27.581 11.587 0 0 21.7161006635176 6.61605646916675 "uLSIF" 18 5000 1.81818181818182
28.2 11.821 0 0 22.1297927628735 6.69445851243958 "uLSIF" 18 5000 1.85353535353535
29.217 12.15 0 0 23.2594263022954 6.93365528243044 "uLSIF" 18 5000 1.88888888888889
30.069 12.354 0 0 23.9745076282291 7.03222128037337 "uLSIF" 18 5000 1.92424242424242
30.836 12.529 0 0 24.5514129099707 7.06831805453887 "uLSIF" 18 5000 1.95959595959596
31.918 12.739 0 0 25.7258448859332 7.05341262295278 "uLSIF" 18 5000 1.99494949494949
33.17 12.918 0 0 26.8124226060609 7.06860956916148 "uLSIF" 18 5000 2.03030303030303
34.11 13.088 0 0 27.6973472203214 7.05492934252555 "uLSIF" 18 5000 2.06565656565657
35.136 13.381 0 0 28.6055550860629 7.17979027467992 "uLSIF" 18 5000 2.1010101010101
35.892 13.609 0 0 29.0407248480423 7.17841546921385 "uLSIF" 18 5000 2.13636363636364
36.722 13.807 0 0 29.2831388040664 7.25205786955284 "uLSIF" 18 5000 2.17171717171717
37.445 14.067 0 0 29.7308408542022 7.29244065390255 "uLSIF" 18 5000 2.20707070707071
38.075 14.422 0 0 30.0814938337721 7.56525935769218 "uLSIF" 18 5000 2.24242424242424
38.961 14.602 0 0 30.7935012416373 7.60482934913266 "uLSIF" 18 5000 2.27777777777778
39.792 14.837 0 0 31.2118714100407 7.6649319750525 "uLSIF" 18 5000 2.31313131313131
41.067 15.142 0 0 31.9630434587689 7.82848140581052 "uLSIF" 18 5000 2.34848484848485
42.053 15.324 0 0 32.3012005745693 7.89654224198031 "uLSIF" 18 5000 2.38383838383838
42.622 15.599 0 0 32.5674032086034 7.9703026745993 "uLSIF" 18 5000 2.41919191919192
43.515 15.783 0 0 33.2298058224088 7.96852611267657 "uLSIF" 18 5000 2.45454545454545
44.27 16.019 0 0 34.0893999241287 8.0817048296107 "uLSIF" 18 5000 2.48989898989899
45.454 16.207 0 0 34.9574585447499 8.08142688270212 "uLSIF" 18 5000 2.52525252525253
46.308 16.394 0 0 35.6221008654749 8.17493691679597 "uLSIF" 18 5000 2.56060606060606
47.252 16.677 0 0 35.9564091555227 8.33139142539127 "uLSIF" 18 5000 2.5959595959596
48.224 16.9 0 0 36.2870579487312 8.43202817233784 "uLSIF" 18 5000 2.63131313131313
49.362 17.126 0 0 37.1361825185634 8.49578144153334 "uLSIF" 18 5000 2.66666666666667
50.261 17.385 0 0 37.69559439559 8.6149284380076 "uLSIF" 18 5000 2.7020202020202
51.385 17.625 0 0 38.3121990963662 8.70230458586144 "uLSIF" 18 5000 2.73737373737374
52.144 17.901 0 0 38.5640305005642 8.80663135118961 "uLSIF" 18 5000 2.77272727272727
52.813 18.178 0 0 38.7175810463681 8.89175907115006 "uLSIF" 18 5000 2.80808080808081
53.942 18.491 0 0 39.5513456780543 9.20829580930759 "uLSIF" 18 5000 2.84343434343434
54.822 18.649 0 0 40.2150415338038 9.2300049833135 "uLSIF" 18 5000 2.87878787878788
55.892 18.969 0 0 41.1137528897166 9.45131558918473 "uLSIF" 18 5000 2.91414141414141
57.034 19.243 0 0 42.4044925094616 9.51327774499691 "uLSIF" 18 5000 2.94949494949495
58.011 19.487 0 0 42.8223379981947 9.57745052498621 "uLSIF" 18 5000 2.98484848484848
58.924 19.678 0 0 43.4063397942551 9.59616602620038 "uLSIF" 18 5000 3.02020202020202
60.161 19.868 0 0 45.0611094246755 9.65524726766745 "uLSIF" 18 5000 3.05555555555556
61.096 20.051 0 0 45.9917821792984 9.67481271141726 "uLSIF" 18 5000 3.09090909090909
62.213 20.254 0 0 46.3592149179406 9.68324580134416 "uLSIF" 18 5000 3.12626262626263
63.581 20.468 0 0 47.9915057444922 9.78308155361513 "uLSIF" 18 5000 3.16161616161616
64.16 20.74 0 0 47.9760367277259 9.92072682926109 "uLSIF" 18 5000 3.1969696969697
64.998 21.064 0 0 48.5175426824973 10.1060395821526 "uLSIF" 18 5000 3.23232323232323
66.029 21.284 0 0 49.0410356964673 10.1608359196764 "uLSIF" 18 5000 3.26767676767677
67.693 21.653 0 0 50.8317087418239 10.4914566034303 "uLSIF" 18 5000 3.3030303030303
68.711 21.971 0 0 51.3783145909849 10.7584340358113 "uLSIF" 18 5000 3.33838383838384
69.95 22.255 0 0 52.2183900581037 10.8231749554424 "uLSIF" 18 5000 3.37373737373737
70.746 22.462 0 0 52.3640284496473 10.8221844225496 "uLSIF" 18 5000 3.40909090909091
71.491 22.702 0 0 52.8360441986961 10.8668894024594 "uLSIF" 18 5000 3.44444444444444
72.842 22.924 0 0 54.2775007077802 10.9435819540946 "uLSIF" 18 5000 3.47979797979798
74.088 23.163 0 0 55.0140236557807 11.112962203163 "uLSIF" 18 5000 3.51515151515152
75.611 23.446 0 0 57.5009568532476 11.1659196558887 "uLSIF" 18 5000 3.55050505050505
77.009 23.738 0 0 58.7279140348683 11.2296688046203 "uLSIF" 18 5000 3.58585858585859
77.966 23.976 0 0 58.9960963402104 11.3125327578486 "uLSIF" 18 5000 3.62121212121212
79.413 24.264 0 0 60.6511087119435 11.4409439819973 "uLSIF" 18 5000 3.65656565656566
80.284 24.461 0 0 61.2240616892552 11.4427888391081 "uLSIF" 18 5000 3.69191919191919
81.442 24.745 0 0 62.3643965252126 11.5696080672956 "uLSIF" 18 5000 3.72727272727273
82.057 25.015 0 0 62.9627354635824 11.6039401250793 "uLSIF" 18 5000 3.76262626262626
82.819 25.214 0 0 62.830549232972 11.6705786663047 "uLSIF" 18 5000 3.7979797979798
84.492 25.506 0 0 64.1997004474128 11.7024318374819 "uLSIF" 18 5000 3.83333333333333
85.976 25.796 0 0 64.6290518137032 11.8216807661236 "uLSIF" 18 5000 3.86868686868687
86.904 26.037 0 0 65.2722548350465 11.9228262079418 "uLSIF" 18 5000 3.9040404040404
87.863 26.237 0 0 65.742423877564 12.032855879658 "uLSIF" 18 5000 3.93939393939394
89.406 26.437 0 0 67.7303518709638 12.0035876769038 "uLSIF" 18 5000 3.97474747474747
90.445 26.668 0 0 68.3938644594359 12.1266166275194 "uLSIF" 18 5000 4.01010101010101
91.319 26.941 0 0 68.743762945768 12.2022298541461 "uLSIF" 18 5000 4.04545454545454
92.95 27.287 0 0 70.2459250774733 12.3427295998079 "uLSIF" 18 5000 4.08080808080808
95.01 27.559 0 0 73.1647249497801 12.4195315436519 "uLSIF" 18 5000 4.11616161616162
96.032 27.807 0 0 73.4849305028658 12.4804452049 "uLSIF" 18 5000 4.15151515151515
97.574 28.034 0 0 74.5864710632274 12.4690144085377 "uLSIF" 18 5000 4.18686868686869
98.593 28.235 0 0 75.0312804371886 12.5755285741363 "uLSIF" 18 5000 4.22222222222222
100.535 28.427 0 0 77.7021904800978 12.6138725528991 "uLSIF" 18 5000 4.25757575757576
102.91 28.679 0 0 80.5587339126529 12.7667909025702 "uLSIF" 18 5000 4.29292929292929
103.665 28.886 0 0 81.090927442677 12.7662046035609 "uLSIF" 18 5000 4.32828282828283
104.876 29.121 0 0 81.5515989253876 12.8600832322633 "uLSIF" 18 5000 4.36363636363636
105.787 29.342 0 0 82.0135955854934 12.8661016851482 "uLSIF" 18 5000 4.3989898989899
106.911 29.534 0 0 82.5106240558274 12.8492002064699 "uLSIF" 18 5000 4.43434343434343
108.667 29.786 0 0 84.9369672133365 12.9002566106501 "uLSIF" 18 5000 4.46969696969697
109.443 30.004 0 0 85.2336642913381 12.9100214040354 "uLSIF" 18 5000 4.50505050505051
111.143 30.325 0 0 86.9606963732106 13.1886813714001 "uLSIF" 18 5000 4.54040404040404
112.747 30.518 0 0 88.6446550326971 13.1957494597239 "uLSIF" 18 5000 4.57575757575758
114.717 30.804 0 0 89.5969224891096 13.4054948170999 "uLSIF" 18 5000 4.61111111111111
115.559 31.06 0 0 89.9280689027435 13.4562056118904 "uLSIF" 18 5000 4.64646464646465
117.426 31.385 0 0 91.6834138346319 13.5668284368099 "uLSIF" 18 5000 4.68181818181818
118.712 31.594 0 0 93.0412689817467 13.5993421203419 "uLSIF" 18 5000 4.71717171717172
120.447 31.834 0 0 93.1451620440494 13.7096461806422 "uLSIF" 18 5000 4.75252525252525
122.139 32.089 0 0 94.2761245844708 13.7796573962475 "uLSIF" 18 5000 4.78787878787879
124.262 32.345 0 0 96.8263223131639 13.8627613104731 "uLSIF" 18 5000 4.82323232323232
125.928 32.604 0 0 97.5849662685889 13.9704100282116 "uLSIF" 18 5000 4.85858585858586
128.962 32.77 0 0 100.567193041848 14.0143320033993 "uLSIF" 18 5000 4.89393939393939
129.655 33.023 0 0 101.009627857546 14.085342305669 "uLSIF" 18 5000 4.92929292929293
131.893 33.3 0 0 103.567648466154 14.1495657251454 "uLSIF" 18 5000 4.96464646464646
133.965 33.548 0 0 106.036397017687 14.185518140869 "uLSIF" 18 5000 5
