121.595 14.485 0 0 "KDE LDA" 183 1500 2.5
123.18 14.495 0 0 "KDE LDA" 183 1500 2.51010101010101
124.75 14.51 0 0 "KDE LDA" 183 1500 2.52020202020202
127.045 14.64 0 0 "KDE LDA" 183 1500 2.53030303030303
128.885 14.755 0 0 "KDE LDA" 183 1500 2.54040404040404
128.885 14.805 0 0 "KDE LDA" 183 1500 2.55050505050505
130.63 14.81 0 0 "KDE LDA" 183 1500 2.56060606060606
130.63 14.855 0 0 "KDE LDA" 183 1500 2.57070707070707
131.27 14.895 0 0 "KDE LDA" 183 1500 2.58080808080808
132.53 14.985 0 0 "KDE LDA" 183 1500 2.59090909090909
132.555 14.99 0 0 "KDE LDA" 183 1500 2.6010101010101
133.12 15.025 0 0 "KDE LDA" 183 1500 2.61111111111111
133.815 15.105 0 0 "KDE LDA" 183 1500 2.62121212121212
136.925 15.115 0 0 "KDE LDA" 183 1500 2.63131313131313
137.89 15.435 0 0 "KDE LDA" 183 1500 2.64141414141414
141.36 15.455 0 0 "KDE LDA" 183 1500 2.65151515151515
152.96 15.665 0 0 "KDE LDA" 183 1500 2.66161616161616
164.475 16.12 0 0 "KDE LDA" 183 1500 2.67171717171717
164.545 16.135 0 0 "KDE LDA" 183 1500 2.68181818181818
164.585 16.195 0 0 "KDE LDA" 183 1500 2.69191919191919
165.37 16.26 0 0 "KDE LDA" 183 1500 2.7020202020202
166.165 16.265 0 0 "KDE LDA" 183 1500 2.71212121212121
168.005 16.345 0 0 "KDE LDA" 183 1500 2.72222222222222
168.13 16.35 0 0 "KDE LDA" 183 1500 2.73232323232323
171.57 16.38 0 0 "KDE LDA" 183 1500 2.74242424242424
171.99 16.41 0 0 "KDE LDA" 183 1500 2.75252525252525
175.125 16.66 0 0 "KDE LDA" 183 1500 2.76262626262626
178.165 16.75 0 0 "KDE LDA" 183 1500 2.77272727272727
181.435 16.805 0 0 "KDE LDA" 183 1500 2.78282828282828
199.06 16.87 0 0 "KDE LDA" 183 1500 2.79292929292929
243.485 17.12 0 0 "KDE LDA" 183 1500 2.8030303030303
245.095 17.135 0 0 "KDE LDA" 183 1500 2.81313131313131
245.11 17.22 0 0 "KDE LDA" 183 1500 2.82323232323232
245.11 17.225 0 0 "KDE LDA" 183 1500 2.83333333333333
246.01 17.26 0 0 "KDE LDA" 183 1500 2.84343434343434
248.49 17.395 0 0 "KDE LDA" 183 1500 2.85353535353535
249.42 17.53 0 0 "KDE LDA" 183 1500 2.86363636363636
252.235 17.565 0 0 "KDE LDA" 183 1500 2.87373737373737
252.885 17.585 0 0 "KDE LDA" 183 1500 2.88383838383838
254.805 17.695 0 0 "KDE LDA" 183 1500 2.89393939393939
257.405 17.745 0 0 "KDE LDA" 183 1500 2.9040404040404
258.515 17.75 0 0 "KDE LDA" 183 1500 2.91414141414141
258.515 17.815 0 0 "KDE LDA" 183 1500 2.92424242424242
259.155 17.86 0 0 "KDE LDA" 183 1500 2.93434343434343
259.445 17.93 0 0 "KDE LDA" 183 1500 2.94444444444444
261.54 17.955 0 0 "KDE LDA" 183 1500 2.95454545454545
262.59 17.975 0 0 "KDE LDA" 183 1500 2.96464646464646
262.61 17.98 0 0 "KDE LDA" 183 1500 2.97474747474747
262.615 18 0 0 "KDE LDA" 183 1500 2.98484848484848
263.18 18.005 0 0 "KDE LDA" 183 1500 2.99494949494949
265.525 18.02 0 0 "KDE LDA" 183 1500 3.00505050505051
265.565 18.145 0 0 "KDE LDA" 183 1500 3.01515151515152
265.835 18.18 0 0 "KDE LDA" 183 1500 3.02525252525253
269.265 18.235 0 0 "KDE LDA" 183 1500 3.03535353535354
269.28 18.31 0 0 "KDE LDA" 183 1500 3.04545454545455
275.915 18.325 0 0 "KDE LDA" 183 1500 3.05555555555556
278.86 18.325 0 0 "KDE LDA" 183 1500 3.06565656565657
284.415 18.38 0 0 "KDE LDA" 183 1500 3.07575757575758
285.52 18.465 0 0 "KDE LDA" 183 1500 3.08585858585859
300.4 18.845 0 0 "KDE LDA" 183 1500 3.0959595959596
302.09 19 0 0 "KDE LDA" 183 1500 3.10606060606061
303.065 19.01 0 0 "KDE LDA" 183 1500 3.11616161616162
307.89 19.055 0 0 "KDE LDA" 183 1500 3.12626262626263
311.975 19.06 0 0 "KDE LDA" 183 1500 3.13636363636364
315.135 19.09 0 0 "KDE LDA" 183 1500 3.14646464646465
316.405 19.095 0 0 "KDE LDA" 183 1500 3.15656565656566
317.35 19.115 0 0 "KDE LDA" 183 1500 3.16666666666667
319.205 19.29 0 0 "KDE LDA" 183 1500 3.17676767676768
333.71 19.345 0 0 "KDE LDA" 183 1500 3.18686868686869
337.925 19.445 0 0 "KDE LDA" 183 1500 3.1969696969697
338.34 19.485 0 0 "KDE LDA" 183 1500 3.20707070707071
344.65 19.495 0 0 "KDE LDA" 183 1500 3.21717171717172
363.12 19.59 0 0 "KDE LDA" 183 1500 3.22727272727273
365.9 19.745 0 0 "KDE LDA" 183 1500 3.23737373737374
370.56 19.765 0 0 "KDE LDA" 183 1500 3.24747474747475
372.015 19.77 0 0 "KDE LDA" 183 1500 3.25757575757576
375.305 19.98 0 0 "KDE LDA" 183 1500 3.26767676767677
380.925 20.015 0 0 "KDE LDA" 183 1500 3.27777777777778
388 20.025 0 0 "KDE LDA" 183 1500 3.28787878787879
390.37 20.195 0 0 "KDE LDA" 183 1500 3.2979797979798
392.405 20.205 0 0 "KDE LDA" 183 1500 3.30808080808081
395.77 20.23 0 0 "KDE LDA" 183 1500 3.31818181818182
400.295 20.295 0 0 "KDE LDA" 183 1500 3.32828282828283
405.82 20.385 0 0 "KDE LDA" 183 1500 3.33838383838384
408.05 20.55 0 0 "KDE LDA" 183 1500 3.34848484848485
480.475 20.89 0 0 "KDE LDA" 183 1500 3.35858585858586
481.7 21.1 0 0 "KDE LDA" 183 1500 3.36868686868687
482.57 21.225 0 0 "KDE LDA" 183 1500 3.37878787878788
485.99 21.275 0 0 "KDE LDA" 183 1500 3.38888888888889
499.03 21.34 0 0 "KDE LDA" 183 1500 3.3989898989899
499.085 21.35 0 0 "KDE LDA" 183 1500 3.40909090909091
499.64 21.385 0 0 "KDE LDA" 183 1500 3.41919191919192
502.4 21.525 0 0 "KDE LDA" 183 1500 3.42929292929293
502.405 21.53 0 0 "KDE LDA" 183 1500 3.43939393939394
504.795 21.565 0 0 "KDE LDA" 183 1500 3.44949494949495
505.345 21.575 0 0 "KDE LDA" 183 1500 3.45959595959596
511.3 21.58 0 0 "KDE LDA" 183 1500 3.46969696969697
523.85 21.595 0 0 "KDE LDA" 183 1500 3.47979797979798
532.145 21.79 0 0 "KDE LDA" 183 1500 3.48989898989899
533.005 21.815 0 0 "KDE LDA" 183 1500 3.5
96.61 13.015 0 0 "KDE QDA" 183 1500 2.8
96.61 13.02 0 0 "KDE QDA" 183 1500 2.81010101010101
97.32 13.02 0 0 "KDE QDA" 183 1500 2.82020202020202
97.735 13.11 0 0 "KDE QDA" 183 1500 2.83030303030303
97.74 13.125 0 0 "KDE QDA" 183 1500 2.84040404040404
97.745 13.13 0 0 "KDE QDA" 183 1500 2.85050505050505
97.745 13.135 0 0 "KDE QDA" 183 1500 2.86060606060606
97.745 13.135 0 0 "KDE QDA" 183 1500 2.87070707070707
98.65 13.145 0 0 "KDE QDA" 183 1500 2.88080808080808
98.755 13.15 0 0 "KDE QDA" 183 1500 2.89090909090909
98.78 13.155 0 0 "KDE QDA" 183 1500 2.9010101010101
98.785 13.155 0 0 "KDE QDA" 183 1500 2.91111111111111
99.27 13.155 0 0 "KDE QDA" 183 1500 2.92121212121212
99.275 13.16 0 0 "KDE QDA" 183 1500 2.93131313131313
99.51 13.185 0 0 "KDE QDA" 183 1500 2.94141414141414
100.31 13.19 0 0 "KDE QDA" 183 1500 2.95151515151515
102.49 13.39 0 0 "KDE QDA" 183 1500 2.96161616161616
102.72 13.4 0 0 "KDE QDA" 183 1500 2.97171717171717
105.5 13.4 0 0 "KDE QDA" 183 1500 2.98181818181818
105.57 13.43 0 0 "KDE QDA" 183 1500 2.99191919191919
105.585 13.43 0 0 "KDE QDA" 183 1500 3.0020202020202
105.735 13.43 0 0 "KDE QDA" 183 1500 3.01212121212121
105.895 13.43 0 0 "KDE QDA" 183 1500 3.02222222222222
106.445 13.435 0 0 "KDE QDA" 183 1500 3.03232323232323
106.45 13.45 0 0 "KDE QDA" 183 1500 3.04242424242424
106.465 13.45 0 0 "KDE QDA" 183 1500 3.05252525252525
106.465 13.465 0 0 "KDE QDA" 183 1500 3.06262626262626
106.48 13.47 0 0 "KDE QDA" 183 1500 3.07272727272727
106.515 13.485 0 0 "KDE QDA" 183 1500 3.08282828282828
110.27 13.74 0 0 "KDE QDA" 183 1500 3.09292929292929
110.595 13.77 0 0 "KDE QDA" 183 1500 3.1030303030303
110.595 13.79 0 0 "KDE QDA" 183 1500 3.11313131313131
112.85 13.795 0 0 "KDE QDA" 183 1500 3.12323232323232
112.9 13.815 0 0 "KDE QDA" 183 1500 3.13333333333333
112.9 13.825 0 0 "KDE QDA" 183 1500 3.14343434343434
114.145 13.83 0 0 "KDE QDA" 183 1500 3.15353535353535
114.18 13.85 0 0 "KDE QDA" 183 1500 3.16363636363636
116.965 13.855 0 0 "KDE QDA" 183 1500 3.17373737373737
117.355 13.86 0 0 "KDE QDA" 183 1500 3.18383838383838
118.79 13.865 0 0 "KDE QDA" 183 1500 3.19393939393939
118.795 13.87 0 0 "KDE QDA" 183 1500 3.2040404040404
119.04 13.875 0 0 "KDE QDA" 183 1500 3.21414141414141
128.07 14.165 0 0 "KDE QDA" 183 1500 3.22424242424242
128.58 14.29 0 0 "KDE QDA" 183 1500 3.23434343434343
130.315 14.29 0 0 "KDE QDA" 183 1500 3.24444444444444
130.465 14.35 0 0 "KDE QDA" 183 1500 3.25454545454545
130.48 14.355 0 0 "KDE QDA" 183 1500 3.26464646464646
130.51 14.36 0 0 "KDE QDA" 183 1500 3.27474747474747
130.52 14.365 0 0 "KDE QDA" 183 1500 3.28484848484848
130.525 14.37 0 0 "KDE QDA" 183 1500 3.29494949494949
130.53 14.37 0 0 "KDE QDA" 183 1500 3.30505050505051
130.535 14.37 0 0 "KDE QDA" 183 1500 3.31515151515151
130.565 14.37 0 0 "KDE QDA" 183 1500 3.32525252525252
130.75 14.37 0 0 "KDE QDA" 183 1500 3.33535353535354
130.76 14.4 0 0 "KDE QDA" 183 1500 3.34545454545455
131.615 14.41 0 0 "KDE QDA" 183 1500 3.35555555555556
141.255 14.9 0 0 "KDE QDA" 183 1500 3.36565656565657
141.27 14.9 0 0 "KDE QDA" 183 1500 3.37575757575758
147.55 14.975 0 0 "KDE QDA" 183 1500 3.38585858585859
148.885 15.055 0 0 "KDE QDA" 183 1500 3.3959595959596
152.535 15.055 0 0 "KDE QDA" 183 1500 3.40606060606061
152.69 15.175 0 0 "KDE QDA" 183 1500 3.41616161616162
152.705 15.175 0 0 "KDE QDA" 183 1500 3.42626262626263
157.085 15.2 0 0 "KDE QDA" 183 1500 3.43636363636364
157.26 15.2 0 0 "KDE QDA" 183 1500 3.44646464646465
157.49 15.205 0 0 "KDE QDA" 183 1500 3.45656565656566
157.51 15.29 0 0 "KDE QDA" 183 1500 3.46666666666667
157.53 15.29 0 0 "KDE QDA" 183 1500 3.47676767676768
157.605 15.29 0 0 "KDE QDA" 183 1500 3.48686868686869
159.075 15.305 0 0 "KDE QDA" 183 1500 3.4969696969697
160.08 15.37 0 0 "KDE QDA" 183 1500 3.50707070707071
162.945 15.455 0 0 "KDE QDA" 183 1500 3.51717171717172
166.22 15.57 0 0 "KDE QDA" 183 1500 3.52727272727273
167.3 15.575 0 0 "KDE QDA" 183 1500 3.53737373737374
167.3 15.575 0 0 "KDE QDA" 183 1500 3.54747474747475
168.68 15.58 0 0 "KDE QDA" 183 1500 3.55757575757576
168.695 15.585 0 0 "KDE QDA" 183 1500 3.56767676767677
168.71 15.605 0 0 "KDE QDA" 183 1500 3.57777777777778
170.24 15.61 0 0 "KDE QDA" 183 1500 3.58787878787879
170.27 15.63 0 0 "KDE QDA" 183 1500 3.5979797979798
171.25 15.64 0 0 "KDE QDA" 183 1500 3.60808080808081
171.285 15.645 0 0 "KDE QDA" 183 1500 3.61818181818182
172.885 15.65 0 0 "KDE QDA" 183 1500 3.62828282828283
174.07 15.65 0 0 "KDE QDA" 183 1500 3.63838383838384
176.76 15.65 0 0 "KDE QDA" 183 1500 3.64848484848485
193.945 16.03 0 0 "KDE QDA" 183 1500 3.65858585858586
194.745 16.045 0 0 "KDE QDA" 183 1500 3.66868686868687
198.1 16.05 0 0 "KDE QDA" 183 1500 3.67878787878788
198.14 16.08 0 0 "KDE QDA" 183 1500 3.68888888888889
201.23 16.08 0 0 "KDE QDA" 183 1500 3.6989898989899
202.985 16.095 0 0 "KDE QDA" 183 1500 3.70909090909091
203.01 16.105 0 0 "KDE QDA" 183 1500 3.71919191919192
204.775 16.115 0 0 "KDE QDA" 183 1500 3.72929292929293
204.81 16.115 0 0 "KDE QDA" 183 1500 3.73939393939394
205.5 16.13 0 0 "KDE QDA" 183 1500 3.74949494949495
205.95 16.135 0 0 "KDE QDA" 183 1500 3.75959595959596
208.57 16.185 0 0 "KDE QDA" 183 1500 3.76969696969697
209.325 16.19 0 0 "KDE QDA" 183 1500 3.77979797979798
216.125 16.68 0 0 "KDE QDA" 183 1500 3.78989898989899
216.52 16.69 0 0 "KDE QDA" 183 1500 3.8
