144.485 14.27 0 0 "KDE LDA" 79 5000 2.5
144.7 14.285 0 0 "KDE LDA" 79 5000 2.51010101010101
144.72 14.325 0 0 "KDE LDA" 79 5000 2.52020202020202
151.365 14.35 0 0 "KDE LDA" 79 5000 2.53030303030303
154.305 14.485 0 0 "KDE LDA" 79 5000 2.54040404040404
155.795 14.52 0 0 "KDE LDA" 79 5000 2.55050505050505
156.305 14.655 0 0 "KDE LDA" 79 5000 2.56060606060606
158.42 14.7 0 0 "KDE LDA" 79 5000 2.57070707070707
158.58 14.72 0 0 "KDE LDA" 79 5000 2.58080808080808
158.585 14.735 0 0 "KDE LDA" 79 5000 2.59090909090909
159.63 14.755 0 0 "KDE LDA" 79 5000 2.6010101010101
159.7 14.76 0 0 "KDE LDA" 79 5000 2.61111111111111
159.705 14.79 0 0 "KDE LDA" 79 5000 2.62121212121212
162.7 14.955 0 0 "KDE LDA" 79 5000 2.63131313131313
163.155 15.025 0 0 "KDE LDA" 79 5000 2.64141414141414
168.755 15.1 0 0 "KDE LDA" 79 5000 2.65151515151515
176.91 15.345 0 0 "KDE LDA" 79 5000 2.66161616161616
185.575 15.65 0 0 "KDE LDA" 79 5000 2.67171717171717
185.595 15.775 0 0 "KDE LDA" 79 5000 2.68181818181818
186.435 15.78 0 0 "KDE LDA" 79 5000 2.69191919191919
187.15 15.79 0 0 "KDE LDA" 79 5000 2.7020202020202
187.155 15.915 0 0 "KDE LDA" 79 5000 2.71212121212121
187.875 15.925 0 0 "KDE LDA" 79 5000 2.72222222222222
193.005 15.97 0 0 "KDE LDA" 79 5000 2.73232323232323
193.015 15.97 0 0 "KDE LDA" 79 5000 2.74242424242424
194.665 16.025 0 0 "KDE LDA" 79 5000 2.75252525252525
199.93 16.045 0 0 "KDE LDA" 79 5000 2.76262626262626
204.08 16.13 0 0 "KDE LDA" 79 5000 2.77272727272727
208.945 16.295 0 0 "KDE LDA" 79 5000 2.78282828282828
215.375 16.675 0 0 "KDE LDA" 79 5000 2.79292929292929
254.975 17.125 0 0 "KDE LDA" 79 5000 2.8030303030303
256.17 17.145 0 0 "KDE LDA" 79 5000 2.81313131313131
257.195 17.18 0 0 "KDE LDA" 79 5000 2.82323232323232
259.81 17.18 0 0 "KDE LDA" 79 5000 2.83333333333333
264.89 17.275 0 0 "KDE LDA" 79 5000 2.84343434343434
268.655 17.29 0 0 "KDE LDA" 79 5000 2.85353535353535
268.655 17.29 0 0 "KDE LDA" 79 5000 2.86363636363636
268.935 17.365 0 0 "KDE LDA" 79 5000 2.87373737373737
270.995 17.375 0 0 "KDE LDA" 79 5000 2.88383838383838
270.995 17.435 0 0 "KDE LDA" 79 5000 2.89393939393939
270.995 17.485 0 0 "KDE LDA" 79 5000 2.9040404040404
273.435 17.53 0 0 "KDE LDA" 79 5000 2.91414141414141
273.455 17.55 0 0 "KDE LDA" 79 5000 2.92424242424242
278.16 17.61 0 0 "KDE LDA" 79 5000 2.93434343434343
280.06 17.695 0 0 "KDE LDA" 79 5000 2.94444444444444
284.73 17.76 0 0 "KDE LDA" 79 5000 2.95454545454545
285.595 17.96 0 0 "KDE LDA" 79 5000 2.96464646464646
285.6 17.985 0 0 "KDE LDA" 79 5000 2.97474747474747
286.68 18.015 0 0 "KDE LDA" 79 5000 2.98484848484848
287.455 18.07 0 0 "KDE LDA" 79 5000 2.99494949494949
287.46 18.1 0 0 "KDE LDA" 79 5000 3.00505050505051
294.065 18.14 0 0 "KDE LDA" 79 5000 3.01515151515152
302.685 18.43 0 0 "KDE LDA" 79 5000 3.02525252525253
302.725 18.43 0 0 "KDE LDA" 79 5000 3.03535353535354
307.685 18.51 0 0 "KDE LDA" 79 5000 3.04545454545455
309.66 18.545 0 0 "KDE LDA" 79 5000 3.05555555555556
311.07 18.625 0 0 "KDE LDA" 79 5000 3.06565656565657
315.835 18.685 0 0 "KDE LDA" 79 5000 3.07575757575758
317.4 18.97 0 0 "KDE LDA" 79 5000 3.08585858585859
326.8 19.12 0 0 "KDE LDA" 79 5000 3.0959595959596
328.145 19.135 0 0 "KDE LDA" 79 5000 3.10606060606061
328.88 19.15 0 0 "KDE LDA" 79 5000 3.11616161616162
328.885 19.15 0 0 "KDE LDA" 79 5000 3.12626262626263
335.975 19.185 0 0 "KDE LDA" 79 5000 3.13636363636364
337.05 19.215 0 0 "KDE LDA" 79 5000 3.14646464646465
338.035 19.705 0 0 "KDE LDA" 79 5000 3.15656565656566
343.12 19.82 0 0 "KDE LDA" 79 5000 3.16666666666667
354.18 19.9 0 0 "KDE LDA" 79 5000 3.17676767676768
366.415 20.13 0 0 "KDE LDA" 79 5000 3.18686868686869
384.565 20.17 0 0 "KDE LDA" 79 5000 3.1969696969697
384.91 20.25 0 0 "KDE LDA" 79 5000 3.20707070707071
397.275 20.345 0 0 "KDE LDA" 79 5000 3.21717171717172
410.305 20.445 0 0 "KDE LDA" 79 5000 3.22727272727273
411.22 20.49 0 0 "KDE LDA" 79 5000 3.23737373737374
411.945 20.755 0 0 "KDE LDA" 79 5000 3.24747474747475
412.495 20.8 0 0 "KDE LDA" 79 5000 3.25757575757576
416.21 20.86 0 0 "KDE LDA" 79 5000 3.26767676767677
416.25 20.865 0 0 "KDE LDA" 79 5000 3.27777777777778
416.785 20.895 0 0 "KDE LDA" 79 5000 3.28787878787879
416.8 20.92 0 0 "KDE LDA" 79 5000 3.2979797979798
416.82 21.095 0 0 "KDE LDA" 79 5000 3.30808080808081
419.35 21.125 0 0 "KDE LDA" 79 5000 3.31818181818182
427.905 21.46 0 0 "KDE LDA" 79 5000 3.32828282828283
429.325 21.49 0 0 "KDE LDA" 79 5000 3.33838383838384
439.285 21.61 0 0 "KDE LDA" 79 5000 3.34848484848485
484.485 21.84 0 0 "KDE LDA" 79 5000 3.35858585858586
485.335 21.87 0 0 "KDE LDA" 79 5000 3.36868686868687
490.27 21.885 0 0 "KDE LDA" 79 5000 3.37878787878788
490.28 21.915 0 0 "KDE LDA" 79 5000 3.38888888888889
490.28 21.92 0 0 "KDE LDA" 79 5000 3.3989898989899
493.485 22.045 0 0 "KDE LDA" 79 5000 3.40909090909091
497.585 22.085 0 0 "KDE LDA" 79 5000 3.41919191919192
501.48 22.115 0 0 "KDE LDA" 79 5000 3.42929292929293
512.285 22.195 0 0 "KDE LDA" 79 5000 3.43939393939394
512.31 22.29 0 0 "KDE LDA" 79 5000 3.44949494949495
513.255 22.355 0 0 "KDE LDA" 79 5000 3.45959595959596
516.145 22.365 0 0 "KDE LDA" 79 5000 3.46969696969697
516.185 22.405 0 0 "KDE LDA" 79 5000 3.47979797979798
517.26 22.45 0 0 "KDE LDA" 79 5000 3.48989898989899
517.34 22.57 0 0 "KDE LDA" 79 5000 3.5
119.495 11.96 0 0 "KDE QDA" 79 5000 2.7
119.5 11.96 0 0 "KDE QDA" 79 5000 2.71010101010101
121.96 11.96 0 0 "KDE QDA" 79 5000 2.72020202020202
121.96 11.965 0 0 "KDE QDA" 79 5000 2.73030303030303
121.96 11.965 0 0 "KDE QDA" 79 5000 2.74040404040404
121.96 11.98 0 0 "KDE QDA" 79 5000 2.75050505050505
121.96 11.98 0 0 "KDE QDA" 79 5000 2.76060606060606
121.96 11.98 0 0 "KDE QDA" 79 5000 2.77070707070707
121.96 11.98 0 0 "KDE QDA" 79 5000 2.78080808080808
121.96 11.98 0 0 "KDE QDA" 79 5000 2.79090909090909
153.715 13.255 0 0 "KDE QDA" 79 5000 2.8010101010101
153.715 13.255 0 0 "KDE QDA" 79 5000 2.81111111111111
153.715 13.26 0 0 "KDE QDA" 79 5000 2.82121212121212
158.095 13.37 0 0 "KDE QDA" 79 5000 2.83131313131313
158.095 13.37 0 0 "KDE QDA" 79 5000 2.84141414141414
159.065 13.375 0 0 "KDE QDA" 79 5000 2.85151515151515
159.065 13.38 0 0 "KDE QDA" 79 5000 2.86161616161616
159.07 13.38 0 0 "KDE QDA" 79 5000 2.87171717171717
159.095 13.385 0 0 "KDE QDA" 79 5000 2.88181818181818
159.095 13.385 0 0 "KDE QDA" 79 5000 2.89191919191919
159.1 13.385 0 0 "KDE QDA" 79 5000 2.9020202020202
159.1 13.385 0 0 "KDE QDA" 79 5000 2.91212121212121
159.1 13.385 0 0 "KDE QDA" 79 5000 2.92222222222222
159.1 13.385 0 0 "KDE QDA" 79 5000 2.93232323232323
159.1 13.385 0 0 "KDE QDA" 79 5000 2.94242424242424
159.1 13.385 0 0 "KDE QDA" 79 5000 2.95252525252525
165.105 13.62 0 0 "KDE QDA" 79 5000 2.96262626262626
165.105 13.62 0 0 "KDE QDA" 79 5000 2.97272727272727
165.165 13.64 0 0 "KDE QDA" 79 5000 2.98282828282828
165.17 13.73 0 0 "KDE QDA" 79 5000 2.99292929292929
165.17 13.73 0 0 "KDE QDA" 79 5000 3.0030303030303
165.2 13.73 0 0 "KDE QDA" 79 5000 3.01313131313131
165.205 13.73 0 0 "KDE QDA" 79 5000 3.02323232323232
165.205 13.73 0 0 "KDE QDA" 79 5000 3.03333333333333
165.205 13.73 0 0 "KDE QDA" 79 5000 3.04343434343434
165.205 13.73 0 0 "KDE QDA" 79 5000 3.05353535353535
165.21 13.73 0 0 "KDE QDA" 79 5000 3.06363636363636
165.21 13.73 0 0 "KDE QDA" 79 5000 3.07373737373737
165.21 13.73 0 0 "KDE QDA" 79 5000 3.08383838383838
183.365 14.195 0 0 "KDE QDA" 79 5000 3.09393939393939
183.37 14.2 0 0 "KDE QDA" 79 5000 3.1040404040404
184.395 14.2 0 0 "KDE QDA" 79 5000 3.11414141414141
188.355 14.345 0 0 "KDE QDA" 79 5000 3.12424242424242
188.36 14.345 0 0 "KDE QDA" 79 5000 3.13434343434343
188.81 14.345 0 0 "KDE QDA" 79 5000 3.14444444444444
188.83 14.36 0 0 "KDE QDA" 79 5000 3.15454545454545
188.83 14.36 0 0 "KDE QDA" 79 5000 3.16464646464646
189.335 14.54 0 0 "KDE QDA" 79 5000 3.17474747474748
189.59 14.54 0 0 "KDE QDA" 79 5000 3.18484848484849
189.8 14.54 0 0 "KDE QDA" 79 5000 3.19494949494949
189.8 14.54 0 0 "KDE QDA" 79 5000 3.20505050505051
189.8 14.54 0 0 "KDE QDA" 79 5000 3.21515151515152
212.905 14.905 0 0 "KDE QDA" 79 5000 3.22525252525253
212.92 14.91 0 0 "KDE QDA" 79 5000 3.23535353535354
212.92 14.91 0 0 "KDE QDA" 79 5000 3.24545454545455
221.395 15.02 0 0 "KDE QDA" 79 5000 3.25555555555556
222.55 15.02 0 0 "KDE QDA" 79 5000 3.26565656565657
222.775 15.02 0 0 "KDE QDA" 79 5000 3.27575757575758
222.775 15.025 0 0 "KDE QDA" 79 5000 3.28585858585859
222.775 15.025 0 0 "KDE QDA" 79 5000 3.2959595959596
223.62 15.025 0 0 "KDE QDA" 79 5000 3.30606060606061
223.62 15.025 0 0 "KDE QDA" 79 5000 3.31616161616162
223.62 15.025 0 0 "KDE QDA" 79 5000 3.32626262626263
223.62 15.03 0 0 "KDE QDA" 79 5000 3.33636363636364
223.62 15.03 0 0 "KDE QDA" 79 5000 3.34646464646465
223.62 15.03 0 0 "KDE QDA" 79 5000 3.35656565656566
255.51 16.255 0 0 "KDE QDA" 79 5000 3.36666666666667
255.51 16.315 0 0 "KDE QDA" 79 5000 3.37676767676768
262.925 16.515 0 0 "KDE QDA" 79 5000 3.38686868686869
264.15 16.515 0 0 "KDE QDA" 79 5000 3.3969696969697
264.15 16.515 0 0 "KDE QDA" 79 5000 3.40707070707071
265.26 16.545 0 0 "KDE QDA" 79 5000 3.41717171717172
268.525 16.545 0 0 "KDE QDA" 79 5000 3.42727272727273
268.53 16.55 0 0 "KDE QDA" 79 5000 3.43737373737374
268.53 16.55 0 0 "KDE QDA" 79 5000 3.44747474747475
268.54 16.55 0 0 "KDE QDA" 79 5000 3.45757575757576
268.54 16.55 0 0 "KDE QDA" 79 5000 3.46767676767677
268.54 16.55 0 0 "KDE QDA" 79 5000 3.47777777777778
268.54 16.55 0 0 "KDE QDA" 79 5000 3.48787878787879
268.54 16.55 0 0 "KDE QDA" 79 5000 3.4979797979798
268.54 16.55 0 0 "KDE QDA" 79 5000 3.50808080808081
284.965 17.195 0 0 "KDE QDA" 79 5000 3.51818181818182
284.985 17.21 0 0 "KDE QDA" 79 5000 3.52828282828283
284.985 17.21 0 0 "KDE QDA" 79 5000 3.53838383838384
290.22 17.25 0 0 "KDE QDA" 79 5000 3.54848484848485
290.22 17.25 0 0 "KDE QDA" 79 5000 3.55858585858586
291.7 17.25 0 0 "KDE QDA" 79 5000 3.56868686868687
291.715 17.265 0 0 "KDE QDA" 79 5000 3.57878787878788
291.72 17.265 0 0 "KDE QDA" 79 5000 3.58888888888889
291.72 17.265 0 0 "KDE QDA" 79 5000 3.5989898989899
291.72 17.265 0 0 "KDE QDA" 79 5000 3.60909090909091
291.725 17.265 0 0 "KDE QDA" 79 5000 3.61919191919192
291.725 17.265 0 0 "KDE QDA" 79 5000 3.62929292929293
291.725 17.265 0 0 "KDE QDA" 79 5000 3.63939393939394
291.725 17.265 0 0 "KDE QDA" 79 5000 3.64949494949495
313.34 17.575 0 0 "KDE QDA" 79 5000 3.65959595959596
313.34 17.58 0 0 "KDE QDA" 79 5000 3.66969696969697
319.11 17.705 0 0 "KDE QDA" 79 5000 3.67979797979798
321.84 17.705 0 0 "KDE QDA" 79 5000 3.68989898989899
326.09 17.705 0 0 "KDE QDA" 79 5000 3.7
