133.06 15.825 0 0 "KDE LDA" 50 600 2.3
133.08 15.83 0 0 "KDE LDA" 50 600 2.31010101010101
133.125 16.085 0 0 "KDE LDA" 50 600 2.32020202020202
133.985 16.085 0 0 "KDE LDA" 50 600 2.33030303030303
133.985 16.16 0 0 "KDE LDA" 50 600 2.34040404040404
133.99 16.16 0 0 "KDE LDA" 50 600 2.35050505050505
137.325 16.16 0 0 "KDE LDA" 50 600 2.36060606060606
140.295 16.195 0 0 "KDE LDA" 50 600 2.37070707070707
140.6 16.22 0 0 "KDE LDA" 50 600 2.38080808080808
141.965 16.265 0 0 "KDE LDA" 50 600 2.39090909090909
143.785 16.47 0 0 "KDE LDA" 50 600 2.4010101010101
147 16.485 0 0 "KDE LDA" 50 600 2.41111111111111
148.69 16.665 0 0 "KDE LDA" 50 600 2.42121212121212
148.7 16.94 0 0 "KDE LDA" 50 600 2.43131313131313
149.725 16.975 0 0 "KDE LDA" 50 600 2.44141414141414
151.88 17.185 0 0 "KDE LDA" 50 600 2.45151515151515
151.88 17.19 0 0 "KDE LDA" 50 600 2.46161616161616
152.315 17.2 0 0 "KDE LDA" 50 600 2.47171717171717
152.325 17.205 0 0 "KDE LDA" 50 600 2.48181818181818
152.865 17.245 0 0 "KDE LDA" 50 600 2.49191919191919
152.905 17.28 0 0 "KDE LDA" 50 600 2.5020202020202
153.13 17.29 0 0 "KDE LDA" 50 600 2.51212121212121
156.265 17.34 0 0 "KDE LDA" 50 600 2.52222222222222
164.81 17.505 0 0 "KDE LDA" 50 600 2.53232323232323
165.245 17.56 0 0 "KDE LDA" 50 600 2.54242424242424
165.7 17.795 0 0 "KDE LDA" 50 600 2.55252525252525
166.795 17.795 0 0 "KDE LDA" 50 600 2.56262626262626
168.385 17.835 0 0 "KDE LDA" 50 600 2.57272727272727
168.4 17.9 0 0 "KDE LDA" 50 600 2.58282828282828
169.905 18.36 0 0 "KDE LDA" 50 600 2.59292929292929
169.915 18.365 0 0 "KDE LDA" 50 600 2.6030303030303
171.125 18.535 0 0 "KDE LDA" 50 600 2.61313131313131
171.195 18.535 0 0 "KDE LDA" 50 600 2.62323232323232
171.21 18.555 0 0 "KDE LDA" 50 600 2.63333333333333
176.965 18.555 0 0 "KDE LDA" 50 600 2.64343434343434
178.115 18.635 0 0 "KDE LDA" 50 600 2.65353535353535
184.22 18.7 0 0 "KDE LDA" 50 600 2.66363636363636
198.53 19.135 0 0 "KDE LDA" 50 600 2.67373737373737
201.25 19.145 0 0 "KDE LDA" 50 600 2.68383838383838
203.125 19.225 0 0 "KDE LDA" 50 600 2.69393939393939
203.23 19.285 0 0 "KDE LDA" 50 600 2.7040404040404
203.245 19.45 0 0 "KDE LDA" 50 600 2.71414141414141
207.805 19.755 0 0 "KDE LDA" 50 600 2.72424242424242
207.805 19.77 0 0 "KDE LDA" 50 600 2.73434343434343
210.33 19.815 0 0 "KDE LDA" 50 600 2.74444444444444
215.155 19.825 0 0 "KDE LDA" 50 600 2.75454545454545
216.115 19.905 0 0 "KDE LDA" 50 600 2.76464646464646
217.78 19.935 0 0 "KDE LDA" 50 600 2.77474747474747
219.91 20.02 0 0 "KDE LDA" 50 600 2.78484848484848
229.285 20.24 0 0 "KDE LDA" 50 600 2.79494949494949
284.89 21.205 0 0 "KDE LDA" 50 600 2.80505050505051
284.895 21.23 0 0 "KDE LDA" 50 600 2.81515151515151
297.27 21.3 0 0 "KDE LDA" 50 600 2.82525252525252
297.285 21.33 0 0 "KDE LDA" 50 600 2.83535353535354
299 21.355 0 0 "KDE LDA" 50 600 2.84545454545455
301.155 21.38 0 0 "KDE LDA" 50 600 2.85555555555556
301.155 21.44 0 0 "KDE LDA" 50 600 2.86565656565657
301.19 21.505 0 0 "KDE LDA" 50 600 2.87575757575758
302.415 21.54 0 0 "KDE LDA" 50 600 2.88585858585859
302.415 21.54 0 0 "KDE LDA" 50 600 2.8959595959596
305.555 21.545 0 0 "KDE LDA" 50 600 2.90606060606061
305.56 21.545 0 0 "KDE LDA" 50 600 2.91616161616162
312.495 21.55 0 0 "KDE LDA" 50 600 2.92626262626263
318.58 21.6 0 0 "KDE LDA" 50 600 2.93636363636364
318.605 21.63 0 0 "KDE LDA" 50 600 2.94646464646465
322.025 21.76 0 0 "KDE LDA" 50 600 2.95656565656566
327.685 21.86 0 0 "KDE LDA" 50 600 2.96666666666667
333.38 21.91 0 0 "KDE LDA" 50 600 2.97676767676768
338.02 21.94 0 0 "KDE LDA" 50 600 2.98686868686869
339.305 22.025 0 0 "KDE LDA" 50 600 2.9969696969697
343.99 22.125 0 0 "KDE LDA" 50 600 3.00707070707071
344.73 22.2 0 0 "KDE LDA" 50 600 3.01717171717172
344.77 22.24 0 0 "KDE LDA" 50 600 3.02727272727273
347.215 22.38 0 0 "KDE LDA" 50 600 3.03737373737374
347.25 22.39 0 0 "KDE LDA" 50 600 3.04747474747475
347.285 22.41 0 0 "KDE LDA" 50 600 3.05757575757576
349.305 22.465 0 0 "KDE LDA" 50 600 3.06767676767677
351.765 22.55 0 0 "KDE LDA" 50 600 3.07777777777778
356.535 22.71 0 0 "KDE LDA" 50 600 3.08787878787879
359.03 22.765 0 0 "KDE LDA" 50 600 3.0979797979798
359.03 22.77 0 0 "KDE LDA" 50 600 3.10808080808081
362.845 22.8 0 0 "KDE LDA" 50 600 3.11818181818182
362.87 22.865 0 0 "KDE LDA" 50 600 3.12828282828283
364.58 22.885 0 0 "KDE LDA" 50 600 3.13838383838384
369.94 23.19 0 0 "KDE LDA" 50 600 3.14848484848485
377.125 23.23 0 0 "KDE LDA" 50 600 3.15858585858586
377.125 23.235 0 0 "KDE LDA" 50 600 3.16868686868687
385.455 23.235 0 0 "KDE LDA" 50 600 3.17878787878788
387.66 23.405 0 0 "KDE LDA" 50 600 3.18888888888889
394.59 23.42 0 0 "KDE LDA" 50 600 3.1989898989899
396.19 23.445 0 0 "KDE LDA" 50 600 3.20909090909091
416.62 23.595 0 0 "KDE LDA" 50 600 3.21919191919192
460.095 23.795 0 0 "KDE LDA" 50 600 3.22929292929293
463.54 23.86 0 0 "KDE LDA" 50 600 3.23939393939394
469.575 23.93 0 0 "KDE LDA" 50 600 3.24949494949495
471.72 23.94 0 0 "KDE LDA" 50 600 3.25959595959596
472.255 23.955 0 0 "KDE LDA" 50 600 3.26969696969697
472.265 24.025 0 0 "KDE LDA" 50 600 3.27979797979798
473.455 24.025 0 0 "KDE LDA" 50 600 3.28989898989899
479.34 24.14 0 0 "KDE LDA" 50 600 3.3
1084.51891891892 36.225 15 0 "KDE QDA" 50 600 4.5
1134.83243243243 36.855 15 0 "KDE QDA" 50 600 4.51010101010101
1149.94054054054 37.005 15 0 "KDE QDA" 50 600 4.52020202020202
1154.47567567568 37.07 15 0 "KDE QDA" 50 600 4.53030303030303
1156.19459459459 37.105 15 0 "KDE QDA" 50 600 4.54040404040404
1156.2 37.125 15 0 "KDE QDA" 50 600 4.55050505050505
1156.21621621622 37.135 15 0 "KDE QDA" 50 600 4.56060606060606
1156.21621621622 37.145 15 0 "KDE QDA" 50 600 4.57070707070707
1156.22702702703 37.34 15 0 "KDE QDA" 50 600 4.58080808080808
1169.79459459459 37.34 15 0 "KDE QDA" 50 600 4.59090909090909
1169.79459459459 37.35 15 0 "KDE QDA" 50 600 4.6010101010101
1167.92934782609 37.375 16 0 "KDE QDA" 50 600 4.61111111111111
1173.9781420765 37.38 17 0 "KDE QDA" 50 600 4.62121212121212
1179.13114754098 37.415 17 0 "KDE QDA" 50 600 4.63131313131313
1177.87078651685 37.765 22 0 "KDE QDA" 50 600 4.64141414141414
1177.87078651685 37.775 22 0 "KDE QDA" 50 600 4.65151515151515
1197.52247191011 38.01 22 0 "KDE QDA" 50 600 4.66161616161616
1204.04494382022 38.015 22 0 "KDE QDA" 50 600 4.67171717171717
1204.04494382022 38.035 22 0 "KDE QDA" 50 600 4.68181818181818
1204.04494382022 38.045 22 0 "KDE QDA" 50 600 4.69191919191919
1204.04494382022 38.05 22 0 "KDE QDA" 50 600 4.7020202020202
1204.07865168539 38.165 22 0 "KDE QDA" 50 600 4.71212121212121
1204.09550561798 38.175 22 0 "KDE QDA" 50 600 4.72222222222222
1188.28409090909 38.19 24 0 "KDE QDA" 50 600 4.73232323232323
1177.01149425287 38.2 26 0 "KDE QDA" 50 600 4.74242424242424
1177.01724137931 38.225 26 0 "KDE QDA" 50 600 4.75252525252525
1177.1091954023 38.24 26 0 "KDE QDA" 50 600 4.76262626262626
1231.01169590643 38.82 29 0 "KDE QDA" 50 600 4.77272727272727
1235.56470588235 38.84 30 0 "KDE QDA" 50 600 4.78282828282828
1237.11764705882 38.87 30 0 "KDE QDA" 50 600 4.79292929292929
1257.00595238095 38.99 32 0 "KDE QDA" 50 600 4.8030303030303
1257.00595238095 39.055 32 0 "KDE QDA" 50 600 4.81313131313131
1264.07738095238 39.22 32 0 "KDE QDA" 50 600 4.82323232323232
1275.65868263473 39.235 33 0 "KDE QDA" 50 600 4.83333333333333
1292.32530120482 39.315 34 0 "KDE QDA" 50 600 4.84343434343434
1292.32530120482 39.365 34 0 "KDE QDA" 50 600 4.85353535353535
1292.32530120482 39.37 34 0 "KDE QDA" 50 600 4.86363636363636
1292.3313253012 39.68 34 0 "KDE QDA" 50 600 4.87373737373737
1292.3313253012 39.68 34 0 "KDE QDA" 50 600 4.88383838383838
1329.21818181818 39.68 35 0 "KDE QDA" 50 600 4.89393939393939
1328.72955974843 40.265 41 0 "KDE QDA" 50 600 4.9040404040404
1328.7358490566 40.3 41 0 "KDE QDA" 50 600 4.91414141414141
1327.79746835443 40.335 42 0 "KDE QDA" 50 600 4.92424242424242
1354.75 40.42 44 0 "KDE QDA" 50 600 4.93434343434343
1354.78846153846 40.425 44 0 "KDE QDA" 50 600 4.94444444444444
1344.24516129032 40.475 45 0 "KDE QDA" 50 600 4.95454545454546
1345.70322580645 40.475 45 0 "KDE QDA" 50 600 4.96464646464646
1345.70967741935 40.56 45 0 "KDE QDA" 50 600 4.97474747474747
1345.83225806452 40.84 45 0 "KDE QDA" 50 600 4.98484848484848
1366.19736842105 40.915 48 0 "KDE QDA" 50 600 4.99494949494949
1366.22368421053 40.92 48 0 "KDE QDA" 50 600 5.00505050505051
1372.01315789474 40.92 48 0 "KDE QDA" 50 600 5.01515151515152
1391.31578947368 40.95 48 0 "KDE QDA" 50 600 5.02525252525253
1391.375 40.985 48 0 "KDE QDA" 50 600 5.03535353535354
1358.59060402685 41.32 51 0 "KDE QDA" 50 600 5.04545454545455
1358.59060402685 41.33 51 0 "KDE QDA" 50 600 5.05555555555556
1355.96621621622 41.945 52 0 "KDE QDA" 50 600 5.06565656565657
1355.96621621622 41.955 52 0 "KDE QDA" 50 600 5.07575757575758
1369.42857142857 41.985 53 0 "KDE QDA" 50 600 5.08585858585859
1369.52777777778 42.045 56 0 "KDE QDA" 50 600 5.0959595959596
1369.55555555556 42.08 56 0 "KDE QDA" 50 600 5.10606060606061
1377.28671328671 42.11 57 0 "KDE QDA" 50 600 5.11616161616162
1362.62676056338 42.145 58 0 "KDE QDA" 50 600 5.12626262626263
1362.62676056338 42.335 58 0 "KDE QDA" 50 600 5.13636363636364
1362.66901408451 42.34 58 0 "KDE QDA" 50 600 5.14646464646465
1361.01418439716 42.38 59 0 "KDE QDA" 50 600 5.15656565656566
1362.06428571429 42.46 60 0 "KDE QDA" 50 600 5.16666666666667
1360.30434782609 42.475 62 0 "KDE QDA" 50 600 5.17676767676768
1371.52898550725 42.565 62 0 "KDE QDA" 50 600 5.18686868686869
1369.92647058824 43.165 64 0 "KDE QDA" 50 600 5.1969696969697
1369.87407407407 43.3 65 0 "KDE QDA" 50 600 5.20707070707071
1369.88148148148 43.365 65 0 "KDE QDA" 50 600 5.21717171717172
1364.9328358209 43.41 66 0 "KDE QDA" 50 600 5.22727272727273
1356.96212121212 43.44 68 0 "KDE QDA" 50 600 5.23737373737374
1359.7803030303 43.48 68 0 "KDE QDA" 50 600 5.24747474747475
1359.7803030303 43.52 68 0 "KDE QDA" 50 600 5.25757575757576
1359.79545454545 43.525 68 0 "KDE QDA" 50 600 5.26767676767677
1361.50769230769 43.59 70 0 "KDE QDA" 50 600 5.27777777777778
1371.6484375 43.62 72 0 "KDE QDA" 50 600 5.28787878787879
1368.1968503937 43.625 73 0 "KDE QDA" 50 600 5.2979797979798
1368.22047244094 43.645 73 0 "KDE QDA" 50 600 5.30808080808081
1368.25984251968 43.65 73 0 "KDE QDA" 50 600 5.31818181818182
1430.616 43.68 75 0 "KDE QDA" 50 600 5.32828282828283
1494.10569105691 44.975 77 0 "KDE QDA" 50 600 5.33838383838384
1502.13008130081 45.345 77 0 "KDE QDA" 50 600 5.34848484848485
1506.93495934959 45.52 77 0 "KDE QDA" 50 600 5.35858585858586
1486.70247933884 45.55 79 0 "KDE QDA" 50 600 5.36868686868687
1486.74380165289 46.24 79 0 "KDE QDA" 50 600 5.37878787878788
1486.77685950413 46.305 79 0 "KDE QDA" 50 600 5.38888888888889
1486.78512396694 46.315 79 0 "KDE QDA" 50 600 5.3989898989899
1486.78512396694 46.365 79 0 "KDE QDA" 50 600 5.40909090909091
1486.79338842975 46.405 79 0 "KDE QDA" 50 600 5.41919191919192
1506.89256198347 46.435 79 0 "KDE QDA" 50 600 5.42929292929293
1506.9173553719 46.455 79 0 "KDE QDA" 50 600 5.43939393939394
1506.92561983471 46.46 79 0 "KDE QDA" 50 600 5.44949494949495
1516.66115702479 46.51 79 0 "KDE QDA" 50 600 5.45959595959596
1644.05982905983 46.76 83 0 "KDE QDA" 50 600 5.46969696969697
1667.44444444444 46.76 83 0 "KDE QDA" 50 600 5.47979797979798
1671.93805309735 47.14 87 0 "KDE QDA" 50 600 5.48989898989899
1671.94690265487 47.15 87 0 "KDE QDA" 50 600 5.5
