83.134 20.326 0 0 79.2354737747198 15.2593765459986 "LDA" 31 5000 1.5
87.447 20.904 0 0 82.0173398436881 15.5051989730927 "LDA" 31 5000 1.53535353535354
93.279 21.348 0 0 87.7840030426398 15.595708452075 "LDA" 31 5000 1.57070707070707
98.752 21.992 0 0 93.6376340073931 15.7328146705368 "LDA" 31 5000 1.60606060606061
103.823 22.633 0 0 97.8076172953876 16.0434941550993 "LDA" 31 5000 1.64141414141414
109.918 23.442 0 0 104.816304713216 16.3681566632456 "LDA" 31 5000 1.67676767676768
117.676 24.104 0 0 114.6399465341 16.800340336893 "LDA" 31 5000 1.71212121212121
125.795 24.545 0 0 121.833124745634 17.0478915296175 "LDA" 31 5000 1.74747474747475
133.862 25.054 0 0 134.555528114404 17.3340576194252 "LDA" 31 5000 1.78282828282828
141.7 25.547 0 0 140.662219020815 17.4618070572809 "LDA" 31 5000 1.81818181818182
148.294 26.048 0 0 144.794990083059 17.8304127719921 "LDA" 31 5000 1.85353535353535
160.475 26.683 0 0 160.646720301859 18.1693322837036 "LDA" 31 5000 1.88888888888889
169.982 27.571 0 0 168.926504255075 19.3435553126134 "LDA" 31 5000 1.92424242424242
179.685 28.616 0 0 178.879545132099 20.2049197667989 "LDA" 31 5000 1.95959595959596
193.168 29.428 0 0 193.087411615891 21.3349477617358 "LDA" 31 5000 1.99494949494949
202.634 30.3 0 0 198.214199574382 22.2582890499569 "LDA" 31 5000 2.03030303030303
211.539 30.89 0 0 203.151068999983 22.5889832033707 "LDA" 31 5000 2.06565656565657
232.017 31.899 0 0 224.081970360046 23.3858011343357 "LDA" 31 5000 2.1010101010101
245.656 32.689 0 0 238.91369449535 23.6892688882637 "LDA" 31 5000 2.13636363636364
265.798 33.37 0 0 261.567698420231 24.0617136976165 "LDA" 31 5000 2.17171717171717
280.971 34.069 0 0 273.534405935031 24.3759394778012 "LDA" 31 5000 2.20707070707071
294.321 34.774 0 0 288.095402462309 24.7221785065578 "LDA" 31 5000 2.24242424242424
309.696 35.291 0 0 302.831343170429 24.8490199563845 "LDA" 31 5000 2.27777777777778
324.978 35.798 0 0 321.497732975379 25.0762839355439 "LDA" 31 5000 2.31313131313131
342.356 36.627 0 0 351.135300508598 25.659779720319 "LDA" 31 5000 2.34848484848485
353.089 37.414 0 0 358.954971759343 26.2012043064266 "LDA" 31 5000 2.38383838383838
378.894 38.169 0 0 385.484696473434 26.5398719628374 "LDA" 31 5000 2.41919191919192
392.588 39.308 0 0 398.54271860687 27.3578066662075 "LDA" 31 5000 2.45454545454545
414.395 40.345 0 0 413.548460647968 28.3176952958193 "LDA" 31 5000 2.48989898989899
430.993 41.16 0 0 424.365176179377 29.0212100132064 "LDA" 31 5000 2.52525252525253
454.787 42.05 0 0 451.986259979449 29.9379321226397 "LDA" 31 5000 2.56060606060606
479.782 42.764 0 0 482.886918700696 30.3363247048253 "LDA" 31 5000 2.5959595959596
509.992 43.799 0 0 522.933237715014 31.2409121760808 "LDA" 31 5000 2.63131313131313
535.497 44.479 0 0 550.493695967811 31.4937043297928 "LDA" 31 5000 2.66666666666667
563.991 45.563 0 0 565.286199554178 32.3707258938519 "LDA" 31 5000 2.7020202020202
589.725 46.508 0 0 588.357079865984 32.7194819717626 "LDA" 31 5000 2.73737373737374
628.173 46.984 0 0 632.974759462901 32.7976131361327 "LDA" 31 5000 2.77272727272727
662.835 47.876 0 0 673.784996862498 33.4099513446046 "LDA" 31 5000 2.80808080808081
712.765 48.394 0 0 743.051973963471 33.4898541999564 "LDA" 31 5000 2.84343434343434
747.867 48.914 0 0 767.128314665912 33.5917103912112 "LDA" 31 5000 2.87878787878788
776.478 49.667 0 0 794.920188208616 33.9162265209652 "LDA" 31 5000 2.91414141414141
808.547 50.882 0 0 811.619727688635 34.9180375357113 "LDA" 31 5000 2.94949494949495
852.444 51.904 0 0 865.073046765555 35.7281021225769 "LDA" 31 5000 2.98484848484848
906.388 52.612 0 0 916.48478209505 36.1190814396497 "LDA" 31 5000 3.02020202020202
942.022 53.196 0 0 935.019558667674 36.5874873177734 "LDA" 31 5000 3.05555555555556
988.06 53.73 0 0 963.228122937042 36.7278645722296 "LDA" 31 5000 3.09090909090909
1044.726 54.543 0 0 1011.2919392096 37.284209301838 "LDA" 31 5000 3.12626262626263
1118.626 55.37 0 0 1090.73295379781 38.0148685415356 "LDA" 31 5000 3.16161616161616
1184.186 56.149 0 0 1136.87836104476 38.5388380862869 "LDA" 31 5000 3.1969696969697
1245.954 57.05 0 0 1193.73897843399 39.0180459263135 "LDA" 31 5000 3.23232323232323
1330.994 58.345 0 0 1293.18522183869 39.831928870663 "LDA" 31 5000 3.26767676767677
1385.219 59.14 0 0 1326.98206409787 40.235721856496 "LDA" 31 5000 3.3030303030303
1437.54354354354 59.991 1 0 1373.42572361684 40.7533526811569 "LDA" 31 5000 3.33838383838384
1509.31795386158 60.739 3 0 1422.17065703083 41.1262476679705 "LDA" 31 5000 3.37373737373737
1582.79939819458 61.558 3 0 1471.76584710833 41.720321441969 "LDA" 31 5000 3.40909090909091
1665.17168674699 62.317 4 0 1568.3201061705 41.9563445243487 "LDA" 31 5000 3.44444444444444
1757.37751004016 63.16 4 0 1632.07052021997 42.3077338597135 "LDA" 31 5000 3.47979797979798
1819.6935483871 63.937 8 0 1676.49698963193 42.6084323756403 "LDA" 31 5000 3.51515151515152
1885.22580645161 64.681 8 0 1736.13914348744 42.7943523796727 "LDA" 31 5000 3.55050505050505
1968.48585858586 65.416 10 0 1815.21529230937 43.4163554887317 "LDA" 31 5000 3.58585858585859
2080.80606060606 66.149 10 0 1885.91497072602 43.8514052767382 "LDA" 31 5000 3.62121212121212
2157.67745197169 67.07 11 0 1930.85537885042 44.4414912682523 "LDA" 31 5000 3.65656565656566
2234.73353596758 68.005 13 0 2005.11288774886 44.7356933248749 "LDA" 31 5000 3.69191919191919
2311.53705583756 68.744 15 0 2039.32396510508 44.8324705365923 "LDA" 31 5000 3.72727272727273
2407.15447154472 69.418 16 0 2099.49402094118 45.0755708015227 "LDA" 31 5000 3.76262626262626
2544.77291242363 69.925 18 0 2182.56861327213 45.1285492893463 "LDA" 31 5000 3.7979797979798
2661.11224489796 71.227 20 0 2228.81065900187 45.8125775662455 "LDA" 31 5000 3.83333333333333
2754.29979466119 71.886 26 0 2291.19457581286 46.4343531574755 "LDA" 31 5000 3.86868686868687
2824.60041194645 72.778 29 0 2338.33650955489 47.0455523933985 "LDA" 31 5000 3.9040404040404
2889.5632780083 73.884 36 0 2362.20215891982 47.8261631942798 "LDA" 31 5000 3.93939393939394
2946.77696335079 74.704 45 0 2376.64351552521 48.2876597287763 "LDA" 31 5000 3.97474747474747
3014.24656084656 75.696 55 0 2414.48546286205 49.5777928264414 "LDA" 31 5000 4.01010101010101
3064.77301927195 76.509 66 0 2427.08986772712 49.8729709585486 "LDA" 31 5000 4.04545454545454
3109.46796959826 77.088 79 0 2447.50130907837 50.1214965899904 "LDA" 31 5000 4.08080808080808
3199.56092206367 77.939 89 0 2510.62487523357 50.5036820529048 "LDA" 31 5000 4.11616161616162
3261.15521064302 78.809 98 0 2524.48981939856 50.8081882277945 "LDA" 31 5000 4.15151515151515
3346.65458663647 79.621 117 0 2554.9090850182 51.1604803901777 "LDA" 31 5000 4.18686868686869
3405.68433179724 81.005 132 0 2572.82255738181 51.9462933460357 "LDA" 31 5000 4.22222222222222
3438.32197414806 82.199 149 0 2586.02107624801 52.6857208756242 "LDA" 31 5000 4.25757575757576
3482.15162454874 83.291 169 0 2591.59276254234 53.0689045263573 "LDA" 31 5000 4.29292929292929
3572.51291512915 84.357 187 0 2612.51457089636 53.4577710373738 "LDA" 31 5000 4.32828282828283
3658.16604244694 85.111 199 0 2641.02453105711 53.4513772388395 "LDA" 31 5000 4.36363636363636
3728.5847133758 86.25 215 0 2682.89633001783 54.4537299797609 "LDA" 31 5000 4.3989898989899
3794.56788511749 87.341 234 0 2712.8174848012 55.0310561059493 "LDA" 31 5000 4.43434343434343
3829.05533063428 88.351 259 0 2724.19679477532 55.0463068233909 "LDA" 31 5000 4.46969696969697
3860.65517241379 89.33 275 0 2728.68581835548 55.6226120833513 "LDA" 31 5000 4.50505050505051
3918.45803698435 90.141 297 0 2754.45983828581 55.7116047327835 "LDA" 31 5000 4.54040404040404
3984.65693430657 90.943 315 0 2771.7434936709 56.238906155486 "LDA" 31 5000 4.57575757575758
4045.30700447094 91.772 329 0 2800.36512031916 56.8424760463782 "LDA" 31 5000 4.61111111111111
4133.5725308642 92.765 352 0 2815.0056661488 57.2950652281634 "LDA" 31 5000 4.64646464646465
4158.1503164557 93.442 368 0 2811.93219229639 57.5790063997112 "LDA" 31 5000 4.68181818181818
4156.07868852459 94.243 390 0 2801.92073700489 57.5801999860232 "LDA" 31 5000 4.71717171717172
4195.10420168067 95.148 405 0 2798.75678495154 57.9342599372295 "LDA" 31 5000 4.75252525252525
4258.52577319588 96.142 418 0 2820.29044814522 58.5976921518717 "LDA" 31 5000 4.78787878787879
4278.60606060606 97.166 439 0 2838.94942714585 59.1636948371785 "LDA" 31 5000 4.82323232323232
4361.71115173675 98.114 453 0 2848.88709469481 59.4383034407604 "LDA" 31 5000 4.85858585858586
4371.6641509434 99.028 470 0 2856.42437932781 59.7168428277761 "LDA" 31 5000 4.89393939393939
4398.92635658915 99.629 484 0 2862.51363407159 59.7865519225753 "LDA" 31 5000 4.92929292929293
4457.41633466135 100.03 498 0 2845.93371015681 59.7734386158598 "LDA" 31 5000 4.96464646464646
4492.74004192872 100.675 523 0 2875.47362038387 59.8894491636141 "LDA" 31 5000 5
37.872 12.804 0 0 33.9635265709722 8.79027035152235 "uLSIF" 31 5000 1.5
39.707 13.13 0 0 35.6124050633258 9.0593140563274 "uLSIF" 31 5000 1.53535353535354
41.697 13.558 0 0 37.093356657333 9.65462831225769 "uLSIF" 31 5000 1.57070707070707
44.137 13.922 0 0 40.2706339030683 9.9162618081739 "uLSIF" 31 5000 1.60606060606061
45.301 14.248 0 0 40.8678183608763 10.05930840991 "uLSIF" 31 5000 1.64141414141414
47.014 14.599 0 0 42.355634853037 10.2301933440114 "uLSIF" 31 5000 1.67676767676768
48.519 14.917 0 0 43.6488127886413 10.3920212232802 "uLSIF" 31 5000 1.71212121212121
50.798 15.27 0 0 45.704858933489 10.4787835603616 "uLSIF" 31 5000 1.74747474747475
52.165 15.586 0 0 46.8832999992409 10.5192803584304 "uLSIF" 31 5000 1.78282828282828
54.093 15.838 0 0 48.342314077114 10.4931340343037 "uLSIF" 31 5000 1.81818181818182
55.941 16.192 0 0 50.9260933705501 10.5727441527221 "uLSIF" 31 5000 1.85353535353535
58.088 16.515 0 0 54.1130712534456 10.6168023195071 "uLSIF" 31 5000 1.88888888888889
59.682 16.899 0 0 55.4472476618387 10.7611617217474 "uLSIF" 31 5000 1.92424242424242
61.875 17.25 0 0 57.4828988365989 11.0121190861145 "uLSIF" 31 5000 1.95959595959596
64.178 17.603 0 0 60.7229577144723 11.2361756235226 "uLSIF" 31 5000 1.99494949494949
66.366 17.978 0 0 63.05764275891 11.5050372394826 "uLSIF" 31 5000 2.03030303030303
69.404 18.364 0 0 66.3393223487374 11.7158339338164 "uLSIF" 31 5000 2.06565656565657
71.895 18.881 0 0 68.8234163467467 12.0660859200252 "uLSIF" 31 5000 2.1010101010101
73.428 19.347 0 0 69.7628817902162 12.5222760869739 "uLSIF" 31 5000 2.13636363636364
75.91 19.684 0 0 72.0763268826658 12.7123462723349 "uLSIF" 31 5000 2.17171717171717
77.139 20.175 0 0 72.3733762138024 13.1090129766211 "uLSIF" 31 5000 2.20707070707071
79.57 20.526 0 0 75.134095005079 13.2342158237074 "uLSIF" 31 5000 2.24242424242424
81.907 20.956 0 0 77.0544595772415 13.5599386405668 "uLSIF" 31 5000 2.27777777777778
83.95 21.259 0 0 78.4667224148335 13.6161418293993 "uLSIF" 31 5000 2.31313131313131
86.135 21.675 0 0 79.3570684899544 13.9300905389169 "uLSIF" 31 5000 2.34848484848485
88.84 22.077 0 0 81.2039067685445 14.1514428357795 "uLSIF" 31 5000 2.38383838383838
91.479 22.492 0 0 82.3902889830999 14.4342052875204 "uLSIF" 31 5000 2.41919191919192
95.633 22.848 0 0 87.2090002277329 14.6369100268853 "uLSIF" 31 5000 2.45454545454545
98.519 23.266 0 0 89.6088800866878 14.897085861576 "uLSIF" 31 5000 2.48989898989899
100.699 23.759 0 0 90.785408460773 15.3834186242385 "uLSIF" 31 5000 2.52525252525253
104.363 24.276 0 0 96.2190903321391 15.5568582895082 "uLSIF" 31 5000 2.56060606060606
107.79 24.641 0 0 99.0741620685716 15.7639024235631 "uLSIF" 31 5000 2.5959595959596
111.029 25.043 0 0 102.308363099798 15.9969701523149 "uLSIF" 31 5000 2.63131313131313
114.02 25.4 0 0 105.005036344252 16.0391787587537 "uLSIF" 31 5000 2.66666666666667
117.104 25.76 0 0 107.202535266511 16.2018177652663 "uLSIF" 31 5000 2.7020202020202
119.983 26.345 0 0 110.063884947651 16.8949523353697 "uLSIF" 31 5000 2.73737373737374
125.264 26.654 0 0 115.219407288077 16.9471971573913 "uLSIF" 31 5000 2.77272727272727
128.806 27.042 0 0 118.094041198388 17.2553755097936 "uLSIF" 31 5000 2.80808080808081
132.163 27.376 0 0 122.40976505811 17.2916055825832 "uLSIF" 31 5000 2.84343434343434
135.067 27.799 0 0 123.90125920681 17.4659571354867 "uLSIF" 31 5000 2.87878787878788
138.033 28.215 0 0 125.250339554664 17.6535101728076 "uLSIF" 31 5000 2.91414141414141
140.404 28.462 0 0 126.917086047272 17.6647841934341 "uLSIF" 31 5000 2.94949494949495
143.783 28.883 0 0 131.492860198884 18.0428616315665 "uLSIF" 31 5000 2.98484848484848
148.212 29.336 0 0 135.660018784816 18.4332006685461 "uLSIF" 31 5000 3.02020202020202
150.985 29.655 0 0 137.913142266464 18.5265541374592 "uLSIF" 31 5000 3.05555555555556
153.681 30.13 0 0 140.465945769503 18.6905440380005 "uLSIF" 31 5000 3.09090909090909
156.602 30.697 0 0 141.612717500081 18.9111825072845 "uLSIF" 31 5000 3.12626262626263
159.926 31.163 0 0 143.07336058998 19.3711556875854 "uLSIF" 31 5000 3.16161616161616
165.963 31.674 0 0 150.315442863877 20.039293832301 "uLSIF" 31 5000 3.1969696969697
169.7 32.085 0 0 155.772099385439 20.214955340525 "uLSIF" 31 5000 3.23232323232323
173.953 32.697 0 0 159.839799651253 20.9699530264121 "uLSIF" 31 5000 3.26767676767677
179.846 32.995 0 0 166.000820951454 21.023914478041 "uLSIF" 31 5000 3.3030303030303
183.372 33.518 0 0 169.104375773975 21.378838385907 "uLSIF" 31 5000 3.33838383838384
188.566 33.911 0 0 173.997548232125 21.5501156954316 "uLSIF" 31 5000 3.37373737373737
193.971 34.261 0 0 179.053434178994 21.806613845515 "uLSIF" 31 5000 3.40909090909091
198.792 34.586 0 0 181.786647257496 21.9680495083018 "uLSIF" 31 5000 3.44444444444444
203.698 34.999 0 0 186.281259131195 22.1329362233271 "uLSIF" 31 5000 3.47979797979798
207.819 35.522 0 0 190.231091326069 22.3931008787744 "uLSIF" 31 5000 3.51515151515152
212.388 35.971 0 0 194.368038500136 22.8359725135725 "uLSIF" 31 5000 3.55050505050505
217.562 36.334 0 0 201.801600692467 22.8301480428765 "uLSIF" 31 5000 3.58585858585859
221.896 36.926 0 0 203.894865801717 23.2301994430992 "uLSIF" 31 5000 3.62121212121212
226.473 37.563 0 0 206.601063090852 23.7904185548513 "uLSIF" 31 5000 3.65656565656566
230.03 38.168 0 0 209.908753473467 24.8213995954676 "uLSIF" 31 5000 3.69191919191919
234.728 38.528 0 0 215.797786598243 25.0132140453177 "uLSIF" 31 5000 3.72727272727273
240.608 38.866 0 0 222.438929626568 25.0964913459607 "uLSIF" 31 5000 3.76262626262626
245.968 39.186 0 0 229.641926464638 25.2216084644404 "uLSIF" 31 5000 3.7979797979798
251.714 39.545 0 0 240.149478400383 25.4033325432768 "uLSIF" 31 5000 3.83333333333333
257.369 39.958 0 0 246.067625085291 25.5854030425328 "uLSIF" 31 5000 3.86868686868687
263.237 40.399 0 0 256.069268560875 25.7549435277214 "uLSIF" 31 5000 3.9040404040404
267.864 40.807 0 0 260.60934122309 25.8743353969185 "uLSIF" 31 5000 3.93939393939394
276.347 41.151 0 0 281.326787477397 25.9755448052188 "uLSIF" 31 5000 3.97474747474747
280.436 41.5 0 0 284.578384212084 26.1094178736658 "uLSIF" 31 5000 4.01010101010101
287.927 41.88 0 0 291.329931177351 26.3431121843938 "uLSIF" 31 5000 4.04545454545454
293.857 42.147 0 0 295.153824863123 26.3855564388661 "uLSIF" 31 5000 4.08080808080808
300.255 42.575 0 0 300.0619688667 26.4217426276823 "uLSIF" 31 5000 4.11616161616162
306.198 42.98 0 0 303.69663884285 26.6100675627796 "uLSIF" 31 5000 4.15151515151515
314.947 43.393 0 0 313.524649584202 26.869248361417 "uLSIF" 31 5000 4.18686868686869
321.095 44.033 0 0 318.898485758743 27.5098655704404 "uLSIF" 31 5000 4.22222222222222
329.134 44.647 0 0 323.646515678929 27.7737965495316 "uLSIF" 31 5000 4.25757575757576
334.878 45.057 0 0 327.501735113728 27.9256439960226 "uLSIF" 31 5000 4.29292929292929
346.806 45.424 0 0 342.631251549736 27.9823736883996 "uLSIF" 31 5000 4.32828282828283
354.526 45.786 0 0 347.443595963973 27.9952127324644 "uLSIF" 31 5000 4.36363636363636
362.524 46.244 0 0 351.512728962441 28.2508154319937 "uLSIF" 31 5000 4.3989898989899
367.17 46.752 0 0 354.58887231323 28.5706979400361 "uLSIF" 31 5000 4.43434343434343
374.439 47.339 0 0 361.123702638871 28.9986724179229 "uLSIF" 31 5000 4.46969696969697
384.42 47.82 0 0 372.721825439776 29.1758947220618 "uLSIF" 31 5000 4.50505050505051
392.821 48.183 0 0 381.059340759651 29.1740061293206 "uLSIF" 31 5000 4.54040404040404
403.639 48.599 0 0 388.708053209127 29.1080999118885 "uLSIF" 31 5000 4.57575757575758
410.594 48.978 0 0 392.042304263624 29.1862528145247 "uLSIF" 31 5000 4.61111111111111
418.211 49.383 0 0 396.67900210335 29.2426647972521 "uLSIF" 31 5000 4.64646464646465
422.263 49.703 0 0 398.649833212709 29.2623833287393 "uLSIF" 31 5000 4.68181818181818
430.842 50.191 0 0 408.379567200548 29.5455488772583 "uLSIF" 31 5000 4.71717171717172
436.625 50.831 0 0 413.390568514978 30.1480570575343 "uLSIF" 31 5000 4.75252525252525
444.959 51.351 0 0 417.911453901783 30.3338085135866 "uLSIF" 31 5000 4.78787878787879
452.051 51.735 0 0 420.100643834248 30.4310174299484 "uLSIF" 31 5000 4.82323232323232
457.784 52.183 0 0 423.720821625134 30.5117760787451 "uLSIF" 31 5000 4.85858585858586
465.479 52.672 0 0 435.121682334307 30.7095994030449 "uLSIF" 31 5000 4.89393939393939
475.252 53.199 0 0 447.00784166109 31.0323122471305 "uLSIF" 31 5000 4.92929292929293
480.231 53.761 0 0 448.195333192678 31.2585184225672 "uLSIF" 31 5000 4.96464646464646
491.383 54.188 0 0 459.330751256706 31.6207610365173 "uLSIF" 31 5000 5
