110.515 14.23 0 0 "KDE LDA" 182 600 2.3
111.195 14.235 0 0 "KDE LDA" 182 600 2.31010101010101
111.87 14.235 0 0 "KDE LDA" 182 600 2.32020202020202
111.87 14.24 0 0 "KDE LDA" 182 600 2.33030303030303
112.955 14.24 0 0 "KDE LDA" 182 600 2.34040404040404
112.955 14.275 0 0 "KDE LDA" 182 600 2.35050505050505
113.59 14.275 0 0 "KDE LDA" 182 600 2.36060606060606
113.62 14.3 0 0 "KDE LDA" 182 600 2.37070707070707
113.625 14.45 0 0 "KDE LDA" 182 600 2.38080808080808
114.07 14.49 0 0 "KDE LDA" 182 600 2.39090909090909
118.8 14.625 0 0 "KDE LDA" 182 600 2.4010101010101
120.17 14.625 0 0 "KDE LDA" 182 600 2.41111111111111
120.17 14.635 0 0 "KDE LDA" 182 600 2.42121212121212
122.32 14.635 0 0 "KDE LDA" 182 600 2.43131313131313
122.32 14.64 0 0 "KDE LDA" 182 600 2.44141414141414
123.25 14.645 0 0 "KDE LDA" 182 600 2.45151515151515
123.29 14.65 0 0 "KDE LDA" 182 600 2.46161616161616
123.45 14.675 0 0 "KDE LDA" 182 600 2.47171717171717
123.45 14.81 0 0 "KDE LDA" 182 600 2.48181818181818
124.53 14.835 0 0 "KDE LDA" 182 600 2.49191919191919
124.53 14.855 0 0 "KDE LDA" 182 600 2.5020202020202
127.58 14.86 0 0 "KDE LDA" 182 600 2.51212121212121
129.19 14.915 0 0 "KDE LDA" 182 600 2.52222222222222
139.725 15.21 0 0 "KDE LDA" 182 600 2.53232323232323
141.78 15.375 0 0 "KDE LDA" 182 600 2.54242424242424
141.83 15.39 0 0 "KDE LDA" 182 600 2.55252525252525
143.28 15.395 0 0 "KDE LDA" 182 600 2.56262626262626
143.62 15.405 0 0 "KDE LDA" 182 600 2.57272727272727
143.685 15.505 0 0 "KDE LDA" 182 600 2.58282828282828
145.17 15.525 0 0 "KDE LDA" 182 600 2.59292929292929
145.49 15.58 0 0 "KDE LDA" 182 600 2.6030303030303
145.495 15.61 0 0 "KDE LDA" 182 600 2.61313131313131
149.71 15.71 0 0 "KDE LDA" 182 600 2.62323232323232
150.425 15.81 0 0 "KDE LDA" 182 600 2.63333333333333
150.925 15.82 0 0 "KDE LDA" 182 600 2.64343434343434
154.27 15.975 0 0 "KDE LDA" 182 600 2.65353535353535
157.15 16.25 0 0 "KDE LDA" 182 600 2.66363636363636
183.55 16.69 0 0 "KDE LDA" 182 600 2.67373737373737
183.94 16.715 0 0 "KDE LDA" 182 600 2.68383838383838
185.175 16.725 0 0 "KDE LDA" 182 600 2.69393939393939
185.175 16.76 0 0 "KDE LDA" 182 600 2.7040404040404
185.375 16.765 0 0 "KDE LDA" 182 600 2.71414141414141
185.76 16.78 0 0 "KDE LDA" 182 600 2.72424242424242
188.66 16.805 0 0 "KDE LDA" 182 600 2.73434343434343
188.85 16.825 0 0 "KDE LDA" 182 600 2.74444444444444
189.54 16.84 0 0 "KDE LDA" 182 600 2.75454545454545
192.415 16.95 0 0 "KDE LDA" 182 600 2.76464646464646
194.285 16.965 0 0 "KDE LDA" 182 600 2.77474747474747
197.72 16.98 0 0 "KDE LDA" 182 600 2.78484848484848
202.915 17.065 0 0 "KDE LDA" 182 600 2.79494949494949
254.15 17.77 0 0 "KDE LDA" 182 600 2.80505050505051
257.73 17.835 0 0 "KDE LDA" 182 600 2.81515151515151
262.815 18.11 0 0 "KDE LDA" 182 600 2.82525252525252
264.31 18.185 0 0 "KDE LDA" 182 600 2.83535353535354
269.705 18.2 0 0 "KDE LDA" 182 600 2.84545454545455
272.14 18.265 0 0 "KDE LDA" 182 600 2.85555555555556
272.515 18.265 0 0 "KDE LDA" 182 600 2.86565656565657
272.55 18.27 0 0 "KDE LDA" 182 600 2.87575757575758
273.665 18.28 0 0 "KDE LDA" 182 600 2.88585858585859
273.68 18.325 0 0 "KDE LDA" 182 600 2.8959595959596
275.58 18.36 0 0 "KDE LDA" 182 600 2.90606060606061
275.585 18.375 0 0 "KDE LDA" 182 600 2.91616161616162
275.6 18.515 0 0 "KDE LDA" 182 600 2.92626262626263
277.26 18.585 0 0 "KDE LDA" 182 600 2.93636363636364
278.845 18.76 0 0 "KDE LDA" 182 600 2.94646464646465
287.19 18.85 0 0 "KDE LDA" 182 600 2.95656565656566
289.135 19.005 0 0 "KDE LDA" 182 600 2.96666666666667
289.15 19.24 0 0 "KDE LDA" 182 600 2.97676767676768
290.255 19.37 0 0 "KDE LDA" 182 600 2.98686868686869
290.255 19.43 0 0 "KDE LDA" 182 600 2.9969696969697
290.405 19.51 0 0 "KDE LDA" 182 600 3.00707070707071
290.405 19.55 0 0 "KDE LDA" 182 600 3.01717171717172
292.945 19.57 0 0 "KDE LDA" 182 600 3.02727272727273
292.945 19.6 0 0 "KDE LDA" 182 600 3.03737373737374
296.53 19.665 0 0 "KDE LDA" 182 600 3.04747474747475
298.995 19.75 0 0 "KDE LDA" 182 600 3.05757575757576
301.355 19.755 0 0 "KDE LDA" 182 600 3.06767676767677
302.3 19.805 0 0 "KDE LDA" 182 600 3.07777777777778
305.955 20.005 0 0 "KDE LDA" 182 600 3.08787878787879
329.055 20.175 0 0 "KDE LDA" 182 600 3.0979797979798
331.655 20.205 0 0 "KDE LDA" 182 600 3.10808080808081
336.375 20.495 0 0 "KDE LDA" 182 600 3.11818181818182
336.375 20.525 0 0 "KDE LDA" 182 600 3.12828282828283
336.38 20.63 0 0 "KDE LDA" 182 600 3.13838383838384
337.505 20.65 0 0 "KDE LDA" 182 600 3.14848484848485
344.07 20.685 0 0 "KDE LDA" 182 600 3.15858585858586
346.145 20.735 0 0 "KDE LDA" 182 600 3.16868686868687
351.46 20.8 0 0 "KDE LDA" 182 600 3.17878787878788
358.2 20.825 0 0 "KDE LDA" 182 600 3.18888888888889
361.465 20.865 0 0 "KDE LDA" 182 600 3.1989898989899
361.9 20.885 0 0 "KDE LDA" 182 600 3.20909090909091
362.895 20.975 0 0 "KDE LDA" 182 600 3.21919191919192
393.615 21.54 0 0 "KDE LDA" 182 600 3.22929292929293
394.685 21.575 0 0 "KDE LDA" 182 600 3.23939393939394
401.71 21.63 0 0 "KDE LDA" 182 600 3.24949494949495
401.805 21.675 0 0 "KDE LDA" 182 600 3.25959595959596
401.805 21.745 0 0 "KDE LDA" 182 600 3.26969696969697
409.39 21.76 0 0 "KDE LDA" 182 600 3.27979797979798
411.21 21.79 0 0 "KDE LDA" 182 600 3.28989898989899
416.94 21.79 0 0 "KDE LDA" 182 600 3.3
1160.11340206186 31.225 6 0 "KDE QDA" 182 600 4.5
1201.55729166667 31.39 8 0 "KDE QDA" 182 600 4.51010101010101
1196.96858638743 31.415 9 0 "KDE QDA" 182 600 4.52020202020202
1218.57068062827 31.44 9 0 "KDE QDA" 182 600 4.53030303030303
1218.57068062827 31.445 9 0 "KDE QDA" 182 600 4.54040404040404
1218.57068062827 31.445 9 0 "KDE QDA" 182 600 4.55050505050505
1218.57068062827 31.57 9 0 "KDE QDA" 182 600 4.56060606060606
1224.87958115183 31.585 9 0 "KDE QDA" 182 600 4.57070707070707
1227.85340314136 31.59 9 0 "KDE QDA" 182 600 4.58080808080808
1227.85863874346 31.595 9 0 "KDE QDA" 182 600 4.59090909090909
1239.05235602094 31.67 9 0 "KDE QDA" 182 600 4.6010101010101
1239.05759162304 31.695 9 0 "KDE QDA" 182 600 4.61111111111111
1241.61256544503 31.73 9 0 "KDE QDA" 182 600 4.62121212121212
1229.24736842105 31.97 10 0 "KDE QDA" 182 600 4.63131313131313
1249.61904761905 32.42 11 0 "KDE QDA" 182 600 4.64141414141414
1249.64021164021 32.42 11 0 "KDE QDA" 182 600 4.65151515151515
1237.90374331551 32.49 13 0 "KDE QDA" 182 600 4.66161616161616
1237.91978609626 32.555 13 0 "KDE QDA" 182 600 4.67171717171717
1250.17204301075 32.56 14 0 "KDE QDA" 182 600 4.68181818181818
1250.18817204301 32.77 14 0 "KDE QDA" 182 600 4.69191919191919
1241.68108108108 32.88 15 0 "KDE QDA" 182 600 4.7020202020202
1241.68648648649 32.88 15 0 "KDE QDA" 182 600 4.71212121212121
1242.49189189189 32.88 15 0 "KDE QDA" 182 600 4.72222222222222
1242.49189189189 32.935 15 0 "KDE QDA" 182 600 4.73232323232323
1259.34054054054 32.96 15 0 "KDE QDA" 182 600 4.74242424242424
1276.52432432432 32.98 15 0 "KDE QDA" 182 600 4.75252525252525
1276.8972972973 33.005 15 0 "KDE QDA" 182 600 4.76262626262626
1307.11538461538 33.61 18 0 "KDE QDA" 182 600 4.77272727272727
1310.77472527473 33.615 18 0 "KDE QDA" 182 600 4.78282828282828
1319.28021978022 33.62 18 0 "KDE QDA" 182 600 4.79292929292929
1325.05524861878 33.755 19 0 "KDE QDA" 182 600 4.8030303030303
1330.78333333333 33.77 20 0 "KDE QDA" 182 600 4.81313131313131
1337.65555555556 34.075 20 0 "KDE QDA" 182 600 4.82323232323232
1338.70555555556 34.095 20 0 "KDE QDA" 182 600 4.83333333333333
1338.71111111111 34.095 20 0 "KDE QDA" 182 600 4.84343434343434
1354.23333333333 34.095 20 0 "KDE QDA" 182 600 4.85353535353535
1354.23333333333 34.17 20 0 "KDE QDA" 182 600 4.86363636363636
1354.23333333333 34.175 20 0 "KDE QDA" 182 600 4.87373737373737
1358.03910614525 34.235 21 0 "KDE QDA" 182 600 4.88383838383838
1354.18539325843 34.29 22 0 "KDE QDA" 182 600 4.89393939393939
1353.83333333333 34.86 26 0 "KDE QDA" 182 600 4.9040404040404
1353.72832369942 34.86 27 0 "KDE QDA" 182 600 4.91414141414141
1353.75144508671 34.935 27 0 "KDE QDA" 182 600 4.92424242424242
1357.56725146199 34.99 29 0 "KDE QDA" 182 600 4.93434343434343
1357.58479532164 34.995 29 0 "KDE QDA" 182 600 4.94444444444444
1368.56725146199 35.09 29 0 "KDE QDA" 182 600 4.95454545454546
1368.5730994152 35.09 29 0 "KDE QDA" 182 600 4.96464646464646
1375.46470588235 35.09 30 0 "KDE QDA" 182 600 4.97474747474747
1374.11834319527 35.145 31 0 "KDE QDA" 182 600 4.98484848484848
1384.82840236686 35.155 31 0 "KDE QDA" 182 600 4.99494949494949
1389.70414201183 35.16 31 0 "KDE QDA" 182 600 5.00505050505051
1389.70414201183 35.32 31 0 "KDE QDA" 182 600 5.01515151515152
1398.15976331361 35.515 31 0 "KDE QDA" 182 600 5.02525252525253
1420.78698224852 35.63 31 0 "KDE QDA" 182 600 5.03535353535354
1459.9156626506 35.905 34 0 "KDE QDA" 182 600 5.04545454545455
1461.20481927711 35.935 34 0 "KDE QDA" 182 600 5.05555555555556
1514.89024390244 36.12 36 0 "KDE QDA" 182 600 5.06565656565657
1514.89024390244 36.125 36 0 "KDE QDA" 182 600 5.07575757575758
1526.12195121951 36.14 36 0 "KDE QDA" 182 600 5.08585858585859
1536.94409937888 36.195 39 0 "KDE QDA" 182 600 5.0959595959596
1536.94409937888 36.21 39 0 "KDE QDA" 182 600 5.10606060606061
1536.95031055901 36.24 39 0 "KDE QDA" 182 600 5.11616161616162
1536.95652173913 36.265 39 0 "KDE QDA" 182 600 5.12626262626263
1536.825 36.275 40 0 "KDE QDA" 182 600 5.13636363636364
1538.00628930818 36.29 41 0 "KDE QDA" 182 600 5.14646464646465
1529.43037974684 36.315 42 0 "KDE QDA" 182 600 5.15656565656566
1514.50318471338 36.34 43 0 "KDE QDA" 182 600 5.16666666666667
1528.60256410256 36.35 44 0 "KDE QDA" 182 600 5.17676767676768
1546.92948717949 36.41 44 0 "KDE QDA" 182 600 5.18686868686869
1543.3642384106 36.58 49 0 "KDE QDA" 182 600 5.1969696969697
1509.27027027027 36.645 52 0 "KDE QDA" 182 600 5.20707070707071
1525.48648648649 36.66 52 0 "KDE QDA" 182 600 5.21717171717172
1557.64864864865 37.06 52 0 "KDE QDA" 182 600 5.22727272727273
1557.64864864865 37.09 52 0 "KDE QDA" 182 600 5.23737373737374
1575.10204081633 37.09 53 0 "KDE QDA" 182 600 5.24747474747475
1583.31292517007 37.095 53 0 "KDE QDA" 182 600 5.25757575757576
1583.32653061224 37.1 53 0 "KDE QDA" 182 600 5.26767676767677
1587.27891156463 37.115 53 0 "KDE QDA" 182 600 5.27777777777778
1587.27891156463 37.135 53 0 "KDE QDA" 182 600 5.28787878787879
1587.28571428571 37.145 53 0 "KDE QDA" 182 600 5.2979797979798
1587.2925170068 37.345 53 0 "KDE QDA" 182 600 5.30808080808081
1609.375 37.365 56 0 "KDE QDA" 182 600 5.31818181818182
1626.25 37.395 56 0 "KDE QDA" 182 600 5.32828282828283
1620.91304347826 38.09 62 0 "KDE QDA" 182 600 5.33838383838384
1620.92753623188 38.13 62 0 "KDE QDA" 182 600 5.34848484848485
1616.71323529412 38.33 64 0 "KDE QDA" 182 600 5.35858585858586
1616.72058823529 38.38 64 0 "KDE QDA" 182 600 5.36868686868687
1616.80882352941 38.4 64 0 "KDE QDA" 182 600 5.37878787878788
1616.82352941176 38.485 64 0 "KDE QDA" 182 600 5.38888888888889
1623.11851851852 38.5 65 0 "KDE QDA" 182 600 5.3989898989899
1628.62686567164 38.5 66 0 "KDE QDA" 182 600 5.40909090909091
1628.64179104478 38.53 66 0 "KDE QDA" 182 600 5.41919191919192
1628.64179104478 38.53 66 0 "KDE QDA" 182 600 5.42929292929293
1646.26119402985 38.55 66 0 "KDE QDA" 182 600 5.43939393939394
1648.09022556391 38.56 67 0 "KDE QDA" 182 600 5.44949494949495
1654.82706766917 38.605 67 0 "KDE QDA" 182 600 5.45959595959596
1637.25384615385 38.94 70 0 "KDE QDA" 182 600 5.46969696969697
1637.26153846154 38.985 70 0 "KDE QDA" 182 600 5.47979797979798
1668.73228346457 39.16 73 0 "KDE QDA" 182 600 5.48989898989899
1677.99206349206 39.205 74 0 "KDE QDA" 182 600 5.5
