138.555 14.19 0 0 "KDE LDA" 43 1000 2.5
139.64 14.2 0 0 "KDE LDA" 43 1000 2.51010101010101
141.165 14.315 0 0 "KDE LDA" 43 1000 2.52020202020202
143.865 14.57 0 0 "KDE LDA" 43 1000 2.53030303030303
144.58 14.68 0 0 "KDE LDA" 43 1000 2.54040404040404
145.73 14.78 0 0 "KDE LDA" 43 1000 2.55050505050505
145.73 14.785 0 0 "KDE LDA" 43 1000 2.56060606060606
145.795 14.785 0 0 "KDE LDA" 43 1000 2.57070707070707
148.51 14.81 0 0 "KDE LDA" 43 1000 2.58080808080808
148.625 14.83 0 0 "KDE LDA" 43 1000 2.59090909090909
149.495 14.855 0 0 "KDE LDA" 43 1000 2.6010101010101
153.62 14.92 0 0 "KDE LDA" 43 1000 2.61111111111111
155.7 14.94 0 0 "KDE LDA" 43 1000 2.62121212121212
160.92 14.975 0 0 "KDE LDA" 43 1000 2.63131313131313
161.86 15.085 0 0 "KDE LDA" 43 1000 2.64141414141414
163.21 15.095 0 0 "KDE LDA" 43 1000 2.65151515151515
168.495 15.345 0 0 "KDE LDA" 43 1000 2.66161616161616
187.66 15.55 0 0 "KDE LDA" 43 1000 2.67171717171717
190.085 15.595 0 0 "KDE LDA" 43 1000 2.68181818181818
192.12 15.69 0 0 "KDE LDA" 43 1000 2.69191919191919
192.935 15.8 0 0 "KDE LDA" 43 1000 2.7020202020202
194.015 15.96 0 0 "KDE LDA" 43 1000 2.71212121212121
195.99 15.96 0 0 "KDE LDA" 43 1000 2.72222222222222
196.34 16.065 0 0 "KDE LDA" 43 1000 2.73232323232323
197.58 16.09 0 0 "KDE LDA" 43 1000 2.74242424242424
198.86 16.13 0 0 "KDE LDA" 43 1000 2.75252525252525
203.56 16.18 0 0 "KDE LDA" 43 1000 2.76262626262626
206.685 16.25 0 0 "KDE LDA" 43 1000 2.77272727272727
214.555 16.335 0 0 "KDE LDA" 43 1000 2.78282828282828
224.75 16.555 0 0 "KDE LDA" 43 1000 2.79292929292929
263.965 16.955 0 0 "KDE LDA" 43 1000 2.8030303030303
267.035 16.97 0 0 "KDE LDA" 43 1000 2.81313131313131
268.8 16.975 0 0 "KDE LDA" 43 1000 2.82323232323232
269.805 17.005 0 0 "KDE LDA" 43 1000 2.83333333333333
269.805 17.01 0 0 "KDE LDA" 43 1000 2.84343434343434
271.2 17.14 0 0 "KDE LDA" 43 1000 2.85353535353535
276.24 17.14 0 0 "KDE LDA" 43 1000 2.86363636363636
276.245 17.225 0 0 "KDE LDA" 43 1000 2.87373737373737
276.27 17.265 0 0 "KDE LDA" 43 1000 2.88383838383838
278.92 17.3 0 0 "KDE LDA" 43 1000 2.89393939393939
280.485 17.3 0 0 "KDE LDA" 43 1000 2.9040404040404
282.52 17.305 0 0 "KDE LDA" 43 1000 2.91414141414141
284.42 17.325 0 0 "KDE LDA" 43 1000 2.92424242424242
286.11 17.33 0 0 "KDE LDA" 43 1000 2.93434343434343
288.045 17.485 0 0 "KDE LDA" 43 1000 2.94444444444444
288.64 17.76 0 0 "KDE LDA" 43 1000 2.95454545454545
292.135 17.855 0 0 "KDE LDA" 43 1000 2.96464646464646
297.24 18.05 0 0 "KDE LDA" 43 1000 2.97474747474747
298.35 18.07 0 0 "KDE LDA" 43 1000 2.98484848484848
300.32 18.24 0 0 "KDE LDA" 43 1000 2.99494949494949
304.65 18.275 0 0 "KDE LDA" 43 1000 3.00505050505051
304.65 18.295 0 0 "KDE LDA" 43 1000 3.01515151515152
309.2 18.34 0 0 "KDE LDA" 43 1000 3.02525252525253
309.21 18.41 0 0 "KDE LDA" 43 1000 3.03535353535354
309.23 18.46 0 0 "KDE LDA" 43 1000 3.04545454545455
313.285 18.49 0 0 "KDE LDA" 43 1000 3.05555555555556
315.035 18.57 0 0 "KDE LDA" 43 1000 3.06565656565657
320.09 18.64 0 0 "KDE LDA" 43 1000 3.07575757575758
328.37 18.68 0 0 "KDE LDA" 43 1000 3.08585858585859
336.54 18.84 0 0 "KDE LDA" 43 1000 3.0959595959596
336.54 18.875 0 0 "KDE LDA" 43 1000 3.10606060606061
336.57 18.89 0 0 "KDE LDA" 43 1000 3.11616161616162
337.72 18.905 0 0 "KDE LDA" 43 1000 3.12626262626263
338.715 18.97 0 0 "KDE LDA" 43 1000 3.13636363636364
342.695 19 0 0 "KDE LDA" 43 1000 3.14646464646465
346.895 19.005 0 0 "KDE LDA" 43 1000 3.15656565656566
352.685 19.12 0 0 "KDE LDA" 43 1000 3.16666666666667
353.62 19.125 0 0 "KDE LDA" 43 1000 3.17676767676768
355.07 19.26 0 0 "KDE LDA" 43 1000 3.18686868686869
368.825 19.36 0 0 "KDE LDA" 43 1000 3.1969696969697
368.85 19.44 0 0 "KDE LDA" 43 1000 3.20707070707071
370.695 19.635 0 0 "KDE LDA" 43 1000 3.21717171717172
391.075 19.825 0 0 "KDE LDA" 43 1000 3.22727272727273
391.905 19.86 0 0 "KDE LDA" 43 1000 3.23737373737374
393.25 19.915 0 0 "KDE LDA" 43 1000 3.24747474747475
400.45 19.925 0 0 "KDE LDA" 43 1000 3.25757575757576
401.495 19.935 0 0 "KDE LDA" 43 1000 3.26767676767677
401.515 20.015 0 0 "KDE LDA" 43 1000 3.27777777777778
401.515 20.035 0 0 "KDE LDA" 43 1000 3.28787878787879
402.045 20.07 0 0 "KDE LDA" 43 1000 3.2979797979798
403.215 20.32 0 0 "KDE LDA" 43 1000 3.30808080808081
409.48 20.365 0 0 "KDE LDA" 43 1000 3.31818181818182
416.035 20.745 0 0 "KDE LDA" 43 1000 3.32828282828283
422.92 20.76 0 0 "KDE LDA" 43 1000 3.33838383838384
433.37 20.83 0 0 "KDE LDA" 43 1000 3.34848484848485
483.335 21.12 0 0 "KDE LDA" 43 1000 3.35858585858586
490.87 21.18 0 0 "KDE LDA" 43 1000 3.36868686868687
490.985 21.225 0 0 "KDE LDA" 43 1000 3.37878787878788
493.955 21.225 0 0 "KDE LDA" 43 1000 3.38888888888889
506.235 21.23 0 0 "KDE LDA" 43 1000 3.3989898989899
509.58 21.385 0 0 "KDE LDA" 43 1000 3.40909090909091
509.6 21.435 0 0 "KDE LDA" 43 1000 3.41919191919192
509.94 21.455 0 0 "KDE LDA" 43 1000 3.42929292929293
511.045 21.64 0 0 "KDE LDA" 43 1000 3.43939393939394
511.06 21.65 0 0 "KDE LDA" 43 1000 3.44949494949495
513.46 21.71 0 0 "KDE LDA" 43 1000 3.45959595959596
517.56 21.74 0 0 "KDE LDA" 43 1000 3.46969696969697
517.645 21.775 0 0 "KDE LDA" 43 1000 3.47979797979798
517.655 22.05 0 0 "KDE LDA" 43 1000 3.48989898989899
521.87 22.05 0 0 "KDE LDA" 43 1000 3.5
128.425 14.57 0 0 "KDE QDA" 43 1000 3.5
129.49 14.575 0 0 "KDE QDA" 43 1000 3.51010101010101
132.535 14.735 0 0 "KDE QDA" 43 1000 3.52020202020202
136.7 14.74 0 0 "KDE QDA" 43 1000 3.53030303030303
136.735 14.74 0 0 "KDE QDA" 43 1000 3.54040404040404
137.385 14.77 0 0 "KDE QDA" 43 1000 3.55050505050505
137.405 14.785 0 0 "KDE QDA" 43 1000 3.56060606060606
137.41 14.805 0 0 "KDE QDA" 43 1000 3.57070707070707
137.43 14.835 0 0 "KDE QDA" 43 1000 3.58080808080808
138.21 14.835 0 0 "KDE QDA" 43 1000 3.59090909090909
138.22 14.84 0 0 "KDE QDA" 43 1000 3.6010101010101
142.085 14.87 0 0 "KDE QDA" 43 1000 3.61111111111111
142.91 14.885 0 0 "KDE QDA" 43 1000 3.62121212121212
142.935 14.95 0 0 "KDE QDA" 43 1000 3.63131313131313
143.835 14.95 0 0 "KDE QDA" 43 1000 3.64141414141414
145.135 15.19 0 0 "KDE QDA" 43 1000 3.65151515151515
148.6 15.27 0 0 "KDE QDA" 43 1000 3.66161616161616
151.62 15.385 0 0 "KDE QDA" 43 1000 3.67171717171717
152.515 15.415 0 0 "KDE QDA" 43 1000 3.68181818181818
152.825 15.425 0 0 "KDE QDA" 43 1000 3.69191919191919
153.25 15.465 0 0 "KDE QDA" 43 1000 3.7020202020202
153.255 15.475 0 0 "KDE QDA" 43 1000 3.71212121212121
154.25 15.51 0 0 "KDE QDA" 43 1000 3.72222222222222
154.28 15.52 0 0 "KDE QDA" 43 1000 3.73232323232323
154.335 15.52 0 0 "KDE QDA" 43 1000 3.74242424242424
155.905 15.53 0 0 "KDE QDA" 43 1000 3.75252525252525
155.935 15.54 0 0 "KDE QDA" 43 1000 3.76262626262626
159.745 15.54 0 0 "KDE QDA" 43 1000 3.77272727272727
159.765 15.645 0 0 "KDE QDA" 43 1000 3.78282828282828
166.82 16.075 0 0 "KDE QDA" 43 1000 3.79292929292929
167.49 16.075 0 0 "KDE QDA" 43 1000 3.8030303030303
173.005 16.105 0 0 "KDE QDA" 43 1000 3.81313131313131
173.22 16.135 0 0 "KDE QDA" 43 1000 3.82323232323232
173.425 16.145 0 0 "KDE QDA" 43 1000 3.83333333333333
173.44 16.185 0 0 "KDE QDA" 43 1000 3.84343434343434
175.16 16.185 0 0 "KDE QDA" 43 1000 3.85353535353535
176.985 16.19 0 0 "KDE QDA" 43 1000 3.86363636363636
177.02 16.2 0 0 "KDE QDA" 43 1000 3.87373737373737
177.04 16.27 0 0 "KDE QDA" 43 1000 3.88383838383838
179.945 16.27 0 0 "KDE QDA" 43 1000 3.89393939393939
181.57 16.34 0 0 "KDE QDA" 43 1000 3.9040404040404
182.045 16.37 0 0 "KDE QDA" 43 1000 3.91414141414141
194.825 16.895 0 0 "KDE QDA" 43 1000 3.92424242424242
195.355 16.905 0 0 "KDE QDA" 43 1000 3.93434343434343
197.095 16.96 0 0 "KDE QDA" 43 1000 3.94444444444444
201.385 17.01 0 0 "KDE QDA" 43 1000 3.95454545454545
201.945 17.015 0 0 "KDE QDA" 43 1000 3.96464646464646
203.385 17.02 0 0 "KDE QDA" 43 1000 3.97474747474747
203.395 17.025 0 0 "KDE QDA" 43 1000 3.98484848484848
203.75 17.035 0 0 "KDE QDA" 43 1000 3.99494949494949
204.605 17.055 0 0 "KDE QDA" 43 1000 4.00505050505051
205.075 17.07 0 0 "KDE QDA" 43 1000 4.01515151515152
206.16 17.075 0 0 "KDE QDA" 43 1000 4.02525252525253
207.705 17.09 0 0 "KDE QDA" 43 1000 4.03535353535354
213.385 17.11 0 0 "KDE QDA" 43 1000 4.04545454545455
213.4 17.115 0 0 "KDE QDA" 43 1000 4.05555555555556
216.57 17.14 0 0 "KDE QDA" 43 1000 4.06565656565657
216.59 17.225 0 0 "KDE QDA" 43 1000 4.07575757575758
216.935 17.425 0 0 "KDE QDA" 43 1000 4.08585858585859
217.9 17.455 0 0 "KDE QDA" 43 1000 4.0959595959596
217.995 17.535 0 0 "KDE QDA" 43 1000 4.10606060606061
218.295 17.58 0 0 "KDE QDA" 43 1000 4.11616161616162
223.61 17.595 0 0 "KDE QDA" 43 1000 4.12626262626263
223.63 17.61 0 0 "KDE QDA" 43 1000 4.13636363636364
226.435 17.62 0 0 "KDE QDA" 43 1000 4.14646464646465
226.825 17.625 0 0 "KDE QDA" 43 1000 4.15656565656566
228.4 17.63 0 0 "KDE QDA" 43 1000 4.16666666666667
231.82 17.64 0 0 "KDE QDA" 43 1000 4.17676767676768
235.915 17.665 0 0 "KDE QDA" 43 1000 4.18686868686869
235.975 17.69 0 0 "KDE QDA" 43 1000 4.1969696969697
237.285 17.71 0 0 "KDE QDA" 43 1000 4.20707070707071
239.01 17.9 0 0 "KDE QDA" 43 1000 4.21717171717172
240.685 18.03 0 0 "KDE QDA" 43 1000 4.22727272727273
241.145 18.165 0 0 "KDE QDA" 43 1000 4.23737373737374
241.375 18.22 0 0 "KDE QDA" 43 1000 4.24747474747475
243.2 18.225 0 0 "KDE QDA" 43 1000 4.25757575757576
243.24 18.23 0 0 "KDE QDA" 43 1000 4.26767676767677
243.28 18.245 0 0 "KDE QDA" 43 1000 4.27777777777778
243.29 18.285 0 0 "KDE QDA" 43 1000 4.28787878787879
245.1 18.295 0 0 "KDE QDA" 43 1000 4.2979797979798
246.925 18.315 0 0 "KDE QDA" 43 1000 4.30808080808081
249.295 18.335 0 0 "KDE QDA" 43 1000 4.31818181818182
249.69 18.345 0 0 "KDE QDA" 43 1000 4.32828282828283
251.815 18.35 0 0 "KDE QDA" 43 1000 4.33838383838384
253.93 18.62 0 0 "KDE QDA" 43 1000 4.34848484848485
254.39 18.625 0 0 "KDE QDA" 43 1000 4.35858585858586
255.32 18.64 0 0 "KDE QDA" 43 1000 4.36868686868687
255.37 18.72 0 0 "KDE QDA" 43 1000 4.37878787878788
258.715 18.73 0 0 "KDE QDA" 43 1000 4.38888888888889
262.555 18.76 0 0 "KDE QDA" 43 1000 4.3989898989899
263.23 18.765 0 0 "KDE QDA" 43 1000 4.40909090909091
264.81 18.78 0 0 "KDE QDA" 43 1000 4.41919191919192
267.215 18.78 0 0 "KDE QDA" 43 1000 4.42929292929293
268.145 18.795 0 0 "KDE QDA" 43 1000 4.43939393939394
268.18 18.8 0 0 "KDE QDA" 43 1000 4.44949494949495
268.195 18.815 0 0 "KDE QDA" 43 1000 4.45959595959596
270.105 18.87 0 0 "KDE QDA" 43 1000 4.46969696969697
288.92 19.035 0 0 "KDE QDA" 43 1000 4.47979797979798
288.925 19.045 0 0 "KDE QDA" 43 1000 4.48989898989899
294.17 19.065 0 0 "KDE QDA" 43 1000 4.5
