134.24 15.59 0 0 "KDE LDA" 195 1000 2.5
134.52 15.725 0 0 "KDE LDA" 195 1000 2.51010101010101
134.605 15.755 0 0 "KDE LDA" 195 1000 2.52020202020202
137.54 15.775 0 0 "KDE LDA" 195 1000 2.53030303030303
142.625 15.955 0 0 "KDE LDA" 195 1000 2.54040404040404
142.9 16.145 0 0 "KDE LDA" 195 1000 2.55050505050505
143.695 16.45 0 0 "KDE LDA" 195 1000 2.56060606060606
143.995 16.51 0 0 "KDE LDA" 195 1000 2.57070707070707
145.875 16.52 0 0 "KDE LDA" 195 1000 2.58080808080808
148.605 16.525 0 0 "KDE LDA" 195 1000 2.59090909090909
148.61 16.585 0 0 "KDE LDA" 195 1000 2.6010101010101
151.055 16.59 0 0 "KDE LDA" 195 1000 2.61111111111111
154.19 16.71 0 0 "KDE LDA" 195 1000 2.62121212121212
154.255 16.945 0 0 "KDE LDA" 195 1000 2.63131313131313
165.015 17 0 0 "KDE LDA" 195 1000 2.64141414141414
166.66 17.13 0 0 "KDE LDA" 195 1000 2.65151515151515
168.82 17.215 0 0 "KDE LDA" 195 1000 2.66161616161616
179.055 17.27 0 0 "KDE LDA" 195 1000 2.67171717171717
179.06 17.37 0 0 "KDE LDA" 195 1000 2.68181818181818
179.4 17.385 0 0 "KDE LDA" 195 1000 2.69191919191919
180.635 17.735 0 0 "KDE LDA" 195 1000 2.7020202020202
182.345 17.91 0 0 "KDE LDA" 195 1000 2.71212121212121
187.885 17.93 0 0 "KDE LDA" 195 1000 2.72222222222222
188.22 17.93 0 0 "KDE LDA" 195 1000 2.73232323232323
188.255 17.965 0 0 "KDE LDA" 195 1000 2.74242424242424
191.04 17.985 0 0 "KDE LDA" 195 1000 2.75252525252525
191.115 18.05 0 0 "KDE LDA" 195 1000 2.76262626262626
198.385 18.13 0 0 "KDE LDA" 195 1000 2.77272727272727
199.115 18.225 0 0 "KDE LDA" 195 1000 2.78282828282828
209.825 18.725 0 0 "KDE LDA" 195 1000 2.79292929292929
258.665 19.22 0 0 "KDE LDA" 195 1000 2.8030303030303
259.905 19.255 0 0 "KDE LDA" 195 1000 2.81313131313131
259.94 19.34 0 0 "KDE LDA" 195 1000 2.82323232323232
259.94 19.355 0 0 "KDE LDA" 195 1000 2.83333333333333
261.505 19.38 0 0 "KDE LDA" 195 1000 2.84343434343434
261.515 19.43 0 0 "KDE LDA" 195 1000 2.85353535353535
261.515 19.44 0 0 "KDE LDA" 195 1000 2.86363636363636
264.955 19.44 0 0 "KDE LDA" 195 1000 2.87373737373737
264.985 19.465 0 0 "KDE LDA" 195 1000 2.88383838383838
266.86 19.485 0 0 "KDE LDA" 195 1000 2.89393939393939
266.86 19.495 0 0 "KDE LDA" 195 1000 2.9040404040404
271.13 19.5 0 0 "KDE LDA" 195 1000 2.91414141414141
271.175 19.55 0 0 "KDE LDA" 195 1000 2.92424242424242
273.04 19.55 0 0 "KDE LDA" 195 1000 2.93434343434343
273.89 19.63 0 0 "KDE LDA" 195 1000 2.94444444444444
285.75 19.835 0 0 "KDE LDA" 195 1000 2.95454545454545
289.3 19.915 0 0 "KDE LDA" 195 1000 2.96464646464646
299.145 19.92 0 0 "KDE LDA" 195 1000 2.97474747474747
299.73 19.92 0 0 "KDE LDA" 195 1000 2.98484848484848
307.795 20.145 0 0 "KDE LDA" 195 1000 2.99494949494949
311.22 20.185 0 0 "KDE LDA" 195 1000 3.00505050505051
311.22 20.185 0 0 "KDE LDA" 195 1000 3.01515151515152
311.22 20.365 0 0 "KDE LDA" 195 1000 3.02525252525253
311.255 20.48 0 0 "KDE LDA" 195 1000 3.03535353535354
315.635 20.565 0 0 "KDE LDA" 195 1000 3.04545454545455
318.14 21.015 0 0 "KDE LDA" 195 1000 3.05555555555556
318.515 21.065 0 0 "KDE LDA" 195 1000 3.06565656565657
318.74 21.115 0 0 "KDE LDA" 195 1000 3.07575757575758
327.575 21.175 0 0 "KDE LDA" 195 1000 3.08585858585859
339.215 21.345 0 0 "KDE LDA" 195 1000 3.0959595959596
349.885 21.52 0 0 "KDE LDA" 195 1000 3.10606060606061
349.95 21.545 0 0 "KDE LDA" 195 1000 3.11616161616162
355.325 21.665 0 0 "KDE LDA" 195 1000 3.12626262626263
355.325 21.755 0 0 "KDE LDA" 195 1000 3.13636363636364
360.345 21.77 0 0 "KDE LDA" 195 1000 3.14646464646465
364.74 21.845 0 0 "KDE LDA" 195 1000 3.15656565656566
367.3 21.85 0 0 "KDE LDA" 195 1000 3.16666666666667
369.065 21.865 0 0 "KDE LDA" 195 1000 3.17676767676768
370.18 21.95 0 0 "KDE LDA" 195 1000 3.18686868686869
373.025 22.02 0 0 "KDE LDA" 195 1000 3.1969696969697
380.32 22.135 0 0 "KDE LDA" 195 1000 3.20707070707071
388.76 22.215 0 0 "KDE LDA" 195 1000 3.21717171717172
412.085 22.45 0 0 "KDE LDA" 195 1000 3.22727272727273
421.025 22.51 0 0 "KDE LDA" 195 1000 3.23737373737374
432.73 22.71 0 0 "KDE LDA" 195 1000 3.24747474747475
433.24 22.765 0 0 "KDE LDA" 195 1000 3.25757575757576
435.845 22.82 0 0 "KDE LDA" 195 1000 3.26767676767677
435.865 22.97 0 0 "KDE LDA" 195 1000 3.27777777777778
435.885 22.99 0 0 "KDE LDA" 195 1000 3.28787878787879
435.89 23.005 0 0 "KDE LDA" 195 1000 3.2979797979798
442.08 23.035 0 0 "KDE LDA" 195 1000 3.30808080808081
444.755 23.045 0 0 "KDE LDA" 195 1000 3.31818181818182
453.76 23.195 0 0 "KDE LDA" 195 1000 3.32828282828283
469.855 23.26 0 0 "KDE LDA" 195 1000 3.33838383838384
477.47 23.395 0 0 "KDE LDA" 195 1000 3.34848484848485
558.795 23.655 0 0 "KDE LDA" 195 1000 3.35858585858586
566.92 23.665 0 0 "KDE LDA" 195 1000 3.36868686868687
569.7 23.905 0 0 "KDE LDA" 195 1000 3.37878787878788
569.7 23.965 0 0 "KDE LDA" 195 1000 3.38888888888889
575.35 23.985 0 0 "KDE LDA" 195 1000 3.3989898989899
578.415 24.02 0 0 "KDE LDA" 195 1000 3.40909090909091
585.125 24.085 0 0 "KDE LDA" 195 1000 3.41919191919192
587.935 24.09 0 0 "KDE LDA" 195 1000 3.42929292929293
593.74 24.095 0 0 "KDE LDA" 195 1000 3.43939393939394
595.755 24.315 0 0 "KDE LDA" 195 1000 3.44949494949495
595.765 24.33 0 0 "KDE LDA" 195 1000 3.45959595959596
596.56 24.34 0 0 "KDE LDA" 195 1000 3.46969696969697
599.25 24.385 0 0 "KDE LDA" 195 1000 3.47979797979798
601.595 24.445 0 0 "KDE LDA" 195 1000 3.48989898989899
620.195 24.455 0 0 "KDE LDA" 195 1000 3.5
86.095 14.915 0 0 "KDE QDA" 195 1000 3.5
86.935 14.96 0 0 "KDE QDA" 195 1000 3.51010101010101
87.825 15.05 0 0 "KDE QDA" 195 1000 3.52020202020202
88.185 15.1 0 0 "KDE QDA" 195 1000 3.53030303030303
88.845 15.115 0 0 "KDE QDA" 195 1000 3.54040404040404
89.995 15.14 0 0 "KDE QDA" 195 1000 3.55050505050505
91.765 15.14 0 0 "KDE QDA" 195 1000 3.56060606060606
93.39 15.165 0 0 "KDE QDA" 195 1000 3.57070707070707
93.41 15.185 0 0 "KDE QDA" 195 1000 3.58080808080808
93.44 15.185 0 0 "KDE QDA" 195 1000 3.59090909090909
93.525 15.205 0 0 "KDE QDA" 195 1000 3.6010101010101
93.57 15.25 0 0 "KDE QDA" 195 1000 3.61111111111111
94.4 15.25 0 0 "KDE QDA" 195 1000 3.62121212121212
94.475 15.26 0 0 "KDE QDA" 195 1000 3.63131313131313
95.345 15.26 0 0 "KDE QDA" 195 1000 3.64141414141414
96.615 15.495 0 0 "KDE QDA" 195 1000 3.65151515151515
96.825 15.545 0 0 "KDE QDA" 195 1000 3.66161616161616
96.845 15.59 0 0 "KDE QDA" 195 1000 3.67171717171717
97.235 15.615 0 0 "KDE QDA" 195 1000 3.68181818181818
97.535 15.635 0 0 "KDE QDA" 195 1000 3.69191919191919
97.54 15.665 0 0 "KDE QDA" 195 1000 3.7020202020202
99.055 15.72 0 0 "KDE QDA" 195 1000 3.71212121212121
99.085 15.865 0 0 "KDE QDA" 195 1000 3.72222222222222
99.795 15.87 0 0 "KDE QDA" 195 1000 3.73232323232323
99.86 15.88 0 0 "KDE QDA" 195 1000 3.74242424242424
100.43 15.885 0 0 "KDE QDA" 195 1000 3.75252525252525
100.54 15.905 0 0 "KDE QDA" 195 1000 3.76262626262626
100.575 15.905 0 0 "KDE QDA" 195 1000 3.77272727272727
100.63 15.915 0 0 "KDE QDA" 195 1000 3.78282828282828
102.97 16.14 0 0 "KDE QDA" 195 1000 3.79292929292929
102.99 16.155 0 0 "KDE QDA" 195 1000 3.8030303030303
103.085 16.24 0 0 "KDE QDA" 195 1000 3.81313131313131
103.315 16.285 0 0 "KDE QDA" 195 1000 3.82323232323232
103.435 16.3 0 0 "KDE QDA" 195 1000 3.83333333333333
105.045 16.33 0 0 "KDE QDA" 195 1000 3.84343434343434
105.1 16.345 0 0 "KDE QDA" 195 1000 3.85353535353535
105.14 16.355 0 0 "KDE QDA" 195 1000 3.86363636363636
105.24 16.36 0 0 "KDE QDA" 195 1000 3.87373737373737
106.355 16.43 0 0 "KDE QDA" 195 1000 3.88383838383838
106.395 16.435 0 0 "KDE QDA" 195 1000 3.89393939393939
106.42 16.44 0 0 "KDE QDA" 195 1000 3.9040404040404
109.235 16.47 0 0 "KDE QDA" 195 1000 3.91414141414141
110.42 16.715 0 0 "KDE QDA" 195 1000 3.92424242424242
111.355 16.785 0 0 "KDE QDA" 195 1000 3.93434343434343
111.855 16.82 0 0 "KDE QDA" 195 1000 3.94444444444444
111.875 16.885 0 0 "KDE QDA" 195 1000 3.95454545454545
112.025 16.9 0 0 "KDE QDA" 195 1000 3.96464646464646
113.21 17.08 0 0 "KDE QDA" 195 1000 3.97474747474747
114.315 17.1 0 0 "KDE QDA" 195 1000 3.98484848484848
114.33 17.14 0 0 "KDE QDA" 195 1000 3.99494949494949
114.4 17.18 0 0 "KDE QDA" 195 1000 4.00505050505051
114.515 17.19 0 0 "KDE QDA" 195 1000 4.01515151515152
114.7 17.225 0 0 "KDE QDA" 195 1000 4.02525252525253
114.76 17.24 0 0 "KDE QDA" 195 1000 4.03535353535354
116.595 17.255 0 0 "KDE QDA" 195 1000 4.04545454545455
116.645 17.28 0 0 "KDE QDA" 195 1000 4.05555555555556
119.87 17.29 0 0 "KDE QDA" 195 1000 4.06565656565657
121.295 17.305 0 0 "KDE QDA" 195 1000 4.07575757575758
121.855 17.41 0 0 "KDE QDA" 195 1000 4.08585858585859
122.635 17.445 0 0 "KDE QDA" 195 1000 4.0959595959596
122.67 17.54 0 0 "KDE QDA" 195 1000 4.10606060606061
122.67 17.55 0 0 "KDE QDA" 195 1000 4.11616161616162
123.145 17.555 0 0 "KDE QDA" 195 1000 4.12626262626263
127.135 17.58 0 0 "KDE QDA" 195 1000 4.13636363636364
127.645 17.585 0 0 "KDE QDA" 195 1000 4.14646464646465
127.825 17.59 0 0 "KDE QDA" 195 1000 4.15656565656566
128.87 17.62 0 0 "KDE QDA" 195 1000 4.16666666666667
129.005 17.62 0 0 "KDE QDA" 195 1000 4.17676767676768
129.545 17.63 0 0 "KDE QDA" 195 1000 4.18686868686869
129.565 17.65 0 0 "KDE QDA" 195 1000 4.1969696969697
129.97 17.655 0 0 "KDE QDA" 195 1000 4.20707070707071
130.405 17.805 0 0 "KDE QDA" 195 1000 4.21717171717172
131.275 17.835 0 0 "KDE QDA" 195 1000 4.22727272727273
132.555 17.885 0 0 "KDE QDA" 195 1000 4.23737373737374
132.565 17.895 0 0 "KDE QDA" 195 1000 4.24747474747475
132.615 17.905 0 0 "KDE QDA" 195 1000 4.25757575757576
133.585 17.965 0 0 "KDE QDA" 195 1000 4.26767676767677
134.1 17.97 0 0 "KDE QDA" 195 1000 4.27777777777778
134.12 18.035 0 0 "KDE QDA" 195 1000 4.28787878787879
134.15 18.045 0 0 "KDE QDA" 195 1000 4.2979797979798
134.32 18.055 0 0 "KDE QDA" 195 1000 4.30808080808081
138.695 18.06 0 0 "KDE QDA" 195 1000 4.31818181818182
141.485 18.065 0 0 "KDE QDA" 195 1000 4.32828282828283
141.615 18.07 0 0 "KDE QDA" 195 1000 4.33838383838384
142.055 18.315 0 0 "KDE QDA" 195 1000 4.34848484848485
142.14 18.325 0 0 "KDE QDA" 195 1000 4.35858585858586
142.42 18.365 0 0 "KDE QDA" 195 1000 4.36868686868687
145.345 18.405 0 0 "KDE QDA" 195 1000 4.37878787878788
145.47 18.42 0 0 "KDE QDA" 195 1000 4.38888888888889
147.635 18.47 0 0 "KDE QDA" 195 1000 4.3989898989899
148.045 18.525 0 0 "KDE QDA" 195 1000 4.40909090909091
148.05 18.575 0 0 "KDE QDA" 195 1000 4.41919191919192
149.295 18.59 0 0 "KDE QDA" 195 1000 4.42929292929293
149.7 18.63 0 0 "KDE QDA" 195 1000 4.43939393939394
150.015 18.63 0 0 "KDE QDA" 195 1000 4.44949494949495
150.025 18.695 0 0 "KDE QDA" 195 1000 4.45959595959596
154.105 18.74 0 0 "KDE QDA" 195 1000 4.46969696969697
157.54 19.115 0 0 "KDE QDA" 195 1000 4.47979797979798
157.55 19.13 0 0 "KDE QDA" 195 1000 4.48989898989899
157.58 19.17 0 0 "KDE QDA" 195 1000 4.5
