126.47 15.26 0 0 "KDE LDA" 24 3000 2.5
127.565 15.405 0 0 "KDE LDA" 24 3000 2.51010101010101
128.87 15.48 0 0 "KDE LDA" 24 3000 2.52020202020202
133.135 15.57 0 0 "KDE LDA" 24 3000 2.53030303030303
134.71 15.705 0 0 "KDE LDA" 24 3000 2.54040404040404
134.92 15.715 0 0 "KDE LDA" 24 3000 2.55050505050505
136.23 15.725 0 0 "KDE LDA" 24 3000 2.56060606060606
137.13 15.75 0 0 "KDE LDA" 24 3000 2.57070707070707
137.655 15.82 0 0 "KDE LDA" 24 3000 2.58080808080808
137.655 15.86 0 0 "KDE LDA" 24 3000 2.59090909090909
138.92 15.865 0 0 "KDE LDA" 24 3000 2.6010101010101
143.61 15.88 0 0 "KDE LDA" 24 3000 2.61111111111111
143.62 15.955 0 0 "KDE LDA" 24 3000 2.62121212121212
145.225 16.01 0 0 "KDE LDA" 24 3000 2.63131313131313
147.185 16.025 0 0 "KDE LDA" 24 3000 2.64141414141414
152.47 16.235 0 0 "KDE LDA" 24 3000 2.65151515151515
155.11 16.445 0 0 "KDE LDA" 24 3000 2.66161616161616
156.91 16.525 0 0 "KDE LDA" 24 3000 2.67171717171717
158.375 16.615 0 0 "KDE LDA" 24 3000 2.68181818181818
158.775 16.715 0 0 "KDE LDA" 24 3000 2.69191919191919
160.21 16.825 0 0 "KDE LDA" 24 3000 2.7020202020202
160.23 16.84 0 0 "KDE LDA" 24 3000 2.71212121212121
161.88 16.855 0 0 "KDE LDA" 24 3000 2.72222222222222
162.305 16.88 0 0 "KDE LDA" 24 3000 2.73232323232323
165.83 16.89 0 0 "KDE LDA" 24 3000 2.74242424242424
167.1 17.11 0 0 "KDE LDA" 24 3000 2.75252525252525
167.37 17.21 0 0 "KDE LDA" 24 3000 2.76262626262626
169.705 17.37 0 0 "KDE LDA" 24 3000 2.77272727272727
180.375 17.615 0 0 "KDE LDA" 24 3000 2.78282828282828
191.105 17.765 0 0 "KDE LDA" 24 3000 2.79292929292929
217.73 18.655 0 0 "KDE LDA" 24 3000 2.8030303030303
219.54 18.955 0 0 "KDE LDA" 24 3000 2.81313131313131
224.99 19 0 0 "KDE LDA" 24 3000 2.82323232323232
225.47 19.02 0 0 "KDE LDA" 24 3000 2.83333333333333
227.25 19.02 0 0 "KDE LDA" 24 3000 2.84343434343434
227.7 19.12 0 0 "KDE LDA" 24 3000 2.85353535353535
229.585 19.135 0 0 "KDE LDA" 24 3000 2.86363636363636
230.07 19.245 0 0 "KDE LDA" 24 3000 2.87373737373737
230.925 19.305 0 0 "KDE LDA" 24 3000 2.88383838383838
230.94 19.335 0 0 "KDE LDA" 24 3000 2.89393939393939
231.465 19.42 0 0 "KDE LDA" 24 3000 2.9040404040404
233.1 19.47 0 0 "KDE LDA" 24 3000 2.91414141414141
236.57 19.575 0 0 "KDE LDA" 24 3000 2.92424242424242
241.445 19.58 0 0 "KDE LDA" 24 3000 2.93434343434343
241.45 19.61 0 0 "KDE LDA" 24 3000 2.94444444444444
247.355 19.625 0 0 "KDE LDA" 24 3000 2.95454545454545
254.27 19.655 0 0 "KDE LDA" 24 3000 2.96464646464646
254.27 19.665 0 0 "KDE LDA" 24 3000 2.97474747474747
260.625 19.67 0 0 "KDE LDA" 24 3000 2.98484848484848
260.63 19.73 0 0 "KDE LDA" 24 3000 2.99494949494949
261.71 19.75 0 0 "KDE LDA" 24 3000 3.00505050505051
264.37 19.835 0 0 "KDE LDA" 24 3000 3.01515151515152
264.93 19.93 0 0 "KDE LDA" 24 3000 3.02525252525253
265.25 19.935 0 0 "KDE LDA" 24 3000 3.03535353535354
268.465 19.955 0 0 "KDE LDA" 24 3000 3.04545454545455
277.81 19.995 0 0 "KDE LDA" 24 3000 3.05555555555556
279.58 20.005 0 0 "KDE LDA" 24 3000 3.06565656565657
292.445 20.055 0 0 "KDE LDA" 24 3000 3.07575757575758
301.195 20.12 0 0 "KDE LDA" 24 3000 3.08585858585859
313.18 20.215 0 0 "KDE LDA" 24 3000 3.0959595959596
318.975 20.275 0 0 "KDE LDA" 24 3000 3.10606060606061
322.61 20.285 0 0 "KDE LDA" 24 3000 3.11616161616162
324.055 20.35 0 0 "KDE LDA" 24 3000 3.12626262626263
325.42 20.405 0 0 "KDE LDA" 24 3000 3.13636363636364
329.38 20.43 0 0 "KDE LDA" 24 3000 3.14646464646465
330.835 20.455 0 0 "KDE LDA" 24 3000 3.15656565656566
333.55 20.465 0 0 "KDE LDA" 24 3000 3.16666666666667
335.08 20.47 0 0 "KDE LDA" 24 3000 3.17676767676768
343.075 20.485 0 0 "KDE LDA" 24 3000 3.18686868686869
343.085 20.505 0 0 "KDE LDA" 24 3000 3.1969696969697
350.435 20.53 0 0 "KDE LDA" 24 3000 3.20707070707071
364.12 20.68 0 0 "KDE LDA" 24 3000 3.21717171717172
374.085 20.73 0 0 "KDE LDA" 24 3000 3.22727272727273
378.355 20.74 0 0 "KDE LDA" 24 3000 3.23737373737374
396.96 20.795 0 0 "KDE LDA" 24 3000 3.24747474747475
398.545 20.825 0 0 "KDE LDA" 24 3000 3.25757575757576
399.195 20.835 0 0 "KDE LDA" 24 3000 3.26767676767677
403.64 20.855 0 0 "KDE LDA" 24 3000 3.27777777777778
403.64 20.89 0 0 "KDE LDA" 24 3000 3.28787878787879
407.375 20.91 0 0 "KDE LDA" 24 3000 3.2979797979798
426.445 20.985 0 0 "KDE LDA" 24 3000 3.30808080808081
429.29 21.205 0 0 "KDE LDA" 24 3000 3.31818181818182
438.195 21.27 0 0 "KDE LDA" 24 3000 3.32828282828283
451.27 21.35 0 0 "KDE LDA" 24 3000 3.33838383838384
460.545 21.415 0 0 "KDE LDA" 24 3000 3.34848484848485
471.557788944724 21.865 1 0 "KDE LDA" 24 3000 3.35858585858586
475.618090452261 21.87 1 0 "KDE LDA" 24 3000 3.36868686868687
480.64824120603 21.895 1 0 "KDE LDA" 24 3000 3.37878787878788
481.407035175879 21.9 1 0 "KDE LDA" 24 3000 3.38888888888889
481.412060301508 22 1 0 "KDE LDA" 24 3000 3.3989898989899
481.442211055276 22.02 1 0 "KDE LDA" 24 3000 3.40909090909091
483.165829145729 22.045 1 0 "KDE LDA" 24 3000 3.41919191919192
484.829145728643 22.095 1 0 "KDE LDA" 24 3000 3.42929292929293
486.301507537688 22.245 1 0 "KDE LDA" 24 3000 3.43939393939394
487.562814070352 22.3 1 0 "KDE LDA" 24 3000 3.44949494949495
487.562814070352 22.49 1 0 "KDE LDA" 24 3000 3.45959595959596
489.43216080402 22.495 1 0 "KDE LDA" 24 3000 3.46969696969697
489.442211055276 22.515 1 0 "KDE LDA" 24 3000 3.47979797979798
501.547738693467 22.6 1 0 "KDE LDA" 24 3000 3.48989898989899
505.914572864322 22.645 1 0 "KDE LDA" 24 3000 3.5
108.51 12.505 0 0 "KDE QDA" 24 3000 2.7
108.53 12.505 0 0 "KDE QDA" 24 3000 2.71010101010101
108.535 12.515 0 0 "KDE QDA" 24 3000 2.72020202020202
110.545 12.52 0 0 "KDE QDA" 24 3000 2.73030303030303
110.55 12.52 0 0 "KDE QDA" 24 3000 2.74040404040404
111.63 12.525 0 0 "KDE QDA" 24 3000 2.75050505050505
111.665 12.525 0 0 "KDE QDA" 24 3000 2.76060606060606
111.665 12.53 0 0 "KDE QDA" 24 3000 2.77070707070707
111.665 12.535 0 0 "KDE QDA" 24 3000 2.78080808080808
111.665 12.565 0 0 "KDE QDA" 24 3000 2.79090909090909
135.74 13.72 0 0 "KDE QDA" 24 3000 2.8010101010101
135.74 13.725 0 0 "KDE QDA" 24 3000 2.81111111111111
135.75 13.725 0 0 "KDE QDA" 24 3000 2.82121212121212
138.17 13.835 0 0 "KDE QDA" 24 3000 2.83131313131313
138.22 13.865 0 0 "KDE QDA" 24 3000 2.84141414141414
138.235 13.865 0 0 "KDE QDA" 24 3000 2.85151515151515
138.235 13.865 0 0 "KDE QDA" 24 3000 2.86161616161616
138.24 13.865 0 0 "KDE QDA" 24 3000 2.87171717171717
138.255 13.87 0 0 "KDE QDA" 24 3000 2.88181818181818
141 13.875 0 0 "KDE QDA" 24 3000 2.89191919191919
141.015 13.875 0 0 "KDE QDA" 24 3000 2.9020202020202
141.015 13.875 0 0 "KDE QDA" 24 3000 2.91212121212121
141.735 13.875 0 0 "KDE QDA" 24 3000 2.92222222222222
141.735 13.875 0 0 "KDE QDA" 24 3000 2.93232323232323
141.75 13.875 0 0 "KDE QDA" 24 3000 2.94242424242424
141.75 13.875 0 0 "KDE QDA" 24 3000 2.95252525252525
148.68 13.985 0 0 "KDE QDA" 24 3000 2.96262626262626
148.685 13.99 0 0 "KDE QDA" 24 3000 2.97272727272727
148.865 14 0 0 "KDE QDA" 24 3000 2.98282828282828
149.67 14 0 0 "KDE QDA" 24 3000 2.99292929292929
150.33 14 0 0 "KDE QDA" 24 3000 3.0030303030303
150.335 14 0 0 "KDE QDA" 24 3000 3.01313131313131
150.335 14 0 0 "KDE QDA" 24 3000 3.02323232323232
150.335 14.195 0 0 "KDE QDA" 24 3000 3.03333333333333
150.335 14.195 0 0 "KDE QDA" 24 3000 3.04343434343434
150.335 14.195 0 0 "KDE QDA" 24 3000 3.05353535353535
150.335 14.195 0 0 "KDE QDA" 24 3000 3.06363636363636
150.34 14.235 0 0 "KDE QDA" 24 3000 3.07373737373737
150.345 14.325 0 0 "KDE QDA" 24 3000 3.08383838383838
162.995 14.925 0 0 "KDE QDA" 24 3000 3.09393939393939
163.365 14.94 0 0 "KDE QDA" 24 3000 3.1040404040404
163.37 14.94 0 0 "KDE QDA" 24 3000 3.11414141414141
164.55 15.035 0 0 "KDE QDA" 24 3000 3.12424242424242
166.285 15.14 0 0 "KDE QDA" 24 3000 3.13434343434343
166.285 15.14 0 0 "KDE QDA" 24 3000 3.14444444444444
166.29 15.14 0 0 "KDE QDA" 24 3000 3.15454545454545
166.29 15.145 0 0 "KDE QDA" 24 3000 3.16464646464646
166.295 15.145 0 0 "KDE QDA" 24 3000 3.17474747474748
166.295 15.145 0 0 "KDE QDA" 24 3000 3.18484848484849
166.295 15.15 0 0 "KDE QDA" 24 3000 3.19494949494949
166.295 15.165 0 0 "KDE QDA" 24 3000 3.20505050505051
166.295 15.165 0 0 "KDE QDA" 24 3000 3.21515151515152
182.38 15.84 0 0 "KDE QDA" 24 3000 3.22525252525253
183.565 15.87 0 0 "KDE QDA" 24 3000 3.23535353535354
183.565 15.875 0 0 "KDE QDA" 24 3000 3.24545454545455
186.39 15.94 0 0 "KDE QDA" 24 3000 3.25555555555556
186.405 15.955 0 0 "KDE QDA" 24 3000 3.26565656565657
191.355 15.985 0 0 "KDE QDA" 24 3000 3.27575757575758
192.77 15.99 0 0 "KDE QDA" 24 3000 3.28585858585859
192.775 16.005 0 0 "KDE QDA" 24 3000 3.2959595959596
199.235 16.015 0 0 "KDE QDA" 24 3000 3.30606060606061
199.235 16.015 0 0 "KDE QDA" 24 3000 3.31616161616162
199.25 16.02 0 0 "KDE QDA" 24 3000 3.32626262626263
199.25 16.02 0 0 "KDE QDA" 24 3000 3.33636363636364
199.255 16.025 0 0 "KDE QDA" 24 3000 3.34646464646465
199.61 16.035 0 0 "KDE QDA" 24 3000 3.35656565656566
236.975 16.785 0 0 "KDE QDA" 24 3000 3.36666666666667
237.22 16.79 0 0 "KDE QDA" 24 3000 3.37676767676768
245.885 16.885 0 0 "KDE QDA" 24 3000 3.38686868686869
245.915 16.895 0 0 "KDE QDA" 24 3000 3.3969696969697
245.96 16.895 0 0 "KDE QDA" 24 3000 3.40707070707071
247.015 16.925 0 0 "KDE QDA" 24 3000 3.41717171717172
247.03 16.925 0 0 "KDE QDA" 24 3000 3.42727272727273
247.03 16.96 0 0 "KDE QDA" 24 3000 3.43737373737374
247.03 16.965 0 0 "KDE QDA" 24 3000 3.44747474747475
247.03 16.97 0 0 "KDE QDA" 24 3000 3.45757575757576
247.03 16.97 0 0 "KDE QDA" 24 3000 3.46767676767677
247.03 16.97 0 0 "KDE QDA" 24 3000 3.47777777777778
247.365 16.97 0 0 "KDE QDA" 24 3000 3.48787878787879
248.105 16.975 0 0 "KDE QDA" 24 3000 3.4979797979798
249.825 16.975 0 0 "KDE QDA" 24 3000 3.50808080808081
266.51 17.375 0 0 "KDE QDA" 24 3000 3.51818181818182
266.76 17.385 0 0 "KDE QDA" 24 3000 3.52828282828283
266.785 17.385 0 0 "KDE QDA" 24 3000 3.53838383838384
271.135 17.47 0 0 "KDE QDA" 24 3000 3.54848484848485
273.735 17.515 0 0 "KDE QDA" 24 3000 3.55858585858586
274.315 17.515 0 0 "KDE QDA" 24 3000 3.56868686868687
275.385 17.53 0 0 "KDE QDA" 24 3000 3.57878787878788
275.39 17.53 0 0 "KDE QDA" 24 3000 3.58888888888889
275.41 17.545 0 0 "KDE QDA" 24 3000 3.5989898989899
275.41 17.545 0 0 "KDE QDA" 24 3000 3.60909090909091
275.945 17.545 0 0 "KDE QDA" 24 3000 3.61919191919192
275.945 17.55 0 0 "KDE QDA" 24 3000 3.62929292929293
278.325 17.555 0 0 "KDE QDA" 24 3000 3.63939393939394
278.33 17.555 0 0 "KDE QDA" 24 3000 3.64949494949495
298.55 17.85 0 0 "KDE QDA" 24 3000 3.65959595959596
304.87 17.855 0 0 "KDE QDA" 24 3000 3.66969696969697
322.545 17.91 0 0 "KDE QDA" 24 3000 3.67979797979798
325.495 17.92 0 0 "KDE QDA" 24 3000 3.68989898989899
325.5 17.935 0 0 "KDE QDA" 24 3000 3.7
