136.98 15.925 0 0 "KDE LDA" 175 1500 2.5
138.28 16.185 0 0 "KDE LDA" 175 1500 2.51010101010101
139.16 16.29 0 0 "KDE LDA" 175 1500 2.52020202020202
140.54 16.73 0 0 "KDE LDA" 175 1500 2.53030303030303
143.875 16.765 0 0 "KDE LDA" 175 1500 2.54040404040404
144.16 16.89 0 0 "KDE LDA" 175 1500 2.55050505050505
145.885 16.89 0 0 "KDE LDA" 175 1500 2.56060606060606
150.01 16.995 0 0 "KDE LDA" 175 1500 2.57070707070707
151.455 17.08 0 0 "KDE LDA" 175 1500 2.58080808080808
151.725 17.165 0 0 "KDE LDA" 175 1500 2.59090909090909
151.73 17.165 0 0 "KDE LDA" 175 1500 2.6010101010101
156.76 17.18 0 0 "KDE LDA" 175 1500 2.61111111111111
158.73 17.23 0 0 "KDE LDA" 175 1500 2.62121212121212
160.425 17.25 0 0 "KDE LDA" 175 1500 2.63131313131313
161.15 17.345 0 0 "KDE LDA" 175 1500 2.64141414141414
167.17 17.39 0 0 "KDE LDA" 175 1500 2.65151515151515
172.365 17.445 0 0 "KDE LDA" 175 1500 2.66161616161616
183.84 17.765 0 0 "KDE LDA" 175 1500 2.67171717171717
183.845 17.8 0 0 "KDE LDA" 175 1500 2.68181818181818
184.195 17.94 0 0 "KDE LDA" 175 1500 2.69191919191919
185.415 18.01 0 0 "KDE LDA" 175 1500 2.7020202020202
186.7 18.015 0 0 "KDE LDA" 175 1500 2.71212121212121
187 18.03 0 0 "KDE LDA" 175 1500 2.72222222222222
192.855 18.055 0 0 "KDE LDA" 175 1500 2.73232323232323
192.855 18.25 0 0 "KDE LDA" 175 1500 2.74242424242424
194.84 18.305 0 0 "KDE LDA" 175 1500 2.75252525252525
202.67 18.405 0 0 "KDE LDA" 175 1500 2.76262626262626
209.245 18.65 0 0 "KDE LDA" 175 1500 2.77272727272727
220.2 18.72 0 0 "KDE LDA" 175 1500 2.78282828282828
227.59 18.825 0 0 "KDE LDA" 175 1500 2.79292929292929
264.39 19.28 0 0 "KDE LDA" 175 1500 2.8030303030303
264.715 19.295 0 0 "KDE LDA" 175 1500 2.81313131313131
266.04 19.37 0 0 "KDE LDA" 175 1500 2.82323232323232
270.68 19.45 0 0 "KDE LDA" 175 1500 2.83333333333333
273.49 19.585 0 0 "KDE LDA" 175 1500 2.84343434343434
273.515 19.59 0 0 "KDE LDA" 175 1500 2.85353535353535
274.56 19.64 0 0 "KDE LDA" 175 1500 2.86363636363636
274.565 19.65 0 0 "KDE LDA" 175 1500 2.87373737373737
275.765 19.665 0 0 "KDE LDA" 175 1500 2.88383838383838
278.415 19.705 0 0 "KDE LDA" 175 1500 2.89393939393939
278.42 19.785 0 0 "KDE LDA" 175 1500 2.9040404040404
282.805 19.785 0 0 "KDE LDA" 175 1500 2.91414141414141
282.82 19.8 0 0 "KDE LDA" 175 1500 2.92424242424242
287.705 20.075 0 0 "KDE LDA" 175 1500 2.93434343434343
289.54 20.08 0 0 "KDE LDA" 175 1500 2.94444444444444
290.965 20.21 0 0 "KDE LDA" 175 1500 2.95454545454545
303.38 20.465 0 0 "KDE LDA" 175 1500 2.96464646464646
304.315 20.51 0 0 "KDE LDA" 175 1500 2.97474747474747
308.26 20.51 0 0 "KDE LDA" 175 1500 2.98484848484848
313.425 20.61 0 0 "KDE LDA" 175 1500 2.99494949494949
316.685 20.68 0 0 "KDE LDA" 175 1500 3.00505050505051
316.69 20.775 0 0 "KDE LDA" 175 1500 3.01515151515152
316.835 20.795 0 0 "KDE LDA" 175 1500 3.02525252525253
316.84 20.8 0 0 "KDE LDA" 175 1500 3.03535353535354
318.995 20.805 0 0 "KDE LDA" 175 1500 3.04545454545455
321.84 20.89 0 0 "KDE LDA" 175 1500 3.05555555555556
323.165 21.06 0 0 "KDE LDA" 175 1500 3.06565656565657
328.86 21.15 0 0 "KDE LDA" 175 1500 3.07575757575758
330.415 21.18 0 0 "KDE LDA" 175 1500 3.08585858585859
336.63 21.29 0 0 "KDE LDA" 175 1500 3.0959595959596
350.09 21.44 0 0 "KDE LDA" 175 1500 3.10606060606061
350.12 21.46 0 0 "KDE LDA" 175 1500 3.11616161616162
351.19 21.46 0 0 "KDE LDA" 175 1500 3.12626262626263
351.195 21.465 0 0 "KDE LDA" 175 1500 3.13636363636364
355.41 21.5 0 0 "KDE LDA" 175 1500 3.14646464646465
355.415 21.515 0 0 "KDE LDA" 175 1500 3.15656565656566
355.415 21.555 0 0 "KDE LDA" 175 1500 3.16666666666667
356.92 21.58 0 0 "KDE LDA" 175 1500 3.17676767676768
365.66 21.66 0 0 "KDE LDA" 175 1500 3.18686868686869
370.73 21.855 0 0 "KDE LDA" 175 1500 3.1969696969697
370.85 21.965 0 0 "KDE LDA" 175 1500 3.20707070707071
376.945 22.095 0 0 "KDE LDA" 175 1500 3.21717171717172
412.705 22.33 0 0 "KDE LDA" 175 1500 3.22727272727273
416.985 22.355 0 0 "KDE LDA" 175 1500 3.23737373737374
418.015 22.605 0 0 "KDE LDA" 175 1500 3.24747474747475
423.66 22.775 0 0 "KDE LDA" 175 1500 3.25757575757576
426.29 22.895 0 0 "KDE LDA" 175 1500 3.26767676767677
430.105 23.03 0 0 "KDE LDA" 175 1500 3.27777777777778
434.015 23.05 0 0 "KDE LDA" 175 1500 3.28787878787879
434.05 23.095 0 0 "KDE LDA" 175 1500 3.2979797979798
434.075 23.305 0 0 "KDE LDA" 175 1500 3.30808080808081
440.71 23.36 0 0 "KDE LDA" 175 1500 3.31818181818182
440.71 23.39 0 0 "KDE LDA" 175 1500 3.32828282828283
452.615 23.62 0 0 "KDE LDA" 175 1500 3.33838383838384
468.935 23.645 0 0 "KDE LDA" 175 1500 3.34848484848485
529.145 24.275 0 0 "KDE LDA" 175 1500 3.35858585858586
532.18 24.28 0 0 "KDE LDA" 175 1500 3.36868686868687
533.54 24.505 0 0 "KDE LDA" 175 1500 3.37878787878788
537.15 24.545 0 0 "KDE LDA" 175 1500 3.38888888888889
540.35 24.555 0 0 "KDE LDA" 175 1500 3.3989898989899
541.975 24.64 0 0 "KDE LDA" 175 1500 3.40909090909091
541.975 24.675 0 0 "KDE LDA" 175 1500 3.41919191919192
543.805 24.715 0 0 "KDE LDA" 175 1500 3.42929292929293
545.545 24.755 0 0 "KDE LDA" 175 1500 3.43939393939394
547.565 24.765 0 0 "KDE LDA" 175 1500 3.44949494949495
549.23 24.78 0 0 "KDE LDA" 175 1500 3.45959595959596
549.265 24.785 0 0 "KDE LDA" 175 1500 3.46969696969697
543.045226130653 24.825 1 0 "KDE LDA" 175 1500 3.47979797979798
543.060301507538 24.9 1 0 "KDE LDA" 175 1500 3.48989898989899
548.412060301507 24.975 1 0 "KDE LDA" 175 1500 3.5
100.285 12.435 0 0 "KDE QDA" 175 1500 2.8
100.285 12.445 0 0 "KDE QDA" 175 1500 2.81010101010101
100.29 12.46 0 0 "KDE QDA" 175 1500 2.82020202020202
101.67 12.53 0 0 "KDE QDA" 175 1500 2.83030303030303
101.685 12.535 0 0 "KDE QDA" 175 1500 2.84040404040404
101.685 12.54 0 0 "KDE QDA" 175 1500 2.85050505050505
101.685 12.58 0 0 "KDE QDA" 175 1500 2.86060606060606
101.695 12.585 0 0 "KDE QDA" 175 1500 2.87070707070707
101.695 12.6 0 0 "KDE QDA" 175 1500 2.88080808080808
101.72 12.605 0 0 "KDE QDA" 175 1500 2.89090909090909
102.625 12.605 0 0 "KDE QDA" 175 1500 2.9010101010101
102.625 12.605 0 0 "KDE QDA" 175 1500 2.91111111111111
103.57 12.605 0 0 "KDE QDA" 175 1500 2.92121212121212
103.61 12.605 0 0 "KDE QDA" 175 1500 2.93131313131313
105.035 12.605 0 0 "KDE QDA" 175 1500 2.94141414141414
105.04 12.63 0 0 "KDE QDA" 175 1500 2.95151515151515
107.84 12.89 0 0 "KDE QDA" 175 1500 2.96161616161616
108.875 12.91 0 0 "KDE QDA" 175 1500 2.97171717171717
108.875 12.91 0 0 "KDE QDA" 175 1500 2.98181818181818
109.765 12.97 0 0 "KDE QDA" 175 1500 2.99191919191919
109.765 12.975 0 0 "KDE QDA" 175 1500 3.0020202020202
110.145 12.975 0 0 "KDE QDA" 175 1500 3.01212121212121
110.15 12.98 0 0 "KDE QDA" 175 1500 3.02222222222222
110.155 12.995 0 0 "KDE QDA" 175 1500 3.03232323232323
110.155 12.995 0 0 "KDE QDA" 175 1500 3.04242424242424
110.72 12.995 0 0 "KDE QDA" 175 1500 3.05252525252525
110.725 13 0 0 "KDE QDA" 175 1500 3.06262626262626
111.175 13.005 0 0 "KDE QDA" 175 1500 3.07272727272727
112.18 13.01 0 0 "KDE QDA" 175 1500 3.08282828282828
118.645 13.1 0 0 "KDE QDA" 175 1500 3.09292929292929
118.685 13.105 0 0 "KDE QDA" 175 1500 3.1030303030303
119.34 13.145 0 0 "KDE QDA" 175 1500 3.11313131313131
121.885 13.23 0 0 "KDE QDA" 175 1500 3.12323232323232
123.445 13.245 0 0 "KDE QDA" 175 1500 3.13333333333333
123.76 13.25 0 0 "KDE QDA" 175 1500 3.14343434343434
124.48 13.26 0 0 "KDE QDA" 175 1500 3.15353535353535
124.495 13.265 0 0 "KDE QDA" 175 1500 3.16363636363636
124.935 13.265 0 0 "KDE QDA" 175 1500 3.17373737373737
125.72 13.275 0 0 "KDE QDA" 175 1500 3.18383838383838
125.87 13.275 0 0 "KDE QDA" 175 1500 3.19393939393939
125.875 13.33 0 0 "KDE QDA" 175 1500 3.2040404040404
125.875 13.335 0 0 "KDE QDA" 175 1500 3.21414141414141
132.65 13.835 0 0 "KDE QDA" 175 1500 3.22424242424242
139.675 13.91 0 0 "KDE QDA" 175 1500 3.23434343434343
140.32 13.915 0 0 "KDE QDA" 175 1500 3.24444444444444
142.495 13.985 0 0 "KDE QDA" 175 1500 3.25454545454545
142.825 13.99 0 0 "KDE QDA" 175 1500 3.26464646464646
143.56 13.995 0 0 "KDE QDA" 175 1500 3.27474747474747
144.72 13.995 0 0 "KDE QDA" 175 1500 3.28484848484848
147.855 14 0 0 "KDE QDA" 175 1500 3.29494949494949
148.875 14.005 0 0 "KDE QDA" 175 1500 3.30505050505051
148.88 14.005 0 0 "KDE QDA" 175 1500 3.31515151515151
149.355 14.005 0 0 "KDE QDA" 175 1500 3.32525252525252
150.77 14.01 0 0 "KDE QDA" 175 1500 3.33535353535354
150.775 14.01 0 0 "KDE QDA" 175 1500 3.34545454545455
153.855 14.02 0 0 "KDE QDA" 175 1500 3.35555555555556
168.52 14.905 0 0 "KDE QDA" 175 1500 3.36565656565657
168.535 14.95 0 0 "KDE QDA" 175 1500 3.37575757575758
170.735 15.14 0 0 "KDE QDA" 175 1500 3.38585858585859
173.615 15.195 0 0 "KDE QDA" 175 1500 3.3959595959596
175.86 15.225 0 0 "KDE QDA" 175 1500 3.40606060606061
175.945 15.24 0 0 "KDE QDA" 175 1500 3.41616161616162
180.945 15.3 0 0 "KDE QDA" 175 1500 3.42626262626263
182.46 15.315 0 0 "KDE QDA" 175 1500 3.43636363636364
182.46 15.345 0 0 "KDE QDA" 175 1500 3.44646464646465
188.165 15.35 0 0 "KDE QDA" 175 1500 3.45656565656566
189.89 15.355 0 0 "KDE QDA" 175 1500 3.46666666666667
189.89 15.355 0 0 "KDE QDA" 175 1500 3.47676767676768
193.47 15.355 0 0 "KDE QDA" 175 1500 3.48686868686869
193.47 15.355 0 0 "KDE QDA" 175 1500 3.4969696969697
193.485 15.355 0 0 "KDE QDA" 175 1500 3.50707070707071
197.99 15.505 0 0 "KDE QDA" 175 1500 3.51717171717172
199.66 15.55 0 0 "KDE QDA" 175 1500 3.52727272727273
199.68 15.555 0 0 "KDE QDA" 175 1500 3.53737373737374
201.325 15.61 0 0 "KDE QDA" 175 1500 3.54747474747475
201.46 15.62 0 0 "KDE QDA" 175 1500 3.55757575757576
201.82 15.62 0 0 "KDE QDA" 175 1500 3.56767676767677
201.83 15.625 0 0 "KDE QDA" 175 1500 3.57777777777778
202.39 15.63 0 0 "KDE QDA" 175 1500 3.58787878787879
204.76 15.63 0 0 "KDE QDA" 175 1500 3.5979797979798
207.41 15.655 0 0 "KDE QDA" 175 1500 3.60808080808081
208.445 15.66 0 0 "KDE QDA" 175 1500 3.61818181818182
212.02 15.665 0 0 "KDE QDA" 175 1500 3.62828282828283
212.02 15.675 0 0 "KDE QDA" 175 1500 3.63838383838384
214.17 15.675 0 0 "KDE QDA" 175 1500 3.64848484848485
230.205 16.02 0 0 "KDE QDA" 175 1500 3.65858585858586
233.23 16.05 0 0 "KDE QDA" 175 1500 3.66868686868687
234.05 16.085 0 0 "KDE QDA" 175 1500 3.67878787878788
235.19 16.09 0 0 "KDE QDA" 175 1500 3.68888888888889
236.395 16.1 0 0 "KDE QDA" 175 1500 3.6989898989899
236.545 16.11 0 0 "KDE QDA" 175 1500 3.70909090909091
237.955 16.135 0 0 "KDE QDA" 175 1500 3.71919191919192
237.955 16.135 0 0 "KDE QDA" 175 1500 3.72929292929293
237.965 16.14 0 0 "KDE QDA" 175 1500 3.73939393939394
238.12 16.165 0 0 "KDE QDA" 175 1500 3.74949494949495
238.12 16.17 0 0 "KDE QDA" 175 1500 3.75959595959596
238.205 16.185 0 0 "KDE QDA" 175 1500 3.76969696969697
238.305 16.185 0 0 "KDE QDA" 175 1500 3.77979797979798
253.4 16.77 0 0 "KDE QDA" 175 1500 3.78989898989899
256.18 16.78 0 0 "KDE QDA" 175 1500 3.8
