151.015 14.44 0 0 "KDE LDA" 151 3000 2.5
151.03 14.465 0 0 "KDE LDA" 151 3000 2.51010101010101
155.67 14.665 0 0 "KDE LDA" 151 3000 2.52020202020202
160.06 14.895 0 0 "KDE LDA" 151 3000 2.53030303030303
160.935 14.915 0 0 "KDE LDA" 151 3000 2.54040404040404
165.025 14.935 0 0 "KDE LDA" 151 3000 2.55050505050505
165.025 14.975 0 0 "KDE LDA" 151 3000 2.56060606060606
166.705 14.99 0 0 "KDE LDA" 151 3000 2.57070707070707
166.71 15 0 0 "KDE LDA" 151 3000 2.58080808080808
167.28 15.065 0 0 "KDE LDA" 151 3000 2.59090909090909
167.695 15.07 0 0 "KDE LDA" 151 3000 2.6010101010101
168.91 15.435 0 0 "KDE LDA" 151 3000 2.61111111111111
168.925 15.68 0 0 "KDE LDA" 151 3000 2.62121212121212
170.845 15.82 0 0 "KDE LDA" 151 3000 2.63131313131313
171.635 15.895 0 0 "KDE LDA" 151 3000 2.64141414141414
171.935 15.925 0 0 "KDE LDA" 151 3000 2.65151515151515
179.655 16.1 0 0 "KDE LDA" 151 3000 2.66161616161616
188.505 16.315 0 0 "KDE LDA" 151 3000 2.67171717171717
190.295 16.325 0 0 "KDE LDA" 151 3000 2.68181818181818
191.74 16.33 0 0 "KDE LDA" 151 3000 2.69191919191919
193.32 16.375 0 0 "KDE LDA" 151 3000 2.7020202020202
193.335 16.44 0 0 "KDE LDA" 151 3000 2.71212121212121
195.255 16.545 0 0 "KDE LDA" 151 3000 2.72222222222222
199.47 16.58 0 0 "KDE LDA" 151 3000 2.73232323232323
203.12 16.61 0 0 "KDE LDA" 151 3000 2.74242424242424
203.16 16.615 0 0 "KDE LDA" 151 3000 2.75252525252525
205.575 16.69 0 0 "KDE LDA" 151 3000 2.76262626262626
208.52 16.71 0 0 "KDE LDA" 151 3000 2.77272727272727
212.23 16.87 0 0 "KDE LDA" 151 3000 2.78282828282828
221.365 17.015 0 0 "KDE LDA" 151 3000 2.79292929292929
253.845 17.45 0 0 "KDE LDA" 151 3000 2.8030303030303
255.98 17.475 0 0 "KDE LDA" 151 3000 2.81313131313131
257.985 17.505 0 0 "KDE LDA" 151 3000 2.82323232323232
260.195 17.505 0 0 "KDE LDA" 151 3000 2.83333333333333
260.2 17.555 0 0 "KDE LDA" 151 3000 2.84343434343434
260.835 17.585 0 0 "KDE LDA" 151 3000 2.85353535353535
260.84 17.59 0 0 "KDE LDA" 151 3000 2.86363636363636
262.16 17.62 0 0 "KDE LDA" 151 3000 2.87373737373737
262.175 17.63 0 0 "KDE LDA" 151 3000 2.88383838383838
263.99 17.68 0 0 "KDE LDA" 151 3000 2.89393939393939
269.125 17.8 0 0 "KDE LDA" 151 3000 2.9040404040404
272.03 17.945 0 0 "KDE LDA" 151 3000 2.91414141414141
275.095 18.03 0 0 "KDE LDA" 151 3000 2.92424242424242
279.54 18.04 0 0 "KDE LDA" 151 3000 2.93434343434343
288.585 18.075 0 0 "KDE LDA" 151 3000 2.94444444444444
291.81 18.095 0 0 "KDE LDA" 151 3000 2.95454545454545
294.125 18.16 0 0 "KDE LDA" 151 3000 2.96464646464646
294.175 18.235 0 0 "KDE LDA" 151 3000 2.97474747474747
297.225 18.275 0 0 "KDE LDA" 151 3000 2.98484848484848
297.895 18.335 0 0 "KDE LDA" 151 3000 2.99494949494949
297.9 18.335 0 0 "KDE LDA" 151 3000 3.00505050505051
302.73 18.355 0 0 "KDE LDA" 151 3000 3.01515151515152
303.11 18.37 0 0 "KDE LDA" 151 3000 3.02525252525253
308.205 18.38 0 0 "KDE LDA" 151 3000 3.03535353535354
310.35 18.42 0 0 "KDE LDA" 151 3000 3.04545454545455
312.395 18.44 0 0 "KDE LDA" 151 3000 3.05555555555556
318.445 18.545 0 0 "KDE LDA" 151 3000 3.06565656565657
321.14 18.785 0 0 "KDE LDA" 151 3000 3.07575757575758
334.045 19.115 0 0 "KDE LDA" 151 3000 3.08585858585859
350.265 19.23 0 0 "KDE LDA" 151 3000 3.0959595959596
352.87 19.24 0 0 "KDE LDA" 151 3000 3.10606060606061
352.87 19.25 0 0 "KDE LDA" 151 3000 3.11616161616162
353.765 19.27 0 0 "KDE LDA" 151 3000 3.12626262626263
355.53 19.3 0 0 "KDE LDA" 151 3000 3.13636363636364
361.175 19.315 0 0 "KDE LDA" 151 3000 3.14646464646465
362.32 19.38 0 0 "KDE LDA" 151 3000 3.15656565656566
363.485 19.41 0 0 "KDE LDA" 151 3000 3.16666666666667
367.625 19.49 0 0 "KDE LDA" 151 3000 3.17676767676768
369.865 19.555 0 0 "KDE LDA" 151 3000 3.18686868686869
373.78 19.595 0 0 "KDE LDA" 151 3000 3.1969696969697
375.17 19.82 0 0 "KDE LDA" 151 3000 3.20707070707071
381.235 19.955 0 0 "KDE LDA" 151 3000 3.21717171717172
401.585 20.275 0 0 "KDE LDA" 151 3000 3.22727272727273
402.53 20.345 0 0 "KDE LDA" 151 3000 3.23737373737374
407.615 20.365 0 0 "KDE LDA" 151 3000 3.24747474747475
408.63 20.415 0 0 "KDE LDA" 151 3000 3.25757575757576
412.23 20.43 0 0 "KDE LDA" 151 3000 3.26767676767677
412.25 20.435 0 0 "KDE LDA" 151 3000 3.27777777777778
416.155 20.445 0 0 "KDE LDA" 151 3000 3.28787878787879
416.475 20.76 0 0 "KDE LDA" 151 3000 3.2979797979798
418.605 20.785 0 0 "KDE LDA" 151 3000 3.30808080808081
425.15 20.805 0 0 "KDE LDA" 151 3000 3.31818181818182
430.885 20.99 0 0 "KDE LDA" 151 3000 3.32828282828283
430.975 21.04 0 0 "KDE LDA" 151 3000 3.33838383838384
454.315 21.08 0 0 "KDE LDA" 151 3000 3.34848484848485
535.965 21.52 0 0 "KDE LDA" 151 3000 3.35858585858586
548.22 21.6 0 0 "KDE LDA" 151 3000 3.36868686868687
548.25 21.635 0 0 "KDE LDA" 151 3000 3.37878787878788
554.095 21.68 0 0 "KDE LDA" 151 3000 3.38888888888889
556.76 21.725 0 0 "KDE LDA" 151 3000 3.3989898989899
564.395 21.77 0 0 "KDE LDA" 151 3000 3.40909090909091
565.355 21.785 0 0 "KDE LDA" 151 3000 3.41919191919192
565.435 21.785 0 0 "KDE LDA" 151 3000 3.42929292929293
571.565 21.805 0 0 "KDE LDA" 151 3000 3.43939393939394
574.96 21.825 0 0 "KDE LDA" 151 3000 3.44949494949495
574.99 22.33 0 0 "KDE LDA" 151 3000 3.45959595959596
581.725 22.34 0 0 "KDE LDA" 151 3000 3.46969696969697
584.345 22.345 0 0 "KDE LDA" 151 3000 3.47979797979798
587.48 22.425 0 0 "KDE LDA" 151 3000 3.48989898989899
595.19 22.465 0 0 "KDE LDA" 151 3000 3.5
93.56 10.945 0 0 "KDE QDA" 151 3000 2.7
93.56 10.96 0 0 "KDE QDA" 151 3000 2.71010101010101
93.565 10.96 0 0 "KDE QDA" 151 3000 2.72020202020202
93.565 10.96 0 0 "KDE QDA" 151 3000 2.73030303030303
93.57 10.96 0 0 "KDE QDA" 151 3000 2.74040404040404
93.57 10.96 0 0 "KDE QDA" 151 3000 2.75050505050505
93.57 10.965 0 0 "KDE QDA" 151 3000 2.76060606060606
93.57 10.97 0 0 "KDE QDA" 151 3000 2.77070707070707
93.57 10.97 0 0 "KDE QDA" 151 3000 2.78080808080808
93.57 10.97 0 0 "KDE QDA" 151 3000 2.79090909090909
117.425 12.29 0 0 "KDE QDA" 151 3000 2.8010101010101
117.425 12.295 0 0 "KDE QDA" 151 3000 2.81111111111111
117.425 12.295 0 0 "KDE QDA" 151 3000 2.82121212121212
128.44 12.42 0 0 "KDE QDA" 151 3000 2.83131313131313
128.44 12.42 0 0 "KDE QDA" 151 3000 2.84141414141414
128.445 12.435 0 0 "KDE QDA" 151 3000 2.85151515151515
128.69 12.44 0 0 "KDE QDA" 151 3000 2.86161616161616
128.69 12.44 0 0 "KDE QDA" 151 3000 2.87171717171717
128.73 12.44 0 0 "KDE QDA" 151 3000 2.88181818181818
129 12.46 0 0 "KDE QDA" 151 3000 2.89191919191919
129 12.46 0 0 "KDE QDA" 151 3000 2.9020202020202
129 12.46 0 0 "KDE QDA" 151 3000 2.91212121212121
129 12.46 0 0 "KDE QDA" 151 3000 2.92222222222222
129.075 12.46 0 0 "KDE QDA" 151 3000 2.93232323232323
129.075 12.46 0 0 "KDE QDA" 151 3000 2.94242424242424
129.075 12.475 0 0 "KDE QDA" 151 3000 2.95252525252525
140.67 12.645 0 0 "KDE QDA" 151 3000 2.96262626262626
140.675 12.645 0 0 "KDE QDA" 151 3000 2.97272727272727
143.275 12.665 0 0 "KDE QDA" 151 3000 2.98282828282828
143.315 12.67 0 0 "KDE QDA" 151 3000 2.99292929292929
143.315 12.67 0 0 "KDE QDA" 151 3000 3.0030303030303
143.315 12.67 0 0 "KDE QDA" 151 3000 3.01313131313131
143.315 12.67 0 0 "KDE QDA" 151 3000 3.02323232323232
143.32 12.675 0 0 "KDE QDA" 151 3000 3.03333333333333
143.32 12.675 0 0 "KDE QDA" 151 3000 3.04343434343434
143.32 12.72 0 0 "KDE QDA" 151 3000 3.05353535353535
143.34 12.72 0 0 "KDE QDA" 151 3000 3.06363636363636
143.34 12.735 0 0 "KDE QDA" 151 3000 3.07373737373737
143.34 12.735 0 0 "KDE QDA" 151 3000 3.08383838383838
155.46 13.01 0 0 "KDE QDA" 151 3000 3.09393939393939
155.46 13.035 0 0 "KDE QDA" 151 3000 3.1040404040404
156.215 13.035 0 0 "KDE QDA" 151 3000 3.11414141414141
157.46 13.085 0 0 "KDE QDA" 151 3000 3.12424242424242
157.46 13.095 0 0 "KDE QDA" 151 3000 3.13434343434343
158.75 13.105 0 0 "KDE QDA" 151 3000 3.14444444444444
158.75 13.105 0 0 "KDE QDA" 151 3000 3.15454545454545
159.51 13.105 0 0 "KDE QDA" 151 3000 3.16464646464646
159.51 13.15 0 0 "KDE QDA" 151 3000 3.17474747474748
159.51 13.15 0 0 "KDE QDA" 151 3000 3.18484848484849
159.58 13.155 0 0 "KDE QDA" 151 3000 3.19494949494949
159.58 13.155 0 0 "KDE QDA" 151 3000 3.20505050505051
159.58 13.16 0 0 "KDE QDA" 151 3000 3.21515151515152
187.08 13.71 0 0 "KDE QDA" 151 3000 3.22525252525253
188.165 13.715 0 0 "KDE QDA" 151 3000 3.23535353535354
188.165 13.715 0 0 "KDE QDA" 151 3000 3.24545454545455
195.585 13.78 0 0 "KDE QDA" 151 3000 3.25555555555556
195.585 13.78 0 0 "KDE QDA" 151 3000 3.26565656565657
196.955 13.8 0 0 "KDE QDA" 151 3000 3.27575757575758
196.955 13.805 0 0 "KDE QDA" 151 3000 3.28585858585859
196.955 13.805 0 0 "KDE QDA" 151 3000 3.2959595959596
197 13.805 0 0 "KDE QDA" 151 3000 3.30606060606061
197 13.835 0 0 "KDE QDA" 151 3000 3.31616161616162
197.955 13.86 0 0 "KDE QDA" 151 3000 3.32626262626263
197.955 13.865 0 0 "KDE QDA" 151 3000 3.33636363636364
197.96 13.865 0 0 "KDE QDA" 151 3000 3.34646464646465
197.96 13.865 0 0 "KDE QDA" 151 3000 3.35656565656566
224.65 14.615 0 0 "KDE QDA" 151 3000 3.36666666666667
224.65 14.62 0 0 "KDE QDA" 151 3000 3.37676767676768
231.435 14.84 0 0 "KDE QDA" 151 3000 3.38686868686869
231.445 14.84 0 0 "KDE QDA" 151 3000 3.3969696969697
231.475 14.85 0 0 "KDE QDA" 151 3000 3.40707070707071
231.485 14.86 0 0 "KDE QDA" 151 3000 3.41717171717172
231.485 14.865 0 0 "KDE QDA" 151 3000 3.42727272727273
235.96 14.865 0 0 "KDE QDA" 151 3000 3.43737373737374
235.96 14.87 0 0 "KDE QDA" 151 3000 3.44747474747475
235.96 14.87 0 0 "KDE QDA" 151 3000 3.45757575757576
235.965 14.87 0 0 "KDE QDA" 151 3000 3.46767676767677
235.965 14.87 0 0 "KDE QDA" 151 3000 3.47777777777778
235.995 14.87 0 0 "KDE QDA" 151 3000 3.48787878787879
236.02 14.87 0 0 "KDE QDA" 151 3000 3.4979797979798
236.025 14.875 0 0 "KDE QDA" 151 3000 3.50808080808081
243.43 15.135 0 0 "KDE QDA" 151 3000 3.51818181818182
252.01 15.14 0 0 "KDE QDA" 151 3000 3.52828282828283
254.81 15.14 0 0 "KDE QDA" 151 3000 3.53838383838384
261.73 15.19 0 0 "KDE QDA" 151 3000 3.54848484848485
261.73 15.195 0 0 "KDE QDA" 151 3000 3.55858585858586
261.73 15.2 0 0 "KDE QDA" 151 3000 3.56868686868687
261.84 15.2 0 0 "KDE QDA" 151 3000 3.57878787878788
262.205 15.2 0 0 "KDE QDA" 151 3000 3.58888888888889
264.54 15.205 0 0 "KDE QDA" 151 3000 3.5989898989899
264.54 15.21 0 0 "KDE QDA" 151 3000 3.60909090909091
265.065 15.215 0 0 "KDE QDA" 151 3000 3.61919191919192
265.065 15.215 0 0 "KDE QDA" 151 3000 3.62929292929293
265.135 15.215 0 0 "KDE QDA" 151 3000 3.63939393939394
265.14 15.215 0 0 "KDE QDA" 151 3000 3.64949494949495
296.545 15.575 0 0 "KDE QDA" 151 3000 3.65959595959596
296.545 15.575 0 0 "KDE QDA" 151 3000 3.66969696969697
310.17 15.66 0 0 "KDE QDA" 151 3000 3.67979797979798
310.175 15.735 0 0 "KDE QDA" 151 3000 3.68989898989899
310.185 15.74 0 0 "KDE QDA" 151 3000 3.7
