127.435 16 0 0 "KDE LDA" 198 1500 2.5
127.8 16.05 0 0 "KDE LDA" 198 1500 2.51010101010101
130.145 16.115 0 0 "KDE LDA" 198 1500 2.52020202020202
133.085 16.135 0 0 "KDE LDA" 198 1500 2.53030303030303
134.395 16.175 0 0 "KDE LDA" 198 1500 2.54040404040404
134.775 16.215 0 0 "KDE LDA" 198 1500 2.55050505050505
138.39 16.235 0 0 "KDE LDA" 198 1500 2.56060606060606
138.425 16.24 0 0 "KDE LDA" 198 1500 2.57070707070707
139.345 16.31 0 0 "KDE LDA" 198 1500 2.58080808080808
140.16 16.31 0 0 "KDE LDA" 198 1500 2.59090909090909
142.01 16.37 0 0 "KDE LDA" 198 1500 2.6010101010101
142.585 16.41 0 0 "KDE LDA" 198 1500 2.61111111111111
146.93 16.435 0 0 "KDE LDA" 198 1500 2.62121212121212
149.155 16.575 0 0 "KDE LDA" 198 1500 2.63131313131313
150.565 16.605 0 0 "KDE LDA" 198 1500 2.64141414141414
150.755 16.75 0 0 "KDE LDA" 198 1500 2.65151515151515
153.38 16.825 0 0 "KDE LDA" 198 1500 2.66161616161616
165.055 17.435 0 0 "KDE LDA" 198 1500 2.67171717171717
166.755 17.49 0 0 "KDE LDA" 198 1500 2.68181818181818
167.83 17.49 0 0 "KDE LDA" 198 1500 2.69191919191919
167.83 17.575 0 0 "KDE LDA" 198 1500 2.7020202020202
167.835 17.66 0 0 "KDE LDA" 198 1500 2.71212121212121
168.535 17.67 0 0 "KDE LDA" 198 1500 2.72222222222222
169.84 17.73 0 0 "KDE LDA" 198 1500 2.73232323232323
171.045 17.79 0 0 "KDE LDA" 198 1500 2.74242424242424
175.075 17.795 0 0 "KDE LDA" 198 1500 2.75252525252525
177.915 17.92 0 0 "KDE LDA" 198 1500 2.76262626262626
182.015 18.02 0 0 "KDE LDA" 198 1500 2.77272727272727
188.895 18.26 0 0 "KDE LDA" 198 1500 2.78282828282828
195.795 18.34 0 0 "KDE LDA" 198 1500 2.79292929292929
226.38 19.24 0 0 "KDE LDA" 198 1500 2.8030303030303
226.99 19.25 0 0 "KDE LDA" 198 1500 2.81313131313131
235.385 19.34 0 0 "KDE LDA" 198 1500 2.82323232323232
237.62 19.36 0 0 "KDE LDA" 198 1500 2.83333333333333
237.62 19.37 0 0 "KDE LDA" 198 1500 2.84343434343434
241.915 19.445 0 0 "KDE LDA" 198 1500 2.85353535353535
242.505 19.45 0 0 "KDE LDA" 198 1500 2.86363636363636
244.805 19.455 0 0 "KDE LDA" 198 1500 2.87373737373737
246.905 19.53 0 0 "KDE LDA" 198 1500 2.88383838383838
249.95 19.595 0 0 "KDE LDA" 198 1500 2.89393939393939
250.825 19.625 0 0 "KDE LDA" 198 1500 2.9040404040404
250.965 19.65 0 0 "KDE LDA" 198 1500 2.91414141414141
256.455 19.665 0 0 "KDE LDA" 198 1500 2.92424242424242
258.67 19.77 0 0 "KDE LDA" 198 1500 2.93434343434343
261.07 19.91 0 0 "KDE LDA" 198 1500 2.94444444444444
263.325 20.05 0 0 "KDE LDA" 198 1500 2.95454545454545
265.525 20.055 0 0 "KDE LDA" 198 1500 2.96464646464646
267.755 20.065 0 0 "KDE LDA" 198 1500 2.97474747474747
277.81 20.1 0 0 "KDE LDA" 198 1500 2.98484848484848
281.82 20.13 0 0 "KDE LDA" 198 1500 2.99494949494949
281.85 20.2 0 0 "KDE LDA" 198 1500 3.00505050505051
281.85 20.215 0 0 "KDE LDA" 198 1500 3.01515151515152
282.755 20.315 0 0 "KDE LDA" 198 1500 3.02525252525253
288.23 20.335 0 0 "KDE LDA" 198 1500 3.03535353535354
291.77 20.34 0 0 "KDE LDA" 198 1500 3.04545454545455
294.185 20.37 0 0 "KDE LDA" 198 1500 3.05555555555556
295.69 20.395 0 0 "KDE LDA" 198 1500 3.06565656565657
298.105 20.71 0 0 "KDE LDA" 198 1500 3.07575757575758
305.81 20.73 0 0 "KDE LDA" 198 1500 3.08585858585859
318.395 20.855 0 0 "KDE LDA" 198 1500 3.0959595959596
320.92 20.89 0 0 "KDE LDA" 198 1500 3.10606060606061
323.67 20.905 0 0 "KDE LDA" 198 1500 3.11616161616162
328.62 21.015 0 0 "KDE LDA" 198 1500 3.12626262626263
328.66 21.05 0 0 "KDE LDA" 198 1500 3.13636363636364
328.69 21.06 0 0 "KDE LDA" 198 1500 3.14646464646465
335.025 21.11 0 0 "KDE LDA" 198 1500 3.15656565656566
337.89 21.445 0 0 "KDE LDA" 198 1500 3.16666666666667
338.99 21.57 0 0 "KDE LDA" 198 1500 3.17676767676768
339.785 21.75 0 0 "KDE LDA" 198 1500 3.18686868686869
340.33 21.83 0 0 "KDE LDA" 198 1500 3.1969696969697
349.635 21.855 0 0 "KDE LDA" 198 1500 3.20707070707071
360.665 21.91 0 0 "KDE LDA" 198 1500 3.21717171717172
381.46 22.555 0 0 "KDE LDA" 198 1500 3.22727272727273
384.57 22.63 0 0 "KDE LDA" 198 1500 3.23737373737374
392.88 22.905 0 0 "KDE LDA" 198 1500 3.24747474747475
392.88 22.95 0 0 "KDE LDA" 198 1500 3.25757575757576
393.465 22.965 0 0 "KDE LDA" 198 1500 3.26767676767677
393.655 23.065 0 0 "KDE LDA" 198 1500 3.27777777777778
402.16 23.115 0 0 "KDE LDA" 198 1500 3.28787878787879
403.07 23.14 0 0 "KDE LDA" 198 1500 3.2979797979798
412.475 23.185 0 0 "KDE LDA" 198 1500 3.30808080808081
414.69 23.285 0 0 "KDE LDA" 198 1500 3.31818181818182
418.565 23.32 0 0 "KDE LDA" 198 1500 3.32828282828283
450.945 23.4 0 0 "KDE LDA" 198 1500 3.33838383838384
452.725 23.41 0 0 "KDE LDA" 198 1500 3.34848484848485
552.555 23.735 0 0 "KDE LDA" 198 1500 3.35858585858586
555.65 23.815 0 0 "KDE LDA" 198 1500 3.36868686868687
564.19 23.825 0 0 "KDE LDA" 198 1500 3.37878787878788
565.48 23.935 0 0 "KDE LDA" 198 1500 3.38888888888889
565.515 23.945 0 0 "KDE LDA" 198 1500 3.3989898989899
565.525 23.975 0 0 "KDE LDA" 198 1500 3.40909090909091
565.58 24 0 0 "KDE LDA" 198 1500 3.41919191919192
566.29 24.135 0 0 "KDE LDA" 198 1500 3.42929292929293
588.155 24.16 0 0 "KDE LDA" 198 1500 3.43939393939394
592.375 24.22 0 0 "KDE LDA" 198 1500 3.44949494949495
596.095 24.275 0 0 "KDE LDA" 198 1500 3.45959595959596
599.925 24.28 0 0 "KDE LDA" 198 1500 3.46969696969697
601.02 24.295 0 0 "KDE LDA" 198 1500 3.47979797979798
603.455 24.295 0 0 "KDE LDA" 198 1500 3.48989898989899
627.425 24.315 0 0 "KDE LDA" 198 1500 3.5
101.925 12.895 0 0 "KDE QDA" 198 1500 2.8
101.925 12.915 0 0 "KDE QDA" 198 1500 2.81010101010101
102.965 12.915 0 0 "KDE QDA" 198 1500 2.82020202020202
106.105 12.93 0 0 "KDE QDA" 198 1500 2.83030303030303
106.11 12.935 0 0 "KDE QDA" 198 1500 2.84040404040404
106.145 12.945 0 0 "KDE QDA" 198 1500 2.85050505050505
106.495 12.95 0 0 "KDE QDA" 198 1500 2.86060606060606
107.02 12.95 0 0 "KDE QDA" 198 1500 2.87070707070707
108.21 12.955 0 0 "KDE QDA" 198 1500 2.88080808080808
109.38 12.965 0 0 "KDE QDA" 198 1500 2.89090909090909
109.725 12.97 0 0 "KDE QDA" 198 1500 2.9010101010101
109.825 12.97 0 0 "KDE QDA" 198 1500 2.91111111111111
109.84 12.97 0 0 "KDE QDA" 198 1500 2.92121212121212
110.485 12.97 0 0 "KDE QDA" 198 1500 2.93131313131313
110.72 12.97 0 0 "KDE QDA" 198 1500 2.94141414141414
111.095 12.97 0 0 "KDE QDA" 198 1500 2.95151515151515
119.445 13.225 0 0 "KDE QDA" 198 1500 2.96161616161616
121.265 13.225 0 0 "KDE QDA" 198 1500 2.97171717171717
121.265 13.225 0 0 "KDE QDA" 198 1500 2.98181818181818
122.955 13.255 0 0 "KDE QDA" 198 1500 2.99191919191919
123.03 13.27 0 0 "KDE QDA" 198 1500 3.0020202020202
123.035 13.29 0 0 "KDE QDA" 198 1500 3.01212121212121
123.26 13.295 0 0 "KDE QDA" 198 1500 3.02222222222222
123.5 13.3 0 0 "KDE QDA" 198 1500 3.03232323232323
123.545 13.325 0 0 "KDE QDA" 198 1500 3.04242424242424
123.745 13.36 0 0 "KDE QDA" 198 1500 3.05252525252525
123.98 13.36 0 0 "KDE QDA" 198 1500 3.06262626262626
124.03 13.36 0 0 "KDE QDA" 198 1500 3.07272727272727
124.035 13.36 0 0 "KDE QDA" 198 1500 3.08282828282828
131.915 13.685 0 0 "KDE QDA" 198 1500 3.09292929292929
133.265 13.73 0 0 "KDE QDA" 198 1500 3.1030303030303
133.31 13.76 0 0 "KDE QDA" 198 1500 3.11313131313131
135.88 13.78 0 0 "KDE QDA" 198 1500 3.12323232323232
135.885 13.83 0 0 "KDE QDA" 198 1500 3.13333333333333
135.89 13.83 0 0 "KDE QDA" 198 1500 3.14343434343434
135.935 13.845 0 0 "KDE QDA" 198 1500 3.15353535353535
136.5 13.875 0 0 "KDE QDA" 198 1500 3.16363636363636
136.565 13.875 0 0 "KDE QDA" 198 1500 3.17373737373737
136.57 13.875 0 0 "KDE QDA" 198 1500 3.18383838383838
139.005 13.875 0 0 "KDE QDA" 198 1500 3.19393939393939
139.005 13.88 0 0 "KDE QDA" 198 1500 3.2040404040404
139.56 13.89 0 0 "KDE QDA" 198 1500 3.21414141414141
148.05 14.305 0 0 "KDE QDA" 198 1500 3.22424242424242
149.055 14.345 0 0 "KDE QDA" 198 1500 3.23434343434343
149.99 14.345 0 0 "KDE QDA" 198 1500 3.24444444444444
152.6 14.445 0 0 "KDE QDA" 198 1500 3.25454545454545
153.155 14.45 0 0 "KDE QDA" 198 1500 3.26464646464646
153.905 14.45 0 0 "KDE QDA" 198 1500 3.27474747474747
155.535 14.47 0 0 "KDE QDA" 198 1500 3.28484848484848
155.56 14.485 0 0 "KDE QDA" 198 1500 3.29494949494949
157.265 14.49 0 0 "KDE QDA" 198 1500 3.30505050505051
157.325 14.49 0 0 "KDE QDA" 198 1500 3.31515151515151
161.355 14.505 0 0 "KDE QDA" 198 1500 3.32525252525252
162.2 14.52 0 0 "KDE QDA" 198 1500 3.33535353535354
162.355 14.52 0 0 "KDE QDA" 198 1500 3.34545454545455
163.205 14.545 0 0 "KDE QDA" 198 1500 3.35555555555556
184.91 15.34 0 0 "KDE QDA" 198 1500 3.36565656565657
185.585 15.34 0 0 "KDE QDA" 198 1500 3.37575757575758
189.58 15.4 0 0 "KDE QDA" 198 1500 3.38585858585859
189.65 15.42 0 0 "KDE QDA" 198 1500 3.3959595959596
190.105 15.44 0 0 "KDE QDA" 198 1500 3.40606060606061
191.46 15.48 0 0 "KDE QDA" 198 1500 3.41616161616162
192.015 15.48 0 0 "KDE QDA" 198 1500 3.42626262626263
192.09 15.525 0 0 "KDE QDA" 198 1500 3.43636363636364
192.095 15.64 0 0 "KDE QDA" 198 1500 3.44646464646465
192.115 15.645 0 0 "KDE QDA" 198 1500 3.45656565656566
192.6 15.645 0 0 "KDE QDA" 198 1500 3.46666666666667
192.635 15.645 0 0 "KDE QDA" 198 1500 3.47676767676768
194.365 15.65 0 0 "KDE QDA" 198 1500 3.48686868686869
194.365 15.65 0 0 "KDE QDA" 198 1500 3.4969696969697
195.575 15.665 0 0 "KDE QDA" 198 1500 3.50707070707071
198.475 15.77 0 0 "KDE QDA" 198 1500 3.51717171717172
202.86 15.79 0 0 "KDE QDA" 198 1500 3.52727272727273
203.575 15.81 0 0 "KDE QDA" 198 1500 3.53737373737374
207.305 15.82 0 0 "KDE QDA" 198 1500 3.54747474747475
208.79 15.82 0 0 "KDE QDA" 198 1500 3.55757575757576
208.81 15.82 0 0 "KDE QDA" 198 1500 3.56767676767677
211.125 15.83 0 0 "KDE QDA" 198 1500 3.57777777777778
211.135 15.85 0 0 "KDE QDA" 198 1500 3.58787878787879
211.365 15.85 0 0 "KDE QDA" 198 1500 3.5979797979798
214.025 15.855 0 0 "KDE QDA" 198 1500 3.60808080808081
214.05 15.855 0 0 "KDE QDA" 198 1500 3.61818181818182
215.055 15.865 0 0 "KDE QDA" 198 1500 3.62828282828283
215.585 15.865 0 0 "KDE QDA" 198 1500 3.63838383838384
215.59 15.865 0 0 "KDE QDA" 198 1500 3.64848484848485
224.43 16.225 0 0 "KDE QDA" 198 1500 3.65858585858586
224.975 16.265 0 0 "KDE QDA" 198 1500 3.66868686868687
228.675 16.32 0 0 "KDE QDA" 198 1500 3.67878787878788
229.125 16.34 0 0 "KDE QDA" 198 1500 3.68888888888889
229.135 16.345 0 0 "KDE QDA" 198 1500 3.6989898989899
229.455 16.4 0 0 "KDE QDA" 198 1500 3.70909090909091
229.475 16.42 0 0 "KDE QDA" 198 1500 3.71919191919192
230.465 16.42 0 0 "KDE QDA" 198 1500 3.72929292929293
233.645 16.435 0 0 "KDE QDA" 198 1500 3.73939393939394
233.69 16.515 0 0 "KDE QDA" 198 1500 3.74949494949495
233.715 16.515 0 0 "KDE QDA" 198 1500 3.75959595959596
233.75 16.525 0 0 "KDE QDA" 198 1500 3.76969696969697
236.255 16.535 0 0 "KDE QDA" 198 1500 3.77979797979798
247.155 16.94 0 0 "KDE QDA" 198 1500 3.78989898989899
248.855 16.945 0 0 "KDE QDA" 198 1500 3.8
