33.039 9.393 0 0 30.9914496103191 6.20056432899442 "LDA" 39 200 1.5
35.17 9.688 0 0 32.8263410795152 6.2675304497017 "LDA" 39 200 1.53535353535354
36.668 10.047 0 0 33.876502083205 6.45076766000787 "LDA" 39 200 1.57070707070707
38.548 10.373 0 0 35.0380559015674 6.68360243742411 "LDA" 39 200 1.60606060606061
40.606 10.63 0 0 36.7172291835716 6.84309344725965 "LDA" 39 200 1.64141414141414
42.524 10.812 0 0 38.8967142362742 6.90466004451561 "LDA" 39 200 1.67676767676768
44.161 11.043 0 0 40.2117901499929 7.14213981669088 "LDA" 39 200 1.71212121212121
46.359 11.418 0 0 41.62937813761 7.58978793385434 "LDA" 39 200 1.74747474747475
48.212 11.683 0 0 42.6013841786148 7.68971017936584 "LDA" 39 200 1.78282828282828
50.315 12.014 0 0 44.2225893906317 7.98094602785281 "LDA" 39 200 1.81818181818182
52.176 12.207 0 0 45.4535702783736 8.06580487045206 "LDA" 39 200 1.85353535353535
54.747 12.445 0 0 47.5428155488325 8.20343045751418 "LDA" 39 200 1.88888888888889
57.493 12.805 0 0 49.3199798399331 8.41378433089218 "LDA" 39 200 1.92424242424242
59.832 13.06 0 0 50.5376674553924 8.4727910506626 "LDA" 39 200 1.95959595959596
62.024 13.279 0 0 52.6150336478631 8.5669452870642 "LDA" 39 200 1.99494949494949
64.549 13.607 0 0 55.1584086885132 8.80591250780378 "LDA" 39 200 2.03030303030303
67.762 13.887 0 0 56.7428507136107 8.8825182313424 "LDA" 39 200 2.06565656565657
71.386 14.137 0 0 63.8184910805936 8.91918061162475 "LDA" 39 200 2.1010101010101
73.716 14.491 0 0 65.6805243224753 9.20209745642794 "LDA" 39 200 2.13636363636364
76.961 14.843 0 0 67.8906814196442 9.50793099216395 "LDA" 39 200 2.17171717171717
79.407 15.223 0 0 69.4358602574325 9.57198484609613 "LDA" 39 200 2.20707070707071
83.475 15.387 0 0 73.7781443897147 9.62652070588855 "LDA" 39 200 2.24242424242424
87.2 15.658 0 0 77.561122527512 9.84784321646197 "LDA" 39 200 2.27777777777778
90.51 15.914 0 0 81.2750979177604 10.0145341826215 "LDA" 39 200 2.31313131313131
95.406 16.214 0 0 87.8285546904822 10.1651135524171 "LDA" 39 200 2.34848484848485
100.284 16.496 0 0 93.5913173252662 10.4624780739291 "LDA" 39 200 2.38383838383838
103.09 16.828 0 0 95.3716501464227 10.641506362243 "LDA" 39 200 2.41919191919192
107.097 17.116 0 0 98.0422045083895 10.8262528952427 "LDA" 39 200 2.45454545454545
111.226 17.466 0 0 101.705835629039 11.0937782525123 "LDA" 39 200 2.48989898989899
114.891 17.753 0 0 103.941584421116 11.2337076331542 "LDA" 39 200 2.52525252525253
120.713 18.107 0 0 107.828983676564 11.4116509224904 "LDA" 39 200 2.56060606060606
126.308 18.359 0 0 111.288068408838 11.5802513453388 "LDA" 39 200 2.5959595959596
132.492 18.665 0 0 120.250755424572 11.6912557264162 "LDA" 39 200 2.63131313131313
138.396 18.934 0 0 126.225171728851 11.9303804624152 "LDA" 39 200 2.66666666666667
143.764 19.329 0 0 131.291102736087 12.1193910176477 "LDA" 39 200 2.7020202020202
148.262 19.549 0 0 134.82690254415 12.1757894548505 "LDA" 39 200 2.73737373737374
153.264 19.768 0 0 144.015029190125 12.2117690488849 "LDA" 39 200 2.77272727272727
157.618 20.104 0 0 146.666796601089 12.3649535412017 "LDA" 39 200 2.80808080808081
164.15 20.331 0 0 151.270500310749 12.4257731686539 "LDA" 39 200 2.84343434343434
168.019 20.63 0 0 153.014725255922 12.5621219110032 "LDA" 39 200 2.87878787878788
172.943 20.961 0 0 157.860830457694 12.8186503500484 "LDA" 39 200 2.91414141414141
179.542 21.232 0 0 165.286805171992 12.8914842576938 "LDA" 39 200 2.94949494949495
187.122 21.445 0 0 170.775242056041 12.95286654574 "LDA" 39 200 2.98484848484848
193.096 21.784 0 0 176.879872436841 12.993004354735 "LDA" 39 200 3.02020202020202
199.573 22.006 0 0 181.461541275175 13.0544391829899 "LDA" 39 200 3.05555555555556
205.671 22.316 0 0 189.387265398958 13.3092178312356 "LDA" 39 200 3.09090909090909
213.532 22.578 0 0 197.297874867996 13.2963419295951 "LDA" 39 200 3.12626262626263
221.118 22.856 0 0 203.602809853352 13.4016741069491 "LDA" 39 200 3.16161616161616
227.956 23.116 0 0 209.770426170363 13.5420800445106 "LDA" 39 200 3.1969696969697
239.126 23.4 0 0 222.603253193506 13.6334834826567 "LDA" 39 200 3.23232323232323
246.501 23.772 0 0 229.445660909746 13.773951420625 "LDA" 39 200 3.26767676767677
256.457 24.088 0 0 239.421972742754 13.778828401287 "LDA" 39 200 3.3030303030303
265.945 24.371 0 0 248.819651945328 13.8725558858779 "LDA" 39 200 3.33838383838384
276.226 24.628 0 0 259.572885731555 13.938863221508 "LDA" 39 200 3.37373737373737
285.162 24.895 0 0 271.403982796638 14.2045677422703 "LDA" 39 200 3.40909090909091
294.331 25.252 0 0 281.360180178344 14.4175713059573 "LDA" 39 200 3.44444444444444
302.117 25.548 0 0 291.067393465051 14.4601103312109 "LDA" 39 200 3.47979797979798
313.743 25.978 0 0 304.458976250035 14.7278792236502 "LDA" 39 200 3.51515151515152
320.831 26.33 0 0 312.347815098164 14.9072910794459 "LDA" 39 200 3.55050505050505
333.097 26.552 0 0 324.700036502469 14.9936688674289 "LDA" 39 200 3.58585858585859
346.617 26.792 0 0 341.920982493425 15.0049286530754 "LDA" 39 200 3.62121212121212
357.964 26.995 0 0 353.970178958047 15.0241372364505 "LDA" 39 200 3.65656565656566
371.988 27.298 0 0 368.197840169528 15.1694201374775 "LDA" 39 200 3.69191919191919
383.159 27.482 0 0 381.116866308466 15.1946224879907 "LDA" 39 200 3.72727272727273
394.964 27.685 0 0 386.850324903415 15.1935057711385 "LDA" 39 200 3.76262626262626
403.472 27.994 0 0 392.750952292323 15.3451437737624 "LDA" 39 200 3.7979797979798
413.932 28.289 0 0 400.554914606744 15.4797642779889 "LDA" 39 200 3.83333333333333
434.131 28.661 0 0 424.301279062902 15.7257552562151 "LDA" 39 200 3.86868686868687
449.01 29.044 0 0 442.364433688099 15.821579768986 "LDA" 39 200 3.9040404040404
474.308 29.336 0 0 470.950767874692 15.8047744335342 "LDA" 39 200 3.93939393939394
498.551 29.544 0 0 496.823299362852 15.8500248355417 "LDA" 39 200 3.97474747474747
512.409 29.83 0 0 512.29255839255 15.9566824783761 "LDA" 39 200 4.01010101010101
533.323 30.203 0 0 536.090482732791 16.0431659648018 "LDA" 39 200 4.04545454545454
551.716 30.526 0 0 550.026852874369 16.3327916806676 "LDA" 39 200 4.08080808080808
573.752 30.836 0 0 580.669664917805 16.4242765703961 "LDA" 39 200 4.11616161616162
595.914 31.128 0 0 601.860329694906 16.4460965000845 "LDA" 39 200 4.15151515151515
617.736 31.315 0 0 630.079449289069 16.4621011956486 "LDA" 39 200 4.18686868686869
632.748 31.668 0 0 648.033659712302 16.6343764078633 "LDA" 39 200 4.22222222222222
650.046 31.987 0 0 662.053068983258 16.8947406983139 "LDA" 39 200 4.25757575757576
670.577 32.311 0 0 691.080780166628 17.0490747534859 "LDA" 39 200 4.29292929292929
693.468 32.542 0 0 714.389733736192 17.0230437942226 "LDA" 39 200 4.32828282828283
715.398 32.819 0 0 730.963017209851 17.0672648813608 "LDA" 39 200 4.36363636363636
745.462 33.021 0 0 764.324020140519 17.0895468521436 "LDA" 39 200 4.3989898989899
784.555 33.28 0 0 804.181595794143 17.2573293245338 "LDA" 39 200 4.43434343434343
818.547 33.572 0 0 861.099326350242 17.2339730133776 "LDA" 39 200 4.46969696969697
848.215 33.803 0 0 888.482874676599 17.2406911819809 "LDA" 39 200 4.50505050505051
898.337 34.23 0 0 937.616225124446 17.5396333695644 "LDA" 39 200 4.54040404040404
925.093 34.543 0 0 961.120994421055 17.7141735043705 "LDA" 39 200 4.57575757575758
962.228 34.765 0 0 1005.22836613582 17.8028850953355 "LDA" 39 200 4.61111111111111
1008.251 35.073 0 0 1072.96930483967 17.892059601868 "LDA" 39 200 4.64646464646465
1047.416 35.393 0 0 1090.69989511561 17.924112943876 "LDA" 39 200 4.68181818181818
1079.258 35.622 0 0 1119.9916690649 17.9847314844166 "LDA" 39 200 4.71717171717172
1129.313 35.84 0 0 1172.3596360107 18.0954094688085 "LDA" 39 200 4.75252525252525
1171.83383383383 36.162 1 0 1204.152405823 18.309860922656 "LDA" 39 200 4.78787878787879
1215.06206206206 36.331 1 0 1238.99272722174 18.3030719126993 "LDA" 39 200 4.82323232323232
1248.87387387387 36.687 1 0 1292.17289078027 18.575092599098 "LDA" 39 200 4.85858585858586
1289.69269269269 36.989 1 0 1323.58249834171 18.7622200152301 "LDA" 39 200 4.89393939393939
1348.58558558559 37.312 1 0 1378.79926576096 18.7851946899557 "LDA" 39 200 4.92929292929293
1373.99199199199 37.557 1 0 1384.38753230993 18.8321905895836 "LDA" 39 200 4.96464646464646
1419.88588588589 37.886 1 0 1425.0599336941 18.9540565647637 "LDA" 39 200 5
142.4 25.735 0 0 122.177351850927 13.3957538504267 "uLSIF" 39 200 1.5
149.087 26.437 0 0 128.725085273145 13.7347979845237 "uLSIF" 39 200 1.53535353535354
158.381 27.121 0 0 137.70408946453 14.025229626144 "uLSIF" 39 200 1.57070707070707
168.518 27.857 0 0 153.040861148849 14.4821366960571 "uLSIF" 39 200 1.60606060606061
174.989 28.58 0 0 156.890233680827 14.7192478155732 "uLSIF" 39 200 1.64141414141414
183.929 29.28 0 0 164.790575861889 14.8508635489034 "uLSIF" 39 200 1.67676767676768
195.594 30.119 0 0 176.336177829768 15.1200348694854 "uLSIF" 39 200 1.71212121212121
207.915 30.724 0 0 188.754327025822 15.2771468283582 "uLSIF" 39 200 1.74747474747475
217.255 31.384 0 0 197.700565220458 15.3880907632278 "uLSIF" 39 200 1.78282828282828
229.086 32.05 0 0 207.071410805966 15.7620411730823 "uLSIF" 39 200 1.81818181818182
243.954 32.761 0 0 224.069241327115 15.9450972127838 "uLSIF" 39 200 1.85353535353535
255.852 33.39 0 0 233.799234768162 16.0485343709466 "uLSIF" 39 200 1.88888888888889
268.069 33.974 0 0 251.888701924396 16.0484540338587 "uLSIF" 39 200 1.92424242424242
279.39 34.917 0 0 262.604636469151 16.8017978624733 "uLSIF" 39 200 1.95959595959596
294.585 35.643 0 0 272.631448445849 17.1059101822488 "uLSIF" 39 200 1.99494949494949
311.176 36.354 0 0 285.573523389794 17.687609661442 "uLSIF" 39 200 2.03030303030303
330.284 36.975 0 0 307.473041119079 17.8594326431254 "uLSIF" 39 200 2.06565656565657
350.581 37.612 0 0 331.591158107594 17.9888035470137 "uLSIF" 39 200 2.1010101010101
376.872 38.432 0 0 355.239421605574 18.267267695774 "uLSIF" 39 200 2.13636363636364
393.801 39.124 0 0 366.933939442667 18.5330542031824 "uLSIF" 39 200 2.17171717171717
410.453 39.662 0 0 377.173739569473 18.7437211642481 "uLSIF" 39 200 2.20707070707071
428.633 40.4 0 0 400.549110473236 18.9471104127514 "uLSIF" 39 200 2.24242424242424
448.727 41.065 0 0 421.652818762748 19.1091584046743 "uLSIF" 39 200 2.27777777777778
474.221 41.962 0 0 450.746568070826 19.422971137491 "uLSIF" 39 200 2.31313131313131
498.762 42.712 0 0 474.386331746339 19.5734559078405 "uLSIF" 39 200 2.34848484848485
520.106 43.357 0 0 484.342720224672 19.9639703243396 "uLSIF" 39 200 2.38383838383838
554.393 44.044 0 0 522.495885631171 20.2823923500025 "uLSIF" 39 200 2.41919191919192
574.639 44.773 0 0 550.134677003588 20.5274656947186 "uLSIF" 39 200 2.45454545454545
605.835 45.535 0 0 579.330511553307 20.6270271549065 "uLSIF" 39 200 2.48989898989899
634.147 46.266 0 0 606.903682202102 20.8563235070381 "uLSIF" 39 200 2.52525252525253
685.37 47 0 0 690.008911099993 21.1567390589289 "uLSIF" 39 200 2.56060606060606
717.612 47.66 0 0 719.232694699793 21.377029199058 "uLSIF" 39 200 2.5959595959596
742.849 48.242 0 0 736.60465014118 21.6016681778993 "uLSIF" 39 200 2.63131313131313
770.674 48.964 0 0 754.655402485466 21.7376454389437 "uLSIF" 39 200 2.66666666666667
802.149 49.574 0 0 784.646898645852 21.9095995982253 "uLSIF" 39 200 2.7020202020202
836.439 50.252 0 0 818.133688960436 22.3414779644865 "uLSIF" 39 200 2.73737373737374
867.808 50.884 0 0 875.028505833965 22.5198065197214 "uLSIF" 39 200 2.77272727272727
907.153 51.563 0 0 902.660637126056 22.7759692609508 "uLSIF" 39 200 2.80808080808081
951.924 52.319 0 0 960.06881229855 23.0117530792371 "uLSIF" 39 200 2.84343434343434
994.236 53.208 0 0 1016.16549962426 23.2078292681444 "uLSIF" 39 200 2.87878787878788
1032.834 53.92 0 0 1050.51174165897 23.2915885696553 "uLSIF" 39 200 2.91414141414141
1062.406 54.638 0 0 1078.76281933722 23.3765142272627 "uLSIF" 39 200 2.94949494949495
1115.833 55.292 0 0 1116.92891685922 24.1278031923109 "uLSIF" 39 200 2.98484848484848
1175.327 55.95 0 0 1182.93814915901 24.37087276729 "uLSIF" 39 200 3.02020202020202
1233.373 56.674 0 0 1217.49684370656 24.5675657990223 "uLSIF" 39 200 3.05555555555556
1297.376 57.45 0 0 1288.29742018948 24.5810847956255 "uLSIF" 39 200 3.09090909090909
1356.392 58.062 0 0 1333.85592924273 24.7436538208164 "uLSIF" 39 200 3.12626262626263
1421.773 58.739 0 0 1387.78920746465 24.7676869593694 "uLSIF" 39 200 3.16161616161616
1480.69269269269 59.441 1 0 1416.89693856882 25.0253628902317 "uLSIF" 39 200 3.1969696969697
1544.79179179179 60.177 1 0 1476.55440146771 25.4088425608149 "uLSIF" 39 200 3.23232323232323
1618.01901901902 60.756 1 0 1546.04057954046 25.3685637754294 "uLSIF" 39 200 3.26767676767677
1703.01002004008 61.315 2 0 1630.85998933515 25.5232680550946 "uLSIF" 39 200 3.3030303030303
1733.31726907631 62.066 4 0 1646.1222164531 25.5527804473131 "uLSIF" 39 200 3.33838383838384
1834.76506024096 62.961 4 0 1782.55032617619 25.9302884453463 "uLSIF" 39 200 3.37373737373737
1912.81005025126 63.767 5 0 1857.4724879146 26.1993342685671 "uLSIF" 39 200 3.40909090909091
1988.27867203219 64.45 6 0 1890.85013936978 26.4547794425763 "uLSIF" 39 200 3.44444444444444
2054.3370332997 65.205 9 0 1952.81376258575 26.5091627689505 "uLSIF" 39 200 3.47979797979798
2120.67745197169 65.796 11 0 1990.23325797785 26.6604419161267 "uLSIF" 39 200 3.51515151515152
2247.06389452333 66.45 14 0 2116.5391948712 26.6531778948007 "uLSIF" 39 200 3.55050505050505
2309.26144455748 67.006 17 0 2159.50348441355 26.8251664217308 "uLSIF" 39 200 3.58585858585859
2375.02342158859 67.631 18 0 2191.3955147812 26.857441448529 "uLSIF" 39 200 3.62121212121212
2439.37423312883 68.337 22 0 2237.71463990668 26.8842368906613 "uLSIF" 39 200 3.65656565656566
2506.45538461538 69.165 25 0 2275.31849967387 27.2786344764341 "uLSIF" 39 200 3.69191919191919
2586.76519052523 69.986 29 0 2335.06077018946 27.4704282534588 "uLSIF" 39 200 3.72727272727273
2642.6314699793 70.805 34 0 2360.0104199303 27.8789205172871 "uLSIF" 39 200 3.76262626262626
2742.071875 71.587 40 0 2420.65148506312 28.1711917931607 "uLSIF" 39 200 3.7979797979798
2810.44234800839 72.487 46 0 2439.30365008179 28.8629329746632 "uLSIF" 39 200 3.83333333333333
2838.47452229299 73.015 58 0 2424.60372758123 28.8606602958545 "uLSIF" 39 200 3.86868686868687
2921.18890074706 73.708 63 0 2470.24089658107 29.4694958760273 "uLSIF" 39 200 3.9040404040404
2977.32330827068 74.393 69 0 2467.878067622 29.5329433979369 "uLSIF" 39 200 3.93939393939394
3025.63567567568 75.098 75 0 2499.84097724164 29.784686057159 "uLSIF" 39 200 3.97474747474747
3099.14644808743 75.844 85 0 2538.14910947782 29.9711182963187 "uLSIF" 39 200 4.01010101010101
3148.9063876652 76.395 92 0 2539.90421323241 30.0153276659592 "uLSIF" 39 200 4.04545454545454
3173.11659192825 77.054 108 0 2541.38554649445 30.2469496306977 "uLSIF" 39 200 4.08080808080808
3244.30952380952 78.014 118 0 2573.49363287217 30.6189046394759 "uLSIF" 39 200 4.11616161616162
3278.16110471807 78.717 131 0 2578.22110051481 30.6158495103638 "uLSIF" 39 200 4.15151515151515
3328.83217592593 79.546 136 0 2580.83720431236 30.7144471098091 "uLSIF" 39 200 4.18686868686869
3388.36374269006 80.291 145 0 2610.71859782791 30.9825149920925 "uLSIF" 39 200 4.22222222222222
3457.33491686461 80.821 158 0 2657.58755308697 30.9381338662681 "uLSIF" 39 200 4.25757575757576
3563.16965352449 81.619 163 0 2698.53311869882 31.0292870632835 "uLSIF" 39 200 4.29292929292929
3637.90568319226 82.43 173 0 2754.15861539326 31.1282197702674 "uLSIF" 39 200 4.32828282828283
3681.62745098039 83.134 184 0 2759.02728941493 31.3455992220693 "uLSIF" 39 200 4.36363636363636
3743.10074626866 83.851 196 0 2778.99248943537 31.5323816114497 "uLSIF" 39 200 4.3989898989899
3779.94955863808 84.812 207 0 2778.60758357726 31.941398042492 "uLSIF" 39 200 4.43434343434343
3808.70089858793 85.704 221 0 2781.58315579145 32.2843408274455 "uLSIF" 39 200 4.46969696969697
3864.11009174312 86.479 237 0 2787.40770800507 32.5032001042515 "uLSIF" 39 200 4.50505050505051
3918.09383378016 87.182 254 0 2795.55030263079 32.5713335276247 "uLSIF" 39 200 4.54040404040404
3972.18956043956 87.864 272 0 2815.57839575981 32.6273205465304 "uLSIF" 39 200 4.57575757575758
3992.13146853147 88.7 285 0 2804.16358896413 32.7927028675796 "uLSIF" 39 200 4.61111111111111
4071.1940509915 89.405 294 0 2819.28477334461 33.0437416746933 "uLSIF" 39 200 4.64646464646465
4113.54034582133 90.095 306 0 2831.13683547761 33.2135983915943 "uLSIF" 39 200 4.68181818181818
4153.33823529412 90.765 320 0 2844.31392583482 33.2428467773424 "uLSIF" 39 200 4.71717171717172
4230.39577039275 91.362 338 0 2851.43075011567 33.4203811749339 "uLSIF" 39 200 4.75252525252525
4238.06790123457 91.974 352 0 2833.2928808553 33.5534970034594 "uLSIF" 39 200 4.78787878787879
4274.13657770801 92.678 363 0 2854.25991110169 33.6812520958284 "uLSIF" 39 200 4.82323232323232
4301.42351046699 93.625 379 0 2833.36016908704 34.2194000874116 "uLSIF" 39 200 4.85858585858586
4331.53166666667 94.352 400 0 2823.6344436647 34.4179704906128 "uLSIF" 39 200 4.89393939393939
4396.40609137056 94.881 409 0 2835.44027386836 34.5511305114553 "uLSIF" 39 200 4.92929292929293
4465.50085763293 95.866 417 0 2826.46203986538 34.7656251589511 "uLSIF" 39 200 4.96464646464646
4540.18848167539 96.718 427 0 2834.78752661569 34.734521199564 "uLSIF" 39 200 5
