114.57 15.515 0 0 "KDE LDA" 158 3000 2.5
115.11 15.76 0 0 "KDE LDA" 158 3000 2.51010101010101
115.68 15.91 0 0 "KDE LDA" 158 3000 2.52020202020202
118.55 15.945 0 0 "KDE LDA" 158 3000 2.53030303030303
123.035 16.03 0 0 "KDE LDA" 158 3000 2.54040404040404
123.04 16.16 0 0 "KDE LDA" 158 3000 2.55050505050505
123.4 16.205 0 0 "KDE LDA" 158 3000 2.56060606060606
124.23 16.27 0 0 "KDE LDA" 158 3000 2.57070707070707
127.005 16.345 0 0 "KDE LDA" 158 3000 2.58080808080808
127.005 16.47 0 0 "KDE LDA" 158 3000 2.59090909090909
127.04 16.48 0 0 "KDE LDA" 158 3000 2.6010101010101
127.915 16.505 0 0 "KDE LDA" 158 3000 2.61111111111111
127.915 16.505 0 0 "KDE LDA" 158 3000 2.62121212121212
129.23 16.61 0 0 "KDE LDA" 158 3000 2.63131313131313
130.015 16.615 0 0 "KDE LDA" 158 3000 2.64141414141414
132.02 16.675 0 0 "KDE LDA" 158 3000 2.65151515151515
137.85 16.725 0 0 "KDE LDA" 158 3000 2.66161616161616
144.545 17.095 0 0 "KDE LDA" 158 3000 2.67171717171717
145.105 17.18 0 0 "KDE LDA" 158 3000 2.68181818181818
146.53 17.185 0 0 "KDE LDA" 158 3000 2.69191919191919
148.35 17.23 0 0 "KDE LDA" 158 3000 2.7020202020202
149.68 17.245 0 0 "KDE LDA" 158 3000 2.71212121212121
151.39 17.275 0 0 "KDE LDA" 158 3000 2.72222222222222
151.425 17.3 0 0 "KDE LDA" 158 3000 2.73232323232323
153.915 17.335 0 0 "KDE LDA" 158 3000 2.74242424242424
155.53 17.41 0 0 "KDE LDA" 158 3000 2.75252525252525
157.175 17.475 0 0 "KDE LDA" 158 3000 2.76262626262626
164.235 17.705 0 0 "KDE LDA" 158 3000 2.77272727272727
168.755 17.93 0 0 "KDE LDA" 158 3000 2.78282828282828
175.73 18.18 0 0 "KDE LDA" 158 3000 2.79292929292929
224.41 18.9 0 0 "KDE LDA" 158 3000 2.8030303030303
227.375 18.915 0 0 "KDE LDA" 158 3000 2.81313131313131
229.12 18.925 0 0 "KDE LDA" 158 3000 2.82323232323232
229.12 18.935 0 0 "KDE LDA" 158 3000 2.83333333333333
230.655 18.96 0 0 "KDE LDA" 158 3000 2.84343434343434
231.53 18.97 0 0 "KDE LDA" 158 3000 2.85353535353535
231.865 19.005 0 0 "KDE LDA" 158 3000 2.86363636363636
231.895 19.01 0 0 "KDE LDA" 158 3000 2.87373737373737
235.535 19.035 0 0 "KDE LDA" 158 3000 2.88383838383838
237.05 19.04 0 0 "KDE LDA" 158 3000 2.89393939393939
237.055 19.04 0 0 "KDE LDA" 158 3000 2.9040404040404
238.48 19.055 0 0 "KDE LDA" 158 3000 2.91414141414141
238.545 19.105 0 0 "KDE LDA" 158 3000 2.92424242424242
245.25 19.11 0 0 "KDE LDA" 158 3000 2.93434343434343
248.465 19.14 0 0 "KDE LDA" 158 3000 2.94444444444444
255.14 19.145 0 0 "KDE LDA" 158 3000 2.95454545454545
255.815 19.215 0 0 "KDE LDA" 158 3000 2.96464646464646
255.87 19.425 0 0 "KDE LDA" 158 3000 2.97474747474747
255.89 19.43 0 0 "KDE LDA" 158 3000 2.98484848484848
256.38 19.5 0 0 "KDE LDA" 158 3000 2.99494949494949
256.945 19.535 0 0 "KDE LDA" 158 3000 3.00505050505051
259.455 19.56 0 0 "KDE LDA" 158 3000 3.01515151515152
261.54 19.58 0 0 "KDE LDA" 158 3000 3.02525252525253
261.54 19.605 0 0 "KDE LDA" 158 3000 3.03535353535354
262.525 19.61 0 0 "KDE LDA" 158 3000 3.04545454545455
266.73 19.825 0 0 "KDE LDA" 158 3000 3.05555555555556
271.945 20 0 0 "KDE LDA" 158 3000 3.06565656565657
277.46 20.025 0 0 "KDE LDA" 158 3000 3.07575757575758
287.45 20.08 0 0 "KDE LDA" 158 3000 3.08585858585859
294.335 20.22 0 0 "KDE LDA" 158 3000 3.0959595959596
299.895 20.44 0 0 "KDE LDA" 158 3000 3.10606060606061
302.975 20.47 0 0 "KDE LDA" 158 3000 3.11616161616162
305.76 20.525 0 0 "KDE LDA" 158 3000 3.12626262626263
308.47 20.75 0 0 "KDE LDA" 158 3000 3.13636363636364
308.475 20.84 0 0 "KDE LDA" 158 3000 3.14646464646465
315.245 20.855 0 0 "KDE LDA" 158 3000 3.15656565656566
315.27 20.915 0 0 "KDE LDA" 158 3000 3.16666666666667
315.305 20.965 0 0 "KDE LDA" 158 3000 3.17676767676768
317.01 21.005 0 0 "KDE LDA" 158 3000 3.18686868686869
318.205 21.16 0 0 "KDE LDA" 158 3000 3.1969696969697
335.63 21.22 0 0 "KDE LDA" 158 3000 3.20707070707071
346.85 21.26 0 0 "KDE LDA" 158 3000 3.21717171717172
365.28 21.81 0 0 "KDE LDA" 158 3000 3.22727272727273
367.835 21.88 0 0 "KDE LDA" 158 3000 3.23737373737374
369.635 21.905 0 0 "KDE LDA" 158 3000 3.24747474747475
374.975 21.93 0 0 "KDE LDA" 158 3000 3.25757575757576
376.51 21.99 0 0 "KDE LDA" 158 3000 3.26767676767677
376.53 22.01 0 0 "KDE LDA" 158 3000 3.27777777777778
381.68 22.035 0 0 "KDE LDA" 158 3000 3.28787878787879
385.22 22.095 0 0 "KDE LDA" 158 3000 3.2979797979798
391.21 22.13 0 0 "KDE LDA" 158 3000 3.30808080808081
392.805 22.22 0 0 "KDE LDA" 158 3000 3.31818181818182
397.795 22.245 0 0 "KDE LDA" 158 3000 3.32828282828283
404.775 22.255 0 0 "KDE LDA" 158 3000 3.33838383838384
416.56 22.34 0 0 "KDE LDA" 158 3000 3.34848484848485
467.94 22.655 0 0 "KDE LDA" 158 3000 3.35858585858586
469.045 22.665 0 0 "KDE LDA" 158 3000 3.36868686868687
474.415 22.675 0 0 "KDE LDA" 158 3000 3.37878787878788
474.425 22.725 0 0 "KDE LDA" 158 3000 3.38888888888889
475.375 22.745 0 0 "KDE LDA" 158 3000 3.3989898989899
475.51 22.81 0 0 "KDE LDA" 158 3000 3.40909090909091
475.695 22.91 0 0 "KDE LDA" 158 3000 3.41919191919192
483.925 23.035 0 0 "KDE LDA" 158 3000 3.42929292929293
483.93 23.035 0 0 "KDE LDA" 158 3000 3.43939393939394
489.535 23.045 0 0 "KDE LDA" 158 3000 3.44949494949495
494.38 23.075 0 0 "KDE LDA" 158 3000 3.45959595959596
497.345 23.095 0 0 "KDE LDA" 158 3000 3.46969696969697
499.82 23.195 0 0 "KDE LDA" 158 3000 3.47979797979798
505.13 23.22 0 0 "KDE LDA" 158 3000 3.48989898989899
513.765 23.345 0 0 "KDE LDA" 158 3000 3.5
119.965 12.355 0 0 "KDE QDA" 158 3000 2.7
120.795 12.355 0 0 "KDE QDA" 158 3000 2.71010101010101
121.26 12.405 0 0 "KDE QDA" 158 3000 2.72020202020202
121.91 12.41 0 0 "KDE QDA" 158 3000 2.73030303030303
121.91 12.41 0 0 "KDE QDA" 158 3000 2.74040404040404
121.935 12.41 0 0 "KDE QDA" 158 3000 2.75050505050505
121.935 12.41 0 0 "KDE QDA" 158 3000 2.76060606060606
121.94 12.41 0 0 "KDE QDA" 158 3000 2.77070707070707
121.98 12.415 0 0 "KDE QDA" 158 3000 2.78080808080808
122.1 12.415 0 0 "KDE QDA" 158 3000 2.79090909090909
149.15 13.765 0 0 "KDE QDA" 158 3000 2.8010101010101
149.165 13.765 0 0 "KDE QDA" 158 3000 2.81111111111111
149.165 13.765 0 0 "KDE QDA" 158 3000 2.82121212121212
151.275 13.805 0 0 "KDE QDA" 158 3000 2.83131313131313
151.695 13.805 0 0 "KDE QDA" 158 3000 2.84141414141414
151.71 13.805 0 0 "KDE QDA" 158 3000 2.85151515151515
151.71 13.805 0 0 "KDE QDA" 158 3000 2.86161616161616
151.715 13.805 0 0 "KDE QDA" 158 3000 2.87171717171717
153.36 13.83 0 0 "KDE QDA" 158 3000 2.88181818181818
153.36 13.83 0 0 "KDE QDA" 158 3000 2.89191919191919
153.36 13.83 0 0 "KDE QDA" 158 3000 2.9020202020202
153.365 13.83 0 0 "KDE QDA" 158 3000 2.91212121212121
153.365 13.83 0 0 "KDE QDA" 158 3000 2.92222222222222
153.365 13.83 0 0 "KDE QDA" 158 3000 2.93232323232323
153.365 13.83 0 0 "KDE QDA" 158 3000 2.94242424242424
153.365 13.83 0 0 "KDE QDA" 158 3000 2.95252525252525
159.205 14.295 0 0 "KDE QDA" 158 3000 2.96262626262626
159.595 14.305 0 0 "KDE QDA" 158 3000 2.97272727272727
159.65 14.31 0 0 "KDE QDA" 158 3000 2.98282828282828
159.65 14.31 0 0 "KDE QDA" 158 3000 2.99292929292929
161.975 14.31 0 0 "KDE QDA" 158 3000 3.0030303030303
164.07 14.315 0 0 "KDE QDA" 158 3000 3.01313131313131
164.5 14.32 0 0 "KDE QDA" 158 3000 3.02323232323232
164.5 14.32 0 0 "KDE QDA" 158 3000 3.03333333333333
164.505 14.32 0 0 "KDE QDA" 158 3000 3.04343434343434
164.55 14.32 0 0 "KDE QDA" 158 3000 3.05353535353535
164.66 14.32 0 0 "KDE QDA" 158 3000 3.06363636363636
164.69 14.32 0 0 "KDE QDA" 158 3000 3.07373737373737
164.7 14.325 0 0 "KDE QDA" 158 3000 3.08383838383838
171.21 14.605 0 0 "KDE QDA" 158 3000 3.09393939393939
172.59 14.605 0 0 "KDE QDA" 158 3000 3.1040404040404
172.59 14.605 0 0 "KDE QDA" 158 3000 3.11414141414141
174.51 14.615 0 0 "KDE QDA" 158 3000 3.12424242424242
174.51 14.615 0 0 "KDE QDA" 158 3000 3.13434343434343
174.53 14.635 0 0 "KDE QDA" 158 3000 3.14444444444444
174.535 14.69 0 0 "KDE QDA" 158 3000 3.15454545454545
174.535 14.69 0 0 "KDE QDA" 158 3000 3.16464646464646
174.585 14.705 0 0 "KDE QDA" 158 3000 3.17474747474748
174.585 14.71 0 0 "KDE QDA" 158 3000 3.18484848484849
174.61 14.71 0 0 "KDE QDA" 158 3000 3.19494949494949
174.61 14.71 0 0 "KDE QDA" 158 3000 3.20505050505051
174.715 14.71 0 0 "KDE QDA" 158 3000 3.21515151515152
195.71 15.665 0 0 "KDE QDA" 158 3000 3.22525252525253
196.85 15.67 0 0 "KDE QDA" 158 3000 3.23535353535354
196.85 15.67 0 0 "KDE QDA" 158 3000 3.24545454545455
200.28 15.765 0 0 "KDE QDA" 158 3000 3.25555555555556
201 15.845 0 0 "KDE QDA" 158 3000 3.26565656565657
203.75 15.855 0 0 "KDE QDA" 158 3000 3.27575757575758
204.045 15.86 0 0 "KDE QDA" 158 3000 3.28585858585859
205.14 15.865 0 0 "KDE QDA" 158 3000 3.2959595959596
205.15 15.865 0 0 "KDE QDA" 158 3000 3.30606060606061
205.155 15.865 0 0 "KDE QDA" 158 3000 3.31616161616162
205.2 15.865 0 0 "KDE QDA" 158 3000 3.32626262626263
205.2 15.87 0 0 "KDE QDA" 158 3000 3.33636363636364
207.99 15.87 0 0 "KDE QDA" 158 3000 3.34646464646465
207.995 15.87 0 0 "KDE QDA" 158 3000 3.35656565656566
253.685 16.41 0 0 "KDE QDA" 158 3000 3.36666666666667
253.685 16.41 0 0 "KDE QDA" 158 3000 3.37676767676768
269.185 16.6 0 0 "KDE QDA" 158 3000 3.38686868686869
271.2 16.605 0 0 "KDE QDA" 158 3000 3.3969696969697
273.135 16.605 0 0 "KDE QDA" 158 3000 3.40707070707071
273.215 16.645 0 0 "KDE QDA" 158 3000 3.41717171717172
273.23 16.645 0 0 "KDE QDA" 158 3000 3.42727272727273
278.44 16.645 0 0 "KDE QDA" 158 3000 3.43737373737374
278.57 16.65 0 0 "KDE QDA" 158 3000 3.44747474747475
278.57 16.65 0 0 "KDE QDA" 158 3000 3.45757575757576
280.05 16.655 0 0 "KDE QDA" 158 3000 3.46767676767677
280.05 16.655 0 0 "KDE QDA" 158 3000 3.47777777777778
280.055 16.655 0 0 "KDE QDA" 158 3000 3.48787878787879
280.055 16.655 0 0 "KDE QDA" 158 3000 3.4979797979798
280.055 16.655 0 0 "KDE QDA" 158 3000 3.50808080808081
283.9 16.73 0 0 "KDE QDA" 158 3000 3.51818181818182
287.135 16.765 0 0 "KDE QDA" 158 3000 3.52828282828283
289.515 16.765 0 0 "KDE QDA" 158 3000 3.53838383838384
298.375 16.785 0 0 "KDE QDA" 158 3000 3.54848484848485
298.375 16.785 0 0 "KDE QDA" 158 3000 3.55858585858586
298.38 16.805 0 0 "KDE QDA" 158 3000 3.56868686868687
298.38 16.805 0 0 "KDE QDA" 158 3000 3.57878787878788
298.38 16.81 0 0 "KDE QDA" 158 3000 3.58888888888889
301.51 16.81 0 0 "KDE QDA" 158 3000 3.5989898989899
301.51 16.815 0 0 "KDE QDA" 158 3000 3.60909090909091
301.51 16.815 0 0 "KDE QDA" 158 3000 3.61919191919192
301.51 16.815 0 0 "KDE QDA" 158 3000 3.62929292929293
301.52 16.82 0 0 "KDE QDA" 158 3000 3.63939393939394
304.1 16.82 0 0 "KDE QDA" 158 3000 3.64949494949495
324.835 17.455 0 0 "KDE QDA" 158 3000 3.65959595959596
324.835 17.455 0 0 "KDE QDA" 158 3000 3.66969696969697
331.13 17.485 0 0 "KDE QDA" 158 3000 3.67979797979798
331.135 17.485 0 0 "KDE QDA" 158 3000 3.68989898989899
331.14 17.485 0 0 "KDE QDA" 158 3000 3.7
