137.91 14.635 0 0 "KDE LDA" 19 800 2.4
137.92 14.885 0 0 "KDE LDA" 19 800 2.41010101010101
138.315 14.895 0 0 "KDE LDA" 19 800 2.42020202020202
138.77 14.915 0 0 "KDE LDA" 19 800 2.43030303030303
139.35 14.93 0 0 "KDE LDA" 19 800 2.44040404040404
139.625 14.97 0 0 "KDE LDA" 19 800 2.45050505050505
140.24 14.975 0 0 "KDE LDA" 19 800 2.46060606060606
140.245 14.985 0 0 "KDE LDA" 19 800 2.47070707070707
140.26 15.02 0 0 "KDE LDA" 19 800 2.48080808080808
140.265 15.18 0 0 "KDE LDA" 19 800 2.49090909090909
140.43 15.235 0 0 "KDE LDA" 19 800 2.5010101010101
141.79 15.24 0 0 "KDE LDA" 19 800 2.51111111111111
143.595 15.27 0 0 "KDE LDA" 19 800 2.52121212121212
153.04 15.35 0 0 "KDE LDA" 19 800 2.53131313131313
156.6 15.385 0 0 "KDE LDA" 19 800 2.54141414141414
156.955 15.44 0 0 "KDE LDA" 19 800 2.55151515151515
158.36 15.475 0 0 "KDE LDA" 19 800 2.56161616161616
160.035 15.485 0 0 "KDE LDA" 19 800 2.57171717171717
160.8 15.54 0 0 "KDE LDA" 19 800 2.58181818181818
161.805 15.78 0 0 "KDE LDA" 19 800 2.59191919191919
163.31 15.82 0 0 "KDE LDA" 19 800 2.6020202020202
164.005 15.95 0 0 "KDE LDA" 19 800 2.61212121212121
164.05 15.98 0 0 "KDE LDA" 19 800 2.62222222222222
164.445 16.01 0 0 "KDE LDA" 19 800 2.63232323232323
164.45 16.09 0 0 "KDE LDA" 19 800 2.64242424242424
165.17 16.1 0 0 "KDE LDA" 19 800 2.65252525252525
167.595 16.44 0 0 "KDE LDA" 19 800 2.66262626262626
187.985 17 0 0 "KDE LDA" 19 800 2.67272727272727
187.995 17.045 0 0 "KDE LDA" 19 800 2.68282828282828
188.35 17.13 0 0 "KDE LDA" 19 800 2.69292929292929
188.925 17.205 0 0 "KDE LDA" 19 800 2.7030303030303
190.445 17.21 0 0 "KDE LDA" 19 800 2.71313131313131
194.41 17.245 0 0 "KDE LDA" 19 800 2.72323232323232
194.525 17.375 0 0 "KDE LDA" 19 800 2.73333333333333
196.245 17.38 0 0 "KDE LDA" 19 800 2.74343434343434
200.61 17.395 0 0 "KDE LDA" 19 800 2.75353535353535
203.86 17.445 0 0 "KDE LDA" 19 800 2.76363636363636
203.88 17.575 0 0 "KDE LDA" 19 800 2.77373737373737
205.545 17.86 0 0 "KDE LDA" 19 800 2.78383838383838
209.565 17.96 0 0 "KDE LDA" 19 800 2.79393939393939
237.405 18.93 0 0 "KDE LDA" 19 800 2.8040404040404
239.03 18.945 0 0 "KDE LDA" 19 800 2.81414141414141
239.085 19.02 0 0 "KDE LDA" 19 800 2.82424242424242
244.9 19.155 0 0 "KDE LDA" 19 800 2.83434343434343
246.955 19.17 0 0 "KDE LDA" 19 800 2.84444444444444
247.49 19.36 0 0 "KDE LDA" 19 800 2.85454545454545
249.865 19.59 0 0 "KDE LDA" 19 800 2.86464646464646
251.69 19.605 0 0 "KDE LDA" 19 800 2.87474747474747
251.71 19.65 0 0 "KDE LDA" 19 800 2.88484848484848
254.27 19.685 0 0 "KDE LDA" 19 800 2.89494949494949
257.185 19.755 0 0 "KDE LDA" 19 800 2.90505050505051
257.765 19.775 0 0 "KDE LDA" 19 800 2.91515151515152
259.17 19.825 0 0 "KDE LDA" 19 800 2.92525252525253
262.52 19.83 0 0 "KDE LDA" 19 800 2.93535353535354
265.9 19.96 0 0 "KDE LDA" 19 800 2.94545454545455
268.745 20.01 0 0 "KDE LDA" 19 800 2.95555555555556
274.05 20.03 0 0 "KDE LDA" 19 800 2.96565656565657
274.065 20.15 0 0 "KDE LDA" 19 800 2.97575757575758
274.11 20.225 0 0 "KDE LDA" 19 800 2.98585858585859
274.755 20.34 0 0 "KDE LDA" 19 800 2.9959595959596
274.76 20.385 0 0 "KDE LDA" 19 800 3.00606060606061
276.23 20.395 0 0 "KDE LDA" 19 800 3.01616161616162
280.99 20.41 0 0 "KDE LDA" 19 800 3.02626262626263
283.76 20.435 0 0 "KDE LDA" 19 800 3.03636363636364
288.935 20.445 0 0 "KDE LDA" 19 800 3.04646464646465
288.935 20.515 0 0 "KDE LDA" 19 800 3.05656565656566
294.3 20.525 0 0 "KDE LDA" 19 800 3.06666666666667
294.3 20.545 0 0 "KDE LDA" 19 800 3.07676767676768
302.715 20.655 0 0 "KDE LDA" 19 800 3.08686868686869
312.35 20.795 0 0 "KDE LDA" 19 800 3.0969696969697
312.355 20.815 0 0 "KDE LDA" 19 800 3.10707070707071
315.455 20.82 0 0 "KDE LDA" 19 800 3.11717171717172
316.465 20.825 0 0 "KDE LDA" 19 800 3.12727272727273
317.48 20.845 0 0 "KDE LDA" 19 800 3.13737373737374
320.495 20.89 0 0 "KDE LDA" 19 800 3.14747474747475
322.63 20.99 0 0 "KDE LDA" 19 800 3.15757575757576
322.63 21.005 0 0 "KDE LDA" 19 800 3.16767676767677
328.56 21.18 0 0 "KDE LDA" 19 800 3.17777777777778
329.4 21.2 0 0 "KDE LDA" 19 800 3.18787878787879
334.24 21.235 0 0 "KDE LDA" 19 800 3.1979797979798
335.275 21.6 0 0 "KDE LDA" 19 800 3.20808080808081
347.05 21.63 0 0 "KDE LDA" 19 800 3.21818181818182
365.98 22.015 0 0 "KDE LDA" 19 800 3.22828282828283
367.065 22.125 0 0 "KDE LDA" 19 800 3.23838383838384
371.7 22.475 0 0 "KDE LDA" 19 800 3.24848484848485
377.065 22.52 0 0 "KDE LDA" 19 800 3.25858585858586
379.94 22.525 0 0 "KDE LDA" 19 800 3.26868686868687
379.94 22.665 0 0 "KDE LDA" 19 800 3.27878787878788
379.95 22.685 0 0 "KDE LDA" 19 800 3.28888888888889
380.145 22.705 0 0 "KDE LDA" 19 800 3.2989898989899
383.855 22.71 0 0 "KDE LDA" 19 800 3.30909090909091
387.605 22.745 0 0 "KDE LDA" 19 800 3.31919191919192
391 22.92 0 0 "KDE LDA" 19 800 3.32929292929293
391.99 22.935 0 0 "KDE LDA" 19 800 3.33939393939394
401.995 22.965 0 0 "KDE LDA" 19 800 3.34949494949495
478.735 23.32 0 0 "KDE LDA" 19 800 3.35959595959596
481.005 23.36 0 0 "KDE LDA" 19 800 3.36969696969697
481.47 23.495 0 0 "KDE LDA" 19 800 3.37979797979798
481.49 23.61 0 0 "KDE LDA" 19 800 3.38989898989899
481.915 23.65 0 0 "KDE LDA" 19 800 3.4
105.855 16.97 0 0 "KDE QDA" 19 800 4.3
106 17.06 0 0 "KDE QDA" 19 800 4.31010101010101
107.51 17.07 0 0 "KDE QDA" 19 800 4.32020202020202
108.025 17.2 0 0 "KDE QDA" 19 800 4.33030303030303
108.055 17.21 0 0 "KDE QDA" 19 800 4.34040404040404
111.65 17.405 0 0 "KDE QDA" 19 800 4.35050505050505
112.255 17.435 0 0 "KDE QDA" 19 800 4.36060606060606
112.675 17.57 0 0 "KDE QDA" 19 800 4.37070707070707
113.335 17.605 0 0 "KDE QDA" 19 800 4.38080808080808
113.415 17.62 0 0 "KDE QDA" 19 800 4.39090909090909
113.495 17.62 0 0 "KDE QDA" 19 800 4.4010101010101
114.505 17.645 0 0 "KDE QDA" 19 800 4.41111111111111
114.685 17.65 0 0 "KDE QDA" 19 800 4.42121212121212
114.995 17.665 0 0 "KDE QDA" 19 800 4.43131313131313
115.505 17.67 0 0 "KDE QDA" 19 800 4.44141414141414
115.54 17.685 0 0 "KDE QDA" 19 800 4.45151515151515
115.965 17.705 0 0 "KDE QDA" 19 800 4.46161616161616
118.705 17.79 0 0 "KDE QDA" 19 800 4.47171717171717
120.94 18.145 0 0 "KDE QDA" 19 800 4.48181818181818
120.965 18.17 0 0 "KDE QDA" 19 800 4.49191919191919
121.375 18.21 0 0 "KDE QDA" 19 800 4.5020202020202
121.48 18.275 0 0 "KDE QDA" 19 800 4.51212121212121
121.575 18.295 0 0 "KDE QDA" 19 800 4.52222222222222
121.69 18.33 0 0 "KDE QDA" 19 800 4.53232323232323
121.71 18.33 0 0 "KDE QDA" 19 800 4.54242424242424
123.18 18.375 0 0 "KDE QDA" 19 800 4.55252525252525
123.185 18.375 0 0 "KDE QDA" 19 800 4.56262626262626
123.205 18.385 0 0 "KDE QDA" 19 800 4.57272727272727
123.275 18.4 0 0 "KDE QDA" 19 800 4.58282828282828
123.71 18.42 0 0 "KDE QDA" 19 800 4.59292929292929
127.415 18.425 0 0 "KDE QDA" 19 800 4.6030303030303
127.42 18.53 0 0 "KDE QDA" 19 800 4.61313131313131
127.465 18.59 0 0 "KDE QDA" 19 800 4.62323232323232
127.495 18.62 0 0 "KDE QDA" 19 800 4.63333333333333
127.585 18.7 0 0 "KDE QDA" 19 800 4.64343434343434
127.595 18.71 0 0 "KDE QDA" 19 800 4.65353535353535
127.755 18.715 0 0 "KDE QDA" 19 800 4.66363636363636
129.035 18.755 0 0 "KDE QDA" 19 800 4.67373737373737
129.04 18.81 0 0 "KDE QDA" 19 800 4.68383838383838
129.065 18.835 0 0 "KDE QDA" 19 800 4.69393939393939
129.2 18.845 0 0 "KDE QDA" 19 800 4.7040404040404
129.205 18.86 0 0 "KDE QDA" 19 800 4.71414141414141
130.905 18.87 0 0 "KDE QDA" 19 800 4.72424242424242
131.34 18.9 0 0 "KDE QDA" 19 800 4.73434343434343
131.435 18.91 0 0 "KDE QDA" 19 800 4.74444444444444
131.45 18.95 0 0 "KDE QDA" 19 800 4.75454545454545
132.345 19.035 0 0 "KDE QDA" 19 800 4.76464646464646
133.05 19.2 0 0 "KDE QDA" 19 800 4.77474747474747
133.2 19.235 0 0 "KDE QDA" 19 800 4.78484848484849
133.49 19.265 0 0 "KDE QDA" 19 800 4.79494949494949
135 19.285 0 0 "KDE QDA" 19 800 4.80505050505051
136.97 19.29 0 0 "KDE QDA" 19 800 4.81515151515152
137.265 19.295 0 0 "KDE QDA" 19 800 4.82525252525252
137.345 19.315 0 0 "KDE QDA" 19 800 4.83535353535354
138.22 19.375 0 0 "KDE QDA" 19 800 4.84545454545455
138.285 19.385 0 0 "KDE QDA" 19 800 4.85555555555556
140.65 19.385 0 0 "KDE QDA" 19 800 4.86565656565657
146.04 19.395 0 0 "KDE QDA" 19 800 4.87575757575758
146.235 19.41 0 0 "KDE QDA" 19 800 4.88585858585859
146.685 19.445 0 0 "KDE QDA" 19 800 4.8959595959596
148.46 19.62 0 0 "KDE QDA" 19 800 4.90606060606061
148.7 19.66 0 0 "KDE QDA" 19 800 4.91616161616162
150.035 19.675 0 0 "KDE QDA" 19 800 4.92626262626263
150.61 19.715 0 0 "KDE QDA" 19 800 4.93636363636364
150.675 19.75 0 0 "KDE QDA" 19 800 4.94646464646465
152.1 19.755 0 0 "KDE QDA" 19 800 4.95656565656566
152.135 19.765 0 0 "KDE QDA" 19 800 4.96666666666667
152.155 19.775 0 0 "KDE QDA" 19 800 4.97676767676768
152.195 19.775 0 0 "KDE QDA" 19 800 4.98686868686869
152.225 19.805 0 0 "KDE QDA" 19 800 4.9969696969697
152.28 19.815 0 0 "KDE QDA" 19 800 5.00707070707071
152.375 19.83 0 0 "KDE QDA" 19 800 5.01717171717172
152.385 19.835 0 0 "KDE QDA" 19 800 5.02727272727273
153.665 20.06 0 0 "KDE QDA" 19 800 5.03737373737374
154.045 20.065 0 0 "KDE QDA" 19 800 5.04747474747475
154.095 20.1 0 0 "KDE QDA" 19 800 5.05757575757576
154.3 20.26 0 0 "KDE QDA" 19 800 5.06767676767677
154.445 20.29 0 0 "KDE QDA" 19 800 5.07777777777778
154.47 20.315 0 0 "KDE QDA" 19 800 5.08787878787879
154.53 20.33 0 0 "KDE QDA" 19 800 5.0979797979798
154.69 20.35 0 0 "KDE QDA" 19 800 5.10808080808081
154.78 20.385 0 0 "KDE QDA" 19 800 5.11818181818182
154.795 20.41 0 0 "KDE QDA" 19 800 5.12828282828283
155.43 20.425 0 0 "KDE QDA" 19 800 5.13838383838384
155.435 20.445 0 0 "KDE QDA" 19 800 5.14848484848485
155.52 20.455 0 0 "KDE QDA" 19 800 5.15858585858586
156.72 20.465 0 0 "KDE QDA" 19 800 5.16868686868687
158.765 20.51 0 0 "KDE QDA" 19 800 5.17878787878788
158.84 20.535 0 0 "KDE QDA" 19 800 5.18888888888889
159.79 20.675 0 0 "KDE QDA" 19 800 5.1989898989899
159.835 20.76 0 0 "KDE QDA" 19 800 5.20909090909091
159.865 20.77 0 0 "KDE QDA" 19 800 5.21919191919192
161.295 20.785 0 0 "KDE QDA" 19 800 5.22929292929293
163.05 20.815 0 0 "KDE QDA" 19 800 5.23939393939394
163.125 20.825 0 0 "KDE QDA" 19 800 5.24949494949495
163.315 20.94 0 0 "KDE QDA" 19 800 5.25959595959596
164.01 20.975 0 0 "KDE QDA" 19 800 5.26969696969697
164.095 21.005 0 0 "KDE QDA" 19 800 5.27979797979798
164.155 21.03 0 0 "KDE QDA" 19 800 5.28989898989899
166.175 21.035 0 0 "KDE QDA" 19 800 5.3
