34.304 0 28.7601239345162 "LDA" 31 2 3 1.5
36.055 0 29.7450288576384 "LDA" 31 2 3 1.53535353535354
37.769 0 31.2973987124516 "LDA" 31 2 3 1.57070707070707
39.133 0 32.3955673477682 "LDA" 31 2 3 1.60606060606061
41.096 0 33.7006011001957 "LDA" 31 2 3 1.64141414141414
43.116 0 35.4598074154661 "LDA" 31 2 3 1.67676767676768
44.019 0 36.2061807779628 "LDA" 31 2 3 1.71212121212121
45.617 0 37.548904527712 "LDA" 31 2 3 1.74747474747475
47.21 0 38.9212893769819 "LDA" 31 2 3 1.78282828282828
48.609 0 39.944607779908 "LDA" 31 2 3 1.81818181818182
50.503 0 41.3907620875261 "LDA" 31 2 3 1.85353535353535
52.242 0 42.987013379849 "LDA" 31 2 3 1.88888888888889
53.803 0 43.8294103109796 "LDA" 31 2 3 1.92424242424242
55.336 0 45.138038798186 "LDA" 31 2 3 1.95959595959596
56.925 0 47.1847833393222 "LDA" 31 2 3 1.99494949494949
59.42 0 48.9388660740378 "LDA" 31 2 3 2.03030303030303
61.199 0 50.5848220637695 "LDA" 31 2 3 2.06565656565657
63.194 0 52.8749858451813 "LDA" 31 2 3 2.1010101010101
64.867 0 53.8086673658035 "LDA" 31 2 3 2.13636363636364
67.07 0 56.6094844856737 "LDA" 31 2 3 2.17171717171717
68.742 0 57.1987161493082 "LDA" 31 2 3 2.20707070707071
70.993 0 59.2491131444886 "LDA" 31 2 3 2.24242424242424
73.103 0 60.480312989098 "LDA" 31 2 3 2.27777777777778
75.131 0 61.6184929844741 "LDA" 31 2 3 2.31313131313131
76.661 0 62.4247942242018 "LDA" 31 2 3 2.34848484848485
78.474 0 62.9799952667814 "LDA" 31 2 3 2.38383838383838
80.07 0 63.7239345916418 "LDA" 31 2 3 2.41919191919192
82.684 0 64.9847301999413 "LDA" 31 2 3 2.45454545454545
85.479 0 67.116437444006 "LDA" 31 2 3 2.48989898989899
87.827 0 69.1083282393087 "LDA" 31 2 3 2.52525252525253
90.057 0 70.6964761692034 "LDA" 31 2 3 2.56060606060606
92.422 0 72.2565632100429 "LDA" 31 2 3 2.5959595959596
94.964 0 74.6220151774873 "LDA" 31 2 3 2.63131313131313
97.807 0 78.7771895703102 "LDA" 31 2 3 2.66666666666667
99.991 0 80.7491507345083 "LDA" 31 2 3 2.7020202020202
102.323 0 82.2038085318262 "LDA" 31 2 3 2.73737373737374
106.12 0 87.3151735927928 "LDA" 31 2 3 2.77272727272727
110.168 0 92.5932140023192 "LDA" 31 2 3 2.80808080808081
111.621 0 93.5065496841469 "LDA" 31 2 3 2.84343434343434
115.44 0 98.2648481420512 "LDA" 31 2 3 2.87878787878788
118.696 0 100.348260360394 "LDA" 31 2 3 2.91414141414141
123.884 0 107.029958217108 "LDA" 31 2 3 2.94949494949495
127.129 0 108.779535512643 "LDA" 31 2 3 2.98484848484848
131.308 0 111.341295214399 "LDA" 31 2 3 3.02020202020202
134.353 0 114.131522356426 "LDA" 31 2 3 3.05555555555556
138.273 0 117.903892212254 "LDA" 31 2 3 3.09090909090909
141.27 0 118.995701926906 "LDA" 31 2 3 3.12626262626263
145.074 0 121.386998180725 "LDA" 31 2 3 3.16161616161616
147.659 0 122.360855251579 "LDA" 31 2 3 3.1969696969697
150.158 0 124.015462224962 "LDA" 31 2 3 3.23232323232323
153.483 0 127.586519785717 "LDA" 31 2 3 3.26767676767677
157.756 0 129.331493067617 "LDA" 31 2 3 3.3030303030303
161.422 0 131.078440155021 "LDA" 31 2 3 3.33838383838384
165.144 0 133.924108848747 "LDA" 31 2 3 3.37373737373737
169.667 0 139.446661783215 "LDA" 31 2 3 3.40909090909091
173.781 0 147.325584563126 "LDA" 31 2 3 3.44444444444444
178.372 0 150.395153905697 "LDA" 31 2 3 3.47979797979798
181.722 0 153.951179539754 "LDA" 31 2 3 3.51515151515152
186.238 0 155.961493142837 "LDA" 31 2 3 3.55050505050505
191.176 0 159.061011657255 "LDA" 31 2 3 3.58585858585859
195.416 0 165.371850061589 "LDA" 31 2 3 3.62121212121212
199.468 0 166.875979603323 "LDA" 31 2 3 3.65656565656566
202.228 0 168.677438011413 "LDA" 31 2 3 3.69191919191919
206.035 0 171.44138918279 "LDA" 31 2 3 3.72727272727273
209.714 0 174.798829615175 "LDA" 31 2 3 3.76262626262626
214.682 0 179.766250394174 "LDA" 31 2 3 3.7979797979798
216.827 0 181.029170664928 "LDA" 31 2 3 3.83333333333333
221.159 0 182.983126390232 "LDA" 31 2 3 3.86868686868687
224.173 0 186.662685154342 "LDA" 31 2 3 3.9040404040404
228.319 0 188.270536818786 "LDA" 31 2 3 3.93939393939394
230.931 0 190.9603311871 "LDA" 31 2 3 3.97474747474747
235.451 0 194.860735668593 "LDA" 31 2 3 4.01010101010101
239.726 0 198.450173583687 "LDA" 31 2 3 4.04545454545454
244.24 0 203.487841655716 "LDA" 31 2 3 4.08080808080808
251.265 0 209.515396752784 "LDA" 31 2 3 4.11616161616162
259.07 0 216.368922469496 "LDA" 31 2 3 4.15151515151515
265.685 0 225.390764610646 "LDA" 31 2 3 4.18686868686869
271.045 0 230.589983988281 "LDA" 31 2 3 4.22222222222222
275.819 0 237.210799084279 "LDA" 31 2 3 4.25757575757576
281.243 0 240.69236956698 "LDA" 31 2 3 4.29292929292929
287.393 0 245.148866033513 "LDA" 31 2 3 4.32828282828283
290.95 0 250.996216307339 "LDA" 31 2 3 4.36363636363636
299.599 0 258.448609752273 "LDA" 31 2 3 4.3989898989899
305.816 0 264.414813006642 "LDA" 31 2 3 4.43434343434343
312.825 0 271.534512293311 "LDA" 31 2 3 4.46969696969697
317.991 0 275.963201546162 "LDA" 31 2 3 4.50505050505051
321.107 0 277.117790516634 "LDA" 31 2 3 4.54040404040404
325.257 0 281.21085771623 "LDA" 31 2 3 4.57575757575758
332.093093093093 1 288.626063187378 "LDA" 31 2 3 4.61111111111111
334.487487487487 1 288.813347844902 "LDA" 31 2 3 4.64646464646465
336.11122244489 2 289.015099670972 "LDA" 31 2 3 4.68181818181818
340.197394789579 2 289.394650788402 "LDA" 31 2 3 4.71717171717172
344.366098294885 3 295.81783607939 "LDA" 31 2 3 4.75252525252525
352.374122367101 3 303.923908934531 "LDA" 31 2 3 4.78787878787879
358.699097291876 3 307.906484736125 "LDA" 31 2 3 4.82323232323232
363.575727181545 3 311.962603844415 "LDA" 31 2 3 4.85858585858586
373.132397191575 3 322.719180093734 "LDA" 31 2 3 4.89393939393939
376.880641925777 3 327.380467772752 "LDA" 31 2 3 4.92929292929293
382.748995983936 4 333.221871019332 "LDA" 31 2 3 4.96464646464646
387.481927710843 4 336.444657727337 "LDA" 31 2 3 5
33.443 0 29.3585196097091 "uLSIF" 31 2 3 1.5
34.913 0 30.4973362528356 "uLSIF" 31 2 3 1.53535353535354
36.343 0 32.0460653013955 "uLSIF" 31 2 3 1.57070707070707
37.818 0 33.2386173250585 "uLSIF" 31 2 3 1.60606060606061
39.91 0 35.5519879028423 "uLSIF" 31 2 3 1.64141414141414
42.085 0 38.3339440478835 "uLSIF" 31 2 3 1.67676767676768
43.9 0 39.684239174247 "uLSIF" 31 2 3 1.71212121212121
45.346 0 40.4051836137749 "uLSIF" 31 2 3 1.74747474747475
47.898 0 42.1809533892826 "uLSIF" 31 2 3 1.78282828282828
50.044 0 44.3397347316837 "uLSIF" 31 2 3 1.81818181818182
52.105 0 45.9454127846944 "uLSIF" 31 2 3 1.85353535353535
54.944 0 48.0384278942864 "uLSIF" 31 2 3 1.88888888888889
56.766 0 49.3840868299904 "uLSIF" 31 2 3 1.92424242424242
59.146 0 51.0954345066898 "uLSIF" 31 2 3 1.95959595959596
61.619 0 53.6044146714827 "uLSIF" 31 2 3 1.99494949494949
64.996 0 58.7562957161723 "uLSIF" 31 2 3 2.03030303030303
67.786 0 61.289384012181 "uLSIF" 31 2 3 2.06565656565657
69.521 0 62.6465174223208 "uLSIF" 31 2 3 2.1010101010101
72.344 0 65.3198464966533 "uLSIF" 31 2 3 2.13636363636364
74.85 0 67.3119930205933 "uLSIF" 31 2 3 2.17171717171717
77.249 0 70.2111430159316 "uLSIF" 31 2 3 2.20707070707071
80.072 0 71.7200710023671 "uLSIF" 31 2 3 2.24242424242424
82.135 0 73.0140659655989 "uLSIF" 31 2 3 2.27777777777778
84.637 0 75.4292304070498 "uLSIF" 31 2 3 2.31313131313131
88.978 0 81.4836370021558 "uLSIF" 31 2 3 2.34848484848485
91.761 0 85.9372159432925 "uLSIF" 31 2 3 2.38383838383838
95.374 0 89.8404999954889 "uLSIF" 31 2 3 2.41919191919192
99.912 0 93.3928073915356 "uLSIF" 31 2 3 2.45454545454545
104.279 0 96.3095565854692 "uLSIF" 31 2 3 2.48989898989899
108.27 0 98.3619142054798 "uLSIF" 31 2 3 2.52525252525253
112.546 0 101.946166700396 "uLSIF" 31 2 3 2.56060606060606
117.906 0 106.605571673867 "uLSIF" 31 2 3 2.5959595959596
121.215 0 109.578475154645 "uLSIF" 31 2 3 2.63131313131313
125.469 0 116.054649716074 "uLSIF" 31 2 3 2.66666666666667
128.276 0 118.117456616529 "uLSIF" 31 2 3 2.7020202020202
132.108 0 122.34636475584 "uLSIF" 31 2 3 2.73737373737374
135.237 0 124.164389527057 "uLSIF" 31 2 3 2.77272727272727
138.65 0 125.500190429329 "uLSIF" 31 2 3 2.80808080808081
144.328 0 132.180664789311 "uLSIF" 31 2 3 2.84343434343434
149.862 0 135.523058759222 "uLSIF" 31 2 3 2.87878787878788
154.507 0 137.678703423501 "uLSIF" 31 2 3 2.91414141414141
159.687 0 144.205999880038 "uLSIF" 31 2 3 2.94949494949495
166.263 0 153.130646265945 "uLSIF" 31 2 3 2.98484848484848
173.859 0 159.975646041284 "uLSIF" 31 2 3 3.02020202020202
178.277 0 163.110340733671 "uLSIF" 31 2 3 3.05555555555556
184.788 0 167.892146417957 "uLSIF" 31 2 3 3.09090909090909
190.338 0 171.621845386343 "uLSIF" 31 2 3 3.12626262626263
197.861 0 181.664508566403 "uLSIF" 31 2 3 3.16161616161616
205.795 0 189.995835197492 "uLSIF" 31 2 3 3.1969696969697
212.426 0 195.294542889663 "uLSIF" 31 2 3 3.23232323232323
217.765 0 199.4270315577 "uLSIF" 31 2 3 3.26767676767677
223.459 0 205.529279188158 "uLSIF" 31 2 3 3.3030303030303
230.58 0 212.378045084783 "uLSIF" 31 2 3 3.33838383838384
235.672672672673 1 216.214211221724 "uLSIF" 31 2 3 3.37373737373737
242.630630630631 1 222.202941017206 "uLSIF" 31 2 3 3.40909090909091
250.09619238477 2 230.840561557347 "uLSIF" 31 2 3 3.44444444444444
258.860721442886 2 244.911409361808 "uLSIF" 31 2 3 3.47979797979798
265.628256513026 2 248.575962455137 "uLSIF" 31 2 3 3.51515151515152
272.072144288577 2 258.113643118497 "uLSIF" 31 2 3 3.55050505050505
279.685370741483 2 262.231545311548 "uLSIF" 31 2 3 3.58585858585859
292.102204408818 2 276.958537817777 "uLSIF" 31 2 3 3.62121212121212
301.508016032064 2 281.034479328759 "uLSIF" 31 2 3 3.65656565656566
315.386773547094 2 299.613935316966 "uLSIF" 31 2 3 3.69191919191919
328 2 310.759947927186 "uLSIF" 31 2 3 3.72727272727273
336.363453815261 4 314.096388287729 "uLSIF" 31 2 3 3.76262626262626
347.069346733668 5 322.762952888991 "uLSIF" 31 2 3 3.7979797979798
360.056338028169 6 331.121656958616 "uLSIF" 31 2 3 3.83333333333333
367.788732394366 6 336.481775929292 "uLSIF" 31 2 3 3.86868686868687
376.84390735146 7 343.615215225865 "uLSIF" 31 2 3 3.9040404040404
390.902316213494 7 358.100963310719 "uLSIF" 31 2 3 3.93939393939394
403.61049445005 9 369.1105766964 "uLSIF" 31 2 3 3.97474747474747
410.337714863498 11 374.033790614556 "uLSIF" 31 2 3 4.01010101010101
423.610717896866 11 383.847756708769 "uLSIF" 31 2 3 4.04545454545454
429.8675429727 11 389.299965587731 "uLSIF" 31 2 3 4.08080808080808
442.06484295846 13 398.540682119543 "uLSIF" 31 2 3 4.11616161616162
454.424211597152 17 404.70743261272 "uLSIF" 31 2 3 4.15151515151515
472.206931702345 19 422.114970063729 "uLSIF" 31 2 3 4.18686868686869
478.859631147541 24 425.746239297984 "uLSIF" 31 2 3 4.22222222222222
493.302564102564 25 434.889022336809 "uLSIF" 31 2 3 4.25757575757576
506.538540596095 27 440.688427261891 "uLSIF" 31 2 3 4.29292929292929
521.222680412371 30 445.914551576382 "uLSIF" 31 2 3 4.32828282828283
535.615305067218 33 454.900497496601 "uLSIF" 31 2 3 4.36363636363636
546.974012474013 38 463.671344671213 "uLSIF" 31 2 3 4.3989898989899
559.043933054393 44 467.718582497441 "uLSIF" 31 2 3 4.43434343434343
568.234490010515 49 468.516697122815 "uLSIF" 31 2 3 4.46969696969697
582.166491043203 51 473.430870040378 "uLSIF" 31 2 3 4.50505050505051
595.47563559322 56 477.811904138653 "uLSIF" 31 2 3 4.54040404040404
609.472727272727 65 484.299373689502 "uLSIF" 31 2 3 4.57575757575758
619.733333333333 70 487.681984322566 "uLSIF" 31 2 3 4.61111111111111
623.768729641694 79 486.397714502521 "uLSIF" 31 2 3 4.64646464646465
632.660850599782 83 488.29545730982 "uLSIF" 31 2 3 4.68181818181818
644.499449944994 91 494.110154711157 "uLSIF" 31 2 3 4.71717171717172
656.446408839779 95 500.190699972933 "uLSIF" 31 2 3 4.75252525252525
663.320355951057 101 500.044541153598 "uLSIF" 31 2 3 4.78787878787879
671.665168539326 110 503.909626206753 "uLSIF" 31 2 3 4.82323232323232
685.904328018223 122 510.654613714635 "uLSIF" 31 2 3 4.85858585858586
697.104718066743 131 511.265105993697 "uLSIF" 31 2 3 4.89393939393939
709.189755529686 141 515.114394326394 "uLSIF" 31 2 3 4.92929292929293
716.757327080891 147 519.451352363876 "uLSIF" 31 2 3 4.96464646464646
719.228944246738 157 518.938365410313 "uLSIF" 31 2 3 5
