38.556 0 32.7097660155617 "LDA" 9 3 3 1.5
40.029 0 34.479486568016 "LDA" 9 3 3 1.53535353535354
42.287 0 36.8080081023201 "LDA" 9 3 3 1.57070707070707
43.831 0 37.68767437505 "LDA" 9 3 3 1.60606060606061
45.097 0 38.4690194371582 "LDA" 9 3 3 1.64141414141414
46.889 0 39.8579394140532 "LDA" 9 3 3 1.67676767676768
48.911 0 41.8672897253805 "LDA" 9 3 3 1.71212121212121
50.411 0 43.2316672828617 "LDA" 9 3 3 1.74747474747475
52.64 0 45.1867263722461 "LDA" 9 3 3 1.78282828282828
55.099 0 47.6752779869308 "LDA" 9 3 3 1.81818181818182
58.155 0 49.8484889123717 "LDA" 9 3 3 1.85353535353535
60.713 0 53.0920275973182 "LDA" 9 3 3 1.88888888888889
62.895 0 55.3472790324538 "LDA" 9 3 3 1.92424242424242
64.89 0 56.9201704653615 "LDA" 9 3 3 1.95959595959596
67.258 0 58.5346712961109 "LDA" 9 3 3 1.99494949494949
70.124 0 61.6847601408454 "LDA" 9 3 3 2.03030303030303
72.573 0 63.5825401380789 "LDA" 9 3 3 2.06565656565657
75.76 0 67.2267940767804 "LDA" 9 3 3 2.1010101010101
77.866 0 69.5854163900323 "LDA" 9 3 3 2.13636363636364
80.78 0 71.5681885030326 "LDA" 9 3 3 2.17171717171717
83.96 0 74.8998958236552 "LDA" 9 3 3 2.20707070707071
86.393 0 76.0527880986462 "LDA" 9 3 3 2.24242424242424
89.974 0 78.9671269018389 "LDA" 9 3 3 2.27777777777778
92.466 0 80.3039324414786 "LDA" 9 3 3 2.31313131313131
94.297 0 80.9969214988588 "LDA" 9 3 3 2.34848484848485
96.691 0 82.6531854683657 "LDA" 9 3 3 2.38383838383838
99.426 0 85.0834632564973 "LDA" 9 3 3 2.41919191919192
101.776 0 86.9741359504326 "LDA" 9 3 3 2.45454545454545
104.714 0 89.7788195536143 "LDA" 9 3 3 2.48989898989899
109.001 0 92.720267725277 "LDA" 9 3 3 2.52525252525253
111.939 0 94.4171164083657 "LDA" 9 3 3 2.56060606060606
113.768 0 95.0855585219934 "LDA" 9 3 3 2.5959595959596
116.295 0 96.2435285709735 "LDA" 9 3 3 2.63131313131313
120.107 0 99.4663214364546 "LDA" 9 3 3 2.66666666666667
125.276 0 106.439688233437 "LDA" 9 3 3 2.7020202020202
128.901 0 110.308726827093 "LDA" 9 3 3 2.73737373737374
132.55 0 113.396535547936 "LDA" 9 3 3 2.77272727272727
136.064 0 116.165779782139 "LDA" 9 3 3 2.80808080808081
139.828 0 121.134511952564 "LDA" 9 3 3 2.84343434343434
144.711 0 125.374104763086 "LDA" 9 3 3 2.87878787878788
151.06 0 131.76012724315 "LDA" 9 3 3 2.91414141414141
155.838 0 135.532057811776 "LDA" 9 3 3 2.94949494949495
158.857 0 137.904685392677 "LDA" 9 3 3 2.98484848484848
162.454 0 140.016951226023 "LDA" 9 3 3 3.02020202020202
166.131 0 142.778021426277 "LDA" 9 3 3 3.05555555555556
170.408 0 146.965773139444 "LDA" 9 3 3 3.09090909090909
174.029 0 149.313337085579 "LDA" 9 3 3 3.12626262626263
178.406 0 151.625926495391 "LDA" 9 3 3 3.16161616161616
183.519 0 155.547235853234 "LDA" 9 3 3 3.1969696969697
186.876 0 159.830204649554 "LDA" 9 3 3 3.23232323232323
191.808 0 161.795911731579 "LDA" 9 3 3 3.26767676767677
199.157 0 171.58440943326 "LDA" 9 3 3 3.3030303030303
205.152 0 175.880114597162 "LDA" 9 3 3 3.33838383838384
210.767 0 184.328613483498 "LDA" 9 3 3 3.37373737373737
212.807 0 185.070410405899 "LDA" 9 3 3 3.40909090909091
220.893 0 192.295832607569 "LDA" 9 3 3 3.44444444444444
228.963 0 200.460300216684 "LDA" 9 3 3 3.47979797979798
234.46 0 205.905579107288 "LDA" 9 3 3 3.51515151515152
240.082 0 210.536678441 "LDA" 9 3 3 3.55050505050505
246.247 0 219.975674310339 "LDA" 9 3 3 3.58585858585859
251.508 0 224.042350708322 "LDA" 9 3 3 3.62121212121212
255.219 0 226.874130102817 "LDA" 9 3 3 3.65656565656566
259.633 0 228.803407558345 "LDA" 9 3 3 3.69191919191919
265.108 0 234.504893085157 "LDA" 9 3 3 3.72727272727273
275.344 0 244.595405877904 "LDA" 9 3 3 3.76262626262626
284.849 0 256.061351270774 "LDA" 9 3 3 3.7979797979798
294.112 0 265.861497384995 "LDA" 9 3 3 3.83333333333333
301.51 0 271.073341840648 "LDA" 9 3 3 3.86868686868687
309.735 0 276.583255227196 "LDA" 9 3 3 3.9040404040404
318.243 0 284.499352956791 "LDA" 9 3 3 3.93939393939394
327.838 0 294.316945180226 "LDA" 9 3 3 3.97474747474747
333.915 0 298.424028314872 "LDA" 9 3 3 4.01010101010101
347.785785785786 1 310.314854262102 "LDA" 9 3 3 4.04545454545454
357.514514514515 1 318.39706172855 "LDA" 9 3 3 4.08080808080808
366.612224448898 2 325.52084787008 "LDA" 9 3 3 4.11616161616162
369.559679037111 3 328.57218449038 "LDA" 9 3 3 4.15151515151515
379.025075225677 3 337.373564556212 "LDA" 9 3 3 4.18686868686869
385.367469879518 4 341.481474597805 "LDA" 9 3 3 4.22222222222222
391.828140703518 5 346.156437594026 "LDA" 9 3 3 4.25757575757576
399.860301507538 5 351.021131257715 "LDA" 9 3 3 4.29292929292929
408.299497487437 5 357.826066283636 "LDA" 9 3 3 4.32828282828283
414.568844221106 5 361.321838337135 "LDA" 9 3 3 4.36363636363636
424.908542713568 5 369.231423012487 "LDA" 9 3 3 4.3989898989899
431.406030150754 5 371.664833491879 "LDA" 9 3 3 4.43434343434343
437.471299093656 7 375.03028027213 "LDA" 9 3 3 4.46969696969697
447.348439073515 7 379.058055601263 "LDA" 9 3 3 4.50505050505051
453.329637096774 8 381.085759923429 "LDA" 9 3 3 4.54040404040404
458.52774974773 9 381.47504384646 "LDA" 9 3 3 4.57575757575758
464.011144883485 13 386.539797548257 "LDA" 9 3 3 4.61111111111111
471.174442190669 14 391.220295732258 "LDA" 9 3 3 4.64646464646465
482.118661257607 14 394.857726888928 "LDA" 9 3 3 4.68181818181818
488.094608341811 17 398.869216581422 "LDA" 9 3 3 4.71717171717172
497.70498474059 17 407.135993690093 "LDA" 9 3 3 4.75252525252525
506.824489795918 20 411.68354345446 "LDA" 9 3 3 4.78787878787879
511.717058222676 21 413.133294771308 "LDA" 9 3 3 4.82323232323232
519.041922290389 22 416.947786643956 "LDA" 9 3 3 4.85858585858586
526.517948717949 25 420.196912180533 "LDA" 9 3 3 4.89393939393939
536.634121274409 27 425.488208754688 "LDA" 9 3 3 4.92929292929293
541.594232749743 29 427.304452325287 "LDA" 9 3 3 4.96464646464646
545.683178534572 31 427.582851349769 "LDA" 9 3 3 5
14.174 0 9.76324971743758 "uLSIF" 9 3 3 1.5
14.539 0 9.94360871888845 "uLSIF" 9 3 3 1.53535353535354
15.091 0 10.3308007649187 "uLSIF" 9 3 3 1.57070707070707
15.457 0 10.48590030017 "uLSIF" 9 3 3 1.60606060606061
15.908 0 10.8614689387535 "uLSIF" 9 3 3 1.64141414141414
16.506 0 11.4366411485523 "uLSIF" 9 3 3 1.67676767676768
16.965 0 11.6600914547328 "uLSIF" 9 3 3 1.71212121212121
17.488 0 12.0252427194823 "uLSIF" 9 3 3 1.74747474747475
17.977 0 12.2992578126789 "uLSIF" 9 3 3 1.78282828282828
18.535 0 12.5695970408669 "uLSIF" 9 3 3 1.81818181818182
19.1 0 13.1267021871569 "uLSIF" 9 3 3 1.85353535353535
19.714 0 13.7551229513737 "uLSIF" 9 3 3 1.88888888888889
20.284 0 14.2532978815606 "uLSIF" 9 3 3 1.92424242424242
20.884 0 14.6251303733826 "uLSIF" 9 3 3 1.95959595959596
21.669 0 15.5442936174039 "uLSIF" 9 3 3 1.99494949494949
22.255 0 15.7741814304198 "uLSIF" 9 3 3 2.03030303030303
22.751 0 16.0200387215712 "uLSIF" 9 3 3 2.06565656565657
23.307 0 16.3157885483956 "uLSIF" 9 3 3 2.1010101010101
23.746 0 16.4828750274086 "uLSIF" 9 3 3 2.13636363636364
24.278 0 17.0065263336737 "uLSIF" 9 3 3 2.17171717171717
24.767 0 17.2487167415211 "uLSIF" 9 3 3 2.20707070707071
25.233 0 17.4503072816562 "uLSIF" 9 3 3 2.24242424242424
25.778 0 17.8010559684979 "uLSIF" 9 3 3 2.27777777777778
26.201 0 17.9128855986541 "uLSIF" 9 3 3 2.31313131313131
26.539 0 18.0599180407786 "uLSIF" 9 3 3 2.34848484848485
27.217 0 18.6003732458487 "uLSIF" 9 3 3 2.38383838383838
27.713 0 18.9168834504915 "uLSIF" 9 3 3 2.41919191919192
28.331 0 19.3023319580568 "uLSIF" 9 3 3 2.45454545454545
28.834 0 19.558092007222 "uLSIF" 9 3 3 2.48989898989899
29.471 0 19.976892532004 "uLSIF" 9 3 3 2.52525252525253
30.045 0 20.2461572127128 "uLSIF" 9 3 3 2.56060606060606
30.748 0 20.4902011787182 "uLSIF" 9 3 3 2.5959595959596
31.279 0 21.2235623446819 "uLSIF" 9 3 3 2.63131313131313
31.941 0 22.0540222839032 "uLSIF" 9 3 3 2.66666666666667
32.436 0 22.4186194601385 "uLSIF" 9 3 3 2.7020202020202
33.017 0 22.646270433883 "uLSIF" 9 3 3 2.73737373737374
33.726 0 23.3298350873984 "uLSIF" 9 3 3 2.77272727272727
34.265 0 23.5881575409394 "uLSIF" 9 3 3 2.80808080808081
34.795 0 23.9219822806605 "uLSIF" 9 3 3 2.84343434343434
35.581 0 24.9243387407101 "uLSIF" 9 3 3 2.87878787878788
36.314 0 25.2360111796667 "uLSIF" 9 3 3 2.91414141414141
36.799 0 25.4819137218327 "uLSIF" 9 3 3 2.94949494949495
37.32 0 25.7958334818828 "uLSIF" 9 3 3 2.98484848484848
38.353 0 26.5227798099831 "uLSIF" 9 3 3 3.02020202020202
38.855 0 26.8315095532269 "uLSIF" 9 3 3 3.05555555555556
39.324 0 27.0821059828157 "uLSIF" 9 3 3 3.09090909090909
40.071 0 28.0462573537282 "uLSIF" 9 3 3 3.12626262626263
40.484 0 28.2737183113072 "uLSIF" 9 3 3 3.16161616161616
40.798 0 28.3013809586063 "uLSIF" 9 3 3 3.1969696969697
41.476 0 28.6226252932654 "uLSIF" 9 3 3 3.23232323232323
42.207 0 29.72075830921 "uLSIF" 9 3 3 3.26767676767677
43.038 0 30.0412221960264 "uLSIF" 9 3 3 3.3030303030303
43.844 0 30.576700256872 "uLSIF" 9 3 3 3.33838383838384
44.508 0 31.1593459629826 "uLSIF" 9 3 3 3.37373737373737
45.297 0 31.6417444365982 "uLSIF" 9 3 3 3.40909090909091
46.075 0 31.8540744184642 "uLSIF" 9 3 3 3.44444444444444
46.731 0 32.1021991488152 "uLSIF" 9 3 3 3.47979797979798
47.833 0 33.1153399006674 "uLSIF" 9 3 3 3.51515151515152
48.39 0 33.4066745711977 "uLSIF" 9 3 3 3.55050505050505
49.602 0 34.3614654272239 "uLSIF" 9 3 3 3.58585858585859
50.214 0 34.5694844227283 "uLSIF" 9 3 3 3.62121212121212
50.874 0 34.6901070555789 "uLSIF" 9 3 3 3.65656565656566
51.723 0 36.3009921769782 "uLSIF" 9 3 3 3.69191919191919
52.756 0 37.5368549492293 "uLSIF" 9 3 3 3.72727272727273
53.378 0 37.7632517029344 "uLSIF" 9 3 3 3.76262626262626
54.36 0 38.3773790561995 "uLSIF" 9 3 3 3.7979797979798
54.886 0 38.6925848208687 "uLSIF" 9 3 3 3.83333333333333
55.43 0 39.1142048496582 "uLSIF" 9 3 3 3.86868686868687
55.849 0 39.2057813631139 "uLSIF" 9 3 3 3.9040404040404
56.524 0 39.6553649834669 "uLSIF" 9 3 3 3.93939393939394
57.321 0 39.9011787177154 "uLSIF" 9 3 3 3.97474747474747
58.086 0 40.8597371763711 "uLSIF" 9 3 3 4.01010101010101
58.939 0 41.7845812499088 "uLSIF" 9 3 3 4.04545454545454
59.587 0 42.0401451567999 "uLSIF" 9 3 3 4.08080808080808
60.358 0 42.2783312501013 "uLSIF" 9 3 3 4.11616161616162
60.95 0 42.4902214505752 "uLSIF" 9 3 3 4.15151515151515
62.301 0 44.1262453028186 "uLSIF" 9 3 3 4.18686868686869
62.942 0 44.2187282939246 "uLSIF" 9 3 3 4.22222222222222
63.442 0 44.3697341586504 "uLSIF" 9 3 3 4.25757575757576
63.908 0 44.4396942206224 "uLSIF" 9 3 3 4.29292929292929
64.708 0 44.7553771046539 "uLSIF" 9 3 3 4.32828282828283
65.172 0 44.9990147372954 "uLSIF" 9 3 3 4.36363636363636
66.017 0 45.3026604300679 "uLSIF" 9 3 3 4.3989898989899
67.013 0 45.7886605223655 "uLSIF" 9 3 3 4.43434343434343
67.722 0 45.9504533183315 "uLSIF" 9 3 3 4.46969696969697
68.3 0 46.1682521599801 "uLSIF" 9 3 3 4.50505050505051
69.074 0 46.3592893356629 "uLSIF" 9 3 3 4.54040404040404
69.757 0 46.6534725127455 "uLSIF" 9 3 3 4.57575757575758
70.603 0 47.7839166843164 "uLSIF" 9 3 3 4.61111111111111
71.457 0 48.1835636582311 "uLSIF" 9 3 3 4.64646464646465
72.107 0 48.3075270342849 "uLSIF" 9 3 3 4.68181818181818
72.871 0 48.7492035200971 "uLSIF" 9 3 3 4.71717171717172
73.542 0 48.9500801464752 "uLSIF" 9 3 3 4.75252525252525
74.258 0 49.5202755817624 "uLSIF" 9 3 3 4.78787878787879
74.809 0 49.9053610753801 "uLSIF" 9 3 3 4.82323232323232
75.642 0 50.2086520904988 "uLSIF" 9 3 3 4.85858585858586
76.408 0 51.1725137369874 "uLSIF" 9 3 3 4.89393939393939
76.978 0 51.3909383504966 "uLSIF" 9 3 3 4.92929292929293
77.849 0 52.200604422766 "uLSIF" 9 3 3 4.96464646464646
78.971 0 52.744555616169 "uLSIF" 9 3 3 5
