123.185 14.775 0 0 "KDE LDA" 25 3000 2.5
123.215 14.825 0 0 "KDE LDA" 25 3000 2.51010101010101
124.21 14.955 0 0 "KDE LDA" 25 3000 2.52020202020202
133.095 15.105 0 0 "KDE LDA" 25 3000 2.53030303030303
133.455 15.225 0 0 "KDE LDA" 25 3000 2.54040404040404
134.155 15.34 0 0 "KDE LDA" 25 3000 2.55050505050505
135.745 15.345 0 0 "KDE LDA" 25 3000 2.56060606060606
135.885 15.365 0 0 "KDE LDA" 25 3000 2.57070707070707
135.955 15.375 0 0 "KDE LDA" 25 3000 2.58080808080808
138.065 15.405 0 0 "KDE LDA" 25 3000 2.59090909090909
138.075 15.445 0 0 "KDE LDA" 25 3000 2.6010101010101
138.295 15.5 0 0 "KDE LDA" 25 3000 2.61111111111111
141.17 15.53 0 0 "KDE LDA" 25 3000 2.62121212121212
141.665 15.56 0 0 "KDE LDA" 25 3000 2.63131313131313
143.75 15.64 0 0 "KDE LDA" 25 3000 2.64141414141414
148.885 15.745 0 0 "KDE LDA" 25 3000 2.65151515151515
151.27 15.89 0 0 "KDE LDA" 25 3000 2.66161616161616
157.54 16.22 0 0 "KDE LDA" 25 3000 2.67171717171717
158.715 16.35 0 0 "KDE LDA" 25 3000 2.68181818181818
158.72 16.7 0 0 "KDE LDA" 25 3000 2.69191919191919
161.325 16.715 0 0 "KDE LDA" 25 3000 2.7020202020202
161.51 16.735 0 0 "KDE LDA" 25 3000 2.71212121212121
161.59 16.735 0 0 "KDE LDA" 25 3000 2.72222222222222
161.67 16.79 0 0 "KDE LDA" 25 3000 2.73232323232323
166.035 16.84 0 0 "KDE LDA" 25 3000 2.74242424242424
171.695 16.945 0 0 "KDE LDA" 25 3000 2.75252525252525
172.615 17.065 0 0 "KDE LDA" 25 3000 2.76262626262626
173.425 17.095 0 0 "KDE LDA" 25 3000 2.77272727272727
175.605 17.19 0 0 "KDE LDA" 25 3000 2.78282828282828
186.91 17.485 0 0 "KDE LDA" 25 3000 2.79292929292929
209.46 17.93 0 0 "KDE LDA" 25 3000 2.8030303030303
210.05 17.93 0 0 "KDE LDA" 25 3000 2.81313131313131
212.205 17.95 0 0 "KDE LDA" 25 3000 2.82323232323232
212.83 17.99 0 0 "KDE LDA" 25 3000 2.83333333333333
212.835 17.99 0 0 "KDE LDA" 25 3000 2.84343434343434
212.84 18 0 0 "KDE LDA" 25 3000 2.85353535353535
216.975 18.005 0 0 "KDE LDA" 25 3000 2.86363636363636
216.975 18.01 0 0 "KDE LDA" 25 3000 2.87373737373737
219.31 18.235 0 0 "KDE LDA" 25 3000 2.88383838383838
219.34 18.26 0 0 "KDE LDA" 25 3000 2.89393939393939
223.51 18.265 0 0 "KDE LDA" 25 3000 2.9040404040404
223.81 18.435 0 0 "KDE LDA" 25 3000 2.91414141414141
229.35 18.44 0 0 "KDE LDA" 25 3000 2.92424242424242
229.39 18.475 0 0 "KDE LDA" 25 3000 2.93434343434343
231.04 18.53 0 0 "KDE LDA" 25 3000 2.94444444444444
232.705 18.535 0 0 "KDE LDA" 25 3000 2.95454545454545
234.315 18.565 0 0 "KDE LDA" 25 3000 2.96464646464646
242.21 18.62 0 0 "KDE LDA" 25 3000 2.97474747474747
244.98 18.75 0 0 "KDE LDA" 25 3000 2.98484848484848
245.535 18.875 0 0 "KDE LDA" 25 3000 2.99494949494949
245.54 18.915 0 0 "KDE LDA" 25 3000 3.00505050505051
245.85 18.955 0 0 "KDE LDA" 25 3000 3.01515151515152
247.805 18.96 0 0 "KDE LDA" 25 3000 3.02525252525253
248.495 19.005 0 0 "KDE LDA" 25 3000 3.03535353535354
250.595 19.325 0 0 "KDE LDA" 25 3000 3.04545454545455
252.24 19.525 0 0 "KDE LDA" 25 3000 3.05555555555556
256.96 19.58 0 0 "KDE LDA" 25 3000 3.06565656565657
257.665 19.64 0 0 "KDE LDA" 25 3000 3.07575757575758
261.885 19.7 0 0 "KDE LDA" 25 3000 3.08585858585859
269.295 19.91 0 0 "KDE LDA" 25 3000 3.0959595959596
275.26 19.92 0 0 "KDE LDA" 25 3000 3.10606060606061
275.265 19.935 0 0 "KDE LDA" 25 3000 3.11616161616162
276.635 19.965 0 0 "KDE LDA" 25 3000 3.12626262626263
278.025 19.985 0 0 "KDE LDA" 25 3000 3.13636363636364
279.965 19.985 0 0 "KDE LDA" 25 3000 3.14646464646465
279.975 20.46 0 0 "KDE LDA" 25 3000 3.15656565656566
284.03 20.475 0 0 "KDE LDA" 25 3000 3.16666666666667
284.14 20.48 0 0 "KDE LDA" 25 3000 3.17676767676768
284.145 20.605 0 0 "KDE LDA" 25 3000 3.18686868686869
285.405 20.65 0 0 "KDE LDA" 25 3000 3.1969696969697
290.33 20.765 0 0 "KDE LDA" 25 3000 3.20707070707071
293.275 21.195 0 0 "KDE LDA" 25 3000 3.21717171717172
320.215 21.38 0 0 "KDE LDA" 25 3000 3.22727272727273
325.565 21.455 0 0 "KDE LDA" 25 3000 3.23737373737374
334.76 21.5 0 0 "KDE LDA" 25 3000 3.24747474747475
334.865 21.5 0 0 "KDE LDA" 25 3000 3.25757575757576
334.87 21.51 0 0 "KDE LDA" 25 3000 3.26767676767677
337.82 21.515 0 0 "KDE LDA" 25 3000 3.27777777777778
340.47 21.52 0 0 "KDE LDA" 25 3000 3.28787878787879
346.175 21.53 0 0 "KDE LDA" 25 3000 3.2979797979798
347.36 21.545 0 0 "KDE LDA" 25 3000 3.30808080808081
348.55 21.59 0 0 "KDE LDA" 25 3000 3.31818181818182
354.14 21.66 0 0 "KDE LDA" 25 3000 3.32828282828283
377.61 21.695 0 0 "KDE LDA" 25 3000 3.33838383838384
384.34 21.86 0 0 "KDE LDA" 25 3000 3.34848484848485
443.79 22.08 0 0 "KDE LDA" 25 3000 3.35858585858586
446.765 22.205 0 0 "KDE LDA" 25 3000 3.36868686868687
453.075 22.21 0 0 "KDE LDA" 25 3000 3.37878787878788
460.65 22.395 0 0 "KDE LDA" 25 3000 3.38888888888889
460.665 22.4 0 0 "KDE LDA" 25 3000 3.3989898989899
463.71 22.405 0 0 "KDE LDA" 25 3000 3.40909090909091
463.715 22.53 0 0 "KDE LDA" 25 3000 3.41919191919192
470.38 22.59 0 0 "KDE LDA" 25 3000 3.42929292929293
470.39 22.605 0 0 "KDE LDA" 25 3000 3.43939393939394
471.515 22.635 0 0 "KDE LDA" 25 3000 3.44949494949495
480.94 22.825 0 0 "KDE LDA" 25 3000 3.45959595959596
489.78 22.885 0 0 "KDE LDA" 25 3000 3.46969696969697
493.575 23.15 0 0 "KDE LDA" 25 3000 3.47979797979798
514.62 23.34 0 0 "KDE LDA" 25 3000 3.48989898989899
515.655 23.615 0 0 "KDE LDA" 25 3000 3.5
97.42 12.29 0 0 "KDE QDA" 25 3000 2.7
97.42 12.315 0 0 "KDE QDA" 25 3000 2.71010101010101
101.085 12.32 0 0 "KDE QDA" 25 3000 2.72020202020202
101.085 12.32 0 0 "KDE QDA" 25 3000 2.73030303030303
101.085 12.32 0 0 "KDE QDA" 25 3000 2.74040404040404
101.085 12.32 0 0 "KDE QDA" 25 3000 2.75050505050505
101.085 12.32 0 0 "KDE QDA" 25 3000 2.76060606060606
101.085 12.36 0 0 "KDE QDA" 25 3000 2.77070707070707
101.09 12.36 0 0 "KDE QDA" 25 3000 2.78080808080808
101.26 12.365 0 0 "KDE QDA" 25 3000 2.79090909090909
121.58 13.315 0 0 "KDE QDA" 25 3000 2.8010101010101
121.58 13.315 0 0 "KDE QDA" 25 3000 2.81111111111111
121.585 13.32 0 0 "KDE QDA" 25 3000 2.82121212121212
124.845 13.415 0 0 "KDE QDA" 25 3000 2.83131313131313
124.935 13.42 0 0 "KDE QDA" 25 3000 2.84141414141414
124.945 13.45 0 0 "KDE QDA" 25 3000 2.85151515151515
126.15 13.46 0 0 "KDE QDA" 25 3000 2.86161616161616
126.615 13.46 0 0 "KDE QDA" 25 3000 2.87171717171717
126.615 13.465 0 0 "KDE QDA" 25 3000 2.88181818181818
126.925 13.465 0 0 "KDE QDA" 25 3000 2.89191919191919
126.925 13.465 0 0 "KDE QDA" 25 3000 2.9020202020202
126.925 13.465 0 0 "KDE QDA" 25 3000 2.91212121212121
126.925 13.485 0 0 "KDE QDA" 25 3000 2.92222222222222
128.17 13.49 0 0 "KDE QDA" 25 3000 2.93232323232323
128.17 13.49 0 0 "KDE QDA" 25 3000 2.94242424242424
128.465 13.49 0 0 "KDE QDA" 25 3000 2.95252525252525
136.815 13.78 0 0 "KDE QDA" 25 3000 2.96262626262626
136.85 13.78 0 0 "KDE QDA" 25 3000 2.97272727272727
136.855 13.785 0 0 "KDE QDA" 25 3000 2.98282828282828
136.88 13.79 0 0 "KDE QDA" 25 3000 2.99292929292929
136.88 13.8 0 0 "KDE QDA" 25 3000 3.0030303030303
139.2 13.8 0 0 "KDE QDA" 25 3000 3.01313131313131
139.2 13.8 0 0 "KDE QDA" 25 3000 3.02323232323232
139.2 13.8 0 0 "KDE QDA" 25 3000 3.03333333333333
139.215 13.8 0 0 "KDE QDA" 25 3000 3.04343434343434
139.23 13.8 0 0 "KDE QDA" 25 3000 3.05353535353535
140.265 13.8 0 0 "KDE QDA" 25 3000 3.06363636363636
140.265 13.8 0 0 "KDE QDA" 25 3000 3.07373737373737
140.575 13.8 0 0 "KDE QDA" 25 3000 3.08383838383838
167.415 14.29 0 0 "KDE QDA" 25 3000 3.09393939393939
172.465 14.29 0 0 "KDE QDA" 25 3000 3.1040404040404
172.465 14.295 0 0 "KDE QDA" 25 3000 3.11414141414141
177.47 14.375 0 0 "KDE QDA" 25 3000 3.12424242424242
177.475 14.38 0 0 "KDE QDA" 25 3000 3.13434343434343
177.475 14.38 0 0 "KDE QDA" 25 3000 3.14444444444444
177.475 14.53 0 0 "KDE QDA" 25 3000 3.15454545454545
177.475 14.53 0 0 "KDE QDA" 25 3000 3.16464646464646
177.475 14.53 0 0 "KDE QDA" 25 3000 3.17474747474748
177.475 14.53 0 0 "KDE QDA" 25 3000 3.18484848484849
178.215 14.53 0 0 "KDE QDA" 25 3000 3.19494949494949
178.22 14.53 0 0 "KDE QDA" 25 3000 3.20505050505051
178.425 14.535 0 0 "KDE QDA" 25 3000 3.21515151515152
194.105 14.915 0 0 "KDE QDA" 25 3000 3.22525252525253
194.705 14.92 0 0 "KDE QDA" 25 3000 3.23535353535354
196.425 14.925 0 0 "KDE QDA" 25 3000 3.24545454545455
202.38 14.98 0 0 "KDE QDA" 25 3000 3.25555555555556
203.14 14.985 0 0 "KDE QDA" 25 3000 3.26565656565657
203.28 14.995 0 0 "KDE QDA" 25 3000 3.27575757575758
203.305 15.01 0 0 "KDE QDA" 25 3000 3.28585858585859
205.94 15.01 0 0 "KDE QDA" 25 3000 3.2959595959596
206.575 15.01 0 0 "KDE QDA" 25 3000 3.30606060606061
206.575 15.01 0 0 "KDE QDA" 25 3000 3.31616161616162
206.575 15.015 0 0 "KDE QDA" 25 3000 3.32626262626263
206.575 15.015 0 0 "KDE QDA" 25 3000 3.33636363636364
206.58 15.015 0 0 "KDE QDA" 25 3000 3.34646464646465
209.31 15.145 0 0 "KDE QDA" 25 3000 3.35656565656566
240.705 15.855 0 0 "KDE QDA" 25 3000 3.36666666666667
241.12 15.855 0 0 "KDE QDA" 25 3000 3.37676767676768
260.865 16.23 0 0 "KDE QDA" 25 3000 3.38686868686869
262.81 16.235 0 0 "KDE QDA" 25 3000 3.3969696969697
262.81 16.235 0 0 "KDE QDA" 25 3000 3.40707070707071
264.36 16.265 0 0 "KDE QDA" 25 3000 3.41717171717172
267.755 16.265 0 0 "KDE QDA" 25 3000 3.42727272727273
267.775 16.335 0 0 "KDE QDA" 25 3000 3.43737373737374
267.775 16.335 0 0 "KDE QDA" 25 3000 3.44747474747475
267.775 16.335 0 0 "KDE QDA" 25 3000 3.45757575757576
267.775 16.335 0 0 "KDE QDA" 25 3000 3.46767676767677
269.515 16.335 0 0 "KDE QDA" 25 3000 3.47777777777778
269.515 16.34 0 0 "KDE QDA" 25 3000 3.48787878787879
269.515 16.375 0 0 "KDE QDA" 25 3000 3.4979797979798
269.515 16.375 0 0 "KDE QDA" 25 3000 3.50808080808081
280.195 16.62 0 0 "KDE QDA" 25 3000 3.51818181818182
280.23 16.63 0 0 "KDE QDA" 25 3000 3.52828282828283
280.23 16.63 0 0 "KDE QDA" 25 3000 3.53838383838384
285.865 16.68 0 0 "KDE QDA" 25 3000 3.54848484848485
286.375 16.7 0 0 "KDE QDA" 25 3000 3.55858585858586
286.38 16.7 0 0 "KDE QDA" 25 3000 3.56868686868687
286.4 16.715 0 0 "KDE QDA" 25 3000 3.57878787878788
290.13 16.715 0 0 "KDE QDA" 25 3000 3.58888888888889
290.36 16.715 0 0 "KDE QDA" 25 3000 3.5989898989899
290.365 16.715 0 0 "KDE QDA" 25 3000 3.60909090909091
290.61 16.715 0 0 "KDE QDA" 25 3000 3.61919191919192
290.61 16.715 0 0 "KDE QDA" 25 3000 3.62929292929293
291.1 16.715 0 0 "KDE QDA" 25 3000 3.63939393939394
291.125 16.72 0 0 "KDE QDA" 25 3000 3.64949494949495
317.225 17.285 0 0 "KDE QDA" 25 3000 3.65959595959596
317.27 17.315 0 0 "KDE QDA" 25 3000 3.66969696969697
327.705 17.48 0 0 "KDE QDA" 25 3000 3.67979797979798
327.74 17.485 0 0 "KDE QDA" 25 3000 3.68989898989899
327.74 17.51 0 0 "KDE QDA" 25 3000 3.7
