140.025 13.98 0 0 "KDE LDA" 146 5000 2.5
141.495 13.99 0 0 "KDE LDA" 146 5000 2.51010101010101
149.01 14.01 0 0 "KDE LDA" 146 5000 2.52020202020202
149.775 14.055 0 0 "KDE LDA" 146 5000 2.53030303030303
152.315 14.195 0 0 "KDE LDA" 146 5000 2.54040404040404
152.36 14.24 0 0 "KDE LDA" 146 5000 2.55050505050505
154.11 14.285 0 0 "KDE LDA" 146 5000 2.56060606060606
154.33 14.31 0 0 "KDE LDA" 146 5000 2.57070707070707
154.605 14.38 0 0 "KDE LDA" 146 5000 2.58080808080808
156.56 14.405 0 0 "KDE LDA" 146 5000 2.59090909090909
156.56 14.485 0 0 "KDE LDA" 146 5000 2.6010101010101
156.565 14.56 0 0 "KDE LDA" 146 5000 2.61111111111111
157.69 14.64 0 0 "KDE LDA" 146 5000 2.62121212121212
158.705 14.695 0 0 "KDE LDA" 146 5000 2.63131313131313
158.825 14.71 0 0 "KDE LDA" 146 5000 2.64141414141414
162.58 14.885 0 0 "KDE LDA" 146 5000 2.65151515151515
169.615 15.245 0 0 "KDE LDA" 146 5000 2.66161616161616
173.815 16 0 0 "KDE LDA" 146 5000 2.67171717171717
174.86 16.045 0 0 "KDE LDA" 146 5000 2.68181818181818
175.485 16.065 0 0 "KDE LDA" 146 5000 2.69191919191919
178.545 16.07 0 0 "KDE LDA" 146 5000 2.7020202020202
181.865 16.115 0 0 "KDE LDA" 146 5000 2.71212121212121
182.225 16.205 0 0 "KDE LDA" 146 5000 2.72222222222222
182.285 16.38 0 0 "KDE LDA" 146 5000 2.73232323232323
183.98 16.39 0 0 "KDE LDA" 146 5000 2.74242424242424
184.04 16.425 0 0 "KDE LDA" 146 5000 2.75252525252525
185.71 16.595 0 0 "KDE LDA" 146 5000 2.76262626262626
186.82 16.76 0 0 "KDE LDA" 146 5000 2.77272727272727
199.78 16.865 0 0 "KDE LDA" 146 5000 2.78282828282828
215.42 16.99 0 0 "KDE LDA" 146 5000 2.79292929292929
254.23 17.65 0 0 "KDE LDA" 146 5000 2.8030303030303
257.255 17.66 0 0 "KDE LDA" 146 5000 2.81313131313131
264.42 17.985 0 0 "KDE LDA" 146 5000 2.82323232323232
264.465 18.02 0 0 "KDE LDA" 146 5000 2.83333333333333
264.495 18.04 0 0 "KDE LDA" 146 5000 2.84343434343434
266.925 18.065 0 0 "KDE LDA" 146 5000 2.85353535353535
267.995 18.11 0 0 "KDE LDA" 146 5000 2.86363636363636
270.865 18.14 0 0 "KDE LDA" 146 5000 2.87373737373737
272.34 18.15 0 0 "KDE LDA" 146 5000 2.88383838383838
272.88 18.17 0 0 "KDE LDA" 146 5000 2.89393939393939
273.05 18.175 0 0 "KDE LDA" 146 5000 2.9040404040404
273.055 18.265 0 0 "KDE LDA" 146 5000 2.91414141414141
275.26 18.415 0 0 "KDE LDA" 146 5000 2.92424242424242
275.365 18.51 0 0 "KDE LDA" 146 5000 2.93434343434343
278.225 18.53 0 0 "KDE LDA" 146 5000 2.94444444444444
279.9 18.625 0 0 "KDE LDA" 146 5000 2.95454545454545
291.3 18.74 0 0 "KDE LDA" 146 5000 2.96464646464646
293.87 18.945 0 0 "KDE LDA" 146 5000 2.97474747474747
295.405 18.955 0 0 "KDE LDA" 146 5000 2.98484848484848
296.11 18.985 0 0 "KDE LDA" 146 5000 2.99494949494949
296.155 19.05 0 0 "KDE LDA" 146 5000 3.00505050505051
298.44 19.065 0 0 "KDE LDA" 146 5000 3.01515151515152
299.71 19.1 0 0 "KDE LDA" 146 5000 3.02525252525253
302.985 19.125 0 0 "KDE LDA" 146 5000 3.03535353535354
302.985 19.375 0 0 "KDE LDA" 146 5000 3.04545454545455
303 19.5 0 0 "KDE LDA" 146 5000 3.05555555555556
303.255 19.575 0 0 "KDE LDA" 146 5000 3.06565656565657
306.21 19.59 0 0 "KDE LDA" 146 5000 3.07575757575758
309.515 19.61 0 0 "KDE LDA" 146 5000 3.08585858585859
317.61 19.665 0 0 "KDE LDA" 146 5000 3.0959595959596
317.8 19.775 0 0 "KDE LDA" 146 5000 3.10606060606061
317.8 19.83 0 0 "KDE LDA" 146 5000 3.11616161616162
317.86 19.89 0 0 "KDE LDA" 146 5000 3.12626262626263
319.455 19.94 0 0 "KDE LDA" 146 5000 3.13636363636364
319.495 19.95 0 0 "KDE LDA" 146 5000 3.14646464646465
320.325 19.98 0 0 "KDE LDA" 146 5000 3.15656565656566
322.68 20 0 0 "KDE LDA" 146 5000 3.16666666666667
329.96 20.02 0 0 "KDE LDA" 146 5000 3.17676767676768
334.485 20.125 0 0 "KDE LDA" 146 5000 3.18686868686869
340.795 20.175 0 0 "KDE LDA" 146 5000 3.1969696969697
347.23 20.23 0 0 "KDE LDA" 146 5000 3.20707070707071
351.745 20.265 0 0 "KDE LDA" 146 5000 3.21717171717172
368.445 20.505 0 0 "KDE LDA" 146 5000 3.22727272727273
369.415 20.53 0 0 "KDE LDA" 146 5000 3.23737373737374
373.885 20.68 0 0 "KDE LDA" 146 5000 3.24747474747475
375.21 20.935 0 0 "KDE LDA" 146 5000 3.25757575757576
378.235 20.98 0 0 "KDE LDA" 146 5000 3.26767676767677
382.89 21.025 0 0 "KDE LDA" 146 5000 3.27777777777778
397.23 21.065 0 0 "KDE LDA" 146 5000 3.28787878787879
403.33 21.15 0 0 "KDE LDA" 146 5000 3.2979797979798
409.625 21.285 0 0 "KDE LDA" 146 5000 3.30808080808081
414.805 21.315 0 0 "KDE LDA" 146 5000 3.31818181818182
416.32 21.425 0 0 "KDE LDA" 146 5000 3.32828282828283
421.98 21.445 0 0 "KDE LDA" 146 5000 3.33838383838384
438.745 21.595 0 0 "KDE LDA" 146 5000 3.34848484848485
499.215 21.775 0 0 "KDE LDA" 146 5000 3.35858585858586
499.23 21.855 0 0 "KDE LDA" 146 5000 3.36868686868687
509.875 21.875 0 0 "KDE LDA" 146 5000 3.37878787878788
510.72 21.88 0 0 "KDE LDA" 146 5000 3.38888888888889
510.74 21.93 0 0 "KDE LDA" 146 5000 3.3989898989899
512.475 21.93 0 0 "KDE LDA" 146 5000 3.40909090909091
524.855 21.95 0 0 "KDE LDA" 146 5000 3.41919191919192
524.91 21.97 0 0 "KDE LDA" 146 5000 3.42929292929293
528.185 22.03 0 0 "KDE LDA" 146 5000 3.43939393939394
528.58 22.035 0 0 "KDE LDA" 146 5000 3.44949494949495
535.095 22.24 0 0 "KDE LDA" 146 5000 3.45959595959596
541.985 22.305 0 0 "KDE LDA" 146 5000 3.46969696969697
542.67 22.315 0 0 "KDE LDA" 146 5000 3.47979797979798
549.73 22.335 0 0 "KDE LDA" 146 5000 3.48989898989899
556.67 22.355 0 0 "KDE LDA" 146 5000 3.5
104.405 11.785 0 0 "KDE QDA" 146 5000 2.7
104.405 11.785 0 0 "KDE QDA" 146 5000 2.71010101010101
104.425 11.785 0 0 "KDE QDA" 146 5000 2.72020202020202
104.425 11.785 0 0 "KDE QDA" 146 5000 2.73030303030303
104.425 11.785 0 0 "KDE QDA" 146 5000 2.74040404040404
104.425 11.785 0 0 "KDE QDA" 146 5000 2.75050505050505
104.425 11.785 0 0 "KDE QDA" 146 5000 2.76060606060606
104.425 11.785 0 0 "KDE QDA" 146 5000 2.77070707070707
104.425 11.785 0 0 "KDE QDA" 146 5000 2.78080808080808
104.425 11.785 0 0 "KDE QDA" 146 5000 2.79090909090909
130.78 12.765 0 0 "KDE QDA" 146 5000 2.8010101010101
130.78 12.765 0 0 "KDE QDA" 146 5000 2.81111111111111
130.78 12.765 0 0 "KDE QDA" 146 5000 2.82121212121212
139.07 12.94 0 0 "KDE QDA" 146 5000 2.83131313131313
139.07 12.94 0 0 "KDE QDA" 146 5000 2.84141414141414
140.06 12.95 0 0 "KDE QDA" 146 5000 2.85151515151515
140.065 12.95 0 0 "KDE QDA" 146 5000 2.86161616161616
141.265 12.965 0 0 "KDE QDA" 146 5000 2.87171717171717
141.265 12.965 0 0 "KDE QDA" 146 5000 2.88181818181818
141.265 12.965 0 0 "KDE QDA" 146 5000 2.89191919191919
141.265 12.965 0 0 "KDE QDA" 146 5000 2.9020202020202
141.265 12.965 0 0 "KDE QDA" 146 5000 2.91212121212121
141.265 12.965 0 0 "KDE QDA" 146 5000 2.92222222222222
142.395 12.965 0 0 "KDE QDA" 146 5000 2.93232323232323
142.395 12.97 0 0 "KDE QDA" 146 5000 2.94242424242424
142.395 12.99 0 0 "KDE QDA" 146 5000 2.95252525252525
151.36 13.18 0 0 "KDE QDA" 146 5000 2.96262626262626
151.36 13.18 0 0 "KDE QDA" 146 5000 2.97272727272727
152.485 13.185 0 0 "KDE QDA" 146 5000 2.98282828282828
152.49 13.185 0 0 "KDE QDA" 146 5000 2.99292929292929
152.49 13.185 0 0 "KDE QDA" 146 5000 3.0030303030303
152.535 13.185 0 0 "KDE QDA" 146 5000 3.01313131313131
152.535 13.185 0 0 "KDE QDA" 146 5000 3.02323232323232
152.725 13.185 0 0 "KDE QDA" 146 5000 3.03333333333333
152.73 13.185 0 0 "KDE QDA" 146 5000 3.04343434343434
152.73 13.185 0 0 "KDE QDA" 146 5000 3.05353535353535
152.73 13.185 0 0 "KDE QDA" 146 5000 3.06363636363636
152.73 13.185 0 0 "KDE QDA" 146 5000 3.07373737373737
152.73 13.185 0 0 "KDE QDA" 146 5000 3.08383838383838
167.57 13.45 0 0 "KDE QDA" 146 5000 3.09393939393939
168.685 13.45 0 0 "KDE QDA" 146 5000 3.1040404040404
168.7 13.45 0 0 "KDE QDA" 146 5000 3.11414141414141
176.34 13.585 0 0 "KDE QDA" 146 5000 3.12424242424242
176.34 13.585 0 0 "KDE QDA" 146 5000 3.13434343434343
176.54 13.6 0 0 "KDE QDA" 146 5000 3.14444444444444
176.54 13.6 0 0 "KDE QDA" 146 5000 3.15454545454545
180.235 13.6 0 0 "KDE QDA" 146 5000 3.16464646464646
180.235 13.6 0 0 "KDE QDA" 146 5000 3.17474747474748
180.24 13.6 0 0 "KDE QDA" 146 5000 3.18484848484849
180.24 13.6 0 0 "KDE QDA" 146 5000 3.19494949494949
180.85 13.6 0 0 "KDE QDA" 146 5000 3.20505050505051
180.85 13.605 0 0 "KDE QDA" 146 5000 3.21515151515152
205.61 14.155 0 0 "KDE QDA" 146 5000 3.22525252525253
206.785 14.155 0 0 "KDE QDA" 146 5000 3.23535353535354
208.405 14.155 0 0 "KDE QDA" 146 5000 3.24545454545455
219.535 14.225 0 0 "KDE QDA" 146 5000 3.25555555555556
219.535 14.225 0 0 "KDE QDA" 146 5000 3.26565656565657
220.785 14.225 0 0 "KDE QDA" 146 5000 3.27575757575758
220.805 14.225 0 0 "KDE QDA" 146 5000 3.28585858585859
220.805 14.23 0 0 "KDE QDA" 146 5000 3.2959595959596
220.805 14.23 0 0 "KDE QDA" 146 5000 3.30606060606061
220.805 14.23 0 0 "KDE QDA" 146 5000 3.31616161616162
220.805 14.235 0 0 "KDE QDA" 146 5000 3.32626262626263
220.805 14.235 0 0 "KDE QDA" 146 5000 3.33636363636364
220.81 14.235 0 0 "KDE QDA" 146 5000 3.34646464646465
220.81 14.26 0 0 "KDE QDA" 146 5000 3.35656565656566
262.345 15.12 0 0 "KDE QDA" 146 5000 3.36666666666667
264.275 15.205 0 0 "KDE QDA" 146 5000 3.37676767676768
282.975 15.57 0 0 "KDE QDA" 146 5000 3.38686868686869
282.975 15.6 0 0 "KDE QDA" 146 5000 3.3969696969697
282.98 15.6 0 0 "KDE QDA" 146 5000 3.40707070707071
287.92 15.67 0 0 "KDE QDA" 146 5000 3.41717171717172
287.92 15.685 0 0 "KDE QDA" 146 5000 3.42727272727273
287.92 15.69 0 0 "KDE QDA" 146 5000 3.43737373737374
287.92 15.69 0 0 "KDE QDA" 146 5000 3.44747474747475
287.92 15.69 0 0 "KDE QDA" 146 5000 3.45757575757576
288.11 15.69 0 0 "KDE QDA" 146 5000 3.46767676767677
288.11 15.69 0 0 "KDE QDA" 146 5000 3.47777777777778
288.11 15.69 0 0 "KDE QDA" 146 5000 3.48787878787879
288.145 15.69 0 0 "KDE QDA" 146 5000 3.4979797979798
288.145 15.695 0 0 "KDE QDA" 146 5000 3.50808080808081
312.13 16.045 0 0 "KDE QDA" 146 5000 3.51818181818182
313.34 16.045 0 0 "KDE QDA" 146 5000 3.52828282828283
313.78 16.045 0 0 "KDE QDA" 146 5000 3.53838383838384
315.81 16.105 0 0 "KDE QDA" 146 5000 3.54848484848485
315.81 16.105 0 0 "KDE QDA" 146 5000 3.55858585858586
317.05 16.11 0 0 "KDE QDA" 146 5000 3.56868686868687
317.365 16.11 0 0 "KDE QDA" 146 5000 3.57878787878788
317.365 16.11 0 0 "KDE QDA" 146 5000 3.58888888888889
317.485 16.115 0 0 "KDE QDA" 146 5000 3.5989898989899
317.485 16.115 0 0 "KDE QDA" 146 5000 3.60909090909091
317.485 16.115 0 0 "KDE QDA" 146 5000 3.61919191919192
317.485 16.115 0 0 "KDE QDA" 146 5000 3.62929292929293
317.485 16.115 0 0 "KDE QDA" 146 5000 3.63939393939394
317.49 16.12 0 0 "KDE QDA" 146 5000 3.64949494949495
344.495 16.63 0 0 "KDE QDA" 146 5000 3.65959595959596
344.495 16.63 0 0 "KDE QDA" 146 5000 3.66969696969697
352.875 16.875 0 0 "KDE QDA" 146 5000 3.67979797979798
355.095 16.89 0 0 "KDE QDA" 146 5000 3.68989898989899
356.08 16.89 0 0 "KDE QDA" 146 5000 3.7
