36.776 0 32.7681182488951 "LDA" 47 3 1 1.5
38.298 0 34.4924473606169 "LDA" 47 3 1 1.53535353535354
40.024 0 35.7235439954604 "LDA" 47 3 1 1.57070707070707
41.511 0 36.7069922805217 "LDA" 47 3 1 1.60606060606061
43.584 0 39.1676275391687 "LDA" 47 3 1 1.64141414141414
45.663 0 42.2153475239345 "LDA" 47 3 1 1.67676767676768
47.072 0 42.7576780828313 "LDA" 47 3 1 1.71212121212121
48.924 0 44.2238167729785 "LDA" 47 3 1 1.74747474747475
51.254 0 46.2702325304122 "LDA" 47 3 1 1.78282828282828
53.977 0 49.1370626098256 "LDA" 47 3 1 1.81818181818182
56.333 0 51.75788819098 "LDA" 47 3 1 1.85353535353535
58.353 0 53.0596996101818 "LDA" 47 3 1 1.88888888888889
61.443 0 55.6106401176456 "LDA" 47 3 1 1.92424242424242
63.665 0 58.7887309770324 "LDA" 47 3 1 1.95959595959596
66.599 0 60.7052495779922 "LDA" 47 3 1 1.99494949494949
68.98 0 62.6771092187572 "LDA" 47 3 1 2.03030303030303
73.211 0 67.222431779387 "LDA" 47 3 1 2.06565656565657
77.898 0 72.3976865723002 "LDA" 47 3 1 2.1010101010101
81.618 0 75.6167704412981 "LDA" 47 3 1 2.13636363636364
84.167 0 77.4492963460902 "LDA" 47 3 1 2.17171717171717
87.303 0 79.7998697380529 "LDA" 47 3 1 2.20707070707071
89.781 0 81.3528445988481 "LDA" 47 3 1 2.24242424242424
93.464 0 86.3746333206763 "LDA" 47 3 1 2.27777777777778
96.06 0 88.2990663887514 "LDA" 47 3 1 2.31313131313131
99.85 0 92.7550267909777 "LDA" 47 3 1 2.34848484848485
104.038 0 95.3322232447602 "LDA" 47 3 1 2.38383838383838
108.307 0 102.310577191243 "LDA" 47 3 1 2.41919191919192
112.47 0 103.713092256983 "LDA" 47 3 1 2.45454545454545
115.802 0 105.026698526629 "LDA" 47 3 1 2.48989898989899
120.524 0 112.517757130462 "LDA" 47 3 1 2.52525252525253
125.698 0 116.240641269234 "LDA" 47 3 1 2.56060606060606
129.549 0 120.250138023599 "LDA" 47 3 1 2.5959595959596
133.141 0 124.73151594553 "LDA" 47 3 1 2.63131313131313
137.522 0 130.120501308829 "LDA" 47 3 1 2.66666666666667
141.397 0 134.846590590916 "LDA" 47 3 1 2.7020202020202
149.978 0 142.143689076738 "LDA" 47 3 1 2.73737373737374
153.776 0 143.366403839079 "LDA" 47 3 1 2.77272727272727
160.355 0 151.56510467768 "LDA" 47 3 1 2.80808080808081
166.715 0 157.370223238585 "LDA" 47 3 1 2.84343434343434
170.982 0 161.223666831972 "LDA" 47 3 1 2.87878787878788
177.905 0 167.446356357065 "LDA" 47 3 1 2.91414141414141
183.687 0 171.930617308751 "LDA" 47 3 1 2.94949494949495
190.379 0 181.107397000366 "LDA" 47 3 1 2.98484848484848
196.241 0 187.42814150289 "LDA" 47 3 1 3.02020202020202
199.616 0 189.857415926749 "LDA" 47 3 1 3.05555555555556
204.152 0 191.929929906708 "LDA" 47 3 1 3.09090909090909
210.562 0 201.619330696515 "LDA" 47 3 1 3.12626262626263
216.591 0 202.965861316281 "LDA" 47 3 1 3.16161616161616
223.154 0 212.272890553796 "LDA" 47 3 1 3.1969696969697
229.006 0 217.92635880467 "LDA" 47 3 1 3.23232323232323
239.593 0 227.547870533618 "LDA" 47 3 1 3.26767676767677
249.995 0 237.732626656033 "LDA" 47 3 1 3.3030303030303
256.082 0 241.778108872433 "LDA" 47 3 1 3.33838383838384
267.728 0 250.088468863037 "LDA" 47 3 1 3.37373737373737
274.698 0 253.350680605684 "LDA" 47 3 1 3.40909090909091
284.883 0 261.359208651516 "LDA" 47 3 1 3.44444444444444
295.814 0 271.337995333701 "LDA" 47 3 1 3.47979797979798
302.079 0 278.022803810116 "LDA" 47 3 1 3.51515151515152
310.834 0 284.665296049193 "LDA" 47 3 1 3.55050505050505
319.01 0 292.647084756053 "LDA" 47 3 1 3.58585858585859
329.507 0 298.520646735745 "LDA" 47 3 1 3.62121212121212
340.111 0 304.849034134295 "LDA" 47 3 1 3.65656565656566
352.472472472472 1 314.345522009473 "LDA" 47 3 1 3.69191919191919
364.396793587174 2 325.608974819781 "LDA" 47 3 1 3.72727272727273
372.966900702106 3 334.029523843206 "LDA" 47 3 1 3.76262626262626
383.155466399198 3 343.994721436555 "LDA" 47 3 1 3.7979797979798
394.466399197593 3 350.112853470182 "LDA" 47 3 1 3.83333333333333
402.985929648241 5 362.531497005351 "LDA" 47 3 1 3.86868686868687
411.284994964753 7 367.501083971444 "LDA" 47 3 1 3.9040404040404
422.688821752266 7 375.917282486584 "LDA" 47 3 1 3.93939393939394
432.453629032258 8 381.051834230289 "LDA" 47 3 1 3.97474747474747
447.126135216953 9 392.786282693039 "LDA" 47 3 1 4.01010101010101
454.694331983806 12 398.945064928823 "LDA" 47 3 1 4.04545454545454
464.148936170213 13 405.351282691567 "LDA" 47 3 1 4.08080808080808
473.418864097363 14 413.273073780285 "LDA" 47 3 1 4.11616161616162
481.718052738337 14 417.724519548642 "LDA" 47 3 1 4.15151515151515
492.322482197355 17 423.869656276981 "LDA" 47 3 1 4.18686868686869
500.296523517382 22 426.397364430438 "LDA" 47 3 1 4.22222222222222
512.077709611452 22 429.640937055979 "LDA" 47 3 1 4.25757575757576
518.871926229508 24 431.095659550001 "LDA" 47 3 1 4.29292929292929
526.766940451745 26 434.281166584545 "LDA" 47 3 1 4.32828282828283
537.419155509784 29 442.324285577979 "LDA" 47 3 1 4.36363636363636
550.821649484536 30 450.71733920613 "LDA" 47 3 1 4.3989898989899
558.976215098242 33 453.057668499815 "LDA" 47 3 1 4.43434343434343
564.428125 40 452.018018318857 "LDA" 47 3 1 4.46969696969697
575.544409613375 43 457.854053232346 "LDA" 47 3 1 4.50505050505051
584.203371970495 51 460.471334554523 "LDA" 47 3 1 4.54040404040404
593.683597883598 55 464.483470628441 "LDA" 47 3 1 4.57575757575758
608.069075451647 59 476.441169271399 "LDA" 47 3 1 4.61111111111111
618.771611526147 63 481.837214865281 "LDA" 47 3 1 4.64646464646465
626.066452304394 67 480.764894716087 "LDA" 47 3 1 4.68181818181818
635.567421790723 73 485.950920932582 "LDA" 47 3 1 4.71717171717172
642.544468546638 78 485.473818136885 "LDA" 47 3 1 4.75252525252525
650.432786885246 85 487.085581713217 "LDA" 47 3 1 4.78787878787879
663.172717271727 91 494.362709817758 "LDA" 47 3 1 4.82323232323232
673.675585284281 103 497.716123859908 "LDA" 47 3 1 4.85858585858586
685.882286995516 108 504.199269213421 "LDA" 47 3 1 4.89393939393939
700.587570621469 115 507.941162444992 "LDA" 47 3 1 4.92929292929293
708.624429223744 124 510.405883796376 "LDA" 47 3 1 4.96464646464646
712.628901734104 135 511.732903645038 "LDA" 47 3 1 5
26.955 0 23.7173668118636 "uLSIF" 47 3 1 1.5
28.39 0 24.7793445416927 "uLSIF" 47 3 1 1.53535353535354
29.874 0 25.7964257132569 "uLSIF" 47 3 1 1.57070707070707
31.17 0 26.7358917544919 "uLSIF" 47 3 1 1.60606060606061
32.476 0 27.8566584036459 "uLSIF" 47 3 1 1.64141414141414
33.826 0 29.281002392355 "uLSIF" 47 3 1 1.67676767676768
34.922 0 29.9157628829497 "uLSIF" 47 3 1 1.71212121212121
36.161 0 31.2260170874087 "uLSIF" 47 3 1 1.74747474747475
37.803 0 32.9938294804314 "uLSIF" 47 3 1 1.78282828282828
39.404 0 33.8475174634483 "uLSIF" 47 3 1 1.81818181818182
40.995 0 35.1522211766718 "uLSIF" 47 3 1 1.85353535353535
42.504 0 36.7824541450531 "uLSIF" 47 3 1 1.88888888888889
43.886 0 37.5292345704978 "uLSIF" 47 3 1 1.92424242424242
45.607 0 39.0963050948817 "uLSIF" 47 3 1 1.95959595959596
47.09 0 40.3874367228851 "uLSIF" 47 3 1 1.99494949494949
49.193 0 42.1158104812491 "uLSIF" 47 3 1 2.03030303030303
50.601 0 42.5347740796399 "uLSIF" 47 3 1 2.06565656565657
52.611 0 45.7514466861309 "uLSIF" 47 3 1 2.1010101010101
54.618 0 47.106550532841 "uLSIF" 47 3 1 2.13636363636364
56.206 0 49.0245343574926 "uLSIF" 47 3 1 2.17171717171717
58.311 0 51.2844457255158 "uLSIF" 47 3 1 2.20707070707071
60.191 0 53.4826037876608 "uLSIF" 47 3 1 2.24242424242424
62.193 0 56.2700459309309 "uLSIF" 47 3 1 2.27777777777778
64.802 0 58.4163098908281 "uLSIF" 47 3 1 2.31313131313131
66.736 0 59.5372739633836 "uLSIF" 47 3 1 2.34848484848485
68.669 0 60.7108659817026 "uLSIF" 47 3 1 2.38383838383838
70.658 0 61.9930009611421 "uLSIF" 47 3 1 2.41919191919192
72.874 0 63.3562478224377 "uLSIF" 47 3 1 2.45454545454545
74.895 0 64.7655506542757 "uLSIF" 47 3 1 2.48989898989899
77.463 0 67.9865045122618 "uLSIF" 47 3 1 2.52525252525253
79.96 0 70.2420838981187 "uLSIF" 47 3 1 2.56060606060606
82.821 0 72.792662616027 "uLSIF" 47 3 1 2.5959595959596
84.179 0 73.3221050576843 "uLSIF" 47 3 1 2.63131313131313
86.471 0 74.4152994739375 "uLSIF" 47 3 1 2.66666666666667
89.003 0 78.0291197857219 "uLSIF" 47 3 1 2.7020202020202
92.044 0 80.4589691066801 "uLSIF" 47 3 1 2.73737373737374
94.223 0 82.4081572138061 "uLSIF" 47 3 1 2.77272727272727
96.643 0 83.9119107145092 "uLSIF" 47 3 1 2.80808080808081
99.929 0 86.727640591928 "uLSIF" 47 3 1 2.84343434343434
102.609 0 89.4702578852104 "uLSIF" 47 3 1 2.87878787878788
106.019 0 94.7280742285361 "uLSIF" 47 3 1 2.91414141414141
109.595 0 98.1948838290988 "uLSIF" 47 3 1 2.94949494949495
114.409 0 104.121530011866 "uLSIF" 47 3 1 2.98484848484848
117.238 0 105.562572973629 "uLSIF" 47 3 1 3.02020202020202
119.963 0 107.126690225913 "uLSIF" 47 3 1 3.05555555555556
122.992 0 110.143367923346 "uLSIF" 47 3 1 3.09090909090909
126.697 0 112.511733081848 "uLSIF" 47 3 1 3.12626262626263
129.387 0 115.642329531099 "uLSIF" 47 3 1 3.16161616161616
131.816 0 116.211381668188 "uLSIF" 47 3 1 3.1969696969697
135.164 0 119.303186689855 "uLSIF" 47 3 1 3.23232323232323
138.437 0 122.207162726338 "uLSIF" 47 3 1 3.26767676767677
141.442 0 124.944130200949 "uLSIF" 47 3 1 3.3030303030303
146.307 0 130.109474006416 "uLSIF" 47 3 1 3.33838383838384
149.696 0 133.099049361522 "uLSIF" 47 3 1 3.37373737373737
153.485 0 134.804436169627 "uLSIF" 47 3 1 3.40909090909091
156.248 0 136.935312376961 "uLSIF" 47 3 1 3.44444444444444
160.681 0 139.481290032998 "uLSIF" 47 3 1 3.47979797979798
164.378 0 142.112698711745 "uLSIF" 47 3 1 3.51515151515152
169.801 0 148.6289674625 "uLSIF" 47 3 1 3.55050505050505
176.225 0 161.504210424945 "uLSIF" 47 3 1 3.58585858585859
180.735 0 164.895473838102 "uLSIF" 47 3 1 3.62121212121212
185.819 0 172.271128110837 "uLSIF" 47 3 1 3.65656565656566
190.103 0 174.837016599384 "uLSIF" 47 3 1 3.69191919191919
195.963 0 180.9265155665 "uLSIF" 47 3 1 3.72727272727273
201.033 0 184.638482663502 "uLSIF" 47 3 1 3.76262626262626
206.777 0 190.603150109939 "uLSIF" 47 3 1 3.7979797979798
212.34 0 197.221034721291 "uLSIF" 47 3 1 3.83333333333333
218.133 0 199.436878182996 "uLSIF" 47 3 1 3.86868686868687
224.035 0 204.54410787668 "uLSIF" 47 3 1 3.9040404040404
228.696 0 206.9892028926 "uLSIF" 47 3 1 3.93939393939394
233.752 0 211.553183018468 "uLSIF" 47 3 1 3.97474747474747
238.413 0 213.258372788889 "uLSIF" 47 3 1 4.01010101010101
244.024 0 219.720168342318 "uLSIF" 47 3 1 4.04545454545454
249.014 0 223.292806604874 "uLSIF" 47 3 1 4.08080808080808
255.181 0 228.071100022922 "uLSIF" 47 3 1 4.11616161616162
264.998 0 240.90369982337 "uLSIF" 47 3 1 4.15151515151515
270.793 0 248.717105059844 "uLSIF" 47 3 1 4.18686868686869
277.521 0 254.119318799628 "uLSIF" 47 3 1 4.22222222222222
283.589 0 259.418931963843 "uLSIF" 47 3 1 4.25757575757576
288.556 0 264.30401335484 "uLSIF" 47 3 1 4.29292929292929
295.715 0 270.342613925189 "uLSIF" 47 3 1 4.32828282828283
300.792 0 272.997370500707 "uLSIF" 47 3 1 4.36363636363636
305.402 0 276.279881585629 "uLSIF" 47 3 1 4.3989898989899
315.761 0 289.459991995381 "uLSIF" 47 3 1 4.43434343434343
323.806806806807 1 296.717458559725 "uLSIF" 47 3 1 4.46969696969697
329.152152152152 1 300.136960841879 "uLSIF" 47 3 1 4.50505050505051
335.704704704705 1 302.941663014958 "uLSIF" 47 3 1 4.54040404040404
340.976976976977 1 306.373912759081 "uLSIF" 47 3 1 4.57575757575758
345.084084084084 1 306.834273639528 "uLSIF" 47 3 1 4.61111111111111
350.767767767768 1 311.352029533632 "uLSIF" 47 3 1 4.64646464646465
356.957915831663 2 316.547419890897 "uLSIF" 47 3 1 4.68181818181818
366.804609218437 2 323.381228824844 "uLSIF" 47 3 1 4.71717171717172
378.374749498998 2 331.882285453564 "uLSIF" 47 3 1 4.75252525252525
393.905717151454 3 347.330608128312 "uLSIF" 47 3 1 4.78787878787879
402.327309236948 4 352.205281189361 "uLSIF" 47 3 1 4.82323232323232
413.861445783133 4 362.839340223171 "uLSIF" 47 3 1 4.85858585858586
420.25527638191 5 364.383033538312 "uLSIF" 47 3 1 4.89393939393939
430.867203219316 6 375.23339829122 "uLSIF" 47 3 1 4.92929292929293
436.313192346425 7 378.854568229189 "uLSIF" 47 3 1 4.96464646464646
446.399798590131 7 388.117487044786 "uLSIF" 47 3 1 5
