40.389 0 33.9681249484353 "LDA" 44 3 3 1.5
41.767 0 34.7227934271335 "LDA" 44 3 3 1.53535353535354
44.43 0 38.3033973721686 "LDA" 44 3 3 1.57070707070707
46.613 0 40.2327964341147 "LDA" 44 3 3 1.60606060606061
48.764 0 42.7376743964013 "LDA" 44 3 3 1.64141414141414
50.83 0 44.5932243245053 "LDA" 44 3 3 1.67676767676768
53.082 0 47.4635867594103 "LDA" 44 3 3 1.71212121212121
55.773 0 51.2180706563783 "LDA" 44 3 3 1.74747474747475
58.488 0 53.5970194740015 "LDA" 44 3 3 1.78282828282828
60.717 0 55.5750258164087 "LDA" 44 3 3 1.81818181818182
63.569 0 58.9946404905277 "LDA" 44 3 3 1.85353535353535
65.907 0 61.2870169730054 "LDA" 44 3 3 1.88888888888889
68.114 0 63.2461625798837 "LDA" 44 3 3 1.92424242424242
69.954 0 64.7621186807227 "LDA" 44 3 3 1.95959595959596
72.687 0 67.3343667672604 "LDA" 44 3 3 1.99494949494949
75.83 0 70.2510092760546 "LDA" 44 3 3 2.03030303030303
78.618 0 71.2712260569696 "LDA" 44 3 3 2.06565656565657
81.331 0 73.4567582618123 "LDA" 44 3 3 2.1010101010101
84.096 0 75.8249180823969 "LDA" 44 3 3 2.13636363636364
88.325 0 81.98378324837 "LDA" 44 3 3 2.17171717171717
92.238 0 86.1232754519623 "LDA" 44 3 3 2.20707070707071
96.153 0 89.3724511582066 "LDA" 44 3 3 2.24242424242424
99.815 0 92.5039661785307 "LDA" 44 3 3 2.27777777777778
102.762 0 94.5494418436881 "LDA" 44 3 3 2.31313131313131
106.11 0 98.0998546455676 "LDA" 44 3 3 2.34848484848485
110.238 0 103.725620559052 "LDA" 44 3 3 2.38383838383838
115.144 0 108.628464996093 "LDA" 44 3 3 2.41919191919192
120.249 0 113.852867660303 "LDA" 44 3 3 2.45454545454545
123.991 0 115.043678518061 "LDA" 44 3 3 2.48989898989899
129.084 0 119.863281075357 "LDA" 44 3 3 2.52525252525253
133.019 0 122.237034206216 "LDA" 44 3 3 2.56060606060606
139.086 0 129.30761409547 "LDA" 44 3 3 2.5959595959596
144.838 0 135.080533410653 "LDA" 44 3 3 2.63131313131313
149.239 0 137.411301371993 "LDA" 44 3 3 2.66666666666667
153.918 0 139.81106683811 "LDA" 44 3 3 2.7020202020202
156.867 0 141.096135419899 "LDA" 44 3 3 2.73737373737374
162.12 0 146.108895723051 "LDA" 44 3 3 2.77272727272727
168.321 0 158.757903837985 "LDA" 44 3 3 2.80808080808081
174.574 0 164.164071484495 "LDA" 44 3 3 2.84343434343434
179.365 0 169.093442709549 "LDA" 44 3 3 2.87878787878788
187.102 0 176.421223337908 "LDA" 44 3 3 2.91414141414141
191.657 0 178.421931770555 "LDA" 44 3 3 2.94949494949495
198.517 0 188.293388389266 "LDA" 44 3 3 2.98484848484848
203.252 0 191.873103335991 "LDA" 44 3 3 3.02020202020202
212.966 0 201.701160636726 "LDA" 44 3 3 3.05555555555556
219.065 0 205.921855531621 "LDA" 44 3 3 3.09090909090909
225.96 0 214.179507099212 "LDA" 44 3 3 3.12626262626263
231.275 0 219.176270642177 "LDA" 44 3 3 3.16161616161616
239.152 0 227.176120853152 "LDA" 44 3 3 3.1969696969697
245.588 0 233.844224597011 "LDA" 44 3 3 3.23232323232323
252.254 0 240.341972505319 "LDA" 44 3 3 3.26767676767677
259.24 0 245.336259611742 "LDA" 44 3 3 3.3030303030303
267.165 0 249.561095757162 "LDA" 44 3 3 3.33838383838384
274.474 0 254.992133824384 "LDA" 44 3 3 3.37373737373737
280.639 0 260.939763622257 "LDA" 44 3 3 3.40909090909091
291.001001001001 1 272.803101271091 "LDA" 44 3 3 3.44444444444444
299.287575150301 2 277.755194930472 "LDA" 44 3 3 3.47979797979798
310.110220440882 2 291.376310531189 "LDA" 44 3 3 3.51515151515152
318.517034068136 2 296.409305927364 "LDA" 44 3 3 3.55050505050505
326.619477911647 4 306.238273543729 "LDA" 44 3 3 3.58585858585859
333.197791164659 4 312.493280386272 "LDA" 44 3 3 3.62121212121212
340.692771084337 4 321.007334076038 "LDA" 44 3 3 3.65656565656566
351.206827309237 4 334.12023141194 "LDA" 44 3 3 3.69191919191919
360.877386934673 5 338.034341952473 "LDA" 44 3 3 3.72727272727273
366.793969849246 5 344.819885278561 "LDA" 44 3 3 3.76262626262626
376.423541247485 6 350.328082009487 "LDA" 44 3 3 3.7979797979798
384.56696878147 7 357.519822082682 "LDA" 44 3 3 3.83333333333333
391.901309164149 7 360.088080522213 "LDA" 44 3 3 3.86868686868687
401.516616314199 7 370.130227158336 "LDA" 44 3 3 3.9040404040404
411.438950554995 9 376.837845330377 "LDA" 44 3 3 3.93939393939394
416.608695652174 11 378.784730459891 "LDA" 44 3 3 3.97474747474747
419.949392712551 12 379.861574890983 "LDA" 44 3 3 4.01010101010101
430.959473150963 13 385.402045522105 "LDA" 44 3 3 4.04545454545454
438.691370558376 15 391.666390127021 "LDA" 44 3 3 4.08080808080808
446.587817258883 15 396.529459754324 "LDA" 44 3 3 4.11616161616162
454.548321464903 17 402.590356778967 "LDA" 44 3 3 4.15151515151515
459.338430173293 19 403.513085088875 "LDA" 44 3 3 4.18686868686869
465.171603677222 21 407.482017080446 "LDA" 44 3 3 4.22222222222222
478.10747185261 23 420.201371167931 "LDA" 44 3 3 4.25757575757576
491.118069815195 26 430.103944775421 "LDA" 44 3 3 4.29292929292929
498.849484536082 30 432.218956122618 "LDA" 44 3 3 4.32828282828283
513.110537190083 32 443.196972618591 "LDA" 44 3 3 4.36363636363636
521.32502596054 37 449.518061709876 "LDA" 44 3 3 4.3989898989899
530.942767950052 39 453.711116162491 "LDA" 44 3 3 4.43434343434343
541.433962264151 46 461.086790840896 "LDA" 44 3 3 4.46969696969697
553.727368421053 50 468.23616791593 "LDA" 44 3 3 4.50505050505051
563.033826638478 54 470.937063070073 "LDA" 44 3 3 4.54040404040404
571.269639065817 58 474.626909253961 "LDA" 44 3 3 4.57575757575758
580.929712460064 61 476.351773495139 "LDA" 44 3 3 4.61111111111111
591.092175777063 67 484.913137738257 "LDA" 44 3 3 4.64646464646465
603.368648648649 75 491.486920651886 "LDA" 44 3 3 4.68181818181818
615.075839653304 77 493.573877060259 "LDA" 44 3 3 4.71717171717172
626.722524483134 81 495.956860258221 "LDA" 44 3 3 4.75252525252525
630.026315789474 88 497.253648959277 "LDA" 44 3 3 4.78787878787879
645.269018743109 93 502.203168520245 "LDA" 44 3 3 4.82323232323232
652.705426356589 97 505.427361533274 "LDA" 44 3 3 4.85858585858586
660.286985539488 101 505.995853700244 "LDA" 44 3 3 4.89393939393939
668.056983240223 105 508.132596989093 "LDA" 44 3 3 4.92929292929293
672.684269662921 110 506.341082328198 "LDA" 44 3 3 4.96464646464646
676.689066059226 122 502.013723838803 "LDA" 44 3 3 5
80.723 0 71.8788204955802 "uLSIF" 44 3 3 1.5
83.946 0 74.2117677357875 "uLSIF" 44 3 3 1.53535353535354
89.782 0 80.5884295105133 "uLSIF" 44 3 3 1.57070707070707
96.033 0 86.5660533499858 "uLSIF" 44 3 3 1.60606060606061
102.079 0 93.6360211855644 "uLSIF" 44 3 3 1.64141414141414
110.827 0 103.164868347035 "uLSIF" 44 3 3 1.67676767676768
118.853 0 113.545003671931 "uLSIF" 44 3 3 1.71212121212121
125.438 0 117.676386279865 "uLSIF" 44 3 3 1.74747474747475
132.591 0 122.138304738868 "uLSIF" 44 3 3 1.78282828282828
143.247 0 137.542691492434 "uLSIF" 44 3 3 1.81818181818182
151.366 0 143.734232434635 "uLSIF" 44 3 3 1.85353535353535
160.177 0 149.58313670259 "uLSIF" 44 3 3 1.88888888888889
168.421 0 157.173475053077 "uLSIF" 44 3 3 1.92424242424242
175.018 0 161.849074136366 "uLSIF" 44 3 3 1.95959595959596
185.54 0 170.915477650506 "uLSIF" 44 3 3 1.99494949494949
196.046 0 178.634123375222 "uLSIF" 44 3 3 2.03030303030303
208.821 0 191.019369065962 "uLSIF" 44 3 3 2.06565656565657
221.956 0 206.612038852044 "uLSIF" 44 3 3 2.1010101010101
232.342 0 213.123552627777 "uLSIF" 44 3 3 2.13636363636364
241.644644644645 1 218.88618314364 "uLSIF" 44 3 3 2.17171717171717
250.412412412412 1 225.605624668025 "uLSIF" 44 3 3 2.20707070707071
263.476476476476 1 234.642403055843 "uLSIF" 44 3 3 2.24242424242424
281.641641641642 1 254.636346670697 "uLSIF" 44 3 3 2.27777777777778
292.335335335335 1 264.104845471388 "uLSIF" 44 3 3 2.31313131313131
312.802802802803 1 281.597881536641 "uLSIF" 44 3 3 2.34848484848485
328.204408817635 2 293.062630536293 "uLSIF" 44 3 3 2.38383838383838
343.743486973948 2 307.14794793132 "uLSIF" 44 3 3 2.41919191919192
356.132264529058 2 318.866395022596 "uLSIF" 44 3 3 2.45454545454545
372.430861723447 2 332.239202069283 "uLSIF" 44 3 3 2.48989898989899
388.63590772317 3 348.315511593973 "uLSIF" 44 3 3 2.52525252525253
400.969788519637 7 353.915954879975 "uLSIF" 44 3 3 2.56060606060606
419.756048387097 8 364.680174441089 "uLSIF" 44 3 3 2.5959595959596
443.115151515152 10 377.51766894645 "uLSIF" 44 3 3 2.63131313131313
457.327235772358 16 384.475333970094 "uLSIF" 44 3 3 2.66666666666667
474.935779816514 19 397.397786825242 "uLSIF" 44 3 3 2.7020202020202
492.628571428571 20 411.481350411493 "uLSIF" 44 3 3 2.73737373737374
516.449334698055 23 428.726473500281 "uLSIF" 44 3 3 2.77272727272727
535.48353909465 28 436.732739585169 "uLSIF" 44 3 3 2.80808080808081
556.028008298755 36 449.832058478115 "uLSIF" 44 3 3 2.84343434343434
577.988505747126 43 463.695958939005 "uLSIF" 44 3 3 2.87878787878788
600.106540084388 52 472.177984267901 "uLSIF" 44 3 3 2.91414141414141
618.058572949947 61 481.910131695081 "uLSIF" 44 3 3 2.94949494949495
632.440129449838 73 485.965473121367 "uLSIF" 44 3 3 2.98484848484848
656.853391684902 86 497.041799272427 "uLSIF" 44 3 3 3.02020202020202
669.141124586549 93 503.947733212694 "uLSIF" 44 3 3 3.05555555555556
686.310538116592 108 508.854097638445 "uLSIF" 44 3 3 3.09090909090909
701.600682593857 121 515.454355205402 "uLSIF" 44 3 3 3.12626262626263
707.990665110852 143 514.165588355742 "uLSIF" 44 3 3 3.16161616161616
733.233136094675 155 525.593948691096 "uLSIF" 44 3 3 3.1969696969697
742.904126213592 176 526.07182659664 "uLSIF" 44 3 3 3.23232323232323
755.308168316832 192 525.877010166514 "uLSIF" 44 3 3 3.26767676767677
767.230478589421 206 526.795205873374 "uLSIF" 44 3 3 3.3030303030303
780.217223650386 222 527.32539522033 "uLSIF" 44 3 3 3.33838383838384
790.58954248366 235 532.311984255095 "uLSIF" 44 3 3 3.37373737373737
793.589333333333 250 530.822129214084 "uLSIF" 44 3 3 3.40909090909091
813.067031463748 269 539.309202636644 "uLSIF" 44 3 3 3.44444444444444
832.709722222222 280 541.796576552785 "uLSIF" 44 3 3 3.47979797979798
836.532374100719 305 540.223287464807 "uLSIF" 44 3 3 3.51515151515152
846.871111111111 325 539.554233786405 "uLSIF" 44 3 3 3.55050505050505
851.531914893617 342 547.953644105007 "uLSIF" 44 3 3 3.58585858585859
859.363636363636 362 548.199280871885 "uLSIF" 44 3 3 3.62121212121212
871.267857142857 384 547.032881703051 "uLSIF" 44 3 3 3.65656565656566
885.098497495826 401 543.754277557692 "uLSIF" 44 3 3 3.69191919191919
893.430531732419 417 546.401368242627 "uLSIF" 44 3 3 3.72727272727273
910.158081705151 437 551.261899074662 "uLSIF" 44 3 3 3.76262626262626
912.14652014652 454 550.120881258876 "uLSIF" 44 3 3 3.7979797979798
924.5 474 549.946320324171 "uLSIF" 44 3 3 3.83333333333333
921.09561752988 498 548.610244545139 "uLSIF" 44 3 3 3.86868686868687
921.789144050104 521 548.332835932155 "uLSIF" 44 3 3 3.9040404040404
919.863636363636 538 546.16269021655 "uLSIF" 44 3 3 3.93939393939394
921.049107142857 552 549.011617338245 "uLSIF" 44 3 3 3.97474747474747
931.046189376443 567 551.016306549838 "uLSIF" 44 3 3 4.01010101010101
930.670616113744 578 552.866422200918 "uLSIF" 44 3 3 4.04545454545454
921.118811881188 596 549.35289768609 "uLSIF" 44 3 3 4.08080808080808
920.093434343434 604 546.789584278789 "uLSIF" 44 3 3 4.11616161616162
924.124675324675 615 544.97747950313 "uLSIF" 44 3 3 4.15151515151515
919.889189189189 630 543.028320933065 "uLSIF" 44 3 3 4.18686868686869
925.259668508287 638 546.855370871873 "uLSIF" 44 3 3 4.22222222222222
924.623188405797 655 545.677493917159 "uLSIF" 44 3 3 4.25757575757576
932.677710843373 668 544.125275791769 "uLSIF" 44 3 3 4.29292929292929
931.237654320988 676 544.325414589339 "uLSIF" 44 3 3 4.32828282828283
936.042071197411 691 543.158106580163 "uLSIF" 44 3 3 4.36363636363636
934.595238095238 706 545.491120524527 "uLSIF" 44 3 3 4.3989898989899
942.108013937282 713 550.938708315333 "uLSIF" 44 3 3 4.43434343434343
941.920863309353 722 547.489116846131 "uLSIF" 44 3 3 4.46969696969697
944.449056603774 735 540.196644758718 "uLSIF" 44 3 3 4.50505050505051
961.731225296443 747 540.77903727496 "uLSIF" 44 3 3 4.54040404040404
971.272727272727 758 542.556565305422 "uLSIF" 44 3 3 4.57575757575758
980.38961038961 769 546.470894785906 "uLSIF" 44 3 3 4.61111111111111
987.794642857143 776 549.516161228214 "uLSIF" 44 3 3 4.64646464646465
987.665158371041 779 551.480063192428 "uLSIF" 44 3 3 4.68181818181818
982.129186602871 791 547.284324888852 "uLSIF" 44 3 3 4.71717171717172
988.563725490196 796 544.906699527537 "uLSIF" 44 3 3 4.75252525252525
991.930348258706 799 544.993261540341 "uLSIF" 44 3 3 4.78787878787879
1008.09574468085 812 540.177700394218 "uLSIF" 44 3 3 4.82323232323232
1003.26519337017 819 535.825568998792 "uLSIF" 44 3 3 4.85858585858586
997.588571428571 825 537.142837106522 "uLSIF" 44 3 3 4.89393939393939
995.030303030303 835 534.315260737156 "uLSIF" 44 3 3 4.92929292929293
981.232258064516 845 531.375962232368 "uLSIF" 44 3 3 4.96464646464646
986.630136986301 854 536.333697124938 "uLSIF" 44 3 3 5
