135.435 13.71 0 0 "KDE LDA" 100 1500 2.5
138.44 13.745 0 0 "KDE LDA" 100 1500 2.51010101010101
141.585 13.86 0 0 "KDE LDA" 100 1500 2.52020202020202
142.31 13.91 0 0 "KDE LDA" 100 1500 2.53030303030303
142.67 13.935 0 0 "KDE LDA" 100 1500 2.54040404040404
142.94 13.935 0 0 "KDE LDA" 100 1500 2.55050505050505
143.125 14.16 0 0 "KDE LDA" 100 1500 2.56060606060606
143.365 14.165 0 0 "KDE LDA" 100 1500 2.57070707070707
145.085 14.17 0 0 "KDE LDA" 100 1500 2.58080808080808
145.32 14.2 0 0 "KDE LDA" 100 1500 2.59090909090909
145.335 14.225 0 0 "KDE LDA" 100 1500 2.6010101010101
146.76 14.23 0 0 "KDE LDA" 100 1500 2.61111111111111
147.72 14.28 0 0 "KDE LDA" 100 1500 2.62121212121212
147.775 14.315 0 0 "KDE LDA" 100 1500 2.63131313131313
147.835 14.32 0 0 "KDE LDA" 100 1500 2.64141414141414
147.88 14.33 0 0 "KDE LDA" 100 1500 2.65151515151515
155.75 14.415 0 0 "KDE LDA" 100 1500 2.66161616161616
166.78 14.69 0 0 "KDE LDA" 100 1500 2.67171717171717
166.805 14.695 0 0 "KDE LDA" 100 1500 2.68181818181818
167.975 14.735 0 0 "KDE LDA" 100 1500 2.69191919191919
169.365 14.755 0 0 "KDE LDA" 100 1500 2.7020202020202
169.98 14.765 0 0 "KDE LDA" 100 1500 2.71212121212121
170.13 14.77 0 0 "KDE LDA" 100 1500 2.72222222222222
171.535 14.77 0 0 "KDE LDA" 100 1500 2.73232323232323
173.84 14.945 0 0 "KDE LDA" 100 1500 2.74242424242424
180.21 14.97 0 0 "KDE LDA" 100 1500 2.75252525252525
185.92 15.135 0 0 "KDE LDA" 100 1500 2.76262626262626
188.095 15.165 0 0 "KDE LDA" 100 1500 2.77272727272727
189.53 15.195 0 0 "KDE LDA" 100 1500 2.78282828282828
195.84 15.39 0 0 "KDE LDA" 100 1500 2.79292929292929
228.575 16.18 0 0 "KDE LDA" 100 1500 2.8030303030303
236.08 16.205 0 0 "KDE LDA" 100 1500 2.81313131313131
241.69 16.505 0 0 "KDE LDA" 100 1500 2.82323232323232
241.74 16.515 0 0 "KDE LDA" 100 1500 2.83333333333333
241.95 16.53 0 0 "KDE LDA" 100 1500 2.84343434343434
243.94 16.665 0 0 "KDE LDA" 100 1500 2.85353535353535
243.94 16.665 0 0 "KDE LDA" 100 1500 2.86363636363636
243.94 16.715 0 0 "KDE LDA" 100 1500 2.87373737373737
244.3 16.72 0 0 "KDE LDA" 100 1500 2.88383838383838
245.03 16.74 0 0 "KDE LDA" 100 1500 2.89393939393939
245.085 16.74 0 0 "KDE LDA" 100 1500 2.9040404040404
247.99 16.765 0 0 "KDE LDA" 100 1500 2.91414141414141
248.005 16.79 0 0 "KDE LDA" 100 1500 2.92424242424242
249.87 16.8 0 0 "KDE LDA" 100 1500 2.93434343434343
257.245 16.97 0 0 "KDE LDA" 100 1500 2.94444444444444
259.63 17.02 0 0 "KDE LDA" 100 1500 2.95454545454545
264.215 17.23 0 0 "KDE LDA" 100 1500 2.96464646464646
265.195 17.245 0 0 "KDE LDA" 100 1500 2.97474747474747
265.215 17.295 0 0 "KDE LDA" 100 1500 2.98484848484848
267.08 17.295 0 0 "KDE LDA" 100 1500 2.99494949494949
267.605 17.31 0 0 "KDE LDA" 100 1500 3.00505050505051
268.905 17.32 0 0 "KDE LDA" 100 1500 3.01515151515152
268.915 17.34 0 0 "KDE LDA" 100 1500 3.02525252525253
268.92 17.385 0 0 "KDE LDA" 100 1500 3.03535353535354
269.495 17.725 0 0 "KDE LDA" 100 1500 3.04545454545455
270.33 17.76 0 0 "KDE LDA" 100 1500 3.05555555555556
270.96 17.835 0 0 "KDE LDA" 100 1500 3.06565656565657
271.72 17.85 0 0 "KDE LDA" 100 1500 3.07575757575758
278.35 17.925 0 0 "KDE LDA" 100 1500 3.08585858585859
281.575 18.27 0 0 "KDE LDA" 100 1500 3.0959595959596
281.585 18.27 0 0 "KDE LDA" 100 1500 3.10606060606061
286.735 18.295 0 0 "KDE LDA" 100 1500 3.11616161616162
289.555 18.32 0 0 "KDE LDA" 100 1500 3.12626262626263
289.735 18.345 0 0 "KDE LDA" 100 1500 3.13636363636364
290.96 18.435 0 0 "KDE LDA" 100 1500 3.14646464646465
293.65 18.435 0 0 "KDE LDA" 100 1500 3.15656565656566
293.865 18.45 0 0 "KDE LDA" 100 1500 3.16666666666667
294.815 18.485 0 0 "KDE LDA" 100 1500 3.17676767676768
294.82 18.57 0 0 "KDE LDA" 100 1500 3.18686868686869
298.485 18.595 0 0 "KDE LDA" 100 1500 3.1969696969697
305.53 18.78 0 0 "KDE LDA" 100 1500 3.20707070707071
319.975 19.19 0 0 "KDE LDA" 100 1500 3.21717171717172
329.275 19.42 0 0 "KDE LDA" 100 1500 3.22727272727273
331.485 19.435 0 0 "KDE LDA" 100 1500 3.23737373737374
331.92 19.525 0 0 "KDE LDA" 100 1500 3.24747474747475
333.23 19.555 0 0 "KDE LDA" 100 1500 3.25757575757576
333.26 19.595 0 0 "KDE LDA" 100 1500 3.26767676767677
333.335 19.615 0 0 "KDE LDA" 100 1500 3.27777777777778
339.32 19.63 0 0 "KDE LDA" 100 1500 3.28787878787879
340.515 19.645 0 0 "KDE LDA" 100 1500 3.2979797979798
354.41 19.695 0 0 "KDE LDA" 100 1500 3.30808080808081
358.945 19.755 0 0 "KDE LDA" 100 1500 3.31818181818182
360.155 19.985 0 0 "KDE LDA" 100 1500 3.32828282828283
367.905 20.03 0 0 "KDE LDA" 100 1500 3.33838383838384
390.91 20.145 0 0 "KDE LDA" 100 1500 3.34848484848485
439.775 20.415 0 0 "KDE LDA" 100 1500 3.35858585858586
440.88 20.425 0 0 "KDE LDA" 100 1500 3.36868686868687
449.05 20.455 0 0 "KDE LDA" 100 1500 3.37878787878788
452.965 20.495 0 0 "KDE LDA" 100 1500 3.38888888888889
457.44 20.565 0 0 "KDE LDA" 100 1500 3.3989898989899
459.895 20.655 0 0 "KDE LDA" 100 1500 3.40909090909091
479.28 20.68 0 0 "KDE LDA" 100 1500 3.41919191919192
479.32 20.69 0 0 "KDE LDA" 100 1500 3.42929292929293
479.325 20.69 0 0 "KDE LDA" 100 1500 3.43939393939394
487.495 20.73 0 0 "KDE LDA" 100 1500 3.44949494949495
487.51 20.765 0 0 "KDE LDA" 100 1500 3.45959595959596
498.775 20.775 0 0 "KDE LDA" 100 1500 3.46969696969697
516.76 20.82 0 0 "KDE LDA" 100 1500 3.47979797979798
521.235 20.91 0 0 "KDE LDA" 100 1500 3.48989898989899
525.96 20.935 0 0 "KDE LDA" 100 1500 3.5
89.33 13.405 0 0 "KDE QDA" 100 1500 2.8
89.33 13.41 0 0 "KDE QDA" 100 1500 2.81010101010101
89.335 13.41 0 0 "KDE QDA" 100 1500 2.82020202020202
91.575 13.505 0 0 "KDE QDA" 100 1500 2.83030303030303
91.91 13.505 0 0 "KDE QDA" 100 1500 2.84040404040404
95.34 13.52 0 0 "KDE QDA" 100 1500 2.85050505050505
95.685 13.525 0 0 "KDE QDA" 100 1500 2.86060606060606
95.995 13.525 0 0 "KDE QDA" 100 1500 2.87070707070707
96.115 13.525 0 0 "KDE QDA" 100 1500 2.88080808080808
96.135 13.53 0 0 "KDE QDA" 100 1500 2.89090909090909
96.165 13.53 0 0 "KDE QDA" 100 1500 2.9010101010101
96.18 13.54 0 0 "KDE QDA" 100 1500 2.91111111111111
96.18 13.54 0 0 "KDE QDA" 100 1500 2.92121212121212
96.305 13.545 0 0 "KDE QDA" 100 1500 2.93131313131313
97.185 13.545 0 0 "KDE QDA" 100 1500 2.94141414141414
97.245 13.545 0 0 "KDE QDA" 100 1500 2.95151515151515
102.525 13.7 0 0 "KDE QDA" 100 1500 2.96161616161616
103.285 13.74 0 0 "KDE QDA" 100 1500 2.97171717171717
104.785 13.765 0 0 "KDE QDA" 100 1500 2.98181818181818
105.195 13.815 0 0 "KDE QDA" 100 1500 2.99191919191919
105.79 13.815 0 0 "KDE QDA" 100 1500 3.0020202020202
105.795 13.815 0 0 "KDE QDA" 100 1500 3.01212121212121
106.485 13.825 0 0 "KDE QDA" 100 1500 3.02222222222222
108.01 13.83 0 0 "KDE QDA" 100 1500 3.03232323232323
109.05 13.845 0 0 "KDE QDA" 100 1500 3.04242424242424
109.63 13.87 0 0 "KDE QDA" 100 1500 3.05252525252525
110.045 13.87 0 0 "KDE QDA" 100 1500 3.06262626262626
110.065 13.87 0 0 "KDE QDA" 100 1500 3.07272727272727
111.195 13.875 0 0 "KDE QDA" 100 1500 3.08282828282828
118.735 14.1 0 0 "KDE QDA" 100 1500 3.09292929292929
121.915 14.16 0 0 "KDE QDA" 100 1500 3.1030303030303
122.11 14.195 0 0 "KDE QDA" 100 1500 3.11313131313131
123.93 14.23 0 0 "KDE QDA" 100 1500 3.12323232323232
125.25 14.295 0 0 "KDE QDA" 100 1500 3.13333333333333
125.29 14.3 0 0 "KDE QDA" 100 1500 3.14343434343434
126.885 14.3 0 0 "KDE QDA" 100 1500 3.15353535353535
127.895 14.3 0 0 "KDE QDA" 100 1500 3.16363636363636
127.895 14.31 0 0 "KDE QDA" 100 1500 3.17373737373737
128.58 14.315 0 0 "KDE QDA" 100 1500 3.18383838383838
128.585 14.32 0 0 "KDE QDA" 100 1500 3.19393939393939
128.585 14.32 0 0 "KDE QDA" 100 1500 3.2040404040404
128.965 14.325 0 0 "KDE QDA" 100 1500 3.21414141414141
139.395 14.73 0 0 "KDE QDA" 100 1500 3.22424242424242
146.18 15.11 0 0 "KDE QDA" 100 1500 3.23434343434343
146.365 15.13 0 0 "KDE QDA" 100 1500 3.24444444444444
148.195 15.18 0 0 "KDE QDA" 100 1500 3.25454545454545
150.075 15.185 0 0 "KDE QDA" 100 1500 3.26464646464646
150.1 15.195 0 0 "KDE QDA" 100 1500 3.27474747474747
151.205 15.2 0 0 "KDE QDA" 100 1500 3.28484848484848
151.205 15.2 0 0 "KDE QDA" 100 1500 3.29494949494949
151.59 15.215 0 0 "KDE QDA" 100 1500 3.30505050505051
151.595 15.22 0 0 "KDE QDA" 100 1500 3.31515151515151
152.94 15.235 0 0 "KDE QDA" 100 1500 3.32525252525252
154.845 15.235 0 0 "KDE QDA" 100 1500 3.33535353535354
156.14 15.265 0 0 "KDE QDA" 100 1500 3.34545454545455
159.3 15.27 0 0 "KDE QDA" 100 1500 3.35555555555556
171.03 16.015 0 0 "KDE QDA" 100 1500 3.36565656565657
173.49 16.015 0 0 "KDE QDA" 100 1500 3.37575757575758
179.06 16.22 0 0 "KDE QDA" 100 1500 3.38585858585859
179.09 16.255 0 0 "KDE QDA" 100 1500 3.3959595959596
180.655 16.26 0 0 "KDE QDA" 100 1500 3.40606060606061
184.795 16.29 0 0 "KDE QDA" 100 1500 3.41616161616162
185.09 16.295 0 0 "KDE QDA" 100 1500 3.42626262626263
185.3 16.34 0 0 "KDE QDA" 100 1500 3.43636363636364
185.67 16.34 0 0 "KDE QDA" 100 1500 3.44646464646465
185.675 16.35 0 0 "KDE QDA" 100 1500 3.45656565656566
185.685 16.44 0 0 "KDE QDA" 100 1500 3.46666666666667
185.695 16.455 0 0 "KDE QDA" 100 1500 3.47676767676768
186.43 16.475 0 0 "KDE QDA" 100 1500 3.48686868686869
186.46 16.475 0 0 "KDE QDA" 100 1500 3.4969696969697
190.925 16.475 0 0 "KDE QDA" 100 1500 3.50707070707071
195.905 16.715 0 0 "KDE QDA" 100 1500 3.51717171717172
196.975 16.795 0 0 "KDE QDA" 100 1500 3.52727272727273
199.5 16.815 0 0 "KDE QDA" 100 1500 3.53737373737374
203.175 16.84 0 0 "KDE QDA" 100 1500 3.54747474747475
204.825 16.86 0 0 "KDE QDA" 100 1500 3.55757575757576
204.835 16.87 0 0 "KDE QDA" 100 1500 3.56767676767677
207.945 16.89 0 0 "KDE QDA" 100 1500 3.57777777777778
207.95 16.9 0 0 "KDE QDA" 100 1500 3.58787878787879
208.855 16.985 0 0 "KDE QDA" 100 1500 3.5979797979798
211.255 16.99 0 0 "KDE QDA" 100 1500 3.60808080808081
211.735 16.99 0 0 "KDE QDA" 100 1500 3.61818181818182
215.02 16.99 0 0 "KDE QDA" 100 1500 3.62828282828283
216.495 16.995 0 0 "KDE QDA" 100 1500 3.63838383838384
218.31 17.035 0 0 "KDE QDA" 100 1500 3.64848484848485
223.75 17.265 0 0 "KDE QDA" 100 1500 3.65858585858586
225.735 17.3 0 0 "KDE QDA" 100 1500 3.66868686868687
226.4 17.53 0 0 "KDE QDA" 100 1500 3.67878787878788
226.465 17.535 0 0 "KDE QDA" 100 1500 3.68888888888889
228.07 17.535 0 0 "KDE QDA" 100 1500 3.6989898989899
228.095 17.54 0 0 "KDE QDA" 100 1500 3.70909090909091
228.105 17.54 0 0 "KDE QDA" 100 1500 3.71919191919192
230.15 17.54 0 0 "KDE QDA" 100 1500 3.72929292929293
230.675 17.545 0 0 "KDE QDA" 100 1500 3.73939393939394
231.34 17.575 0 0 "KDE QDA" 100 1500 3.74949494949495
234.765 17.58 0 0 "KDE QDA" 100 1500 3.75959595959596
234.775 17.585 0 0 "KDE QDA" 100 1500 3.76969696969697
234.785 17.605 0 0 "KDE QDA" 100 1500 3.77979797979798
242.505 17.95 0 0 "KDE QDA" 100 1500 3.78989898989899
244.825 17.96 0 0 "KDE QDA" 100 1500 3.8
