133.925 15.755 0 0 "KDE LDA" 66 1000 2.5
134.355 15.785 0 0 "KDE LDA" 66 1000 2.51010101010101
138.515 15.89 0 0 "KDE LDA" 66 1000 2.52020202020202
148.665 16.145 0 0 "KDE LDA" 66 1000 2.53030303030303
150.51 16.285 0 0 "KDE LDA" 66 1000 2.54040404040404
151.755 16.295 0 0 "KDE LDA" 66 1000 2.55050505050505
151.84 16.345 0 0 "KDE LDA" 66 1000 2.56060606060606
152.625 16.355 0 0 "KDE LDA" 66 1000 2.57070707070707
153.04 16.36 0 0 "KDE LDA" 66 1000 2.58080808080808
156.815 16.365 0 0 "KDE LDA" 66 1000 2.59090909090909
157.46 16.57 0 0 "KDE LDA" 66 1000 2.6010101010101
157.505 16.585 0 0 "KDE LDA" 66 1000 2.61111111111111
158.005 16.665 0 0 "KDE LDA" 66 1000 2.62121212121212
158.015 16.77 0 0 "KDE LDA" 66 1000 2.63131313131313
163.83 16.79 0 0 "KDE LDA" 66 1000 2.64141414141414
168.82 16.81 0 0 "KDE LDA" 66 1000 2.65151515151515
171.895 17.13 0 0 "KDE LDA" 66 1000 2.66161616161616
187.865 17.31 0 0 "KDE LDA" 66 1000 2.67171717171717
190.255 17.35 0 0 "KDE LDA" 66 1000 2.68181818181818
191.485 17.39 0 0 "KDE LDA" 66 1000 2.69191919191919
192.91 17.435 0 0 "KDE LDA" 66 1000 2.7020202020202
193.835 17.475 0 0 "KDE LDA" 66 1000 2.71212121212121
195.04 17.695 0 0 "KDE LDA" 66 1000 2.72222222222222
198.56 17.725 0 0 "KDE LDA" 66 1000 2.73232323232323
201.49 17.725 0 0 "KDE LDA" 66 1000 2.74242424242424
203.345 17.735 0 0 "KDE LDA" 66 1000 2.75252525252525
203.4 17.76 0 0 "KDE LDA" 66 1000 2.76262626262626
206.24 17.85 0 0 "KDE LDA" 66 1000 2.77272727272727
212.45 17.935 0 0 "KDE LDA" 66 1000 2.78282828282828
221.285 18.235 0 0 "KDE LDA" 66 1000 2.79292929292929
264.29 18.915 0 0 "KDE LDA" 66 1000 2.8030303030303
270.275 19.07 0 0 "KDE LDA" 66 1000 2.81313131313131
270.28 19.08 0 0 "KDE LDA" 66 1000 2.82323232323232
272.06 19.09 0 0 "KDE LDA" 66 1000 2.83333333333333
273.895 19.105 0 0 "KDE LDA" 66 1000 2.84343434343434
275.525 19.115 0 0 "KDE LDA" 66 1000 2.85353535353535
276.01 19.12 0 0 "KDE LDA" 66 1000 2.86363636363636
277.6 19.125 0 0 "KDE LDA" 66 1000 2.87373737373737
277.635 19.15 0 0 "KDE LDA" 66 1000 2.88383838383838
277.64 19.16 0 0 "KDE LDA" 66 1000 2.89393939393939
281.6 19.175 0 0 "KDE LDA" 66 1000 2.9040404040404
286.055 19.235 0 0 "KDE LDA" 66 1000 2.91414141414141
290.625 19.245 0 0 "KDE LDA" 66 1000 2.92424242424242
292.62 19.33 0 0 "KDE LDA" 66 1000 2.93434343434343
294.24 19.535 0 0 "KDE LDA" 66 1000 2.94444444444444
302.87 19.685 0 0 "KDE LDA" 66 1000 2.95454545454545
306.84 20.045 0 0 "KDE LDA" 66 1000 2.96464646464646
311.185 20.225 0 0 "KDE LDA" 66 1000 2.97474747474747
311.555 20.285 0 0 "KDE LDA" 66 1000 2.98484848484848
311.6 20.305 0 0 "KDE LDA" 66 1000 2.99494949494949
311.645 20.335 0 0 "KDE LDA" 66 1000 3.00505050505051
315.625 20.37 0 0 "KDE LDA" 66 1000 3.01515151515152
316.115 20.435 0 0 "KDE LDA" 66 1000 3.02525252525253
319.045 20.445 0 0 "KDE LDA" 66 1000 3.03535353535354
338.695 20.455 0 0 "KDE LDA" 66 1000 3.04545454545455
338.855 20.5 0 0 "KDE LDA" 66 1000 3.05555555555556
343.675 20.575 0 0 "KDE LDA" 66 1000 3.06565656565657
347.29 20.585 0 0 "KDE LDA" 66 1000 3.07575757575758
354.095 20.715 0 0 "KDE LDA" 66 1000 3.08585858585859
373.38 20.745 0 0 "KDE LDA" 66 1000 3.0959595959596
375.105 20.915 0 0 "KDE LDA" 66 1000 3.10606060606061
375.105 20.93 0 0 "KDE LDA" 66 1000 3.11616161616162
375.725 21.02 0 0 "KDE LDA" 66 1000 3.12626262626263
377.72 21.025 0 0 "KDE LDA" 66 1000 3.13636363636364
389.52 21.04 0 0 "KDE LDA" 66 1000 3.14646464646465
389.725 21.225 0 0 "KDE LDA" 66 1000 3.15656565656566
392.46 21.3 0 0 "KDE LDA" 66 1000 3.16666666666667
410.02 21.31 0 0 "KDE LDA" 66 1000 3.17676767676768
414.73 21.335 0 0 "KDE LDA" 66 1000 3.18686868686869
430.415 21.495 0 0 "KDE LDA" 66 1000 3.1969696969697
441.27 21.515 0 0 "KDE LDA" 66 1000 3.20707070707071
446.605 21.595 0 0 "KDE LDA" 66 1000 3.21717171717172
462.89 21.82 0 0 "KDE LDA" 66 1000 3.22727272727273
465.045 21.855 0 0 "KDE LDA" 66 1000 3.23737373737374
473.07 22.15 0 0 "KDE LDA" 66 1000 3.24747474747475
483.04 22.17 0 0 "KDE LDA" 66 1000 3.25757575757576
485.695 22.25 0 0 "KDE LDA" 66 1000 3.26767676767677
488.66 22.295 0 0 "KDE LDA" 66 1000 3.27777777777778
490.22 22.305 0 0 "KDE LDA" 66 1000 3.28787878787879
492.92 22.32 0 0 "KDE LDA" 66 1000 3.2979797979798
498.945 22.345 0 0 "KDE LDA" 66 1000 3.30808080808081
500.99 22.525 0 0 "KDE LDA" 66 1000 3.31818181818182
507.93 22.55 0 0 "KDE LDA" 66 1000 3.32828282828283
509.61 22.67 0 0 "KDE LDA" 66 1000 3.33838383838384
537.035 22.725 0 0 "KDE LDA" 66 1000 3.34848484848485
575.555 22.99 0 0 "KDE LDA" 66 1000 3.35858585858586
588.71 23.12 0 0 "KDE LDA" 66 1000 3.36868686868687
595.715 23.235 0 0 "KDE LDA" 66 1000 3.37878787878788
605.57 23.255 0 0 "KDE LDA" 66 1000 3.38888888888889
606.465 23.285 0 0 "KDE LDA" 66 1000 3.3989898989899
606.82 23.415 0 0 "KDE LDA" 66 1000 3.40909090909091
608.425 23.515 0 0 "KDE LDA" 66 1000 3.41919191919192
622.115 23.585 0 0 "KDE LDA" 66 1000 3.42929292929293
625.705 23.595 0 0 "KDE LDA" 66 1000 3.43939393939394
633.19 23.6 0 0 "KDE LDA" 66 1000 3.44949494949495
641.135 23.625 0 0 "KDE LDA" 66 1000 3.45959595959596
642.775 23.89 0 0 "KDE LDA" 66 1000 3.46969696969697
659.02 23.905 0 0 "KDE LDA" 66 1000 3.47979797979798
660.885 23.935 0 0 "KDE LDA" 66 1000 3.48989898989899
663.236180904523 23.98 1 0 "KDE LDA" 66 1000 3.5
123.06 14.515 0 0 "KDE QDA" 66 1000 3.5
123.73 14.525 0 0 "KDE QDA" 66 1000 3.51010101010101
128.555 14.7 0 0 "KDE QDA" 66 1000 3.52020202020202
130.88 14.73 0 0 "KDE QDA" 66 1000 3.53030303030303
130.905 14.755 0 0 "KDE QDA" 66 1000 3.54040404040404
132.76 14.77 0 0 "KDE QDA" 66 1000 3.55050505050505
133.075 14.77 0 0 "KDE QDA" 66 1000 3.56060606060606
133.16 14.78 0 0 "KDE QDA" 66 1000 3.57070707070707
133.37 14.835 0 0 "KDE QDA" 66 1000 3.58080808080808
135.08 14.84 0 0 "KDE QDA" 66 1000 3.59090909090909
137.245 14.845 0 0 "KDE QDA" 66 1000 3.6010101010101
138.45 14.885 0 0 "KDE QDA" 66 1000 3.61111111111111
138.455 14.895 0 0 "KDE QDA" 66 1000 3.62121212121212
138.54 14.945 0 0 "KDE QDA" 66 1000 3.63131313131313
138.945 14.97 0 0 "KDE QDA" 66 1000 3.64141414141414
139.69 15.195 0 0 "KDE QDA" 66 1000 3.65151515151515
140.645 15.255 0 0 "KDE QDA" 66 1000 3.66161616161616
140.76 15.31 0 0 "KDE QDA" 66 1000 3.67171717171717
145.07 15.36 0 0 "KDE QDA" 66 1000 3.68181818181818
145.14 15.385 0 0 "KDE QDA" 66 1000 3.69191919191919
146.4 15.395 0 0 "KDE QDA" 66 1000 3.7020202020202
146.405 15.405 0 0 "KDE QDA" 66 1000 3.71212121212121
146.435 15.42 0 0 "KDE QDA" 66 1000 3.72222222222222
146.5 15.43 0 0 "KDE QDA" 66 1000 3.73232323232323
146.51 15.475 0 0 "KDE QDA" 66 1000 3.74242424242424
147.315 15.475 0 0 "KDE QDA" 66 1000 3.75252525252525
147.745 15.5 0 0 "KDE QDA" 66 1000 3.76262626262626
148.73 15.52 0 0 "KDE QDA" 66 1000 3.77272727272727
150.36 15.555 0 0 "KDE QDA" 66 1000 3.78282828282828
159.02 15.78 0 0 "KDE QDA" 66 1000 3.79292929292929
159.02 15.84 0 0 "KDE QDA" 66 1000 3.8030303030303
159.655 15.93 0 0 "KDE QDA" 66 1000 3.81313131313131
160.435 16.02 0 0 "KDE QDA" 66 1000 3.82323232323232
160.665 16.025 0 0 "KDE QDA" 66 1000 3.83333333333333
161.49 16.04 0 0 "KDE QDA" 66 1000 3.84343434343434
161.555 16.045 0 0 "KDE QDA" 66 1000 3.85353535353535
161.655 16.06 0 0 "KDE QDA" 66 1000 3.86363636363636
162.21 16.065 0 0 "KDE QDA" 66 1000 3.87373737373737
162.885 16.14 0 0 "KDE QDA" 66 1000 3.88383838383838
163.085 16.14 0 0 "KDE QDA" 66 1000 3.89393939393939
163.1 16.175 0 0 "KDE QDA" 66 1000 3.9040404040404
163.94 16.195 0 0 "KDE QDA" 66 1000 3.91414141414141
176.065 16.75 0 0 "KDE QDA" 66 1000 3.92424242424242
178.2 16.77 0 0 "KDE QDA" 66 1000 3.93434343434343
178.215 16.825 0 0 "KDE QDA" 66 1000 3.94444444444444
178.96 16.915 0 0 "KDE QDA" 66 1000 3.95454545454545
179.01 16.93 0 0 "KDE QDA" 66 1000 3.96464646464646
179.43 16.96 0 0 "KDE QDA" 66 1000 3.97474747474747
184.815 16.965 0 0 "KDE QDA" 66 1000 3.98484848484848
184.88 16.965 0 0 "KDE QDA" 66 1000 3.99494949494949
185.47 16.965 0 0 "KDE QDA" 66 1000 4.00505050505051
185.5 16.98 0 0 "KDE QDA" 66 1000 4.01515151515152
185.96 16.99 0 0 "KDE QDA" 66 1000 4.02525252525253
187.72 17.015 0 0 "KDE QDA" 66 1000 4.03535353535354
187.75 17.03 0 0 "KDE QDA" 66 1000 4.04545454545455
187.77 17.035 0 0 "KDE QDA" 66 1000 4.05555555555556
188.205 17.045 0 0 "KDE QDA" 66 1000 4.06565656565657
188.215 17.16 0 0 "KDE QDA" 66 1000 4.07575757575758
190.47 17.235 0 0 "KDE QDA" 66 1000 4.08585858585859
190.52 17.24 0 0 "KDE QDA" 66 1000 4.0959595959596
191.92 17.27 0 0 "KDE QDA" 66 1000 4.10606060606061
193.305 17.285 0 0 "KDE QDA" 66 1000 4.11616161616162
193.315 17.3 0 0 "KDE QDA" 66 1000 4.12626262626263
194.045 17.305 0 0 "KDE QDA" 66 1000 4.13636363636364
195.105 17.33 0 0 "KDE QDA" 66 1000 4.14646464646465
195.105 17.335 0 0 "KDE QDA" 66 1000 4.15656565656566
195.105 17.385 0 0 "KDE QDA" 66 1000 4.16666666666667
195.375 17.395 0 0 "KDE QDA" 66 1000 4.17676767676768
196.155 17.435 0 0 "KDE QDA" 66 1000 4.18686868686869
196.215 17.45 0 0 "KDE QDA" 66 1000 4.1969696969697
198.485 17.63 0 0 "KDE QDA" 66 1000 4.20707070707071
203.19 17.91 0 0 "KDE QDA" 66 1000 4.21717171717172
206.21 18.05 0 0 "KDE QDA" 66 1000 4.22727272727273
207.135 18.075 0 0 "KDE QDA" 66 1000 4.23737373737374
207.22 18.105 0 0 "KDE QDA" 66 1000 4.24747474747475
207.75 18.125 0 0 "KDE QDA" 66 1000 4.25757575757576
209.22 18.13 0 0 "KDE QDA" 66 1000 4.26767676767677
212.225 18.13 0 0 "KDE QDA" 66 1000 4.27777777777778
212.415 18.13 0 0 "KDE QDA" 66 1000 4.28787878787879
215.03 18.165 0 0 "KDE QDA" 66 1000 4.2979797979798
215.475 18.165 0 0 "KDE QDA" 66 1000 4.30808080808081
217.13 18.17 0 0 "KDE QDA" 66 1000 4.31818181818182
219.13 18.185 0 0 "KDE QDA" 66 1000 4.32828282828283
222.065 18.22 0 0 "KDE QDA" 66 1000 4.33838383838384
228.59 18.395 0 0 "KDE QDA" 66 1000 4.34848484848485
230.91 18.4 0 0 "KDE QDA" 66 1000 4.35858585858586
230.94 18.42 0 0 "KDE QDA" 66 1000 4.36868686868687
235.59 18.48 0 0 "KDE QDA" 66 1000 4.37878787878788
236.035 18.515 0 0 "KDE QDA" 66 1000 4.38888888888889
236.56 18.515 0 0 "KDE QDA" 66 1000 4.3989898989899
241.78 18.52 0 0 "KDE QDA" 66 1000 4.40909090909091
241.805 18.53 0 0 "KDE QDA" 66 1000 4.41919191919192
247.79 18.555 0 0 "KDE QDA" 66 1000 4.42929292929293
247.82 18.575 0 0 "KDE QDA" 66 1000 4.43939393939394
250.45 18.58 0 0 "KDE QDA" 66 1000 4.44949494949495
250.895 18.64 0 0 "KDE QDA" 66 1000 4.45959595959596
252.425 18.645 0 0 "KDE QDA" 66 1000 4.46969696969697
255.455 19.07 0 0 "KDE QDA" 66 1000 4.47979797979798
261.4 19.09 0 0 "KDE QDA" 66 1000 4.48989898989899
261.42 19.175 0 0 "KDE QDA" 66 1000 4.5
