84.599 19.444 0 0 79.3439453308232 14.7192227892481 "LDA" 22 1000 1.5
89.908 19.921 0 0 84.394928994816 14.9639794065509 "LDA" 22 1000 1.53535353535354
93.324 20.533 0 0 88.0780947499137 15.4865342715452 "LDA" 22 1000 1.57070707070707
98.222 21 0 0 91.6803250321354 15.6154360119032 "LDA" 22 1000 1.60606060606061
103.881 21.751 0 0 95.9548548702627 16.1400588753728 "LDA" 22 1000 1.64141414141414
112.866 22.43 0 0 106.073557702397 16.5050148595969 "LDA" 22 1000 1.67676767676768
117.951 23.236 0 0 110.589161139605 17.0497213172825 "LDA" 22 1000 1.71212121212121
122.693 23.89 0 0 114.288006805174 17.5399986189153 "LDA" 22 1000 1.74747474747475
129.959 24.61 0 0 120.958547814073 18.3585112396113 "LDA" 22 1000 1.78282828282828
137.747 25.292 0 0 128.899837700282 18.9674589890291 "LDA" 22 1000 1.81818181818182
143.49 25.963 0 0 131.493415874782 19.3112027992446 "LDA" 22 1000 1.85353535353535
151.002 26.584 0 0 137.482003539726 19.6129960386886 "LDA" 22 1000 1.88888888888889
160.076 27.364 0 0 145.375831403835 19.9228618532686 "LDA" 22 1000 1.92424242424242
170.41 28.215 0 0 157.005925877849 20.4809727612056 "LDA" 22 1000 1.95959595959596
180.995 28.715 0 0 167.294460193431 20.6307877795397 "LDA" 22 1000 1.99494949494949
192.804 29.563 0 0 178.727902822271 21.4156171907246 "LDA" 22 1000 2.03030303030303
203.103 30.023 0 0 187.675364481952 21.5442945493146 "LDA" 22 1000 2.06565656565657
213.839 30.583 0 0 199.700724731931 21.7593791635143 "LDA" 22 1000 2.1010101010101
225.319 31.16 0 0 207.676861777902 21.95856503915 "LDA" 22 1000 2.13636363636364
239.588 32.079 0 0 223.445703109812 22.6267259612991 "LDA" 22 1000 2.17171717171717
253.968 32.878 0 0 235.425023984108 22.9502468359238 "LDA" 22 1000 2.20707070707071
268.021 33.654 0 0 248.137350480946 23.5913720846592 "LDA" 22 1000 2.24242424242424
281.198 34.507 0 0 262.737819808946 24.2397920477573 "LDA" 22 1000 2.27777777777778
298.328 35.129 0 0 288.197206867183 24.3544965150278 "LDA" 22 1000 2.31313131313131
314.649 35.874 0 0 303.213671079207 25.0610091213059 "LDA" 22 1000 2.34848484848485
339.065 36.7 0 0 330.133049853549 25.7302943638049 "LDA" 22 1000 2.38383838383838
354.796 37.518 0 0 343.260627282306 26.2253969931333 "LDA" 22 1000 2.41919191919192
373.009 38.274 0 0 355.47427879086 26.7947547643729 "LDA" 22 1000 2.45454545454545
387.604 39.256 0 0 369.404841767296 27.6272642462067 "LDA" 22 1000 2.48989898989899
417.377 40.052 0 0 425.325327843882 29.0558003767842 "LDA" 22 1000 2.52525252525253
446.567 40.67 0 0 463.088685503805 29.4058804630265 "LDA" 22 1000 2.56060606060606
475.038 41.539 0 0 493.434826987804 29.9672239874419 "LDA" 22 1000 2.5959595959596
500.169 42.172 0 0 519.831281282687 30.0139509770582 "LDA" 22 1000 2.63131313131313
527.879 42.998 0 0 546.158595620879 30.4184035622397 "LDA" 22 1000 2.66666666666667
557.336 43.667 0 0 584.715699766608 30.7368974990624 "LDA" 22 1000 2.7020202020202
591.486 44.424 0 0 631.077854993394 31.1577764134579 "LDA" 22 1000 2.73737373737374
616.212 45.728 0 0 641.51810772459 32.3064966489052 "LDA" 22 1000 2.77272727272727
653.036 46.296 0 0 672.897384148277 32.5463000300441 "LDA" 22 1000 2.80808080808081
686.11 46.788 0 0 687.574126971107 32.6011332608222 "LDA" 22 1000 2.84343434343434
722.926 47.522 0 0 717.798602225831 33.1461337441063 "LDA" 22 1000 2.87878787878788
762.484 48.512 0 0 767.495079098518 34.5624133476876 "LDA" 22 1000 2.91414141414141
793.372 49.437 0 0 785.185553846968 35.4496079767563 "LDA" 22 1000 2.94949494949495
835.108 50.081 0 0 819.224375194557 35.5792400329366 "LDA" 22 1000 2.98484848484848
887.761 50.94 0 0 868.319258230067 36.1613058398067 "LDA" 22 1000 3.02020202020202
935.203 52.117 0 0 930.903167089627 37.1260508895661 "LDA" 22 1000 3.05555555555556
990.663 52.905 0 0 964.203552120049 37.5959762798153 "LDA" 22 1000 3.09090909090909
1039.595 53.402 0 0 990.090480782002 37.7528498748594 "LDA" 22 1000 3.12626262626263
1095.631 54.447 0 0 1040.24527928757 38.6124346695609 "LDA" 22 1000 3.16161616161616
1141.688 55.384 0 0 1082.32745478223 39.1503933223831 "LDA" 22 1000 3.1969696969697
1200.052 56.256 0 0 1140.99839203508 39.559036658915 "LDA" 22 1000 3.23232323232323
1265.579 57.23 0 0 1196.13776435255 40.1697735954624 "LDA" 22 1000 3.26767676767677
1362.07 58.18 0 0 1334.85690321175 40.6177473698555 "LDA" 22 1000 3.3030303030303
1437.35035035035 59.347 1 0 1391.21408151967 42.4027898561827 "LDA" 22 1000 3.33838383838384
1519.04809619238 59.975 2 0 1446.842646809 42.5855363110869 "LDA" 22 1000 3.37373737373737
1576.71342685371 60.798 2 0 1492.11980906827 43.0498372178628 "LDA" 22 1000 3.40909090909091
1662.73019057172 61.488 3 0 1582.30828426292 43.6560844523385 "LDA" 22 1000 3.44444444444444
1748.32898696088 62.435 3 0 1640.04752909268 44.5703521557918 "LDA" 22 1000 3.47979797979798
1810.96088264794 63.433 3 0 1690.51542111586 45.3027576517241 "LDA" 22 1000 3.51515151515152
1907.90963855422 64.699 4 0 1759.45071369935 45.9105235776633 "LDA" 22 1000 3.55050505050505
2005.02114803625 65.732 7 0 1852.10147659156 46.7799373507334 "LDA" 22 1000 3.58585858585859
2107.21148036254 66.755 7 0 1907.90843183399 47.4147776134839 "LDA" 22 1000 3.62121212121212
2237.47830474268 67.691 9 0 2018.53995571345 47.6641310461902 "LDA" 22 1000 3.65656565656566
2311.83400809717 68.377 12 0 2059.54704613305 47.7573201994483 "LDA" 22 1000 3.69191919191919
2371.45223577236 69.502 16 0 2069.73058428163 49.2167683446027 "LDA" 22 1000 3.72727272727273
2474.96024464832 70.462 19 0 2176.52249632052 50.0593897136042 "LDA" 22 1000 3.76262626262626
2576.41290983607 71.713 24 0 2229.14717384562 50.5408053359264 "LDA" 22 1000 3.7979797979798
2679.57644628099 72.675 32 0 2291.63496147005 50.9505773896267 "LDA" 22 1000 3.83333333333333
2790.14745586708 73.553 37 0 2366.45022785962 51.1399304211834 "LDA" 22 1000 3.86868686868687
2912.58811261731 74.54 41 0 2446.06075676537 51.5035048420106 "LDA" 22 1000 3.9040404040404
2978.34457323498 75.277 51 0 2473.36822232589 51.9922635251291 "LDA" 22 1000 3.93939393939394
3070.14042553191 76.298 60 0 2508.23689619572 52.5979632851096 "LDA" 22 1000 3.97474747474747
3185.44978632479 77.012 64 0 2544.43018922709 53.0028976864771 "LDA" 22 1000 4.01010101010101
3247.27567567568 77.671 75 0 2552.74758874487 53.0257530780044 "LDA" 22 1000 4.04545454545454
3317.53245324532 79.116 91 0 2570.44018160208 53.9945734121306 "LDA" 22 1000 4.08080808080808
3419.42217245241 80.028 107 0 2629.12120602403 54.3656770659839 "LDA" 22 1000 4.11616161616162
3494.61136363636 80.519 120 0 2632.61495228892 54.468563993036 "LDA" 22 1000 4.15151515151515
3550.31105990783 81.528 132 0 2631.86629876003 54.7432008018716 "LDA" 22 1000 4.18686868686869
3623.51046511628 82.177 140 0 2647.60071122585 54.9861177402455 "LDA" 22 1000 4.22222222222222
3611.69002375297 83.382 158 0 2631.39424712913 56.7072110386658 "LDA" 22 1000 4.25757575757576
3650.96739130435 84.404 172 0 2652.7930484346 57.5497067998852 "LDA" 22 1000 4.29292929292929
3687.05049261084 85.227 188 0 2663.87782499459 57.8831229887169 "LDA" 22 1000 4.32828282828283
3724.89223057644 86.156 202 0 2648.78275652365 58.4825775413146 "LDA" 22 1000 4.36363636363636
3768.53964194373 86.857 218 0 2658.87181515251 58.8860774811935 "LDA" 22 1000 4.3989898989899
3830.06797385621 87.596 235 0 2697.78870773896 59.0301053475033 "LDA" 22 1000 4.43434343434343
3885.68632707775 88.163 254 0 2706.59420516082 59.1362116010362 "LDA" 22 1000 4.46969696969697
3918.53719008264 89.051 274 0 2698.54637050902 59.6307657776355 "LDA" 22 1000 4.50505050505051
3915.58028169014 90.01 290 0 2669.09933434339 60.1102582189026 "LDA" 22 1000 4.54040404040404
3996.78354978355 90.993 307 0 2672.71879434774 60.3645328634938 "LDA" 22 1000 4.57575757575758
4024.95697329377 91.937 326 0 2683.73439331035 61.5699593218226 "LDA" 22 1000 4.61111111111111
4051.40606060606 92.756 340 0 2686.78060341533 61.8159176237939 "LDA" 22 1000 4.64646464646465
4090.88940809969 93.705 358 0 2705.50858563397 62.1886436771409 "LDA" 22 1000 4.68181818181818
4112.05314009662 94.656 379 0 2688.21700090334 62.8851031660138 "LDA" 22 1000 4.71717171717172
4151.44688026981 95.245 407 0 2680.82112728819 63.0378199317024 "LDA" 22 1000 4.75252525252525
4232.04695652174 96.517 425 0 2722.83111325517 63.8108261389283 "LDA" 22 1000 4.78787878787879
4218.74418604651 97.39 441 0 2714.18991869189 64.0472790519157 "LDA" 22 1000 4.82323232323232
4267.32467532467 98.345 461 0 2719.49263396898 64.1407671688842 "LDA" 22 1000 4.85858585858586
4313.71564885496 99.376 476 0 2725.43073047175 64.95766407532 "LDA" 22 1000 4.89393939393939
4369.47151277014 100.246 491 0 2736.32831137489 65.6565325330562 "LDA" 22 1000 4.92929292929293
4440.31781376518 100.962 506 0 2751.01663638699 65.7310057820594 "LDA" 22 1000 4.96464646464646
4471.00206185567 102.202 515 0 2744.33973942142 66.3445611696754 "LDA" 22 1000 5
44.388 17.161 0 0 39.247775017749 13.1513511487237 "uLSIF" 22 1000 1.5
46.7 17.663 0 0 41.076237136053 13.5154762808826 "uLSIF" 22 1000 1.53535353535354
49.43 18.207 0 0 44.6358763940114 13.8333478418101 "uLSIF" 22 1000 1.57070707070707
51.101 18.81 0 0 45.9593849400105 14.1728885824581 "uLSIF" 22 1000 1.60606060606061
53.37 19.546 0 0 48.17933528338 14.872695824264 "uLSIF" 22 1000 1.64141414141414
55.9 20.185 0 0 51.0471528276731 15.485560292659 "uLSIF" 22 1000 1.67676767676768
58.685 20.801 0 0 54.1233693898866 15.9704243354224 "uLSIF" 22 1000 1.71212121212121
61.047 21.301 0 0 56.737129755504 16.2751122355048 "uLSIF" 22 1000 1.74747474747475
63.856 22.147 0 0 60.2404197542827 16.9386631500042 "uLSIF" 22 1000 1.78282828282828
67.21 22.698 0 0 63.928403239411 17.3560372213253 "uLSIF" 22 1000 1.81818181818182
69.916 23.48 0 0 67.5691092773061 18.3273427285979 "uLSIF" 22 1000 1.85353535353535
74.13 24.39 0 0 70.8939422733075 19.0190858251817 "uLSIF" 22 1000 1.88888888888889
77.98 25.027 0 0 73.9215394455093 19.4298685222209 "uLSIF" 22 1000 1.92424242424242
82.406 25.816 0 0 77.5498752232855 20.2229847726075 "uLSIF" 22 1000 1.95959595959596
86.217 26.519 0 0 80.466681289822 20.8182381108017 "uLSIF" 22 1000 1.99494949494949
90.011 27.245 0 0 83.9095685526668 21.4689051627904 "uLSIF" 22 1000 2.03030303030303
93.7 28.112 0 0 86.4471231742567 22.1366548395978 "uLSIF" 22 1000 2.06565656565657
96.712 28.716 0 0 87.9588074487587 22.4928271071306 "uLSIF" 22 1000 2.1010101010101
100.394 29.191 0 0 89.234463933805 22.6916158179277 "uLSIF" 22 1000 2.13636363636364
105.764 29.945 0 0 92.9054235323306 23.2786569816833 "uLSIF" 22 1000 2.17171717171717
108.845 30.736 0 0 95.7990105660044 23.6507010394969 "uLSIF" 22 1000 2.20707070707071
113.941 31.68 0 0 100.197760005452 24.3485616095172 "uLSIF" 22 1000 2.24242424242424
118.641 32.354 0 0 104.782247725645 24.9112274537658 "uLSIF" 22 1000 2.27777777777778
122.532 33.235 0 0 108.189278100447 25.7335187836601 "uLSIF" 22 1000 2.31313131313131
125.699 34.102 0 0 109.972043034806 26.319352277446 "uLSIF" 22 1000 2.34848484848485
131.851 35.018 0 0 114.969965173048 27.1009988771658 "uLSIF" 22 1000 2.38383838383838
138.649 36.15 0 0 122.859359518196 28.4478255544915 "uLSIF" 22 1000 2.41919191919192
144.735 36.866 0 0 127.667394971225 29.0646658126117 "uLSIF" 22 1000 2.45454545454545
149.868 37.673 0 0 132.022211920724 29.6072399872001 "uLSIF" 22 1000 2.48989898989899
158.164 38.246 0 0 140.983905342296 30.1204702275168 "uLSIF" 22 1000 2.52525252525253
165.849 39.022 0 0 148.629367514929 30.6339673557957 "uLSIF" 22 1000 2.56060606060606
170.555 39.853 0 0 151.45513405835 31.5809237633377 "uLSIF" 22 1000 2.5959595959596
177.404 40.927 0 0 159.610012656287 32.8881939957837 "uLSIF" 22 1000 2.63131313131313
182.049 41.984 0 0 162.79567263914 33.6278541774015 "uLSIF" 22 1000 2.66666666666667
190.718 42.843 0 0 170.635145350625 34.5096111868022 "uLSIF" 22 1000 2.7020202020202
200.259 43.708 0 0 187.248353436993 34.7734371025921 "uLSIF" 22 1000 2.73737373737374
208.296 44.922 0 0 195.037560572404 36.1764377827703 "uLSIF" 22 1000 2.77272727272727
214.932 45.947 0 0 201.069630656577 36.7453999218326 "uLSIF" 22 1000 2.80808080808081
224.222 46.879 0 0 211.648860039349 37.4446586506201 "uLSIF" 22 1000 2.84343434343434
235.722 48.075 0 0 219.931781934091 38.0051544762913 "uLSIF" 22 1000 2.87878787878788
244.045 49.132 0 0 223.471404084378 39.1614631518818 "uLSIF" 22 1000 2.91414141414141
252.266 50.095 0 0 231.335689951735 39.9685809413152 "uLSIF" 22 1000 2.94949494949495
264.019 51.25 0 0 244.049878061805 40.4009620892589 "uLSIF" 22 1000 2.98484848484848
274.697 52.229 0 0 251.781530558002 40.6663535531686 "uLSIF" 22 1000 3.02020202020202
288.174 53.174 0 0 267.620209065572 41.8985824964904 "uLSIF" 22 1000 3.05555555555556
300.173 54.603 0 0 281.767226342669 43.3152120922731 "uLSIF" 22 1000 3.09090909090909
311.078 55.992 0 0 295.466025268707 44.7200158297805 "uLSIF" 22 1000 3.12626262626263
319.457 56.668 0 0 303.32823503454 45.0725560769667 "uLSIF" 22 1000 3.16161616161616
329.636 57.746 0 0 312.852819054568 46.0016481839035 "uLSIF" 22 1000 3.1969696969697
342.661 59.173 0 0 335.924240230106 47.4074312269241 "uLSIF" 22 1000 3.23232323232323
360.127 60.079 0 0 351.626987601079 47.9208635999829 "uLSIF" 22 1000 3.26767676767677
374.651 61.877 0 0 362.89367729408 49.7008656569184 "uLSIF" 22 1000 3.3030303030303
392.874 62.531 0 0 375.628439882883 50.1157323165653 "uLSIF" 22 1000 3.33838383838384
410.934 63.816 0 0 390.548816439151 50.7151868198686 "uLSIF" 22 1000 3.37373737373737
422.555 64.74 0 0 401.004373395706 51.4449899114286 "uLSIF" 22 1000 3.40909090909091
439.744 66.172 0 0 421.557693979547 53.1775541771927 "uLSIF" 22 1000 3.44444444444444
455.066 67.354 0 0 434.727240252342 54.3349332287155 "uLSIF" 22 1000 3.47979797979798
476.733 68.568 0 0 461.21425422389 55.4525054109943 "uLSIF" 22 1000 3.51515151515152
491.722 70 0 0 472.779942033912 55.7959244495974 "uLSIF" 22 1000 3.55050505050505
507.206 71.264 0 0 485.536958121317 56.608805506395 "uLSIF" 22 1000 3.58585858585859
520.357 72.429 0 0 497.81345279611 56.9801342109221 "uLSIF" 22 1000 3.62121212121212
539.698 73.476 0 0 505.572755008225 57.714750423236 "uLSIF" 22 1000 3.65656565656566
557.912 75.469 0 0 521.578949783115 60.1176111149318 "uLSIF" 22 1000 3.69191919191919
579.099 77.206 0 0 540.804549499872 61.4515732903549 "uLSIF" 22 1000 3.72727272727273
595.893 79.28 0 0 556.382707556829 62.6074539754916 "uLSIF" 22 1000 3.76262626262626
615.472 80.354 0 0 572.83970929794 63.3538506674566 "uLSIF" 22 1000 3.7979797979798
638.5 82.294 0 0 594.004189359786 65.6788952501584 "uLSIF" 22 1000 3.83333333333333
665.285 83.673 0 0 640.339269571338 66.4809129207984 "uLSIF" 22 1000 3.86868686868687
694.306 85.555 0 0 665.593587098905 67.6114360243981 "uLSIF" 22 1000 3.9040404040404
720.578 87.156 0 0 687.746259046774 68.8060457804104 "uLSIF" 22 1000 3.93939393939394
747.047 89.292 0 0 714.624762614858 71.2290131077801 "uLSIF" 22 1000 3.97474747474747
779.977 91.154 0 0 770.24577182872 74.0225345392849 "uLSIF" 22 1000 4.01010101010101
808.894 92.351 0 0 790.791400941995 74.5997112321215 "uLSIF" 22 1000 4.04545454545454
842.151 94.875 0 0 825.047314564607 77.6168264408353 "uLSIF" 22 1000 4.08080808080808
860.411 96.057 0 0 830.12164170019 78.7296774610001 "uLSIF" 22 1000 4.11616161616162
883.013 97.715 0 0 853.714681605388 79.468415134593 "uLSIF" 22 1000 4.15151515151515
908.974 100.009 0 0 877.750852966765 81.730843932079 "uLSIF" 22 1000 4.18686868686869
955.415 101.242 0 0 925.432687143389 82.5751057164572 "uLSIF" 22 1000 4.22222222222222
991.91 102.86 0 0 975.555200821486 83.4519540132442 "uLSIF" 22 1000 4.25757575757576
1018.413 104.512 0 0 1005.39101723087 83.8784802881851 "uLSIF" 22 1000 4.29292929292929
1049.639 105.411 0 0 1021.9040388136 84.0877329093003 "uLSIF" 22 1000 4.32828282828283
1076.359 106.592 0 0 1051.86885504192 84.1489547325609 "uLSIF" 22 1000 4.36363636363636
1105.024 108.059 0 0 1067.64203033083 84.9532257749496 "uLSIF" 22 1000 4.3989898989899
1139.284 110.228 0 0 1110.354388568 86.4508054199483 "uLSIF" 22 1000 4.43434343434343
1170.241 111.542 0 0 1134.97113196301 87.1571833563397 "uLSIF" 22 1000 4.46969696969697
1208.476 113.346 0 0 1174.62001754168 88.5117654135122 "uLSIF" 22 1000 4.50505050505051
1255.11 115.252 0 0 1235.58021689098 90.6718472287836 "uLSIF" 22 1000 4.54040404040404
1295.954 117.274 0 0 1267.09230160426 92.3663925596019 "uLSIF" 22 1000 4.57575757575758
1329.088 119.154 0 0 1291.85266403006 94.3426776428612 "uLSIF" 22 1000 4.61111111111111
1379.559 120.572 0 0 1340.49509122884 95.5796646169481 "uLSIF" 22 1000 4.64646464646465
1444.618 122.106 0 0 1391.20061645732 96.0016618766732 "uLSIF" 22 1000 4.68181818181818
1491.18 123.787 0 0 1423.13716309602 97.9053067003014 "uLSIF" 22 1000 4.71717171717172
1568.507 125.771 0 0 1497.80775937202 98.8874374442188 "uLSIF" 22 1000 4.75252525252525
1637.061 128.999 0 0 1608.40319513396 102.218861736446 "uLSIF" 22 1000 4.78787878787879
1692.62862862863 130.808 1 0 1644.72123020023 104.831554365996 "uLSIF" 22 1000 4.82323232323232
1780.90790790791 131.917 1 0 1759.87090854899 105.305381317074 "uLSIF" 22 1000 4.85858585858586
1818.73573573574 134.086 1 0 1778.77667771212 106.643065162941 "uLSIF" 22 1000 4.89393939393939
1877.81644934804 136.204 3 0 1833.04723070909 110.004087575341 "uLSIF" 22 1000 4.92929292929293
1918.03417085427 137.844 5 0 1873.09789632402 111.683772003496 "uLSIF" 22 1000 4.96464646464646
1969.41005025126 139.525 5 0 1913.236705914 112.419693837702 "uLSIF" 22 1000 5
