48.539 0 43.0744691074526 "LDA" 28 3 2 1.5
51.554 0 45.8267954277754 "LDA" 28 3 2 1.53535353535354
54.056 0 48.7335389831461 "LDA" 28 3 2 1.57070707070707
55.962 0 49.8101154747066 "LDA" 28 3 2 1.60606060606061
58.483 0 52.2141746179237 "LDA" 28 3 2 1.64141414141414
61.078 0 53.8244088029119 "LDA" 28 3 2 1.67676767676768
64.028 0 56.6248318989786 "LDA" 28 3 2 1.71212121212121
67.194 0 58.5922641431223 "LDA" 28 3 2 1.74747474747475
70.808 0 63.6302754036783 "LDA" 28 3 2 1.78282828282828
74.946 0 67.6700252424684 "LDA" 28 3 2 1.81818181818182
78.569 0 72.8510021036602 "LDA" 28 3 2 1.85353535353535
82.296 0 75.4886807735102 "LDA" 28 3 2 1.88888888888889
87.119 0 79.633701190924 "LDA" 28 3 2 1.92424242424242
90.798 0 82.1702570712003 "LDA" 28 3 2 1.95959595959596
95.462 0 88.2640532668827 "LDA" 28 3 2 1.99494949494949
98.388 0 90.3817809202846 "LDA" 28 3 2 2.03030303030303
103.984 0 95.9559027849735 "LDA" 28 3 2 2.06565656565657
106.808 0 99.4983470066566 "LDA" 28 3 2 2.1010101010101
111.64 0 103.066770392591 "LDA" 28 3 2 2.13636363636364
116.78 0 106.590060704744 "LDA" 28 3 2 2.17171717171717
121.86 0 113.135989641458 "LDA" 28 3 2 2.20707070707071
126.472 0 116.276659211888 "LDA" 28 3 2 2.24242424242424
133.107 0 121.914513900929 "LDA" 28 3 2 2.27777777777778
138.3 0 126.982276316416 "LDA" 28 3 2 2.31313131313131
146.023 0 135.950833392444 "LDA" 28 3 2 2.34848484848485
153.654 0 141.933362404205 "LDA" 28 3 2 2.38383838383838
160.425 0 149.167306271382 "LDA" 28 3 2 2.41919191919192
167.872 0 157.155316198369 "LDA" 28 3 2 2.45454545454545
173.567 0 161.818319975458 "LDA" 28 3 2 2.48989898989899
179.633 0 166.99583204056 "LDA" 28 3 2 2.52525252525253
190.072 0 181.403710331741 "LDA" 28 3 2 2.56060606060606
197.07 0 185.177908936131 "LDA" 28 3 2 2.5959595959596
206.119 0 200.904010065156 "LDA" 28 3 2 2.63131313131313
215.362 0 207.37456731038 "LDA" 28 3 2 2.66666666666667
224.232 0 212.921153466708 "LDA" 28 3 2 2.7020202020202
231.709 0 220.477692140796 "LDA" 28 3 2 2.73737373737374
243.575 0 235.857637570209 "LDA" 28 3 2 2.77272727272727
253.466 0 243.145978397363 "LDA" 28 3 2 2.80808080808081
264.604 0 252.547812466435 "LDA" 28 3 2 2.84343434343434
272.535 0 255.907587750869 "LDA" 28 3 2 2.87878787878788
280.810810810811 1 261.158739117185 "LDA" 28 3 2 2.91414141414141
289.603603603604 1 267.426638615358 "LDA" 28 3 2 2.94949494949495
303.453453453453 1 283.884886605948 "LDA" 28 3 2 2.98484848484848
320.340020060181 3 301.079689869322 "LDA" 28 3 2 3.02020202020202
334.704112337011 3 316.19040021781 "LDA" 28 3 2 3.05555555555556
352.343029087262 3 329.355279728734 "LDA" 28 3 2 3.09090909090909
365.12036108325 3 336.481826604664 "LDA" 28 3 2 3.12626262626263
378.578736208626 3 347.701412361007 "LDA" 28 3 2 3.16161616161616
390.564257028112 4 357.197048623413 "LDA" 28 3 2 3.1969696969697
403.943718592965 5 368.558553410436 "LDA" 28 3 2 3.23232323232323
413.97384305835 6 372.563260401406 "LDA" 28 3 2 3.26767676767677
430.115810674723 7 383.619681668025 "LDA" 28 3 2 3.3030303030303
444.60404040404 10 395.076765887625 "LDA" 28 3 2 3.33838383838384
463.601823708207 13 410.998591614429 "LDA" 28 3 2 3.37373737373737
475.968495934959 16 417.503643082495 "LDA" 28 3 2 3.40909090909091
495.309572301426 18 430.996342191777 "LDA" 28 3 2 3.44444444444444
510.805924412666 21 439.407189338744 "LDA" 28 3 2 3.47979797979798
528.935318275154 26 447.597539049372 "LDA" 28 3 2 3.51515151515152
537.852272727273 32 445.87816732628 "LDA" 28 3 2 3.55050505050505
552.54347826087 34 452.809666947095 "LDA" 28 3 2 3.58585858585859
558.159209157128 39 456.283540594779 "LDA" 28 3 2 3.62121212121212
567.805642633229 43 459.208419160126 "LDA" 28 3 2 3.65656565656566
583.04 50 464.369530190149 "LDA" 28 3 2 3.69191919191919
596.219873150106 54 467.629035205902 "LDA" 28 3 2 3.72727272727273
611.754010695187 65 469.163465098639 "LDA" 28 3 2 3.76262626262626
621.825993555317 69 475.865854653056 "LDA" 28 3 2 3.7979797979798
633.20150862069 72 477.503221062449 "LDA" 28 3 2 3.83333333333333
645.830434782609 80 484.731995265178 "LDA" 28 3 2 3.86868686868687
661.9760087241 83 489.710601501455 "LDA" 28 3 2 3.9040404040404
663.234254143646 95 487.789723685647 "LDA" 28 3 2 3.93939393939394
675.820712694878 102 492.805761476938 "LDA" 28 3 2 3.97474747474747
681.606502242152 108 494.529595303531 "LDA" 28 3 2 4.01010101010101
692.03615819209 115 498.375447756408 "LDA" 28 3 2 4.04545454545454
709.394285714286 125 505.32039247588 "LDA" 28 3 2 4.08080808080808
720.174418604651 140 510.141268568457 "LDA" 28 3 2 4.11616161616162
727.606132075472 152 512.176687488551 "LDA" 28 3 2 4.15151515151515
744.782816229117 162 519.150554324677 "LDA" 28 3 2 4.18686868686869
753.502421307506 174 524.300210664864 "LDA" 28 3 2 4.22222222222222
758.112883435583 185 524.18361424519 "LDA" 28 3 2 4.25757575757576
764.114035087719 202 526.521208466123 "LDA" 28 3 2 4.29292929292929
771.470290771176 209 527.189120164711 "LDA" 28 3 2 4.32828282828283
788.971867007673 218 534.141724685529 "LDA" 28 3 2 4.36363636363636
800.421530479896 229 536.537712455039 "LDA" 28 3 2 4.3989898989899
799.678055190539 239 532.524733949318 "LDA" 28 3 2 4.43434343434343
802.526034712951 251 529.023144695416 "LDA" 28 3 2 4.46969696969697
805.603825136612 268 529.933856323949 "LDA" 28 3 2 4.50505050505051
817.442600276625 277 528.499342030048 "LDA" 28 3 2 4.54040404040404
830.775740479549 291 534.584057834566 "LDA" 28 3 2 4.57575757575758
847.80774748924 303 537.301998064215 "LDA" 28 3 2 4.61111111111111
852.103649635037 315 541.525117322677 "LDA" 28 3 2 4.64646464646465
863.117910447761 330 544.042098747311 "LDA" 28 3 2 4.68181818181818
869.732223903177 339 547.568168723713 "LDA" 28 3 2 4.71717171717172
875.927914110429 348 550.778323201539 "LDA" 28 3 2 4.75252525252525
889.39375 360 551.974570152885 "LDA" 28 3 2 4.78787878787879
892.330158730159 370 551.684680058656 "LDA" 28 3 2 4.82323232323232
900.845047923323 374 553.217905667774 "LDA" 28 3 2 4.85858585858586
904.842532467532 384 555.400887553634 "LDA" 28 3 2 4.89393939393939
910.990016638935 399 554.755315341968 "LDA" 28 3 2 4.92929292929293
921.354948805461 414 557.301925520756 "LDA" 28 3 2 4.96464646464646
932.462081128748 433 561.195088580205 "LDA" 28 3 2 5
28.122 0 22.9025684944646 "uLSIF" 28 3 2 1.5
28.914 0 23.4796485897446 "uLSIF" 28 3 2 1.53535353535354
30.099 0 24.5059123221058 "uLSIF" 28 3 2 1.57070707070707
31.305 0 25.594355745868 "uLSIF" 28 3 2 1.60606060606061
32.435 0 27.0354709907501 "uLSIF" 28 3 2 1.64141414141414
33.811 0 28.2389574474292 "uLSIF" 28 3 2 1.67676767676768
35.043 0 29.4179293215135 "uLSIF" 28 3 2 1.71212121212121
36.217 0 30.294746783604 "uLSIF" 28 3 2 1.74747474747475
37.582 0 32.44978065048 "uLSIF" 28 3 2 1.78282828282828
39.024 0 33.4048395791285 "uLSIF" 28 3 2 1.81818181818182
40.45 0 35.0736034313222 "uLSIF" 28 3 2 1.85353535353535
41.745 0 35.557366343717 "uLSIF" 28 3 2 1.88888888888889
43.494 0 36.8784216308397 "uLSIF" 28 3 2 1.92424242424242
45.144 0 39.3748605539581 "uLSIF" 28 3 2 1.95959595959596
46.93 0 41.0585545885983 "uLSIF" 28 3 2 1.99494949494949
48.019 0 41.6826592611734 "uLSIF" 28 3 2 2.03030303030303
50.559 0 44.2109389871571 "uLSIF" 28 3 2 2.06565656565657
52.275 0 45.9889808689143 "uLSIF" 28 3 2 2.1010101010101
54.525 0 47.9702670570169 "uLSIF" 28 3 2 2.13636363636364
56.07 0 49.276335671976 "uLSIF" 28 3 2 2.17171717171717
58.083 0 50.4249420999746 "uLSIF" 28 3 2 2.20707070707071
59.03 0 50.4678125155044 "uLSIF" 28 3 2 2.24242424242424
60.791 0 51.997221368358 "uLSIF" 28 3 2 2.27777777777778
63.076 0 52.8551216807595 "uLSIF" 28 3 2 2.31313131313131
65.097 0 54.9376713989475 "uLSIF" 28 3 2 2.34848484848485
67.569 0 56.7845377081008 "uLSIF" 28 3 2 2.38383838383838
69.687 0 58.9280539857422 "uLSIF" 28 3 2 2.41919191919192
71.871 0 60.2061719605402 "uLSIF" 28 3 2 2.45454545454545
73.51 0 61.1085276549202 "uLSIF" 28 3 2 2.48989898989899
75.617 0 62.2888771388216 "uLSIF" 28 3 2 2.52525252525253
77.377 0 63.6422753380975 "uLSIF" 28 3 2 2.56060606060606
80.414 0 67.3343189949562 "uLSIF" 28 3 2 2.5959595959596
82.004 0 68.3680493664561 "uLSIF" 28 3 2 2.63131313131313
84.284 0 69.8818776280433 "uLSIF" 28 3 2 2.66666666666667
86.7 0 71.4976357085457 "uLSIF" 28 3 2 2.7020202020202
91.866 0 81.2139874390844 "uLSIF" 28 3 2 2.73737373737374
95.646 0 86.2066718663601 "uLSIF" 28 3 2 2.77272727272727
98.358 0 88.2597848718522 "uLSIF" 28 3 2 2.80808080808081
100.872 0 89.4974491782275 "uLSIF" 28 3 2 2.84343434343434
102.326 0 90.4145813490309 "uLSIF" 28 3 2 2.87878787878788
106.067 0 93.6629342710138 "uLSIF" 28 3 2 2.91414141414141
107.711 0 94.4633198537813 "uLSIF" 28 3 2 2.94949494949495
110.931 0 97.3357410486276 "uLSIF" 28 3 2 2.98484848484848
114.241 0 100.521706772878 "uLSIF" 28 3 2 3.02020202020202
116.327 0 101.808256010954 "uLSIF" 28 3 2 3.05555555555556
118.719 0 103.412824404187 "uLSIF" 28 3 2 3.09090909090909
121.308 0 105.575476874686 "uLSIF" 28 3 2 3.12626262626263
123.167 0 106.626208125673 "uLSIF" 28 3 2 3.16161616161616
126.892 0 108.892570581872 "uLSIF" 28 3 2 3.1969696969697
129.521 0 114.559877463816 "uLSIF" 28 3 2 3.23232323232323
134.222 0 117.870412530669 "uLSIF" 28 3 2 3.26767676767677
139.048 0 124.418148079657 "uLSIF" 28 3 2 3.3030303030303
141.459 0 125.323877985775 "uLSIF" 28 3 2 3.33838383838384
145.448 0 128.058401716757 "uLSIF" 28 3 2 3.37373737373737
147.576 0 129.882622855098 "uLSIF" 28 3 2 3.40909090909091
152.419 0 134.302235757747 "uLSIF" 28 3 2 3.44444444444444
156.611 0 138.329985411204 "uLSIF" 28 3 2 3.47979797979798
160.812 0 143.486079153732 "uLSIF" 28 3 2 3.51515151515152
165.904 0 147.214941575314 "uLSIF" 28 3 2 3.55050505050505
170.853 0 150.836112797711 "uLSIF" 28 3 2 3.58585858585859
175.732 0 154.18406176029 "uLSIF" 28 3 2 3.62121212121212
182.669 0 162.848146928229 "uLSIF" 28 3 2 3.65656565656566
187.67 0 169.077894576537 "uLSIF" 28 3 2 3.69191919191919
194.506 0 176.683465584675 "uLSIF" 28 3 2 3.72727272727273
199.097 0 179.396183297141 "uLSIF" 28 3 2 3.76262626262626
203.342 0 181.832274395972 "uLSIF" 28 3 2 3.7979797979798
205.731 0 182.851341948185 "uLSIF" 28 3 2 3.83333333333333
212.794 0 188.346319050572 "uLSIF" 28 3 2 3.86868686868687
217.931 0 192.262875387456 "uLSIF" 28 3 2 3.9040404040404
222.251 0 194.384879763012 "uLSIF" 28 3 2 3.93939393939394
226.265 0 197.589388230596 "uLSIF" 28 3 2 3.97474747474747
229.623 0 198.485443653539 "uLSIF" 28 3 2 4.01010101010101
235.729 0 203.168247755145 "uLSIF" 28 3 2 4.04545454545454
242.484 0 209.124227880671 "uLSIF" 28 3 2 4.08080808080808
250.111 0 214.870589074096 "uLSIF" 28 3 2 4.11616161616162
256.03 0 223.173716211402 "uLSIF" 28 3 2 4.15151515151515
262.202 0 232.388828827385 "uLSIF" 28 3 2 4.18686868686869
268.216 0 237.745233685431 "uLSIF" 28 3 2 4.22222222222222
273.438 0 242.876353478635 "uLSIF" 28 3 2 4.25757575757576
279.986 0 251.4942806053 "uLSIF" 28 3 2 4.29292929292929
284.215 0 253.595215468093 "uLSIF" 28 3 2 4.32828282828283
291.289 0 262.172477363447 "uLSIF" 28 3 2 4.36363636363636
295.104 0 262.620144932799 "uLSIF" 28 3 2 4.3989898989899
300.697 0 264.732480964232 "uLSIF" 28 3 2 4.43434343434343
306.901 0 268.61758804592 "uLSIF" 28 3 2 4.46969696969697
314.586 0 274.09954608712 "uLSIF" 28 3 2 4.50505050505051
317.854 0 276.560934758752 "uLSIF" 28 3 2 4.54040404040404
323.634 0 283.646659545766 "uLSIF" 28 3 2 4.57575757575758
330.665 0 291.073771947449 "uLSIF" 28 3 2 4.61111111111111
337.629 0 301.110223548995 "uLSIF" 28 3 2 4.64646464646465
345.848 0 307.233043533795 "uLSIF" 28 3 2 4.68181818181818
354.422 0 314.363786887909 "uLSIF" 28 3 2 4.71717171717172
360.326 0 318.80703513199 "uLSIF" 28 3 2 4.75252525252525
368.921921921922 1 324.821770013124 "uLSIF" 28 3 2 4.78787878787879
376.38376753507 2 328.785449239971 "uLSIF" 28 3 2 4.82323232323232
385.952905811623 2 341.19273473108 "uLSIF" 28 3 2 4.85858585858586
398.323647294589 2 352.434593776768 "uLSIF" 28 3 2 4.89393939393939
407.729458917836 2 358.844810115946 "uLSIF" 28 3 2 4.92929292929293
415.40562248996 4 370.439901646913 "uLSIF" 28 3 2 4.96464646464646
419.127638190955 5 369.295681796458 "uLSIF" 28 3 2 5
