52.037 13.411 0 0 47.351618840403 9.06743057857612 "LDA" 14 200 1.5
54.539 13.767 0 0 48.6110019286633 9.36495666906224 "LDA" 14 200 1.53535353535354
56.93 14.35 0 0 50.7364098383329 9.77717203965917 "LDA" 14 200 1.57070707070707
60.102 14.793 0 0 54.3677979455988 9.85044071004857 "LDA" 14 200 1.60606060606061
62.966 15.208 0 0 57.105690643787 10.3805824736617 "LDA" 14 200 1.64141414141414
66.236 15.659 0 0 60.6372755257291 10.6801115997813 "LDA" 14 200 1.67676767676768
69.395 15.987 0 0 63.7690949635674 10.909988948613 "LDA" 14 200 1.71212121212121
72.641 16.336 0 0 67.8728874282496 10.996455157278 "LDA" 14 200 1.74747474747475
76.422 16.731 0 0 72.5741063804227 11.243890077018 "LDA" 14 200 1.78282828282828
80.145 17.019 0 0 75.1425870155093 11.482529664124 "LDA" 14 200 1.81818181818182
83.521 17.439 0 0 77.0102079670684 11.758083667483 "LDA" 14 200 1.85353535353535
87.9 17.963 0 0 80.5780045348283 12.1024005510931 "LDA" 14 200 1.88888888888889
93.421 18.315 0 0 85.7908026586814 12.1838508371213 "LDA" 14 200 1.92424242424242
98.441 18.629 0 0 90.1219978334562 12.28031616715 "LDA" 14 200 1.95959595959596
103.31 18.963 0 0 94.1358670298493 12.4513721198777 "LDA" 14 200 1.99494949494949
109.01 19.428 0 0 100.086208586144 12.6906212561824 "LDA" 14 200 2.03030303030303
114.564 19.786 0 0 106.808923082531 12.8627234151113 "LDA" 14 200 2.06565656565657
117.697 20.266 0 0 109.308240688808 13.1133979275093 "LDA" 14 200 2.1010101010101
124.635 20.75 0 0 118.502762329322 13.5464758150231 "LDA" 14 200 2.13636363636364
132.169 21.13 0 0 123.655582737465 13.7284948764084 "LDA" 14 200 2.17171717171717
139.039 21.723 0 0 128.848560063473 14.4838549099697 "LDA" 14 200 2.20707070707071
143.08 22.103 0 0 130.946617430985 14.5222342043601 "LDA" 14 200 2.24242424242424
151.616 22.585 0 0 137.830772565004 14.7399471179866 "LDA" 14 200 2.27777777777778
160.519 22.937 0 0 147.233580973793 15.0270703679674 "LDA" 14 200 2.31313131313131
170.872 23.358 0 0 159.283058448501 15.3094158678316 "LDA" 14 200 2.34848484848485
181.509 23.917 0 0 167.722481348654 15.7573603565256 "LDA" 14 200 2.38383838383838
188.224 24.415 0 0 174.362214960713 15.8911076486915 "LDA" 14 200 2.41919191919192
197.657 24.877 0 0 182.825689069079 16.2671599085855 "LDA" 14 200 2.45454545454545
209.21 25.391 0 0 193.025549507734 16.4116867646949 "LDA" 14 200 2.48989898989899
221.848 25.879 0 0 202.352176413547 16.6242812092952 "LDA" 14 200 2.52525252525253
231.511 26.26 0 0 211.509792376786 17.0297508030039 "LDA" 14 200 2.56060606060606
245.002 26.558 0 0 226.536104412967 17.0017556650981 "LDA" 14 200 2.5959595959596
257.418 26.813 0 0 243.023121355795 17.0699564854283 "LDA" 14 200 2.63131313131313
265.694 27.317 0 0 247.674360709689 17.5847016674362 "LDA" 14 200 2.66666666666667
277.11 27.803 0 0 257.181407135462 17.9280117303789 "LDA" 14 200 2.7020202020202
286.177 28.287 0 0 265.315819647369 18.0886104725827 "LDA" 14 200 2.73737373737374
294.768 28.633 0 0 271.792592594775 18.11453690955 "LDA" 14 200 2.77272727272727
305.7 29.214 0 0 281.121346061112 18.5019600725579 "LDA" 14 200 2.80808080808081
315.882 29.679 0 0 292.698292387172 18.8240352555796 "LDA" 14 200 2.84343434343434
333.472 30.107 0 0 307.329123915073 18.8963653548407 "LDA" 14 200 2.87878787878788
349.12 30.495 0 0 323.149744479796 19.1065704938389 "LDA" 14 200 2.91414141414141
365.707 31.028 0 0 337.434858060685 19.2239115368016 "LDA" 14 200 2.94949494949495
375.112 31.623 0 0 344.725562105814 19.6572958537099 "LDA" 14 200 2.98484848484848
389.844 32.018 0 0 362.638108948938 19.9739990146349 "LDA" 14 200 3.02020202020202
402.282 32.405 0 0 370.86802446095 20.0142835631592 "LDA" 14 200 3.05555555555556
415.589 32.839 0 0 386.8380484838 20.1336147137428 "LDA" 14 200 3.09090909090909
433.937 33.604 0 0 405.863013610278 20.667567160465 "LDA" 14 200 3.12626262626263
452.499 34.083 0 0 419.811946077132 21.0519190169042 "LDA" 14 200 3.16161616161616
473.754 34.387 0 0 440.329980782567 21.0626414740855 "LDA" 14 200 3.1969696969697
488.018 34.763 0 0 450.442262568587 21.1734538076844 "LDA" 14 200 3.23232323232323
499.48 35.446 0 0 462.2534086557 21.9466338817309 "LDA" 14 200 3.26767676767677
526.269 35.979 0 0 495.847423414004 22.2309868376502 "LDA" 14 200 3.3030303030303
549.069 36.22 0 0 511.469701443296 22.2489238979015 "LDA" 14 200 3.33838383838384
566.69 36.711 0 0 533.71519353285 22.4455180443731 "LDA" 14 200 3.37373737373737
590.645 37.023 0 0 556.550266529605 22.5085118145137 "LDA" 14 200 3.40909090909091
617.327 37.394 0 0 573.880938350807 22.6121222372442 "LDA" 14 200 3.44444444444444
633.429 37.764 0 0 597.826998452796 22.6496205113752 "LDA" 14 200 3.47979797979798
651.51 38.208 0 0 609.889146214843 23.0229188156235 "LDA" 14 200 3.51515151515152
675.705 38.727 0 0 630.691336183189 23.1867223879335 "LDA" 14 200 3.55050505050505
686.38 39.299 0 0 637.993105607579 23.4401587033885 "LDA" 14 200 3.58585858585859
717.51 39.67 0 0 667.464577983628 23.4842204173059 "LDA" 14 200 3.62121212121212
752.851 40.103 0 0 707.884480149294 23.7387429936574 "LDA" 14 200 3.65656565656566
779.934 40.579 0 0 726.80546215877 23.8687132974208 "LDA" 14 200 3.69191919191919
809.599 41.147 0 0 740.11093519512 24.2626888260363 "LDA" 14 200 3.72727272727273
840.429 41.695 0 0 781.952935509774 24.5292408903875 "LDA" 14 200 3.76262626262626
882.016 41.946 0 0 829.294514111323 24.6570284716762 "LDA" 14 200 3.7979797979798
923.024 42.34 0 0 879.399824582354 24.8121349754922 "LDA" 14 200 3.83333333333333
970.667 42.885 0 0 933.104208314685 25.3670507206152 "LDA" 14 200 3.86868686868687
1008.371 43.337 0 0 964.712416944245 25.6903761441211 "LDA" 14 200 3.9040404040404
1049.181 43.853 0 0 996.285465601084 26.0295010694774 "LDA" 14 200 3.93939393939394
1092.915 44.29 0 0 1054.853125744 26.2860963031573 "LDA" 14 200 3.97474747474747
1123.903 45.075 0 0 1087.0926013523 26.8758197025632 "LDA" 14 200 4.01010101010101
1167.765 45.588 0 0 1113.64132681029 27.038219640378 "LDA" 14 200 4.04545454545454
1221.589 46.047 0 0 1162.62904073714 27.1932761039428 "LDA" 14 200 4.08080808080808
1258.223 46.421 0 0 1185.34181842096 27.2583707836286 "LDA" 14 200 4.11616161616162
1304.878 46.75 0 0 1235.34327866069 27.3580328598743 "LDA" 14 200 4.15151515151515
1359.046 47.265 0 0 1317.41972074377 27.6572901908466 "LDA" 14 200 4.18686868686869
1401.959 47.754 0 0 1353.97048911873 27.9077467081512 "LDA" 14 200 4.22222222222222
1427.45 48.152 0 0 1362.87266294229 28.2413609882822 "LDA" 14 200 4.25757575757576
1498.931 48.556 0 0 1417.9821789073 28.2226749863188 "LDA" 14 200 4.29292929292929
1579.245 48.951 0 0 1486.99216496714 28.3489375684744 "LDA" 14 200 4.32828282828283
1627.1041041041 49.319 1 0 1535.05089807881 28.3480307931583 "LDA" 14 200 4.36363636363636
1682.61623246493 49.709 2 0 1586.32629473167 28.4049848118629 "LDA" 14 200 4.3989898989899
1737.96790371113 49.93 3 0 1637.3872771444 28.4457423924963 "LDA" 14 200 4.43434343434343
1806.40361445783 50.385 4 0 1701.63105312278 28.5563695388829 "LDA" 14 200 4.46969696969697
1852.63718592965 50.83 5 0 1737.98596753953 28.8238428026853 "LDA" 14 200 4.50505050505051
1903.46177062374 51.19 6 0 1794.42940605096 28.8700776130128 "LDA" 14 200 4.54040404040404
1978.46370967742 51.645 8 0 1877.86879294728 29.2805109812538 "LDA" 14 200 4.57575757575758
2036.83434343434 52.402 10 0 1891.38432213726 29.7078264258924 "LDA" 14 200 4.61111111111111
2131.16076845298 52.702 11 0 1974.35445798032 29.79172272197 "LDA" 14 200 4.64646464646465
2217.8491902834 53.085 12 0 2028.05154581226 29.8752792004913 "LDA" 14 200 4.68181818181818
2318.72865853659 53.395 16 0 2092.52391631197 29.900886910559 "LDA" 14 200 4.71717171717172
2402.72142857143 53.841 20 0 2158.12342558796 30.1263226151868 "LDA" 14 200 4.75252525252525
2468.41658137155 54.166 23 0 2193.8507590824 30.2617285728396 "LDA" 14 200 4.78787878787879
2523.23487179487 54.51 25 0 2203.78573829268 30.252919514307 "LDA" 14 200 4.82323232323232
2606.92798353909 55.014 28 0 2260.52446658188 30.4539857695056 "LDA" 14 200 4.85858585858586
2685.56004140787 55.562 34 0 2295.96690368484 30.650180906311 "LDA" 14 200 4.89393939393939
2770.48125 55.961 40 0 2337.84503716392 30.69719525945 "LDA" 14 200 4.92929292929293
2816.76100628931 56.586 46 0 2353.75880398887 31.1876140682687 "LDA" 14 200 4.96464646464646
2877.95656779661 57.06 56 0 2390.29185251745 31.5191665159131 "LDA" 14 200 5
NA NA 1000 1000 NA NA "uLSIF" 14 200 1.5
NA NA 1000 1000 NA NA "uLSIF" 14 200 1.53535353535354
NA NA 1000 1000 NA NA "uLSIF" 14 200 1.57070707070707
NA NA 1000 1000 NA NA "uLSIF" 14 200 1.60606060606061
NA NA 1000 1000 NA NA "uLSIF" 14 200 1.64141414141414
NA NA 1000 1000 NA NA "uLSIF" 14 200 1.67676767676768
NA NA 1000 1000 NA NA "uLSIF" 14 200 1.71212121212121
NA NA 1000 1000 NA NA "uLSIF" 14 200 1.74747474747475
NA NA 1000 1000 NA NA "uLSIF" 14 200 1.78282828282828
NA NA 1000 1000 NA NA "uLSIF" 14 200 1.81818181818182
NA NA 1000 1000 NA NA "uLSIF" 14 200 1.85353535353535
NA NA 1000 1000 NA NA "uLSIF" 14 200 1.88888888888889
NA NA 1000 1000 NA NA "uLSIF" 14 200 1.92424242424242
NA NA 1000 1000 NA NA "uLSIF" 14 200 1.95959595959596
NA NA 1000 1000 NA NA "uLSIF" 14 200 1.99494949494949
NA NA 1000 1000 NA NA "uLSIF" 14 200 2.03030303030303
NA NA 1000 1000 NA NA "uLSIF" 14 200 2.06565656565657
NA NA 1000 1000 NA NA "uLSIF" 14 200 2.1010101010101
NA NA 1000 1000 NA NA "uLSIF" 14 200 2.13636363636364
NA NA 1000 1000 NA NA "uLSIF" 14 200 2.17171717171717
NA NA 1000 1000 NA NA "uLSIF" 14 200 2.20707070707071
NA NA 1000 1000 NA NA "uLSIF" 14 200 2.24242424242424
NA NA 1000 1000 NA NA "uLSIF" 14 200 2.27777777777778
NA NA 1000 1000 NA NA "uLSIF" 14 200 2.31313131313131
NA NA 1000 1000 NA NA "uLSIF" 14 200 2.34848484848485
NA NA 1000 1000 NA NA "uLSIF" 14 200 2.38383838383838
NA NA 1000 1000 NA NA "uLSIF" 14 200 2.41919191919192
NA NA 1000 1000 NA NA "uLSIF" 14 200 2.45454545454545
NA NA 1000 1000 NA NA "uLSIF" 14 200 2.48989898989899
NA NA 1000 1000 NA NA "uLSIF" 14 200 2.52525252525253
NA NA 1000 1000 NA NA "uLSIF" 14 200 2.56060606060606
NA NA 1000 1000 NA NA "uLSIF" 14 200 2.5959595959596
NA NA 1000 1000 NA NA "uLSIF" 14 200 2.63131313131313
NA NA 1000 1000 NA NA "uLSIF" 14 200 2.66666666666667
NA NA 1000 1000 NA NA "uLSIF" 14 200 2.7020202020202
NA NA 1000 1000 NA NA "uLSIF" 14 200 2.73737373737374
NA NA 1000 1000 NA NA "uLSIF" 14 200 2.77272727272727
NA NA 1000 1000 NA NA "uLSIF" 14 200 2.80808080808081
NA NA 1000 1000 NA NA "uLSIF" 14 200 2.84343434343434
NA NA 1000 1000 NA NA "uLSIF" 14 200 2.87878787878788
NA NA 1000 1000 NA NA "uLSIF" 14 200 2.91414141414141
NA NA 1000 1000 NA NA "uLSIF" 14 200 2.94949494949495
NA NA 1000 1000 NA NA "uLSIF" 14 200 2.98484848484848
NA NA 1000 1000 NA NA "uLSIF" 14 200 3.02020202020202
NA NA 1000 1000 NA NA "uLSIF" 14 200 3.05555555555556
NA NA 1000 1000 NA NA "uLSIF" 14 200 3.09090909090909
NA NA 1000 1000 NA NA "uLSIF" 14 200 3.12626262626263
NA NA 1000 1000 NA NA "uLSIF" 14 200 3.16161616161616
NA NA 1000 1000 NA NA "uLSIF" 14 200 3.1969696969697
NA NA 1000 1000 NA NA "uLSIF" 14 200 3.23232323232323
NA NA 1000 1000 NA NA "uLSIF" 14 200 3.26767676767677
NA NA 1000 1000 NA NA "uLSIF" 14 200 3.3030303030303
NA NA 1000 1000 NA NA "uLSIF" 14 200 3.33838383838384
NA NA 1000 1000 NA NA "uLSIF" 14 200 3.37373737373737
NA NA 1000 1000 NA NA "uLSIF" 14 200 3.40909090909091
NA NA 1000 1000 NA NA "uLSIF" 14 200 3.44444444444444
NA NA 1000 1000 NA NA "uLSIF" 14 200 3.47979797979798
NA NA 1000 1000 NA NA "uLSIF" 14 200 3.51515151515152
NA NA 1000 1000 NA NA "uLSIF" 14 200 3.55050505050505
NA NA 1000 1000 NA NA "uLSIF" 14 200 3.58585858585859
NA NA 1000 1000 NA NA "uLSIF" 14 200 3.62121212121212
NA NA 1000 1000 NA NA "uLSIF" 14 200 3.65656565656566
NA NA 1000 1000 NA NA "uLSIF" 14 200 3.69191919191919
NA NA 1000 1000 NA NA "uLSIF" 14 200 3.72727272727273
NA NA 1000 1000 NA NA "uLSIF" 14 200 3.76262626262626
NA NA 1000 1000 NA NA "uLSIF" 14 200 3.7979797979798
NA NA 1000 1000 NA NA "uLSIF" 14 200 3.83333333333333
NA NA 1000 1000 NA NA "uLSIF" 14 200 3.86868686868687
NA NA 1000 1000 NA NA "uLSIF" 14 200 3.9040404040404
NA NA 1000 1000 NA NA "uLSIF" 14 200 3.93939393939394
NA NA 1000 1000 NA NA "uLSIF" 14 200 3.97474747474747
NA NA 1000 1000 NA NA "uLSIF" 14 200 4.01010101010101
NA NA 1000 1000 NA NA "uLSIF" 14 200 4.04545454545454
NA NA 1000 1000 NA NA "uLSIF" 14 200 4.08080808080808
NA NA 1000 1000 NA NA "uLSIF" 14 200 4.11616161616162
NA NA 1000 1000 NA NA "uLSIF" 14 200 4.15151515151515
NA NA 1000 1000 NA NA "uLSIF" 14 200 4.18686868686869
NA NA 1000 1000 NA NA "uLSIF" 14 200 4.22222222222222
NA NA 1000 1000 NA NA "uLSIF" 14 200 4.25757575757576
NA NA 1000 1000 NA NA "uLSIF" 14 200 4.29292929292929
NA NA 1000 1000 NA NA "uLSIF" 14 200 4.32828282828283
NA NA 1000 1000 NA NA "uLSIF" 14 200 4.36363636363636
NA NA 1000 1000 NA NA "uLSIF" 14 200 4.3989898989899
NA NA 1000 1000 NA NA "uLSIF" 14 200 4.43434343434343
NA NA 1000 1000 NA NA "uLSIF" 14 200 4.46969696969697
NA NA 1000 1000 NA NA "uLSIF" 14 200 4.50505050505051
NA NA 1000 1000 NA NA "uLSIF" 14 200 4.54040404040404
NA NA 1000 1000 NA NA "uLSIF" 14 200 4.57575757575758
NA NA 1000 1000 NA NA "uLSIF" 14 200 4.61111111111111
NA NA 1000 1000 NA NA "uLSIF" 14 200 4.64646464646465
NA NA 1000 1000 NA NA "uLSIF" 14 200 4.68181818181818
NA NA 1000 1000 NA NA "uLSIF" 14 200 4.71717171717172
NA NA 1000 1000 NA NA "uLSIF" 14 200 4.75252525252525
NA NA 1000 1000 NA NA "uLSIF" 14 200 4.78787878787879
NA NA 1000 1000 NA NA "uLSIF" 14 200 4.82323232323232
NA NA 1000 1000 NA NA "uLSIF" 14 200 4.85858585858586
NA NA 1000 1000 NA NA "uLSIF" 14 200 4.89393939393939
NA NA 1000 1000 NA NA "uLSIF" 14 200 4.92929292929293
NA NA 1000 1000 NA NA "uLSIF" 14 200 4.96464646464646
NA NA 1000 1000 NA NA "uLSIF" 14 200 5
