154.315 16.855 0 0 "KDE LDA" 117 1000 2.5
155.565 16.9 0 0 "KDE LDA" 117 1000 2.51010101010101
159.725 16.9 0 0 "KDE LDA" 117 1000 2.52020202020202
162.57 17.055 0 0 "KDE LDA" 117 1000 2.53030303030303
164.38 17.1 0 0 "KDE LDA" 117 1000 2.54040404040404
164.38 17.15 0 0 "KDE LDA" 117 1000 2.55050505050505
165.785 17.25 0 0 "KDE LDA" 117 1000 2.56060606060606
166.555 17.26 0 0 "KDE LDA" 117 1000 2.57070707070707
168.97 17.265 0 0 "KDE LDA" 117 1000 2.58080808080808
168.995 17.27 0 0 "KDE LDA" 117 1000 2.59090909090909
169.29 17.29 0 0 "KDE LDA" 117 1000 2.6010101010101
169.3 17.365 0 0 "KDE LDA" 117 1000 2.61111111111111
169.615 17.385 0 0 "KDE LDA" 117 1000 2.62121212121212
169.73 17.415 0 0 "KDE LDA" 117 1000 2.63131313131313
171.05 17.53 0 0 "KDE LDA" 117 1000 2.64141414141414
175.03 17.56 0 0 "KDE LDA" 117 1000 2.65151515151515
178.19 17.605 0 0 "KDE LDA" 117 1000 2.66161616161616
191.03 17.69 0 0 "KDE LDA" 117 1000 2.67171717171717
192.13 17.8 0 0 "KDE LDA" 117 1000 2.68181818181818
192.5 17.8 0 0 "KDE LDA" 117 1000 2.69191919191919
195.145 17.81 0 0 "KDE LDA" 117 1000 2.7020202020202
195.15 17.82 0 0 "KDE LDA" 117 1000 2.71212121212121
196.875 17.85 0 0 "KDE LDA" 117 1000 2.72222222222222
199.22 17.885 0 0 "KDE LDA" 117 1000 2.73232323232323
199.285 18 0 0 "KDE LDA" 117 1000 2.74242424242424
199.285 18.02 0 0 "KDE LDA" 117 1000 2.75252525252525
205.62 18.19 0 0 "KDE LDA" 117 1000 2.76262626262626
208.085 18.32 0 0 "KDE LDA" 117 1000 2.77272727272727
214.955 18.33 0 0 "KDE LDA" 117 1000 2.78282828282828
228.865 18.725 0 0 "KDE LDA" 117 1000 2.79292929292929
281.77 19.23 0 0 "KDE LDA" 117 1000 2.8030303030303
281.775 19.255 0 0 "KDE LDA" 117 1000 2.81313131313131
283.08 19.35 0 0 "KDE LDA" 117 1000 2.82323232323232
283.145 19.405 0 0 "KDE LDA" 117 1000 2.83333333333333
283.155 19.405 0 0 "KDE LDA" 117 1000 2.84343434343434
286.64 19.455 0 0 "KDE LDA" 117 1000 2.85353535353535
287.475 19.51 0 0 "KDE LDA" 117 1000 2.86363636363636
287.685 19.51 0 0 "KDE LDA" 117 1000 2.87373737373737
288.445 19.695 0 0 "KDE LDA" 117 1000 2.88383838383838
290.6 19.705 0 0 "KDE LDA" 117 1000 2.89393939393939
293.96 19.955 0 0 "KDE LDA" 117 1000 2.9040404040404
294.68 20.045 0 0 "KDE LDA" 117 1000 2.91414141414141
294.695 20.285 0 0 "KDE LDA" 117 1000 2.92424242424242
294.695 20.33 0 0 "KDE LDA" 117 1000 2.93434343434343
294.745 20.385 0 0 "KDE LDA" 117 1000 2.94444444444444
303.21 20.415 0 0 "KDE LDA" 117 1000 2.95454545454545
307.595 20.455 0 0 "KDE LDA" 117 1000 2.96464646464646
307.62 20.595 0 0 "KDE LDA" 117 1000 2.97474747474747
309.115 20.615 0 0 "KDE LDA" 117 1000 2.98484848484848
310.465 20.64 0 0 "KDE LDA" 117 1000 2.99494949494949
314.145 20.66 0 0 "KDE LDA" 117 1000 3.00505050505051
317.235 20.665 0 0 "KDE LDA" 117 1000 3.01515151515152
318.96 20.895 0 0 "KDE LDA" 117 1000 3.02525252525253
319.015 21.075 0 0 "KDE LDA" 117 1000 3.03535353535354
321.21 21.145 0 0 "KDE LDA" 117 1000 3.04545454545455
321.22 21.22 0 0 "KDE LDA" 117 1000 3.05555555555556
323.36 21.25 0 0 "KDE LDA" 117 1000 3.06565656565657
325.005 21.29 0 0 "KDE LDA" 117 1000 3.07575757575758
337.055 21.425 0 0 "KDE LDA" 117 1000 3.08585858585859
342.47 21.62 0 0 "KDE LDA" 117 1000 3.0959595959596
347.165 21.695 0 0 "KDE LDA" 117 1000 3.10606060606061
347.63 21.71 0 0 "KDE LDA" 117 1000 3.11616161616162
347.65 21.855 0 0 "KDE LDA" 117 1000 3.12626262626263
349.375 21.855 0 0 "KDE LDA" 117 1000 3.13636363636364
357.26 21.87 0 0 "KDE LDA" 117 1000 3.14646464646465
357.29 21.965 0 0 "KDE LDA" 117 1000 3.15656565656566
360.655 21.98 0 0 "KDE LDA" 117 1000 3.16666666666667
365.845 22.01 0 0 "KDE LDA" 117 1000 3.17676767676768
371.63 22.015 0 0 "KDE LDA" 117 1000 3.18686868686869
372.04 22.03 0 0 "KDE LDA" 117 1000 3.1969696969697
377.315 22.13 0 0 "KDE LDA" 117 1000 3.20707070707071
383.45 22.355 0 0 "KDE LDA" 117 1000 3.21717171717172
418.175 22.71 0 0 "KDE LDA" 117 1000 3.22727272727273
421.93 22.73 0 0 "KDE LDA" 117 1000 3.23737373737374
425.98 22.735 0 0 "KDE LDA" 117 1000 3.24747474747475
435.08 22.755 0 0 "KDE LDA" 117 1000 3.25757575757576
436.995 22.81 0 0 "KDE LDA" 117 1000 3.26767676767677
441.88 22.96 0 0 "KDE LDA" 117 1000 3.27777777777778
442.025 23.12 0 0 "KDE LDA" 117 1000 3.28787878787879
442.06 23.3 0 0 "KDE LDA" 117 1000 3.2979797979798
443.69 23.32 0 0 "KDE LDA" 117 1000 3.30808080808081
460.16 23.45 0 0 "KDE LDA" 117 1000 3.31818181818182
460.165 23.645 0 0 "KDE LDA" 117 1000 3.32828282828283
462.925 23.675 0 0 "KDE LDA" 117 1000 3.33838383838384
474.565 23.79 0 0 "KDE LDA" 117 1000 3.34848484848485
561.945 24.06 0 0 "KDE LDA" 117 1000 3.35858585858586
565.435 24.075 0 0 "KDE LDA" 117 1000 3.36868686868687
566.015 24.1 0 0 "KDE LDA" 117 1000 3.37878787878788
576.08 24.12 0 0 "KDE LDA" 117 1000 3.38888888888889
576.085 24.12 0 0 "KDE LDA" 117 1000 3.3989898989899
576.095 24.205 0 0 "KDE LDA" 117 1000 3.40909090909091
576.105 24.29 0 0 "KDE LDA" 117 1000 3.41919191919192
576.365 24.305 0 0 "KDE LDA" 117 1000 3.42929292929293
588.78 24.33 0 0 "KDE LDA" 117 1000 3.43939393939394
591.065 24.355 0 0 "KDE LDA" 117 1000 3.44949494949495
591.53 24.37 0 0 "KDE LDA" 117 1000 3.45959595959596
591.53 24.385 0 0 "KDE LDA" 117 1000 3.46969696969697
591.535 24.465 0 0 "KDE LDA" 117 1000 3.47979797979798
599.3 24.49 0 0 "KDE LDA" 117 1000 3.48989898989899
610.005 24.66 0 0 "KDE LDA" 117 1000 3.5
141.8 14.905 0 0 "KDE QDA" 117 1000 3.5
141.865 14.95 0 0 "KDE QDA" 117 1000 3.51010101010101
144.245 15.06 0 0 "KDE QDA" 117 1000 3.52020202020202
144.285 15.07 0 0 "KDE QDA" 117 1000 3.53030303030303
144.695 15.085 0 0 "KDE QDA" 117 1000 3.54040404040404
144.71 15.095 0 0 "KDE QDA" 117 1000 3.55050505050505
145.21 15.125 0 0 "KDE QDA" 117 1000 3.56060606060606
146.475 15.125 0 0 "KDE QDA" 117 1000 3.57070707070707
146.485 15.13 0 0 "KDE QDA" 117 1000 3.58080808080808
146.49 15.135 0 0 "KDE QDA" 117 1000 3.59090909090909
146.725 15.15 0 0 "KDE QDA" 117 1000 3.6010101010101
147.575 15.175 0 0 "KDE QDA" 117 1000 3.61111111111111
150.185 15.175 0 0 "KDE QDA" 117 1000 3.62121212121212
150.29 15.22 0 0 "KDE QDA" 117 1000 3.63131313131313
151.64 15.225 0 0 "KDE QDA" 117 1000 3.64141414141414
158.36 15.305 0 0 "KDE QDA" 117 1000 3.65151515151515
160.34 15.34 0 0 "KDE QDA" 117 1000 3.66161616161616
161.09 15.365 0 0 "KDE QDA" 117 1000 3.67171717171717
162.2 15.39 0 0 "KDE QDA" 117 1000 3.68181818181818
163.525 15.415 0 0 "KDE QDA" 117 1000 3.69191919191919
163.535 15.49 0 0 "KDE QDA" 117 1000 3.7020202020202
163.965 15.505 0 0 "KDE QDA" 117 1000 3.71212121212121
164.87 15.545 0 0 "KDE QDA" 117 1000 3.72222222222222
166.57 15.545 0 0 "KDE QDA" 117 1000 3.73232323232323
166.575 15.55 0 0 "KDE QDA" 117 1000 3.74242424242424
166.665 15.565 0 0 "KDE QDA" 117 1000 3.75252525252525
168.3 15.585 0 0 "KDE QDA" 117 1000 3.76262626262626
171.08 15.61 0 0 "KDE QDA" 117 1000 3.77272727272727
173.43 15.645 0 0 "KDE QDA" 117 1000 3.78282828282828
176.96 15.96 0 0 "KDE QDA" 117 1000 3.79292929292929
177.09 16.01 0 0 "KDE QDA" 117 1000 3.8030303030303
180.435 16.155 0 0 "KDE QDA" 117 1000 3.81313131313131
180.52 16.155 0 0 "KDE QDA" 117 1000 3.82323232323232
180.53 16.175 0 0 "KDE QDA" 117 1000 3.83333333333333
180.555 16.175 0 0 "KDE QDA" 117 1000 3.84343434343434
182.095 16.195 0 0 "KDE QDA" 117 1000 3.85353535353535
182.15 16.2 0 0 "KDE QDA" 117 1000 3.86363636363636
183.185 16.215 0 0 "KDE QDA" 117 1000 3.87373737373737
185.515 16.255 0 0 "KDE QDA" 117 1000 3.88383838383838
185.945 16.26 0 0 "KDE QDA" 117 1000 3.89393939393939
187.505 16.325 0 0 "KDE QDA" 117 1000 3.9040404040404
187.515 16.35 0 0 "KDE QDA" 117 1000 3.91414141414141
201.52 16.825 0 0 "KDE QDA" 117 1000 3.92424242424242
201.585 16.85 0 0 "KDE QDA" 117 1000 3.93434343434343
212.36 16.91 0 0 "KDE QDA" 117 1000 3.94444444444444
214.115 16.92 0 0 "KDE QDA" 117 1000 3.95454545454545
214.115 16.97 0 0 "KDE QDA" 117 1000 3.96464646464646
214.115 17 0 0 "KDE QDA" 117 1000 3.97474747474747
214.125 17.005 0 0 "KDE QDA" 117 1000 3.98484848484848
214.145 17.035 0 0 "KDE QDA" 117 1000 3.99494949494949
214.585 17.07 0 0 "KDE QDA" 117 1000 4.00505050505051
215.515 17.075 0 0 "KDE QDA" 117 1000 4.01515151515152
217.43 17.095 0 0 "KDE QDA" 117 1000 4.02525252525253
217.445 17.12 0 0 "KDE QDA" 117 1000 4.03535353535354
220.055 17.125 0 0 "KDE QDA" 117 1000 4.04545454545455
220.065 17.135 0 0 "KDE QDA" 117 1000 4.05555555555556
220.075 17.135 0 0 "KDE QDA" 117 1000 4.06565656565657
220.12 17.14 0 0 "KDE QDA" 117 1000 4.07575757575758
224.335 17.405 0 0 "KDE QDA" 117 1000 4.08585858585859
224.48 17.47 0 0 "KDE QDA" 117 1000 4.0959595959596
224.765 17.49 0 0 "KDE QDA" 117 1000 4.10606060606061
225.325 17.505 0 0 "KDE QDA" 117 1000 4.11616161616162
226.025 17.54 0 0 "KDE QDA" 117 1000 4.12626262626263
231.15 17.55 0 0 "KDE QDA" 117 1000 4.13636363636364
231.21 17.565 0 0 "KDE QDA" 117 1000 4.14646464646465
236.165 17.57 0 0 "KDE QDA" 117 1000 4.15656565656566
238.16 17.575 0 0 "KDE QDA" 117 1000 4.16666666666667
239.03 17.6 0 0 "KDE QDA" 117 1000 4.17676767676768
242.38 17.615 0 0 "KDE QDA" 117 1000 4.18686868686869
242.615 17.63 0 0 "KDE QDA" 117 1000 4.1969696969697
245.325 17.645 0 0 "KDE QDA" 117 1000 4.20707070707071
253.72 17.835 0 0 "KDE QDA" 117 1000 4.21717171717172
254.21 17.865 0 0 "KDE QDA" 117 1000 4.22727272727273
254.235 17.96 0 0 "KDE QDA" 117 1000 4.23737373737374
258.41 17.97 0 0 "KDE QDA" 117 1000 4.24747474747475
258.435 17.995 0 0 "KDE QDA" 117 1000 4.25757575757576
262.225 18 0 0 "KDE QDA" 117 1000 4.26767676767677
263.31 18.005 0 0 "KDE QDA" 117 1000 4.27777777777778
266.525 18.02 0 0 "KDE QDA" 117 1000 4.28787878787879
271.295 18.02 0 0 "KDE QDA" 117 1000 4.2979797979798
271.305 18.095 0 0 "KDE QDA" 117 1000 4.30808080808081
272.91 18.115 0 0 "KDE QDA" 117 1000 4.31818181818182
272.985 18.135 0 0 "KDE QDA" 117 1000 4.32828282828283
275.24 18.14 0 0 "KDE QDA" 117 1000 4.33838383838384
279.81 18.355 0 0 "KDE QDA" 117 1000 4.34848484848485
279.92 18.37 0 0 "KDE QDA" 117 1000 4.35858585858586
280.04 18.395 0 0 "KDE QDA" 117 1000 4.36868686868687
280.97 18.42 0 0 "KDE QDA" 117 1000 4.37878787878788
290.135 18.42 0 0 "KDE QDA" 117 1000 4.38888888888889
291.82 18.44 0 0 "KDE QDA" 117 1000 4.3989898989899
292.04 18.53 0 0 "KDE QDA" 117 1000 4.40909090909091
295.585 18.535 0 0 "KDE QDA" 117 1000 4.41919191919192
302.495 18.545 0 0 "KDE QDA" 117 1000 4.42929292929293
302.695 18.55 0 0 "KDE QDA" 117 1000 4.43939393939394
306.13 18.555 0 0 "KDE QDA" 117 1000 4.44949494949495
307.755 18.575 0 0 "KDE QDA" 117 1000 4.45959595959596
310.98 18.635 0 0 "KDE QDA" 117 1000 4.46969696969697
318.29 19.025 0 0 "KDE QDA" 117 1000 4.47979797979798
320.24 19.025 0 0 "KDE QDA" 117 1000 4.48989898989899
320.26 19.045 0 0 "KDE QDA" 117 1000 4.5
