131.445 15.005 0 0 "KDE LDA" 115 800 2.4
131.98 15.045 0 0 "KDE LDA" 115 800 2.41010101010101
132.065 15.065 0 0 "KDE LDA" 115 800 2.42020202020202
132.69 15.065 0 0 "KDE LDA" 115 800 2.43030303030303
133.33 15.095 0 0 "KDE LDA" 115 800 2.44040404040404
134.035 15.095 0 0 "KDE LDA" 115 800 2.45050505050505
134.36 15.14 0 0 "KDE LDA" 115 800 2.46060606060606
134.365 15.165 0 0 "KDE LDA" 115 800 2.47070707070707
134.665 15.225 0 0 "KDE LDA" 115 800 2.48080808080808
134.665 15.255 0 0 "KDE LDA" 115 800 2.49090909090909
139.125 15.37 0 0 "KDE LDA" 115 800 2.5010101010101
139.15 15.38 0 0 "KDE LDA" 115 800 2.51111111111111
142.395 15.385 0 0 "KDE LDA" 115 800 2.52121212121212
148.41 15.58 0 0 "KDE LDA" 115 800 2.53131313131313
148.41 15.66 0 0 "KDE LDA" 115 800 2.54141414141414
148.415 15.67 0 0 "KDE LDA" 115 800 2.55151515151515
151.175 15.81 0 0 "KDE LDA" 115 800 2.56161616161616
151.185 15.825 0 0 "KDE LDA" 115 800 2.57171717171717
152.205 15.91 0 0 "KDE LDA" 115 800 2.58181818181818
153.335 16.025 0 0 "KDE LDA" 115 800 2.59191919191919
156.195 16.04 0 0 "KDE LDA" 115 800 2.6020202020202
158.6 16.1 0 0 "KDE LDA" 115 800 2.61212121212121
158.83 16.205 0 0 "KDE LDA" 115 800 2.62222222222222
161.17 16.22 0 0 "KDE LDA" 115 800 2.63232323232323
162.245 16.26 0 0 "KDE LDA" 115 800 2.64242424242424
163.36 16.405 0 0 "KDE LDA" 115 800 2.65252525252525
169.49 16.49 0 0 "KDE LDA" 115 800 2.66262626262626
176.82 16.995 0 0 "KDE LDA" 115 800 2.67272727272727
177.735 17.02 0 0 "KDE LDA" 115 800 2.68282828282828
177.74 17.025 0 0 "KDE LDA" 115 800 2.69292929292929
178.03 17.3 0 0 "KDE LDA" 115 800 2.7030303030303
178.31 17.305 0 0 "KDE LDA" 115 800 2.71313131313131
180.34 17.335 0 0 "KDE LDA" 115 800 2.72323232323232
185.8 17.34 0 0 "KDE LDA" 115 800 2.73333333333333
186.01 17.4 0 0 "KDE LDA" 115 800 2.74343434343434
188.4 17.525 0 0 "KDE LDA" 115 800 2.75353535353535
193.505 17.595 0 0 "KDE LDA" 115 800 2.76363636363636
197.075 17.645 0 0 "KDE LDA" 115 800 2.77373737373737
204.615 17.875 0 0 "KDE LDA" 115 800 2.78383838383838
213.405 18.3 0 0 "KDE LDA" 115 800 2.79393939393939
259.86 19.09 0 0 "KDE LDA" 115 800 2.8040404040404
266.39 19.105 0 0 "KDE LDA" 115 800 2.81414141414141
272.72 19.195 0 0 "KDE LDA" 115 800 2.82424242424242
272.72 19.195 0 0 "KDE LDA" 115 800 2.83434343434343
272.72 19.235 0 0 "KDE LDA" 115 800 2.84444444444444
274.7 19.245 0 0 "KDE LDA" 115 800 2.85454545454545
274.71 19.41 0 0 "KDE LDA" 115 800 2.86464646464646
274.8 19.415 0 0 "KDE LDA" 115 800 2.87474747474747
275.545 19.44 0 0 "KDE LDA" 115 800 2.88484848484848
281.43 19.445 0 0 "KDE LDA" 115 800 2.89494949494949
289.02 19.505 0 0 "KDE LDA" 115 800 2.90505050505051
289.045 19.52 0 0 "KDE LDA" 115 800 2.91515151515152
289.095 19.53 0 0 "KDE LDA" 115 800 2.92525252525253
290.91 19.54 0 0 "KDE LDA" 115 800 2.93535353535354
293.26 19.59 0 0 "KDE LDA" 115 800 2.94545454545455
300.14 19.605 0 0 "KDE LDA" 115 800 2.95555555555556
302.035 19.845 0 0 "KDE LDA" 115 800 2.96565656565657
302.04 19.885 0 0 "KDE LDA" 115 800 2.97575757575758
302.07 19.935 0 0 "KDE LDA" 115 800 2.98585858585859
306.995 19.955 0 0 "KDE LDA" 115 800 2.9959595959596
309.7 19.985 0 0 "KDE LDA" 115 800 3.00606060606061
309.7 19.985 0 0 "KDE LDA" 115 800 3.01616161616162
312.12 19.995 0 0 "KDE LDA" 115 800 3.02626262626263
319.575 20.07 0 0 "KDE LDA" 115 800 3.03636363636364
324.39 20.105 0 0 "KDE LDA" 115 800 3.04646464646465
325.5 20.115 0 0 "KDE LDA" 115 800 3.05656565656566
329.085 20.135 0 0 "KDE LDA" 115 800 3.06666666666667
329.13 20.205 0 0 "KDE LDA" 115 800 3.07676767676768
331.13 20.435 0 0 "KDE LDA" 115 800 3.08686868686869
333.725 20.695 0 0 "KDE LDA" 115 800 3.0969696969697
333.735 20.715 0 0 "KDE LDA" 115 800 3.10707070707071
343.495 20.76 0 0 "KDE LDA" 115 800 3.11717171717172
345.525 20.85 0 0 "KDE LDA" 115 800 3.12727272727273
347.705 20.855 0 0 "KDE LDA" 115 800 3.13737373737374
347.725 21.125 0 0 "KDE LDA" 115 800 3.14747474747475
356.19 21.13 0 0 "KDE LDA" 115 800 3.15757575757576
357.505 21.3 0 0 "KDE LDA" 115 800 3.16767676767677
360.81 21.35 0 0 "KDE LDA" 115 800 3.17777777777778
363.205 21.41 0 0 "KDE LDA" 115 800 3.18787878787879
365.875 21.47 0 0 "KDE LDA" 115 800 3.1979797979798
374.03 21.525 0 0 "KDE LDA" 115 800 3.20808080808081
389.315 21.595 0 0 "KDE LDA" 115 800 3.21818181818182
410.715 22.39 0 0 "KDE LDA" 115 800 3.22828282828283
412.635 22.41 0 0 "KDE LDA" 115 800 3.23838383838384
419.68 22.44 0 0 "KDE LDA" 115 800 3.24848484848485
425.18 22.465 0 0 "KDE LDA" 115 800 3.25858585858586
425.205 22.86 0 0 "KDE LDA" 115 800 3.26868686868687
425.23 22.975 0 0 "KDE LDA" 115 800 3.27878787878788
427.49 22.98 0 0 "KDE LDA" 115 800 3.28888888888889
430.48 22.995 0 0 "KDE LDA" 115 800 3.2989898989899
433.83 22.995 0 0 "KDE LDA" 115 800 3.30909090909091
434.365 23.145 0 0 "KDE LDA" 115 800 3.31919191919192
440.64 23.165 0 0 "KDE LDA" 115 800 3.32929292929293
453.95 23.39 0 0 "KDE LDA" 115 800 3.33939393939394
473.62 23.52 0 0 "KDE LDA" 115 800 3.34949494949495
516.81 23.92 0 0 "KDE LDA" 115 800 3.35959595959596
523.715 23.97 0 0 "KDE LDA" 115 800 3.36969696969697
545.94 24.025 0 0 "KDE LDA" 115 800 3.37979797979798
548.515 24.165 0 0 "KDE LDA" 115 800 3.38989898989899
548.515 24.18 0 0 "KDE LDA" 115 800 3.4
108.71 15.95 0 0 "KDE QDA" 115 800 4.3
109.085 15.95 0 0 "KDE QDA" 115 800 4.31010101010101
109.195 15.995 0 0 "KDE QDA" 115 800 4.32020202020202
109.335 16.02 0 0 "KDE QDA" 115 800 4.33030303030303
109.44 16.05 0 0 "KDE QDA" 115 800 4.34040404040404
111.375 16.34 0 0 "KDE QDA" 115 800 4.35050505050505
112.02 16.36 0 0 "KDE QDA" 115 800 4.36060606060606
113.475 16.39 0 0 "KDE QDA" 115 800 4.37070707070707
113.505 16.41 0 0 "KDE QDA" 115 800 4.38080808080808
113.53 16.415 0 0 "KDE QDA" 115 800 4.39090909090909
113.54 16.43 0 0 "KDE QDA" 115 800 4.4010101010101
113.705 16.455 0 0 "KDE QDA" 115 800 4.41111111111111
113.73 16.46 0 0 "KDE QDA" 115 800 4.42121212121212
113.81 16.475 0 0 "KDE QDA" 115 800 4.43131313131313
113.975 16.475 0 0 "KDE QDA" 115 800 4.44141414141414
114.525 16.48 0 0 "KDE QDA" 115 800 4.45151515151515
114.53 16.52 0 0 "KDE QDA" 115 800 4.46161616161616
115.715 16.53 0 0 "KDE QDA" 115 800 4.47171717171717
117.685 16.795 0 0 "KDE QDA" 115 800 4.48181818181818
117.725 16.8 0 0 "KDE QDA" 115 800 4.49191919191919
118.12 16.83 0 0 "KDE QDA" 115 800 4.5020202020202
118.53 16.875 0 0 "KDE QDA" 115 800 4.51212121212121
118.995 16.88 0 0 "KDE QDA" 115 800 4.52222222222222
119.175 16.885 0 0 "KDE QDA" 115 800 4.53232323232323
119.23 16.89 0 0 "KDE QDA" 115 800 4.54242424242424
119.49 16.905 0 0 "KDE QDA" 115 800 4.55252525252525
119.57 16.995 0 0 "KDE QDA" 115 800 4.56262626262626
119.57 17.025 0 0 "KDE QDA" 115 800 4.57272727272727
119.65 17.025 0 0 "KDE QDA" 115 800 4.58282828282828
119.655 17.045 0 0 "KDE QDA" 115 800 4.59292929292929
121.47 17.065 0 0 "KDE QDA" 115 800 4.6030303030303
122.66 17.07 0 0 "KDE QDA" 115 800 4.61313131313131
123.09 17.11 0 0 "KDE QDA" 115 800 4.62323232323232
123.14 17.135 0 0 "KDE QDA" 115 800 4.63333333333333
125.205 17.265 0 0 "KDE QDA" 115 800 4.64343434343434
125.805 17.285 0 0 "KDE QDA" 115 800 4.65353535353535
126.905 17.345 0 0 "KDE QDA" 115 800 4.66363636363636
127.45 17.35 0 0 "KDE QDA" 115 800 4.67373737373737
127.485 17.36 0 0 "KDE QDA" 115 800 4.68383838383838
128.37 17.375 0 0 "KDE QDA" 115 800 4.69393939393939
128.44 17.385 0 0 "KDE QDA" 115 800 4.7040404040404
128.59 17.4 0 0 "KDE QDA" 115 800 4.71414141414141
129.7 17.415 0 0 "KDE QDA" 115 800 4.72424242424242
130.975 17.455 0 0 "KDE QDA" 115 800 4.73434343434343
131.385 17.465 0 0 "KDE QDA" 115 800 4.74444444444444
131.385 17.47 0 0 "KDE QDA" 115 800 4.75454545454545
132.745 17.515 0 0 "KDE QDA" 115 800 4.76464646464646
135.385 17.8 0 0 "KDE QDA" 115 800 4.77474747474747
135.455 17.81 0 0 "KDE QDA" 115 800 4.78484848484849
136.03 17.825 0 0 "KDE QDA" 115 800 4.79494949494949
136.08 17.895 0 0 "KDE QDA" 115 800 4.80505050505051
136.17 17.91 0 0 "KDE QDA" 115 800 4.81515151515152
136.205 17.925 0 0 "KDE QDA" 115 800 4.82525252525252
136.4 17.955 0 0 "KDE QDA" 115 800 4.83535353535354
136.54 17.965 0 0 "KDE QDA" 115 800 4.84545454545455
136.555 17.97 0 0 "KDE QDA" 115 800 4.85555555555556
136.57 18.01 0 0 "KDE QDA" 115 800 4.86565656565657
136.65 18.01 0 0 "KDE QDA" 115 800 4.87575757575758
139.66 18.025 0 0 "KDE QDA" 115 800 4.88585858585859
140.95 18.045 0 0 "KDE QDA" 115 800 4.8959595959596
141.515 18.26 0 0 "KDE QDA" 115 800 4.90606060606061
141.54 18.35 0 0 "KDE QDA" 115 800 4.91616161616162
142.465 18.375 0 0 "KDE QDA" 115 800 4.92626262626263
143.18 18.44 0 0 "KDE QDA" 115 800 4.93636363636364
144.47 18.46 0 0 "KDE QDA" 115 800 4.94646464646465
146.48 18.475 0 0 "KDE QDA" 115 800 4.95656565656566
146.69 18.54 0 0 "KDE QDA" 115 800 4.96666666666667
148.725 18.62 0 0 "KDE QDA" 115 800 4.97676767676768
148.755 18.665 0 0 "KDE QDA" 115 800 4.98686868686869
149.62 18.665 0 0 "KDE QDA" 115 800 4.9969696969697
149.765 18.665 0 0 "KDE QDA" 115 800 5.00707070707071
149.81 18.7 0 0 "KDE QDA" 115 800 5.01717171717172
149.825 18.705 0 0 "KDE QDA" 115 800 5.02727272727273
151.59 18.9 0 0 "KDE QDA" 115 800 5.03737373737374
151.695 18.925 0 0 "KDE QDA" 115 800 5.04747474747475
152.125 18.945 0 0 "KDE QDA" 115 800 5.05757575757576
152.465 18.98 0 0 "KDE QDA" 115 800 5.06767676767677
152.695 18.98 0 0 "KDE QDA" 115 800 5.07777777777778
152.81 18.995 0 0 "KDE QDA" 115 800 5.08787878787879
152.835 19.015 0 0 "KDE QDA" 115 800 5.0979797979798
152.98 19.02 0 0 "KDE QDA" 115 800 5.10808080808081
153.12 19.06 0 0 "KDE QDA" 115 800 5.11818181818182
153.12 19.065 0 0 "KDE QDA" 115 800 5.12828282828283
153.255 19.07 0 0 "KDE QDA" 115 800 5.13838383838384
153.79 19.085 0 0 "KDE QDA" 115 800 5.14848484848485
154.475 19.09 0 0 "KDE QDA" 115 800 5.15858585858586
155.62 19.095 0 0 "KDE QDA" 115 800 5.16868686868687
155.62 19.115 0 0 "KDE QDA" 115 800 5.17878787878788
157.56 19.145 0 0 "KDE QDA" 115 800 5.18888888888889
157.84 19.28 0 0 "KDE QDA" 115 800 5.1989898989899
157.89 19.3 0 0 "KDE QDA" 115 800 5.20909090909091
158.86 19.315 0 0 "KDE QDA" 115 800 5.21919191919192
159.92 19.36 0 0 "KDE QDA" 115 800 5.22929292929293
159.99 19.375 0 0 "KDE QDA" 115 800 5.23939393939394
160.535 19.39 0 0 "KDE QDA" 115 800 5.24949494949495
161.15 19.415 0 0 "KDE QDA" 115 800 5.25959595959596
161.57 19.415 0 0 "KDE QDA" 115 800 5.26969696969697
162.335 19.415 0 0 "KDE QDA" 115 800 5.27979797979798
162.45 19.545 0 0 "KDE QDA" 115 800 5.28989898989899
162.505 19.55 0 0 "KDE QDA" 115 800 5.3
