136.81 14.95 0 0 "KDE LDA" 182 1000 2.5
143.455 15.005 0 0 "KDE LDA" 182 1000 2.51010101010101
144.44 15.06 0 0 "KDE LDA" 182 1000 2.52020202020202
146.94 15.295 0 0 "KDE LDA" 182 1000 2.53030303030303
147.355 15.575 0 0 "KDE LDA" 182 1000 2.54040404040404
148.205 15.615 0 0 "KDE LDA" 182 1000 2.55050505050505
148.23 15.62 0 0 "KDE LDA" 182 1000 2.56060606060606
149.155 15.63 0 0 "KDE LDA" 182 1000 2.57070707070707
149.735 15.655 0 0 "KDE LDA" 182 1000 2.58080808080808
150.405 15.69 0 0 "KDE LDA" 182 1000 2.59090909090909
151.53 15.72 0 0 "KDE LDA" 182 1000 2.6010101010101
152.37 15.725 0 0 "KDE LDA" 182 1000 2.61111111111111
156.6 15.775 0 0 "KDE LDA" 182 1000 2.62121212121212
158.915 15.78 0 0 "KDE LDA" 182 1000 2.63131313131313
159.395 15.845 0 0 "KDE LDA" 182 1000 2.64141414141414
164.505 15.94 0 0 "KDE LDA" 182 1000 2.65151515151515
168.165 16.225 0 0 "KDE LDA" 182 1000 2.66161616161616
174.595 16.61 0 0 "KDE LDA" 182 1000 2.67171717171717
178.845 16.655 0 0 "KDE LDA" 182 1000 2.68181818181818
180.915 16.795 0 0 "KDE LDA" 182 1000 2.69191919191919
181.375 16.92 0 0 "KDE LDA" 182 1000 2.7020202020202
181.88 16.96 0 0 "KDE LDA" 182 1000 2.71212121212121
185.765 17.105 0 0 "KDE LDA" 182 1000 2.72222222222222
187.79 17.11 0 0 "KDE LDA" 182 1000 2.73232323232323
188.9 17.16 0 0 "KDE LDA" 182 1000 2.74242424242424
189.94 17.315 0 0 "KDE LDA" 182 1000 2.75252525252525
190.815 17.365 0 0 "KDE LDA" 182 1000 2.76262626262626
193.03 17.425 0 0 "KDE LDA" 182 1000 2.77272727272727
198.66 17.525 0 0 "KDE LDA" 182 1000 2.78282828282828
205.58 17.75 0 0 "KDE LDA" 182 1000 2.79292929292929
227.985 18.145 0 0 "KDE LDA" 182 1000 2.8030303030303
229.975 18.19 0 0 "KDE LDA" 182 1000 2.81313131313131
235.225 18.245 0 0 "KDE LDA" 182 1000 2.82323232323232
235.495 18.275 0 0 "KDE LDA" 182 1000 2.83333333333333
235.715 18.28 0 0 "KDE LDA" 182 1000 2.84343434343434
235.74 18.295 0 0 "KDE LDA" 182 1000 2.85353535353535
235.775 18.31 0 0 "KDE LDA" 182 1000 2.86363636363636
238.31 18.315 0 0 "KDE LDA" 182 1000 2.87373737373737
240.125 18.315 0 0 "KDE LDA" 182 1000 2.88383838383838
241.21 18.335 0 0 "KDE LDA" 182 1000 2.89393939393939
241.865 18.415 0 0 "KDE LDA" 182 1000 2.9040404040404
245.74 18.43 0 0 "KDE LDA" 182 1000 2.91414141414141
245.75 18.51 0 0 "KDE LDA" 182 1000 2.92424242424242
248.64 18.54 0 0 "KDE LDA" 182 1000 2.93434343434343
250.75 18.565 0 0 "KDE LDA" 182 1000 2.94444444444444
255.735 18.595 0 0 "KDE LDA" 182 1000 2.95454545454545
261.64 18.805 0 0 "KDE LDA" 182 1000 2.96464646464646
268.43 18.82 0 0 "KDE LDA" 182 1000 2.97474747474747
268.7 18.825 0 0 "KDE LDA" 182 1000 2.98484848484848
270.21 18.87 0 0 "KDE LDA" 182 1000 2.99494949494949
270.215 18.9 0 0 "KDE LDA" 182 1000 3.00505050505051
272.485 18.925 0 0 "KDE LDA" 182 1000 3.01515151515152
280.44 18.94 0 0 "KDE LDA" 182 1000 3.02525252525253
285.11 19.065 0 0 "KDE LDA" 182 1000 3.03535353535354
288.58 19.07 0 0 "KDE LDA" 182 1000 3.04545454545455
288.58 19.145 0 0 "KDE LDA" 182 1000 3.05555555555556
288.665 19.165 0 0 "KDE LDA" 182 1000 3.06565656565657
291.68 19.19 0 0 "KDE LDA" 182 1000 3.07575757575758
297.115 19.32 0 0 "KDE LDA" 182 1000 3.08585858585859
308.56 19.65 0 0 "KDE LDA" 182 1000 3.0959595959596
309.05 19.67 0 0 "KDE LDA" 182 1000 3.10606060606061
309.215 19.69 0 0 "KDE LDA" 182 1000 3.11616161616162
311.875 19.715 0 0 "KDE LDA" 182 1000 3.12626262626263
316.095 19.725 0 0 "KDE LDA" 182 1000 3.13636363636364
320.575 19.725 0 0 "KDE LDA" 182 1000 3.14646464646465
322.235 19.935 0 0 "KDE LDA" 182 1000 3.15656565656566
335.535 19.945 0 0 "KDE LDA" 182 1000 3.16666666666667
343.495 20 0 0 "KDE LDA" 182 1000 3.17676767676768
348.97 20.055 0 0 "KDE LDA" 182 1000 3.18686868686869
350.385 20.2 0 0 "KDE LDA" 182 1000 3.1969696969697
357.295 20.385 0 0 "KDE LDA" 182 1000 3.20707070707071
358.21 20.475 0 0 "KDE LDA" 182 1000 3.21717171717172
398.55 20.885 0 0 "KDE LDA" 182 1000 3.22727272727273
405.73 20.905 0 0 "KDE LDA" 182 1000 3.23737373737374
410.915 20.92 0 0 "KDE LDA" 182 1000 3.24747474747475
412.505 21.045 0 0 "KDE LDA" 182 1000 3.25757575757576
417.86 21.075 0 0 "KDE LDA" 182 1000 3.26767676767677
428.83 21.105 0 0 "KDE LDA" 182 1000 3.27777777777778
428.84 21.145 0 0 "KDE LDA" 182 1000 3.28787878787879
429.435 21.165 0 0 "KDE LDA" 182 1000 3.2979797979798
430.755 21.175 0 0 "KDE LDA" 182 1000 3.30808080808081
433.075 21.21 0 0 "KDE LDA" 182 1000 3.31818181818182
436.53 21.315 0 0 "KDE LDA" 182 1000 3.32828282828283
450.965 21.335 0 0 "KDE LDA" 182 1000 3.33838383838384
461.615 21.525 0 0 "KDE LDA" 182 1000 3.34848484848485
501.79 22.24 0 0 "KDE LDA" 182 1000 3.35858585858586
501.965 22.24 0 0 "KDE LDA" 182 1000 3.36868686868687
504.56 22.305 0 0 "KDE LDA" 182 1000 3.37878787878788
505.855 22.335 0 0 "KDE LDA" 182 1000 3.38888888888889
506.845 22.36 0 0 "KDE LDA" 182 1000 3.3989898989899
506.845 22.43 0 0 "KDE LDA" 182 1000 3.40909090909091
517.165 22.445 0 0 "KDE LDA" 182 1000 3.41919191919192
526.215 22.495 0 0 "KDE LDA" 182 1000 3.42929292929293
526.785 22.5 0 0 "KDE LDA" 182 1000 3.43939393939394
532.35 22.575 0 0 "KDE LDA" 182 1000 3.44949494949495
532.355 22.705 0 0 "KDE LDA" 182 1000 3.45959595959596
532.565 22.71 0 0 "KDE LDA" 182 1000 3.46969696969697
535.59 22.98 0 0 "KDE LDA" 182 1000 3.47979797979798
537.01 22.99 0 0 "KDE LDA" 182 1000 3.48989898989899
540.925 23.085 0 0 "KDE LDA" 182 1000 3.5
157.685 15.675 0 0 "KDE QDA" 182 1000 3.5
157.725 15.68 0 0 "KDE QDA" 182 1000 3.51010101010101
160.015 15.855 0 0 "KDE QDA" 182 1000 3.52020202020202
160.085 15.865 0 0 "KDE QDA" 182 1000 3.53030303030303
161.42 15.885 0 0 "KDE QDA" 182 1000 3.54040404040404
162.555 15.89 0 0 "KDE QDA" 182 1000 3.55050505050505
164.375 15.89 0 0 "KDE QDA" 182 1000 3.56060606060606
164.745 15.945 0 0 "KDE QDA" 182 1000 3.57070707070707
168.39 15.95 0 0 "KDE QDA" 182 1000 3.58080808080808
168.56 15.975 0 0 "KDE QDA" 182 1000 3.59090909090909
169.885 15.975 0 0 "KDE QDA" 182 1000 3.6010101010101
169.92 15.98 0 0 "KDE QDA" 182 1000 3.61111111111111
169.925 15.985 0 0 "KDE QDA" 182 1000 3.62121212121212
170.97 15.995 0 0 "KDE QDA" 182 1000 3.63131313131313
170.995 16 0 0 "KDE QDA" 182 1000 3.64141414141414
178.1 16.18 0 0 "KDE QDA" 182 1000 3.65151515151515
179.825 16.24 0 0 "KDE QDA" 182 1000 3.66161616161616
182.105 16.24 0 0 "KDE QDA" 182 1000 3.67171717171717
191.125 16.3 0 0 "KDE QDA" 182 1000 3.68181818181818
191.27 16.33 0 0 "KDE QDA" 182 1000 3.69191919191919
195.89 16.375 0 0 "KDE QDA" 182 1000 3.7020202020202
195.89 16.4 0 0 "KDE QDA" 182 1000 3.71212121212121
195.9 16.41 0 0 "KDE QDA" 182 1000 3.72222222222222
197.3 16.425 0 0 "KDE QDA" 182 1000 3.73232323232323
197.55 16.48 0 0 "KDE QDA" 182 1000 3.74242424242424
198.595 16.485 0 0 "KDE QDA" 182 1000 3.75252525252525
201.83 16.49 0 0 "KDE QDA" 182 1000 3.76262626262626
202.47 16.5 0 0 "KDE QDA" 182 1000 3.77272727272727
203.835 16.515 0 0 "KDE QDA" 182 1000 3.78282828282828
210.465 16.81 0 0 "KDE QDA" 182 1000 3.79292929292929
211.075 16.825 0 0 "KDE QDA" 182 1000 3.8030303030303
212.835 16.995 0 0 "KDE QDA" 182 1000 3.81313131313131
212.89 17.005 0 0 "KDE QDA" 182 1000 3.82323232323232
212.895 17.005 0 0 "KDE QDA" 182 1000 3.83333333333333
213.245 17.015 0 0 "KDE QDA" 182 1000 3.84343434343434
213.295 17.015 0 0 "KDE QDA" 182 1000 3.85353535353535
219.12 17.015 0 0 "KDE QDA" 182 1000 3.86363636363636
219.83 17.15 0 0 "KDE QDA" 182 1000 3.87373737373737
220.83 17.38 0 0 "KDE QDA" 182 1000 3.88383838383838
221.62 17.395 0 0 "KDE QDA" 182 1000 3.89393939393939
222.245 17.415 0 0 "KDE QDA" 182 1000 3.9040404040404
222.285 17.43 0 0 "KDE QDA" 182 1000 3.91414141414141
230.295 17.825 0 0 "KDE QDA" 182 1000 3.92424242424242
232.13 17.835 0 0 "KDE QDA" 182 1000 3.93434343434343
234.88 17.92 0 0 "KDE QDA" 182 1000 3.94444444444444
236.645 17.985 0 0 "KDE QDA" 182 1000 3.95454545454545
236.65 18.015 0 0 "KDE QDA" 182 1000 3.96464646464646
239.205 18.09 0 0 "KDE QDA" 182 1000 3.97474747474747
239.23 18.105 0 0 "KDE QDA" 182 1000 3.98484848484848
241.44 18.155 0 0 "KDE QDA" 182 1000 3.99494949494949
241.445 18.155 0 0 "KDE QDA" 182 1000 4.00505050505051
242.36 18.165 0 0 "KDE QDA" 182 1000 4.01515151515152
242.37 18.165 0 0 "KDE QDA" 182 1000 4.02525252525253
242.465 18.165 0 0 "KDE QDA" 182 1000 4.03535353535354
244.33 18.2 0 0 "KDE QDA" 182 1000 4.04545454545455
244.34 18.22 0 0 "KDE QDA" 182 1000 4.05555555555556
246.235 18.32 0 0 "KDE QDA" 182 1000 4.06565656565657
251.17 18.35 0 0 "KDE QDA" 182 1000 4.07575757575758
264.775 18.51 0 0 "KDE QDA" 182 1000 4.08585858585859
264.785 18.515 0 0 "KDE QDA" 182 1000 4.0959595959596
267.855 18.53 0 0 "KDE QDA" 182 1000 4.10606060606061
267.87 18.56 0 0 "KDE QDA" 182 1000 4.11616161616162
267.91 18.62 0 0 "KDE QDA" 182 1000 4.12626262626263
272.77 18.63 0 0 "KDE QDA" 182 1000 4.13636363636364
273.45 18.63 0 0 "KDE QDA" 182 1000 4.14646464646465
274.875 18.665 0 0 "KDE QDA" 182 1000 4.15656565656566
275.825 18.665 0 0 "KDE QDA" 182 1000 4.16666666666667
277.895 18.695 0 0 "KDE QDA" 182 1000 4.17676767676768
279.265 18.7 0 0 "KDE QDA" 182 1000 4.18686868686869
280.43 18.705 0 0 "KDE QDA" 182 1000 4.1969696969697
280.475 18.74 0 0 "KDE QDA" 182 1000 4.20707070707071
284.405 18.98 0 0 "KDE QDA" 182 1000 4.21717171717172
287.145 18.985 0 0 "KDE QDA" 182 1000 4.22727272727273
294.94 19.02 0 0 "KDE QDA" 182 1000 4.23737373737374
303.465 19.06 0 0 "KDE QDA" 182 1000 4.24747474747475
303.84 19.13 0 0 "KDE QDA" 182 1000 4.25757575757576
305.165 19.135 0 0 "KDE QDA" 182 1000 4.26767676767677
308.645 19.14 0 0 "KDE QDA" 182 1000 4.27777777777778
308.645 19.16 0 0 "KDE QDA" 182 1000 4.28787878787879
309.78 19.16 0 0 "KDE QDA" 182 1000 4.2979797979798
309.79 19.24 0 0 "KDE QDA" 182 1000 4.30808080808081
315.695 19.3 0 0 "KDE QDA" 182 1000 4.31818181818182
316.54 19.305 0 0 "KDE QDA" 182 1000 4.32828282828283
318.28 19.375 0 0 "KDE QDA" 182 1000 4.33838383838384
336.29 19.655 0 0 "KDE QDA" 182 1000 4.34848484848485
336.995 19.71 0 0 "KDE QDA" 182 1000 4.35858585858586
337.365 19.81 0 0 "KDE QDA" 182 1000 4.36868686868687
340.915 19.96 0 0 "KDE QDA" 182 1000 4.37878787878788
342.945 19.965 0 0 "KDE QDA" 182 1000 4.38888888888889
342.975 20.05 0 0 "KDE QDA" 182 1000 4.3989898989899
343.47 20.16 0 0 "KDE QDA" 182 1000 4.40909090909091
343.835 20.17 0 0 "KDE QDA" 182 1000 4.41919191919192
344.795 20.175 0 0 "KDE QDA" 182 1000 4.42929292929293
346.145 20.195 0 0 "KDE QDA" 182 1000 4.43939393939394
347.665 20.215 0 0 "KDE QDA" 182 1000 4.44949494949495
348.84 20.235 0 0 "KDE QDA" 182 1000 4.45959595959596
348.9 20.245 0 0 "KDE QDA" 182 1000 4.46969696969697
370.245 20.505 0 0 "KDE QDA" 182 1000 4.47979797979798
372.69 20.53 0 0 "KDE QDA" 182 1000 4.48989898989899
376.79 20.53 0 0 "KDE QDA" 182 1000 4.5
