118.99 14.725 0 0 "KDE LDA" 2 2000 2.5
121.645 14.74 0 0 "KDE LDA" 2 2000 2.51010101010101
121.765 14.78 0 0 "KDE LDA" 2 2000 2.52020202020202
127.23 14.99 0 0 "KDE LDA" 2 2000 2.53030303030303
127.51 15.16 0 0 "KDE LDA" 2 2000 2.54040404040404
127.51 15.165 0 0 "KDE LDA" 2 2000 2.55050505050505
127.515 15.165 0 0 "KDE LDA" 2 2000 2.56060606060606
128.42 15.315 0 0 "KDE LDA" 2 2000 2.57070707070707
128.425 15.335 0 0 "KDE LDA" 2 2000 2.58080808080808
130.74 15.34 0 0 "KDE LDA" 2 2000 2.59090909090909
131.65 15.41 0 0 "KDE LDA" 2 2000 2.6010101010101
132.73 15.42 0 0 "KDE LDA" 2 2000 2.61111111111111
134.01 15.455 0 0 "KDE LDA" 2 2000 2.62121212121212
138.845 15.565 0 0 "KDE LDA" 2 2000 2.63131313131313
142.565 15.765 0 0 "KDE LDA" 2 2000 2.64141414141414
147.76 15.805 0 0 "KDE LDA" 2 2000 2.65151515151515
152.39 15.875 0 0 "KDE LDA" 2 2000 2.66161616161616
159.175 16.045 0 0 "KDE LDA" 2 2000 2.67171717171717
162.99 16.07 0 0 "KDE LDA" 2 2000 2.68181818181818
163.01 16.17 0 0 "KDE LDA" 2 2000 2.69191919191919
163.035 16.295 0 0 "KDE LDA" 2 2000 2.7020202020202
164.205 16.32 0 0 "KDE LDA" 2 2000 2.71212121212121
166.33 16.365 0 0 "KDE LDA" 2 2000 2.72222222222222
171.82 16.405 0 0 "KDE LDA" 2 2000 2.73232323232323
174.09 16.405 0 0 "KDE LDA" 2 2000 2.74242424242424
176.085 16.47 0 0 "KDE LDA" 2 2000 2.75252525252525
176.135 16.73 0 0 "KDE LDA" 2 2000 2.76262626262626
178.525 16.895 0 0 "KDE LDA" 2 2000 2.77272727272727
181.725 16.975 0 0 "KDE LDA" 2 2000 2.78282828282828
188.41 17.055 0 0 "KDE LDA" 2 2000 2.79292929292929
225.5 17.615 0 0 "KDE LDA" 2 2000 2.8030303030303
231.075 17.63 0 0 "KDE LDA" 2 2000 2.81313131313131
232.1 17.705 0 0 "KDE LDA" 2 2000 2.82323232323232
233.07 17.885 0 0 "KDE LDA" 2 2000 2.83333333333333
234.265 18 0 0 "KDE LDA" 2 2000 2.84343434343434
241.795 18.025 0 0 "KDE LDA" 2 2000 2.85353535353535
241.825 18.035 0 0 "KDE LDA" 2 2000 2.86363636363636
241.84 18.04 0 0 "KDE LDA" 2 2000 2.87373737373737
241.845 18.125 0 0 "KDE LDA" 2 2000 2.88383838383838
246.88 18.135 0 0 "KDE LDA" 2 2000 2.89393939393939
247.585 18.14 0 0 "KDE LDA" 2 2000 2.9040404040404
248.085 18.16 0 0 "KDE LDA" 2 2000 2.91414141414141
249.23 18.27 0 0 "KDE LDA" 2 2000 2.92424242424242
253.17 18.275 0 0 "KDE LDA" 2 2000 2.93434343434343
259.755 18.3 0 0 "KDE LDA" 2 2000 2.94444444444444
260.725 18.31 0 0 "KDE LDA" 2 2000 2.95454545454545
265.27 18.335 0 0 "KDE LDA" 2 2000 2.96464646464646
265.27 18.47 0 0 "KDE LDA" 2 2000 2.97474747474747
266.75 18.685 0 0 "KDE LDA" 2 2000 2.98484848484848
270.955 18.715 0 0 "KDE LDA" 2 2000 2.99494949494949
270.96 18.725 0 0 "KDE LDA" 2 2000 3.00505050505051
274.705 18.79 0 0 "KDE LDA" 2 2000 3.01515151515152
274.72 18.945 0 0 "KDE LDA" 2 2000 3.02525252525253
276.96 18.965 0 0 "KDE LDA" 2 2000 3.03535353535354
278.515 19.275 0 0 "KDE LDA" 2 2000 3.04545454545455
278.57 19.31 0 0 "KDE LDA" 2 2000 3.05555555555556
280.915 19.315 0 0 "KDE LDA" 2 2000 3.06565656565657
282.285 19.35 0 0 "KDE LDA" 2 2000 3.07575757575758
294.94 19.415 0 0 "KDE LDA" 2 2000 3.08585858585859
300.75 19.545 0 0 "KDE LDA" 2 2000 3.0959595959596
301.86 19.55 0 0 "KDE LDA" 2 2000 3.10606060606061
305.775 19.565 0 0 "KDE LDA" 2 2000 3.11616161616162
305.79 19.73 0 0 "KDE LDA" 2 2000 3.12626262626263
305.795 19.805 0 0 "KDE LDA" 2 2000 3.13636363636364
305.92 20.125 0 0 "KDE LDA" 2 2000 3.14646464646465
311.59 20.13 0 0 "KDE LDA" 2 2000 3.15656565656566
311.61 20.145 0 0 "KDE LDA" 2 2000 3.16666666666667
314.98 20.16 0 0 "KDE LDA" 2 2000 3.17676767676768
315.765 20.27 0 0 "KDE LDA" 2 2000 3.18686868686869
322.105 20.4 0 0 "KDE LDA" 2 2000 3.1969696969697
323.665 20.44 0 0 "KDE LDA" 2 2000 3.20707070707071
328.255 20.495 0 0 "KDE LDA" 2 2000 3.21717171717172
377.845 20.59 0 0 "KDE LDA" 2 2000 3.22727272727273
381.96 20.7 0 0 "KDE LDA" 2 2000 3.23737373737374
392.155 20.735 0 0 "KDE LDA" 2 2000 3.24747474747475
396.61 20.765 0 0 "KDE LDA" 2 2000 3.25757575757576
401.125 20.77 0 0 "KDE LDA" 2 2000 3.26767676767677
401.13 20.855 0 0 "KDE LDA" 2 2000 3.27777777777778
402.95 20.925 0 0 "KDE LDA" 2 2000 3.28787878787879
403.03 20.955 0 0 "KDE LDA" 2 2000 3.2979797979798
408.055 20.99 0 0 "KDE LDA" 2 2000 3.30808080808081
408.12 21.04 0 0 "KDE LDA" 2 2000 3.31818181818182
409.71 21.33 0 0 "KDE LDA" 2 2000 3.32828282828283
410.72 21.595 0 0 "KDE LDA" 2 2000 3.33838383838384
418.9 21.67 0 0 "KDE LDA" 2 2000 3.34848484848485
476.845 22.245 0 0 "KDE LDA" 2 2000 3.35858585858586
476.855 22.28 0 0 "KDE LDA" 2 2000 3.36868686868687
496.505 22.37 0 0 "KDE LDA" 2 2000 3.37878787878788
496.95 22.38 0 0 "KDE LDA" 2 2000 3.38888888888889
502.765 22.435 0 0 "KDE LDA" 2 2000 3.3989898989899
503.425 22.48 0 0 "KDE LDA" 2 2000 3.40909090909091
503.435 22.5 0 0 "KDE LDA" 2 2000 3.41919191919192
503.445 22.55 0 0 "KDE LDA" 2 2000 3.42929292929293
503.47 22.61 0 0 "KDE LDA" 2 2000 3.43939393939394
504.4 22.615 0 0 "KDE LDA" 2 2000 3.44949494949495
519.455 22.66 0 0 "KDE LDA" 2 2000 3.45959595959596
519.455 22.665 0 0 "KDE LDA" 2 2000 3.46969696969697
524.55 22.86 0 0 "KDE LDA" 2 2000 3.47979797979798
530.16 22.89 0 0 "KDE LDA" 2 2000 3.48989898989899
531.92 22.945 0 0 "KDE LDA" 2 2000 3.5
103.78 12.98 0 0 "KDE QDA" 2 2000 2.7
103.79 12.985 0 0 "KDE QDA" 2 2000 2.71010101010101
104.98 12.985 0 0 "KDE QDA" 2 2000 2.72020202020202
104.98 12.99 0 0 "KDE QDA" 2 2000 2.73030303030303
104.98 12.995 0 0 "KDE QDA" 2 2000 2.74040404040404
105.94 12.995 0 0 "KDE QDA" 2 2000 2.75050505050505
107.62 12.995 0 0 "KDE QDA" 2 2000 2.76060606060606
107.655 12.995 0 0 "KDE QDA" 2 2000 2.77070707070707
107.665 12.995 0 0 "KDE QDA" 2 2000 2.78080808080808
107.74 12.995 0 0 "KDE QDA" 2 2000 2.79090909090909
129.9 13.84 0 0 "KDE QDA" 2 2000 2.8010101010101
130.755 13.89 0 0 "KDE QDA" 2 2000 2.81111111111111
130.77 13.89 0 0 "KDE QDA" 2 2000 2.82121212121212
134.395 13.93 0 0 "KDE QDA" 2 2000 2.83131313131313
134.395 13.935 0 0 "KDE QDA" 2 2000 2.84141414141414
134.43 13.97 0 0 "KDE QDA" 2 2000 2.85151515151515
134.845 13.995 0 0 "KDE QDA" 2 2000 2.86161616161616
134.9 14 0 0 "KDE QDA" 2 2000 2.87171717171717
135.25 14 0 0 "KDE QDA" 2 2000 2.88181818181818
136.285 14 0 0 "KDE QDA" 2 2000 2.89191919191919
136.29 14.015 0 0 "KDE QDA" 2 2000 2.9020202020202
136.435 14.15 0 0 "KDE QDA" 2 2000 2.91212121212121
136.715 14.175 0 0 "KDE QDA" 2 2000 2.92222222222222
137.21 14.205 0 0 "KDE QDA" 2 2000 2.93232323232323
137.21 14.205 0 0 "KDE QDA" 2 2000 2.94242424242424
137.21 14.205 0 0 "KDE QDA" 2 2000 2.95252525252525
145.02 14.525 0 0 "KDE QDA" 2 2000 2.96262626262626
145.045 14.58 0 0 "KDE QDA" 2 2000 2.97272727272727
145.32 14.695 0 0 "KDE QDA" 2 2000 2.98282828282828
146.195 14.7 0 0 "KDE QDA" 2 2000 2.99292929292929
146.195 14.7 0 0 "KDE QDA" 2 2000 3.0030303030303
146.195 14.7 0 0 "KDE QDA" 2 2000 3.01313131313131
146.2 14.7 0 0 "KDE QDA" 2 2000 3.02323232323232
147.955 14.7 0 0 "KDE QDA" 2 2000 3.03333333333333
148.665 14.7 0 0 "KDE QDA" 2 2000 3.04343434343434
148.665 14.7 0 0 "KDE QDA" 2 2000 3.05353535353535
148.665 14.7 0 0 "KDE QDA" 2 2000 3.06363636363636
148.68 14.7 0 0 "KDE QDA" 2 2000 3.07373737373737
148.685 14.7 0 0 "KDE QDA" 2 2000 3.08383838383838
157.49 15.005 0 0 "KDE QDA" 2 2000 3.09393939393939
158.39 15.025 0 0 "KDE QDA" 2 2000 3.1040404040404
158.39 15.055 0 0 "KDE QDA" 2 2000 3.11414141414141
159.305 15.105 0 0 "KDE QDA" 2 2000 3.12424242424242
159.32 15.11 0 0 "KDE QDA" 2 2000 3.13434343434343
159.33 15.11 0 0 "KDE QDA" 2 2000 3.14444444444444
159.33 15.11 0 0 "KDE QDA" 2 2000 3.15454545454545
159.335 15.115 0 0 "KDE QDA" 2 2000 3.16464646464646
159.34 15.115 0 0 "KDE QDA" 2 2000 3.17474747474748
164.79 15.115 0 0 "KDE QDA" 2 2000 3.18484848484849
165.005 15.12 0 0 "KDE QDA" 2 2000 3.19494949494949
165.005 15.125 0 0 "KDE QDA" 2 2000 3.20505050505051
166.285 15.13 0 0 "KDE QDA" 2 2000 3.21515151515152
186.635 15.405 0 0 "KDE QDA" 2 2000 3.22525252525253
186.665 15.485 0 0 "KDE QDA" 2 2000 3.23535353535354
186.665 15.495 0 0 "KDE QDA" 2 2000 3.24545454545455
188.625 15.555 0 0 "KDE QDA" 2 2000 3.25555555555556
194.785 15.66 0 0 "KDE QDA" 2 2000 3.26565656565657
196.315 15.67 0 0 "KDE QDA" 2 2000 3.27575757575758
196.315 15.71 0 0 "KDE QDA" 2 2000 3.28585858585859
197.42 15.75 0 0 "KDE QDA" 2 2000 3.2959595959596
197.48 15.75 0 0 "KDE QDA" 2 2000 3.30606060606061
197.485 15.76 0 0 "KDE QDA" 2 2000 3.31616161616162
197.685 15.845 0 0 "KDE QDA" 2 2000 3.32626262626263
199.33 15.845 0 0 "KDE QDA" 2 2000 3.33636363636364
201.61 15.85 0 0 "KDE QDA" 2 2000 3.34646464646465
201.61 15.85 0 0 "KDE QDA" 2 2000 3.35656565656566
217.06 16.44 0 0 "KDE QDA" 2 2000 3.36666666666667
217.3 16.44 0 0 "KDE QDA" 2 2000 3.37676767676768
228.39 16.59 0 0 "KDE QDA" 2 2000 3.38686868686869
228.395 16.595 0 0 "KDE QDA" 2 2000 3.3969696969697
229.375 16.6 0 0 "KDE QDA" 2 2000 3.40707070707071
234.23 16.715 0 0 "KDE QDA" 2 2000 3.41717171717172
234.6 16.715 0 0 "KDE QDA" 2 2000 3.42727272727273
234.605 16.73 0 0 "KDE QDA" 2 2000 3.43737373737374
236.105 16.73 0 0 "KDE QDA" 2 2000 3.44747474747475
236.14 16.73 0 0 "KDE QDA" 2 2000 3.45757575757576
243.06 16.74 0 0 "KDE QDA" 2 2000 3.46767676767677
243.065 16.74 0 0 "KDE QDA" 2 2000 3.47777777777778
243.065 16.74 0 0 "KDE QDA" 2 2000 3.48787878787879
244.815 16.75 0 0 "KDE QDA" 2 2000 3.4979797979798
244.86 16.75 0 0 "KDE QDA" 2 2000 3.50808080808081
251.695 17 0 0 "KDE QDA" 2 2000 3.51818181818182
254.48 17.08 0 0 "KDE QDA" 2 2000 3.52828282828283
254.515 17.085 0 0 "KDE QDA" 2 2000 3.53838383838384
260.74 17.165 0 0 "KDE QDA" 2 2000 3.54848484848485
260.745 17.195 0 0 "KDE QDA" 2 2000 3.55858585858586
260.86 17.195 0 0 "KDE QDA" 2 2000 3.56868686868687
261.095 17.195 0 0 "KDE QDA" 2 2000 3.57878787878788
261.11 17.2 0 0 "KDE QDA" 2 2000 3.58888888888889
261.15 17.2 0 0 "KDE QDA" 2 2000 3.5989898989899
261.155 17.2 0 0 "KDE QDA" 2 2000 3.60909090909091
261.155 17.2 0 0 "KDE QDA" 2 2000 3.61919191919192
262.085 17.2 0 0 "KDE QDA" 2 2000 3.62929292929293
263.465 17.205 0 0 "KDE QDA" 2 2000 3.63939393939394
263.47 17.205 0 0 "KDE QDA" 2 2000 3.64949494949495
278.445 17.645 0 0 "KDE QDA" 2 2000 3.65959595959596
279.77 17.675 0 0 "KDE QDA" 2 2000 3.66969696969697
282.545 17.765 0 0 "KDE QDA" 2 2000 3.67979797979798
282.545 17.79 0 0 "KDE QDA" 2 2000 3.68989898989899
282.55 17.79 0 0 "KDE QDA" 2 2000 3.7
