23.687 0 17.9868996650217 "LDA" 37 1 2 1.5
24.679 0 19.0526366144416 "LDA" 37 1 2 1.53535353535354
25.778 0 20.4051730472223 "LDA" 37 1 2 1.57070707070707
26.621 0 21.1428091174607 "LDA" 37 1 2 1.60606060606061
27.492 0 22.0656935270757 "LDA" 37 1 2 1.64141414141414
28.43 0 22.8792604898096 "LDA" 37 1 2 1.67676767676768
29.099 0 23.3391927220484 "LDA" 37 1 2 1.71212121212121
30.04 0 24.006597358158 "LDA" 37 1 2 1.74747474747475
30.833 0 24.3049344957118 "LDA" 37 1 2 1.78282828282828
32.283 0 25.7650295506865 "LDA" 37 1 2 1.81818181818182
33.287 0 26.9289398008685 "LDA" 37 1 2 1.85353535353535
34.178 0 27.6439596386716 "LDA" 37 1 2 1.88888888888889
35.355 0 28.7435761200336 "LDA" 37 1 2 1.92424242424242
36.168 0 29.2489876624693 "LDA" 37 1 2 1.95959595959596
37.095 0 29.6803453129828 "LDA" 37 1 2 1.99494949494949
38.343 0 30.6622491758926 "LDA" 37 1 2 2.03030303030303
39.544 0 31.364371311853 "LDA" 37 1 2 2.06565656565657
40.457 0 31.6377479934666 "LDA" 37 1 2 2.1010101010101
41.544 0 32.5573039737943 "LDA" 37 1 2 2.13636363636364
43.25 0 33.9286996016154 "LDA" 37 1 2 2.17171717171717
44.835 0 35.52212826671 "LDA" 37 1 2 2.20707070707071
45.739 0 36.0773953807292 "LDA" 37 1 2 2.24242424242424
47.012 0 37.4506663279628 "LDA" 37 1 2 2.27777777777778
47.958 0 38.0338903191984 "LDA" 37 1 2 2.31313131313131
49.212 0 39.1309632936411 "LDA" 37 1 2 2.34848484848485
50.525 0 40.6881912095377 "LDA" 37 1 2 2.38383838383838
52.19 0 42.8489431833731 "LDA" 37 1 2 2.41919191919192
53.412 0 43.7671088354693 "LDA" 37 1 2 2.45454545454545
54.719 0 44.6292259265922 "LDA" 37 1 2 2.48989898989899
55.741 0 45.5037637070991 "LDA" 37 1 2 2.52525252525253
56.837 0 46.2909416871409 "LDA" 37 1 2 2.56060606060606
58.352 0 47.5189661940172 "LDA" 37 1 2 2.5959595959596
59.494 0 48.6548585370388 "LDA" 37 1 2 2.63131313131313
60.854 0 49.5735839356428 "LDA" 37 1 2 2.66666666666667
62.144 0 50.3529212725606 "LDA" 37 1 2 2.7020202020202
64.01 0 51.5180551846633 "LDA" 37 1 2 2.73737373737374
65.578 0 51.9914899866414 "LDA" 37 1 2 2.77272727272727
66.922 0 52.9520522344114 "LDA" 37 1 2 2.80808080808081
67.791 0 52.9943744441117 "LDA" 37 1 2 2.84343434343434
69.378 0 54.4625310032804 "LDA" 37 1 2 2.87878787878788
70.926 0 56.463427478702 "LDA" 37 1 2 2.91414141414141
73.426 0 58.1853250919513 "LDA" 37 1 2 2.94949494949495
74.862 0 58.973187066605 "LDA" 37 1 2 2.98484848484848
75.945 0 59.5295703389899 "LDA" 37 1 2 3.02020202020202
78.339 0 62.7653691980743 "LDA" 37 1 2 3.05555555555556
79.58 0 63.3197361727684 "LDA" 37 1 2 3.09090909090909
80.617 0 63.6825547444414 "LDA" 37 1 2 3.12626262626263
81.957 0 64.4618529169111 "LDA" 37 1 2 3.16161616161616
84.223 0 67.3848944125833 "LDA" 37 1 2 3.1969696969697
86.125 0 68.4162272794631 "LDA" 37 1 2 3.23232323232323
87.914 0 70.3144417934518 "LDA" 37 1 2 3.26767676767677
90.121 0 72.861245666816 "LDA" 37 1 2 3.3030303030303
91.728 0 74.3731899772182 "LDA" 37 1 2 3.33838383838384
92.931 0 75.0546830280726 "LDA" 37 1 2 3.37373737373737
94.919 0 76.138949155991 "LDA" 37 1 2 3.40909090909091
97.086 0 78.1766601626994 "LDA" 37 1 2 3.44444444444444
98.641 0 78.7834687859957 "LDA" 37 1 2 3.47979797979798
100.601 0 79.5810337953707 "LDA" 37 1 2 3.51515151515152
103.006 0 81.5309957455891 "LDA" 37 1 2 3.55050505050505
104.593 0 82.799559890848 "LDA" 37 1 2 3.58585858585859
106.396 0 85.2687277959507 "LDA" 37 1 2 3.62121212121212
108.614 0 86.9504421114889 "LDA" 37 1 2 3.65656565656566
110.859 0 89.0056803250789 "LDA" 37 1 2 3.69191919191919
112.075 0 90.2278695495103 "LDA" 37 1 2 3.72727272727273
114.513 0 91.5358106733951 "LDA" 37 1 2 3.76262626262626
115.604 0 92.1866452451848 "LDA" 37 1 2 3.7979797979798
117.404 0 93.9988434320687 "LDA" 37 1 2 3.83333333333333
119.98 0 95.5212117903762 "LDA" 37 1 2 3.86868686868687
121.88 0 96.8962666282168 "LDA" 37 1 2 3.9040404040404
124.747 0 98.9302490908882 "LDA" 37 1 2 3.93939393939394
127.357 0 101.602345384285 "LDA" 37 1 2 3.97474747474747
128.533 0 103.814094791012 "LDA" 37 1 2 4.01010101010101
130.253 0 104.623367562128 "LDA" 37 1 2 4.04545454545454
132.849 0 106.645926094495 "LDA" 37 1 2 4.08080808080808
134.807 0 107.190295785162 "LDA" 37 1 2 4.11616161616162
136.755 0 107.857861527537 "LDA" 37 1 2 4.15151515151515
139.298 0 110.423777360705 "LDA" 37 1 2 4.18686868686869
141.316 0 113.008269666485 "LDA" 37 1 2 4.22222222222222
143.271 0 114.388400921008 "LDA" 37 1 2 4.25757575757576
144.757 0 115.245752783062 "LDA" 37 1 2 4.29292929292929
147.275 0 117.525314611681 "LDA" 37 1 2 4.32828282828283
149.544 0 119.587537993067 "LDA" 37 1 2 4.36363636363636
151.34 0 122.139274610595 "LDA" 37 1 2 4.3989898989899
152.775 0 123.117798743185 "LDA" 37 1 2 4.43434343434343
155.357 0 124.823060158559 "LDA" 37 1 2 4.46969696969697
157.453 0 125.663523395264 "LDA" 37 1 2 4.50505050505051
158.817 0 126.218447968621 "LDA" 37 1 2 4.54040404040404
160.993 0 127.100525154283 "LDA" 37 1 2 4.57575757575758
164.95 0 129.260247994934 "LDA" 37 1 2 4.61111111111111
167.964 0 131.99751531013 "LDA" 37 1 2 4.64646464646465
171.478 0 134.386134512267 "LDA" 37 1 2 4.68181818181818
172.505 0 134.728615278176 "LDA" 37 1 2 4.71717171717172
175.133 0 135.486205286084 "LDA" 37 1 2 4.75252525252525
178.431 0 137.346063577302 "LDA" 37 1 2 4.78787878787879
180.918 0 143.383688605637 "LDA" 37 1 2 4.82323232323232
182.851 0 144.608542034796 "LDA" 37 1 2 4.85858585858586
185.39 0 147.677847514943 "LDA" 37 1 2 4.89393939393939
188.672 0 150.639784787289 "LDA" 37 1 2 4.92929292929293
191.559 0 152.987946684799 "LDA" 37 1 2 4.96464646464646
194.272 0 155.792314512819 "LDA" 37 1 2 5
23.414 0 18.4082445514902 "uLSIF" 37 1 2 1.5
24.235 0 19.2851157811067 "uLSIF" 37 1 2 1.53535353535354
24.897 0 19.5356093079031 "uLSIF" 37 1 2 1.57070707070707
25.894 0 20.3461231867088 "uLSIF" 37 1 2 1.60606060606061
26.643 0 20.8985238545525 "uLSIF" 37 1 2 1.64141414141414
27.616 0 21.7003098468074 "uLSIF" 37 1 2 1.67676767676768
28.581 0 22.3432015981967 "uLSIF" 37 1 2 1.71212121212121
29.123 0 22.5141012646687 "uLSIF" 37 1 2 1.74747474747475
29.78 0 22.8266216215772 "uLSIF" 37 1 2 1.78282828282828
30.6 0 23.8099751136979 "uLSIF" 37 1 2 1.81818181818182
31.739 0 24.6178170420514 "uLSIF" 37 1 2 1.85353535353535
32.395 0 24.7458144002239 "uLSIF" 37 1 2 1.88888888888889
33.397 0 25.5669133463165 "uLSIF" 37 1 2 1.92424242424242
34.078 0 26.2043237383181 "uLSIF" 37 1 2 1.95959595959596
35.04 0 27.9511657658078 "uLSIF" 37 1 2 1.99494949494949
35.987 0 29.0895003399857 "uLSIF" 37 1 2 2.03030303030303
36.853 0 29.6027653220897 "uLSIF" 37 1 2 2.06565656565657
37.915 0 30.3987805818072 "uLSIF" 37 1 2 2.1010101010101
39.012 0 31.1304507028241 "uLSIF" 37 1 2 2.13636363636364
40.025 0 31.7918715727479 "uLSIF" 37 1 2 2.17171717171717
40.964 0 32.5171349916943 "uLSIF" 37 1 2 2.20707070707071
41.857 0 33.0507928181142 "uLSIF" 37 1 2 2.24242424242424
43.037 0 34.2889977451422 "uLSIF" 37 1 2 2.27777777777778
44.026 0 34.7882961576095 "uLSIF" 37 1 2 2.31313131313131
44.976 0 36.050340512276 "uLSIF" 37 1 2 2.34848484848485
46.015 0 36.7338556532139 "uLSIF" 37 1 2 2.38383838383838
46.758 0 37.3003049417662 "uLSIF" 37 1 2 2.41919191919192
47.968 0 37.8964525663962 "uLSIF" 37 1 2 2.45454545454545
49.155 0 38.4802768533012 "uLSIF" 37 1 2 2.48989898989899
50.574 0 39.6529555125577 "uLSIF" 37 1 2 2.52525252525253
51.332 0 39.9381876758928 "uLSIF" 37 1 2 2.56060606060606
52.275 0 40.206839778388 "uLSIF" 37 1 2 2.5959595959596
53.545 0 41.1065411184488 "uLSIF" 37 1 2 2.63131313131313
54.629 0 41.8012763645526 "uLSIF" 37 1 2 2.66666666666667
55.694 0 42.6261580881195 "uLSIF" 37 1 2 2.7020202020202
56.827 0 43.5348176905721 "uLSIF" 37 1 2 2.73737373737374
58.148 0 44.7171971809921 "uLSIF" 37 1 2 2.77272727272727
59.34 0 45.2692578435488 "uLSIF" 37 1 2 2.80808080808081
60.152 0 45.9848181414203 "uLSIF" 37 1 2 2.84343434343434
60.935 0 46.211213479536 "uLSIF" 37 1 2 2.87878787878788
62.185 0 47.0670806943142 "uLSIF" 37 1 2 2.91414141414141
63.431 0 47.7697518120849 "uLSIF" 37 1 2 2.94949494949495
65.198 0 48.9608615320642 "uLSIF" 37 1 2 2.98484848484848
66.551 0 49.6584067037632 "uLSIF" 37 1 2 3.02020202020202
67.965 0 51.1025169853917 "uLSIF" 37 1 2 3.05555555555556
69.002 0 52.0809410477616 "uLSIF" 37 1 2 3.09090909090909
70.267 0 53.1078351390184 "uLSIF" 37 1 2 3.12626262626263
70.945 0 53.313528370455 "uLSIF" 37 1 2 3.16161616161616
72.252 0 54.5953583113908 "uLSIF" 37 1 2 3.1969696969697
73.021 0 54.9037793233215 "uLSIF" 37 1 2 3.23232323232323
73.833 0 55.2276851606892 "uLSIF" 37 1 2 3.26767676767677
75.274 0 56.4679515615146 "uLSIF" 37 1 2 3.3030303030303
76.266 0 56.8897502867405 "uLSIF" 37 1 2 3.33838383838384
77.422 0 58.4365703027543 "uLSIF" 37 1 2 3.37373737373737
78.311 0 58.8410617642947 "uLSIF" 37 1 2 3.40909090909091
80.037 0 59.591012071618 "uLSIF" 37 1 2 3.44444444444444
81.453 0 61.0218276885776 "uLSIF" 37 1 2 3.47979797979798
82.504 0 61.3717889626861 "uLSIF" 37 1 2 3.51515151515152
83.342 0 61.9948739848739 "uLSIF" 37 1 2 3.55050505050505
84.218 0 62.2344888916717 "uLSIF" 37 1 2 3.58585858585859
85.603 0 63.2880934597794 "uLSIF" 37 1 2 3.62121212121212
87.1 0 64.9314260592673 "uLSIF" 37 1 2 3.65656565656566
88.359 0 65.575683673823 "uLSIF" 37 1 2 3.69191919191919
89.592 0 66.5613096621749 "uLSIF" 37 1 2 3.72727272727273
91.349 0 68.770069954316 "uLSIF" 37 1 2 3.76262626262626
93.123 0 70.2896044909879 "uLSIF" 37 1 2 3.7979797979798
94.24 0 70.8820051822651 "uLSIF" 37 1 2 3.83333333333333
95.595 0 71.8763882661767 "uLSIF" 37 1 2 3.86868686868687
97.181 0 72.3390985856486 "uLSIF" 37 1 2 3.9040404040404
98.048 0 72.5718428067551 "uLSIF" 37 1 2 3.93939393939394
99.993 0 74.457066862762 "uLSIF" 37 1 2 3.97474747474747
101.137 0 74.8252701435287 "uLSIF" 37 1 2 4.01010101010101
102.316 0 75.4121816495262 "uLSIF" 37 1 2 4.04545454545454
103.512 0 76.0313265609553 "uLSIF" 37 1 2 4.08080808080808
105.125 0 77.0503350358006 "uLSIF" 37 1 2 4.11616161616162
106.647 0 78.7534538766237 "uLSIF" 37 1 2 4.15151515151515
107.705 0 79.9451011269246 "uLSIF" 37 1 2 4.18686868686869
109.022 0 80.2247812806712 "uLSIF" 37 1 2 4.22222222222222
110.573 0 81.8312350024245 "uLSIF" 37 1 2 4.25757575757576
111.478 0 82.4921964702024 "uLSIF" 37 1 2 4.29292929292929
113.24 0 83.2705132587663 "uLSIF" 37 1 2 4.32828282828283
114.187 0 83.4789960036282 "uLSIF" 37 1 2 4.36363636363636
116.438 0 87.2537298307033 "uLSIF" 37 1 2 4.3989898989899
118.298 0 88.5059800493984 "uLSIF" 37 1 2 4.43434343434343
120.228 0 90.7350807068075 "uLSIF" 37 1 2 4.46969696969697
121.831 0 92.1352339788658 "uLSIF" 37 1 2 4.50505050505051
124.856 0 95.418478032035 "uLSIF" 37 1 2 4.54040404040404
126.176 0 97.7110253168416 "uLSIF" 37 1 2 4.57575757575758
127.218 0 98.041627060329 "uLSIF" 37 1 2 4.61111111111111
128.815 0 99.0182174268068 "uLSIF" 37 1 2 4.64646464646465
130.656 0 100.481282596074 "uLSIF" 37 1 2 4.68181818181818
131.994 0 100.867508238373 "uLSIF" 37 1 2 4.71717171717172
132.989 0 101.275987799205 "uLSIF" 37 1 2 4.75252525252525
133.916 0 101.242604712685 "uLSIF" 37 1 2 4.78787878787879
135.227 0 101.427614740918 "uLSIF" 37 1 2 4.82323232323232
137.797 0 104.419515542959 "uLSIF" 37 1 2 4.85858585858586
139.161 0 105.270208966715 "uLSIF" 37 1 2 4.89393939393939
139.609 0 105.3412687502 "uLSIF" 37 1 2 4.92929292929293
140.576 0 105.565564045821 "uLSIF" 37 1 2 4.96464646464646
142.647 0 107.73559927132 "uLSIF" 37 1 2 5
