135.42 13.055 0 0 "KDE LDA" 160 3000 2.5
135.785 13.07 0 0 "KDE LDA" 160 3000 2.51010101010101
139.155 13.19 0 0 "KDE LDA" 160 3000 2.52020202020202
144.825 13.31 0 0 "KDE LDA" 160 3000 2.53030303030303
144.99 13.345 0 0 "KDE LDA" 160 3000 2.54040404040404
146.57 13.51 0 0 "KDE LDA" 160 3000 2.55050505050505
146.75 13.605 0 0 "KDE LDA" 160 3000 2.56060606060606
146.755 13.73 0 0 "KDE LDA" 160 3000 2.57070707070707
147.43 13.75 0 0 "KDE LDA" 160 3000 2.58080808080808
147.43 13.86 0 0 "KDE LDA" 160 3000 2.59090909090909
147.435 13.92 0 0 "KDE LDA" 160 3000 2.6010101010101
147.44 13.92 0 0 "KDE LDA" 160 3000 2.61111111111111
148.825 13.945 0 0 "KDE LDA" 160 3000 2.62121212121212
151.5 13.985 0 0 "KDE LDA" 160 3000 2.63131313131313
152.62 14.095 0 0 "KDE LDA" 160 3000 2.64141414141414
153.215 14.23 0 0 "KDE LDA" 160 3000 2.65151515151515
155.56 14.375 0 0 "KDE LDA" 160 3000 2.66161616161616
164.46 14.735 0 0 "KDE LDA" 160 3000 2.67171717171717
164.935 14.74 0 0 "KDE LDA" 160 3000 2.68181818181818
167.61 14.765 0 0 "KDE LDA" 160 3000 2.69191919191919
169.13 14.805 0 0 "KDE LDA" 160 3000 2.7020202020202
171.145 14.835 0 0 "KDE LDA" 160 3000 2.71212121212121
171.56 14.905 0 0 "KDE LDA" 160 3000 2.72222222222222
172.59 14.905 0 0 "KDE LDA" 160 3000 2.73232323232323
176.17 14.925 0 0 "KDE LDA" 160 3000 2.74242424242424
181.415 15.13 0 0 "KDE LDA" 160 3000 2.75252525252525
184.135 15.165 0 0 "KDE LDA" 160 3000 2.76262626262626
188.57 15.235 0 0 "KDE LDA" 160 3000 2.77272727272727
190.105 15.335 0 0 "KDE LDA" 160 3000 2.78282828282828
200.97 15.695 0 0 "KDE LDA" 160 3000 2.79292929292929
222.485 16.675 0 0 "KDE LDA" 160 3000 2.8030303030303
222.505 16.705 0 0 "KDE LDA" 160 3000 2.81313131313131
226.975 16.75 0 0 "KDE LDA" 160 3000 2.82323232323232
227.225 16.75 0 0 "KDE LDA" 160 3000 2.83333333333333
228.735 16.775 0 0 "KDE LDA" 160 3000 2.84343434343434
229.825 16.78 0 0 "KDE LDA" 160 3000 2.85353535353535
229.955 16.785 0 0 "KDE LDA" 160 3000 2.86363636363636
231.875 16.82 0 0 "KDE LDA" 160 3000 2.87373737373737
231.93 16.835 0 0 "KDE LDA" 160 3000 2.88383838383838
232.825 16.97 0 0 "KDE LDA" 160 3000 2.89393939393939
232.825 16.975 0 0 "KDE LDA" 160 3000 2.9040404040404
233.9 16.985 0 0 "KDE LDA" 160 3000 2.91414141414141
239.855 17 0 0 "KDE LDA" 160 3000 2.92424242424242
244.49 17.03 0 0 "KDE LDA" 160 3000 2.93434343434343
250.355 17.1 0 0 "KDE LDA" 160 3000 2.94444444444444
252.715 17.365 0 0 "KDE LDA" 160 3000 2.95454545454545
255.945 17.385 0 0 "KDE LDA" 160 3000 2.96464646464646
258.61 17.405 0 0 "KDE LDA" 160 3000 2.97474747474747
262.86 17.495 0 0 "KDE LDA" 160 3000 2.98484848484848
262.87 17.52 0 0 "KDE LDA" 160 3000 2.99494949494949
264.955 17.54 0 0 "KDE LDA" 160 3000 3.00505050505051
266.195 17.71 0 0 "KDE LDA" 160 3000 3.01515151515152
268.145 17.91 0 0 "KDE LDA" 160 3000 3.02525252525253
271.09 17.925 0 0 "KDE LDA" 160 3000 3.03535353535354
273.69 18.005 0 0 "KDE LDA" 160 3000 3.04545454545455
277.49 18.045 0 0 "KDE LDA" 160 3000 3.05555555555556
283.315 18.115 0 0 "KDE LDA" 160 3000 3.06565656565657
283.74 18.175 0 0 "KDE LDA" 160 3000 3.07575757575758
291.175 18.34 0 0 "KDE LDA" 160 3000 3.08585858585859
297.335 18.415 0 0 "KDE LDA" 160 3000 3.0959595959596
304.645 18.435 0 0 "KDE LDA" 160 3000 3.10606060606061
307.92 18.48 0 0 "KDE LDA" 160 3000 3.11616161616162
307.975 18.525 0 0 "KDE LDA" 160 3000 3.12626262626263
313.66 18.56 0 0 "KDE LDA" 160 3000 3.13636363636364
317.35 18.745 0 0 "KDE LDA" 160 3000 3.14646464646465
317.51 18.775 0 0 "KDE LDA" 160 3000 3.15656565656566
317.515 19.125 0 0 "KDE LDA" 160 3000 3.16666666666667
317.615 19.195 0 0 "KDE LDA" 160 3000 3.17676767676768
317.635 19.23 0 0 "KDE LDA" 160 3000 3.18686868686869
319.02 19.31 0 0 "KDE LDA" 160 3000 3.1969696969697
321.695 19.45 0 0 "KDE LDA" 160 3000 3.20707070707071
331.91 19.5 0 0 "KDE LDA" 160 3000 3.21717171717172
344.51 19.68 0 0 "KDE LDA" 160 3000 3.22727272727273
348.445 19.715 0 0 "KDE LDA" 160 3000 3.23737373737374
351.055 19.75 0 0 "KDE LDA" 160 3000 3.24747474747475
351.29 19.785 0 0 "KDE LDA" 160 3000 3.25757575757576
351.3 19.785 0 0 "KDE LDA" 160 3000 3.26767676767677
352.935 19.815 0 0 "KDE LDA" 160 3000 3.27777777777778
356.525 19.835 0 0 "KDE LDA" 160 3000 3.28787878787879
359.235 19.84 0 0 "KDE LDA" 160 3000 3.2979797979798
360.155 19.875 0 0 "KDE LDA" 160 3000 3.30808080808081
361.325 19.93 0 0 "KDE LDA" 160 3000 3.31818181818182
364.905 19.96 0 0 "KDE LDA" 160 3000 3.32828282828283
368.39 20.085 0 0 "KDE LDA" 160 3000 3.33838383838384
370.295 20.41 0 0 "KDE LDA" 160 3000 3.34848484848485
405.77 20.88 0 0 "KDE LDA" 160 3000 3.35858585858586
406.22 21.09 0 0 "KDE LDA" 160 3000 3.36868686868687
406.235 21.105 0 0 "KDE LDA" 160 3000 3.37878787878788
412.05 21.115 0 0 "KDE LDA" 160 3000 3.38888888888889
417.36 21.12 0 0 "KDE LDA" 160 3000 3.3989898989899
423.44 21.13 0 0 "KDE LDA" 160 3000 3.40909090909091
424.785 21.15 0 0 "KDE LDA" 160 3000 3.41919191919192
430.41 21.21 0 0 "KDE LDA" 160 3000 3.42929292929293
431.385 21.35 0 0 "KDE LDA" 160 3000 3.43939393939394
431.39 21.43 0 0 "KDE LDA" 160 3000 3.44949494949495
431.41 21.46 0 0 "KDE LDA" 160 3000 3.45959595959596
432.375 21.495 0 0 "KDE LDA" 160 3000 3.46969696969697
432.545 21.515 0 0 "KDE LDA" 160 3000 3.47979797979798
438.75 21.565 0 0 "KDE LDA" 160 3000 3.48989898989899
454.15 21.695 0 0 "KDE LDA" 160 3000 3.5
100.065 11.81 0 0 "KDE QDA" 160 3000 2.7
100.54 11.815 0 0 "KDE QDA" 160 3000 2.71010101010101
100.6 11.82 0 0 "KDE QDA" 160 3000 2.72020202020202
100.93 11.825 0 0 "KDE QDA" 160 3000 2.73030303030303
100.93 11.825 0 0 "KDE QDA" 160 3000 2.74040404040404
100.93 11.825 0 0 "KDE QDA" 160 3000 2.75050505050505
100.93 11.825 0 0 "KDE QDA" 160 3000 2.76060606060606
100.93 11.875 0 0 "KDE QDA" 160 3000 2.77070707070707
100.955 11.875 0 0 "KDE QDA" 160 3000 2.78080808080808
100.955 11.875 0 0 "KDE QDA" 160 3000 2.79090909090909
129.085 13.015 0 0 "KDE QDA" 160 3000 2.8010101010101
129.085 13.015 0 0 "KDE QDA" 160 3000 2.81111111111111
129.085 13.015 0 0 "KDE QDA" 160 3000 2.82121212121212
133.03 13.11 0 0 "KDE QDA" 160 3000 2.83131313131313
134.25 13.11 0 0 "KDE QDA" 160 3000 2.84141414141414
135.34 13.125 0 0 "KDE QDA" 160 3000 2.85151515151515
135.34 13.125 0 0 "KDE QDA" 160 3000 2.86161616161616
135.345 13.125 0 0 "KDE QDA" 160 3000 2.87171717171717
135.35 13.125 0 0 "KDE QDA" 160 3000 2.88181818181818
135.355 13.13 0 0 "KDE QDA" 160 3000 2.89191919191919
135.355 13.13 0 0 "KDE QDA" 160 3000 2.9020202020202
135.36 13.13 0 0 "KDE QDA" 160 3000 2.91212121212121
135.36 13.13 0 0 "KDE QDA" 160 3000 2.92222222222222
135.36 13.13 0 0 "KDE QDA" 160 3000 2.93232323232323
135.36 13.155 0 0 "KDE QDA" 160 3000 2.94242424242424
135.36 13.155 0 0 "KDE QDA" 160 3000 2.95252525252525
145.995 13.365 0 0 "KDE QDA" 160 3000 2.96262626262626
146.405 13.365 0 0 "KDE QDA" 160 3000 2.97272727272727
146.42 13.43 0 0 "KDE QDA" 160 3000 2.98282828282828
146.42 13.44 0 0 "KDE QDA" 160 3000 2.99292929292929
146.42 13.44 0 0 "KDE QDA" 160 3000 3.0030303030303
146.81 13.445 0 0 "KDE QDA" 160 3000 3.01313131313131
146.81 13.445 0 0 "KDE QDA" 160 3000 3.02323232323232
146.81 13.445 0 0 "KDE QDA" 160 3000 3.03333333333333
146.81 13.445 0 0 "KDE QDA" 160 3000 3.04343434343434
146.81 13.445 0 0 "KDE QDA" 160 3000 3.05353535353535
148.595 13.445 0 0 "KDE QDA" 160 3000 3.06363636363636
148.985 13.45 0 0 "KDE QDA" 160 3000 3.07373737373737
148.995 13.45 0 0 "KDE QDA" 160 3000 3.08383838383838
157.78 13.81 0 0 "KDE QDA" 160 3000 3.09393939393939
157.78 13.85 0 0 "KDE QDA" 160 3000 3.1040404040404
158.2 13.85 0 0 "KDE QDA" 160 3000 3.11414141414141
160.42 13.895 0 0 "KDE QDA" 160 3000 3.12424242424242
160.425 13.91 0 0 "KDE QDA" 160 3000 3.13434343434343
160.445 13.91 0 0 "KDE QDA" 160 3000 3.14444444444444
161.49 13.91 0 0 "KDE QDA" 160 3000 3.15454545454545
161.49 13.91 0 0 "KDE QDA" 160 3000 3.16464646464646
161.495 13.91 0 0 "KDE QDA" 160 3000 3.17474747474748
161.51 13.915 0 0 "KDE QDA" 160 3000 3.18484848484849
161.6 13.915 0 0 "KDE QDA" 160 3000 3.19494949494949
161.6 13.915 0 0 "KDE QDA" 160 3000 3.20505050505051
161.6 13.915 0 0 "KDE QDA" 160 3000 3.21515151515152
182.32 14.295 0 0 "KDE QDA" 160 3000 3.22525252525253
183.755 14.33 0 0 "KDE QDA" 160 3000 3.23535353535354
183.76 14.33 0 0 "KDE QDA" 160 3000 3.24545454545455
184 14.425 0 0 "KDE QDA" 160 3000 3.25555555555556
184.045 14.435 0 0 "KDE QDA" 160 3000 3.26565656565657
187.495 14.45 0 0 "KDE QDA" 160 3000 3.27575757575758
189.915 14.465 0 0 "KDE QDA" 160 3000 3.28585858585859
189.93 14.49 0 0 "KDE QDA" 160 3000 3.2959595959596
189.93 14.49 0 0 "KDE QDA" 160 3000 3.30606060606061
189.93 14.49 0 0 "KDE QDA" 160 3000 3.31616161616162
190.77 14.49 0 0 "KDE QDA" 160 3000 3.32626262626263
190.77 14.495 0 0 "KDE QDA" 160 3000 3.33636363636364
190.775 14.495 0 0 "KDE QDA" 160 3000 3.34646464646465
190.775 14.495 0 0 "KDE QDA" 160 3000 3.35656565656566
227.49 15.385 0 0 "KDE QDA" 160 3000 3.36666666666667
227.865 15.385 0 0 "KDE QDA" 160 3000 3.37676767676768
230.285 15.45 0 0 "KDE QDA" 160 3000 3.38686868686869
231.11 15.455 0 0 "KDE QDA" 160 3000 3.3969696969697
231.275 15.455 0 0 "KDE QDA" 160 3000 3.40707070707071
235.9 15.47 0 0 "KDE QDA" 160 3000 3.41717171717172
239.825 15.47 0 0 "KDE QDA" 160 3000 3.42727272727273
239.835 15.475 0 0 "KDE QDA" 160 3000 3.43737373737374
239.835 15.49 0 0 "KDE QDA" 160 3000 3.44747474747475
239.85 15.49 0 0 "KDE QDA" 160 3000 3.45757575757576
239.93 15.49 0 0 "KDE QDA" 160 3000 3.46767676767677
239.945 15.49 0 0 "KDE QDA" 160 3000 3.47777777777778
240.565 15.49 0 0 "KDE QDA" 160 3000 3.48787878787879
241.1 15.495 0 0 "KDE QDA" 160 3000 3.4979797979798
241.1 15.495 0 0 "KDE QDA" 160 3000 3.50808080808081
255.32 15.855 0 0 "KDE QDA" 160 3000 3.51818181818182
255.665 15.885 0 0 "KDE QDA" 160 3000 3.52828282828283
255.695 15.885 0 0 "KDE QDA" 160 3000 3.53838383838384
257.96 15.925 0 0 "KDE QDA" 160 3000 3.54848484848485
257.96 15.93 0 0 "KDE QDA" 160 3000 3.55858585858586
260.845 15.935 0 0 "KDE QDA" 160 3000 3.56868686868687
260.85 15.935 0 0 "KDE QDA" 160 3000 3.57878787878788
260.855 15.94 0 0 "KDE QDA" 160 3000 3.58888888888889
262.44 15.94 0 0 "KDE QDA" 160 3000 3.5989898989899
262.46 15.94 0 0 "KDE QDA" 160 3000 3.60909090909091
263.16 15.94 0 0 "KDE QDA" 160 3000 3.61919191919192
265.285 15.945 0 0 "KDE QDA" 160 3000 3.62929292929293
265.365 15.945 0 0 "KDE QDA" 160 3000 3.63939393939394
271 15.945 0 0 "KDE QDA" 160 3000 3.64949494949495
323.365 16.53 0 0 "KDE QDA" 160 3000 3.65959595959596
323.37 16.53 0 0 "KDE QDA" 160 3000 3.66969696969697
329.03 16.58 0 0 "KDE QDA" 160 3000 3.67979797979798
330.235 16.615 0 0 "KDE QDA" 160 3000 3.68989898989899
330.24 16.615 0 0 "KDE QDA" 160 3000 3.7
