127.28 15.54 0 0 "KDE LDA" 136 3000 2.5
127.38 15.575 0 0 "KDE LDA" 136 3000 2.51010101010101
127.415 15.805 0 0 "KDE LDA" 136 3000 2.52020202020202
128.71 15.92 0 0 "KDE LDA" 136 3000 2.53030303030303
132.335 16.035 0 0 "KDE LDA" 136 3000 2.54040404040404
133.72 16.075 0 0 "KDE LDA" 136 3000 2.55050505050505
133.87 16.13 0 0 "KDE LDA" 136 3000 2.56060606060606
134.405 16.14 0 0 "KDE LDA" 136 3000 2.57070707070707
135.08 16.145 0 0 "KDE LDA" 136 3000 2.58080808080808
136.465 16.175 0 0 "KDE LDA" 136 3000 2.59090909090909
137.655 16.21 0 0 "KDE LDA" 136 3000 2.6010101010101
138.765 16.34 0 0 "KDE LDA" 136 3000 2.61111111111111
140.185 16.375 0 0 "KDE LDA" 136 3000 2.62121212121212
141.98 16.38 0 0 "KDE LDA" 136 3000 2.63131313131313
142.985 16.41 0 0 "KDE LDA" 136 3000 2.64141414141414
143.275 16.52 0 0 "KDE LDA" 136 3000 2.65151515151515
144.775 16.715 0 0 "KDE LDA" 136 3000 2.66161616161616
149.285 17.155 0 0 "KDE LDA" 136 3000 2.67171717171717
149.725 17.165 0 0 "KDE LDA" 136 3000 2.68181818181818
149.74 17.23 0 0 "KDE LDA" 136 3000 2.69191919191919
152.88 17.26 0 0 "KDE LDA" 136 3000 2.7020202020202
156.135 17.265 0 0 "KDE LDA" 136 3000 2.71212121212121
156.685 17.37 0 0 "KDE LDA" 136 3000 2.72222222222222
160.89 17.375 0 0 "KDE LDA" 136 3000 2.73232323232323
162.46 17.38 0 0 "KDE LDA" 136 3000 2.74242424242424
163.45 17.455 0 0 "KDE LDA" 136 3000 2.75252525252525
165.64 17.54 0 0 "KDE LDA" 136 3000 2.76262626262626
167.755 17.57 0 0 "KDE LDA" 136 3000 2.77272727272727
170.705 17.665 0 0 "KDE LDA" 136 3000 2.78282828282828
179.78 17.715 0 0 "KDE LDA" 136 3000 2.79292929292929
204.1 18.09 0 0 "KDE LDA" 136 3000 2.8030303030303
213.67 18.16 0 0 "KDE LDA" 136 3000 2.81313131313131
221.925 18.205 0 0 "KDE LDA" 136 3000 2.82323232323232
222.1 18.23 0 0 "KDE LDA" 136 3000 2.83333333333333
222.105 18.25 0 0 "KDE LDA" 136 3000 2.84343434343434
224.245 18.29 0 0 "KDE LDA" 136 3000 2.85353535353535
224.26 18.315 0 0 "KDE LDA" 136 3000 2.86363636363636
228.925 18.34 0 0 "KDE LDA" 136 3000 2.87373737373737
228.935 18.35 0 0 "KDE LDA" 136 3000 2.88383838383838
230.92 18.365 0 0 "KDE LDA" 136 3000 2.89393939393939
231.365 18.43 0 0 "KDE LDA" 136 3000 2.9040404040404
234.41 18.445 0 0 "KDE LDA" 136 3000 2.91414141414141
234.41 18.47 0 0 "KDE LDA" 136 3000 2.92424242424242
236.775 18.475 0 0 "KDE LDA" 136 3000 2.93434343434343
242.31 18.495 0 0 "KDE LDA" 136 3000 2.94444444444444
242.765 18.635 0 0 "KDE LDA" 136 3000 2.95454545454545
246.93 18.665 0 0 "KDE LDA" 136 3000 2.96464646464646
249.965 18.68 0 0 "KDE LDA" 136 3000 2.97474747474747
257.755 18.695 0 0 "KDE LDA" 136 3000 2.98484848484848
259.285 18.72 0 0 "KDE LDA" 136 3000 2.99494949494949
259.53 18.725 0 0 "KDE LDA" 136 3000 3.00505050505051
267.88 18.81 0 0 "KDE LDA" 136 3000 3.01515151515152
273.1 18.925 0 0 "KDE LDA" 136 3000 3.02525252525253
273.125 19.005 0 0 "KDE LDA" 136 3000 3.03535353535354
279.655 19.085 0 0 "KDE LDA" 136 3000 3.04545454545455
283.86 19.135 0 0 "KDE LDA" 136 3000 3.05555555555556
284.68 19.16 0 0 "KDE LDA" 136 3000 3.06565656565657
286.71 19.195 0 0 "KDE LDA" 136 3000 3.07575757575758
288.415 19.22 0 0 "KDE LDA" 136 3000 3.08585858585859
295.03 19.44 0 0 "KDE LDA" 136 3000 3.0959595959596
295.255 19.485 0 0 "KDE LDA" 136 3000 3.10606060606061
295.265 19.535 0 0 "KDE LDA" 136 3000 3.11616161616162
296.155 19.54 0 0 "KDE LDA" 136 3000 3.12626262626263
296.86 19.565 0 0 "KDE LDA" 136 3000 3.13636363636364
299.595 19.605 0 0 "KDE LDA" 136 3000 3.14646464646465
303.335 19.67 0 0 "KDE LDA" 136 3000 3.15656565656566
306.04 19.915 0 0 "KDE LDA" 136 3000 3.16666666666667
308.32 19.975 0 0 "KDE LDA" 136 3000 3.17676767676768
312.57 20 0 0 "KDE LDA" 136 3000 3.18686868686869
316.205 20.03 0 0 "KDE LDA" 136 3000 3.1969696969697
319.075 20.09 0 0 "KDE LDA" 136 3000 3.20707070707071
328.56 20.115 0 0 "KDE LDA" 136 3000 3.21717171717172
346.125 20.235 0 0 "KDE LDA" 136 3000 3.22727272727273
352.61 20.265 0 0 "KDE LDA" 136 3000 3.23737373737374
352.62 20.28 0 0 "KDE LDA" 136 3000 3.24747474747475
365.715 20.325 0 0 "KDE LDA" 136 3000 3.25757575757576
367.785 20.365 0 0 "KDE LDA" 136 3000 3.26767676767677
370.71 20.365 0 0 "KDE LDA" 136 3000 3.27777777777778
386.16 20.4 0 0 "KDE LDA" 136 3000 3.28787878787879
387.41 20.47 0 0 "KDE LDA" 136 3000 3.2979797979798
389.33 20.535 0 0 "KDE LDA" 136 3000 3.30808080808081
392.19 20.6 0 0 "KDE LDA" 136 3000 3.31818181818182
401.915 20.625 0 0 "KDE LDA" 136 3000 3.32828282828283
406.015 20.635 0 0 "KDE LDA" 136 3000 3.33838383838384
408.905 20.705 0 0 "KDE LDA" 136 3000 3.34848484848485
475.315 21.185 0 0 "KDE LDA" 136 3000 3.35858585858586
475.56 21.2 0 0 "KDE LDA" 136 3000 3.36868686868687
493.08 21.215 0 0 "KDE LDA" 136 3000 3.37878787878788
494.82 21.365 0 0 "KDE LDA" 136 3000 3.38888888888889
505.245 21.39 0 0 "KDE LDA" 136 3000 3.3989898989899
506.44 21.41 0 0 "KDE LDA" 136 3000 3.40909090909091
506.44 21.415 0 0 "KDE LDA" 136 3000 3.41919191919192
506.445 21.485 0 0 "KDE LDA" 136 3000 3.42929292929293
510.34 21.495 0 0 "KDE LDA" 136 3000 3.43939393939394
512.015 21.54 0 0 "KDE LDA" 136 3000 3.44949494949495
519.28 21.595 0 0 "KDE LDA" 136 3000 3.45959595959596
536.19 21.625 0 0 "KDE LDA" 136 3000 3.46969696969697
536.205 21.675 0 0 "KDE LDA" 136 3000 3.47979797979798
542.425 21.94 0 0 "KDE LDA" 136 3000 3.48989898989899
555.435 21.975 0 0 "KDE LDA" 136 3000 3.5
96.955 12.425 0 0 "KDE QDA" 136 3000 2.7
96.96 12.425 0 0 "KDE QDA" 136 3000 2.71010101010101
96.965 12.425 0 0 "KDE QDA" 136 3000 2.72020202020202
96.965 12.43 0 0 "KDE QDA" 136 3000 2.73030303030303
96.99 12.43 0 0 "KDE QDA" 136 3000 2.74040404040404
96.995 12.43 0 0 "KDE QDA" 136 3000 2.75050505050505
96.995 12.43 0 0 "KDE QDA" 136 3000 2.76060606060606
98.235 12.43 0 0 "KDE QDA" 136 3000 2.77070707070707
98.235 12.43 0 0 "KDE QDA" 136 3000 2.78080808080808
98.235 12.43 0 0 "KDE QDA" 136 3000 2.79090909090909
128.575 13.9 0 0 "KDE QDA" 136 3000 2.8010101010101
128.575 13.9 0 0 "KDE QDA" 136 3000 2.81111111111111
128.575 13.905 0 0 "KDE QDA" 136 3000 2.82121212121212
131.06 14.165 0 0 "KDE QDA" 136 3000 2.83131313131313
131.075 14.165 0 0 "KDE QDA" 136 3000 2.84141414141414
131.08 14.195 0 0 "KDE QDA" 136 3000 2.85151515151515
131.8 14.215 0 0 "KDE QDA" 136 3000 2.86161616161616
131.805 14.215 0 0 "KDE QDA" 136 3000 2.87171717171717
131.805 14.22 0 0 "KDE QDA" 136 3000 2.88181818181818
131.805 14.22 0 0 "KDE QDA" 136 3000 2.89191919191919
131.805 14.22 0 0 "KDE QDA" 136 3000 2.9020202020202
131.805 14.225 0 0 "KDE QDA" 136 3000 2.91212121212121
131.805 14.225 0 0 "KDE QDA" 136 3000 2.92222222222222
134.58 14.225 0 0 "KDE QDA" 136 3000 2.93232323232323
134.58 14.27 0 0 "KDE QDA" 136 3000 2.94242424242424
134.58 14.27 0 0 "KDE QDA" 136 3000 2.95252525252525
147.57 14.57 0 0 "KDE QDA" 136 3000 2.96262626262626
147.59 14.575 0 0 "KDE QDA" 136 3000 2.97272727272727
150.545 14.615 0 0 "KDE QDA" 136 3000 2.98282828282828
150.555 14.645 0 0 "KDE QDA" 136 3000 2.99292929292929
150.555 14.645 0 0 "KDE QDA" 136 3000 3.0030303030303
151.43 14.645 0 0 "KDE QDA" 136 3000 3.01313131313131
151.43 14.65 0 0 "KDE QDA" 136 3000 3.02323232323232
152.47 14.65 0 0 "KDE QDA" 136 3000 3.03333333333333
154.015 14.655 0 0 "KDE QDA" 136 3000 3.04343434343434
154.015 14.655 0 0 "KDE QDA" 136 3000 3.05353535353535
154.015 14.655 0 0 "KDE QDA" 136 3000 3.06363636363636
154.015 14.655 0 0 "KDE QDA" 136 3000 3.07373737373737
154.015 14.66 0 0 "KDE QDA" 136 3000 3.08383838383838
165.515 14.93 0 0 "KDE QDA" 136 3000 3.09393939393939
166.885 14.93 0 0 "KDE QDA" 136 3000 3.1040404040404
166.89 14.935 0 0 "KDE QDA" 136 3000 3.11414141414141
167.045 15.015 0 0 "KDE QDA" 136 3000 3.12424242424242
167.045 15.015 0 0 "KDE QDA" 136 3000 3.13434343434343
167.39 15.015 0 0 "KDE QDA" 136 3000 3.14444444444444
167.39 15.015 0 0 "KDE QDA" 136 3000 3.15454545454545
167.395 15.025 0 0 "KDE QDA" 136 3000 3.16464646464646
167.395 15.025 0 0 "KDE QDA" 136 3000 3.17474747474748
167.395 15.025 0 0 "KDE QDA" 136 3000 3.18484848484849
168.8 15.025 0 0 "KDE QDA" 136 3000 3.19494949494949
168.8 15.025 0 0 "KDE QDA" 136 3000 3.20505050505051
168.925 15.025 0 0 "KDE QDA" 136 3000 3.21515151515152
193.15 15.55 0 0 "KDE QDA" 136 3000 3.22525252525253
193.26 15.56 0 0 "KDE QDA" 136 3000 3.23535353535354
193.26 15.56 0 0 "KDE QDA" 136 3000 3.24545454545455
193.63 15.65 0 0 "KDE QDA" 136 3000 3.25555555555556
196.03 15.655 0 0 "KDE QDA" 136 3000 3.26565656565657
196.315 15.695 0 0 "KDE QDA" 136 3000 3.27575757575758
196.32 15.75 0 0 "KDE QDA" 136 3000 3.28585858585859
196.32 15.75 0 0 "KDE QDA" 136 3000 3.2959595959596
196.325 15.755 0 0 "KDE QDA" 136 3000 3.30606060606061
196.33 15.755 0 0 "KDE QDA" 136 3000 3.31616161616162
197.645 15.755 0 0 "KDE QDA" 136 3000 3.32626262626263
197.645 15.755 0 0 "KDE QDA" 136 3000 3.33636363636364
197.65 15.755 0 0 "KDE QDA" 136 3000 3.34646464646465
198.36 15.755 0 0 "KDE QDA" 136 3000 3.35656565656566
232.405 16.75 0 0 "KDE QDA" 136 3000 3.36666666666667
232.405 16.765 0 0 "KDE QDA" 136 3000 3.37676767676768
248.09 16.935 0 0 "KDE QDA" 136 3000 3.38686868686869
248.09 16.945 0 0 "KDE QDA" 136 3000 3.3969696969697
248.095 16.945 0 0 "KDE QDA" 136 3000 3.40707070707071
252.24 16.965 0 0 "KDE QDA" 136 3000 3.41717171717172
252.895 16.965 0 0 "KDE QDA" 136 3000 3.42727272727273
253.185 16.97 0 0 "KDE QDA" 136 3000 3.43737373737374
253.195 16.975 0 0 "KDE QDA" 136 3000 3.44747474747475
256.135 16.975 0 0 "KDE QDA" 136 3000 3.45757575757576
256.15 17.02 0 0 "KDE QDA" 136 3000 3.46767676767677
256.15 17.025 0 0 "KDE QDA" 136 3000 3.47777777777778
257.015 17.025 0 0 "KDE QDA" 136 3000 3.48787878787879
257.035 17.03 0 0 "KDE QDA" 136 3000 3.4979797979798
257.035 17.03 0 0 "KDE QDA" 136 3000 3.50808080808081
263.06 17.765 0 0 "KDE QDA" 136 3000 3.51818181818182
268.31 17.77 0 0 "KDE QDA" 136 3000 3.52828282828283
269.665 17.77 0 0 "KDE QDA" 136 3000 3.53838383838384
271.02 17.84 0 0 "KDE QDA" 136 3000 3.54848484848485
271.02 17.84 0 0 "KDE QDA" 136 3000 3.55858585858586
271.055 17.84 0 0 "KDE QDA" 136 3000 3.56868686868687
271.055 17.855 0 0 "KDE QDA" 136 3000 3.57878787878788
271.055 17.855 0 0 "KDE QDA" 136 3000 3.58888888888889
271.055 17.855 0 0 "KDE QDA" 136 3000 3.5989898989899
271.055 17.86 0 0 "KDE QDA" 136 3000 3.60909090909091
271.07 17.86 0 0 "KDE QDA" 136 3000 3.61919191919192
271.07 17.86 0 0 "KDE QDA" 136 3000 3.62929292929293
271.07 17.86 0 0 "KDE QDA" 136 3000 3.63939393939394
271.705 17.87 0 0 "KDE QDA" 136 3000 3.64949494949495
298.54 18.24 0 0 "KDE QDA" 136 3000 3.65959595959596
298.925 18.24 0 0 "KDE QDA" 136 3000 3.66969696969697
299.57 18.38 0 0 "KDE QDA" 136 3000 3.67979797979798
300.855 18.38 0 0 "KDE QDA" 136 3000 3.68989898989899
300.855 18.38 0 0 "KDE QDA" 136 3000 3.7
