150.58 16.23 0 0 "KDE LDA" 4 1000 2.5
152.485 16.24 0 0 "KDE LDA" 4 1000 2.51010101010101
152.675 16.285 0 0 "KDE LDA" 4 1000 2.52020202020202
159.8 16.495 0 0 "KDE LDA" 4 1000 2.53030303030303
162.83 16.575 0 0 "KDE LDA" 4 1000 2.54040404040404
162.835 16.6 0 0 "KDE LDA" 4 1000 2.55050505050505
164.555 16.625 0 0 "KDE LDA" 4 1000 2.56060606060606
164.56 16.72 0 0 "KDE LDA" 4 1000 2.57070707070707
167.31 16.76 0 0 "KDE LDA" 4 1000 2.58080808080808
167.315 16.8 0 0 "KDE LDA" 4 1000 2.59090909090909
167.705 16.8 0 0 "KDE LDA" 4 1000 2.6010101010101
167.705 16.825 0 0 "KDE LDA" 4 1000 2.61111111111111
167.725 16.885 0 0 "KDE LDA" 4 1000 2.62121212121212
167.74 16.905 0 0 "KDE LDA" 4 1000 2.63131313131313
170.56 17.005 0 0 "KDE LDA" 4 1000 2.64141414141414
175.335 17.135 0 0 "KDE LDA" 4 1000 2.65151515151515
186.975 17.53 0 0 "KDE LDA" 4 1000 2.66161616161616
200.37 17.725 0 0 "KDE LDA" 4 1000 2.67171717171717
200.525 17.855 0 0 "KDE LDA" 4 1000 2.68181818181818
202.565 17.92 0 0 "KDE LDA" 4 1000 2.69191919191919
203.985 18.015 0 0 "KDE LDA" 4 1000 2.7020202020202
204.495 18.14 0 0 "KDE LDA" 4 1000 2.71212121212121
204.81 18.165 0 0 "KDE LDA" 4 1000 2.72222222222222
206.255 18.205 0 0 "KDE LDA" 4 1000 2.73232323232323
206.26 18.255 0 0 "KDE LDA" 4 1000 2.74242424242424
206.305 18.765 0 0 "KDE LDA" 4 1000 2.75252525252525
207.08 18.925 0 0 "KDE LDA" 4 1000 2.76262626262626
210.16 19.055 0 0 "KDE LDA" 4 1000 2.77272727272727
216.615 19.235 0 0 "KDE LDA" 4 1000 2.78282828282828
221.52 19.415 0 0 "KDE LDA" 4 1000 2.79292929292929
268.825 20.06 0 0 "KDE LDA" 4 1000 2.8030303030303
272.615 20.11 0 0 "KDE LDA" 4 1000 2.81313131313131
276.17 20.16 0 0 "KDE LDA" 4 1000 2.82323232323232
277.3 20.175 0 0 "KDE LDA" 4 1000 2.83333333333333
277.325 20.175 0 0 "KDE LDA" 4 1000 2.84343434343434
277.325 20.19 0 0 "KDE LDA" 4 1000 2.85353535353535
277.335 20.19 0 0 "KDE LDA" 4 1000 2.86363636363636
278.755 20.195 0 0 "KDE LDA" 4 1000 2.87373737373737
289.06 20.26 0 0 "KDE LDA" 4 1000 2.88383838383838
289.165 20.265 0 0 "KDE LDA" 4 1000 2.89393939393939
290.795 20.27 0 0 "KDE LDA" 4 1000 2.9040404040404
291.28 20.275 0 0 "KDE LDA" 4 1000 2.91414141414141
293.175 20.32 0 0 "KDE LDA" 4 1000 2.92424242424242
293.2 20.38 0 0 "KDE LDA" 4 1000 2.93434343434343
296.475 20.41 0 0 "KDE LDA" 4 1000 2.94444444444444
298.03 20.55 0 0 "KDE LDA" 4 1000 2.95454545454545
299.4 20.63 0 0 "KDE LDA" 4 1000 2.96464646464646
301.995 20.635 0 0 "KDE LDA" 4 1000 2.97474747474747
303.2 20.695 0 0 "KDE LDA" 4 1000 2.98484848484848
303.36 20.78 0 0 "KDE LDA" 4 1000 2.99494949494949
307.68 20.85 0 0 "KDE LDA" 4 1000 3.00505050505051
310.335 20.875 0 0 "KDE LDA" 4 1000 3.01515151515152
313.3 20.93 0 0 "KDE LDA" 4 1000 3.02525252525253
313.315 21.165 0 0 "KDE LDA" 4 1000 3.03535353535354
315.435 21.18 0 0 "KDE LDA" 4 1000 3.04545454545455
318.445 21.18 0 0 "KDE LDA" 4 1000 3.05555555555556
321.345 21.235 0 0 "KDE LDA" 4 1000 3.06565656565657
326.225 21.29 0 0 "KDE LDA" 4 1000 3.07575757575758
343.24 21.635 0 0 "KDE LDA" 4 1000 3.08585858585859
347.145 21.84 0 0 "KDE LDA" 4 1000 3.0959595959596
348.215 21.9 0 0 "KDE LDA" 4 1000 3.10606060606061
352.64 22.205 0 0 "KDE LDA" 4 1000 3.11616161616162
356.88 22.215 0 0 "KDE LDA" 4 1000 3.12626262626263
367.15 22.23 0 0 "KDE LDA" 4 1000 3.13636363636364
367.37 22.255 0 0 "KDE LDA" 4 1000 3.14646464646465
368.145 22.26 0 0 "KDE LDA" 4 1000 3.15656565656566
368.165 22.325 0 0 "KDE LDA" 4 1000 3.16666666666667
368.725 22.345 0 0 "KDE LDA" 4 1000 3.17676767676768
368.73 22.405 0 0 "KDE LDA" 4 1000 3.18686868686869
372.79 22.435 0 0 "KDE LDA" 4 1000 3.1969696969697
381.94 22.49 0 0 "KDE LDA" 4 1000 3.20707070707071
385.42 22.615 0 0 "KDE LDA" 4 1000 3.21717171717172
400.715 22.75 0 0 "KDE LDA" 4 1000 3.22727272727273
401.435 22.785 0 0 "KDE LDA" 4 1000 3.23737373737374
403.64 22.825 0 0 "KDE LDA" 4 1000 3.24747474747475
404.28 22.93 0 0 "KDE LDA" 4 1000 3.25757575757576
412.33 22.975 0 0 "KDE LDA" 4 1000 3.26767676767677
412.855 23.025 0 0 "KDE LDA" 4 1000 3.27777777777778
412.86 23.04 0 0 "KDE LDA" 4 1000 3.28787878787879
419.79 23.255 0 0 "KDE LDA" 4 1000 3.2979797979798
422.475 23.29 0 0 "KDE LDA" 4 1000 3.30808080808081
422.805 23.42 0 0 "KDE LDA" 4 1000 3.31818181818182
430.985 23.425 0 0 "KDE LDA" 4 1000 3.32828282828283
431.31 23.48 0 0 "KDE LDA" 4 1000 3.33838383838384
432.9 23.66 0 0 "KDE LDA" 4 1000 3.34848484848485
463.5 24.14 0 0 "KDE LDA" 4 1000 3.35858585858586
480.44 24.18 0 0 "KDE LDA" 4 1000 3.36868686868687
497.465 24.195 0 0 "KDE LDA" 4 1000 3.37878787878788
504.3 24.335 0 0 "KDE LDA" 4 1000 3.38888888888889
504.315 24.365 0 0 "KDE LDA" 4 1000 3.3989898989899
511.335 24.395 0 0 "KDE LDA" 4 1000 3.40909090909091
512.495 24.4 0 0 "KDE LDA" 4 1000 3.41919191919192
520.1 24.545 0 0 "KDE LDA" 4 1000 3.42929292929293
523.545 24.69 0 0 "KDE LDA" 4 1000 3.43939393939394
527.12 24.72 0 0 "KDE LDA" 4 1000 3.44949494949495
533.69 24.72 0 0 "KDE LDA" 4 1000 3.45959595959596
549.1 24.78 0 0 "KDE LDA" 4 1000 3.46969696969697
549.7 24.85 0 0 "KDE LDA" 4 1000 3.47979797979798
551.665 24.965 0 0 "KDE LDA" 4 1000 3.48989898989899
556.755 24.97 0 0 "KDE LDA" 4 1000 3.5
89.845 13.935 0 0 "KDE QDA" 4 1000 3.5
89.865 13.95 0 0 "KDE QDA" 4 1000 3.51010101010101
90.785 14.09 0 0 "KDE QDA" 4 1000 3.52020202020202
91.28 14.1 0 0 "KDE QDA" 4 1000 3.53030303030303
91.31 14.145 0 0 "KDE QDA" 4 1000 3.54040404040404
91.58 14.155 0 0 "KDE QDA" 4 1000 3.55050505050505
92.095 14.26 0 0 "KDE QDA" 4 1000 3.56060606060606
92.575 14.265 0 0 "KDE QDA" 4 1000 3.57070707070707
93.97 14.27 0 0 "KDE QDA" 4 1000 3.58080808080808
94.015 14.275 0 0 "KDE QDA" 4 1000 3.59090909090909
94.44 14.335 0 0 "KDE QDA" 4 1000 3.6010101010101
94.45 14.335 0 0 "KDE QDA" 4 1000 3.61111111111111
94.485 14.335 0 0 "KDE QDA" 4 1000 3.62121212121212
96.04 14.365 0 0 "KDE QDA" 4 1000 3.63131313131313
96.05 14.4 0 0 "KDE QDA" 4 1000 3.64141414141414
97.13 14.82 0 0 "KDE QDA" 4 1000 3.65151515151515
97.45 14.855 0 0 "KDE QDA" 4 1000 3.66161616161616
97.475 14.93 0 0 "KDE QDA" 4 1000 3.67171717171717
98.655 14.94 0 0 "KDE QDA" 4 1000 3.68181818181818
100.12 14.965 0 0 "KDE QDA" 4 1000 3.69191919191919
100.265 14.985 0 0 "KDE QDA" 4 1000 3.7020202020202
102.27 14.985 0 0 "KDE QDA" 4 1000 3.71212121212121
102.325 15.005 0 0 "KDE QDA" 4 1000 3.72222222222222
102.745 15.025 0 0 "KDE QDA" 4 1000 3.73232323232323
102.88 15.035 0 0 "KDE QDA" 4 1000 3.74242424242424
103.54 15.035 0 0 "KDE QDA" 4 1000 3.75252525252525
103.815 15.04 0 0 "KDE QDA" 4 1000 3.76262626262626
105.005 15.075 0 0 "KDE QDA" 4 1000 3.77272727272727
107.345 15.21 0 0 "KDE QDA" 4 1000 3.78282828282828
111.18 15.5 0 0 "KDE QDA" 4 1000 3.79292929292929
111.325 15.51 0 0 "KDE QDA" 4 1000 3.8030303030303
113.295 15.545 0 0 "KDE QDA" 4 1000 3.81313131313131
114.405 15.56 0 0 "KDE QDA" 4 1000 3.82323232323232
114.92 15.565 0 0 "KDE QDA" 4 1000 3.83333333333333
115.6 15.565 0 0 "KDE QDA" 4 1000 3.84343434343434
116.58 15.615 0 0 "KDE QDA" 4 1000 3.85353535353535
116.625 15.63 0 0 "KDE QDA" 4 1000 3.86363636363636
118.26 15.645 0 0 "KDE QDA" 4 1000 3.87373737373737
119.72 15.675 0 0 "KDE QDA" 4 1000 3.88383838383838
119.745 15.705 0 0 "KDE QDA" 4 1000 3.89393939393939
123.925 15.715 0 0 "KDE QDA" 4 1000 3.9040404040404
125.885 15.775 0 0 "KDE QDA" 4 1000 3.91414141414141
131.4 16.19 0 0 "KDE QDA" 4 1000 3.92424242424242
131.41 16.275 0 0 "KDE QDA" 4 1000 3.93434343434343
131.87 16.42 0 0 "KDE QDA" 4 1000 3.94444444444444
135.29 16.425 0 0 "KDE QDA" 4 1000 3.95454545454545
139 16.445 0 0 "KDE QDA" 4 1000 3.96464646464646
139.005 16.445 0 0 "KDE QDA" 4 1000 3.97474747474747
142.53 16.475 0 0 "KDE QDA" 4 1000 3.98484848484848
142.65 16.505 0 0 "KDE QDA" 4 1000 3.99494949494949
145.53 16.525 0 0 "KDE QDA" 4 1000 4.00505050505051
146.505 16.53 0 0 "KDE QDA" 4 1000 4.01515151515152
146.525 16.535 0 0 "KDE QDA" 4 1000 4.02525252525253
148.365 16.54 0 0 "KDE QDA" 4 1000 4.03535353535354
150.52 16.54 0 0 "KDE QDA" 4 1000 4.04545454545455
150.61 16.64 0 0 "KDE QDA" 4 1000 4.05555555555556
150.745 16.645 0 0 "KDE QDA" 4 1000 4.06565656565657
151.965 16.665 0 0 "KDE QDA" 4 1000 4.07575757575758
156.77 16.8 0 0 "KDE QDA" 4 1000 4.08585858585859
156.885 16.815 0 0 "KDE QDA" 4 1000 4.0959595959596
157.1 16.85 0 0 "KDE QDA" 4 1000 4.10606060606061
159.215 16.91 0 0 "KDE QDA" 4 1000 4.11616161616162
159.22 16.91 0 0 "KDE QDA" 4 1000 4.12626262626263
159.52 16.92 0 0 "KDE QDA" 4 1000 4.13636363636364
159.57 16.93 0 0 "KDE QDA" 4 1000 4.14646464646465
161.82 16.94 0 0 "KDE QDA" 4 1000 4.15656565656566
163.5 16.94 0 0 "KDE QDA" 4 1000 4.16666666666667
163.51 16.96 0 0 "KDE QDA" 4 1000 4.17676767676768
166.17 16.97 0 0 "KDE QDA" 4 1000 4.18686868686869
168.725 17.04 0 0 "KDE QDA" 4 1000 4.1969696969697
174.83 17.09 0 0 "KDE QDA" 4 1000 4.20707070707071
179.83 17.285 0 0 "KDE QDA" 4 1000 4.21717171717172
181.51 17.305 0 0 "KDE QDA" 4 1000 4.22727272727273
182.475 17.305 0 0 "KDE QDA" 4 1000 4.23737373737374
183.205 17.345 0 0 "KDE QDA" 4 1000 4.24747474747475
187.14 17.36 0 0 "KDE QDA" 4 1000 4.25757575757576
187.685 17.375 0 0 "KDE QDA" 4 1000 4.26767676767677
190.155 17.42 0 0 "KDE QDA" 4 1000 4.27777777777778
191.095 17.46 0 0 "KDE QDA" 4 1000 4.28787878787879
192.185 17.48 0 0 "KDE QDA" 4 1000 4.2979797979798
197.815 17.485 0 0 "KDE QDA" 4 1000 4.30808080808081
198.89 17.49 0 0 "KDE QDA" 4 1000 4.31818181818182
199.735 17.495 0 0 "KDE QDA" 4 1000 4.32828282828283
201.635 17.51 0 0 "KDE QDA" 4 1000 4.33838383838384
204.29 17.885 0 0 "KDE QDA" 4 1000 4.34848484848485
204.325 17.99 0 0 "KDE QDA" 4 1000 4.35858585858586
206.51 17.995 0 0 "KDE QDA" 4 1000 4.36868686868687
208.235 18.035 0 0 "KDE QDA" 4 1000 4.37878787878788
208.55 18.06 0 0 "KDE QDA" 4 1000 4.38888888888889
208.655 18.06 0 0 "KDE QDA" 4 1000 4.3989898989899
208.89 18.065 0 0 "KDE QDA" 4 1000 4.40909090909091
209.875 18.105 0 0 "KDE QDA" 4 1000 4.41919191919192
211.61 18.105 0 0 "KDE QDA" 4 1000 4.42929292929293
212.045 18.105 0 0 "KDE QDA" 4 1000 4.43939393939394
212.865 18.115 0 0 "KDE QDA" 4 1000 4.44949494949495
212.91 18.13 0 0 "KDE QDA" 4 1000 4.45959595959596
213.08 18.14 0 0 "KDE QDA" 4 1000 4.46969696969697
218.235 18.47 0 0 "KDE QDA" 4 1000 4.47979797979798
221.865 18.51 0 0 "KDE QDA" 4 1000 4.48989898989899
222.475 18.525 0 0 "KDE QDA" 4 1000 4.5
