138.9 14.445 0 0 "KDE LDA" 55 2000 2.5
139.465 14.47 0 0 "KDE LDA" 55 2000 2.51010101010101
141.105 14.575 0 0 "KDE LDA" 55 2000 2.52020202020202
145.52 14.64 0 0 "KDE LDA" 55 2000 2.53030303030303
145.535 14.68 0 0 "KDE LDA" 55 2000 2.54040404040404
145.62 14.72 0 0 "KDE LDA" 55 2000 2.55050505050505
145.685 14.72 0 0 "KDE LDA" 55 2000 2.56060606060606
146.15 14.82 0 0 "KDE LDA" 55 2000 2.57070707070707
146.19 14.905 0 0 "KDE LDA" 55 2000 2.58080808080808
147.45 14.905 0 0 "KDE LDA" 55 2000 2.59090909090909
147.45 14.925 0 0 "KDE LDA" 55 2000 2.6010101010101
147.45 14.975 0 0 "KDE LDA" 55 2000 2.61111111111111
150.405 14.985 0 0 "KDE LDA" 55 2000 2.62121212121212
151.1 15.075 0 0 "KDE LDA" 55 2000 2.63131313131313
154.22 15.18 0 0 "KDE LDA" 55 2000 2.64141414141414
155.8 15.205 0 0 "KDE LDA" 55 2000 2.65151515151515
160.03 15.64 0 0 "KDE LDA" 55 2000 2.66161616161616
171.43 15.705 0 0 "KDE LDA" 55 2000 2.67171717171717
171.44 15.76 0 0 "KDE LDA" 55 2000 2.68181818181818
174.59 16.025 0 0 "KDE LDA" 55 2000 2.69191919191919
174.62 16.045 0 0 "KDE LDA" 55 2000 2.7020202020202
178 16.06 0 0 "KDE LDA" 55 2000 2.71212121212121
178.86 16.075 0 0 "KDE LDA" 55 2000 2.72222222222222
180.875 16.155 0 0 "KDE LDA" 55 2000 2.73232323232323
180.89 16.215 0 0 "KDE LDA" 55 2000 2.74242424242424
183.52 16.31 0 0 "KDE LDA" 55 2000 2.75252525252525
183.715 16.34 0 0 "KDE LDA" 55 2000 2.76262626262626
184 16.505 0 0 "KDE LDA" 55 2000 2.77272727272727
185.725 16.51 0 0 "KDE LDA" 55 2000 2.78282828282828
198.1 16.71 0 0 "KDE LDA" 55 2000 2.79292929292929
235.465 17.755 0 0 "KDE LDA" 55 2000 2.8030303030303
237.725 17.825 0 0 "KDE LDA" 55 2000 2.81313131313131
243.43 17.935 0 0 "KDE LDA" 55 2000 2.82323232323232
243.43 18.02 0 0 "KDE LDA" 55 2000 2.83333333333333
244.13 18.02 0 0 "KDE LDA" 55 2000 2.84343434343434
245.855 18.025 0 0 "KDE LDA" 55 2000 2.85353535353535
245.86 18.03 0 0 "KDE LDA" 55 2000 2.86363636363636
245.865 18.035 0 0 "KDE LDA" 55 2000 2.87373737373737
245.865 18.07 0 0 "KDE LDA" 55 2000 2.88383838383838
245.87 18.095 0 0 "KDE LDA" 55 2000 2.89393939393939
245.89 18.2 0 0 "KDE LDA" 55 2000 2.9040404040404
247.29 18.25 0 0 "KDE LDA" 55 2000 2.91414141414141
247.795 18.4 0 0 "KDE LDA" 55 2000 2.92424242424242
247.84 18.44 0 0 "KDE LDA" 55 2000 2.93434343434343
248.695 18.75 0 0 "KDE LDA" 55 2000 2.94444444444444
250.275 18.88 0 0 "KDE LDA" 55 2000 2.95454545454545
254.19 18.885 0 0 "KDE LDA" 55 2000 2.96464646464646
256.625 19 0 0 "KDE LDA" 55 2000 2.97474747474747
260.705 19.13 0 0 "KDE LDA" 55 2000 2.98484848484848
266.545 19.155 0 0 "KDE LDA" 55 2000 2.99494949494949
267.595 19.17 0 0 "KDE LDA" 55 2000 3.00505050505051
268.94 19.345 0 0 "KDE LDA" 55 2000 3.01515151515152
274.325 19.66 0 0 "KDE LDA" 55 2000 3.02525252525253
274.325 19.82 0 0 "KDE LDA" 55 2000 3.03535353535354
274.975 19.86 0 0 "KDE LDA" 55 2000 3.04545454545455
275.51 19.965 0 0 "KDE LDA" 55 2000 3.05555555555556
278.775 20.065 0 0 "KDE LDA" 55 2000 3.06565656565657
281.88 20.11 0 0 "KDE LDA" 55 2000 3.07575757575758
291.53 20.195 0 0 "KDE LDA" 55 2000 3.08585858585859
313.695 20.36 0 0 "KDE LDA" 55 2000 3.0959595959596
318.32 20.485 0 0 "KDE LDA" 55 2000 3.10606060606061
325.21 20.49 0 0 "KDE LDA" 55 2000 3.11616161616162
325.21 20.595 0 0 "KDE LDA" 55 2000 3.12626262626263
328.605 20.69 0 0 "KDE LDA" 55 2000 3.13636363636364
330.12 20.715 0 0 "KDE LDA" 55 2000 3.14646464646465
332.995 20.75 0 0 "KDE LDA" 55 2000 3.15656565656566
334.885 20.925 0 0 "KDE LDA" 55 2000 3.16666666666667
343.3 20.955 0 0 "KDE LDA" 55 2000 3.17676767676768
346.66 20.99 0 0 "KDE LDA" 55 2000 3.18686868686869
348.075 21.085 0 0 "KDE LDA" 55 2000 3.1969696969697
355.955 21.15 0 0 "KDE LDA" 55 2000 3.20707070707071
376.625 21.465 0 0 "KDE LDA" 55 2000 3.21717171717172
380.608040201005 21.75 1 0 "KDE LDA" 55 2000 3.22727272727273
402.572864321608 21.8 1 0 "KDE LDA" 55 2000 3.23737373737374
402.64824120603 22.005 1 0 "KDE LDA" 55 2000 3.24747474747475
402.688442211055 22.08 1 0 "KDE LDA" 55 2000 3.25757575757576
410.854271356784 22.085 1 0 "KDE LDA" 55 2000 3.26767676767677
415.211055276382 22.115 1 0 "KDE LDA" 55 2000 3.27777777777778
417.587939698492 22.13 1 0 "KDE LDA" 55 2000 3.28787878787879
418.633165829146 22.2 1 0 "KDE LDA" 55 2000 3.2979797979798
425.206030150754 22.33 1 0 "KDE LDA" 55 2000 3.30808080808081
425.653266331658 22.355 1 0 "KDE LDA" 55 2000 3.31818181818182
432.402010050251 22.505 1 0 "KDE LDA" 55 2000 3.32828282828283
439.05527638191 22.545 1 0 "KDE LDA" 55 2000 3.33838383838384
450.72864321608 22.645 1 0 "KDE LDA" 55 2000 3.34848484848485
502.628140703518 23.04 1 0 "KDE LDA" 55 2000 3.35858585858586
506.834170854271 23.095 1 0 "KDE LDA" 55 2000 3.36868686868687
512.447236180904 23.195 1 0 "KDE LDA" 55 2000 3.37878787878788
519.206030150754 23.245 1 0 "KDE LDA" 55 2000 3.38888888888889
532.070351758794 23.315 1 0 "KDE LDA" 55 2000 3.3989898989899
536.502512562814 23.395 1 0 "KDE LDA" 55 2000 3.40909090909091
536.793969849246 23.48 1 0 "KDE LDA" 55 2000 3.41919191919192
536.844221105528 23.62 1 0 "KDE LDA" 55 2000 3.42929292929293
540.261306532663 23.65 1 0 "KDE LDA" 55 2000 3.43939393939394
543.311557788945 23.67 1 0 "KDE LDA" 55 2000 3.44949494949495
550.849246231156 23.695 1 0 "KDE LDA" 55 2000 3.45959595959596
552.954773869347 23.75 1 0 "KDE LDA" 55 2000 3.46969696969697
560.472361809045 23.755 1 0 "KDE LDA" 55 2000 3.47979797979798
565.477386934673 24 1 0 "KDE LDA" 55 2000 3.48989898989899
567.246231155779 24.11 1 0 "KDE LDA" 55 2000 3.5
99.045 12.675 0 0 "KDE QDA" 55 2000 2.7
99.21 12.7 0 0 "KDE QDA" 55 2000 2.71010101010101
99.21 12.72 0 0 "KDE QDA" 55 2000 2.72020202020202
99.21 12.72 0 0 "KDE QDA" 55 2000 2.73030303030303
99.21 12.725 0 0 "KDE QDA" 55 2000 2.74040404040404
100.38 12.74 0 0 "KDE QDA" 55 2000 2.75050505050505
100.38 12.74 0 0 "KDE QDA" 55 2000 2.76060606060606
100.385 12.74 0 0 "KDE QDA" 55 2000 2.77070707070707
100.835 12.74 0 0 "KDE QDA" 55 2000 2.78080808080808
103.12 12.745 0 0 "KDE QDA" 55 2000 2.79090909090909
120.355 13.795 0 0 "KDE QDA" 55 2000 2.8010101010101
120.49 13.795 0 0 "KDE QDA" 55 2000 2.81111111111111
120.49 13.805 0 0 "KDE QDA" 55 2000 2.82121212121212
124.25 13.925 0 0 "KDE QDA" 55 2000 2.83131313131313
124.985 13.93 0 0 "KDE QDA" 55 2000 2.84141414141414
125.44 13.945 0 0 "KDE QDA" 55 2000 2.85151515151515
126.49 14.015 0 0 "KDE QDA" 55 2000 2.86161616161616
126.49 14.055 0 0 "KDE QDA" 55 2000 2.87171717171717
127.24 14.115 0 0 "KDE QDA" 55 2000 2.88181818181818
127.355 14.12 0 0 "KDE QDA" 55 2000 2.89191919191919
127.355 14.12 0 0 "KDE QDA" 55 2000 2.9020202020202
127.36 14.12 0 0 "KDE QDA" 55 2000 2.91212121212121
127.365 14.12 0 0 "KDE QDA" 55 2000 2.92222222222222
127.365 14.12 0 0 "KDE QDA" 55 2000 2.93232323232323
127.365 14.125 0 0 "KDE QDA" 55 2000 2.94242424242424
127.9 14.13 0 0 "KDE QDA" 55 2000 2.95252525252525
137.055 14.355 0 0 "KDE QDA" 55 2000 2.96262626262626
137.47 14.365 0 0 "KDE QDA" 55 2000 2.97272727272727
138.205 14.395 0 0 "KDE QDA" 55 2000 2.98282828282828
138.215 14.42 0 0 "KDE QDA" 55 2000 2.99292929292929
141.46 14.42 0 0 "KDE QDA" 55 2000 3.0030303030303
141.68 14.42 0 0 "KDE QDA" 55 2000 3.01313131313131
141.68 14.42 0 0 "KDE QDA" 55 2000 3.02323232323232
141.7 14.45 0 0 "KDE QDA" 55 2000 3.03333333333333
141.73 14.46 0 0 "KDE QDA" 55 2000 3.04343434343434
143.485 14.46 0 0 "KDE QDA" 55 2000 3.05353535353535
143.64 14.47 0 0 "KDE QDA" 55 2000 3.06363636363636
143.675 14.47 0 0 "KDE QDA" 55 2000 3.07373737373737
143.675 14.47 0 0 "KDE QDA" 55 2000 3.08383838383838
158.16 14.91 0 0 "KDE QDA" 55 2000 3.09393939393939
164.15 14.945 0 0 "KDE QDA" 55 2000 3.1040404040404
164.185 14.945 0 0 "KDE QDA" 55 2000 3.11414141414141
164.72 14.995 0 0 "KDE QDA" 55 2000 3.12424242424242
165.495 15.095 0 0 "KDE QDA" 55 2000 3.13434343434343
165.495 15.095 0 0 "KDE QDA" 55 2000 3.14444444444444
165.495 15.095 0 0 "KDE QDA" 55 2000 3.15454545454545
170.175 15.1 0 0 "KDE QDA" 55 2000 3.16464646464646
170.175 15.125 0 0 "KDE QDA" 55 2000 3.17474747474748
170.175 15.145 0 0 "KDE QDA" 55 2000 3.18484848484849
170.935 15.145 0 0 "KDE QDA" 55 2000 3.19494949494949
170.945 15.145 0 0 "KDE QDA" 55 2000 3.20505050505051
170.95 15.155 0 0 "KDE QDA" 55 2000 3.21515151515152
185.8 15.81 0 0 "KDE QDA" 55 2000 3.22525252525253
185.85 15.85 0 0 "KDE QDA" 55 2000 3.23535353535354
185.865 15.85 0 0 "KDE QDA" 55 2000 3.24545454545455
185.92 15.905 0 0 "KDE QDA" 55 2000 3.25555555555556
185.935 15.925 0 0 "KDE QDA" 55 2000 3.26565656565657
186.645 16.095 0 0 "KDE QDA" 55 2000 3.27575757575758
186.645 16.11 0 0 "KDE QDA" 55 2000 3.28585858585859
186.66 16.11 0 0 "KDE QDA" 55 2000 3.2959595959596
187.88 16.135 0 0 "KDE QDA" 55 2000 3.30606060606061
188.57 16.17 0 0 "KDE QDA" 55 2000 3.31616161616162
188.58 16.175 0 0 "KDE QDA" 55 2000 3.32626262626263
188.65 16.175 0 0 "KDE QDA" 55 2000 3.33636363636364
189.845 16.205 0 0 "KDE QDA" 55 2000 3.34646464646465
191.03 16.22 0 0 "KDE QDA" 55 2000 3.35656565656566
217.51 16.745 0 0 "KDE QDA" 55 2000 3.36666666666667
218.01 16.75 0 0 "KDE QDA" 55 2000 3.37676767676768
224.095 17.04 0 0 "KDE QDA" 55 2000 3.38686868686869
224.17 17.055 0 0 "KDE QDA" 55 2000 3.3969696969697
225.35 17.055 0 0 "KDE QDA" 55 2000 3.40707070707071
227.255 17.34 0 0 "KDE QDA" 55 2000 3.41717171717172
227.265 17.345 0 0 "KDE QDA" 55 2000 3.42727272727273
227.285 17.4 0 0 "KDE QDA" 55 2000 3.43737373737374
227.795 17.44 0 0 "KDE QDA" 55 2000 3.44747474747475
229.89 17.445 0 0 "KDE QDA" 55 2000 3.45757575757576
229.94 17.45 0 0 "KDE QDA" 55 2000 3.46767676767677
230.25 17.45 0 0 "KDE QDA" 55 2000 3.47777777777778
230.25 17.45 0 0 "KDE QDA" 55 2000 3.48787878787879
230.355 17.465 0 0 "KDE QDA" 55 2000 3.4979797979798
230.445 17.465 0 0 "KDE QDA" 55 2000 3.50808080808081
233.635 17.725 0 0 "KDE QDA" 55 2000 3.51818181818182
233.64 17.865 0 0 "KDE QDA" 55 2000 3.52828282828283
233.805 17.865 0 0 "KDE QDA" 55 2000 3.53838383838384
234.99 17.94 0 0 "KDE QDA" 55 2000 3.54848484848485
235.045 17.945 0 0 "KDE QDA" 55 2000 3.55858585858586
238.225 17.95 0 0 "KDE QDA" 55 2000 3.56868686868687
238.77 17.95 0 0 "KDE QDA" 55 2000 3.57878787878788
238.775 17.97 0 0 "KDE QDA" 55 2000 3.58888888888889
239.91 18.015 0 0 "KDE QDA" 55 2000 3.5989898989899
240.37 18.035 0 0 "KDE QDA" 55 2000 3.60909090909091
240.385 18.035 0 0 "KDE QDA" 55 2000 3.61919191919192
240.455 18.07 0 0 "KDE QDA" 55 2000 3.62929292929293
243.985 18.075 0 0 "KDE QDA" 55 2000 3.63939393939394
248.985 18.08 0 0 "KDE QDA" 55 2000 3.64949494949495
263.835 18.225 0 0 "KDE QDA" 55 2000 3.65959595959596
264.94 18.225 0 0 "KDE QDA" 55 2000 3.66969696969697
267.24 18.375 0 0 "KDE QDA" 55 2000 3.67979797979798
267.85 18.4 0 0 "KDE QDA" 55 2000 3.68989898989899
267.85 18.475 0 0 "KDE QDA" 55 2000 3.7
