153.54 15.195 0 0 "KDE LDA" 95 1000 2.5
153.565 15.245 0 0 "KDE LDA" 95 1000 2.51010101010101
155.06 15.365 0 0 "KDE LDA" 95 1000 2.52020202020202
162.05 15.44 0 0 "KDE LDA" 95 1000 2.53030303030303
163.37 15.57 0 0 "KDE LDA" 95 1000 2.54040404040404
163.57 15.585 0 0 "KDE LDA" 95 1000 2.55050505050505
167.395 15.615 0 0 "KDE LDA" 95 1000 2.56060606060606
167.395 15.62 0 0 "KDE LDA" 95 1000 2.57070707070707
169.3 15.82 0 0 "KDE LDA" 95 1000 2.58080808080808
170.515 16.065 0 0 "KDE LDA" 95 1000 2.59090909090909
171.72 16.09 0 0 "KDE LDA" 95 1000 2.6010101010101
171.725 16.09 0 0 "KDE LDA" 95 1000 2.61111111111111
174.74 16.11 0 0 "KDE LDA" 95 1000 2.62121212121212
177.08 16.165 0 0 "KDE LDA" 95 1000 2.63131313131313
178.84 16.21 0 0 "KDE LDA" 95 1000 2.64141414141414
180.51 16.465 0 0 "KDE LDA" 95 1000 2.65151515151515
182.99 16.585 0 0 "KDE LDA" 95 1000 2.66161616161616
190.985 16.705 0 0 "KDE LDA" 95 1000 2.67171717171717
194.545 16.74 0 0 "KDE LDA" 95 1000 2.68181818181818
198.44 16.74 0 0 "KDE LDA" 95 1000 2.69191919191919
202.655 16.75 0 0 "KDE LDA" 95 1000 2.7020202020202
203.015 16.775 0 0 "KDE LDA" 95 1000 2.71212121212121
204.73 16.815 0 0 "KDE LDA" 95 1000 2.72222222222222
206.99 16.83 0 0 "KDE LDA" 95 1000 2.73232323232323
207.5 16.84 0 0 "KDE LDA" 95 1000 2.74242424242424
208.76 16.965 0 0 "KDE LDA" 95 1000 2.75252525252525
208.765 16.975 0 0 "KDE LDA" 95 1000 2.76262626262626
209.635 17.11 0 0 "KDE LDA" 95 1000 2.77272727272727
212.945 17.19 0 0 "KDE LDA" 95 1000 2.78282828282828
224.93 17.315 0 0 "KDE LDA" 95 1000 2.79292929292929
258.905 18.125 0 0 "KDE LDA" 95 1000 2.8030303030303
261.385 18.135 0 0 "KDE LDA" 95 1000 2.81313131313131
266.46 18.175 0 0 "KDE LDA" 95 1000 2.82323232323232
267.045 18.2 0 0 "KDE LDA" 95 1000 2.83333333333333
267.045 18.21 0 0 "KDE LDA" 95 1000 2.84343434343434
267.095 18.215 0 0 "KDE LDA" 95 1000 2.85353535353535
268.225 18.385 0 0 "KDE LDA" 95 1000 2.86363636363636
269.37 18.395 0 0 "KDE LDA" 95 1000 2.87373737373737
269.8 18.415 0 0 "KDE LDA" 95 1000 2.88383838383838
270.36 18.495 0 0 "KDE LDA" 95 1000 2.89393939393939
272.6 18.51 0 0 "KDE LDA" 95 1000 2.9040404040404
273.065 18.545 0 0 "KDE LDA" 95 1000 2.91414141414141
274.615 18.545 0 0 "KDE LDA" 95 1000 2.92424242424242
277.935 18.57 0 0 "KDE LDA" 95 1000 2.93434343434343
280.86 18.605 0 0 "KDE LDA" 95 1000 2.94444444444444
286.91 18.78 0 0 "KDE LDA" 95 1000 2.95454545454545
289.595 18.97 0 0 "KDE LDA" 95 1000 2.96464646464646
289.925 18.985 0 0 "KDE LDA" 95 1000 2.97474747474747
290.23 19.06 0 0 "KDE LDA" 95 1000 2.98484848484848
290.235 19.135 0 0 "KDE LDA" 95 1000 2.99494949494949
290.27 19.145 0 0 "KDE LDA" 95 1000 3.00505050505051
290.275 19.15 0 0 "KDE LDA" 95 1000 3.01515151515152
290.63 19.16 0 0 "KDE LDA" 95 1000 3.02525252525253
292.37 19.185 0 0 "KDE LDA" 95 1000 3.03535353535354
292.39 19.185 0 0 "KDE LDA" 95 1000 3.04545454545455
300.06 19.2 0 0 "KDE LDA" 95 1000 3.05555555555556
303.83 19.225 0 0 "KDE LDA" 95 1000 3.06565656565657
311.49 19.275 0 0 "KDE LDA" 95 1000 3.07575757575758
311.71 19.33 0 0 "KDE LDA" 95 1000 3.08585858585859
332.11 19.41 0 0 "KDE LDA" 95 1000 3.0959595959596
339.575 19.42 0 0 "KDE LDA" 95 1000 3.10606060606061
342.71 19.435 0 0 "KDE LDA" 95 1000 3.11616161616162
347.14 19.455 0 0 "KDE LDA" 95 1000 3.12626262626263
347.17 19.5 0 0 "KDE LDA" 95 1000 3.13636363636364
356.47 19.52 0 0 "KDE LDA" 95 1000 3.14646464646465
357.095 19.58 0 0 "KDE LDA" 95 1000 3.15656565656566
358.045 19.58 0 0 "KDE LDA" 95 1000 3.16666666666667
360.73 19.815 0 0 "KDE LDA" 95 1000 3.17676767676768
361.69 19.835 0 0 "KDE LDA" 95 1000 3.18686868686869
361.945 19.86 0 0 "KDE LDA" 95 1000 3.1969696969697
370.095 19.98 0 0 "KDE LDA" 95 1000 3.20707070707071
381.07 20.26 0 0 "KDE LDA" 95 1000 3.21717171717172
419.065 20.675 0 0 "KDE LDA" 95 1000 3.22727272727273
428.595 21.02 0 0 "KDE LDA" 95 1000 3.23737373737374
433.08 21.075 0 0 "KDE LDA" 95 1000 3.24747474747475
434.745 21.1 0 0 "KDE LDA" 95 1000 3.25757575757576
435.375 21.125 0 0 "KDE LDA" 95 1000 3.26767676767677
435.465 21.24 0 0 "KDE LDA" 95 1000 3.27777777777778
436.445 22.185 0 0 "KDE LDA" 95 1000 3.28787878787879
440.495 22.215 0 0 "KDE LDA" 95 1000 3.2979797979798
446.075 22.375 0 0 "KDE LDA" 95 1000 3.30808080808081
446.09 22.48 0 0 "KDE LDA" 95 1000 3.31818181818182
448.375 22.57 0 0 "KDE LDA" 95 1000 3.32828282828283
455.96 22.67 0 0 "KDE LDA" 95 1000 3.33838383838384
466.915 22.91 0 0 "KDE LDA" 95 1000 3.34848484848485
511.045 23.27 0 0 "KDE LDA" 95 1000 3.35858585858586
511.06 23.29 0 0 "KDE LDA" 95 1000 3.36868686868687
522.825 23.365 0 0 "KDE LDA" 95 1000 3.37878787878788
529.165 23.45 0 0 "KDE LDA" 95 1000 3.38888888888889
532.74 23.54 0 0 "KDE LDA" 95 1000 3.3989898989899
536.27 23.55 0 0 "KDE LDA" 95 1000 3.40909090909091
536.46 23.555 0 0 "KDE LDA" 95 1000 3.41919191919192
538.22 23.695 0 0 "KDE LDA" 95 1000 3.42929292929293
549.73 23.775 0 0 "KDE LDA" 95 1000 3.43939393939394
560.49 23.8 0 0 "KDE LDA" 95 1000 3.44949494949495
571.97 23.835 0 0 "KDE LDA" 95 1000 3.45959595959596
581.345 24.015 0 0 "KDE LDA" 95 1000 3.46969696969697
588.545 24.055 0 0 "KDE LDA" 95 1000 3.47979797979798
608.13 24.075 0 0 "KDE LDA" 95 1000 3.48989898989899
618.47 24.08 0 0 "KDE LDA" 95 1000 3.5
128.015 13.885 0 0 "KDE QDA" 95 1000 3.5
128.025 13.89 0 0 "KDE QDA" 95 1000 3.51010101010101
130.85 13.985 0 0 "KDE QDA" 95 1000 3.52020202020202
131.7 13.995 0 0 "KDE QDA" 95 1000 3.53030303030303
131.705 14 0 0 "KDE QDA" 95 1000 3.54040404040404
132.455 14.05 0 0 "KDE QDA" 95 1000 3.55050505050505
132.525 14.06 0 0 "KDE QDA" 95 1000 3.56060606060606
133.165 14.06 0 0 "KDE QDA" 95 1000 3.57070707070707
133.48 14.06 0 0 "KDE QDA" 95 1000 3.58080808080808
134.12 14.115 0 0 "KDE QDA" 95 1000 3.59090909090909
134.215 14.115 0 0 "KDE QDA" 95 1000 3.6010101010101
134.22 14.12 0 0 "KDE QDA" 95 1000 3.61111111111111
137.045 14.125 0 0 "KDE QDA" 95 1000 3.62121212121212
137.78 14.16 0 0 "KDE QDA" 95 1000 3.63131313131313
140.465 14.17 0 0 "KDE QDA" 95 1000 3.64141414141414
143.935 14.505 0 0 "KDE QDA" 95 1000 3.65151515151515
144.04 14.525 0 0 "KDE QDA" 95 1000 3.66161616161616
144.49 14.525 0 0 "KDE QDA" 95 1000 3.67171717171717
144.52 14.525 0 0 "KDE QDA" 95 1000 3.68181818181818
147.905 14.545 0 0 "KDE QDA" 95 1000 3.69191919191919
148.71 14.545 0 0 "KDE QDA" 95 1000 3.7020202020202
152.34 14.62 0 0 "KDE QDA" 95 1000 3.71212121212121
152.355 14.63 0 0 "KDE QDA" 95 1000 3.72222222222222
152.36 14.645 0 0 "KDE QDA" 95 1000 3.73232323232323
152.465 14.66 0 0 "KDE QDA" 95 1000 3.74242424242424
152.935 14.695 0 0 "KDE QDA" 95 1000 3.75252525252525
152.94 14.695 0 0 "KDE QDA" 95 1000 3.76262626262626
152.96 14.695 0 0 "KDE QDA" 95 1000 3.77272727272727
152.96 14.7 0 0 "KDE QDA" 95 1000 3.78282828282828
158.425 14.935 0 0 "KDE QDA" 95 1000 3.79292929292929
159.175 14.935 0 0 "KDE QDA" 95 1000 3.8030303030303
160.345 15.105 0 0 "KDE QDA" 95 1000 3.81313131313131
160.375 15.155 0 0 "KDE QDA" 95 1000 3.82323232323232
160.38 15.155 0 0 "KDE QDA" 95 1000 3.83333333333333
160.6 15.195 0 0 "KDE QDA" 95 1000 3.84343434343434
160.625 15.235 0 0 "KDE QDA" 95 1000 3.85353535353535
160.665 15.255 0 0 "KDE QDA" 95 1000 3.86363636363636
160.69 15.27 0 0 "KDE QDA" 95 1000 3.87373737373737
162.295 15.3 0 0 "KDE QDA" 95 1000 3.88383838383838
162.345 15.31 0 0 "KDE QDA" 95 1000 3.89393939393939
162.36 15.33 0 0 "KDE QDA" 95 1000 3.9040404040404
169.23 15.375 0 0 "KDE QDA" 95 1000 3.91414141414141
178.57 15.9 0 0 "KDE QDA" 95 1000 3.92424242424242
181.035 15.905 0 0 "KDE QDA" 95 1000 3.93434343434343
181.06 15.96 0 0 "KDE QDA" 95 1000 3.94444444444444
181.09 15.96 0 0 "KDE QDA" 95 1000 3.95454545454545
185.22 15.97 0 0 "KDE QDA" 95 1000 3.96464646464646
186.455 15.985 0 0 "KDE QDA" 95 1000 3.97474747474747
186.78 15.985 0 0 "KDE QDA" 95 1000 3.98484848484848
187.415 15.985 0 0 "KDE QDA" 95 1000 3.99494949494949
187.435 15.985 0 0 "KDE QDA" 95 1000 4.00505050505051
187.66 15.995 0 0 "KDE QDA" 95 1000 4.01515151515152
188.745 16 0 0 "KDE QDA" 95 1000 4.02525252525253
188.8 16.01 0 0 "KDE QDA" 95 1000 4.03535353535354
190.52 16.045 0 0 "KDE QDA" 95 1000 4.04545454545455
190.55 16.055 0 0 "KDE QDA" 95 1000 4.05555555555556
194.35 16.065 0 0 "KDE QDA" 95 1000 4.06565656565657
195.175 16.09 0 0 "KDE QDA" 95 1000 4.07575757575758
197.07 16.205 0 0 "KDE QDA" 95 1000 4.08585858585859
198.645 16.215 0 0 "KDE QDA" 95 1000 4.0959595959596
198.76 16.255 0 0 "KDE QDA" 95 1000 4.10606060606061
199.745 16.305 0 0 "KDE QDA" 95 1000 4.11616161616162
199.795 16.325 0 0 "KDE QDA" 95 1000 4.12626262626263
199.82 16.36 0 0 "KDE QDA" 95 1000 4.13636363636364
202.715 16.365 0 0 "KDE QDA" 95 1000 4.14646464646465
202.77 16.37 0 0 "KDE QDA" 95 1000 4.15656565656566
204.61 16.37 0 0 "KDE QDA" 95 1000 4.16666666666667
204.755 16.455 0 0 "KDE QDA" 95 1000 4.17676767676768
204.755 16.49 0 0 "KDE QDA" 95 1000 4.18686868686869
207.435 16.505 0 0 "KDE QDA" 95 1000 4.1969696969697
209.29 16.555 0 0 "KDE QDA" 95 1000 4.20707070707071
218.875 16.815 0 0 "KDE QDA" 95 1000 4.21717171717172
218.9 16.835 0 0 "KDE QDA" 95 1000 4.22727272727273
218.92 16.86 0 0 "KDE QDA" 95 1000 4.23737373737374
219.73 16.875 0 0 "KDE QDA" 95 1000 4.24747474747475
221.2 16.88 0 0 "KDE QDA" 95 1000 4.25757575757576
221.465 16.895 0 0 "KDE QDA" 95 1000 4.26767676767677
223.695 16.945 0 0 "KDE QDA" 95 1000 4.27777777777778
225.765 16.955 0 0 "KDE QDA" 95 1000 4.28787878787879
229.275 16.98 0 0 "KDE QDA" 95 1000 4.2979797979798
229.29 16.985 0 0 "KDE QDA" 95 1000 4.30808080808081
229.675 17.01 0 0 "KDE QDA" 95 1000 4.31818181818182
229.74 17.015 0 0 "KDE QDA" 95 1000 4.32828282828283
232.91 17.045 0 0 "KDE QDA" 95 1000 4.33838383838384
256.97 17.275 0 0 "KDE QDA" 95 1000 4.34848484848485
258.925 17.29 0 0 "KDE QDA" 95 1000 4.35858585858586
258.99 17.3 0 0 "KDE QDA" 95 1000 4.36868686868687
271.51 17.345 0 0 "KDE QDA" 95 1000 4.37878787878788
277.895 17.35 0 0 "KDE QDA" 95 1000 4.38888888888889
279.65 17.355 0 0 "KDE QDA" 95 1000 4.3989898989899
280.825 17.365 0 0 "KDE QDA" 95 1000 4.40909090909091
280.855 17.395 0 0 "KDE QDA" 95 1000 4.41919191919192
281.62 17.495 0 0 "KDE QDA" 95 1000 4.42929292929293
283.755 17.52 0 0 "KDE QDA" 95 1000 4.43939393939394
283.895 17.54 0 0 "KDE QDA" 95 1000 4.44949494949495
284.94 17.55 0 0 "KDE QDA" 95 1000 4.45959595959596
285.005 17.565 0 0 "KDE QDA" 95 1000 4.46969696969697
300.47 18 0 0 "KDE QDA" 95 1000 4.47979797979798
300.715 18.01 0 0 "KDE QDA" 95 1000 4.48989898989899
300.74 18.015 0 0 "KDE QDA" 95 1000 4.5
