128.385 13.84 0 0 "KDE LDA" 156 3000 2.5
129.055 13.865 0 0 "KDE LDA" 156 3000 2.51010101010101
131.08 13.91 0 0 "KDE LDA" 156 3000 2.52020202020202
133.15 14.085 0 0 "KDE LDA" 156 3000 2.53030303030303
139.29 14.165 0 0 "KDE LDA" 156 3000 2.54040404040404
140.775 14.19 0 0 "KDE LDA" 156 3000 2.55050505050505
141.375 14.19 0 0 "KDE LDA" 156 3000 2.56060606060606
143.385 14.21 0 0 "KDE LDA" 156 3000 2.57070707070707
143.91 14.225 0 0 "KDE LDA" 156 3000 2.58080808080808
144.24 14.225 0 0 "KDE LDA" 156 3000 2.59090909090909
144.365 14.23 0 0 "KDE LDA" 156 3000 2.6010101010101
144.945 14.27 0 0 "KDE LDA" 156 3000 2.61111111111111
144.95 14.305 0 0 "KDE LDA" 156 3000 2.62121212121212
147.44 14.39 0 0 "KDE LDA" 156 3000 2.63131313131313
152.48 14.435 0 0 "KDE LDA" 156 3000 2.64141414141414
156.865 14.72 0 0 "KDE LDA" 156 3000 2.65151515151515
161.67 14.765 0 0 "KDE LDA" 156 3000 2.66161616161616
168.685 15.095 0 0 "KDE LDA" 156 3000 2.67171717171717
168.94 15.155 0 0 "KDE LDA" 156 3000 2.68181818181818
170.8 15.165 0 0 "KDE LDA" 156 3000 2.69191919191919
171.96 15.195 0 0 "KDE LDA" 156 3000 2.7020202020202
171.99 15.25 0 0 "KDE LDA" 156 3000 2.71212121212121
172.59 15.27 0 0 "KDE LDA" 156 3000 2.72222222222222
175.72 15.345 0 0 "KDE LDA" 156 3000 2.73232323232323
176.255 15.41 0 0 "KDE LDA" 156 3000 2.74242424242424
176.39 15.415 0 0 "KDE LDA" 156 3000 2.75252525252525
176.53 15.43 0 0 "KDE LDA" 156 3000 2.76262626262626
176.61 15.515 0 0 "KDE LDA" 156 3000 2.77272727272727
181.03 15.65 0 0 "KDE LDA" 156 3000 2.78282828282828
186.695 15.83 0 0 "KDE LDA" 156 3000 2.79292929292929
221.375 16.645 0 0 "KDE LDA" 156 3000 2.8030303030303
227.41 16.66 0 0 "KDE LDA" 156 3000 2.81313131313131
229.85 16.7 0 0 "KDE LDA" 156 3000 2.82323232323232
235.525 16.84 0 0 "KDE LDA" 156 3000 2.83333333333333
236.41 16.85 0 0 "KDE LDA" 156 3000 2.84343434343434
237.765 16.89 0 0 "KDE LDA" 156 3000 2.85353535353535
239.28 16.94 0 0 "KDE LDA" 156 3000 2.86363636363636
239.31 16.945 0 0 "KDE LDA" 156 3000 2.87373737373737
239.365 16.98 0 0 "KDE LDA" 156 3000 2.88383838383838
239.405 17.16 0 0 "KDE LDA" 156 3000 2.89393939393939
241.83 17.38 0 0 "KDE LDA" 156 3000 2.9040404040404
245.73 17.47 0 0 "KDE LDA" 156 3000 2.91414141414141
247.09 17.47 0 0 "KDE LDA" 156 3000 2.92424242424242
247.09 17.485 0 0 "KDE LDA" 156 3000 2.93434343434343
247.095 17.7 0 0 "KDE LDA" 156 3000 2.94444444444444
253.11 17.725 0 0 "KDE LDA" 156 3000 2.95454545454545
254.67 17.805 0 0 "KDE LDA" 156 3000 2.96464646464646
254.9 17.86 0 0 "KDE LDA" 156 3000 2.97474747474747
257.62 17.865 0 0 "KDE LDA" 156 3000 2.98484848484848
257.625 17.925 0 0 "KDE LDA" 156 3000 2.99494949494949
257.73 17.97 0 0 "KDE LDA" 156 3000 3.00505050505051
258.935 17.98 0 0 "KDE LDA" 156 3000 3.01515151515152
266.93 18.01 0 0 "KDE LDA" 156 3000 3.02525252525253
267.245 18.15 0 0 "KDE LDA" 156 3000 3.03535353535354
267.355 18.175 0 0 "KDE LDA" 156 3000 3.04545454545455
273.455 18.2 0 0 "KDE LDA" 156 3000 3.05555555555556
278.225 18.235 0 0 "KDE LDA" 156 3000 3.06565656565657
282.285 18.35 0 0 "KDE LDA" 156 3000 3.07575757575758
283.22 18.425 0 0 "KDE LDA" 156 3000 3.08585858585859
291.355 18.53 0 0 "KDE LDA" 156 3000 3.0959595959596
291.53 18.56 0 0 "KDE LDA" 156 3000 3.10606060606061
291.53 18.635 0 0 "KDE LDA" 156 3000 3.11616161616162
291.765 18.65 0 0 "KDE LDA" 156 3000 3.12626262626263
299.92 18.65 0 0 "KDE LDA" 156 3000 3.13636363636364
303.435 18.655 0 0 "KDE LDA" 156 3000 3.14646464646465
303.765 18.86 0 0 "KDE LDA" 156 3000 3.15656565656566
305.305 18.995 0 0 "KDE LDA" 156 3000 3.16666666666667
306.275 19.08 0 0 "KDE LDA" 156 3000 3.17676767676768
314.285 19.135 0 0 "KDE LDA" 156 3000 3.18686868686869
315.005 19.14 0 0 "KDE LDA" 156 3000 3.1969696969697
322.775 19.29 0 0 "KDE LDA" 156 3000 3.20707070707071
327.065 19.33 0 0 "KDE LDA" 156 3000 3.21717171717172
346 19.46 0 0 "KDE LDA" 156 3000 3.22727272727273
346.005 19.47 0 0 "KDE LDA" 156 3000 3.23737373737374
348.885 19.48 0 0 "KDE LDA" 156 3000 3.24747474747475
350.18 19.51 0 0 "KDE LDA" 156 3000 3.25757575757576
352.23 19.555 0 0 "KDE LDA" 156 3000 3.26767676767677
352.24 19.58 0 0 "KDE LDA" 156 3000 3.27777777777778
354.78 19.605 0 0 "KDE LDA" 156 3000 3.28787878787879
355.68 19.605 0 0 "KDE LDA" 156 3000 3.2979797979798
355.79 19.65 0 0 "KDE LDA" 156 3000 3.30808080808081
359.17 19.66 0 0 "KDE LDA" 156 3000 3.31818181818182
364.76 19.74 0 0 "KDE LDA" 156 3000 3.32828282828283
375.06 19.78 0 0 "KDE LDA" 156 3000 3.33838383838384
387.235 19.935 0 0 "KDE LDA" 156 3000 3.34848484848485
418.62 20.115 0 0 "KDE LDA" 156 3000 3.35858585858586
424.15 20.17 0 0 "KDE LDA" 156 3000 3.36868686868687
426.75 20.18 0 0 "KDE LDA" 156 3000 3.37878787878788
435.115 20.375 0 0 "KDE LDA" 156 3000 3.38888888888889
435.175 20.425 0 0 "KDE LDA" 156 3000 3.3989898989899
435.175 20.445 0 0 "KDE LDA" 156 3000 3.40909090909091
437.22 20.53 0 0 "KDE LDA" 156 3000 3.41919191919192
438.555 20.615 0 0 "KDE LDA" 156 3000 3.42929292929293
444.01 20.635 0 0 "KDE LDA" 156 3000 3.43939393939394
445.015 20.715 0 0 "KDE LDA" 156 3000 3.44949494949495
445.025 20.775 0 0 "KDE LDA" 156 3000 3.45959595959596
445.895 20.805 0 0 "KDE LDA" 156 3000 3.46969696969697
445.895 20.855 0 0 "KDE LDA" 156 3000 3.47979797979798
446.3 20.88 0 0 "KDE LDA" 156 3000 3.48989898989899
455.56 21.075 0 0 "KDE LDA" 156 3000 3.5
101.62 11.955 0 0 "KDE QDA" 156 3000 2.7
104.155 11.955 0 0 "KDE QDA" 156 3000 2.71010101010101
104.155 11.96 0 0 "KDE QDA" 156 3000 2.72020202020202
106 11.96 0 0 "KDE QDA" 156 3000 2.73030303030303
106 11.96 0 0 "KDE QDA" 156 3000 2.74040404040404
106 11.965 0 0 "KDE QDA" 156 3000 2.75050505050505
106 11.965 0 0 "KDE QDA" 156 3000 2.76060606060606
106 11.965 0 0 "KDE QDA" 156 3000 2.77070707070707
106.005 11.965 0 0 "KDE QDA" 156 3000 2.78080808080808
106.005 11.965 0 0 "KDE QDA" 156 3000 2.79090909090909
130.34 13.115 0 0 "KDE QDA" 156 3000 2.8010101010101
130.34 13.16 0 0 "KDE QDA" 156 3000 2.81111111111111
130.35 13.165 0 0 "KDE QDA" 156 3000 2.82121212121212
133.46 13.255 0 0 "KDE QDA" 156 3000 2.83131313131313
133.46 13.26 0 0 "KDE QDA" 156 3000 2.84141414141414
135.995 13.275 0 0 "KDE QDA" 156 3000 2.85151515151515
136 13.275 0 0 "KDE QDA" 156 3000 2.86161616161616
136.66 13.275 0 0 "KDE QDA" 156 3000 2.87171717171717
136.66 13.275 0 0 "KDE QDA" 156 3000 2.88181818181818
141.71 13.275 0 0 "KDE QDA" 156 3000 2.89191919191919
141.885 13.275 0 0 "KDE QDA" 156 3000 2.9020202020202
141.885 13.275 0 0 "KDE QDA" 156 3000 2.91212121212121
141.885 13.285 0 0 "KDE QDA" 156 3000 2.92222222222222
141.885 13.285 0 0 "KDE QDA" 156 3000 2.93232323232323
141.885 13.285 0 0 "KDE QDA" 156 3000 2.94242424242424
142.155 13.285 0 0 "KDE QDA" 156 3000 2.95252525252525
147.095 13.59 0 0 "KDE QDA" 156 3000 2.96262626262626
147.095 13.59 0 0 "KDE QDA" 156 3000 2.97272727272727
148.38 13.595 0 0 "KDE QDA" 156 3000 2.98282828282828
148.38 13.595 0 0 "KDE QDA" 156 3000 2.99292929292929
148.385 13.595 0 0 "KDE QDA" 156 3000 3.0030303030303
148.415 13.595 0 0 "KDE QDA" 156 3000 3.01313131313131
148.415 13.595 0 0 "KDE QDA" 156 3000 3.02323232323232
148.425 13.595 0 0 "KDE QDA" 156 3000 3.03333333333333
149.32 13.595 0 0 "KDE QDA" 156 3000 3.04343434343434
149.32 13.595 0 0 "KDE QDA" 156 3000 3.05353535353535
149.32 13.595 0 0 "KDE QDA" 156 3000 3.06363636363636
149.32 13.595 0 0 "KDE QDA" 156 3000 3.07373737373737
150.755 13.595 0 0 "KDE QDA" 156 3000 3.08383838383838
168.985 14.085 0 0 "KDE QDA" 156 3000 3.09393939393939
168.985 14.09 0 0 "KDE QDA" 156 3000 3.1040404040404
169.025 14.09 0 0 "KDE QDA" 156 3000 3.11414141414141
169.725 14.105 0 0 "KDE QDA" 156 3000 3.12424242424242
169.74 14.115 0 0 "KDE QDA" 156 3000 3.13434343434343
170.98 14.135 0 0 "KDE QDA" 156 3000 3.14444444444444
171.835 14.135 0 0 "KDE QDA" 156 3000 3.15454545454545
171.87 14.14 0 0 "KDE QDA" 156 3000 3.16464646464646
171.875 14.14 0 0 "KDE QDA" 156 3000 3.17474747474748
171.875 14.14 0 0 "KDE QDA" 156 3000 3.18484848484849
171.875 14.14 0 0 "KDE QDA" 156 3000 3.19494949494949
171.875 14.14 0 0 "KDE QDA" 156 3000 3.20505050505051
171.875 14.14 0 0 "KDE QDA" 156 3000 3.21515151515152
197.38 14.615 0 0 "KDE QDA" 156 3000 3.22525252525253
199.415 14.67 0 0 "KDE QDA" 156 3000 3.23535353535354
200.91 14.675 0 0 "KDE QDA" 156 3000 3.24545454545455
205.385 14.72 0 0 "KDE QDA" 156 3000 3.25555555555556
205.395 14.72 0 0 "KDE QDA" 156 3000 3.26565656565657
206.75 14.725 0 0 "KDE QDA" 156 3000 3.27575757575758
206.75 14.725 0 0 "KDE QDA" 156 3000 3.28585858585859
206.75 14.725 0 0 "KDE QDA" 156 3000 3.2959595959596
206.77 14.74 0 0 "KDE QDA" 156 3000 3.30606060606061
206.77 14.74 0 0 "KDE QDA" 156 3000 3.31616161616162
207.35 14.74 0 0 "KDE QDA" 156 3000 3.32626262626263
207.44 14.74 0 0 "KDE QDA" 156 3000 3.33636363636364
207.44 14.74 0 0 "KDE QDA" 156 3000 3.34646464646465
207.45 14.755 0 0 "KDE QDA" 156 3000 3.35656565656566
234.52 15.445 0 0 "KDE QDA" 156 3000 3.36666666666667
235.7 15.445 0 0 "KDE QDA" 156 3000 3.37676767676768
244.66 15.675 0 0 "KDE QDA" 156 3000 3.38686868686869
244.705 15.685 0 0 "KDE QDA" 156 3000 3.3969696969697
245.865 15.685 0 0 "KDE QDA" 156 3000 3.40707070707071
249.055 15.7 0 0 "KDE QDA" 156 3000 3.41717171717172
249.06 15.7 0 0 "KDE QDA" 156 3000 3.42727272727273
249.065 15.7 0 0 "KDE QDA" 156 3000 3.43737373737374
250.385 15.7 0 0 "KDE QDA" 156 3000 3.44747474747475
250.395 15.7 0 0 "KDE QDA" 156 3000 3.45757575757576
250.4 15.7 0 0 "KDE QDA" 156 3000 3.46767676767677
250.4 15.705 0 0 "KDE QDA" 156 3000 3.47777777777778
250.405 15.725 0 0 "KDE QDA" 156 3000 3.48787878787879
250.42 15.725 0 0 "KDE QDA" 156 3000 3.4979797979798
251.05 15.725 0 0 "KDE QDA" 156 3000 3.50808080808081
255.26 15.85 0 0 "KDE QDA" 156 3000 3.51818181818182
255.73 15.88 0 0 "KDE QDA" 156 3000 3.52828282828283
255.735 16.085 0 0 "KDE QDA" 156 3000 3.53838383838384
257.665 16.1 0 0 "KDE QDA" 156 3000 3.54848484848485
258.475 16.115 0 0 "KDE QDA" 156 3000 3.55858585858586
260.295 16.205 0 0 "KDE QDA" 156 3000 3.56868686868687
261.82 16.205 0 0 "KDE QDA" 156 3000 3.57878787878788
261.825 16.21 0 0 "KDE QDA" 156 3000 3.58888888888889
261.83 16.225 0 0 "KDE QDA" 156 3000 3.5989898989899
261.83 16.23 0 0 "KDE QDA" 156 3000 3.60909090909091
261.835 16.235 0 0 "KDE QDA" 156 3000 3.61919191919192
269.1 16.235 0 0 "KDE QDA" 156 3000 3.62929292929293
269.1 16.235 0 0 "KDE QDA" 156 3000 3.63939393939394
269.105 16.235 0 0 "KDE QDA" 156 3000 3.64949494949495
294.025 16.79 0 0 "KDE QDA" 156 3000 3.65959595959596
294.07 16.79 0 0 "KDE QDA" 156 3000 3.66969696969697
305.83 16.82 0 0 "KDE QDA" 156 3000 3.67979797979798
305.835 16.84 0 0 "KDE QDA" 156 3000 3.68989898989899
305.835 16.845 0 0 "KDE QDA" 156 3000 3.7
