40.445 0 35.6485595051861 "LDA" 41 3 2 1.5
41.998 0 36.7135926311208 "LDA" 41 3 2 1.53535353535354
44.156 0 38.1988850468023 "LDA" 41 3 2 1.57070707070707
46.045 0 39.8558585965033 "LDA" 41 3 2 1.60606060606061
48.374 0 42.4532260305433 "LDA" 41 3 2 1.64141414141414
50.795 0 43.9366977412778 "LDA" 41 3 2 1.67676767676768
52.451 0 45.264229248375 "LDA" 41 3 2 1.71212121212121
54.373 0 46.0891536164538 "LDA" 41 3 2 1.74747474747475
57.075 0 48.2432045140223 "LDA" 41 3 2 1.78282828282828
59.741 0 50.7979561729736 "LDA" 41 3 2 1.81818181818182
63.241 0 54.6457599277206 "LDA" 41 3 2 1.85353535353535
65.617 0 56.2827687757191 "LDA" 41 3 2 1.88888888888889
69.631 0 60.9331082637566 "LDA" 41 3 2 1.92424242424242
72.678 0 63.5590124534992 "LDA" 41 3 2 1.95959595959596
75.025 0 65.9312771627269 "LDA" 41 3 2 1.99494949494949
78.72 0 70.4006239166092 "LDA" 41 3 2 2.03030303030303
82.098 0 74.6764284427487 "LDA" 41 3 2 2.06565656565657
85.562 0 79.2223853613506 "LDA" 41 3 2 2.1010101010101
89.473 0 83.3370886301012 "LDA" 41 3 2 2.13636363636364
93.48 0 87.9904535726457 "LDA" 41 3 2 2.17171717171717
96.239 0 90.1225940647569 "LDA" 41 3 2 2.20707070707071
100.344 0 92.3022392326826 "LDA" 41 3 2 2.24242424242424
104.49 0 95.6278023201233 "LDA" 41 3 2 2.27777777777778
108.378 0 97.969368238818 "LDA" 41 3 2 2.31313131313131
112.857 0 101.886335572423 "LDA" 41 3 2 2.34848484848485
116.885 0 104.961567755563 "LDA" 41 3 2 2.38383838383838
121.719 0 110.451779680703 "LDA" 41 3 2 2.41919191919192
127.014 0 114.776135870508 "LDA" 41 3 2 2.45454545454545
131.484 0 120.770141886027 "LDA" 41 3 2 2.48989898989899
134.724 0 122.700004544071 "LDA" 41 3 2 2.52525252525253
140.29 0 129.521487467199 "LDA" 41 3 2 2.56060606060606
145.616 0 134.080043265215 "LDA" 41 3 2 2.5959595959596
149.237 0 136.013243595738 "LDA" 41 3 2 2.63131313131313
152.509 0 136.976905321998 "LDA" 41 3 2 2.66666666666667
156.477 0 140.261629805859 "LDA" 41 3 2 2.7020202020202
162.594 0 145.583803384195 "LDA" 41 3 2 2.73737373737374
168.385 0 149.871278686662 "LDA" 41 3 2 2.77272727272727
171.256 0 152.684547466451 "LDA" 41 3 2 2.80808080808081
176.976 0 156.766798950713 "LDA" 41 3 2 2.84343434343434
185.711 0 173.055099741517 "LDA" 41 3 2 2.87878787878788
191.463 0 176.693313846784 "LDA" 41 3 2 2.91414141414141
197.115 0 183.044024458298 "LDA" 41 3 2 2.94949494949495
203.528 0 188.19824067667 "LDA" 41 3 2 2.98484848484848
208.66 0 191.670221666992 "LDA" 41 3 2 3.02020202020202
215.577 0 196.685839323502 "LDA" 41 3 2 3.05555555555556
224.191 0 205.142467448724 "LDA" 41 3 2 3.09090909090909
229.769 0 208.487776120788 "LDA" 41 3 2 3.12626262626263
236.56 0 215.203729161567 "LDA" 41 3 2 3.16161616161616
245.381 0 223.226700909634 "LDA" 41 3 2 3.1969696969697
250.68 0 227.168591951372 "LDA" 41 3 2 3.23232323232323
255.57 0 229.831933851277 "LDA" 41 3 2 3.26767676767677
265.073 0 237.106662159122 "LDA" 41 3 2 3.3030303030303
272.936 0 242.951994384849 "LDA" 41 3 2 3.33838383838384
277.209 0 244.017827256574 "LDA" 41 3 2 3.37373737373737
284.775 0 252.359020941298 "LDA" 41 3 2 3.40909090909091
292.159 0 261.519808674848 "LDA" 41 3 2 3.44444444444444
300.7 0 270.174499648394 "LDA" 41 3 2 3.47979797979798
308.708 0 277.282502733805 "LDA" 41 3 2 3.51515151515152
315.415 0 284.03312058383 "LDA" 41 3 2 3.55050505050505
325.312 0 295.493768501509 "LDA" 41 3 2 3.58585858585859
333.233 0 303.087381247837 "LDA" 41 3 2 3.62121212121212
344.559 0 316.078693143431 "LDA" 41 3 2 3.65656565656566
352.951951951952 1 320.259582360749 "LDA" 41 3 2 3.69191919191919
364.854854854855 1 326.469718209468 "LDA" 41 3 2 3.72727272727273
378.852852852853 1 342.937927639678 "LDA" 41 3 2 3.76262626262626
390.024048096192 2 350.021013014219 "LDA" 41 3 2 3.7979797979798
401.545090180361 2 357.092790818725 "LDA" 41 3 2 3.83333333333333
412.588944723618 5 362.812733175834 "LDA" 41 3 2 3.86868686868687
422.430583501006 6 365.624876839926 "LDA" 41 3 2 3.9040404040404
425.209889001009 9 364.341179797245 "LDA" 41 3 2 3.93939393939394
436.989898989899 10 372.654528040313 "LDA" 41 3 2 3.97474747474747
442.991902834008 12 374.810876910041 "LDA" 41 3 2 4.01010101010101
460.766194331984 12 385.803968510473 "LDA" 41 3 2 4.04545454545454
471.093306288032 14 392.941887975445 "LDA" 41 3 2 4.08080808080808
478.373604060914 15 395.658148457425 "LDA" 41 3 2 4.11616161616162
489.506612410987 17 404.116566468534 "LDA" 41 3 2 4.15151515151515
500.813645621181 18 410.023552811906 "LDA" 41 3 2 4.18686868686869
507.958120531154 21 417.152090181119 "LDA" 41 3 2 4.22222222222222
514.300306435138 21 421.270577537624 "LDA" 41 3 2 4.25757575757576
526.683350357508 21 432.112956525193 "LDA" 41 3 2 4.29292929292929
534.909928352098 23 438.322402763117 "LDA" 41 3 2 4.32828282828283
543.205761316872 28 443.662067016447 "LDA" 41 3 2 4.36363636363636
556.333333333333 31 454.676934772124 "LDA" 41 3 2 4.3989898989899
562.252336448598 37 455.5663420155 "LDA" 41 3 2 4.43434343434343
573.164241164241 38 458.680056720122 "LDA" 41 3 2 4.46969696969697
583.244258872651 42 463.001130515177 "LDA" 41 3 2 4.50505050505051
588.37960042061 49 462.964502406699 "LDA" 41 3 2 4.54040404040404
599.288888888889 55 471.948983854804 "LDA" 41 3 2 4.57575757575758
610.729787234043 60 474.858738443332 "LDA" 41 3 2 4.61111111111111
617.774331550802 65 476.834785451582 "LDA" 41 3 2 4.64646464646465
625.983905579399 68 480.445739107124 "LDA" 41 3 2 4.68181818181818
632.226537216828 73 483.46050831098 "LDA" 41 3 2 4.71717171717172
643.54347826087 80 484.193933507822 "LDA" 41 3 2 4.75252525252525
653.727371864777 83 485.262952445722 "LDA" 41 3 2 4.78787878787879
659.289934354486 86 486.115737853245 "LDA" 41 3 2 4.82323232323232
669.282584884995 87 491.214348616053 "LDA" 41 3 2 4.85858585858586
685.093509350935 91 495.985519465537 "LDA" 41 3 2 4.89393939393939
689.050997782705 98 501.396395976282 "LDA" 41 3 2 4.92929292929293
699.581655480984 106 504.64659009539 "LDA" 41 3 2 4.96464646464646
706.822072072072 112 507.250818958576 "LDA" 41 3 2 5
18.957 0 11.5520821327413 "uLSIF" 41 3 2 1.5
19.566 0 11.9151842459786 "uLSIF" 41 3 2 1.53535353535354
20.083 0 12.4967307436497 "uLSIF" 41 3 2 1.57070707070707
20.611 0 12.7144538355502 "uLSIF" 41 3 2 1.60606060606061
21.087 0 12.8485998271219 "uLSIF" 41 3 2 1.64141414141414
21.602 0 13.1645319286673 "uLSIF" 41 3 2 1.67676767676768
22.175 0 13.395215817851 "uLSIF" 41 3 2 1.71212121212121
22.898 0 14.2278609786583 "uLSIF" 41 3 2 1.74747474747475
23.475 0 14.6649389850567 "uLSIF" 41 3 2 1.78282828282828
24.096 0 14.8725241965167 "uLSIF" 41 3 2 1.81818181818182
24.739 0 15.0966482302459 "uLSIF" 41 3 2 1.85353535353535
25.475 0 15.4826705735183 "uLSIF" 41 3 2 1.88888888888889
26.171 0 15.7664942628773 "uLSIF" 41 3 2 1.92424242424242
26.786 0 16.0342539989019 "uLSIF" 41 3 2 1.95959595959596
27.268 0 16.3379651457917 "uLSIF" 41 3 2 1.99494949494949
27.952 0 17.0139698827514 "uLSIF" 41 3 2 2.03030303030303
28.435 0 17.3319985337287 "uLSIF" 41 3 2 2.06565656565657
29.029 0 17.4646263106936 "uLSIF" 41 3 2 2.1010101010101
29.694 0 17.9785870855747 "uLSIF" 41 3 2 2.13636363636364
30.353 0 18.4696919443861 "uLSIF" 41 3 2 2.17171717171717
31.017 0 18.8932704068583 "uLSIF" 41 3 2 2.20707070707071
31.542 0 19.1370442457152 "uLSIF" 41 3 2 2.24242424242424
32.184 0 19.2561403958047 "uLSIF" 41 3 2 2.27777777777778
32.676 0 19.389197120174 "uLSIF" 41 3 2 2.31313131313131
33.381 0 19.8290955928916 "uLSIF" 41 3 2 2.34848484848485
33.943 0 19.9358267495529 "uLSIF" 41 3 2 2.38383838383838
34.487 0 20.1179164319161 "uLSIF" 41 3 2 2.41919191919192
35.137 0 20.3369078480683 "uLSIF" 41 3 2 2.45454545454545
35.623 0 20.4057164604496 "uLSIF" 41 3 2 2.48989898989899
36.172 0 20.4798398392136 "uLSIF" 41 3 2 2.52525252525253
36.843 0 20.8298880274291 "uLSIF" 41 3 2 2.56060606060606
37.532 0 21.0690503079963 "uLSIF" 41 3 2 2.5959595959596
38.178 0 21.6321581509166 "uLSIF" 41 3 2 2.63131313131313
38.798 0 22.0465245616003 "uLSIF" 41 3 2 2.66666666666667
39.393 0 22.3569314393408 "uLSIF" 41 3 2 2.7020202020202
39.958 0 22.8619970017255 "uLSIF" 41 3 2 2.73737373737374
40.431 0 22.9030082475379 "uLSIF" 41 3 2 2.77272727272727
40.998 0 23.1584608795643 "uLSIF" 41 3 2 2.80808080808081
41.603 0 23.6097609435549 "uLSIF" 41 3 2 2.84343434343434
42.3 0 23.8732052713901 "uLSIF" 41 3 2 2.87878787878788
42.911 0 24.298302131764 "uLSIF" 41 3 2 2.91414141414141
43.905 0 24.90627024059 "uLSIF" 41 3 2 2.94949494949495
44.324 0 24.9554362373772 "uLSIF" 41 3 2 2.98484848484848
44.828 0 24.9634049678242 "uLSIF" 41 3 2 3.02020202020202
45.748 0 25.5360252307321 "uLSIF" 41 3 2 3.05555555555556
46.407 0 25.6918162149043 "uLSIF" 41 3 2 3.09090909090909
46.999 0 25.861783210576 "uLSIF" 41 3 2 3.12626262626263
47.504 0 25.9124572250383 "uLSIF" 41 3 2 3.16161616161616
47.894 0 25.9464444959609 "uLSIF" 41 3 2 3.1969696969697
48.382 0 26.0147427979375 "uLSIF" 41 3 2 3.23232323232323
49.202 0 26.545128363597 "uLSIF" 41 3 2 3.26767676767677
49.885 0 26.753944541853 "uLSIF" 41 3 2 3.3030303030303
50.662 0 27.2790377744872 "uLSIF" 41 3 2 3.33838383838384
51.586 0 28.1067001014098 "uLSIF" 41 3 2 3.37373737373737
52.3 0 28.4326293967761 "uLSIF" 41 3 2 3.40909090909091
53.262 0 28.9571385304535 "uLSIF" 41 3 2 3.44444444444444
53.906 0 29.1032328472656 "uLSIF" 41 3 2 3.47979797979798
55.158 0 30.4612692599131 "uLSIF" 41 3 2 3.51515151515152
55.59 0 30.4614477627016 "uLSIF" 41 3 2 3.55050505050505
56.231 0 30.5728693344171 "uLSIF" 41 3 2 3.58585858585859
57.103 0 31.7856054797721 "uLSIF" 41 3 2 3.62121212121212
57.828 0 32.1254799569199 "uLSIF" 41 3 2 3.65656565656566
58.433 0 32.2234365153821 "uLSIF" 41 3 2 3.69191919191919
59.109 0 32.6784791874102 "uLSIF" 41 3 2 3.72727272727273
59.87 0 33.3283344600038 "uLSIF" 41 3 2 3.76262626262626
60.374 0 33.4588645895168 "uLSIF" 41 3 2 3.7979797979798
60.9 0 33.6550540433775 "uLSIF" 41 3 2 3.83333333333333
61.664 0 34.1061333535822 "uLSIF" 41 3 2 3.86868686868687
62.325 0 34.2727880248894 "uLSIF" 41 3 2 3.9040404040404
63.04 0 34.401538713637 "uLSIF" 41 3 2 3.93939393939394
63.922 0 34.8843063687789 "uLSIF" 41 3 2 3.97474747474747
64.538 0 35.4497001008081 "uLSIF" 41 3 2 4.01010101010101
65.323 0 35.6571465922766 "uLSIF" 41 3 2 4.04545454545454
65.743 0 35.7893815374174 "uLSIF" 41 3 2 4.08080808080808
66.294 0 35.8706044591426 "uLSIF" 41 3 2 4.11616161616162
66.791 0 36.027035213382 "uLSIF" 41 3 2 4.15151515151515
67.378 0 36.1929142656825 "uLSIF" 41 3 2 4.18686868686869
67.889 0 36.3482306704587 "uLSIF" 41 3 2 4.22222222222222
68.473 0 36.8057323379516 "uLSIF" 41 3 2 4.25757575757576
69.04 0 36.9857045673371 "uLSIF" 41 3 2 4.29292929292929
69.95 0 37.6137513988474 "uLSIF" 41 3 2 4.32828282828283
70.438 0 37.7374651013058 "uLSIF" 41 3 2 4.36363636363636
70.956 0 37.8251081003452 "uLSIF" 41 3 2 4.3989898989899
71.602 0 38.2129012484242 "uLSIF" 41 3 2 4.43434343434343
72.364 0 38.260179630333 "uLSIF" 41 3 2 4.46969696969697
72.851 0 38.3786883924232 "uLSIF" 41 3 2 4.50505050505051
73.55 0 39.0190207973494 "uLSIF" 41 3 2 4.54040404040404
74.235 0 39.3008184307824 "uLSIF" 41 3 2 4.57575757575758
74.988 0 39.8125972387999 "uLSIF" 41 3 2 4.61111111111111
75.675 0 39.961535247026 "uLSIF" 41 3 2 4.64646464646465
76.4 0 40.0877416054712 "uLSIF" 41 3 2 4.68181818181818
77.088 0 40.1127072794306 "uLSIF" 41 3 2 4.71717171717172
77.757 0 40.3578332632676 "uLSIF" 41 3 2 4.75252525252525
78.41 0 40.6016797238291 "uLSIF" 41 3 2 4.78787878787879
79.188 0 41.2546069984747 "uLSIF" 41 3 2 4.82323232323232
79.693 0 41.3888606848363 "uLSIF" 41 3 2 4.85858585858586
80.274 0 41.4793377413316 "uLSIF" 41 3 2 4.89393939393939
81.023 0 41.8756019304444 "uLSIF" 41 3 2 4.92929292929293
81.842 0 41.9982009720046 "uLSIF" 41 3 2 4.96464646464646
82.321 0 42.0015486510806 "uLSIF" 41 3 2 5
