131.6 15.8 0 0 "KDE LDA" 51 1500 2.5
132.285 15.88 0 0 "KDE LDA" 51 1500 2.51010101010101
134.34 15.92 0 0 "KDE LDA" 51 1500 2.52020202020202
137.62 15.98 0 0 "KDE LDA" 51 1500 2.53030303030303
145.26 16.04 0 0 "KDE LDA" 51 1500 2.54040404040404
145.26 16.04 0 0 "KDE LDA" 51 1500 2.55050505050505
145.29 16.065 0 0 "KDE LDA" 51 1500 2.56060606060606
145.305 16.315 0 0 "KDE LDA" 51 1500 2.57070707070707
146.055 16.33 0 0 "KDE LDA" 51 1500 2.58080808080808
147.04 16.335 0 0 "KDE LDA" 51 1500 2.59090909090909
147.325 16.345 0 0 "KDE LDA" 51 1500 2.6010101010101
148.16 16.395 0 0 "KDE LDA" 51 1500 2.61111111111111
150.83 16.555 0 0 "KDE LDA" 51 1500 2.62121212121212
151.865 16.59 0 0 "KDE LDA" 51 1500 2.63131313131313
153.76 16.77 0 0 "KDE LDA" 51 1500 2.64141414141414
155.38 16.81 0 0 "KDE LDA" 51 1500 2.65151515151515
158.305 17.045 0 0 "KDE LDA" 51 1500 2.66161616161616
167.21 17.5 0 0 "KDE LDA" 51 1500 2.67171717171717
168.455 17.525 0 0 "KDE LDA" 51 1500 2.68181818181818
169.48 17.54 0 0 "KDE LDA" 51 1500 2.69191919191919
171.915 17.555 0 0 "KDE LDA" 51 1500 2.7020202020202
171.915 17.6 0 0 "KDE LDA" 51 1500 2.71212121212121
174.73 17.61 0 0 "KDE LDA" 51 1500 2.72222222222222
176.14 17.86 0 0 "KDE LDA" 51 1500 2.73232323232323
179.45 17.885 0 0 "KDE LDA" 51 1500 2.74242424242424
183.665 18.025 0 0 "KDE LDA" 51 1500 2.75252525252525
186.6 18.06 0 0 "KDE LDA" 51 1500 2.76262626262626
190.38 18.115 0 0 "KDE LDA" 51 1500 2.77272727272727
199.76 18.64 0 0 "KDE LDA" 51 1500 2.78282828282828
200.6 18.725 0 0 "KDE LDA" 51 1500 2.79292929292929
233.805 19.225 0 0 "KDE LDA" 51 1500 2.8030303030303
234.495 19.245 0 0 "KDE LDA" 51 1500 2.81313131313131
236.18 19.245 0 0 "KDE LDA" 51 1500 2.82323232323232
239.66 19.28 0 0 "KDE LDA" 51 1500 2.83333333333333
241.76 19.285 0 0 "KDE LDA" 51 1500 2.84343434343434
241.765 19.29 0 0 "KDE LDA" 51 1500 2.85353535353535
242.6 19.315 0 0 "KDE LDA" 51 1500 2.86363636363636
242.6 19.34 0 0 "KDE LDA" 51 1500 2.87373737373737
243.44 19.35 0 0 "KDE LDA" 51 1500 2.88383838383838
244.395 19.455 0 0 "KDE LDA" 51 1500 2.89393939393939
244.4 19.455 0 0 "KDE LDA" 51 1500 2.9040404040404
246.13 19.465 0 0 "KDE LDA" 51 1500 2.91414141414141
250.075 19.695 0 0 "KDE LDA" 51 1500 2.92424242424242
257.11 19.705 0 0 "KDE LDA" 51 1500 2.93434343434343
257.115 19.725 0 0 "KDE LDA" 51 1500 2.94444444444444
271.035 19.74 0 0 "KDE LDA" 51 1500 2.95454545454545
271.06 19.785 0 0 "KDE LDA" 51 1500 2.96464646464646
271.09 19.79 0 0 "KDE LDA" 51 1500 2.97474747474747
271.095 19.825 0 0 "KDE LDA" 51 1500 2.98484848484848
271.095 19.845 0 0 "KDE LDA" 51 1500 2.99494949494949
271.095 19.85 0 0 "KDE LDA" 51 1500 3.00505050505051
271.155 19.87 0 0 "KDE LDA" 51 1500 3.01515151515152
272.535 19.875 0 0 "KDE LDA" 51 1500 3.02525252525253
275.035 19.905 0 0 "KDE LDA" 51 1500 3.03535353535354
275.84 19.935 0 0 "KDE LDA" 51 1500 3.04545454545455
283.8 20.015 0 0 "KDE LDA" 51 1500 3.05555555555556
289.715 20.03 0 0 "KDE LDA" 51 1500 3.06565656565657
293.41 20.1 0 0 "KDE LDA" 51 1500 3.07575757575758
297.945 20.29 0 0 "KDE LDA" 51 1500 3.08585858585859
311.6 20.6 0 0 "KDE LDA" 51 1500 3.0959595959596
316.64 20.625 0 0 "KDE LDA" 51 1500 3.10606060606061
323.78 20.64 0 0 "KDE LDA" 51 1500 3.11616161616162
324.96 20.655 0 0 "KDE LDA" 51 1500 3.12626262626263
329.095 20.67 0 0 "KDE LDA" 51 1500 3.13636363636364
332.175 20.965 0 0 "KDE LDA" 51 1500 3.14646464646465
332.51 20.995 0 0 "KDE LDA" 51 1500 3.15656565656566
333.99 21 0 0 "KDE LDA" 51 1500 3.16666666666667
334.005 21.045 0 0 "KDE LDA" 51 1500 3.17676767676768
338.86 21.065 0 0 "KDE LDA" 51 1500 3.18686868686869
347.13 21.075 0 0 "KDE LDA" 51 1500 3.1969696969697
356.09 21.14 0 0 "KDE LDA" 51 1500 3.20707070707071
360.195 21.18 0 0 "KDE LDA" 51 1500 3.21717171717172
376.205 21.67 0 0 "KDE LDA" 51 1500 3.22727272727273
376.205 21.69 0 0 "KDE LDA" 51 1500 3.23737373737374
380.035 21.71 0 0 "KDE LDA" 51 1500 3.24747474747475
383.965 22.26 0 0 "KDE LDA" 51 1500 3.25757575757576
385.765 22.27 0 0 "KDE LDA" 51 1500 3.26767676767677
386.2 22.315 0 0 "KDE LDA" 51 1500 3.27777777777778
387.84 22.33 0 0 "KDE LDA" 51 1500 3.28787878787879
387.84 22.34 0 0 "KDE LDA" 51 1500 3.2979797979798
390.16 22.375 0 0 "KDE LDA" 51 1500 3.30808080808081
390.975 22.475 0 0 "KDE LDA" 51 1500 3.31818181818182
396.959798994975 22.565 1 0 "KDE LDA" 51 1500 3.32828282828283
409.457286432161 22.65 1 0 "KDE LDA" 51 1500 3.33838383838384
415.698492462312 22.7 1 0 "KDE LDA" 51 1500 3.34848484848485
489.120603015075 23.305 1 0 "KDE LDA" 51 1500 3.35858585858586
493.291457286432 23.35 1 0 "KDE LDA" 51 1500 3.36868686868687
493.819095477387 23.36 1 0 "KDE LDA" 51 1500 3.37878787878788
502.552763819096 23.41 1 0 "KDE LDA" 51 1500 3.38888888888889
504.899497487437 23.51 1 0 "KDE LDA" 51 1500 3.3989898989899
505.969849246231 23.55 1 0 "KDE LDA" 51 1500 3.40909090909091
505.969849246231 23.615 1 0 "KDE LDA" 51 1500 3.41919191919192
509.246231155779 23.705 1 0 "KDE LDA" 51 1500 3.42929292929293
516.185929648241 23.86 1 0 "KDE LDA" 51 1500 3.43939393939394
517.663316582915 23.895 1 0 "KDE LDA" 51 1500 3.44949494949495
517.688442211055 23.945 1 0 "KDE LDA" 51 1500 3.45959595959596
522.346733668342 24.005 1 0 "KDE LDA" 51 1500 3.46969696969697
523.346733668342 24.045 1 0 "KDE LDA" 51 1500 3.47979797979798
529.537688442211 24.07 1 0 "KDE LDA" 51 1500 3.48989898989899
537.884422110553 24.11 1 0 "KDE LDA" 51 1500 3.5
104.145 13.18 0 0 "KDE QDA" 51 1500 2.8
104.15 13.19 0 0 "KDE QDA" 51 1500 2.81010101010101
104.16 13.19 0 0 "KDE QDA" 51 1500 2.82020202020202
107.74 13.235 0 0 "KDE QDA" 51 1500 2.83030303030303
107.955 13.24 0 0 "KDE QDA" 51 1500 2.84040404040404
107.955 13.255 0 0 "KDE QDA" 51 1500 2.85050505050505
108.26 13.26 0 0 "KDE QDA" 51 1500 2.86060606060606
109.535 13.26 0 0 "KDE QDA" 51 1500 2.87070707070707
110.08 13.275 0 0 "KDE QDA" 51 1500 2.88080808080808
110.365 13.275 0 0 "KDE QDA" 51 1500 2.89090909090909
110.365 13.28 0 0 "KDE QDA" 51 1500 2.9010101010101
110.89 13.285 0 0 "KDE QDA" 51 1500 2.91111111111111
111.09 13.285 0 0 "KDE QDA" 51 1500 2.92121212121212
111.505 13.285 0 0 "KDE QDA" 51 1500 2.93131313131313
111.535 13.29 0 0 "KDE QDA" 51 1500 2.94141414141414
112.32 13.29 0 0 "KDE QDA" 51 1500 2.95151515151515
113.605 13.46 0 0 "KDE QDA" 51 1500 2.96161616161616
116.475 13.46 0 0 "KDE QDA" 51 1500 2.97171717171717
116.57 13.465 0 0 "KDE QDA" 51 1500 2.98181818181818
117.065 13.475 0 0 "KDE QDA" 51 1500 2.99191919191919
117.075 13.475 0 0 "KDE QDA" 51 1500 3.0020202020202
117.64 13.48 0 0 "KDE QDA" 51 1500 3.01212121212121
117.655 13.555 0 0 "KDE QDA" 51 1500 3.02222222222222
117.68 13.555 0 0 "KDE QDA" 51 1500 3.03232323232323
117.905 13.56 0 0 "KDE QDA" 51 1500 3.04242424242424
117.905 13.575 0 0 "KDE QDA" 51 1500 3.05252525252525
117.915 13.62 0 0 "KDE QDA" 51 1500 3.06262626262626
117.97 13.635 0 0 "KDE QDA" 51 1500 3.07272727272727
118.41 13.68 0 0 "KDE QDA" 51 1500 3.08282828282828
120.595 13.975 0 0 "KDE QDA" 51 1500 3.09292929292929
120.67 14.1 0 0 "KDE QDA" 51 1500 3.1030303030303
121.31 14.125 0 0 "KDE QDA" 51 1500 3.11313131313131
122.245 14.31 0 0 "KDE QDA" 51 1500 3.12323232323232
122.77 14.325 0 0 "KDE QDA" 51 1500 3.13333333333333
122.8 14.365 0 0 "KDE QDA" 51 1500 3.14343434343434
123.53 14.495 0 0 "KDE QDA" 51 1500 3.15353535353535
123.54 14.495 0 0 "KDE QDA" 51 1500 3.16363636363636
123.54 14.51 0 0 "KDE QDA" 51 1500 3.17373737373737
124.53 14.515 0 0 "KDE QDA" 51 1500 3.18383838383838
124.74 14.53 0 0 "KDE QDA" 51 1500 3.19393939393939
127.3 14.535 0 0 "KDE QDA" 51 1500 3.2040404040404
127.31 14.535 0 0 "KDE QDA" 51 1500 3.21414141414141
145.435 14.84 0 0 "KDE QDA" 51 1500 3.22424242424242
146.235 14.865 0 0 "KDE QDA" 51 1500 3.23434343434343
146.275 14.875 0 0 "KDE QDA" 51 1500 3.24444444444444
146.75 15.07 0 0 "KDE QDA" 51 1500 3.25454545454545
147.985 15.14 0 0 "KDE QDA" 51 1500 3.26464646464646
147.985 15.145 0 0 "KDE QDA" 51 1500 3.27474747474747
147.99 15.15 0 0 "KDE QDA" 51 1500 3.28484848484848
148.2 15.275 0 0 "KDE QDA" 51 1500 3.29494949494949
148.22 15.28 0 0 "KDE QDA" 51 1500 3.30505050505051
149.855 15.285 0 0 "KDE QDA" 51 1500 3.31515151515151
150.255 15.285 0 0 "KDE QDA" 51 1500 3.32525252525252
151.51 15.285 0 0 "KDE QDA" 51 1500 3.33535353535354
151.515 15.285 0 0 "KDE QDA" 51 1500 3.34545454545455
157.225 15.31 0 0 "KDE QDA" 51 1500 3.35555555555556
177.275 16.34 0 0 "KDE QDA" 51 1500 3.36565656565657
178.225 16.34 0 0 "KDE QDA" 51 1500 3.37575757575758
183.88 16.395 0 0 "KDE QDA" 51 1500 3.38585858585859
185.48 16.425 0 0 "KDE QDA" 51 1500 3.3959595959596
187.925 16.43 0 0 "KDE QDA" 51 1500 3.40606060606061
189.03 16.435 0 0 "KDE QDA" 51 1500 3.41616161616162
191.24 16.435 0 0 "KDE QDA" 51 1500 3.42626262626263
193.185 16.44 0 0 "KDE QDA" 51 1500 3.43636363636364
195.825 16.445 0 0 "KDE QDA" 51 1500 3.44646464646465
195.875 16.445 0 0 "KDE QDA" 51 1500 3.45656565656566
195.88 16.595 0 0 "KDE QDA" 51 1500 3.46666666666667
198.035 16.595 0 0 "KDE QDA" 51 1500 3.47676767676768
198.035 16.595 0 0 "KDE QDA" 51 1500 3.48686868686869
201.155 16.62 0 0 "KDE QDA" 51 1500 3.4969696969697
203.185 16.64 0 0 "KDE QDA" 51 1500 3.50707070707071
207.54 16.84 0 0 "KDE QDA" 51 1500 3.51717171717172
207.63 16.9 0 0 "KDE QDA" 51 1500 3.52727272727273
212.08 16.915 0 0 "KDE QDA" 51 1500 3.53737373737374
213.93 16.945 0 0 "KDE QDA" 51 1500 3.54747474747475
214.84 16.96 0 0 "KDE QDA" 51 1500 3.55757575757576
215.155 16.965 0 0 "KDE QDA" 51 1500 3.56767676767677
215.885 16.97 0 0 "KDE QDA" 51 1500 3.57777777777778
217.44 16.975 0 0 "KDE QDA" 51 1500 3.58787878787879
219.15 16.995 0 0 "KDE QDA" 51 1500 3.5979797979798
219.15 16.995 0 0 "KDE QDA" 51 1500 3.60808080808081
219.72 17 0 0 "KDE QDA" 51 1500 3.61818181818182
222.26 17.005 0 0 "KDE QDA" 51 1500 3.62828282828283
222.855 17.005 0 0 "KDE QDA" 51 1500 3.63838383838384
223.04 17.045 0 0 "KDE QDA" 51 1500 3.64848484848485
224.615 17.44 0 0 "KDE QDA" 51 1500 3.65858585858586
225.38 17.455 0 0 "KDE QDA" 51 1500 3.66868686868687
231.07 17.49 0 0 "KDE QDA" 51 1500 3.67878787878788
231.09 17.595 0 0 "KDE QDA" 51 1500 3.68888888888889
231.835 17.595 0 0 "KDE QDA" 51 1500 3.6989898989899
234.505 17.62 0 0 "KDE QDA" 51 1500 3.70909090909091
234.51 17.625 0 0 "KDE QDA" 51 1500 3.71919191919192
234.6 17.625 0 0 "KDE QDA" 51 1500 3.72929292929293
238.14 17.64 0 0 "KDE QDA" 51 1500 3.73939393939394
238.16 17.65 0 0 "KDE QDA" 51 1500 3.74949494949495
238.175 17.66 0 0 "KDE QDA" 51 1500 3.75959595959596
238.35 17.66 0 0 "KDE QDA" 51 1500 3.76969696969697
238.35 17.67 0 0 "KDE QDA" 51 1500 3.77979797979798
256.29 18.03 0 0 "KDE QDA" 51 1500 3.78989898989899
259.335 18.045 0 0 "KDE QDA" 51 1500 3.8
