40.754 0 31.913726983384 "LDA" 13 3 3 1.5
42.484 0 33.360825659577 "LDA" 13 3 3 1.53535353535354
44.457 0 35.4651932312645 "LDA" 13 3 3 1.57070707070707
46.617 0 37.4117354442286 "LDA" 13 3 3 1.60606060606061
48.842 0 39.4666016860921 "LDA" 13 3 3 1.64141414141414
50.923 0 40.891994647195 "LDA" 13 3 3 1.67676767676768
53.264 0 43.1379320921296 "LDA" 13 3 3 1.71212121212121
55.789 0 45.7300964433787 "LDA" 13 3 3 1.74747474747475
58.293 0 47.5482911469065 "LDA" 13 3 3 1.78282828282828
60.31 0 49.8266454278692 "LDA" 13 3 3 1.81818181818182
63.031 0 53.351161050022 "LDA" 13 3 3 1.85353535353535
66.333 0 56.3963177490841 "LDA" 13 3 3 1.88888888888889
68.31 0 57.5325115903164 "LDA" 13 3 3 1.92424242424242
71.237 0 59.6800178915484 "LDA" 13 3 3 1.95959595959596
72.815 0 60.0784503394952 "LDA" 13 3 3 1.99494949494949
75.882 0 62.944356919966 "LDA" 13 3 3 2.03030303030303
79.673 0 67.3276992781581 "LDA" 13 3 3 2.06565656565657
82.508 0 70.3530488855137 "LDA" 13 3 3 2.1010101010101
84.435 0 73.469241894173 "LDA" 13 3 3 2.13636363636364
88.028 0 77.4981753538958 "LDA" 13 3 3 2.17171717171717
90.278 0 79.1920456617715 "LDA" 13 3 3 2.20707070707071
93.551 0 81.5765783612989 "LDA" 13 3 3 2.24242424242424
96.801 0 83.1212159170902 "LDA" 13 3 3 2.27777777777778
98.331 0 84.0828720273539 "LDA" 13 3 3 2.31313131313131
101.196 0 88.3605068068487 "LDA" 13 3 3 2.34848484848485
103.79 0 91.5081725620485 "LDA" 13 3 3 2.38383838383838
107.06 0 93.605643079979 "LDA" 13 3 3 2.41919191919192
109.909 0 95.3235400952792 "LDA" 13 3 3 2.45454545454545
112.58 0 96.5132862066898 "LDA" 13 3 3 2.48989898989899
117.552 0 103.353506197145 "LDA" 13 3 3 2.52525252525253
121.501 0 107.519386239959 "LDA" 13 3 3 2.56060606060606
124.288 0 110.478144791069 "LDA" 13 3 3 2.5959595959596
128.812 0 112.660423516988 "LDA" 13 3 3 2.63131313131313
133.835 0 121.079122597287 "LDA" 13 3 3 2.66666666666667
136.732 0 122.700658627522 "LDA" 13 3 3 2.7020202020202
141.249 0 127.749234306378 "LDA" 13 3 3 2.73737373737374
145.392 0 129.573058594422 "LDA" 13 3 3 2.77272727272727
148.923 0 132.972292985049 "LDA" 13 3 3 2.80808080808081
155.987 0 140.139501607901 "LDA" 13 3 3 2.84343434343434
161.53 0 145.797633897296 "LDA" 13 3 3 2.87878787878788
164.848 0 147.434975389044 "LDA" 13 3 3 2.91414141414141
170.71 0 151.919562444912 "LDA" 13 3 3 2.94949494949495
174.802 0 158.439647556784 "LDA" 13 3 3 2.98484848484848
180.819 0 163.786049800064 "LDA" 13 3 3 3.02020202020202
188.863 0 173.215530051006 "LDA" 13 3 3 3.05555555555556
192.715 0 175.950505413754 "LDA" 13 3 3 3.09090909090909
201.554 0 186.04534381154 "LDA" 13 3 3 3.12626262626263
206.693 0 188.15139568629 "LDA" 13 3 3 3.16161616161616
212.382 0 191.131921686273 "LDA" 13 3 3 3.1969696969697
219.176 0 194.203547964609 "LDA" 13 3 3 3.23232323232323
226.795 0 201.231948935233 "LDA" 13 3 3 3.26767676767677
236.196 0 211.364814168936 "LDA" 13 3 3 3.3030303030303
242.462 0 213.250191559586 "LDA" 13 3 3 3.33838383838384
247.835 0 221.286256650481 "LDA" 13 3 3 3.37373737373737
257.466 0 229.192495610227 "LDA" 13 3 3 3.40909090909091
268.604 0 238.842225732371 "LDA" 13 3 3 3.44444444444444
275.623 0 244.478130775387 "LDA" 13 3 3 3.47979797979798
282.607 0 252.231102523222 "LDA" 13 3 3 3.51515151515152
296.003 0 266.492448703929 "LDA" 13 3 3 3.55050505050505
301.417 0 270.642946916626 "LDA" 13 3 3 3.58585858585859
307.136 0 277.91692881745 "LDA" 13 3 3 3.62121212121212
313.486 0 283.698044378851 "LDA" 13 3 3 3.65656565656566
317.769539078156 2 285.080940122716 "LDA" 13 3 3 3.69191919191919
324.239478957916 2 291.064045530069 "LDA" 13 3 3 3.72727272727273
338.64629258517 2 307.869584702414 "LDA" 13 3 3 3.76262626262626
344.404212637914 3 309.939941232154 "LDA" 13 3 3 3.7979797979798
350.51554663992 3 312.859747964825 "LDA" 13 3 3 3.83333333333333
359.650952858576 3 323.090539195541 "LDA" 13 3 3 3.86868686868687
365.50852557673 3 329.629799009606 "LDA" 13 3 3 3.9040404040404
375.656970912738 3 335.374044438122 "LDA" 13 3 3 3.93939393939394
379.722891566265 4 339.709224638654 "LDA" 13 3 3 3.97474747474747
387.120481927711 4 342.089611143675 "LDA" 13 3 3 4.01010101010101
391.458291457286 5 342.62624165102 "LDA" 13 3 3 4.04545454545454
398.823115577889 5 346.4068026263 "LDA" 13 3 3 4.08080808080808
409.803625377644 7 355.458485035338 "LDA" 13 3 3 4.11616161616162
416.818365287588 9 360.086304618055 "LDA" 13 3 3 4.15151515151515
424.163636363636 10 362.538847666913 "LDA" 13 3 3 4.18686868686869
431.769696969697 10 368.19571208432 "LDA" 13 3 3 4.22222222222222
442.130303030303 10 375.348727896846 "LDA" 13 3 3 4.25757575757576
450.00404040404 10 382.822979659196 "LDA" 13 3 3 4.29292929292929
456.021255060729 12 390.869073705993 "LDA" 13 3 3 4.32828282828283
466.258620689655 14 399.306626264078 "LDA" 13 3 3 4.36363636363636
470.219289340102 15 402.548020961958 "LDA" 13 3 3 4.3989898989899
483.506598984772 15 412.320838410709 "LDA" 13 3 3 4.43434343434343
491.674111675127 15 414.692694514856 "LDA" 13 3 3 4.46969696969697
498.537055837563 15 418.386798437973 "LDA" 13 3 3 4.50505050505051
507.150253807107 15 423.900648644438 "LDA" 13 3 3 4.54040404040404
515.854674796748 16 429.432271146488 "LDA" 13 3 3 4.57575757575758
522.530071355759 19 435.690664890059 "LDA" 13 3 3 4.61111111111111
526.282941777324 21 436.299802912634 "LDA" 13 3 3 4.64646464646465
534.589743589744 25 437.27741524389 "LDA" 13 3 3 4.68181818181818
547.015384615385 25 442.752359354289 "LDA" 13 3 3 4.71717171717172
556.572895277207 26 451.211194405992 "LDA" 13 3 3 4.75252525252525
565.421215242019 29 454.213802151491 "LDA" 13 3 3 4.78787878787879
577.402489626556 36 460.880123118582 "LDA" 13 3 3 4.82323232323232
580.471264367816 43 461.411156899198 "LDA" 13 3 3 4.85858585858586
593.675026123302 43 469.407672169462 "LDA" 13 3 3 4.89393939393939
601.269109947644 45 468.996041606652 "LDA" 13 3 3 4.92929292929293
604.757607555089 47 467.877956919046 "LDA" 13 3 3 4.96464646464646
613.645127118644 56 474.281154023777 "LDA" 13 3 3 5
24.302 0 19.3660486377536 "uLSIF" 13 3 3 1.5
25.182 0 20.1324661229615 "uLSIF" 13 3 3 1.53535353535354
26.246 0 20.7299110758636 "uLSIF" 13 3 3 1.57070707070707
27.531 0 22.1641216222815 "uLSIF" 13 3 3 1.60606060606061
28.476 0 22.8643872475123 "uLSIF" 13 3 3 1.64141414141414
29.668 0 24.048286760102 "uLSIF" 13 3 3 1.67676767676768
30.877 0 25.3590013594769 "uLSIF" 13 3 3 1.71212121212121
31.578 0 25.7390834416538 "uLSIF" 13 3 3 1.74747474747475
32.76 0 26.9885676311801 "uLSIF" 13 3 3 1.78282828282828
33.446 0 27.3080723379519 "uLSIF" 13 3 3 1.81818181818182
34.494 0 28.2986709719516 "uLSIF" 13 3 3 1.85353535353535
35.652 0 29.5190153675265 "uLSIF" 13 3 3 1.88888888888889
36.751 0 30.1065009657449 "uLSIF" 13 3 3 1.92424242424242
37.978 0 30.8493954754579 "uLSIF" 13 3 3 1.95959595959596
39.159 0 31.535887988627 "uLSIF" 13 3 3 1.99494949494949
40.274 0 32.071630976823 "uLSIF" 13 3 3 2.03030303030303
41.464 0 33.6454561675231 "uLSIF" 13 3 3 2.06565656565657
42.707 0 34.3382332868956 "uLSIF" 13 3 3 2.1010101010101
43.56 0 34.6600594304124 "uLSIF" 13 3 3 2.13636363636364
44.614 0 34.9522053762085 "uLSIF" 13 3 3 2.17171717171717
45.866 0 35.8149236038939 "uLSIF" 13 3 3 2.20707070707071
46.768 0 36.0901465039237 "uLSIF" 13 3 3 2.24242424242424
47.894 0 36.5714401443836 "uLSIF" 13 3 3 2.27777777777778
49.313 0 37.928374505014 "uLSIF" 13 3 3 2.31313131313131
50.64 0 40.0270479121876 "uLSIF" 13 3 3 2.34848484848485
52.282 0 41.8114658278644 "uLSIF" 13 3 3 2.38383838383838
53.944 0 43.4160778954044 "uLSIF" 13 3 3 2.41919191919192
55.443 0 44.9159458677338 "uLSIF" 13 3 3 2.45454545454545
56.681 0 45.5812119835123 "uLSIF" 13 3 3 2.48989898989899
58.033 0 46.5219109581625 "uLSIF" 13 3 3 2.52525252525253
59.648 0 48.5362118408499 "uLSIF" 13 3 3 2.56060606060606
60.644 0 49.6303176741035 "uLSIF" 13 3 3 2.5959595959596
62.273 0 51.5886407928999 "uLSIF" 13 3 3 2.63131313131313
64.122 0 52.7358909111261 "uLSIF" 13 3 3 2.66666666666667
66.063 0 55.1343706759207 "uLSIF" 13 3 3 2.7020202020202
68.013 0 58.2065015941332 "uLSIF" 13 3 3 2.73737373737374
70 0 61.799200165869 "uLSIF" 13 3 3 2.77272727272727
72.119 0 63.6580016979812 "uLSIF" 13 3 3 2.80808080808081
73.552 0 64.6290043572095 "uLSIF" 13 3 3 2.84343434343434
75.53 0 66.7691936841027 "uLSIF" 13 3 3 2.87878787878788
77.189 0 67.9420149568468 "uLSIF" 13 3 3 2.91414141414141
79.166 0 70.0553366574895 "uLSIF" 13 3 3 2.94949494949495
81.221 0 71.3417676176222 "uLSIF" 13 3 3 2.98484848484848
84.208 0 74.0053479657216 "uLSIF" 13 3 3 3.02020202020202
86.524 0 75.8479949790523 "uLSIF" 13 3 3 3.05555555555556
89.038 0 77.6932351932573 "uLSIF" 13 3 3 3.09090909090909
90.945 0 79.3728166252088 "uLSIF" 13 3 3 3.12626262626263
93.87 0 81.9311895423215 "uLSIF" 13 3 3 3.16161616161616
96.501 0 84.4494861719994 "uLSIF" 13 3 3 3.1969696969697
98.836 0 86.1794058577454 "uLSIF" 13 3 3 3.23232323232323
100.191 0 86.7466743138001 "uLSIF" 13 3 3 3.26767676767677
102.814 0 88.218648447672 "uLSIF" 13 3 3 3.3030303030303
104.228 0 88.6889381137453 "uLSIF" 13 3 3 3.33838383838384
106.577 0 90.8445419483295 "uLSIF" 13 3 3 3.37373737373737
109.146 0 92.6357277839499 "uLSIF" 13 3 3 3.40909090909091
112.328 0 94.9318095501422 "uLSIF" 13 3 3 3.44444444444444
114.951 0 98.9371171611148 "uLSIF" 13 3 3 3.47979797979798
117.086 0 100.145562746123 "uLSIF" 13 3 3 3.51515151515152
120.451 0 103.806046520876 "uLSIF" 13 3 3 3.55050505050505
124.046 0 107.897273856691 "uLSIF" 13 3 3 3.58585858585859
126.555 0 108.945858917056 "uLSIF" 13 3 3 3.62121212121212
128.915 0 111.105194024128 "uLSIF" 13 3 3 3.65656565656566
131.351 0 112.890726435412 "uLSIF" 13 3 3 3.69191919191919
134.039 0 114.408648352377 "uLSIF" 13 3 3 3.72727272727273
136.168 0 117.474584715393 "uLSIF" 13 3 3 3.76262626262626
139.411 0 119.687790715036 "uLSIF" 13 3 3 3.7979797979798
141.765 0 121.705974048603 "uLSIF" 13 3 3 3.83333333333333
143.875 0 122.945601775728 "uLSIF" 13 3 3 3.86868686868687
147.719 0 126.264217780382 "uLSIF" 13 3 3 3.9040404040404
150.118 0 128.934713076953 "uLSIF" 13 3 3 3.93939393939394
153.577 0 130.73153715078 "uLSIF" 13 3 3 3.97474747474747
156.142 0 134.110609168296 "uLSIF" 13 3 3 4.01010101010101
160.315 0 140.667576726629 "uLSIF" 13 3 3 4.04545454545454
163.668 0 144.146987932909 "uLSIF" 13 3 3 4.08080808080808
166.768 0 146.198002831886 "uLSIF" 13 3 3 4.11616161616162
169.582 0 147.201982662258 "uLSIF" 13 3 3 4.15151515151515
174.748 0 152.307853304346 "uLSIF" 13 3 3 4.18686868686869
177.286 0 153.306082589566 "uLSIF" 13 3 3 4.22222222222222
183.07 0 156.895925477469 "uLSIF" 13 3 3 4.25757575757576
187.518 0 160.93305790025 "uLSIF" 13 3 3 4.29292929292929
190.546 0 162.674696683107 "uLSIF" 13 3 3 4.32828282828283
194.972 0 166.658045470719 "uLSIF" 13 3 3 4.36363636363636
200.444 0 170.726454852159 "uLSIF" 13 3 3 4.3989898989899
204.191 0 173.458953437197 "uLSIF" 13 3 3 4.43434343434343
208.21 0 176.478436468988 "uLSIF" 13 3 3 4.46969696969697
213.489 0 183.940386932682 "uLSIF" 13 3 3 4.50505050505051
218.485 0 187.493876509951 "uLSIF" 13 3 3 4.54040404040404
223.96 0 195.518730493971 "uLSIF" 13 3 3 4.57575757575758
227.618 0 198.248012222949 "uLSIF" 13 3 3 4.61111111111111
234.793 0 210.325183546417 "uLSIF" 13 3 3 4.64646464646465
239.293 0 212.952003293481 "uLSIF" 13 3 3 4.68181818181818
243.901 0 218.351410660746 "uLSIF" 13 3 3 4.71717171717172
248.974 0 220.916430790907 "uLSIF" 13 3 3 4.75252525252525
252.527527527528 1 223.987794437793 "uLSIF" 13 3 3 4.78787878787879
255.365365365365 1 225.324761484213 "uLSIF" 13 3 3 4.82323232323232
262.686686686687 1 236.458711782181 "uLSIF" 13 3 3 4.85858585858586
267.570570570571 1 241.121890975062 "uLSIF" 13 3 3 4.89393939393939
274.093093093093 1 249.441778264648 "uLSIF" 13 3 3 4.92929292929293
275.693386773547 2 249.284134906538 "uLSIF" 13 3 3 4.96464646464646
281.369739478958 2 254.855103809883 "uLSIF" 13 3 3 5
