151.745 13.605 0 0 "KDE LDA" 3 600 2.3
151.75 13.625 0 0 "KDE LDA" 3 600 2.31010101010101
153.16 13.625 0 0 "KDE LDA" 3 600 2.32020202020202
153.17 13.64 0 0 "KDE LDA" 3 600 2.33030303030303
154.9 13.64 0 0 "KDE LDA" 3 600 2.34040404040404
154.9 13.66 0 0 "KDE LDA" 3 600 2.35050505050505
155.38 13.665 0 0 "KDE LDA" 3 600 2.36060606060606
155.385 13.685 0 0 "KDE LDA" 3 600 2.37070707070707
158.505 13.73 0 0 "KDE LDA" 3 600 2.38080808080808
158.9 13.73 0 0 "KDE LDA" 3 600 2.39090909090909
159.16 13.88 0 0 "KDE LDA" 3 600 2.4010101010101
162.045 13.88 0 0 "KDE LDA" 3 600 2.41111111111111
162.98 13.94 0 0 "KDE LDA" 3 600 2.42121212121212
163.99 14.095 0 0 "KDE LDA" 3 600 2.43131313131313
164.015 14.1 0 0 "KDE LDA" 3 600 2.44141414141414
164.055 14.12 0 0 "KDE LDA" 3 600 2.45151515151515
167.5 14.22 0 0 "KDE LDA" 3 600 2.46161616161616
168.56 14.24 0 0 "KDE LDA" 3 600 2.47171717171717
168.56 14.295 0 0 "KDE LDA" 3 600 2.48181818181818
169.635 14.36 0 0 "KDE LDA" 3 600 2.49191919191919
169.65 14.365 0 0 "KDE LDA" 3 600 2.5020202020202
169.765 14.445 0 0 "KDE LDA" 3 600 2.51212121212121
170.6 14.56 0 0 "KDE LDA" 3 600 2.52222222222222
177.98 14.65 0 0 "KDE LDA" 3 600 2.53232323232323
178.1 14.69 0 0 "KDE LDA" 3 600 2.54242424242424
180.99 14.7 0 0 "KDE LDA" 3 600 2.55252525252525
181.605 14.725 0 0 "KDE LDA" 3 600 2.56262626262626
181.725 14.76 0 0 "KDE LDA" 3 600 2.57272727272727
182.025 14.78 0 0 "KDE LDA" 3 600 2.58282828282828
183.505 14.895 0 0 "KDE LDA" 3 600 2.59292929292929
186.385 14.955 0 0 "KDE LDA" 3 600 2.6030303030303
187.76 14.975 0 0 "KDE LDA" 3 600 2.61313131313131
188.385 15.185 0 0 "KDE LDA" 3 600 2.62323232323232
188.395 15.26 0 0 "KDE LDA" 3 600 2.63333333333333
191.335 15.285 0 0 "KDE LDA" 3 600 2.64343434343434
191.935 15.395 0 0 "KDE LDA" 3 600 2.65353535353535
197.165 15.5 0 0 "KDE LDA" 3 600 2.66363636363636
201.83 15.695 0 0 "KDE LDA" 3 600 2.67373737373737
203.64 15.71 0 0 "KDE LDA" 3 600 2.68383838383838
207.67 15.87 0 0 "KDE LDA" 3 600 2.69393939393939
207.705 15.885 0 0 "KDE LDA" 3 600 2.7040404040404
207.71 15.91 0 0 "KDE LDA" 3 600 2.71414141414141
209.59 15.925 0 0 "KDE LDA" 3 600 2.72424242424242
210.87 15.965 0 0 "KDE LDA" 3 600 2.73434343434343
210.87 16.005 0 0 "KDE LDA" 3 600 2.74444444444444
211.575 16.035 0 0 "KDE LDA" 3 600 2.75454545454545
215.005 16.085 0 0 "KDE LDA" 3 600 2.76464646464646
218.845 16.105 0 0 "KDE LDA" 3 600 2.77474747474747
222.735 16.145 0 0 "KDE LDA" 3 600 2.78484848484848
232.025 16.265 0 0 "KDE LDA" 3 600 2.79494949494949
279.34 16.945 0 0 "KDE LDA" 3 600 2.80505050505051
280.575 16.95 0 0 "KDE LDA" 3 600 2.81515151515151
283.785 16.985 0 0 "KDE LDA" 3 600 2.82525252525252
284.43 16.995 0 0 "KDE LDA" 3 600 2.83535353535354
286.005 17 0 0 "KDE LDA" 3 600 2.84545454545455
286.01 17.045 0 0 "KDE LDA" 3 600 2.85555555555556
293.925 17.06 0 0 "KDE LDA" 3 600 2.86565656565657
295.735 17.06 0 0 "KDE LDA" 3 600 2.87575757575758
295.75 17.075 0 0 "KDE LDA" 3 600 2.88585858585859
296.6 17.08 0 0 "KDE LDA" 3 600 2.8959595959596
296.6 17.1 0 0 "KDE LDA" 3 600 2.90606060606061
297.59 17.11 0 0 "KDE LDA" 3 600 2.91616161616162
297.83 17.11 0 0 "KDE LDA" 3 600 2.92626262626263
297.84 17.145 0 0 "KDE LDA" 3 600 2.93636363636364
300.585 17.39 0 0 "KDE LDA" 3 600 2.94646464646465
303.36 17.495 0 0 "KDE LDA" 3 600 2.95656565656566
305.765 17.565 0 0 "KDE LDA" 3 600 2.96666666666667
305.765 17.565 0 0 "KDE LDA" 3 600 2.97676767676768
305.8 17.675 0 0 "KDE LDA" 3 600 2.98686868686869
305.8 17.69 0 0 "KDE LDA" 3 600 2.9969696969697
308.68 17.715 0 0 "KDE LDA" 3 600 3.00707070707071
311.33 17.765 0 0 "KDE LDA" 3 600 3.01717171717172
313.11 17.795 0 0 "KDE LDA" 3 600 3.02727272727273
314.69 17.805 0 0 "KDE LDA" 3 600 3.03737373737374
315.085 17.81 0 0 "KDE LDA" 3 600 3.04747474747475
315.565 17.86 0 0 "KDE LDA" 3 600 3.05757575757576
319.54 17.88 0 0 "KDE LDA" 3 600 3.06767676767677
322.575 17.99 0 0 "KDE LDA" 3 600 3.07777777777778
328.825 18.19 0 0 "KDE LDA" 3 600 3.08787878787879
342.315 18.3 0 0 "KDE LDA" 3 600 3.0979797979798
342.335 18.315 0 0 "KDE LDA" 3 600 3.10808080808081
345.325 18.335 0 0 "KDE LDA" 3 600 3.11818181818182
346.44 18.35 0 0 "KDE LDA" 3 600 3.12828282828283
346.44 18.395 0 0 "KDE LDA" 3 600 3.13838383838384
349.05 18.425 0 0 "KDE LDA" 3 600 3.14848484848485
350.93 18.44 0 0 "KDE LDA" 3 600 3.15858585858586
353.585 18.76 0 0 "KDE LDA" 3 600 3.16868686868687
353.63 18.85 0 0 "KDE LDA" 3 600 3.17878787878788
357.14 18.905 0 0 "KDE LDA" 3 600 3.18888888888889
361.57 18.97 0 0 "KDE LDA" 3 600 3.1989898989899
361.595 19.04 0 0 "KDE LDA" 3 600 3.20909090909091
395.24 19.1 0 0 "KDE LDA" 3 600 3.21919191919192
411.765 19.405 0 0 "KDE LDA" 3 600 3.22929292929293
416.435 19.415 0 0 "KDE LDA" 3 600 3.23939393939394
420.105 19.425 0 0 "KDE LDA" 3 600 3.24949494949495
436.725 19.47 0 0 "KDE LDA" 3 600 3.25959595959596
440.085 19.495 0 0 "KDE LDA" 3 600 3.26969696969697
454.73 19.515 0 0 "KDE LDA" 3 600 3.27979797979798
454.735 19.54 0 0 "KDE LDA" 3 600 3.28989898989899
454.795 19.555 0 0 "KDE LDA" 3 600 3.3
64.085 16.735 0 0 "KDE QDA" 3 600 4.5
65.19 16.76 0 0 "KDE QDA" 3 600 4.51010101010101
65.79 16.765 0 0 "KDE QDA" 3 600 4.52020202020202
66.075 16.79 0 0 "KDE QDA" 3 600 4.53030303030303
67.01 16.8 0 0 "KDE QDA" 3 600 4.54040404040404
67.065 16.8 0 0 "KDE QDA" 3 600 4.55050505050505
67.14 16.8 0 0 "KDE QDA" 3 600 4.56060606060606
67.235 16.805 0 0 "KDE QDA" 3 600 4.57070707070707
67.315 16.825 0 0 "KDE QDA" 3 600 4.58080808080808
67.335 16.845 0 0 "KDE QDA" 3 600 4.59090909090909
68.085 16.88 0 0 "KDE QDA" 3 600 4.6010101010101
68.165 16.89 0 0 "KDE QDA" 3 600 4.61111111111111
68.27 16.89 0 0 "KDE QDA" 3 600 4.62121212121212
68.73 16.92 0 0 "KDE QDA" 3 600 4.63131313131313
69.995 17.045 0 0 "KDE QDA" 3 600 4.64141414141414
70.035 17.05 0 0 "KDE QDA" 3 600 4.65151515151515
71 17.11 0 0 "KDE QDA" 3 600 4.66161616161616
71.015 17.175 0 0 "KDE QDA" 3 600 4.67171717171717
71.11 17.26 0 0 "KDE QDA" 3 600 4.68181818181818
71.165 17.27 0 0 "KDE QDA" 3 600 4.69191919191919
71.19 17.275 0 0 "KDE QDA" 3 600 4.7020202020202
71.22 17.28 0 0 "KDE QDA" 3 600 4.71212121212121
71.58 17.29 0 0 "KDE QDA" 3 600 4.72222222222222
71.715 17.295 0 0 "KDE QDA" 3 600 4.73232323232323
71.75 17.3 0 0 "KDE QDA" 3 600 4.74242424242424
71.805 17.31 0 0 "KDE QDA" 3 600 4.75252525252525
71.965 17.34 0 0 "KDE QDA" 3 600 4.76262626262626
73.295 17.5 0 0 "KDE QDA" 3 600 4.77272727272727
73.305 17.735 0 0 "KDE QDA" 3 600 4.78282828282828
73.34 17.755 0 0 "KDE QDA" 3 600 4.79292929292929
73.425 17.77 0 0 "KDE QDA" 3 600 4.8030303030303
73.44 17.825 0 0 "KDE QDA" 3 600 4.81313131313131
73.545 17.86 0 0 "KDE QDA" 3 600 4.82323232323232
73.57 17.87 0 0 "KDE QDA" 3 600 4.83333333333333
73.675 17.915 0 0 "KDE QDA" 3 600 4.84343434343434
73.7 17.92 0 0 "KDE QDA" 3 600 4.85353535353535
73.725 17.93 0 0 "KDE QDA" 3 600 4.86363636363636
73.74 17.95 0 0 "KDE QDA" 3 600 4.87373737373737
73.74 17.95 0 0 "KDE QDA" 3 600 4.88383838383838
73.76 18.005 0 0 "KDE QDA" 3 600 4.89393939393939
74.555 18.165 0 0 "KDE QDA" 3 600 4.9040404040404
74.665 18.165 0 0 "KDE QDA" 3 600 4.91414141414141
74.705 18.18 0 0 "KDE QDA" 3 600 4.92424242424242
74.72 18.23 0 0 "KDE QDA" 3 600 4.93434343434343
74.74 18.24 0 0 "KDE QDA" 3 600 4.94444444444444
74.955 18.26 0 0 "KDE QDA" 3 600 4.95454545454546
74.985 18.285 0 0 "KDE QDA" 3 600 4.96464646464646
74.995 18.32 0 0 "KDE QDA" 3 600 4.97474747474747
75.59 18.345 0 0 "KDE QDA" 3 600 4.98484848484848
75.625 18.355 0 0 "KDE QDA" 3 600 4.99494949494949
75.785 18.37 0 0 "KDE QDA" 3 600 5.00505050505051
75.815 18.4 0 0 "KDE QDA" 3 600 5.01515151515152
75.91 18.44 0 0 "KDE QDA" 3 600 5.02525252525253
76.16 18.46 0 0 "KDE QDA" 3 600 5.03535353535354
76.22 18.695 0 0 "KDE QDA" 3 600 5.04545454545455
76.725 18.705 0 0 "KDE QDA" 3 600 5.05555555555556
76.76 18.765 0 0 "KDE QDA" 3 600 5.06565656565657
76.785 18.8 0 0 "KDE QDA" 3 600 5.07575757575758
77.115 18.815 0 0 "KDE QDA" 3 600 5.08585858585859
77.135 18.825 0 0 "KDE QDA" 3 600 5.0959595959596
78.61 18.85 0 0 "KDE QDA" 3 600 5.10606060606061
79.29 18.85 0 0 "KDE QDA" 3 600 5.11616161616162
79.32 18.855 0 0 "KDE QDA" 3 600 5.12626262626263
79.325 18.865 0 0 "KDE QDA" 3 600 5.13636363636364
79.33 18.905 0 0 "KDE QDA" 3 600 5.14646464646465
79.815 18.91 0 0 "KDE QDA" 3 600 5.15656565656566
80.69 19.035 0 0 "KDE QDA" 3 600 5.16666666666667
80.8 19.05 0 0 "KDE QDA" 3 600 5.17676767676768
80.86 19.055 0 0 "KDE QDA" 3 600 5.18686868686869
81.73 19.22 0 0 "KDE QDA" 3 600 5.1969696969697
82.445 19.22 0 0 "KDE QDA" 3 600 5.20707070707071
83.96 19.27 0 0 "KDE QDA" 3 600 5.21717171717172
84.535 19.335 0 0 "KDE QDA" 3 600 5.22727272727273
84.54 19.485 0 0 "KDE QDA" 3 600 5.23737373737374
84.79 19.495 0 0 "KDE QDA" 3 600 5.24747474747475
84.915 19.53 0 0 "KDE QDA" 3 600 5.25757575757576
84.97 19.53 0 0 "KDE QDA" 3 600 5.26767676767677
85.015 19.555 0 0 "KDE QDA" 3 600 5.27777777777778
85.04 19.555 0 0 "KDE QDA" 3 600 5.28787878787879
85.21 19.56 0 0 "KDE QDA" 3 600 5.2979797979798
85.285 19.565 0 0 "KDE QDA" 3 600 5.30808080808081
85.425 19.585 0 0 "KDE QDA" 3 600 5.31818181818182
86.095 19.595 0 0 "KDE QDA" 3 600 5.32828282828283
86.45 19.74 0 0 "KDE QDA" 3 600 5.33838383838384
87.03 19.745 0 0 "KDE QDA" 3 600 5.34848484848485
87.72 19.75 0 0 "KDE QDA" 3 600 5.35858585858586
88.525 19.77 0 0 "KDE QDA" 3 600 5.36868686868687
88.61 19.84 0 0 "KDE QDA" 3 600 5.37878787878788
88.645 19.905 0 0 "KDE QDA" 3 600 5.38888888888889
89.865 19.905 0 0 "KDE QDA" 3 600 5.3989898989899
89.885 19.92 0 0 "KDE QDA" 3 600 5.40909090909091
90.115 19.955 0 0 "KDE QDA" 3 600 5.41919191919192
90.14 19.985 0 0 "KDE QDA" 3 600 5.42929292929293
90.185 19.995 0 0 "KDE QDA" 3 600 5.43939393939394
90.315 20.035 0 0 "KDE QDA" 3 600 5.44949494949495
90.61 20.12 0 0 "KDE QDA" 3 600 5.45959595959596
92.085 20.295 0 0 "KDE QDA" 3 600 5.46969696969697
92.585 20.305 0 0 "KDE QDA" 3 600 5.47979797979798
93.23 20.375 0 0 "KDE QDA" 3 600 5.48989898989899
93.235 20.425 0 0 "KDE QDA" 3 600 5.5
