153.835 16.39 0 0 "KDE LDA" 102 800 2.4
153.885 16.41 0 0 "KDE LDA" 102 800 2.41010101010101
153.885 16.415 0 0 "KDE LDA" 102 800 2.42020202020202
158.51 16.425 0 0 "KDE LDA" 102 800 2.43030303030303
159.07 16.435 0 0 "KDE LDA" 102 800 2.44040404040404
160.175 16.445 0 0 "KDE LDA" 102 800 2.45050505050505
160.815 16.475 0 0 "KDE LDA" 102 800 2.46060606060606
161.06 16.475 0 0 "KDE LDA" 102 800 2.47070707070707
161.065 16.475 0 0 "KDE LDA" 102 800 2.48080808080808
161.875 16.48 0 0 "KDE LDA" 102 800 2.49090909090909
161.88 16.52 0 0 "KDE LDA" 102 800 2.5010101010101
163.22 16.535 0 0 "KDE LDA" 102 800 2.51111111111111
167.31 16.675 0 0 "KDE LDA" 102 800 2.52121212121212
171.045 16.775 0 0 "KDE LDA" 102 800 2.53131313131313
172.96 16.795 0 0 "KDE LDA" 102 800 2.54141414141414
173.965 16.8 0 0 "KDE LDA" 102 800 2.55151515151515
176.73 16.965 0 0 "KDE LDA" 102 800 2.56161616161616
177.405 17.04 0 0 "KDE LDA" 102 800 2.57171717171717
177.405 17.06 0 0 "KDE LDA" 102 800 2.58181818181818
180.135 17.32 0 0 "KDE LDA" 102 800 2.59191919191919
183.81 17.325 0 0 "KDE LDA" 102 800 2.6020202020202
186.565 17.57 0 0 "KDE LDA" 102 800 2.61212121212121
191.48 17.58 0 0 "KDE LDA" 102 800 2.62222222222222
191.53 17.7 0 0 "KDE LDA" 102 800 2.63232323232323
191.57 17.725 0 0 "KDE LDA" 102 800 2.64242424242424
194.825 17.9 0 0 "KDE LDA" 102 800 2.65252525252525
203.015 18.225 0 0 "KDE LDA" 102 800 2.66262626262626
215.13 18.92 0 0 "KDE LDA" 102 800 2.67272727272727
216.02 18.945 0 0 "KDE LDA" 102 800 2.68282828282828
216.985 19.015 0 0 "KDE LDA" 102 800 2.69292929292929
220.005 19.055 0 0 "KDE LDA" 102 800 2.7030303030303
221.255 19.06 0 0 "KDE LDA" 102 800 2.71313131313131
222.165 19.095 0 0 "KDE LDA" 102 800 2.72323232323232
225.65 19.225 0 0 "KDE LDA" 102 800 2.73333333333333
225.65 19.23 0 0 "KDE LDA" 102 800 2.74343434343434
229.005 19.285 0 0 "KDE LDA" 102 800 2.75353535353535
232.85 19.415 0 0 "KDE LDA" 102 800 2.76363636363636
236.17 19.58 0 0 "KDE LDA" 102 800 2.77373737373737
237.085 19.72 0 0 "KDE LDA" 102 800 2.78383838383838
262.21 19.805 0 0 "KDE LDA" 102 800 2.79393939393939
312.055 20.36 0 0 "KDE LDA" 102 800 2.8040404040404
312.42 20.55 0 0 "KDE LDA" 102 800 2.81414141414141
312.815 20.6 0 0 "KDE LDA" 102 800 2.82424242424242
314.545 20.62 0 0 "KDE LDA" 102 800 2.83434343434343
315.155 20.66 0 0 "KDE LDA" 102 800 2.84444444444444
315.155 20.74 0 0 "KDE LDA" 102 800 2.85454545454545
316.05 20.795 0 0 "KDE LDA" 102 800 2.86464646464646
316.05 20.805 0 0 "KDE LDA" 102 800 2.87474747474747
316.06 20.81 0 0 "KDE LDA" 102 800 2.88484848484848
316.905 20.81 0 0 "KDE LDA" 102 800 2.89494949494949
316.94 20.88 0 0 "KDE LDA" 102 800 2.90505050505051
324.315 20.94 0 0 "KDE LDA" 102 800 2.91515151515152
325.36 20.98 0 0 "KDE LDA" 102 800 2.92525252525253
325.79 20.99 0 0 "KDE LDA" 102 800 2.93535353535354
329.465 21.045 0 0 "KDE LDA" 102 800 2.94545454545455
329.58 21.48 0 0 "KDE LDA" 102 800 2.95555555555556
339.44 21.625 0 0 "KDE LDA" 102 800 2.96565656565657
339.815 21.74 0 0 "KDE LDA" 102 800 2.97575757575758
342.62 21.775 0 0 "KDE LDA" 102 800 2.98585858585859
342.65 21.79 0 0 "KDE LDA" 102 800 2.9959595959596
345.48 21.83 0 0 "KDE LDA" 102 800 3.00606060606061
346.135 21.955 0 0 "KDE LDA" 102 800 3.01616161616162
346.14 22.025 0 0 "KDE LDA" 102 800 3.02626262626263
346.16 22.055 0 0 "KDE LDA" 102 800 3.03636363636364
346.925 22.055 0 0 "KDE LDA" 102 800 3.04646464646465
351.015 22.095 0 0 "KDE LDA" 102 800 3.05656565656566
353.115 22.125 0 0 "KDE LDA" 102 800 3.06666666666667
356.65 22.13 0 0 "KDE LDA" 102 800 3.07676767676768
357.84 22.335 0 0 "KDE LDA" 102 800 3.08686868686869
376.075 22.375 0 0 "KDE LDA" 102 800 3.0969696969697
383.37 22.57 0 0 "KDE LDA" 102 800 3.10707070707071
383.825 22.825 0 0 "KDE LDA" 102 800 3.11717171717172
392.715 22.865 0 0 "KDE LDA" 102 800 3.12727272727273
393.31 22.9 0 0 "KDE LDA" 102 800 3.13737373737374
396.095 22.915 0 0 "KDE LDA" 102 800 3.14747474747475
406.795 23.03 0 0 "KDE LDA" 102 800 3.15757575757576
409.6 23.045 0 0 "KDE LDA" 102 800 3.16767676767677
423.9 23.065 0 0 "KDE LDA" 102 800 3.17777777777778
424.585 23.11 0 0 "KDE LDA" 102 800 3.18787878787879
443.845 23.185 0 0 "KDE LDA" 102 800 3.1979797979798
448.64 23.375 0 0 "KDE LDA" 102 800 3.20808080808081
458.76 23.39 0 0 "KDE LDA" 102 800 3.21818181818182
496.09 23.71 0 0 "KDE LDA" 102 800 3.22828282828283
499.865 23.755 0 0 "KDE LDA" 102 800 3.23838383838384
503.47 23.825 0 0 "KDE LDA" 102 800 3.24848484848485
505.815 23.855 0 0 "KDE LDA" 102 800 3.25858585858586
505.825 23.885 0 0 "KDE LDA" 102 800 3.26868686868687
512.185 23.89 0 0 "KDE LDA" 102 800 3.27878787878788
515.92 23.9 0 0 "KDE LDA" 102 800 3.28888888888889
530.62 23.92 0 0 "KDE LDA" 102 800 3.2989898989899
530.975 24.03 0 0 "KDE LDA" 102 800 3.30909090909091
532.9 24.095 0 0 "KDE LDA" 102 800 3.31919191919192
545.2 24.185 0 0 "KDE LDA" 102 800 3.32929292929293
559.41 24.305 0 0 "KDE LDA" 102 800 3.33939393939394
573 24.47 0 0 "KDE LDA" 102 800 3.34949494949495
630.1 25.31 0 0 "KDE LDA" 102 800 3.35959595959596
630.1 25.32 0 0 "KDE LDA" 102 800 3.36969696969697
630.15 25.455 0 0 "KDE LDA" 102 800 3.37979797979798
643.615 25.67 0 0 "KDE LDA" 102 800 3.38989898989899
652.475 25.72 0 0 "KDE LDA" 102 800 3.4
246.995 18.59 0 0 "KDE QDA" 102 800 4.3
249 18.59 0 0 "KDE QDA" 102 800 4.31010101010101
250.58 18.59 0 0 "KDE QDA" 102 800 4.32020202020202
254.32 18.6 0 0 "KDE QDA" 102 800 4.33030303030303
258.64 18.75 0 0 "KDE QDA" 102 800 4.34040404040404
270.63 19.1 0 0 "KDE QDA" 102 800 4.35050505050505
270.895 19.12 0 0 "KDE QDA" 102 800 4.36060606060606
273.58 19.17 0 0 "KDE QDA" 102 800 4.37070707070707
275.885 19.23 0 0 "KDE QDA" 102 800 4.38080808080808
276.42 19.24 0 0 "KDE QDA" 102 800 4.39090909090909
276.43 19.265 0 0 "KDE QDA" 102 800 4.4010101010101
276.675 19.27 0 0 "KDE QDA" 102 800 4.41111111111111
279.715 19.275 0 0 "KDE QDA" 102 800 4.42121212121212
280.005 19.3 0 0 "KDE QDA" 102 800 4.43131313131313
280.07 19.31 0 0 "KDE QDA" 102 800 4.44141414141414
280.09 19.345 0 0 "KDE QDA" 102 800 4.45151515151515
285.71 19.38 0 0 "KDE QDA" 102 800 4.46161616161616
286 19.385 0 0 "KDE QDA" 102 800 4.47171717171717
290.525 19.705 0 0 "KDE QDA" 102 800 4.48181818181818
301.735 19.705 0 0 "KDE QDA" 102 800 4.49191919191919
302.09 19.71 0 0 "KDE QDA" 102 800 4.5020202020202
305.86 19.865 0 0 "KDE QDA" 102 800 4.51212121212121
309.38 19.88 0 0 "KDE QDA" 102 800 4.52222222222222
313.11 19.94 0 0 "KDE QDA" 102 800 4.53232323232323
325.68 19.98 0 0 "KDE QDA" 102 800 4.54242424242424
327.715 19.985 0 0 "KDE QDA" 102 800 4.55252525252525
331.81 20 0 0 "KDE QDA" 102 800 4.56262626262626
331.825 20 0 0 "KDE QDA" 102 800 4.57272727272727
334.02 20.005 0 0 "KDE QDA" 102 800 4.58282828282828
334.095 20.025 0 0 "KDE QDA" 102 800 4.59292929292929
335.155 20.03 0 0 "KDE QDA" 102 800 4.6030303030303
335.175 20.035 0 0 "KDE QDA" 102 800 4.61313131313131
337.32 20.05 0 0 "KDE QDA" 102 800 4.62323232323232
337.365 20.06 0 0 "KDE QDA" 102 800 4.63333333333333
345.805 20.17 0 0 "KDE QDA" 102 800 4.64343434343434
352.92 20.175 0 0 "KDE QDA" 102 800 4.65353535353535
356.72 20.23 0 0 "KDE QDA" 102 800 4.66363636363636
358.415 20.24 0 0 "KDE QDA" 102 800 4.67373737373737
359.505 20.265 0 0 "KDE QDA" 102 800 4.68383838383838
359.565 20.275 0 0 "KDE QDA" 102 800 4.69393939393939
360.475 20.305 0 0 "KDE QDA" 102 800 4.7040404040404
360.555 20.34 0 0 "KDE QDA" 102 800 4.71414141414141
363.65 20.365 0 0 "KDE QDA" 102 800 4.72424242424242
363.745 20.47 0 0 "KDE QDA" 102 800 4.73434343434343
363.79 20.555 0 0 "KDE QDA" 102 800 4.74444444444444
367.65 20.57 0 0 "KDE QDA" 102 800 4.75454545454545
370.15 20.61 0 0 "KDE QDA" 102 800 4.76464646464646
373.935 20.975 0 0 "KDE QDA" 102 800 4.77474747474747
375.335 21.035 0 0 "KDE QDA" 102 800 4.78484848484849
375.34 21.09 0 0 "KDE QDA" 102 800 4.79494949494949
375.4 21.09 0 0 "KDE QDA" 102 800 4.80505050505051
375.415 21.1 0 0 "KDE QDA" 102 800 4.81515151515152
376.895 21.13 0 0 "KDE QDA" 102 800 4.82525252525252
381.125 21.14 0 0 "KDE QDA" 102 800 4.83535353535354
381.595 21.145 0 0 "KDE QDA" 102 800 4.84545454545455
381.735 21.155 0 0 "KDE QDA" 102 800 4.85555555555556
384.57 21.155 0 0 "KDE QDA" 102 800 4.86565656565657
384.67 21.16 0 0 "KDE QDA" 102 800 4.87575757575758
385.315 21.165 0 0 "KDE QDA" 102 800 4.88585858585859
385.36 21.2 0 0 "KDE QDA" 102 800 4.8959595959596
407.385 21.475 0 0 "KDE QDA" 102 800 4.90606060606061
407.42 21.5 0 0 "KDE QDA" 102 800 4.91616161616162
408.03 21.535 0 0 "KDE QDA" 102 800 4.92626262626263
408.435 21.655 0 0 "KDE QDA" 102 800 4.93636363636364
408.635 21.675 0 0 "KDE QDA" 102 800 4.94646464646465
409.59 21.805 0 0 "KDE QDA" 102 800 4.95656565656566
409.69 21.835 0 0 "KDE QDA" 102 800 4.96666666666667
409.695 21.885 0 0 "KDE QDA" 102 800 4.97676767676768
416.94 21.915 0 0 "KDE QDA" 102 800 4.98686868686869
416.985 21.96 0 0 "KDE QDA" 102 800 4.9969696969697
423.48 21.98 0 0 "KDE QDA" 102 800 5.00707070707071
430.38 21.99 0 0 "KDE QDA" 102 800 5.01717171717172
437.44 21.995 0 0 "KDE QDA" 102 800 5.02727272727273
453.915 22.23 0 0 "KDE QDA" 102 800 5.03737373737374
459.125 22.265 0 0 "KDE QDA" 102 800 5.04747474747475
461.875 22.27 0 0 "KDE QDA" 102 800 5.05757575757576
464 22.41 1 0 "KDE QDA" 102 800 5.06767676767677
464.577889447236 22.43 1 0 "KDE QDA" 102 800 5.07777777777778
464.597989949749 22.5 1 0 "KDE QDA" 102 800 5.08787878787879
474.643216080402 22.585 1 0 "KDE QDA" 102 800 5.0979797979798
474.738693467337 22.615 1 0 "KDE QDA" 102 800 5.10808080808081
474.793969849246 22.62 1 0 "KDE QDA" 102 800 5.11818181818182
480.628140703518 22.625 1 0 "KDE QDA" 102 800 5.12828282828283
486.834170854271 22.63 1 0 "KDE QDA" 102 800 5.13838383838384
487.56783919598 22.65 1 0 "KDE QDA" 102 800 5.14848484848485
492.075376884422 22.69 1 0 "KDE QDA" 102 800 5.15858585858586
492.085427135678 22.69 1 0 "KDE QDA" 102 800 5.16868686868687
492.13567839196 22.695 1 0 "KDE QDA" 102 800 5.17878787878788
501.447236180904 22.74 1 0 "KDE QDA" 102 800 5.18888888888889
510.768844221106 22.95 1 0 "KDE QDA" 102 800 5.1989898989899
510.844221105528 23.06 1 0 "KDE QDA" 102 800 5.20909090909091
519.407035175879 23.07 1 0 "KDE QDA" 102 800 5.21919191919192
525.020100502513 23.12 1 0 "KDE QDA" 102 800 5.22929292929293
525.276381909548 23.265 1 0 "KDE QDA" 102 800 5.23939393939394
525.326633165829 23.275 1 0 "KDE QDA" 102 800 5.24949494949495
532.055276381909 23.28 1 0 "KDE QDA" 102 800 5.25959595959596
532.065326633166 23.38 1 0 "KDE QDA" 102 800 5.26969696969697
533.427135678392 23.38 1 0 "KDE QDA" 102 800 5.27979797979798
536.266331658292 23.395 1 0 "KDE QDA" 102 800 5.28989898989899
541.517587939699 23.405 1 0 "KDE QDA" 102 800 5.3
