131.55 15.475 0 0 "KDE LDA" 181 5000 2.5
131.68 15.54 0 0 "KDE LDA" 181 5000 2.51010101010101
133.015 15.625 0 0 "KDE LDA" 181 5000 2.52020202020202
133.805 15.79 0 0 "KDE LDA" 181 5000 2.53030303030303
137.295 15.845 0 0 "KDE LDA" 181 5000 2.54040404040404
137.47 15.92 0 0 "KDE LDA" 181 5000 2.55050505050505
137.51 15.945 0 0 "KDE LDA" 181 5000 2.56060606060606
137.515 16.01 0 0 "KDE LDA" 181 5000 2.57070707070707
137.535 16.035 0 0 "KDE LDA" 181 5000 2.58080808080808
139.205 16.04 0 0 "KDE LDA" 181 5000 2.59090909090909
139.97 16.045 0 0 "KDE LDA" 181 5000 2.6010101010101
139.99 16.045 0 0 "KDE LDA" 181 5000 2.61111111111111
140.795 16.055 0 0 "KDE LDA" 181 5000 2.62121212121212
142.105 16.075 0 0 "KDE LDA" 181 5000 2.63131313131313
144.235 16.255 0 0 "KDE LDA" 181 5000 2.64141414141414
144.705 16.32 0 0 "KDE LDA" 181 5000 2.65151515151515
149.805 16.41 0 0 "KDE LDA" 181 5000 2.66161616161616
160.11 16.505 0 0 "KDE LDA" 181 5000 2.67171717171717
160.82 16.53 0 0 "KDE LDA" 181 5000 2.68181818181818
163.74 16.55 0 0 "KDE LDA" 181 5000 2.69191919191919
165.63 16.63 0 0 "KDE LDA" 181 5000 2.7020202020202
166.275 16.655 0 0 "KDE LDA" 181 5000 2.71212121212121
169.175 16.69 0 0 "KDE LDA" 181 5000 2.72222222222222
170.94 16.72 0 0 "KDE LDA" 181 5000 2.73232323232323
171.04 16.745 0 0 "KDE LDA" 181 5000 2.74242424242424
174.33 16.91 0 0 "KDE LDA" 181 5000 2.75252525252525
175.24 17.015 0 0 "KDE LDA" 181 5000 2.76262626262626
177.12 17.05 0 0 "KDE LDA" 181 5000 2.77272727272727
177.74 17.155 0 0 "KDE LDA" 181 5000 2.78282828282828
181.84 17.285 0 0 "KDE LDA" 181 5000 2.79292929292929
212.1 17.915 0 0 "KDE LDA" 181 5000 2.8030303030303
218.235 17.92 0 0 "KDE LDA" 181 5000 2.81313131313131
224.295 18.015 0 0 "KDE LDA" 181 5000 2.82323232323232
224.31 18.025 0 0 "KDE LDA" 181 5000 2.83333333333333
224.31 18.065 0 0 "KDE LDA" 181 5000 2.84343434343434
226.53 18.095 0 0 "KDE LDA" 181 5000 2.85353535353535
227.91 18.105 0 0 "KDE LDA" 181 5000 2.86363636363636
231.265 18.13 0 0 "KDE LDA" 181 5000 2.87373737373737
231.27 18.18 0 0 "KDE LDA" 181 5000 2.88383838383838
232.305 18.215 0 0 "KDE LDA" 181 5000 2.89393939393939
232.315 18.26 0 0 "KDE LDA" 181 5000 2.9040404040404
234.94 18.27 0 0 "KDE LDA" 181 5000 2.91414141414141
237.05 18.28 0 0 "KDE LDA" 181 5000 2.92424242424242
244.3 18.395 0 0 "KDE LDA" 181 5000 2.93434343434343
244.31 18.45 0 0 "KDE LDA" 181 5000 2.94444444444444
247.995 18.475 0 0 "KDE LDA" 181 5000 2.95454545454545
251.21 18.515 0 0 "KDE LDA" 181 5000 2.96464646464646
253.595 18.555 0 0 "KDE LDA" 181 5000 2.97474747474747
253.935 18.565 0 0 "KDE LDA" 181 5000 2.98484848484848
254.355 18.63 0 0 "KDE LDA" 181 5000 2.99494949494949
257.915 18.665 0 0 "KDE LDA" 181 5000 3.00505050505051
260.81 18.695 0 0 "KDE LDA" 181 5000 3.01515151515152
263.22 18.705 0 0 "KDE LDA" 181 5000 3.02525252525253
264.005 18.825 0 0 "KDE LDA" 181 5000 3.03535353535354
265.265 18.835 0 0 "KDE LDA" 181 5000 3.04545454545455
272.415 18.875 0 0 "KDE LDA" 181 5000 3.05555555555556
273.735 19 0 0 "KDE LDA" 181 5000 3.06565656565657
281.055 19.24 0 0 "KDE LDA" 181 5000 3.07575757575758
287.73 19.285 0 0 "KDE LDA" 181 5000 3.08585858585859
296.99 19.48 0 0 "KDE LDA" 181 5000 3.0959595959596
297.025 19.485 0 0 "KDE LDA" 181 5000 3.10606060606061
297.85 19.585 0 0 "KDE LDA" 181 5000 3.11616161616162
300.055 19.74 0 0 "KDE LDA" 181 5000 3.12626262626263
303.665 19.78 0 0 "KDE LDA" 181 5000 3.13636363636364
304.73 19.85 0 0 "KDE LDA" 181 5000 3.14646464646465
309.505 19.86 0 0 "KDE LDA" 181 5000 3.15656565656566
309.51 19.87 0 0 "KDE LDA" 181 5000 3.16666666666667
310.25 19.88 0 0 "KDE LDA" 181 5000 3.17676767676768
312.01 19.89 0 0 "KDE LDA" 181 5000 3.18686868686869
315.73 19.9 0 0 "KDE LDA" 181 5000 3.1969696969697
319.425 20.08 0 0 "KDE LDA" 181 5000 3.20707070707071
327.86 20.535 0 0 "KDE LDA" 181 5000 3.21717171717172
355.33 20.775 0 0 "KDE LDA" 181 5000 3.22727272727273
358.235 20.78 0 0 "KDE LDA" 181 5000 3.23737373737374
362.555 20.835 0 0 "KDE LDA" 181 5000 3.24747474747475
364.38 20.875 0 0 "KDE LDA" 181 5000 3.25757575757576
368.04 20.885 0 0 "KDE LDA" 181 5000 3.26767676767677
368.075 20.885 0 0 "KDE LDA" 181 5000 3.27777777777778
368.275 20.95 0 0 "KDE LDA" 181 5000 3.28787878787879
368.29 21.07 0 0 "KDE LDA" 181 5000 3.2979797979798
368.725 21.09 0 0 "KDE LDA" 181 5000 3.30808080808081
369.63 21.155 0 0 "KDE LDA" 181 5000 3.31818181818182
369.695 21.215 0 0 "KDE LDA" 181 5000 3.32828282828283
378.85 21.61 0 0 "KDE LDA" 181 5000 3.33838383838384
388.875 21.655 0 0 "KDE LDA" 181 5000 3.34848484848485
420.365 21.9 0 0 "KDE LDA" 181 5000 3.35858585858586
423.64 21.94 0 0 "KDE LDA" 181 5000 3.36868686868687
435.74 22 0 0 "KDE LDA" 181 5000 3.37878787878788
439.815 22.075 0 0 "KDE LDA" 181 5000 3.38888888888889
439.82 22.11 0 0 "KDE LDA" 181 5000 3.3989898989899
440.575 22.155 0 0 "KDE LDA" 181 5000 3.40909090909091
447.48 22.245 0 0 "KDE LDA" 181 5000 3.41919191919192
454.28 22.26 0 0 "KDE LDA" 181 5000 3.42929292929293
456.73 22.3 0 0 "KDE LDA" 181 5000 3.43939393939394
458.435 22.31 0 0 "KDE LDA" 181 5000 3.44949494949495
463.075 22.33 0 0 "KDE LDA" 181 5000 3.45959595959596
468.95 22.59 0 0 "KDE LDA" 181 5000 3.46969696969697
478.67 22.91 0 0 "KDE LDA" 181 5000 3.47979797979798
484.655 23.135 0 0 "KDE LDA" 181 5000 3.48989898989899
488.37 23.195 0 0 "KDE LDA" 181 5000 3.5
104.97 11.7 0 0 "KDE QDA" 181 5000 2.7
104.97 11.7 0 0 "KDE QDA" 181 5000 2.71010101010101
104.975 11.7 0 0 "KDE QDA" 181 5000 2.72020202020202
105.895 11.7 0 0 "KDE QDA" 181 5000 2.73030303030303
105.895 11.7 0 0 "KDE QDA" 181 5000 2.74040404040404
105.895 11.7 0 0 "KDE QDA" 181 5000 2.75050505050505
107.07 11.7 0 0 "KDE QDA" 181 5000 2.76060606060606
107.07 11.705 0 0 "KDE QDA" 181 5000 2.77070707070707
107.07 11.705 0 0 "KDE QDA" 181 5000 2.78080808080808
107.07 11.705 0 0 "KDE QDA" 181 5000 2.79090909090909
130.505 13.31 0 0 "KDE QDA" 181 5000 2.8010101010101
130.51 13.31 0 0 "KDE QDA" 181 5000 2.81111111111111
130.51 13.31 0 0 "KDE QDA" 181 5000 2.82121212121212
135.795 13.425 0 0 "KDE QDA" 181 5000 2.83131313131313
135.795 13.425 0 0 "KDE QDA" 181 5000 2.84141414141414
135.82 13.45 0 0 "KDE QDA" 181 5000 2.85151515151515
135.82 13.45 0 0 "KDE QDA" 181 5000 2.86161616161616
136.475 13.45 0 0 "KDE QDA" 181 5000 2.87171717171717
136.57 13.45 0 0 "KDE QDA" 181 5000 2.88181818181818
136.57 13.45 0 0 "KDE QDA" 181 5000 2.89191919191919
136.57 13.45 0 0 "KDE QDA" 181 5000 2.9020202020202
136.57 13.455 0 0 "KDE QDA" 181 5000 2.91212121212121
136.57 13.455 0 0 "KDE QDA" 181 5000 2.92222222222222
136.57 13.455 0 0 "KDE QDA" 181 5000 2.93232323232323
136.57 13.455 0 0 "KDE QDA" 181 5000 2.94242424242424
136.57 13.455 0 0 "KDE QDA" 181 5000 2.95252525252525
138.67 13.63 0 0 "KDE QDA" 181 5000 2.96262626262626
138.67 13.63 0 0 "KDE QDA" 181 5000 2.97272727272727
140.25 13.64 0 0 "KDE QDA" 181 5000 2.98282828282828
140.925 13.655 0 0 "KDE QDA" 181 5000 2.99292929292929
141.145 13.655 0 0 "KDE QDA" 181 5000 3.0030303030303
141.15 13.69 0 0 "KDE QDA" 181 5000 3.01313131313131
141.18 13.715 0 0 "KDE QDA" 181 5000 3.02323232323232
141.185 13.715 0 0 "KDE QDA" 181 5000 3.03333333333333
141.275 13.715 0 0 "KDE QDA" 181 5000 3.04343434343434
141.275 13.715 0 0 "KDE QDA" 181 5000 3.05353535353535
141.275 13.715 0 0 "KDE QDA" 181 5000 3.06363636363636
141.275 13.715 0 0 "KDE QDA" 181 5000 3.07373737373737
141.275 13.715 0 0 "KDE QDA" 181 5000 3.08383838383838
157.54 14.205 0 0 "KDE QDA" 181 5000 3.09393939393939
160.35 14.205 0 0 "KDE QDA" 181 5000 3.1040404040404
163.21 14.22 0 0 "KDE QDA" 181 5000 3.11414141414141
165.67 14.265 0 0 "KDE QDA" 181 5000 3.12424242424242
165.675 14.265 0 0 "KDE QDA" 181 5000 3.13434343434343
165.675 14.265 0 0 "KDE QDA" 181 5000 3.14444444444444
165.675 14.265 0 0 "KDE QDA" 181 5000 3.15454545454545
165.675 14.265 0 0 "KDE QDA" 181 5000 3.16464646464646
165.675 14.265 0 0 "KDE QDA" 181 5000 3.17474747474748
165.68 14.265 0 0 "KDE QDA" 181 5000 3.18484848484849
165.765 14.27 0 0 "KDE QDA" 181 5000 3.19494949494949
165.765 14.27 0 0 "KDE QDA" 181 5000 3.20505050505051
165.77 14.27 0 0 "KDE QDA" 181 5000 3.21515151515152
184.18 14.99 0 0 "KDE QDA" 181 5000 3.22525252525253
184.195 15.015 0 0 "KDE QDA" 181 5000 3.23535353535354
184.195 15.075 0 0 "KDE QDA" 181 5000 3.24545454545455
187.855 15.185 0 0 "KDE QDA" 181 5000 3.25555555555556
187.855 15.185 0 0 "KDE QDA" 181 5000 3.26565656565657
188.58 15.27 0 0 "KDE QDA" 181 5000 3.27575757575758
190.205 15.27 0 0 "KDE QDA" 181 5000 3.28585858585859
190.205 15.27 0 0 "KDE QDA" 181 5000 3.2959595959596
190.205 15.27 0 0 "KDE QDA" 181 5000 3.30606060606061
190.625 15.275 0 0 "KDE QDA" 181 5000 3.31616161616162
190.63 15.275 0 0 "KDE QDA" 181 5000 3.32626262626263
190.63 15.29 0 0 "KDE QDA" 181 5000 3.33636363636364
190.63 15.29 0 0 "KDE QDA" 181 5000 3.34646464646465
190.63 15.295 0 0 "KDE QDA" 181 5000 3.35656565656566
237.67 16.15 0 0 "KDE QDA" 181 5000 3.36666666666667
238.425 16.15 0 0 "KDE QDA" 181 5000 3.37676767676768
255.51 16.34 0 0 "KDE QDA" 181 5000 3.38686868686869
255.51 16.345 0 0 "KDE QDA" 181 5000 3.3969696969697
255.51 16.35 0 0 "KDE QDA" 181 5000 3.40707070707071
258.885 16.395 0 0 "KDE QDA" 181 5000 3.41717171717172
258.885 16.395 0 0 "KDE QDA" 181 5000 3.42727272727273
259.65 16.41 0 0 "KDE QDA" 181 5000 3.43737373737374
259.65 16.415 0 0 "KDE QDA" 181 5000 3.44747474747475
259.65 16.415 0 0 "KDE QDA" 181 5000 3.45757575757576
259.665 16.42 0 0 "KDE QDA" 181 5000 3.46767676767677
259.665 16.42 0 0 "KDE QDA" 181 5000 3.47777777777778
259.68 16.42 0 0 "KDE QDA" 181 5000 3.48787878787879
259.68 16.42 0 0 "KDE QDA" 181 5000 3.4979797979798
259.68 16.42 0 0 "KDE QDA" 181 5000 3.50808080808081
272.24 16.85 0 0 "KDE QDA" 181 5000 3.51818181818182
272.245 16.85 0 0 "KDE QDA" 181 5000 3.52828282828283
273.865 16.875 0 0 "KDE QDA" 181 5000 3.53838383838384
275.99 16.94 0 0 "KDE QDA" 181 5000 3.54848484848485
275.99 16.94 0 0 "KDE QDA" 181 5000 3.55858585858586
279.68 16.945 0 0 "KDE QDA" 181 5000 3.56868686868687
280.225 16.945 0 0 "KDE QDA" 181 5000 3.57878787878788
280.225 16.945 0 0 "KDE QDA" 181 5000 3.58888888888889
281.765 16.945 0 0 "KDE QDA" 181 5000 3.5989898989899
281.765 16.945 0 0 "KDE QDA" 181 5000 3.60909090909091
281.77 16.945 0 0 "KDE QDA" 181 5000 3.61919191919192
281.77 16.945 0 0 "KDE QDA" 181 5000 3.62929292929293
281.77 16.945 0 0 "KDE QDA" 181 5000 3.63939393939394
281.77 16.95 0 0 "KDE QDA" 181 5000 3.64949494949495
299.74 17.48 0 0 "KDE QDA" 181 5000 3.65959595959596
303.34 17.48 0 0 "KDE QDA" 181 5000 3.66969696969697
306.905 17.635 0 0 "KDE QDA" 181 5000 3.67979797979798
306.93 17.635 0 0 "KDE QDA" 181 5000 3.68989898989899
306.93 17.635 0 0 "KDE QDA" 181 5000 3.7
