126.725 14.515 0 0 "KDE LDA" 77 2000 2.5
129.26 14.53 0 0 "KDE LDA" 77 2000 2.51010101010101
131.8 14.6 0 0 "KDE LDA" 77 2000 2.52020202020202
132.505 14.76 0 0 "KDE LDA" 77 2000 2.53030303030303
136.985 14.9 0 0 "KDE LDA" 77 2000 2.54040404040404
137.265 14.955 0 0 "KDE LDA" 77 2000 2.55050505050505
138.615 15.155 0 0 "KDE LDA" 77 2000 2.56060606060606
139.735 15.195 0 0 "KDE LDA" 77 2000 2.57070707070707
144.715 15.33 0 0 "KDE LDA" 77 2000 2.58080808080808
144.715 15.345 0 0 "KDE LDA" 77 2000 2.59090909090909
145.61 15.355 0 0 "KDE LDA" 77 2000 2.6010101010101
146.88 15.375 0 0 "KDE LDA" 77 2000 2.61111111111111
147.185 15.465 0 0 "KDE LDA" 77 2000 2.62121212121212
148.605 15.485 0 0 "KDE LDA" 77 2000 2.63131313131313
156.59 15.565 0 0 "KDE LDA" 77 2000 2.64141414141414
163.46 15.575 0 0 "KDE LDA" 77 2000 2.65151515151515
173.225 15.665 0 0 "KDE LDA" 77 2000 2.66161616161616
193.47 16.235 0 0 "KDE LDA" 77 2000 2.67171717171717
193.73 16.31 0 0 "KDE LDA" 77 2000 2.68181818181818
194.515 16.38 0 0 "KDE LDA" 77 2000 2.69191919191919
194.515 16.4 0 0 "KDE LDA" 77 2000 2.7020202020202
197.91 16.42 0 0 "KDE LDA" 77 2000 2.71212121212121
199.46 16.46 0 0 "KDE LDA" 77 2000 2.72222222222222
199.485 16.52 0 0 "KDE LDA" 77 2000 2.73232323232323
199.56 16.6 0 0 "KDE LDA" 77 2000 2.74242424242424
200.25 16.73 0 0 "KDE LDA" 77 2000 2.75252525252525
204.26 16.75 0 0 "KDE LDA" 77 2000 2.76262626262626
204.335 16.785 0 0 "KDE LDA" 77 2000 2.77272727272727
208.525 16.835 0 0 "KDE LDA" 77 2000 2.78282828282828
213.315 17.045 0 0 "KDE LDA" 77 2000 2.79292929292929
242.825 18.14 0 0 "KDE LDA" 77 2000 2.8030303030303
242.87 18.165 0 0 "KDE LDA" 77 2000 2.81313131313131
243.505 18.18 0 0 "KDE LDA" 77 2000 2.82323232323232
244.44 18.235 0 0 "KDE LDA" 77 2000 2.83333333333333
245.015 18.355 0 0 "KDE LDA" 77 2000 2.84343434343434
245.065 18.405 0 0 "KDE LDA" 77 2000 2.85353535353535
245.215 18.41 0 0 "KDE LDA" 77 2000 2.86363636363636
246.02 18.415 0 0 "KDE LDA" 77 2000 2.87373737373737
248.08 18.425 0 0 "KDE LDA" 77 2000 2.88383838383838
254.155 18.45 0 0 "KDE LDA" 77 2000 2.89393939393939
254.185 18.47 0 0 "KDE LDA" 77 2000 2.9040404040404
258.1 18.475 0 0 "KDE LDA" 77 2000 2.91414141414141
259.505 18.52 0 0 "KDE LDA" 77 2000 2.92424242424242
259.59 18.615 0 0 "KDE LDA" 77 2000 2.93434343434343
259.6 18.62 0 0 "KDE LDA" 77 2000 2.94444444444444
260.35 18.69 0 0 "KDE LDA" 77 2000 2.95454545454545
260.41 18.74 0 0 "KDE LDA" 77 2000 2.96464646464646
265.18 18.755 0 0 "KDE LDA" 77 2000 2.97474747474747
265.95 18.77 0 0 "KDE LDA" 77 2000 2.98484848484848
266.62 18.85 0 0 "KDE LDA" 77 2000 2.99494949494949
277.03 18.88 0 0 "KDE LDA" 77 2000 3.00505050505051
277.06 18.9 0 0 "KDE LDA" 77 2000 3.01515151515152
279.08 18.945 0 0 "KDE LDA" 77 2000 3.02525252525253
279.73 18.95 0 0 "KDE LDA" 77 2000 3.03535353535354
294.155 19.06 0 0 "KDE LDA" 77 2000 3.04545454545455
295.895 19.08 0 0 "KDE LDA" 77 2000 3.05555555555556
296.13 19.11 0 0 "KDE LDA" 77 2000 3.06565656565657
296.145 19.12 0 0 "KDE LDA" 77 2000 3.07575757575758
300.855 19.24 0 0 "KDE LDA" 77 2000 3.08585858585859
303.87 19.3 0 0 "KDE LDA" 77 2000 3.0959595959596
307.235 19.31 0 0 "KDE LDA" 77 2000 3.10606060606061
310.755 19.34 0 0 "KDE LDA" 77 2000 3.11616161616162
311.625 19.415 0 0 "KDE LDA" 77 2000 3.12626262626263
314.045 19.575 0 0 "KDE LDA" 77 2000 3.13636363636364
314.09 19.615 0 0 "KDE LDA" 77 2000 3.14646464646465
314.425 19.905 0 0 "KDE LDA" 77 2000 3.15656565656566
314.435 20.18 0 0 "KDE LDA" 77 2000 3.16666666666667
315.905 20.25 0 0 "KDE LDA" 77 2000 3.17676767676768
317.585 20.435 0 0 "KDE LDA" 77 2000 3.18686868686869
317.6 20.525 0 0 "KDE LDA" 77 2000 3.1969696969697
318.895 20.575 0 0 "KDE LDA" 77 2000 3.20707070707071
333.485 20.67 0 0 "KDE LDA" 77 2000 3.21717171717172
361.965 20.815 0 0 "KDE LDA" 77 2000 3.22727272727273
365.97 20.825 0 0 "KDE LDA" 77 2000 3.23737373737374
369.85 20.875 0 0 "KDE LDA" 77 2000 3.24747474747475
379.835 20.915 0 0 "KDE LDA" 77 2000 3.25757575757576
379.85 20.945 0 0 "KDE LDA" 77 2000 3.26767676767677
382.67 20.99 0 0 "KDE LDA" 77 2000 3.27777777777778
382.9 21.05 0 0 "KDE LDA" 77 2000 3.28787878787879
389.505 21.15 0 0 "KDE LDA" 77 2000 3.2979797979798
395.005 21.425 0 0 "KDE LDA" 77 2000 3.30808080808081
397.14 21.55 0 0 "KDE LDA" 77 2000 3.31818181818182
404.275 21.685 0 0 "KDE LDA" 77 2000 3.32828282828283
409.33 21.735 0 0 "KDE LDA" 77 2000 3.33838383838384
425.44 22.095 0 0 "KDE LDA" 77 2000 3.34848484848485
477.78 22.365 0 0 "KDE LDA" 77 2000 3.35858585858586
477.78 22.37 0 0 "KDE LDA" 77 2000 3.36868686868687
482.155 22.42 0 0 "KDE LDA" 77 2000 3.37878787878788
493.27 22.48 0 0 "KDE LDA" 77 2000 3.38888888888889
503.8 22.485 0 0 "KDE LDA" 77 2000 3.3989898989899
503.96 22.49 0 0 "KDE LDA" 77 2000 3.40909090909091
504.01 22.545 0 0 "KDE LDA" 77 2000 3.41919191919192
506.215 22.625 0 0 "KDE LDA" 77 2000 3.42929292929293
508.025 22.63 0 0 "KDE LDA" 77 2000 3.43939393939394
509.95 22.675 0 0 "KDE LDA" 77 2000 3.44949494949495
521.18 22.71 0 0 "KDE LDA" 77 2000 3.45959595959596
521.195 22.71 0 0 "KDE LDA" 77 2000 3.46969696969697
522 22.775 0 0 "KDE LDA" 77 2000 3.47979797979798
537.045 22.795 0 0 "KDE LDA" 77 2000 3.48989898989899
538.51 23.135 0 0 "KDE LDA" 77 2000 3.5
101.105 11.43 0 0 "KDE QDA" 77 2000 2.7
101.105 11.435 0 0 "KDE QDA" 77 2000 2.71010101010101
101.71 11.435 0 0 "KDE QDA" 77 2000 2.72020202020202
101.715 11.44 0 0 "KDE QDA" 77 2000 2.73030303030303
101.795 11.445 0 0 "KDE QDA" 77 2000 2.74040404040404
101.88 11.445 0 0 "KDE QDA" 77 2000 2.75050505050505
101.88 11.445 0 0 "KDE QDA" 77 2000 2.76060606060606
101.88 11.445 0 0 "KDE QDA" 77 2000 2.77070707070707
101.885 11.445 0 0 "KDE QDA" 77 2000 2.78080808080808
104.47 11.515 0 0 "KDE QDA" 77 2000 2.79090909090909
122.705 12.635 0 0 "KDE QDA" 77 2000 2.8010101010101
122.705 12.635 0 0 "KDE QDA" 77 2000 2.81111111111111
122.905 12.635 0 0 "KDE QDA" 77 2000 2.82121212121212
131.37 12.735 0 0 "KDE QDA" 77 2000 2.83131313131313
134.68 12.735 0 0 "KDE QDA" 77 2000 2.84141414141414
134.72 12.735 0 0 "KDE QDA" 77 2000 2.85151515151515
134.725 12.74 0 0 "KDE QDA" 77 2000 2.86161616161616
134.73 12.745 0 0 "KDE QDA" 77 2000 2.87171717171717
134.74 12.745 0 0 "KDE QDA" 77 2000 2.88181818181818
134.745 12.745 0 0 "KDE QDA" 77 2000 2.89191919191919
136.34 12.765 0 0 "KDE QDA" 77 2000 2.9020202020202
136.34 12.765 0 0 "KDE QDA" 77 2000 2.91212121212121
136.34 12.775 0 0 "KDE QDA" 77 2000 2.92222222222222
136.34 12.78 0 0 "KDE QDA" 77 2000 2.93232323232323
136.345 12.78 0 0 "KDE QDA" 77 2000 2.94242424242424
136.385 12.78 0 0 "KDE QDA" 77 2000 2.95252525252525
142.3 12.97 0 0 "KDE QDA" 77 2000 2.96262626262626
143.62 12.975 0 0 "KDE QDA" 77 2000 2.97272727272727
146.725 12.985 0 0 "KDE QDA" 77 2000 2.98282828282828
146.725 13.1 0 0 "KDE QDA" 77 2000 2.99292929292929
148.61 13.1 0 0 "KDE QDA" 77 2000 3.0030303030303
150.225 13.1 0 0 "KDE QDA" 77 2000 3.01313131313131
150.225 13.11 0 0 "KDE QDA" 77 2000 3.02323232323232
150.225 13.11 0 0 "KDE QDA" 77 2000 3.03333333333333
150.78 13.11 0 0 "KDE QDA" 77 2000 3.04343434343434
153.09 13.11 0 0 "KDE QDA" 77 2000 3.05353535353535
153.835 13.13 0 0 "KDE QDA" 77 2000 3.06363636363636
153.845 13.13 0 0 "KDE QDA" 77 2000 3.07373737373737
154.33 13.13 0 0 "KDE QDA" 77 2000 3.08383838383838
166.11 13.6 0 0 "KDE QDA" 77 2000 3.09393939393939
167.86 13.61 0 0 "KDE QDA" 77 2000 3.1040404040404
167.875 13.615 0 0 "KDE QDA" 77 2000 3.11414141414141
170.065 13.675 0 0 "KDE QDA" 77 2000 3.12424242424242
170.37 13.68 0 0 "KDE QDA" 77 2000 3.13434343434343
171.27 13.715 0 0 "KDE QDA" 77 2000 3.14444444444444
174.035 13.725 0 0 "KDE QDA" 77 2000 3.15454545454545
174.045 13.73 0 0 "KDE QDA" 77 2000 3.16464646464646
174.045 13.74 0 0 "KDE QDA" 77 2000 3.17474747474748
174.045 13.74 0 0 "KDE QDA" 77 2000 3.18484848484849
174.965 13.755 0 0 "KDE QDA" 77 2000 3.19494949494949
174.965 13.765 0 0 "KDE QDA" 77 2000 3.20505050505051
174.965 13.78 0 0 "KDE QDA" 77 2000 3.21515151515152
192.635 14.195 0 0 "KDE QDA" 77 2000 3.22525252525253
193.66 14.21 0 0 "KDE QDA" 77 2000 3.23535353535354
193.705 14.21 0 0 "KDE QDA" 77 2000 3.24545454545455
202.185 14.52 0 0 "KDE QDA" 77 2000 3.25555555555556
204.075 14.53 0 0 "KDE QDA" 77 2000 3.26565656565657
205.715 14.53 0 0 "KDE QDA" 77 2000 3.27575757575758
205.725 14.625 0 0 "KDE QDA" 77 2000 3.28585858585859
206.645 14.64 0 0 "KDE QDA" 77 2000 3.2959595959596
206.67 14.64 0 0 "KDE QDA" 77 2000 3.30606060606061
207.525 14.64 0 0 "KDE QDA" 77 2000 3.31616161616162
207.54 14.64 0 0 "KDE QDA" 77 2000 3.32626262626263
208.375 14.64 0 0 "KDE QDA" 77 2000 3.33636363636364
210.05 14.64 0 0 "KDE QDA" 77 2000 3.34646464646465
213.06 14.645 0 0 "KDE QDA" 77 2000 3.35656565656566
235.205 15.935 0 0 "KDE QDA" 77 2000 3.36666666666667
235.21 15.935 0 0 "KDE QDA" 77 2000 3.37676767676768
241.825 16.04 0 0 "KDE QDA" 77 2000 3.38686868686869
244.55 16.045 0 0 "KDE QDA" 77 2000 3.3969696969697
244.875 16.05 0 0 "KDE QDA" 77 2000 3.40707070707071
248.155 16.07 0 0 "KDE QDA" 77 2000 3.41717171717172
248.48 16.075 0 0 "KDE QDA" 77 2000 3.42727272727273
249.65 16.08 0 0 "KDE QDA" 77 2000 3.43737373737374
250.115 16.08 0 0 "KDE QDA" 77 2000 3.44747474747475
252.61 16.085 0 0 "KDE QDA" 77 2000 3.45757575757576
253.045 16.085 0 0 "KDE QDA" 77 2000 3.46767676767677
253.045 16.095 0 0 "KDE QDA" 77 2000 3.47777777777778
253.05 16.115 0 0 "KDE QDA" 77 2000 3.48787878787879
254.925 16.12 0 0 "KDE QDA" 77 2000 3.4979797979798
254.93 16.12 0 0 "KDE QDA" 77 2000 3.50808080808081
275.25 16.27 0 0 "KDE QDA" 77 2000 3.51818181818182
277.52 16.28 0 0 "KDE QDA" 77 2000 3.52828282828283
277.52 16.295 0 0 "KDE QDA" 77 2000 3.53838383838384
280.11 16.44 0 0 "KDE QDA" 77 2000 3.54848484848485
280.78 16.445 0 0 "KDE QDA" 77 2000 3.55858585858586
280.78 16.445 0 0 "KDE QDA" 77 2000 3.56868686868687
283.565 16.5 0 0 "KDE QDA" 77 2000 3.57878787878788
283.565 16.5 0 0 "KDE QDA" 77 2000 3.58888888888889
284.575 16.525 0 0 "KDE QDA" 77 2000 3.5989898989899
286.18 16.525 0 0 "KDE QDA" 77 2000 3.60909090909091
288.32 16.535 0 0 "KDE QDA" 77 2000 3.61919191919192
288.325 16.535 0 0 "KDE QDA" 77 2000 3.62929292929293
288.335 16.56 0 0 "KDE QDA" 77 2000 3.63939393939394
288.335 16.56 0 0 "KDE QDA" 77 2000 3.64949494949495
298.91 17.09 0 0 "KDE QDA" 77 2000 3.65959595959596
298.925 17.14 0 0 "KDE QDA" 77 2000 3.66969696969697
299.485 17.16 0 0 "KDE QDA" 77 2000 3.67979797979798
301.375 17.185 0 0 "KDE QDA" 77 2000 3.68989898989899
302.145 17.19 0 0 "KDE QDA" 77 2000 3.7
