44.501 0 41.335415996644 "LDA" 21 3 1 1.5
47.222 0 44.4656486505022 "LDA" 21 3 1 1.53535353535354
49.69 0 47.5199541881728 "LDA" 21 3 1 1.57070707070707
52.549 0 49.9060538733851 "LDA" 21 3 1 1.60606060606061
54.875 0 52.3561318236894 "LDA" 21 3 1 1.64141414141414
56.415 0 53.3741283073792 "LDA" 21 3 1 1.67676767676768
59.203 0 56.4391811791434 "LDA" 21 3 1 1.71212121212121
62.042 0 59.0903537466641 "LDA" 21 3 1 1.74747474747475
64.685 0 61.098353363931 "LDA" 21 3 1 1.78282828282828
67.679 0 62.8589150574698 "LDA" 21 3 1 1.81818181818182
71.592 0 68.1889233326445 "LDA" 21 3 1 1.85353535353535
75.432 0 71.2319968369087 "LDA" 21 3 1 1.88888888888889
79.055 0 73.8063910400607 "LDA" 21 3 1 1.92424242424242
83.444 0 78.4065587336445 "LDA" 21 3 1 1.95959595959596
88.687 0 85.293962805647 "LDA" 21 3 1 1.99494949494949
93.992 0 89.9452059649433 "LDA" 21 3 1 2.03030303030303
98.248 0 93.335330823756 "LDA" 21 3 1 2.06565656565657
102.341 0 97.030354057937 "LDA" 21 3 1 2.1010101010101
106.723 0 100.780290423961 "LDA" 21 3 1 2.13636363636364
110.977 0 104.293814153432 "LDA" 21 3 1 2.17171717171717
116.337 0 109.785993621206 "LDA" 21 3 1 2.20707070707071
122.319 0 115.345992288146 "LDA" 21 3 1 2.24242424242424
128.107 0 121.437706943386 "LDA" 21 3 1 2.27777777777778
134.671 0 125.345882857593 "LDA" 21 3 1 2.31313131313131
140.799 0 130.424802964115 "LDA" 21 3 1 2.34848484848485
148.848 0 136.869471205774 "LDA" 21 3 1 2.38383838383838
155.534 0 142.812612490236 "LDA" 21 3 1 2.41919191919192
165.178 0 150.375966321907 "LDA" 21 3 1 2.45454545454545
172.542 0 157.858587253179 "LDA" 21 3 1 2.48989898989899
178.223 0 162.712472231294 "LDA" 21 3 1 2.52525252525253
186.072 0 174.031945153566 "LDA" 21 3 1 2.56060606060606
198.359 0 180.794144378743 "LDA" 21 3 1 2.5959595959596
207.04 0 189.308981008008 "LDA" 21 3 1 2.63131313131313
214.778 0 198.040639291058 "LDA" 21 3 1 2.66666666666667
226.214 0 213.827201909103 "LDA" 21 3 1 2.7020202020202
235.399 0 223.650654849062 "LDA" 21 3 1 2.73737373737374
246.800800800801 1 229.454042620105 "LDA" 21 3 1 2.77272727272727
254.584584584585 1 235.137154796374 "LDA" 21 3 1 2.80808080808081
265.832832832833 1 248.77996709369 "LDA" 21 3 1 2.84343434343434
273.001001001001 1 254.956554511501 "LDA" 21 3 1 2.87878787878788
281.742742742743 1 261.915261283246 "LDA" 21 3 1 2.91414141414141
300.800800800801 1 280.431987402429 "LDA" 21 3 1 2.94949494949495
313.490490490491 1 295.526298738627 "LDA" 21 3 1 2.98484848484848
325.664664664665 1 305.568363401853 "LDA" 21 3 1 3.02020202020202
339.092092092092 1 320.097535748578 "LDA" 21 3 1 3.05555555555556
348.56956956957 1 324.543148788827 "LDA" 21 3 1 3.09090909090909
364.48997995992 2 339.301922753397 "LDA" 21 3 1 3.12626262626263
374.946893787575 2 346.687277514682 "LDA" 21 3 1 3.16161616161616
391.493467336683 5 359.568681237254 "LDA" 21 3 1 3.1969696969697
401.792964824121 5 367.134832537486 "LDA" 21 3 1 3.23232323232323
411.935613682093 6 372.180207192235 "LDA" 21 3 1 3.26767676767677
425.467741935484 8 376.187249367951 "LDA" 21 3 1 3.3030303030303
433.299898682877 13 378.815434074822 "LDA" 21 3 1 3.33838383838384
446.231237322515 14 384.199323371446 "LDA" 21 3 1 3.37373737373737
456.762195121951 16 389.078377814896 "LDA" 21 3 1 3.40909090909091
471.222676200204 21 400.575873111713 "LDA" 21 3 1 3.44444444444444
483.57641025641 25 405.313745253999 "LDA" 21 3 1 3.47979797979798
491.735596707819 28 406.75182787957 "LDA" 21 3 1 3.51515151515152
508.210526315789 31 421.405081629264 "LDA" 21 3 1 3.55050505050505
521.519131334023 33 428.502261114934 "LDA" 21 3 1 3.58585858585859
537.536382536383 38 438.400160296484 "LDA" 21 3 1 3.62121212121212
551.588296760711 43 442.877796301681 "LDA" 21 3 1 3.65656565656566
564.485294117647 48 449.748699306612 "LDA" 21 3 1 3.69191919191919
571.929936305732 58 452.266326811401 "LDA" 21 3 1 3.72727272727273
588.366452991453 64 464.123044383642 "LDA" 21 3 1 3.76262626262626
601.559741657696 71 471.998498835941 "LDA" 21 3 1 3.7979797979798
610.984832069339 77 472.794261900869 "LDA" 21 3 1 3.83333333333333
623.774017467249 84 480.03642191236 "LDA" 21 3 1 3.86868686868687
643.628445424476 93 493.918710842836 "LDA" 21 3 1 3.9040404040404
657.356666666667 100 500.43684866269 "LDA" 21 3 1 3.93939393939394
660.379661016949 115 499.019641197408 "LDA" 21 3 1 3.97474747474747
673.744874715262 122 504.209428773185 "LDA" 21 3 1 4.01010101010101
681.998847926267 132 510.488380267878 "LDA" 21 3 1 4.04545454545454
689.657678780774 147 511.590532837514 "LDA" 21 3 1 4.08080808080808
700.976387249115 153 515.603242749214 "LDA" 21 3 1 4.11616161616162
717.033613445378 167 525.395102082095 "LDA" 21 3 1 4.15151515151515
726.616038882138 177 526.971253051747 "LDA" 21 3 1 4.18686868686869
740.049200492005 187 529.615321910107 "LDA" 21 3 1 4.22222222222222
751.661290322581 194 531.77526020798 "LDA" 21 3 1 4.25757575757576
756.678073510773 211 532.208474846861 "LDA" 21 3 1 4.29292929292929
771.204896907216 224 540.962309129361 "LDA" 21 3 1 4.32828282828283
781.195281782438 237 543.386399719648 "LDA" 21 3 1 4.36363636363636
794.44708994709 244 549.126175061083 "LDA" 21 3 1 4.3989898989899
802.785234899329 255 548.089579982072 "LDA" 21 3 1 4.43434343434343
813.558743169399 268 547.725178067912 "LDA" 21 3 1 4.46969696969697
819.366433566434 285 550.047454019048 "LDA" 21 3 1 4.50505050505051
833.563480741797 299 553.368844217085 "LDA" 21 3 1 4.54040404040404
844.127192982456 316 555.29653341328 "LDA" 21 3 1 4.57575757575758
847.47102526003 327 557.098779505464 "LDA" 21 3 1 4.61111111111111
853.584218512898 341 560.276747286516 "LDA" 21 3 1 4.64646464646465
863.077639751553 356 564.807855019543 "LDA" 21 3 1 4.68181818181818
872.678855325914 371 564.69615460028 "LDA" 21 3 1 4.71717171717172
880.195439739414 386 566.828670334002 "LDA" 21 3 1 4.75252525252525
890.459866220736 402 564.536691403686 "LDA" 21 3 1 4.78787878787879
897.639316239316 415 565.755487893598 "LDA" 21 3 1 4.82323232323232
905.320490367776 429 568.011777661225 "LDA" 21 3 1 4.85858585858586
907.540834845735 449 567.059853873414 "LDA" 21 3 1 4.89393939393939
906.024163568773 462 567.238028338246 "LDA" 21 3 1 4.92929292929293
914.021113243762 479 568.845289173526 "LDA" 21 3 1 4.96464646464646
918.657480314961 492 570.07757249508 "LDA" 21 3 1 5
30.135 0 24.6551546669586 "uLSIF" 21 3 1 1.5
31.584 0 25.5901504450404 "uLSIF" 21 3 1 1.53535353535354
32.729 0 26.136347634428 "uLSIF" 21 3 1 1.57070707070707
34.013 0 27.6111065371202 "uLSIF" 21 3 1 1.60606060606061
35.312 0 28.6962040717606 "uLSIF" 21 3 1 1.64141414141414
36.886 0 30.7613273976151 "uLSIF" 21 3 1 1.67676767676768
38.041 0 31.7616454410209 "uLSIF" 21 3 1 1.71212121212121
39.751 0 32.8236254760103 "uLSIF" 21 3 1 1.74747474747475
41.45 0 34.2944545022896 "uLSIF" 21 3 1 1.78282828282828
42.592 0 34.819533827091 "uLSIF" 21 3 1 1.81818181818182
44.128 0 35.5396494451293 "uLSIF" 21 3 1 1.85353535353535
45.32 0 36.1257895785362 "uLSIF" 21 3 1 1.88888888888889
46.635 0 36.8632971623223 "uLSIF" 21 3 1 1.92424242424242
48.214 0 38.3732029769044 "uLSIF" 21 3 1 1.95959595959596
49.601 0 39.0334396179533 "uLSIF" 21 3 1 1.99494949494949
52.118 0 42.836211515691 "uLSIF" 21 3 1 2.03030303030303
53.587 0 43.7453779168621 "uLSIF" 21 3 1 2.06565656565657
55.82 0 47.1220764619949 "uLSIF" 21 3 1 2.1010101010101
57.349 0 48.6353224888413 "uLSIF" 21 3 1 2.13636363636364
59.14 0 50.1346774786264 "uLSIF" 21 3 1 2.17171717171717
60.99 0 52.9902431195203 "uLSIF" 21 3 1 2.20707070707071
62.532 0 53.9128702034456 "uLSIF" 21 3 1 2.24242424242424
64.301 0 55.680991117003 "uLSIF" 21 3 1 2.27777777777778
66.862 0 57.5482819966049 "uLSIF" 21 3 1 2.31313131313131
68.133 0 58.5579229595905 "uLSIF" 21 3 1 2.34848484848485
70.739 0 62.0525535203701 "uLSIF" 21 3 1 2.38383838383838
72.374 0 63.2659521757533 "uLSIF" 21 3 1 2.41919191919192
74.176 0 64.7391085525293 "uLSIF" 21 3 1 2.45454545454545
75.729 0 65.5080519009981 "uLSIF" 21 3 1 2.48989898989899
78.398 0 68.47063475552 "uLSIF" 21 3 1 2.52525252525253
81.018 0 69.9301072206807 "uLSIF" 21 3 1 2.56060606060606
83.656 0 72.2616454933695 "uLSIF" 21 3 1 2.5959595959596
86.181 0 74.4120244879038 "uLSIF" 21 3 1 2.63131313131313
89.155 0 76.4364147543597 "uLSIF" 21 3 1 2.66666666666667
91.203 0 78.0425167804411 "uLSIF" 21 3 1 2.7020202020202
93.537 0 79.6062169731785 "uLSIF" 21 3 1 2.73737373737374
95.765 0 81.7141050857804 "uLSIF" 21 3 1 2.77272727272727
99.36 0 85.1857089247076 "uLSIF" 21 3 1 2.80808080808081
101.91 0 87.6244483231931 "uLSIF" 21 3 1 2.84343434343434
104.031 0 89.4907852219414 "uLSIF" 21 3 1 2.87878787878788
105.837 0 90.988369115587 "uLSIF" 21 3 1 2.91414141414141
108.474 0 92.9881288988875 "uLSIF" 21 3 1 2.94949494949495
110.57 0 94.1971347770207 "uLSIF" 21 3 1 2.98484848484848
113.558 0 96.9056310919925 "uLSIF" 21 3 1 3.02020202020202
117.08 0 100.103248000553 "uLSIF" 21 3 1 3.05555555555556
119.656 0 103.642565799219 "uLSIF" 21 3 1 3.09090909090909
122.259 0 105.275946654228 "uLSIF" 21 3 1 3.12626262626263
127.098 0 110.480887136294 "uLSIF" 21 3 1 3.16161616161616
131.329 0 114.742069449272 "uLSIF" 21 3 1 3.1969696969697
133.564 0 116.409583347313 "uLSIF" 21 3 1 3.23232323232323
137.089 0 117.98309662867 "uLSIF" 21 3 1 3.26767676767677
141.428 0 123.147725022341 "uLSIF" 21 3 1 3.3030303030303
143.787 0 125.121177024275 "uLSIF" 21 3 1 3.33838383838384
147.433 0 131.8512277427 "uLSIF" 21 3 1 3.37373737373737
150.824 0 135.979341833256 "uLSIF" 21 3 1 3.40909090909091
155.006 0 138.67402947362 "uLSIF" 21 3 1 3.44444444444444
158.565 0 140.782596632235 "uLSIF" 21 3 1 3.47979797979798
161.957 0 143.471778766078 "uLSIF" 21 3 1 3.51515151515152
166.729 0 146.728329785907 "uLSIF" 21 3 1 3.55050505050505
171.951 0 151.872848004378 "uLSIF" 21 3 1 3.58585858585859
174.452 0 154.516364838819 "uLSIF" 21 3 1 3.62121212121212
180.103 0 161.957990793236 "uLSIF" 21 3 1 3.65656565656566
183.587 0 163.7508863603 "uLSIF" 21 3 1 3.69191919191919
189.299 0 170.417145858633 "uLSIF" 21 3 1 3.72727272727273
193.57 0 172.96866554165 "uLSIF" 21 3 1 3.76262626262626
198.605 0 179.425345002955 "uLSIF" 21 3 1 3.7979797979798
201.535 0 181.63227978545 "uLSIF" 21 3 1 3.83333333333333
204.977 0 184.531754555793 "uLSIF" 21 3 1 3.86868686868687
210.871 0 191.852186906015 "uLSIF" 21 3 1 3.9040404040404
214.854 0 195.856545641116 "uLSIF" 21 3 1 3.93939393939394
220.336 0 200.584758517065 "uLSIF" 21 3 1 3.97474747474747
224.463 0 201.812747407135 "uLSIF" 21 3 1 4.01010101010101
230.117 0 206.910428050971 "uLSIF" 21 3 1 4.04545454545454
232.695 0 207.153533789703 "uLSIF" 21 3 1 4.08080808080808
238.102 0 210.287647023049 "uLSIF" 21 3 1 4.11616161616162
241.623 0 213.764215927295 "uLSIF" 21 3 1 4.15151515151515
249.217 0 220.030491814949 "uLSIF" 21 3 1 4.18686868686869
254.683 0 223.814363659664 "uLSIF" 21 3 1 4.22222222222222
257.231231231231 1 224.996476448887 "uLSIF" 21 3 1 4.25757575757576
262.431431431431 1 231.247650809826 "uLSIF" 21 3 1 4.29292929292929
266.620620620621 1 233.633581739115 "uLSIF" 21 3 1 4.32828282828283
272.778778778779 1 244.284325681484 "uLSIF" 21 3 1 4.36363636363636
278.90990990991 1 248.799659229585 "uLSIF" 21 3 1 4.3989898989899
284.352352352352 1 251.479195050124 "uLSIF" 21 3 1 4.43434343434343
288.692692692693 1 254.555695006765 "uLSIF" 21 3 1 4.46969696969697
291.980961923848 2 258.744524241095 "uLSIF" 21 3 1 4.50505050505051
297.560120240481 2 263.778481219087 "uLSIF" 21 3 1 4.54040404040404
301.648296593186 2 264.638663878433 "uLSIF" 21 3 1 4.57575757575758
305.0250501002 2 265.058310750751 "uLSIF" 21 3 1 4.61111111111111
309.220440881764 2 269.91101379735 "uLSIF" 21 3 1 4.64646464646465
314.071142284569 2 275.777452957229 "uLSIF" 21 3 1 4.68181818181818
319.062124248497 2 280.261359157138 "uLSIF" 21 3 1 4.71717171717172
324.550100200401 2 288.400408080733 "uLSIF" 21 3 1 4.75252525252525
326.622244488978 2 289.276402593548 "uLSIF" 21 3 1 4.78787878787879
334.491983967936 2 298.559811963753 "uLSIF" 21 3 1 4.82323232323232
338.48496993988 2 301.663364748594 "uLSIF" 21 3 1 4.85858585858586
350.990981963928 2 316.305866404979 "uLSIF" 21 3 1 4.89393939393939
357.036072144289 2 319.462818146238 "uLSIF" 21 3 1 4.92929292929293
365.070140280561 2 327.816375151751 "uLSIF" 21 3 1 4.96464646464646
371.637913741224 3 331.608106099632 "uLSIF" 21 3 1 5
