125.26 15.475 0 0 "KDE LDA" 80 1500 2.5
125.985 15.5 0 0 "KDE LDA" 80 1500 2.51010101010101
129.49 15.56 0 0 "KDE LDA" 80 1500 2.52020202020202
135.715 15.86 0 0 "KDE LDA" 80 1500 2.53030303030303
135.78 15.955 0 0 "KDE LDA" 80 1500 2.54040404040404
135.785 15.96 0 0 "KDE LDA" 80 1500 2.55050505050505
135.785 15.96 0 0 "KDE LDA" 80 1500 2.56060606060606
137.745 15.97 0 0 "KDE LDA" 80 1500 2.57070707070707
137.8 15.995 0 0 "KDE LDA" 80 1500 2.58080808080808
138.58 16.04 0 0 "KDE LDA" 80 1500 2.59090909090909
138.885 16.08 0 0 "KDE LDA" 80 1500 2.6010101010101
141.15 16.1 0 0 "KDE LDA" 80 1500 2.61111111111111
148.04 16.12 0 0 "KDE LDA" 80 1500 2.62121212121212
148.045 16.13 0 0 "KDE LDA" 80 1500 2.63131313131313
151.105 16.26 0 0 "KDE LDA" 80 1500 2.64141414141414
153.075 16.35 0 0 "KDE LDA" 80 1500 2.65151515151515
157.28 16.525 0 0 "KDE LDA" 80 1500 2.66161616161616
167.27 16.81 0 0 "KDE LDA" 80 1500 2.67171717171717
169.985 16.925 0 0 "KDE LDA" 80 1500 2.68181818181818
170.02 17.17 0 0 "KDE LDA" 80 1500 2.69191919191919
173.22 17.195 0 0 "KDE LDA" 80 1500 2.7020202020202
173.635 17.26 0 0 "KDE LDA" 80 1500 2.71212121212121
178.485 17.37 0 0 "KDE LDA" 80 1500 2.72222222222222
181.87 17.37 0 0 "KDE LDA" 80 1500 2.73232323232323
184.885 17.41 0 0 "KDE LDA" 80 1500 2.74242424242424
191.675 17.42 0 0 "KDE LDA" 80 1500 2.75252525252525
196.42 17.515 0 0 "KDE LDA" 80 1500 2.76262626262626
197.23 17.67 0 0 "KDE LDA" 80 1500 2.77272727272727
203.59 17.99 0 0 "KDE LDA" 80 1500 2.78282828282828
207.795 18.15 0 0 "KDE LDA" 80 1500 2.79292929292929
247.565 19.275 0 0 "KDE LDA" 80 1500 2.8030303030303
247.565 19.31 0 0 "KDE LDA" 80 1500 2.81313131313131
248.275 19.39 0 0 "KDE LDA" 80 1500 2.82323232323232
249.85 19.595 0 0 "KDE LDA" 80 1500 2.83333333333333
250.195 19.76 0 0 "KDE LDA" 80 1500 2.84343434343434
252.545 19.775 0 0 "KDE LDA" 80 1500 2.85353535353535
253.945 19.85 0 0 "KDE LDA" 80 1500 2.86363636363636
254.12 19.86 0 0 "KDE LDA" 80 1500 2.87373737373737
258.13 19.92 0 0 "KDE LDA" 80 1500 2.88383838383838
258.45 19.93 0 0 "KDE LDA" 80 1500 2.89393939393939
259.925 19.935 0 0 "KDE LDA" 80 1500 2.9040404040404
260.17 19.94 0 0 "KDE LDA" 80 1500 2.91414141414141
264.33 19.97 0 0 "KDE LDA" 80 1500 2.92424242424242
267.21 20.015 0 0 "KDE LDA" 80 1500 2.93434343434343
269.75 20.06 0 0 "KDE LDA" 80 1500 2.94444444444444
269.795 20.09 0 0 "KDE LDA" 80 1500 2.95454545454545
275.885 20.14 0 0 "KDE LDA" 80 1500 2.96464646464646
276.145 20.14 0 0 "KDE LDA" 80 1500 2.97474747474747
277.845 20.145 0 0 "KDE LDA" 80 1500 2.98484848484848
277.86 20.16 0 0 "KDE LDA" 80 1500 2.99494949494949
277.99 20.17 0 0 "KDE LDA" 80 1500 3.00505050505051
278.695 20.18 0 0 "KDE LDA" 80 1500 3.01515151515152
281.075 20.255 0 0 "KDE LDA" 80 1500 3.02525252525253
285.285 20.265 0 0 "KDE LDA" 80 1500 3.03535353535354
288.57 20.525 0 0 "KDE LDA" 80 1500 3.04545454545455
291.865 20.63 0 0 "KDE LDA" 80 1500 3.05555555555556
293.94 20.735 0 0 "KDE LDA" 80 1500 3.06565656565657
298.32 20.87 0 0 "KDE LDA" 80 1500 3.07575757575758
301.24 20.905 0 0 "KDE LDA" 80 1500 3.08585858585859
304.36 21.215 0 0 "KDE LDA" 80 1500 3.0959595959596
306.76 21.23 0 0 "KDE LDA" 80 1500 3.10606060606061
310.885 21.24 0 0 "KDE LDA" 80 1500 3.11616161616162
310.885 21.255 0 0 "KDE LDA" 80 1500 3.12626262626263
313.4 21.28 0 0 "KDE LDA" 80 1500 3.13636363636364
315.305 21.3 0 0 "KDE LDA" 80 1500 3.14646464646465
315.305 21.3 0 0 "KDE LDA" 80 1500 3.15656565656566
315.53 21.335 0 0 "KDE LDA" 80 1500 3.16666666666667
317.24 21.38 0 0 "KDE LDA" 80 1500 3.17676767676768
317.255 21.51 0 0 "KDE LDA" 80 1500 3.18686868686869
322.14 21.58 0 0 "KDE LDA" 80 1500 3.1969696969697
330.67 21.61 0 0 "KDE LDA" 80 1500 3.20707070707071
333.74 21.685 0 0 "KDE LDA" 80 1500 3.21717171717172
352.26 22.4 0 0 "KDE LDA" 80 1500 3.22727272727273
352.27 22.445 0 0 "KDE LDA" 80 1500 3.23737373737374
358.16 22.515 0 0 "KDE LDA" 80 1500 3.24747474747475
358.825 22.535 0 0 "KDE LDA" 80 1500 3.25757575757576
364.43 22.56 0 0 "KDE LDA" 80 1500 3.26767676767677
364.495 22.6 0 0 "KDE LDA" 80 1500 3.27777777777778
370.135 22.69 0 0 "KDE LDA" 80 1500 3.28787878787879
373.22 22.76 0 0 "KDE LDA" 80 1500 3.2979797979798
378.27 23.025 0 0 "KDE LDA" 80 1500 3.30808080808081
382.955 23.11 0 0 "KDE LDA" 80 1500 3.31818181818182
388.895 23.225 0 0 "KDE LDA" 80 1500 3.32828282828283
398.905 23.25 0 0 "KDE LDA" 80 1500 3.33838383838384
408.545 23.32 0 0 "KDE LDA" 80 1500 3.34848484848485
473.04 23.595 0 0 "KDE LDA" 80 1500 3.35858585858586
473.085 23.65 0 0 "KDE LDA" 80 1500 3.36868686868687
476.365 23.695 0 0 "KDE LDA" 80 1500 3.37878787878788
476.895 23.95 0 0 "KDE LDA" 80 1500 3.38888888888889
486.12 23.975 0 0 "KDE LDA" 80 1500 3.3989898989899
491.02 24.335 0 0 "KDE LDA" 80 1500 3.40909090909091
491.045 24.35 0 0 "KDE LDA" 80 1500 3.41919191919192
501.235 24.385 0 0 "KDE LDA" 80 1500 3.42929292929293
501.615 24.395 0 0 "KDE LDA" 80 1500 3.43939393939394
504.19 24.505 0 0 "KDE LDA" 80 1500 3.44949494949495
504.265 24.575 0 0 "KDE LDA" 80 1500 3.45959595959596
504.485 24.59 0 0 "KDE LDA" 80 1500 3.46969696969697
505.755 24.63 0 0 "KDE LDA" 80 1500 3.47979797979798
505.765 24.695 0 0 "KDE LDA" 80 1500 3.48989898989899
505.855 24.76 0 0 "KDE LDA" 80 1500 3.5
98.345 12.57 0 0 "KDE QDA" 80 1500 2.8
99.795 12.585 0 0 "KDE QDA" 80 1500 2.81010101010101
99.82 12.585 0 0 "KDE QDA" 80 1500 2.82020202020202
101.2 12.63 0 0 "KDE QDA" 80 1500 2.83030303030303
102.25 12.63 0 0 "KDE QDA" 80 1500 2.84040404040404
102.345 12.64 0 0 "KDE QDA" 80 1500 2.85050505050505
102.345 12.64 0 0 "KDE QDA" 80 1500 2.86060606060606
102.355 12.645 0 0 "KDE QDA" 80 1500 2.87070707070707
103.77 12.645 0 0 "KDE QDA" 80 1500 2.88080808080808
103.77 12.65 0 0 "KDE QDA" 80 1500 2.89090909090909
103.77 12.65 0 0 "KDE QDA" 80 1500 2.9010101010101
103.77 12.66 0 0 "KDE QDA" 80 1500 2.91111111111111
105.055 12.66 0 0 "KDE QDA" 80 1500 2.92121212121212
105.075 12.7 0 0 "KDE QDA" 80 1500 2.93131313131313
105.08 12.7 0 0 "KDE QDA" 80 1500 2.94141414141414
106.515 12.705 0 0 "KDE QDA" 80 1500 2.95151515151515
109.51 13 0 0 "KDE QDA" 80 1500 2.96161616161616
109.535 13 0 0 "KDE QDA" 80 1500 2.97171717171717
109.975 13 0 0 "KDE QDA" 80 1500 2.98181818181818
111.555 13.01 0 0 "KDE QDA" 80 1500 2.99191919191919
112.555 13.025 0 0 "KDE QDA" 80 1500 3.0020202020202
112.715 13.075 0 0 "KDE QDA" 80 1500 3.01212121212121
113.165 13.08 0 0 "KDE QDA" 80 1500 3.02222222222222
113.37 13.095 0 0 "KDE QDA" 80 1500 3.03232323232323
113.435 13.1 0 0 "KDE QDA" 80 1500 3.04242424242424
113.8 13.1 0 0 "KDE QDA" 80 1500 3.05252525252525
115.05 13.1 0 0 "KDE QDA" 80 1500 3.06262626262626
115.6 13.105 0 0 "KDE QDA" 80 1500 3.07272727272727
117.05 13.11 0 0 "KDE QDA" 80 1500 3.08282828282828
120.585 13.345 0 0 "KDE QDA" 80 1500 3.09292929292929
121.47 13.355 0 0 "KDE QDA" 80 1500 3.1030303030303
122.155 13.36 0 0 "KDE QDA" 80 1500 3.11313131313131
122.585 13.365 0 0 "KDE QDA" 80 1500 3.12323232323232
123.13 13.39 0 0 "KDE QDA" 80 1500 3.13333333333333
123.155 13.39 0 0 "KDE QDA" 80 1500 3.14343434343434
123.44 13.395 0 0 "KDE QDA" 80 1500 3.15353535353535
123.44 13.4 0 0 "KDE QDA" 80 1500 3.16363636363636
123.44 13.47 0 0 "KDE QDA" 80 1500 3.17373737373737
123.44 13.47 0 0 "KDE QDA" 80 1500 3.18383838383838
123.46 13.54 0 0 "KDE QDA" 80 1500 3.19393939393939
124.725 13.545 0 0 "KDE QDA" 80 1500 3.2040404040404
124.73 13.555 0 0 "KDE QDA" 80 1500 3.21414141414141
134.115 13.745 0 0 "KDE QDA" 80 1500 3.22424242424242
136.085 13.83 0 0 "KDE QDA" 80 1500 3.23434343434343
136.1 13.835 0 0 "KDE QDA" 80 1500 3.24444444444444
137.59 13.86 0 0 "KDE QDA" 80 1500 3.25454545454545
139.13 13.865 0 0 "KDE QDA" 80 1500 3.26464646464646
139.19 13.91 0 0 "KDE QDA" 80 1500 3.27474747474747
139.2 13.915 0 0 "KDE QDA" 80 1500 3.28484848484848
139.565 13.93 0 0 "KDE QDA" 80 1500 3.29494949494949
142.555 13.94 0 0 "KDE QDA" 80 1500 3.30505050505051
144.195 13.945 0 0 "KDE QDA" 80 1500 3.31515151515151
145.875 13.98 0 0 "KDE QDA" 80 1500 3.32525252525252
145.88 13.98 0 0 "KDE QDA" 80 1500 3.33535353535354
145.88 13.985 0 0 "KDE QDA" 80 1500 3.34545454545455
149.445 14.02 0 0 "KDE QDA" 80 1500 3.35555555555556
158.825 14.65 0 0 "KDE QDA" 80 1500 3.36565656565657
158.845 14.65 0 0 "KDE QDA" 80 1500 3.37575757575758
165.205 14.685 0 0 "KDE QDA" 80 1500 3.38585858585859
168.225 14.695 0 0 "KDE QDA" 80 1500 3.3959595959596
168.245 14.7 0 0 "KDE QDA" 80 1500 3.40606060606061
168.4 14.715 0 0 "KDE QDA" 80 1500 3.41616161616162
168.425 14.75 0 0 "KDE QDA" 80 1500 3.42626262626263
168.705 14.755 0 0 "KDE QDA" 80 1500 3.43636363636364
169.935 14.76 0 0 "KDE QDA" 80 1500 3.44646464646465
170.725 14.78 0 0 "KDE QDA" 80 1500 3.45656565656566
171.02 14.785 0 0 "KDE QDA" 80 1500 3.46666666666667
171.38 14.79 0 0 "KDE QDA" 80 1500 3.47676767676768
171.42 14.825 0 0 "KDE QDA" 80 1500 3.48686868686869
173.805 14.825 0 0 "KDE QDA" 80 1500 3.4969696969697
173.845 14.825 0 0 "KDE QDA" 80 1500 3.50707070707071
178.85 14.92 0 0 "KDE QDA" 80 1500 3.51717171717172
178.88 14.955 0 0 "KDE QDA" 80 1500 3.52727272727273
178.88 14.955 0 0 "KDE QDA" 80 1500 3.53737373737374
180.275 14.97 0 0 "KDE QDA" 80 1500 3.54747474747475
182.535 14.98 0 0 "KDE QDA" 80 1500 3.55757575757576
183.565 14.98 0 0 "KDE QDA" 80 1500 3.56767676767677
190.345 14.985 0 0 "KDE QDA" 80 1500 3.57777777777778
190.35 15.005 0 0 "KDE QDA" 80 1500 3.58787878787879
191.435 15.07 0 0 "KDE QDA" 80 1500 3.5979797979798
191.475 15.07 0 0 "KDE QDA" 80 1500 3.60808080808081
192.515 15.07 0 0 "KDE QDA" 80 1500 3.61818181818182
192.53 15.075 0 0 "KDE QDA" 80 1500 3.62828282828283
192.56 15.08 0 0 "KDE QDA" 80 1500 3.63838383838384
193.425 15.105 0 0 "KDE QDA" 80 1500 3.64848484848485
196.72 15.4 0 0 "KDE QDA" 80 1500 3.65858585858586
197.905 15.435 0 0 "KDE QDA" 80 1500 3.66868686868687
200.285 15.45 0 0 "KDE QDA" 80 1500 3.67878787878788
200.53 15.47 0 0 "KDE QDA" 80 1500 3.68888888888889
203.785 15.475 0 0 "KDE QDA" 80 1500 3.6989898989899
207.75 15.48 0 0 "KDE QDA" 80 1500 3.70909090909091
208.19 15.48 0 0 "KDE QDA" 80 1500 3.71919191919192
208.655 15.5 0 0 "KDE QDA" 80 1500 3.72929292929293
209.39 15.505 0 0 "KDE QDA" 80 1500 3.73939393939394
210.31 15.52 0 0 "KDE QDA" 80 1500 3.74949494949495
210.335 15.525 0 0 "KDE QDA" 80 1500 3.75959595959596
211.24 15.545 0 0 "KDE QDA" 80 1500 3.76969696969697
212.45 15.655 0 0 "KDE QDA" 80 1500 3.77979797979798
220.64 16.155 0 0 "KDE QDA" 80 1500 3.78989898989899
226.345 16.18 0 0 "KDE QDA" 80 1500 3.8
