136.58 16.63 0 0 "KDE LDA" 101 2000 2.5
138.3 16.79 0 0 "KDE LDA" 101 2000 2.51010101010101
139.175 16.87 0 0 "KDE LDA" 101 2000 2.52020202020202
141.5 16.98 0 0 "KDE LDA" 101 2000 2.53030303030303
142.555 17.01 0 0 "KDE LDA" 101 2000 2.54040404040404
145.335 17.04 0 0 "KDE LDA" 101 2000 2.55050505050505
146.085 17.05 0 0 "KDE LDA" 101 2000 2.56060606060606
148.92 17.105 0 0 "KDE LDA" 101 2000 2.57070707070707
150.27 17.255 0 0 "KDE LDA" 101 2000 2.58080808080808
150.595 17.265 0 0 "KDE LDA" 101 2000 2.59090909090909
151.675 17.335 0 0 "KDE LDA" 101 2000 2.6010101010101
153.145 17.55 0 0 "KDE LDA" 101 2000 2.61111111111111
159.87 17.57 0 0 "KDE LDA" 101 2000 2.62121212121212
160.025 17.71 0 0 "KDE LDA" 101 2000 2.63131313131313
161.97 17.8 0 0 "KDE LDA" 101 2000 2.64141414141414
162.11 17.81 0 0 "KDE LDA" 101 2000 2.65151515151515
168.895 17.89 0 0 "KDE LDA" 101 2000 2.66161616161616
181.16 18.04 0 0 "KDE LDA" 101 2000 2.67171717171717
183.755 18.04 0 0 "KDE LDA" 101 2000 2.68181818181818
183.985 18.075 0 0 "KDE LDA" 101 2000 2.69191919191919
183.985 18.085 0 0 "KDE LDA" 101 2000 2.7020202020202
184.085 18.09 0 0 "KDE LDA" 101 2000 2.71212121212121
184.085 18.15 0 0 "KDE LDA" 101 2000 2.72222222222222
185.675 18.165 0 0 "KDE LDA" 101 2000 2.73232323232323
185.675 18.355 0 0 "KDE LDA" 101 2000 2.74242424242424
187.445 18.355 0 0 "KDE LDA" 101 2000 2.75252525252525
188.64 18.48 0 0 "KDE LDA" 101 2000 2.76262626262626
194.13 18.765 0 0 "KDE LDA" 101 2000 2.77272727272727
195.945 18.94 0 0 "KDE LDA" 101 2000 2.78282828282828
210.02 19.075 0 0 "KDE LDA" 101 2000 2.79292929292929
246.16 19.885 0 0 "KDE LDA" 101 2000 2.8030303030303
246.18 19.895 0 0 "KDE LDA" 101 2000 2.81313131313131
248.99 20.085 0 0 "KDE LDA" 101 2000 2.82323232323232
253.87 20.11 0 0 "KDE LDA" 101 2000 2.83333333333333
253.87 20.11 0 0 "KDE LDA" 101 2000 2.84343434343434
253.9 20.115 0 0 "KDE LDA" 101 2000 2.85353535353535
255.78 20.16 0 0 "KDE LDA" 101 2000 2.86363636363636
258.48 20.195 0 0 "KDE LDA" 101 2000 2.87373737373737
258.485 20.32 0 0 "KDE LDA" 101 2000 2.88383838383838
258.5 20.345 0 0 "KDE LDA" 101 2000 2.89393939393939
258.67 20.35 0 0 "KDE LDA" 101 2000 2.9040404040404
258.685 20.36 0 0 "KDE LDA" 101 2000 2.91414141414141
260.45 20.38 0 0 "KDE LDA" 101 2000 2.92424242424242
263.2 20.39 0 0 "KDE LDA" 101 2000 2.93434343434343
265.39 20.41 0 0 "KDE LDA" 101 2000 2.94444444444444
271.205 20.435 0 0 "KDE LDA" 101 2000 2.95454545454545
282.11 20.46 0 0 "KDE LDA" 101 2000 2.96464646464646
282.14 20.47 0 0 "KDE LDA" 101 2000 2.97474747474747
282.14 20.695 0 0 "KDE LDA" 101 2000 2.98484848484848
283.02 20.705 0 0 "KDE LDA" 101 2000 2.99494949494949
288.32 20.735 0 0 "KDE LDA" 101 2000 3.00505050505051
289.89 20.89 0 0 "KDE LDA" 101 2000 3.01515151515152
293.895 20.9 0 0 "KDE LDA" 101 2000 3.02525252525253
303.83 20.94 0 0 "KDE LDA" 101 2000 3.03535353535354
307.445 20.98 0 0 "KDE LDA" 101 2000 3.04545454545455
308.275 20.995 0 0 "KDE LDA" 101 2000 3.05555555555556
310.23 21.11 0 0 "KDE LDA" 101 2000 3.06565656565657
314.475 21.255 0 0 "KDE LDA" 101 2000 3.07575757575758
317.435 21.39 0 0 "KDE LDA" 101 2000 3.08585858585859
335.555 21.64 0 0 "KDE LDA" 101 2000 3.0959595959596
335.695 21.65 0 0 "KDE LDA" 101 2000 3.10606060606061
338.93 21.67 0 0 "KDE LDA" 101 2000 3.11616161616162
341.525 21.69 0 0 "KDE LDA" 101 2000 3.12626262626263
341.56 21.735 0 0 "KDE LDA" 101 2000 3.13636363636364
341.875 21.745 0 0 "KDE LDA" 101 2000 3.14646464646465
342.175 21.805 0 0 "KDE LDA" 101 2000 3.15656565656566
343.52 21.98 0 0 "KDE LDA" 101 2000 3.16666666666667
350.175 22.035 0 0 "KDE LDA" 101 2000 3.17676767676768
351.375 22.06 0 0 "KDE LDA" 101 2000 3.18686868686869
355.76 22.07 0 0 "KDE LDA" 101 2000 3.1969696969697
361.695 22.23 0 0 "KDE LDA" 101 2000 3.20707070707071
361.765 22.425 0 0 "KDE LDA" 101 2000 3.21717171717172
390.65 22.645 0 0 "KDE LDA" 101 2000 3.22727272727273
391.49 22.67 0 0 "KDE LDA" 101 2000 3.23737373737374
395.33 22.97 0 0 "KDE LDA" 101 2000 3.24747474747475
403.48 22.995 0 0 "KDE LDA" 101 2000 3.25757575757576
404.86 23.06 0 0 "KDE LDA" 101 2000 3.26767676767677
407.625 23.255 0 0 "KDE LDA" 101 2000 3.27777777777778
409.655 23.27 0 0 "KDE LDA" 101 2000 3.28787878787879
411.605 23.3 0 0 "KDE LDA" 101 2000 3.2979797979798
414.53 23.3 0 0 "KDE LDA" 101 2000 3.30808080808081
416.98 23.345 0 0 "KDE LDA" 101 2000 3.31818181818182
425.595 23.35 0 0 "KDE LDA" 101 2000 3.32828282828283
437.76 23.445 0 0 "KDE LDA" 101 2000 3.33838383838384
445.64 23.515 0 0 "KDE LDA" 101 2000 3.34848484848485
488.775 23.75 0 0 "KDE LDA" 101 2000 3.35858585858586
488.82 23.795 0 0 "KDE LDA" 101 2000 3.36868686868687
489.065 23.85 0 0 "KDE LDA" 101 2000 3.37878787878788
491.165 23.92 0 0 "KDE LDA" 101 2000 3.38888888888889
491.18 24 0 0 "KDE LDA" 101 2000 3.3989898989899
491.215 24.06 0 0 "KDE LDA" 101 2000 3.40909090909091
494.72 24.11 0 0 "KDE LDA" 101 2000 3.41919191919192
500.565 24.17 0 0 "KDE LDA" 101 2000 3.42929292929293
530.165 24.195 0 0 "KDE LDA" 101 2000 3.43939393939394
530.165 24.195 0 0 "KDE LDA" 101 2000 3.44949494949495
530.165 24.2 0 0 "KDE LDA" 101 2000 3.45959595959596
530.165 24.3 0 0 "KDE LDA" 101 2000 3.46969696969697
545.855 24.38 0 0 "KDE LDA" 101 2000 3.47979797979798
553.99 24.425 0 0 "KDE LDA" 101 2000 3.48989898989899
569.105 24.435 0 0 "KDE LDA" 101 2000 3.5
104.095 12.745 0 0 "KDE QDA" 101 2000 2.7
104.495 12.76 0 0 "KDE QDA" 101 2000 2.71010101010101
104.865 12.765 0 0 "KDE QDA" 101 2000 2.72020202020202
105.265 12.765 0 0 "KDE QDA" 101 2000 2.73030303030303
105.265 12.765 0 0 "KDE QDA" 101 2000 2.74040404040404
106.485 12.765 0 0 "KDE QDA" 101 2000 2.75050505050505
106.485 12.765 0 0 "KDE QDA" 101 2000 2.76060606060606
106.98 12.78 0 0 "KDE QDA" 101 2000 2.77070707070707
106.99 12.81 0 0 "KDE QDA" 101 2000 2.78080808080808
107.835 12.81 0 0 "KDE QDA" 101 2000 2.79090909090909
125.27 13.955 0 0 "KDE QDA" 101 2000 2.8010101010101
125.32 13.965 0 0 "KDE QDA" 101 2000 2.81111111111111
126.21 13.965 0 0 "KDE QDA" 101 2000 2.82121212121212
130.83 14.055 0 0 "KDE QDA" 101 2000 2.83131313131313
133.01 14.06 0 0 "KDE QDA" 101 2000 2.84141414141414
133.03 14.06 0 0 "KDE QDA" 101 2000 2.85151515151515
133.045 14.065 0 0 "KDE QDA" 101 2000 2.86161616161616
133.045 14.065 0 0 "KDE QDA" 101 2000 2.87171717171717
133.155 14.08 0 0 "KDE QDA" 101 2000 2.88181818181818
133.45 14.08 0 0 "KDE QDA" 101 2000 2.89191919191919
133.565 14.085 0 0 "KDE QDA" 101 2000 2.9020202020202
133.565 14.085 0 0 "KDE QDA" 101 2000 2.91212121212121
134.02 14.085 0 0 "KDE QDA" 101 2000 2.92222222222222
134.02 14.085 0 0 "KDE QDA" 101 2000 2.93232323232323
134.02 14.115 0 0 "KDE QDA" 101 2000 2.94242424242424
134.065 14.13 0 0 "KDE QDA" 101 2000 2.95252525252525
137.665 14.3 0 0 "KDE QDA" 101 2000 2.96262626262626
137.675 14.305 0 0 "KDE QDA" 101 2000 2.97272727272727
138.03 14.31 0 0 "KDE QDA" 101 2000 2.98282828282828
138.705 14.31 0 0 "KDE QDA" 101 2000 2.99292929292929
140.255 14.31 0 0 "KDE QDA" 101 2000 3.0030303030303
140.42 14.315 0 0 "KDE QDA" 101 2000 3.01313131313131
140.44 14.315 0 0 "KDE QDA" 101 2000 3.02323232323232
141.305 14.315 0 0 "KDE QDA" 101 2000 3.03333333333333
142.865 14.315 0 0 "KDE QDA" 101 2000 3.04343434343434
142.865 14.315 0 0 "KDE QDA" 101 2000 3.05353535353535
143.805 14.32 0 0 "KDE QDA" 101 2000 3.06363636363636
145.22 14.335 0 0 "KDE QDA" 101 2000 3.07373737373737
145.61 14.335 0 0 "KDE QDA" 101 2000 3.08383838383838
153.12 14.7 0 0 "KDE QDA" 101 2000 3.09393939393939
154.27 14.715 0 0 "KDE QDA" 101 2000 3.1040404040404
154.52 14.72 0 0 "KDE QDA" 101 2000 3.11414141414141
154.76 14.83 0 0 "KDE QDA" 101 2000 3.12424242424242
157.545 14.85 0 0 "KDE QDA" 101 2000 3.13434343434343
159.385 14.86 0 0 "KDE QDA" 101 2000 3.14444444444444
159.39 14.875 0 0 "KDE QDA" 101 2000 3.15454545454545
159.415 14.88 0 0 "KDE QDA" 101 2000 3.16464646464646
159.42 14.885 0 0 "KDE QDA" 101 2000 3.17474747474748
159.42 14.885 0 0 "KDE QDA" 101 2000 3.18484848484849
159.43 14.905 0 0 "KDE QDA" 101 2000 3.19494949494949
159.43 14.905 0 0 "KDE QDA" 101 2000 3.20505050505051
159.43 14.93 0 0 "KDE QDA" 101 2000 3.21515151515152
170.795 15.61 0 0 "KDE QDA" 101 2000 3.22525252525253
173.79 15.62 0 0 "KDE QDA" 101 2000 3.23535353535354
176.035 15.66 0 0 "KDE QDA" 101 2000 3.24545454545455
176.305 15.8 0 0 "KDE QDA" 101 2000 3.25555555555556
176.35 15.8 0 0 "KDE QDA" 101 2000 3.26565656565657
176.35 15.805 0 0 "KDE QDA" 101 2000 3.27575757575758
176.77 15.89 0 0 "KDE QDA" 101 2000 3.28585858585859
176.77 15.905 0 0 "KDE QDA" 101 2000 3.2959595959596
176.875 15.98 0 0 "KDE QDA" 101 2000 3.30606060606061
176.88 15.99 0 0 "KDE QDA" 101 2000 3.31616161616162
185.255 15.99 0 0 "KDE QDA" 101 2000 3.32626262626263
185.33 15.99 0 0 "KDE QDA" 101 2000 3.33636363636364
187.46 16.015 0 0 "KDE QDA" 101 2000 3.34646464646465
189.27 16.015 0 0 "KDE QDA" 101 2000 3.35656565656566
233.625 16.73 0 0 "KDE QDA" 101 2000 3.36666666666667
233.625 16.735 0 0 "KDE QDA" 101 2000 3.37676767676768
241.88 16.915 0 0 "KDE QDA" 101 2000 3.38686868686869
241.885 16.93 0 0 "KDE QDA" 101 2000 3.3969696969697
241.99 16.945 0 0 "KDE QDA" 101 2000 3.40707070707071
243.095 16.975 0 0 "KDE QDA" 101 2000 3.41717171717172
243.775 16.98 0 0 "KDE QDA" 101 2000 3.42727272727273
247.96 16.98 0 0 "KDE QDA" 101 2000 3.43737373737374
251.19 16.98 0 0 "KDE QDA" 101 2000 3.44747474747475
251.22 16.98 0 0 "KDE QDA" 101 2000 3.45757575757576
251.225 17.01 0 0 "KDE QDA" 101 2000 3.46767676767677
251.225 17.01 0 0 "KDE QDA" 101 2000 3.47777777777778
251.23 17.01 0 0 "KDE QDA" 101 2000 3.48787878787879
251.5 17.015 0 0 "KDE QDA" 101 2000 3.4979797979798
252.52 17.015 0 0 "KDE QDA" 101 2000 3.50808080808081
256.745 17.135 0 0 "KDE QDA" 101 2000 3.51818181818182
261.255 17.185 0 0 "KDE QDA" 101 2000 3.52828282828283
262.97 17.185 0 0 "KDE QDA" 101 2000 3.53838383838384
263.045 17.2 0 0 "KDE QDA" 101 2000 3.54848484848485
265.075 17.205 0 0 "KDE QDA" 101 2000 3.55858585858586
267.925 17.225 0 0 "KDE QDA" 101 2000 3.56868686868687
270.805 17.23 0 0 "KDE QDA" 101 2000 3.57878787878788
270.81 17.23 0 0 "KDE QDA" 101 2000 3.58888888888889
272.03 17.235 0 0 "KDE QDA" 101 2000 3.5989898989899
274.605 17.235 0 0 "KDE QDA" 101 2000 3.60909090909091
274.61 17.265 0 0 "KDE QDA" 101 2000 3.61919191919192
275.385 17.305 0 0 "KDE QDA" 101 2000 3.62929292929293
276.42 17.445 0 0 "KDE QDA" 101 2000 3.63939393939394
278.565 17.45 0 0 "KDE QDA" 101 2000 3.64949494949495
292.57 17.555 0 0 "KDE QDA" 101 2000 3.65959595959596
292.585 17.56 0 0 "KDE QDA" 101 2000 3.66969696969697
293.73 17.595 0 0 "KDE QDA" 101 2000 3.67979797979798
294.91 17.615 0 0 "KDE QDA" 101 2000 3.68989898989899
295.51 17.615 0 0 "KDE QDA" 101 2000 3.7
