125.97 13.76 0 0 "KDE LDA" 106 5000 2.5
126.555 13.89 0 0 "KDE LDA" 106 5000 2.51010101010101
131.14 13.955 0 0 "KDE LDA" 106 5000 2.52020202020202
132.925 14.035 0 0 "KDE LDA" 106 5000 2.53030303030303
138.215 14.04 0 0 "KDE LDA" 106 5000 2.54040404040404
139.45 14.195 0 0 "KDE LDA" 106 5000 2.55050505050505
139.5 14.23 0 0 "KDE LDA" 106 5000 2.56060606060606
139.62 14.235 0 0 "KDE LDA" 106 5000 2.57070707070707
140.63 14.5 0 0 "KDE LDA" 106 5000 2.58080808080808
142.06 14.64 0 0 "KDE LDA" 106 5000 2.59090909090909
143.26 14.66 0 0 "KDE LDA" 106 5000 2.6010101010101
145.295 14.815 0 0 "KDE LDA" 106 5000 2.61111111111111
146.885 14.85 0 0 "KDE LDA" 106 5000 2.62121212121212
149.1 14.865 0 0 "KDE LDA" 106 5000 2.63131313131313
149.72 14.89 0 0 "KDE LDA" 106 5000 2.64141414141414
152.225 14.97 0 0 "KDE LDA" 106 5000 2.65151515151515
156.04 15.16 0 0 "KDE LDA" 106 5000 2.66161616161616
171.575 15.43 0 0 "KDE LDA" 106 5000 2.67171717171717
171.645 15.455 0 0 "KDE LDA" 106 5000 2.68181818181818
172.22 15.465 0 0 "KDE LDA" 106 5000 2.69191919191919
175.8 15.66 0 0 "KDE LDA" 106 5000 2.7020202020202
175.8 15.675 0 0 "KDE LDA" 106 5000 2.71212121212121
179.44 15.725 0 0 "KDE LDA" 106 5000 2.72222222222222
182.155 15.865 0 0 "KDE LDA" 106 5000 2.73232323232323
182.245 15.975 0 0 "KDE LDA" 106 5000 2.74242424242424
186.655 16.04 0 0 "KDE LDA" 106 5000 2.75252525252525
189.155 16.09 0 0 "KDE LDA" 106 5000 2.76262626262626
190.17 16.15 0 0 "KDE LDA" 106 5000 2.77272727272727
196.025 16.24 0 0 "KDE LDA" 106 5000 2.78282828282828
201.1 16.665 0 0 "KDE LDA" 106 5000 2.79292929292929
220.855 16.98 0 0 "KDE LDA" 106 5000 2.8030303030303
226.4 16.99 0 0 "KDE LDA" 106 5000 2.81313131313131
228.17 17.045 0 0 "KDE LDA" 106 5000 2.82323232323232
232.55 17.045 0 0 "KDE LDA" 106 5000 2.83333333333333
232.58 17.06 0 0 "KDE LDA" 106 5000 2.84343434343434
233.605 17.1 0 0 "KDE LDA" 106 5000 2.85353535353535
237.24 17.415 0 0 "KDE LDA" 106 5000 2.86363636363636
237.24 17.43 0 0 "KDE LDA" 106 5000 2.87373737373737
238.975 17.44 0 0 "KDE LDA" 106 5000 2.88383838383838
238.995 17.45 0 0 "KDE LDA" 106 5000 2.89393939393939
243.24 17.47 0 0 "KDE LDA" 106 5000 2.9040404040404
245.375 17.515 0 0 "KDE LDA" 106 5000 2.91414141414141
249.35 17.555 0 0 "KDE LDA" 106 5000 2.92424242424242
251.73 17.57 0 0 "KDE LDA" 106 5000 2.93434343434343
251.85 17.65 0 0 "KDE LDA" 106 5000 2.94444444444444
255.42 17.965 0 0 "KDE LDA" 106 5000 2.95454545454545
259.48 17.995 0 0 "KDE LDA" 106 5000 2.96464646464646
259.575 18.085 0 0 "KDE LDA" 106 5000 2.97474747474747
260.815 18.155 0 0 "KDE LDA" 106 5000 2.98484848484848
260.895 18.17 0 0 "KDE LDA" 106 5000 2.99494949494949
261.845 18.185 0 0 "KDE LDA" 106 5000 3.00505050505051
264.005 18.24 0 0 "KDE LDA" 106 5000 3.01515151515152
265.96 18.27 0 0 "KDE LDA" 106 5000 3.02525252525253
266.645 18.33 0 0 "KDE LDA" 106 5000 3.03535353535354
270.07 18.36 0 0 "KDE LDA" 106 5000 3.04545454545455
286.38 18.37 0 0 "KDE LDA" 106 5000 3.05555555555556
286.82 18.39 0 0 "KDE LDA" 106 5000 3.06565656565657
287.03 18.42 0 0 "KDE LDA" 106 5000 3.07575757575758
292.15 18.61 0 0 "KDE LDA" 106 5000 3.08585858585859
297.72 18.71 0 0 "KDE LDA" 106 5000 3.0959595959596
297.765 18.88 0 0 "KDE LDA" 106 5000 3.10606060606061
300.81 18.955 0 0 "KDE LDA" 106 5000 3.11616161616162
304.16 18.965 0 0 "KDE LDA" 106 5000 3.12626262626263
306.2 18.975 0 0 "KDE LDA" 106 5000 3.13636363636364
309.02 18.995 0 0 "KDE LDA" 106 5000 3.14646464646465
310.66 19.01 0 0 "KDE LDA" 106 5000 3.15656565656566
319.265 19.035 0 0 "KDE LDA" 106 5000 3.16666666666667
321.695 19.055 0 0 "KDE LDA" 106 5000 3.17676767676768
321.74 19.105 0 0 "KDE LDA" 106 5000 3.18686868686869
325.08 19.17 0 0 "KDE LDA" 106 5000 3.1969696969697
330.77 19.195 0 0 "KDE LDA" 106 5000 3.20707070707071
345.635 19.57 0 0 "KDE LDA" 106 5000 3.21717171717172
362.185 19.855 0 0 "KDE LDA" 106 5000 3.22727272727273
364.2 20.03 0 0 "KDE LDA" 106 5000 3.23737373737374
365.335 20.1 0 0 "KDE LDA" 106 5000 3.24747474747475
366.285 20.255 0 0 "KDE LDA" 106 5000 3.25757575757576
368.125 20.26 0 0 "KDE LDA" 106 5000 3.26767676767677
370.655 20.34 0 0 "KDE LDA" 106 5000 3.27777777777778
377.78 20.355 0 0 "KDE LDA" 106 5000 3.28787878787879
377.785 20.43 0 0 "KDE LDA" 106 5000 3.2979797979798
379.155 20.485 0 0 "KDE LDA" 106 5000 3.30808080808081
380.325 20.5 0 0 "KDE LDA" 106 5000 3.31818181818182
389.3 20.53 0 0 "KDE LDA" 106 5000 3.32828282828283
408.43 20.665 0 0 "KDE LDA" 106 5000 3.33838383838384
414.06 20.77 0 0 "KDE LDA" 106 5000 3.34848484848485
455.475 21.395 0 0 "KDE LDA" 106 5000 3.35858585858586
462.875 21.505 0 0 "KDE LDA" 106 5000 3.36868686868687
469.35 21.56 0 0 "KDE LDA" 106 5000 3.37878787878788
488.88 21.585 0 0 "KDE LDA" 106 5000 3.38888888888889
498.265 21.585 0 0 "KDE LDA" 106 5000 3.3989898989899
498.28 21.6 0 0 "KDE LDA" 106 5000 3.40909090909091
499.42 21.64 0 0 "KDE LDA" 106 5000 3.41919191919192
511.685 21.68 0 0 "KDE LDA" 106 5000 3.42929292929293
512.655 21.865 0 0 "KDE LDA" 106 5000 3.43939393939394
514.125 22.24 0 0 "KDE LDA" 106 5000 3.44949494949495
514.46 22.28 0 0 "KDE LDA" 106 5000 3.45959595959596
520.105 22.375 0 0 "KDE LDA" 106 5000 3.46969696969697
529.285 22.395 0 0 "KDE LDA" 106 5000 3.47979797979798
535.26 22.43 0 0 "KDE LDA" 106 5000 3.48989898989899
535.64 22.48 0 0 "KDE LDA" 106 5000 3.5
110.63 12.725 0 0 "KDE QDA" 106 5000 2.7
110.63 12.725 0 0 "KDE QDA" 106 5000 2.71010101010101
110.635 12.74 0 0 "KDE QDA" 106 5000 2.72020202020202
110.635 12.74 0 0 "KDE QDA" 106 5000 2.73030303030303
110.635 12.74 0 0 "KDE QDA" 106 5000 2.74040404040404
110.635 12.74 0 0 "KDE QDA" 106 5000 2.75050505050505
110.635 12.74 0 0 "KDE QDA" 106 5000 2.76060606060606
110.635 12.74 0 0 "KDE QDA" 106 5000 2.77070707070707
110.635 12.74 0 0 "KDE QDA" 106 5000 2.78080808080808
110.635 12.74 0 0 "KDE QDA" 106 5000 2.79090909090909
140.07 13.675 0 0 "KDE QDA" 106 5000 2.8010101010101
140.07 13.675 0 0 "KDE QDA" 106 5000 2.81111111111111
140.07 13.675 0 0 "KDE QDA" 106 5000 2.82121212121212
144.145 13.87 0 0 "KDE QDA" 106 5000 2.83131313131313
144.145 13.87 0 0 "KDE QDA" 106 5000 2.84141414141414
144.15 13.935 0 0 "KDE QDA" 106 5000 2.85151515151515
144.15 13.935 0 0 "KDE QDA" 106 5000 2.86161616161616
144.15 13.935 0 0 "KDE QDA" 106 5000 2.87171717171717
144.44 13.94 0 0 "KDE QDA" 106 5000 2.88181818181818
144.44 13.94 0 0 "KDE QDA" 106 5000 2.89191919191919
144.44 13.94 0 0 "KDE QDA" 106 5000 2.9020202020202
144.44 13.94 0 0 "KDE QDA" 106 5000 2.91212121212121
144.44 13.94 0 0 "KDE QDA" 106 5000 2.92222222222222
144.44 13.94 0 0 "KDE QDA" 106 5000 2.93232323232323
144.465 13.945 0 0 "KDE QDA" 106 5000 2.94242424242424
144.47 13.945 0 0 "KDE QDA" 106 5000 2.95252525252525
150.545 14.155 0 0 "KDE QDA" 106 5000 2.96262626262626
150.545 14.155 0 0 "KDE QDA" 106 5000 2.97272727272727
150.56 14.23 0 0 "KDE QDA" 106 5000 2.98282828282828
150.925 14.23 0 0 "KDE QDA" 106 5000 2.99292929292929
151.42 14.23 0 0 "KDE QDA" 106 5000 3.0030303030303
151.42 14.23 0 0 "KDE QDA" 106 5000 3.01313131313131
151.42 14.23 0 0 "KDE QDA" 106 5000 3.02323232323232
151.42 14.23 0 0 "KDE QDA" 106 5000 3.03333333333333
151.42 14.23 0 0 "KDE QDA" 106 5000 3.04343434343434
151.42 14.23 0 0 "KDE QDA" 106 5000 3.05353535353535
151.42 14.23 0 0 "KDE QDA" 106 5000 3.06363636363636
151.42 14.23 0 0 "KDE QDA" 106 5000 3.07373737373737
151.42 14.235 0 0 "KDE QDA" 106 5000 3.08383838383838
162.83 14.72 0 0 "KDE QDA" 106 5000 3.09393939393939
162.94 14.865 0 0 "KDE QDA" 106 5000 3.1040404040404
164.21 14.87 0 0 "KDE QDA" 106 5000 3.11414141414141
165 14.955 0 0 "KDE QDA" 106 5000 3.12424242424242
165.34 14.955 0 0 "KDE QDA" 106 5000 3.13434343434343
165.4 14.98 0 0 "KDE QDA" 106 5000 3.14444444444444
165.4 14.98 0 0 "KDE QDA" 106 5000 3.15454545454545
165.4 14.98 0 0 "KDE QDA" 106 5000 3.16464646464646
165.405 14.995 0 0 "KDE QDA" 106 5000 3.17474747474748
165.405 15.02 0 0 "KDE QDA" 106 5000 3.18484848484849
165.405 15.02 0 0 "KDE QDA" 106 5000 3.19494949494949
165.405 15.02 0 0 "KDE QDA" 106 5000 3.20505050505051
165.405 15.02 0 0 "KDE QDA" 106 5000 3.21515151515152
189.22 15.66 0 0 "KDE QDA" 106 5000 3.22525252525253
189.27 15.685 0 0 "KDE QDA" 106 5000 3.23535353535354
189.27 15.685 0 0 "KDE QDA" 106 5000 3.24545454545455
194.05 16.035 0 0 "KDE QDA" 106 5000 3.25555555555556
194.05 16.035 0 0 "KDE QDA" 106 5000 3.26565656565657
194.565 16.04 0 0 "KDE QDA" 106 5000 3.27575757575758
194.585 16.04 0 0 "KDE QDA" 106 5000 3.28585858585859
194.585 16.04 0 0 "KDE QDA" 106 5000 3.2959595959596
194.585 16.045 0 0 "KDE QDA" 106 5000 3.30606060606061
194.62 16.05 0 0 "KDE QDA" 106 5000 3.31616161616162
194.62 16.05 0 0 "KDE QDA" 106 5000 3.32626262626263
194.62 16.05 0 0 "KDE QDA" 106 5000 3.33636363636364
194.62 16.05 0 0 "KDE QDA" 106 5000 3.34646464646465
195.55 16.05 0 0 "KDE QDA" 106 5000 3.35656565656566
224.695 16.625 0 0 "KDE QDA" 106 5000 3.36666666666667
224.695 16.625 0 0 "KDE QDA" 106 5000 3.37676767676768
228.595 16.735 0 0 "KDE QDA" 106 5000 3.38686868686869
228.6 16.735 0 0 "KDE QDA" 106 5000 3.3969696969697
228.615 16.735 0 0 "KDE QDA" 106 5000 3.40707070707071
230.88 16.77 0 0 "KDE QDA" 106 5000 3.41717171717172
230.88 16.77 0 0 "KDE QDA" 106 5000 3.42727272727273
230.88 16.925 0 0 "KDE QDA" 106 5000 3.43737373737374
230.88 16.925 0 0 "KDE QDA" 106 5000 3.44747474747475
232.175 16.925 0 0 "KDE QDA" 106 5000 3.45757575757576
232.175 16.925 0 0 "KDE QDA" 106 5000 3.46767676767677
232.99 16.93 0 0 "KDE QDA" 106 5000 3.47777777777778
232.99 16.93 0 0 "KDE QDA" 106 5000 3.48787878787879
232.99 16.93 0 0 "KDE QDA" 106 5000 3.4979797979798
232.99 16.935 0 0 "KDE QDA" 106 5000 3.50808080808081
250.66 17.47 0 0 "KDE QDA" 106 5000 3.51818181818182
252.075 17.555 0 0 "KDE QDA" 106 5000 3.52828282828283
252.12 17.555 0 0 "KDE QDA" 106 5000 3.53838383838384
254.205 17.615 0 0 "KDE QDA" 106 5000 3.54848484848485
254.205 17.615 0 0 "KDE QDA" 106 5000 3.55858585858586
263.865 17.62 0 0 "KDE QDA" 106 5000 3.56868686868687
263.87 17.62 0 0 "KDE QDA" 106 5000 3.57878787878788
263.87 17.62 0 0 "KDE QDA" 106 5000 3.58888888888889
265.85 17.65 0 0 "KDE QDA" 106 5000 3.5989898989899
265.85 17.65 0 0 "KDE QDA" 106 5000 3.60909090909091
266.54 17.65 0 0 "KDE QDA" 106 5000 3.61919191919192
266.54 17.65 0 0 "KDE QDA" 106 5000 3.62929292929293
266.54 17.66 0 0 "KDE QDA" 106 5000 3.63939393939394
266.57 17.66 0 0 "KDE QDA" 106 5000 3.64949494949495
296.49 18.115 0 0 "KDE QDA" 106 5000 3.65959595959596
296.49 18.145 0 0 "KDE QDA" 106 5000 3.66969696969697
301.8 18.36 0 0 "KDE QDA" 106 5000 3.67979797979798
301.8 18.36 0 0 "KDE QDA" 106 5000 3.68989898989899
301.8 18.36 0 0 "KDE QDA" 106 5000 3.7
