102.932 20.506 0 0 91.8773793097563 15.5698549891893 "LDA" 19 200 1.5
110.675 21.237 0 0 100.038157759967 15.9735401519195 "LDA" 19 200 1.53535353535354
115.359 21.905 0 0 103.426723849333 16.2470902915858 "LDA" 19 200 1.57070707070707
125.806 22.906 0 0 114.579783953763 17.0444617890292 "LDA" 19 200 1.60606060606061
132.022 23.597 0 0 120.595093982685 17.2050168149759 "LDA" 19 200 1.64141414141414
138.751 24.358 0 0 127.421133035867 17.6834538634437 "LDA" 19 200 1.67676767676768
146.548 25.037 0 0 132.530592898599 18.0102192934733 "LDA" 19 200 1.71212121212121
157.971 25.843 0 0 143.720617083196 18.5563112629555 "LDA" 19 200 1.74747474747475
165.521 26.873 0 0 148.964593138803 19.4797929489339 "LDA" 19 200 1.78282828282828
176.353 27.454 0 0 162.737930504923 19.9390433433866 "LDA" 19 200 1.81818181818182
189.308 28.192 0 0 172.350264722018 20.6968958420701 "LDA" 19 200 1.85353535353535
203.14 28.884 0 0 184.214742817917 21.0671870540509 "LDA" 19 200 1.88888888888889
217.231 29.649 0 0 199.662702660847 21.6969250253476 "LDA" 19 200 1.92424242424242
233.499 30.536 0 0 214.538506496549 22.8050602887775 "LDA" 19 200 1.95959595959596
244.077 31.217 0 0 221.501878441591 23.0186830807232 "LDA" 19 200 1.99494949494949
254.487 31.93 0 0 227.186948878541 23.4521876400711 "LDA" 19 200 2.03030303030303
269.18 32.693 0 0 242.456905348045 23.8129336035442 "LDA" 19 200 2.06565656565657
291.717 33.444 0 0 266.223913432064 24.269236903122 "LDA" 19 200 2.1010101010101
307.858 34.265 0 0 283.913012090736 24.7952329809296 "LDA" 19 200 2.13636363636364
325.006 35.43 0 0 296.25829429898 25.9176160713678 "LDA" 19 200 2.17171717171717
346.466 35.968 0 0 310.925562714856 26.4574180707599 "LDA" 19 200 2.20707070707071
365.683 36.835 0 0 321.865748521136 26.6789719168963 "LDA" 19 200 2.24242424242424
385.547 37.53 0 0 338.556234789902 27.113432800703 "LDA" 19 200 2.27777777777778
410.164 38.234 0 0 364.484378219377 27.6970100979938 "LDA" 19 200 2.31313131313131
427.726 38.875 0 0 380.93242765409 27.7706424769681 "LDA" 19 200 2.34848484848485
457.376 39.439 0 0 411.78056031563 28.0702015528071 "LDA" 19 200 2.38383838383838
486.095 40.225 0 0 452.099460182045 28.7462819112964 "LDA" 19 200 2.41919191919192
517.512 40.962 0 0 504.951686859309 29.2574871880098 "LDA" 19 200 2.45454545454545
552.719 42.123 0 0 544.332999599926 30.6637593444955 "LDA" 19 200 2.48989898989899
584.011 43.429 0 0 577.869130176211 31.7099429119555 "LDA" 19 200 2.52525252525253
611.485 44.6 0 0 599.26834918034 33.4196180539346 "LDA" 19 200 2.56060606060606
650.978 45.335 0 0 636.847954250332 33.7978263808202 "LDA" 19 200 2.5959595959596
685.865 46.622 0 0 660.970627899566 35.4033686887917 "LDA" 19 200 2.63131313131313
728.666 47.451 0 0 710.522980169783 35.6083635478318 "LDA" 19 200 2.66666666666667
768.354 48.165 0 0 733.062720124026 35.7577178996282 "LDA" 19 200 2.7020202020202
823.237 49.233 0 0 812.291320907112 36.9572530032949 "LDA" 19 200 2.73737373737374
891.427 49.903 0 0 906.375063882181 37.1367571245758 "LDA" 19 200 2.77272727272727
940.298 51.015 0 0 932.817239977478 39.0529628697863 "LDA" 19 200 2.80808080808081
1000.494 51.783 0 0 985.582559172465 39.317906973907 "LDA" 19 200 2.84343434343434
1058.927 52.62 0 0 1025.08446375351 39.5426000310705 "LDA" 19 200 2.87878787878788
1115.139 54.021 0 0 1085.601571688 41.3444061381817 "LDA" 19 200 2.91414141414141
1183.201 54.759 0 0 1129.7508856658 41.3499060909905 "LDA" 19 200 2.94949494949495
1248.404 55.893 0 0 1185.48204983225 41.8763080533155 "LDA" 19 200 2.98484848484848
1310.822 56.567 0 0 1238.88981684987 42.0287511939973 "LDA" 19 200 3.02020202020202
1374.555 57.16 0 0 1307.1313841502 42.2407466870637 "LDA" 19 200 3.05555555555556
1427.327 58.413 0 0 1360.20883843444 43.199613859821 "LDA" 19 200 3.09090909090909
1533.606 59.387 0 0 1439.99451977463 43.4516429640615 "LDA" 19 200 3.12626262626263
1622.75075075075 59.955 1 0 1514.65208705715 43.5819958855187 "LDA" 19 200 3.16161616161616
1723.35707121364 61.142 3 0 1582.34914102389 45.0932060651406 "LDA" 19 200 3.1969696969697
1845.9016064257 62.43 4 0 1681.80442590463 45.543378215711 "LDA" 19 200 3.23232323232323
1932.11557788945 63.412 5 0 1764.77691025419 46.1470454721189 "LDA" 19 200 3.26767676767677
2012.44914400806 64.222 7 0 1825.05068690156 47.2280552765536 "LDA" 19 200 3.3030303030303
2144.96475327291 64.861 7 0 1912.98577948358 47.4570737915103 "LDA" 19 200 3.33838383838384
2240.39616935484 65.887 8 0 1976.83985124815 48.435960538357 "LDA" 19 200 3.37373737373737
2371.78080808081 67.273 10 0 2054.19972225768 49.6957557457288 "LDA" 19 200 3.40909090909091
2463.2322515213 68.233 14 0 2112.64543759459 50.268933514415 "LDA" 19 200 3.44444444444444
2550.6004077472 69.863 19 0 2160.46812750362 52.1848204604221 "LDA" 19 200 3.47979797979798
2627.11338100102 70.424 21 0 2224.20921597224 52.2042096339319 "LDA" 19 200 3.51515151515152
2754.57846153846 71.378 25 0 2289.31767489327 52.7531042309929 "LDA" 19 200 3.55050505050505
2851.10031023785 73.175 33 0 2332.27557892626 54.4087372182601 "LDA" 19 200 3.58585858585859
2935.32049947971 74.228 39 0 2372.79312407826 54.8545808574001 "LDA" 19 200 3.62121212121212
3036.70125786164 75.171 46 0 2405.94040486268 55.388190172731 "LDA" 19 200 3.65656565656566
3128.63141025641 75.73 64 0 2480.73524848727 55.654384467987 "LDA" 19 200 3.69191919191919
3200.33984799131 76.284 79 0 2535.51767603083 55.7064498290149 "LDA" 19 200 3.72727272727273
3251.30845225027 77.717 89 0 2546.59724362455 56.8408637759385 "LDA" 19 200 3.76262626262626
3361.70828729282 78.764 95 0 2578.33782701332 57.353358329846 "LDA" 19 200 3.7979797979798
3467.09988776655 79.887 109 0 2618.70965139815 58.1938549655868 "LDA" 19 200 3.83333333333333
3544.33028571429 80.72 125 0 2634.99441541652 58.2842058249801 "LDA" 19 200 3.86868686868687
3623.9837962963 81.784 136 0 2668.34755236716 58.7325706815125 "LDA" 19 200 3.9040404040404
3697.0308056872 82.57 156 0 2685.61978443909 59.3135836145583 "LDA" 19 200 3.93939393939394
3722.87241798299 83.811 177 0 2671.65198481862 59.8298829506953 "LDA" 19 200 3.97474747474747
3781.95185185185 85.129 190 0 2695.03511954437 60.1550745323451 "LDA" 19 200 4.01010101010101
3796.46930946292 86.158 218 0 2703.00662793916 60.8433476145827 "LDA" 19 200 4.04545454545454
3804.09622886866 87.112 231 0 2690.47349139802 61.0423100776799 "LDA" 19 200 4.08080808080808
3873.39813581891 87.783 249 0 2727.40464470221 60.9983500572738 "LDA" 19 200 4.11616161616162
3976.26648351648 88.635 272 0 2743.52108628622 61.2498597575563 "LDA" 19 200 4.15151515151515
4039.64739069111 89.556 291 0 2767.78979870968 61.4369217926758 "LDA" 19 200 4.18686868686869
4033.41473988439 90.572 308 0 2759.3310757291 62.1755306580701 "LDA" 19 200 4.22222222222222
4127.83210603829 91.229 321 0 2762.36616191228 62.2875774236027 "LDA" 19 200 4.25757575757576
4154.1752265861 92.507 338 0 2755.026608808 62.5991421954295 "LDA" 19 200 4.29292929292929
4238.63166144201 93.667 362 0 2780.48102307617 63.3990027093845 "LDA" 19 200 4.32828282828283
4274.57673667205 94.96 381 0 2772.72570936853 64.2597363339884 "LDA" 19 200 4.36363636363636
4296.48494983278 95.769 402 0 2767.27490156745 64.4200091320746 "LDA" 19 200 4.3989898989899
4320.01228070175 96.672 430 0 2767.53897796879 64.9492634509647 "LDA" 19 200 4.43434343434343
4390.47531992687 97.961 453 0 2776.22296927361 66.0689532653998 "LDA" 19 200 4.46969696969697
4403.7561436673 99.352 471 0 2758.96289032567 66.8827137113424 "LDA" 19 200 4.50505050505051
4352.572 100.326 500 0 2739.91296191937 67.2340995934961 "LDA" 19 200 4.54040404040404
4330.34893617021 101.713 530 0 2733.97964843728 68.2642119535092 "LDA" 19 200 4.57575757575758
4361.9932735426 102.709 554 0 2713.92747660457 68.7257852087013 "LDA" 19 200 4.61111111111111
4429.49883449883 104.205 571 0 2738.94177039432 70.7046966553788 "LDA" 19 200 4.64646464646465
4466.76201923077 105.587 584 0 2744.98598475141 71.4526270259457 "LDA" 19 200 4.68181818181818
4526.87909319899 106.483 603 0 2761.79538122738 71.6878012764505 "LDA" 19 200 4.71717171717172
4518.56955380577 107.359 619 0 2748.71324508436 71.8331408134095 "LDA" 19 200 4.75252525252525
4499.01089918256 108.211 633 0 2768.78215616473 71.8927746720771 "LDA" 19 200 4.78787878787879
4460.95454545455 109.096 648 0 2759.16592504268 72.2517342151529 "LDA" 19 200 4.82323232323232
4559.90746268657 110.812 665 0 2789.51935535966 72.8604508722071 "LDA" 19 200 4.85858585858586
4519.771875 111.979 680 0 2765.1539778941 73.8711276650255 "LDA" 19 200 4.89393939393939
4534.73462783172 113.286 691 0 2726.62185516021 74.1237244782703 "LDA" 19 200 4.92929292929293
4527.0202020202 115.068 703 0 2728.94920988483 75.8866401823019 "LDA" 19 200 4.96464646464646
4546.69230769231 115.857 714 0 2688.43081533688 76.0587502164247 "LDA" 19 200 5
1216.184 157.941 0 0 1184.33956970134 142.232519518599 "uLSIF" 19 200 1.5
1381.20941883768 170.244 2 0 1355.80544712833 157.818329382518 "uLSIF" 19 200 1.53535353535354
1564.6509054326 183.935 6 0 1530.93623385466 169.886468522914 "uLSIF" 19 200 1.57070707070707
1761.09311740891 194.742 12 0 1677.55792058973 175.894947251103 "uLSIF" 19 200 1.60606060606061
1975.28353658537 205.1001001001 16 1 1807.31018749643 183.326280276643 "uLSIF" 19 200 1.64141414141414
2157.08196721311 219.57957957958 24 1 1906.09978952663 193.854622469336 "uLSIF" 19 200 1.67676767676768
2405.34715025907 236.515515515516 35 1 2102.17190706946 213.451504090992 "uLSIF" 19 200 1.71212121212121
2644.17808219178 255.235235235235 51 1 2234.13641952279 239.478917702096 "uLSIF" 19 200 1.74747474747475
2807.69024651661 273.337337337337 67 1 2296.40410531205 255.858136648996 "uLSIF" 19 200 1.78282828282828
3053.45683060109 291.594594594595 85 1 2450.51216971516 276.14482203417 "uLSIF" 19 200 1.81818181818182
3207.17021276596 309.265265265265 107 1 2516.99300988348 286.960553776215 "uLSIF" 19 200 1.85353535353535
3444.67330210773 332.194194194194 146 1 2655.35653104755 304.009041511874 "uLSIF" 19 200 1.88888888888889
3588.13209876543 354.559118236473 190 2 2650.34719438053 324.283990247772 "uLSIF" 19 200 1.92424242424242
3769.74355670103 375.269809428285 224 3 2685.03139309281 336.794320138529 "uLSIF" 19 200 1.95959595959596
3908.12482853224 393.665662650602 271 4 2691.64865774846 353.18260635658 "uLSIF" 19 200 1.99494949494949
4139.28735632184 416.267336683417 304 5 2759.57471557353 372.551306188691 "uLSIF" 19 200 2.03030303030303
4239.27853881278 437.168177240685 343 7 2779.34776631844 389.859749019626 "uLSIF" 19 200 2.06565656565657
4341.64784053156 464.210313447927 398 11 2763.41542375191 412.304003559285 "uLSIF" 19 200 2.1010101010101
4453.0834845735 484.7497456765 449 17 2765.16760043079 422.47554122124 "uLSIF" 19 200 2.13636363636364
4514.71399594321 500.06026557712 507 21 2812.16017953325 430.992258202158 "uLSIF" 19 200 2.17171717171717
4601.42105263158 523.67868177137 544 29 2807.23795315284 450.316131509456 "uLSIF" 19 200 2.20707070707071
4673.44497607655 548.858627858628 582 38 2838.92524046441 461.345443101297 "uLSIF" 19 200 2.24242424242424
4744.76781002639 569.821052631579 621 50 2819.67126473695 473.996564858133 "uLSIF" 19 200 2.27777777777778
4741.01506024096 595.504282655246 668 66 2825.41215715133 481.11583580556 "uLSIF" 19 200 2.31313131313131
4804.48333333333 616.138043478261 700 80 2806.97260890555 489.305867820361 "uLSIF" 19 200 2.34848484848485
4895.04444444444 624.917127071823 730 95 2824.59076054569 485.658273719747 "uLSIF" 19 200 2.38383838383838
4914.59362549801 646.745475113122 749 116 2828.37604327982 497.878593327843 "uLSIF" 19 200 2.41919191919192
4883.5807860262 659.378629500581 771 139 2849.97690184196 499.569333790317 "uLSIF" 19 200 2.45454545454545
4965.01923076923 683.580760095012 792 158 2831.94347660769 507.444230294201 "uLSIF" 19 200 2.48989898989899
5021.71727748691 701.442424242424 809 175 2846.77713132531 511.94404549938 "uLSIF" 19 200 2.52525252525253
5233.75690607735 705.048567870486 819 197 2751.14587369605 505.820258143587 "uLSIF" 19 200 2.56060606060606
5226.36746987952 722.488549618321 834 214 2757.93516150336 513.814879545124 "uLSIF" 19 200 2.5959595959596
5308.44444444444 745.086092715232 856 245 2725.79049104802 524.300693034203 "uLSIF" 19 200 2.63131313131313
5176.984 763.286874154262 875 261 2781.2192556735 530.008435764894 "uLSIF" 19 200 2.66666666666667
5191.34234234234 786.661157024793 889 274 2784.35462897924 537.158971710556 "uLSIF" 19 200 2.7020202020202
5047.81318681319 808.079432624113 909 295 2755.03438539577 539.437619550251 "uLSIF" 19 200 2.73737373737374
5055.14814814815 822.883308714919 919 323 2750.52412783051 545.138554915453 "uLSIF" 19 200 2.77272727272727
4989.54285714286 831.49226006192 930 354 2684.76098137658 545.871401304104 "uLSIF" 19 200 2.80808080808081
4952.41935483871 843.1232 938 375 2760.21866886432 550.644001627372 "uLSIF" 19 200 2.84343434343434
5059.53846153846 846.187086092715 948 396 2849.35863757978 545.332788774788 "uLSIF" 19 200 2.87878787878788
5301.97826086957 862.152136752137 954 415 2869.52456371071 544.829597370536 "uLSIF" 19 200 2.91414141414141
5161.19512195122 867.365896980462 959 437 2787.01108913754 546.814708064726 "uLSIF" 19 200 2.94949494949495
5087.70588235294 884.847866419295 966 461 2813.29839339295 552.411919209946 "uLSIF" 19 200 2.98484848484848
5182 894.606589147287 969 484 2864.4510701587 554.912803676987 "uLSIF" 19 200 3.02020202020202
5260.46153846154 920.9375 974 504 2919.22758593117 559.19877939221 "uLSIF" 19 200 3.05555555555556
5957.59090909091 927.497863247863 978 532 2576.04190033749 562.125480359984 "uLSIF" 19 200 3.09090909090909
5676.41176470588 926.552338530067 983 551 2777.6017771367 556.356107496191 "uLSIF" 19 200 3.12626262626263
5894.1875 925.684705882353 984 575 2714.99564686576 551.801081345469 "uLSIF" 19 200 3.16161616161616
6554.35714285714 933.886977886978 986 593 2162.95473145641 551.058526392442 "uLSIF" 19 200 3.1969696969697
6238.66666666667 923.929319371728 988 618 2182.33708475917 551.55372782366 "uLSIF" 19 200 3.23232323232323
6125.45454545455 929.631578947368 989 639 2251.1409268918 554.363528943077 "uLSIF" 19 200 3.26767676767677
6126.09090909091 936.15988372093 989 656 2251.76697082737 555.730444669309 "uLSIF" 19 200 3.3030303030303
5814.88888888889 948.814589665653 991 671 2290.50204346364 559.756321356613 "uLSIF" 19 200 3.33838383838384
6107.75 941.964856230032 992 687 2262.48117592801 556.999685279967 "uLSIF" 19 200 3.37373737373737
6098.85714285714 934.778523489933 993 702 2443.46321359469 558.366669840155 "uLSIF" 19 200 3.40909090909091
6098.85714285714 928.758741258741 993 714 2443.46321359469 554.837559136533 "uLSIF" 19 200 3.44444444444444
6670.75 946.280442804428 996 729 1408.93585730508 556.250145855484 "uLSIF" 19 200 3.47979797979798
7188 954.713725490196 997 745 1172.7663876493 559.324093300389 "uLSIF" 19 200 3.51515151515152
7188.33333333333 954.104166666667 997 760 1172.80958954697 558.397986457363 "uLSIF" 19 200 3.55050505050505
7188.66666666667 955.257641921397 997 771 1173.28655209771 557.516193609226 "uLSIF" 19 200 3.58585858585859
7188.66666666667 965.095454545455 997 780 1173.28655209771 556.475712998624 "uLSIF" 19 200 3.62121212121212
7188.66666666667 982.159420289855 997 793 1173.28655209771 564.533572140266 "uLSIF" 19 200 3.65656565656566
7188.66666666667 1001.85641025641 997 805 1173.28655209771 562.576317752823 "uLSIF" 19 200 3.69191919191919
7188.66666666667 1010.91847826087 997 816 1173.28655209771 569.609403977244 "uLSIF" 19 200 3.72727272727273
7188.66666666667 1014.15517241379 997 826 1173.28655209771 563.99969668721 "uLSIF" 19 200 3.76262626262626
7189.66666666667 1023.03105590062 997 839 1171.72621944434 558.699633326802 "uLSIF" 19 200 3.7979797979798
7190 1022.8954248366 997 847 1171.76917522181 560.817438671805 "uLSIF" 19 200 3.83333333333333
7190 1027.38129496403 997 861 1171.76917522181 557.42919737162 "uLSIF" 19 200 3.86868686868687
7191 1021.61764705882 997 864 1173.200750085 560.496936375458 "uLSIF" 19 200 3.9040404040404
7191 1010.6976744186 997 871 1173.200750085 559.387634000497 "uLSIF" 19 200 3.93939393939394
7191.66666666667 1001.07317073171 997 877 1173.28655209771 557.570625839346 "uLSIF" 19 200 3.97474747474747
7194 1020.74166666667 997 880 1176.62780861239 550.733330760582 "uLSIF" 19 200 4.01010101010101
7194 1040.40909090909 997 890 1176.62780861239 554.857173050331 "uLSIF" 19 200 4.04545454545454
7805.5 1038.50943396226 998 894 724.784450716211 547.508699566161 "uLSIF" 19 200 4.08080808080808
7303 1047.78571428571 999 902 NA 547.761993050748 "uLSIF" 19 200 4.11616161616162
NA 1040.81443298969 1000 903 NA 545.824630908303 "uLSIF" 19 200 4.15151515151515
NA 1035.36842105263 1000 905 NA 548.298549142856 "uLSIF" 19 200 4.18686868686869
NA 988.232558139535 1000 914 NA 543.916292747084 "uLSIF" 19 200 4.22222222222222
NA 974 1000 922 NA 545.744814540095 "uLSIF" 19 200 4.25757575757576
NA 973.337837837838 1000 926 NA 546.845581294722 "uLSIF" 19 200 4.29292929292929
NA 1004.54285714286 1000 930 NA 543.154145407064 "uLSIF" 19 200 4.32828282828283
NA 1022.36231884058 1000 931 NA 546.925281782957 "uLSIF" 19 200 4.36363636363636
NA 1032.64615384615 1000 935 NA 530.744978508076 "uLSIF" 19 200 4.3989898989899
NA 1035.79310344828 1000 942 NA 514.474753736571 "uLSIF" 19 200 4.43434343434343
NA 1017.10909090909 1000 945 NA 515.949921225036 "uLSIF" 19 200 4.46969696969697
NA 1033.61538461538 1000 948 NA 524.249347717479 "uLSIF" 19 200 4.50505050505051
NA 1026.88888888889 1000 955 NA 520.757499933869 "uLSIF" 19 200 4.54040404040404
NA 1039.67441860465 1000 957 NA 525.79077501599 "uLSIF" 19 200 4.57575757575758
NA 1053.41025641026 1000 961 NA 521.144576260486 "uLSIF" 19 200 4.61111111111111
NA 1031.41176470588 1000 966 NA 520.012302747649 "uLSIF" 19 200 4.64646464646465
NA 1064.03225806452 1000 969 NA 502.914140045858 "uLSIF" 19 200 4.68181818181818
NA 1031.89655172414 1000 971 NA 503.92859080483 "uLSIF" 19 200 4.71717171717172
NA 954 1000 974 NA 456.760331027115 "uLSIF" 19 200 4.75252525252525
NA 997.25 1000 976 NA 442.36088454328 "uLSIF" 19 200 4.78787878787879
NA 1001.26086956522 1000 977 NA 451.873797485266 "uLSIF" 19 200 4.82323232323232
NA 964.7 1000 980 NA 428.587410478951 "uLSIF" 19 200 4.85858585858586
NA 926.736842105263 1000 981 NA 400.758148472681 "uLSIF" 19 200 4.89393939393939
NA 954.611111111111 1000 982 NA 393.106502391174 "uLSIF" 19 200 4.92929292929293
NA 954.722222222222 1000 982 NA 393.050334384131 "uLSIF" 19 200 4.96464646464646
NA 956.111111111111 1000 982 NA 393.612363640241 "uLSIF" 19 200 5
