32.63 0 24.1723685931562 "LDA" 25 1 3 1.5
34.144 0 25.6651897706985 "LDA" 25 1 3 1.53535353535354
35.968 0 27.9941895873171 "LDA" 25 1 3 1.57070707070707
37.35 0 29.5464463597992 "LDA" 25 1 3 1.60606060606061
39.267 0 32.0138188224335 "LDA" 25 1 3 1.64141414141414
40.629 0 33.2376307684392 "LDA" 25 1 3 1.67676767676768
42.327 0 34.7207661580588 "LDA" 25 1 3 1.71212121212121
44.297 0 37.4956893218103 "LDA" 25 1 3 1.74747474747475
46.056 0 39.9526604756064 "LDA" 25 1 3 1.78282828282828
48.059 0 41.546595993398 "LDA" 25 1 3 1.81818181818182
49.721 0 42.6344562045285 "LDA" 25 1 3 1.85353535353535
51.866 0 44.3692085873827 "LDA" 25 1 3 1.88888888888889
53.616 0 45.6837996838437 "LDA" 25 1 3 1.92424242424242
55.065 0 46.3570679913296 "LDA" 25 1 3 1.95959595959596
56.676 0 46.8948627479829 "LDA" 25 1 3 1.99494949494949
58.348 0 48.3622973793409 "LDA" 25 1 3 2.03030303030303
60.813 0 51.6039824238595 "LDA" 25 1 3 2.06565656565657
62.244 0 52.28106515531 "LDA" 25 1 3 2.1010101010101
64.095 0 53.2030124667348 "LDA" 25 1 3 2.13636363636364
65.716 0 54.7657797774727 "LDA" 25 1 3 2.17171717171717
68.286 0 56.7558581243508 "LDA" 25 1 3 2.20707070707071
69.592 0 57.5299681316897 "LDA" 25 1 3 2.24242424242424
71.241 0 59.5353287920238 "LDA" 25 1 3 2.27777777777778
72.897 0 60.4270619906414 "LDA" 25 1 3 2.31313131313131
75.066 0 62.6217943940697 "LDA" 25 1 3 2.34848484848485
76.327 0 63.4658962828935 "LDA" 25 1 3 2.38383838383838
79.004 0 65.956517845064 "LDA" 25 1 3 2.41919191919192
80.312 0 66.432687420862 "LDA" 25 1 3 2.45454545454545
82.925 0 68.9076747731531 "LDA" 25 1 3 2.48989898989899
84.898 0 70.9985802280186 "LDA" 25 1 3 2.52525252525253
87.628 0 73.2875206066945 "LDA" 25 1 3 2.56060606060606
89.792 0 74.7914065283605 "LDA" 25 1 3 2.5959595959596
91.803 0 76.0405836469011 "LDA" 25 1 3 2.63131313131313
93.734 0 77.2323771748875 "LDA" 25 1 3 2.66666666666667
95.448 0 78.6924634243953 "LDA" 25 1 3 2.7020202020202
97.174 0 79.358436763116 "LDA" 25 1 3 2.73737373737374
99.554 0 81.439053306159 "LDA" 25 1 3 2.77272727272727
102.319 0 82.7818583693014 "LDA" 25 1 3 2.80808080808081
103.675 0 84.3559203393354 "LDA" 25 1 3 2.84343434343434
107.115 0 86.2532283128834 "LDA" 25 1 3 2.87878787878788
109.934 0 88.2279537097842 "LDA" 25 1 3 2.91414141414141
111.656 0 89.2650094152569 "LDA" 25 1 3 2.94949494949495
114.483 0 91.05796650631 "LDA" 25 1 3 2.98484848484848
116.758 0 92.876215617495 "LDA" 25 1 3 3.02020202020202
119.994 0 96.4735565381059 "LDA" 25 1 3 3.05555555555556
122.282 0 98.3875123101432 "LDA" 25 1 3 3.09090909090909
125.898 0 101.504141229246 "LDA" 25 1 3 3.12626262626263
128.295 0 103.922537829235 "LDA" 25 1 3 3.16161616161616
131.729 0 106.031288746262 "LDA" 25 1 3 3.1969696969697
135.305 0 110.532553668231 "LDA" 25 1 3 3.23232323232323
138.319 0 113.264496136632 "LDA" 25 1 3 3.26767676767677
141.048 0 115.224625885313 "LDA" 25 1 3 3.3030303030303
143.574 0 116.698007476344 "LDA" 25 1 3 3.33838383838384
146.704 0 119.35434572668 "LDA" 25 1 3 3.37373737373737
149.098 0 119.807897604158 "LDA" 25 1 3 3.40909090909091
151.499 0 121.078734958122 "LDA" 25 1 3 3.44444444444444
155.274 0 124.108645467912 "LDA" 25 1 3 3.47979797979798
159.509 0 126.572265751457 "LDA" 25 1 3 3.51515151515152
163.097 0 130.931763593552 "LDA" 25 1 3 3.55050505050505
167.156 0 136.076311040631 "LDA" 25 1 3 3.58585858585859
170.632 0 140.082488840253 "LDA" 25 1 3 3.62121212121212
173.787 0 144.225152194496 "LDA" 25 1 3 3.65656565656566
177.512 0 146.580242951169 "LDA" 25 1 3 3.69191919191919
181.192 0 151.009141765977 "LDA" 25 1 3 3.72727272727273
186.256 0 153.325161239338 "LDA" 25 1 3 3.76262626262626
191.953 0 157.433096809314 "LDA" 25 1 3 3.7979797979798
195.904 0 160.290017386217 "LDA" 25 1 3 3.83333333333333
200.847 0 165.876793740721 "LDA" 25 1 3 3.86868686868687
205.217 0 169.546654284238 "LDA" 25 1 3 3.9040404040404
209.032 0 173.476941479913 "LDA" 25 1 3 3.93939393939394
211.25 0 174.947123428755 "LDA" 25 1 3 3.97474747474747
215.408408408408 1 175.993132066107 "LDA" 25 1 3 4.01010101010101
221.291291291291 1 180.905250486384 "LDA" 25 1 3 4.04545454545454
223.297297297297 1 181.17948757002 "LDA" 25 1 3 4.08080808080808
227.227227227227 1 184.414198511516 "LDA" 25 1 3 4.11616161616162
230.91991991992 1 188.805663980443 "LDA" 25 1 3 4.15151515151515
236.646646646647 1 194.155006629922 "LDA" 25 1 3 4.18686868686869
239.453453453453 1 197.132468166958 "LDA" 25 1 3 4.22222222222222
244.850850850851 1 202.669535594507 "LDA" 25 1 3 4.25757575757576
248.851851851852 1 206.973651121565 "LDA" 25 1 3 4.29292929292929
252.928928928929 1 209.017613323166 "LDA" 25 1 3 4.32828282828283
259.412412412412 1 215.095309270627 "LDA" 25 1 3 4.36363636363636
264.073073073073 1 217.183219349931 "LDA" 25 1 3 4.3989898989899
269.768768768769 1 223.088503842486 "LDA" 25 1 3 4.43434343434343
274.135135135135 1 225.4175078881 "LDA" 25 1 3 4.46969696969697
280.516516516517 1 229.96811985529 "LDA" 25 1 3 4.50505050505051
287.620620620621 1 238.262996973237 "LDA" 25 1 3 4.54040404040404
293.418418418418 1 244.147884447237 "LDA" 25 1 3 4.57575757575758
300.158158158158 1 251.514739806021 "LDA" 25 1 3 4.61111111111111
307.008008008008 1 257.479819891265 "LDA" 25 1 3 4.64646464646465
312.834834834835 1 262.293575191848 "LDA" 25 1 3 4.68181818181818
318.083083083083 1 265.766634308989 "LDA" 25 1 3 4.71717171717172
325.708708708709 1 275.473180510545 "LDA" 25 1 3 4.75252525252525
329.234234234234 1 276.633032841176 "LDA" 25 1 3 4.78787878787879
332.424424424424 1 277.662491096597 "LDA" 25 1 3 4.82323232323232
335.60960960961 1 280.604839408637 "LDA" 25 1 3 4.85858585858586
340.332332332332 1 286.839176354712 "LDA" 25 1 3 4.89393939393939
348.058058058058 1 295.554518794405 "LDA" 25 1 3 4.92929292929293
352.686686686687 1 298.284975797485 "LDA" 25 1 3 4.96464646464646
356.468468468468 1 299.092158029505 "LDA" 25 1 3 5
46.207 0 41.7051732099565 "uLSIF" 25 1 3 1.5
49.032 0 44.4417601591796 "uLSIF" 25 1 3 1.53535353535354
51.304 0 45.9040168477963 "uLSIF" 25 1 3 1.57070707070707
53.711 0 48.9307029654459 "uLSIF" 25 1 3 1.60606060606061
56.371 0 51.9736723892167 "uLSIF" 25 1 3 1.64141414141414
59.25 0 54.7205065202602 "uLSIF" 25 1 3 1.67676767676768
61.443 0 55.9270290967041 "uLSIF" 25 1 3 1.71212121212121
65.04 0 58.6121129100443 "uLSIF" 25 1 3 1.74747474747475
69.807 0 63.1178866773803 "uLSIF" 25 1 3 1.78282828282828
72.181 0 64.6762185988966 "uLSIF" 25 1 3 1.81818181818182
76.244 0 67.9658724936554 "uLSIF" 25 1 3 1.85353535353535
80.115 0 71.0372723932237 "uLSIF" 25 1 3 1.88888888888889
83.892 0 73.7774046808468 "uLSIF" 25 1 3 1.92424242424242
88.11 0 78.1329678219166 "uLSIF" 25 1 3 1.95959595959596
92.235 0 81.4332803843377 "uLSIF" 25 1 3 1.99494949494949
97.17 0 86.0621042374969 "uLSIF" 25 1 3 2.03030303030303
101.665 0 91.388339538497 "uLSIF" 25 1 3 2.06565656565657
106.859 0 96.0702066387057 "uLSIF" 25 1 3 2.1010101010101
111.089 0 99.0948983443541 "uLSIF" 25 1 3 2.13636363636364
117.041 0 104.813296609477 "uLSIF" 25 1 3 2.17171717171717
122.885 0 109.26921586859 "uLSIF" 25 1 3 2.20707070707071
125.799 0 115.693437888977 "uLSIF" 25 1 3 2.24242424242424
131.854 0 120.686975395152 "uLSIF" 25 1 3 2.27777777777778
136.719 0 125.177983553685 "uLSIF" 25 1 3 2.31313131313131
143.128 0 129.527684442505 "uLSIF" 25 1 3 2.34848484848485
148.217 0 133.001207634488 "uLSIF" 25 1 3 2.38383838383838
152.471 0 138.321097034707 "uLSIF" 25 1 3 2.41919191919192
159.395 0 141.042518294899 "uLSIF" 25 1 3 2.45454545454545
169.327 0 152.092966113957 "uLSIF" 25 1 3 2.48989898989899
177.714 0 161.072855157747 "uLSIF" 25 1 3 2.52525252525253
185.906 0 168.154390555415 "uLSIF" 25 1 3 2.56060606060606
195.499 0 179.14582670614 "uLSIF" 25 1 3 2.5959595959596
206.047 0 187.305611723683 "uLSIF" 25 1 3 2.63131313131313
218.739 0 203.743948316203 "uLSIF" 25 1 3 2.66666666666667
227.212 0 208.601643573826 "uLSIF" 25 1 3 2.7020202020202
238.581 0 221.577986820088 "uLSIF" 25 1 3 2.73737373737374
247.698 0 233.36358618979 "uLSIF" 25 1 3 2.77272727272727
256.606 0 245.925549994587 "uLSIF" 25 1 3 2.80808080808081
267.715715715716 1 255.927660087101 "uLSIF" 25 1 3 2.84343434343434
278.588588588589 1 270.113158039741 "uLSIF" 25 1 3 2.87878787878788
289.056056056056 1 280.306243314241 "uLSIF" 25 1 3 2.91414141414141
306.062062062062 1 296.936253140317 "uLSIF" 25 1 3 2.94949494949495
318.775775775776 1 310.423135122711 "uLSIF" 25 1 3 2.98484848484848
331.470941883768 2 319.440104869617 "uLSIF" 25 1 3 3.02020202020202
342.449899799599 2 325.508214625 "uLSIF" 25 1 3 3.05555555555556
350.330985915493 6 330.85235539912 "uLSIF" 25 1 3 3.09090909090909
365.605633802817 6 340.328686289344 "uLSIF" 25 1 3 3.12626262626263
377.199395770393 7 345.393292832252 "uLSIF" 25 1 3 3.16161616161616
387.503024193548 8 353.464199679434 "uLSIF" 25 1 3 3.1969696969697
396.831483350151 9 358.728766812909 "uLSIF" 25 1 3 3.23232323232323
410.148484848485 10 372.664349060105 "uLSIF" 25 1 3 3.26767676767677
422.116279069767 11 381.574595181814 "uLSIF" 25 1 3 3.3030303030303
433.522842639594 15 388.510277218127 "uLSIF" 25 1 3 3.33838383838384
444.666666666667 19 398.141170738137 "uLSIF" 25 1 3 3.37373737373737
468.85977482088 23 414.098539231668 "uLSIF" 25 1 3 3.40909090909091
481.197948717949 25 424.666863995373 "uLSIF" 25 1 3 3.44444444444444
493.141382868937 31 433.981799270053 "uLSIF" 25 1 3 3.47979797979798
513.420289855072 34 445.505598974276 "uLSIF" 25 1 3 3.51515151515152
524.629822732012 41 447.914710961228 "uLSIF" 25 1 3 3.55050505050505
538.072327044025 46 455.771016319982 "uLSIF" 25 1 3 3.58585858585859
554.140740740741 55 463.442834545319 "uLSIF" 25 1 3 3.62121212121212
578.646121147715 59 477.322716514062 "uLSIF" 25 1 3 3.65656565656566
593.198285101822 67 480.300009424162 "uLSIF" 25 1 3 3.69191919191919
606.749462365591 70 487.36663338128 "uLSIF" 25 1 3 3.72727272727273
621.233949945593 81 494.110367458109 "uLSIF" 25 1 3 3.76262626262626
643.629791894852 87 505.998063659595 "uLSIF" 25 1 3 3.7979797979798
651.946902654867 96 505.337161935396 "uLSIF" 25 1 3 3.83333333333333
667.377232142857 104 513.179869253756 "uLSIF" 25 1 3 3.86868686868687
682.555806087937 113 515.131779790703 "uLSIF" 25 1 3 3.9040404040404
694.211604095563 121 520.500285713499 "uLSIF" 25 1 3 3.93939393939394
701.066048667439 137 524.218717344155 "uLSIF" 25 1 3 3.97474747474747
707.485311398355 149 524.17798118622 "uLSIF" 25 1 3 4.01010101010101
721.764635603345 163 526.648131436873 "uLSIF" 25 1 3 4.04545454545454
730.067388688327 169 526.096360941094 "uLSIF" 25 1 3 4.08080808080808
731.424019607843 184 525.915644743091 "uLSIF" 25 1 3 4.11616161616162
743.315068493151 197 533.954892328916 "uLSIF" 25 1 3 4.15151515151515
752.452830188679 205 535.366005104994 "uLSIF" 25 1 3 4.18686868686869
769.746134020619 224 542.121906286176 "uLSIF" 25 1 3 4.22222222222222
783.827450980392 235 548.052885178304 "uLSIF" 25 1 3 4.25757575757576
800.098013245033 245 555.196030506773 "uLSIF" 25 1 3 4.29292929292929
806.456375838926 255 554.304258323881 "uLSIF" 25 1 3 4.32828282828283
811.601637107776 267 554.898850722215 "uLSIF" 25 1 3 4.36363636363636
812.925 280 556.505808426327 "uLSIF" 25 1 3 4.3989898989899
818.940845070422 290 557.58240678877 "uLSIF" 25 1 3 4.43434343434343
818.225899280576 305 556.241482833233 "uLSIF" 25 1 3 4.46969696969697
828.258064516129 318 561.703715489825 "uLSIF" 25 1 3 4.50505050505051
831.791916167665 332 562.192170077521 "uLSIF" 25 1 3 4.54040404040404
838.298325722983 343 561.867049752699 "uLSIF" 25 1 3 4.57575757575758
844.455538221529 359 563.069687881248 "uLSIF" 25 1 3 4.61111111111111
849.51935483871 380 566.078950018338 "uLSIF" 25 1 3 4.64646464646465
854.79802955665 391 569.331334130159 "uLSIF" 25 1 3 4.68181818181818
860.599662162162 408 574.756580742217 "uLSIF" 25 1 3 4.71717171717172
860.907826086957 425 571.125977112818 "uLSIF" 25 1 3 4.75252525252525
874.182300884956 435 573.646359515579 "uLSIF" 25 1 3 4.78787878787879
878.64116575592 451 576.310712256342 "uLSIF" 25 1 3 4.82323232323232
881.181481481481 460 576.590780400041 "uLSIF" 25 1 3 4.85858585858586
874.903846153846 480 571.659244055983 "uLSIF" 25 1 3 4.89393939393939
880.354455445545 495 570.915380882252 "uLSIF" 25 1 3 4.92929292929293
882.348178137652 506 570.326916167377 "uLSIF" 25 1 3 4.96464646464646
878.437113402062 515 570.863723827091 "uLSIF" 25 1 3 5
