30.343 0 23.3258536059551 "LDA" 18 1 3 1.5
31.587 0 24.3408485453549 "LDA" 18 1 3 1.53535353535354
32.847 0 25.5188715229299 "LDA" 18 1 3 1.57070707070707
34.06 0 26.5635845477229 "LDA" 18 1 3 1.60606060606061
35.057 0 26.9565280666002 "LDA" 18 1 3 1.64141414141414
36.256 0 28.3725477436459 "LDA" 18 1 3 1.67676767676768
37.828 0 29.7804178830534 "LDA" 18 1 3 1.71212121212121
38.929 0 30.8152809583255 "LDA" 18 1 3 1.74747474747475
39.992 0 31.1172977975631 "LDA" 18 1 3 1.78282828282828
40.96 0 31.4273460234567 "LDA" 18 1 3 1.81818181818182
42.053 0 32.0809815993897 "LDA" 18 1 3 1.85353535353535
43.099 0 32.9138347738382 "LDA" 18 1 3 1.88888888888889
44.649 0 35.6167144659547 "LDA" 18 1 3 1.92424242424242
46.232 0 37.4414481295534 "LDA" 18 1 3 1.95959595959596
47.601 0 37.8514270474645 "LDA" 18 1 3 1.99494949494949
48.911 0 38.8332731314539 "LDA" 18 1 3 2.03030303030303
50.139 0 39.9033828009476 "LDA" 18 1 3 2.06565656565657
51.278 0 40.8410174298426 "LDA" 18 1 3 2.1010101010101
52.877 0 41.9566709026495 "LDA" 18 1 3 2.13636363636364
54.526 0 42.8444041499817 "LDA" 18 1 3 2.17171717171717
56.233 0 44.1568175431103 "LDA" 18 1 3 2.20707070707071
57.61 0 45.5811972807379 "LDA" 18 1 3 2.24242424242424
59.358 0 47.0137866176735 "LDA" 18 1 3 2.27777777777778
61.544 0 48.5539859697796 "LDA" 18 1 3 2.31313131313131
63.525 0 51.3522192843252 "LDA" 18 1 3 2.34848484848485
65.094 0 51.8234583449892 "LDA" 18 1 3 2.38383838383838
67.163 0 53.0238810628095 "LDA" 18 1 3 2.41919191919192
68.716 0 54.4821957491955 "LDA" 18 1 3 2.45454545454545
70.609 0 56.222104585688 "LDA" 18 1 3 2.48989898989899
71.977 0 56.9885265923165 "LDA" 18 1 3 2.52525252525253
74.53 0 60.4588485862274 "LDA" 18 1 3 2.56060606060606
76.567 0 61.7540044698971 "LDA" 18 1 3 2.5959595959596
78.427 0 63.1861627428202 "LDA" 18 1 3 2.63131313131313
81.105 0 66.2635407432461 "LDA" 18 1 3 2.66666666666667
82.851 0 67.7034160995703 "LDA" 18 1 3 2.7020202020202
84.599 0 70.2364959573324 "LDA" 18 1 3 2.73737373737374
86.195 0 71.0328983475097 "LDA" 18 1 3 2.77272727272727
88.446 0 71.9503991923877 "LDA" 18 1 3 2.80808080808081
89.997 0 72.5032255055505 "LDA" 18 1 3 2.84343434343434
91.772 0 73.9537908371111 "LDA" 18 1 3 2.87878787878788
94.431 0 76.2296805922943 "LDA" 18 1 3 2.91414141414141
96.844 0 78.0297526992512 "LDA" 18 1 3 2.94949494949495
98.524 0 79.0657879415795 "LDA" 18 1 3 2.98484848484848
100.58 0 80.8879005318623 "LDA" 18 1 3 3.02020202020202
102.332 0 81.2196429837414 "LDA" 18 1 3 3.05555555555556
103.384 0 81.5451418182233 "LDA" 18 1 3 3.09090909090909
105.439 0 82.3838295685165 "LDA" 18 1 3 3.12626262626263
107.476 0 84.0654055864624 "LDA" 18 1 3 3.16161616161616
109.336 0 85.9350448649207 "LDA" 18 1 3 3.1969696969697
111.592 0 89.629018163187 "LDA" 18 1 3 3.23232323232323
113.304 0 90.4696210688225 "LDA" 18 1 3 3.26767676767677
115.558 0 91.6884475133449 "LDA" 18 1 3 3.3030303030303
118.55 0 95.2300806902329 "LDA" 18 1 3 3.33838383838384
120.425 0 95.3085205482127 "LDA" 18 1 3 3.37373737373737
122.163 0 96.3750412688865 "LDA" 18 1 3 3.40909090909091
123.996 0 97.3532518185173 "LDA" 18 1 3 3.44444444444444
126.726 0 99.7702712787283 "LDA" 18 1 3 3.47979797979798
129.944 0 102.121700464229 "LDA" 18 1 3 3.51515151515152
131.975 0 103.907734034538 "LDA" 18 1 3 3.55050505050505
133.932 0 105.295510448074 "LDA" 18 1 3 3.58585858585859
135.898 0 108.092588106695 "LDA" 18 1 3 3.62121212121212
137.407 0 108.716082239646 "LDA" 18 1 3 3.65656565656566
139.177 0 109.607186837389 "LDA" 18 1 3 3.69191919191919
142.544 0 112.605070782652 "LDA" 18 1 3 3.72727272727273
145.303 0 114.867897276936 "LDA" 18 1 3 3.76262626262626
146.784 0 115.159372284782 "LDA" 18 1 3 3.7979797979798
149.516 0 116.737935091767 "LDA" 18 1 3 3.83333333333333
151.703 0 117.288180599361 "LDA" 18 1 3 3.86868686868687
154.291 0 118.791749708466 "LDA" 18 1 3 3.9040404040404
157.025 0 121.752889662386 "LDA" 18 1 3 3.93939393939394
159.65 0 126.069691310271 "LDA" 18 1 3 3.97474747474747
163.908 0 130.073350893304 "LDA" 18 1 3 4.01010101010101
167.6 0 137.028620524483 "LDA" 18 1 3 4.04545454545454
169.393 0 139.060830090524 "LDA" 18 1 3 4.08080808080808
171.399 0 139.267962447809 "LDA" 18 1 3 4.11616161616162
173.58 0 140.123517655675 "LDA" 18 1 3 4.15151515151515
176.265 0 142.69313264872 "LDA" 18 1 3 4.18686868686869
178.249 0 145.00162229944 "LDA" 18 1 3 4.22222222222222
180.529 0 147.490238760162 "LDA" 18 1 3 4.25757575757576
182.657 0 148.224309061627 "LDA" 18 1 3 4.29292929292929
184.894 0 150.688206903194 "LDA" 18 1 3 4.32828282828283
186.143 0 150.808931714554 "LDA" 18 1 3 4.36363636363636
188.74 0 152.055250482182 "LDA" 18 1 3 4.3989898989899
190.736 0 153.95438368639 "LDA" 18 1 3 4.43434343434343
194.178 0 155.833033244721 "LDA" 18 1 3 4.46969696969697
198.633 0 158.883366767057 "LDA" 18 1 3 4.50505050505051
201.106 0 160.053303070645 "LDA" 18 1 3 4.54040404040404
204.107 0 163.964422613209 "LDA" 18 1 3 4.57575757575758
207.001 0 167.073991745327 "LDA" 18 1 3 4.61111111111111
210.511 0 169.978676985173 "LDA" 18 1 3 4.64646464646465
212.315 0 170.373439490678 "LDA" 18 1 3 4.68181818181818
214.831 0 171.783386772327 "LDA" 18 1 3 4.71717171717172
217.619 0 173.073574820945 "LDA" 18 1 3 4.75252525252525
221.816 0 177.927660571358 "LDA" 18 1 3 4.78787878787879
223.844 0 178.7804746669 "LDA" 18 1 3 4.82323232323232
226.047 0 179.347518308237 "LDA" 18 1 3 4.85858585858586
229.853 0 181.131648435786 "LDA" 18 1 3 4.89393939393939
233.056 0 183.018662148686 "LDA" 18 1 3 4.92929292929293
235.753 0 186.782798471392 "LDA" 18 1 3 4.96464646464646
238.671 0 189.792618394386 "LDA" 18 1 3 5
11.776 0 7.22329564672525 "uLSIF" 18 1 3 1.5
12.181 0 7.50190092693295 "uLSIF" 18 1 3 1.53535353535354
12.466 0 7.70715539250664 "uLSIF" 18 1 3 1.57070707070707
12.814 0 7.86659311819845 "uLSIF" 18 1 3 1.60606060606061
13.148 0 8.08773809587746 "uLSIF" 18 1 3 1.64141414141414
13.501 0 8.24244726625151 "uLSIF" 18 1 3 1.67676767676768
13.839 0 8.42627326171428 "uLSIF" 18 1 3 1.71212121212121
14.242 0 8.70719537229131 "uLSIF" 18 1 3 1.74747474747475
14.582 0 8.84531036852385 "uLSIF" 18 1 3 1.78282828282828
14.881 0 9.03373939448374 "uLSIF" 18 1 3 1.81818181818182
15.121 0 9.18099393582469 "uLSIF" 18 1 3 1.85353535353535
15.449 0 9.33780453819813 "uLSIF" 18 1 3 1.88888888888889
15.745 0 9.41417025560945 "uLSIF" 18 1 3 1.92424242424242
16.039 0 9.62642961575823 "uLSIF" 18 1 3 1.95959595959596
16.413 0 9.79368915921612 "uLSIF" 18 1 3 1.99494949494949
16.764 0 9.93846452310804 "uLSIF" 18 1 3 2.03030303030303
17.178 0 10.1684666353248 "uLSIF" 18 1 3 2.06565656565657
17.582 0 10.4523934354065 "uLSIF" 18 1 3 2.1010101010101
17.83 0 10.5178764836694 "uLSIF" 18 1 3 2.13636363636364
18.078 0 10.5670989197404 "uLSIF" 18 1 3 2.17171717171717
18.382 0 10.7192807118285 "uLSIF" 18 1 3 2.20707070707071
18.719 0 10.7912227986215 "uLSIF" 18 1 3 2.24242424242424
19.084 0 10.8521294091396 "uLSIF" 18 1 3 2.27777777777778
19.426 0 11.0479220028284 "uLSIF" 18 1 3 2.31313131313131
19.774 0 11.2423892173913 "uLSIF" 18 1 3 2.34848484848485
20.101 0 11.3901947101678 "uLSIF" 18 1 3 2.38383838383838
20.364 0 11.4148062533624 "uLSIF" 18 1 3 2.41919191919192
20.765 0 11.6402435657623 "uLSIF" 18 1 3 2.45454545454545
21.181 0 11.886358758027 "uLSIF" 18 1 3 2.48989898989899
21.482 0 11.9857972340323 "uLSIF" 18 1 3 2.52525252525253
21.894 0 12.208677889756 "uLSIF" 18 1 3 2.56060606060606
22.258 0 12.3580806826205 "uLSIF" 18 1 3 2.5959595959596
22.547 0 12.4809280329856 "uLSIF" 18 1 3 2.63131313131313
22.939 0 12.6661640093088 "uLSIF" 18 1 3 2.66666666666667
23.204 0 12.7701785994348 "uLSIF" 18 1 3 2.7020202020202
23.529 0 13.0003911160076 "uLSIF" 18 1 3 2.73737373737374
23.901 0 13.1718144420462 "uLSIF" 18 1 3 2.77272727272727
24.18 0 13.226660370046 "uLSIF" 18 1 3 2.80808080808081
24.532 0 13.3005970498276 "uLSIF" 18 1 3 2.84343434343434
24.836 0 13.2608051396947 "uLSIF" 18 1 3 2.87878787878788
25.165 0 13.3654184150519 "uLSIF" 18 1 3 2.91414141414141
25.469 0 13.3864198064768 "uLSIF" 18 1 3 2.94949494949495
25.807 0 13.5050411749516 "uLSIF" 18 1 3 2.98484848484848
26.19 0 13.6446354321424 "uLSIF" 18 1 3 3.02020202020202
26.535 0 13.8967584311916 "uLSIF" 18 1 3 3.05555555555556
26.924 0 14.0379944895733 "uLSIF" 18 1 3 3.09090909090909
27.223 0 14.0476548792888 "uLSIF" 18 1 3 3.12626262626263
27.535 0 14.2357800078686 "uLSIF" 18 1 3 3.16161616161616
27.918 0 14.5690608322408 "uLSIF" 18 1 3 3.1969696969697
28.275 0 14.6673960711337 "uLSIF" 18 1 3 3.23232323232323
28.669 0 14.899847128224 "uLSIF" 18 1 3 3.26767676767677
29.073 0 15.0686673510213 "uLSIF" 18 1 3 3.3030303030303
29.433 0 15.2177228943785 "uLSIF" 18 1 3 3.33838383838384
29.703 0 15.2460891455558 "uLSIF" 18 1 3 3.37373737373737
30.087 0 15.3968988921632 "uLSIF" 18 1 3 3.40909090909091
30.465 0 15.6182170462477 "uLSIF" 18 1 3 3.44444444444444
30.75 0 15.6256731586726 "uLSIF" 18 1 3 3.47979797979798
31.054 0 15.8138914617232 "uLSIF" 18 1 3 3.51515151515152
31.355 0 16.0587315145954 "uLSIF" 18 1 3 3.55050505050505
31.683 0 16.2008944191356 "uLSIF" 18 1 3 3.58585858585859
32.029 0 16.3173654557167 "uLSIF" 18 1 3 3.62121212121212
32.46 0 16.4491633518236 "uLSIF" 18 1 3 3.65656565656566
32.727 0 16.5081491994103 "uLSIF" 18 1 3 3.69191919191919
33.177 0 16.8500324805205 "uLSIF" 18 1 3 3.72727272727273
33.522 0 17.1583777183604 "uLSIF" 18 1 3 3.76262626262626
33.968 0 17.5473897456826 "uLSIF" 18 1 3 3.7979797979798
34.237 0 17.5477849244785 "uLSIF" 18 1 3 3.83333333333333
34.73 0 17.8505389762254 "uLSIF" 18 1 3 3.86868686868687
35.063 0 18.1295811510557 "uLSIF" 18 1 3 3.9040404040404
35.489 0 18.3460747152479 "uLSIF" 18 1 3 3.93939393939394
35.793 0 18.4199741163349 "uLSIF" 18 1 3 3.97474747474747
36.001 0 18.4434584652706 "uLSIF" 18 1 3 4.01010101010101
36.312 0 18.4795061662412 "uLSIF" 18 1 3 4.04545454545454
36.721 0 18.6800455862159 "uLSIF" 18 1 3 4.08080808080808
36.984 0 18.7436140343069 "uLSIF" 18 1 3 4.11616161616162
37.312 0 18.837874655107 "uLSIF" 18 1 3 4.15151515151515
37.686 0 18.9474116545878 "uLSIF" 18 1 3 4.18686868686869
37.976 0 19.0167047371268 "uLSIF" 18 1 3 4.22222222222222
38.36 0 19.2016953705944 "uLSIF" 18 1 3 4.25757575757576
38.699 0 19.1715922382297 "uLSIF" 18 1 3 4.29292929292929
39.024 0 19.3333184218644 "uLSIF" 18 1 3 4.32828282828283
39.292 0 19.3622217638274 "uLSIF" 18 1 3 4.36363636363636
39.563 0 19.3661839317941 "uLSIF" 18 1 3 4.3989898989899
39.929 0 19.4714430922851 "uLSIF" 18 1 3 4.43434343434343
40.248 0 19.5267454991811 "uLSIF" 18 1 3 4.46969696969697
40.645 0 19.9309361851675 "uLSIF" 18 1 3 4.50505050505051
40.889 0 19.9772312588299 "uLSIF" 18 1 3 4.54040404040404
41.218 0 20.0550911910837 "uLSIF" 18 1 3 4.57575757575758
41.586 0 20.055194210349 "uLSIF" 18 1 3 4.61111111111111
42.181 0 20.7998767754493 "uLSIF" 18 1 3 4.64646464646465
42.462 0 20.8674388942679 "uLSIF" 18 1 3 4.68181818181818
42.704 0 20.9070679314315 "uLSIF" 18 1 3 4.71717171717172
42.95 0 20.9123127564797 "uLSIF" 18 1 3 4.75252525252525
43.255 0 20.9729310979376 "uLSIF" 18 1 3 4.78787878787879
43.612 0 21.0081602906775 "uLSIF" 18 1 3 4.82323232323232
44.035 0 21.5963000343849 "uLSIF" 18 1 3 4.85858585858586
44.325 0 21.6222315198015 "uLSIF" 18 1 3 4.89393939393939
44.677 0 21.7908584620366 "uLSIF" 18 1 3 4.92929292929293
45.107 0 22.0441714858258 "uLSIF" 18 1 3 4.96464646464646
45.495 0 22.0999181306488 "uLSIF" 18 1 3 5
