148.755 14.675 0 0 "KDE LDA" 166 5000 2.5
150.525 14.685 0 0 "KDE LDA" 166 5000 2.51010101010101
150.775 14.77 0 0 "KDE LDA" 166 5000 2.52020202020202
158.705 14.93 0 0 "KDE LDA" 166 5000 2.53030303030303
160.08 15.065 0 0 "KDE LDA" 166 5000 2.54040404040404
160.95 15.08 0 0 "KDE LDA" 166 5000 2.55050505050505
160.955 15.09 0 0 "KDE LDA" 166 5000 2.56060606060606
162.785 15.1 0 0 "KDE LDA" 166 5000 2.57070707070707
162.79 15.13 0 0 "KDE LDA" 166 5000 2.58080808080808
162.79 15.22 0 0 "KDE LDA" 166 5000 2.59090909090909
165.34 15.24 0 0 "KDE LDA" 166 5000 2.6010101010101
167.005 15.32 0 0 "KDE LDA" 166 5000 2.61111111111111
167.095 15.33 0 0 "KDE LDA" 166 5000 2.62121212121212
170.765 15.34 0 0 "KDE LDA" 166 5000 2.63131313131313
173.245 15.385 0 0 "KDE LDA" 166 5000 2.64141414141414
176.27 15.685 0 0 "KDE LDA" 166 5000 2.65151515151515
180.675 15.93 0 0 "KDE LDA" 166 5000 2.66161616161616
187.71 16.075 0 0 "KDE LDA" 166 5000 2.67171717171717
187.715 16.36 0 0 "KDE LDA" 166 5000 2.68181818181818
188.815 16.425 0 0 "KDE LDA" 166 5000 2.69191919191919
188.85 16.445 0 0 "KDE LDA" 166 5000 2.7020202020202
190.525 16.46 0 0 "KDE LDA" 166 5000 2.71212121212121
193.415 16.55 0 0 "KDE LDA" 166 5000 2.72222222222222
196.725 16.555 0 0 "KDE LDA" 166 5000 2.73232323232323
197.77 16.6 0 0 "KDE LDA" 166 5000 2.74242424242424
197.805 16.66 0 0 "KDE LDA" 166 5000 2.75252525252525
200.035 16.745 0 0 "KDE LDA" 166 5000 2.76262626262626
202.275 16.95 0 0 "KDE LDA" 166 5000 2.77272727272727
207.94 16.98 0 0 "KDE LDA" 166 5000 2.78282828282828
217.35 17.235 0 0 "KDE LDA" 166 5000 2.79292929292929
245.66 17.74 0 0 "KDE LDA" 166 5000 2.8030303030303
245.685 17.74 0 0 "KDE LDA" 166 5000 2.81313131313131
245.74 17.77 0 0 "KDE LDA" 166 5000 2.82323232323232
246.67 17.775 0 0 "KDE LDA" 166 5000 2.83333333333333
246.73 17.785 0 0 "KDE LDA" 166 5000 2.84343434343434
246.99 17.795 0 0 "KDE LDA" 166 5000 2.85353535353535
252.135 17.85 0 0 "KDE LDA" 166 5000 2.86363636363636
252.375 18.04 0 0 "KDE LDA" 166 5000 2.87373737373737
252.425 18.04 0 0 "KDE LDA" 166 5000 2.88383838383838
252.48 18.055 0 0 "KDE LDA" 166 5000 2.89393939393939
252.5 18.085 0 0 "KDE LDA" 166 5000 2.9040404040404
254.15 18.12 0 0 "KDE LDA" 166 5000 2.91414141414141
254.165 18.19 0 0 "KDE LDA" 166 5000 2.92424242424242
258.625 18.255 0 0 "KDE LDA" 166 5000 2.93434343434343
262.01 18.285 0 0 "KDE LDA" 166 5000 2.94444444444444
262.665 18.305 0 0 "KDE LDA" 166 5000 2.95454545454545
266.575 18.38 0 0 "KDE LDA" 166 5000 2.96464646464646
266.75 18.505 0 0 "KDE LDA" 166 5000 2.97474747474747
273.085 18.51 0 0 "KDE LDA" 166 5000 2.98484848484848
273.085 18.55 0 0 "KDE LDA" 166 5000 2.99494949494949
276.335 18.57 0 0 "KDE LDA" 166 5000 3.00505050505051
280.605 18.58 0 0 "KDE LDA" 166 5000 3.01515151515152
282.385 18.62 0 0 "KDE LDA" 166 5000 3.02525252525253
285.105 18.66 0 0 "KDE LDA" 166 5000 3.03535353535354
287.235 18.695 0 0 "KDE LDA" 166 5000 3.04545454545455
288.83 18.715 0 0 "KDE LDA" 166 5000 3.05555555555556
295.395 18.77 0 0 "KDE LDA" 166 5000 3.06565656565657
296.775 18.79 0 0 "KDE LDA" 166 5000 3.07575757575758
302.46 18.85 0 0 "KDE LDA" 166 5000 3.08585858585859
304.41 19.06 0 0 "KDE LDA" 166 5000 3.0959595959596
306.435 19.08 0 0 "KDE LDA" 166 5000 3.10606060606061
311.43 19.1 0 0 "KDE LDA" 166 5000 3.11616161616162
312.96 19.19 0 0 "KDE LDA" 166 5000 3.12626262626263
313.455 19.225 0 0 "KDE LDA" 166 5000 3.13636363636364
315.505 19.24 0 0 "KDE LDA" 166 5000 3.14646464646465
315.61 19.26 0 0 "KDE LDA" 166 5000 3.15656565656566
316.34 19.27 0 0 "KDE LDA" 166 5000 3.16666666666667
316.95 19.305 0 0 "KDE LDA" 166 5000 3.17676767676768
317.04 19.35 0 0 "KDE LDA" 166 5000 3.18686868686869
318.495 19.37 0 0 "KDE LDA" 166 5000 3.1969696969697
318.565 19.44 0 0 "KDE LDA" 166 5000 3.20707070707071
325.52 20.035 0 0 "KDE LDA" 166 5000 3.21717171717172
350.985 20.355 0 0 "KDE LDA" 166 5000 3.22727272727273
358.755 20.38 0 0 "KDE LDA" 166 5000 3.23737373737374
360.615 20.485 0 0 "KDE LDA" 166 5000 3.24747474747475
361.465 20.58 0 0 "KDE LDA" 166 5000 3.25757575757576
366.54 20.63 0 0 "KDE LDA" 166 5000 3.26767676767677
371.015 20.65 0 0 "KDE LDA" 166 5000 3.27777777777778
373.17 20.665 0 0 "KDE LDA" 166 5000 3.28787878787879
378.91 20.73 0 0 "KDE LDA" 166 5000 3.2979797979798
388.37 20.845 0 0 "KDE LDA" 166 5000 3.30808080808081
390.565 20.94 0 0 "KDE LDA" 166 5000 3.31818181818182
393.3 20.97 0 0 "KDE LDA" 166 5000 3.32828282828283
409.64 21.095 0 0 "KDE LDA" 166 5000 3.33838383838384
418.73 21.28 0 0 "KDE LDA" 166 5000 3.34848484848485
456.355 21.495 0 0 "KDE LDA" 166 5000 3.35858585858586
457.355 21.555 0 0 "KDE LDA" 166 5000 3.36868686868687
460.875 21.6 0 0 "KDE LDA" 166 5000 3.37878787878788
475.985 21.725 0 0 "KDE LDA" 166 5000 3.38888888888889
481.98 21.74 0 0 "KDE LDA" 166 5000 3.3989898989899
482.37 21.765 0 0 "KDE LDA" 166 5000 3.40909090909091
483.775 21.92 0 0 "KDE LDA" 166 5000 3.41919191919192
497.93 21.985 0 0 "KDE LDA" 166 5000 3.42929292929293
499.075 21.985 0 0 "KDE LDA" 166 5000 3.43939393939394
503.36 21.995 0 0 "KDE LDA" 166 5000 3.44949494949495
503.38 22.115 0 0 "KDE LDA" 166 5000 3.45959595959596
509.555 22.12 0 0 "KDE LDA" 166 5000 3.46969696969697
519.31 22.39 0 0 "KDE LDA" 166 5000 3.47979797979798
519.31 22.775 0 0 "KDE LDA" 166 5000 3.48989898989899
519.555 22.855 0 0 "KDE LDA" 166 5000 3.5
110.28 12.015 0 0 "KDE QDA" 166 5000 2.7
110.295 12.015 0 0 "KDE QDA" 166 5000 2.71010101010101
111.38 12.015 0 0 "KDE QDA" 166 5000 2.72020202020202
111.385 12.015 0 0 "KDE QDA" 166 5000 2.73030303030303
111.385 12.015 0 0 "KDE QDA" 166 5000 2.74040404040404
111.385 12.02 0 0 "KDE QDA" 166 5000 2.75050505050505
111.385 12.02 0 0 "KDE QDA" 166 5000 2.76060606060606
111.39 12.03 0 0 "KDE QDA" 166 5000 2.77070707070707
111.39 12.03 0 0 "KDE QDA" 166 5000 2.78080808080808
111.395 12.03 0 0 "KDE QDA" 166 5000 2.79090909090909
136.915 13.385 0 0 "KDE QDA" 166 5000 2.8010101010101
136.915 13.385 0 0 "KDE QDA" 166 5000 2.81111111111111
136.925 13.385 0 0 "KDE QDA" 166 5000 2.82121212121212
142.675 13.585 0 0 "KDE QDA" 166 5000 2.83131313131313
142.675 13.585 0 0 "KDE QDA" 166 5000 2.84141414141414
143.095 13.59 0 0 "KDE QDA" 166 5000 2.85151515151515
143.095 13.59 0 0 "KDE QDA" 166 5000 2.86161616161616
143.175 13.615 0 0 "KDE QDA" 166 5000 2.87171717171717
143.175 13.63 0 0 "KDE QDA" 166 5000 2.88181818181818
146.155 13.63 0 0 "KDE QDA" 166 5000 2.89191919191919
146.155 13.63 0 0 "KDE QDA" 166 5000 2.9020202020202
146.155 13.63 0 0 "KDE QDA" 166 5000 2.91212121212121
146.155 13.635 0 0 "KDE QDA" 166 5000 2.92222222222222
147.525 13.635 0 0 "KDE QDA" 166 5000 2.93232323232323
147.525 13.635 0 0 "KDE QDA" 166 5000 2.94242424242424
147.53 13.635 0 0 "KDE QDA" 166 5000 2.95252525252525
154.53 13.835 0 0 "KDE QDA" 166 5000 2.96262626262626
156.255 13.835 0 0 "KDE QDA" 166 5000 2.97272727272727
158.14 13.84 0 0 "KDE QDA" 166 5000 2.98282828282828
158.995 13.84 0 0 "KDE QDA" 166 5000 2.99292929292929
158.995 13.87 0 0 "KDE QDA" 166 5000 3.0030303030303
159.215 13.905 0 0 "KDE QDA" 166 5000 3.01313131313131
159.215 13.905 0 0 "KDE QDA" 166 5000 3.02323232323232
159.215 13.905 0 0 "KDE QDA" 166 5000 3.03333333333333
159.215 13.905 0 0 "KDE QDA" 166 5000 3.04343434343434
159.215 13.905 0 0 "KDE QDA" 166 5000 3.05353535353535
159.42 13.905 0 0 "KDE QDA" 166 5000 3.06363636363636
159.42 13.905 0 0 "KDE QDA" 166 5000 3.07373737373737
159.42 13.905 0 0 "KDE QDA" 166 5000 3.08383838383838
182.675 14.255 0 0 "KDE QDA" 166 5000 3.09393939393939
182.68 14.255 0 0 "KDE QDA" 166 5000 3.1040404040404
182.705 14.255 0 0 "KDE QDA" 166 5000 3.11414141414141
183.58 14.29 0 0 "KDE QDA" 166 5000 3.12424242424242
183.585 14.31 0 0 "KDE QDA" 166 5000 3.13434343434343
183.63 14.355 0 0 "KDE QDA" 166 5000 3.14444444444444
183.63 14.355 0 0 "KDE QDA" 166 5000 3.15454545454545
183.63 14.36 0 0 "KDE QDA" 166 5000 3.16464646464646
183.63 14.37 0 0 "KDE QDA" 166 5000 3.17474747474748
183.63 14.37 0 0 "KDE QDA" 166 5000 3.18484848484849
183.63 14.37 0 0 "KDE QDA" 166 5000 3.19494949494949
183.63 14.37 0 0 "KDE QDA" 166 5000 3.20505050505051
185.04 14.37 0 0 "KDE QDA" 166 5000 3.21515151515152
214.17 14.78 0 0 "KDE QDA" 166 5000 3.22525252525253
214.17 14.815 0 0 "KDE QDA" 166 5000 3.23535353535354
214.215 14.83 0 0 "KDE QDA" 166 5000 3.24545454545455
217.71 14.95 0 0 "KDE QDA" 166 5000 3.25555555555556
217.715 14.95 0 0 "KDE QDA" 166 5000 3.26565656565657
217.75 14.95 0 0 "KDE QDA" 166 5000 3.27575757575758
217.985 14.95 0 0 "KDE QDA" 166 5000 3.28585858585859
218 14.95 0 0 "KDE QDA" 166 5000 3.2959595959596
218 14.98 0 0 "KDE QDA" 166 5000 3.30606060606061
218 14.98 0 0 "KDE QDA" 166 5000 3.31616161616162
218.01 14.98 0 0 "KDE QDA" 166 5000 3.32626262626263
218.01 15 0 0 "KDE QDA" 166 5000 3.33636363636364
218.48 15 0 0 "KDE QDA" 166 5000 3.34646464646465
218.6 15 0 0 "KDE QDA" 166 5000 3.35656565656566
261.02 16.005 0 0 "KDE QDA" 166 5000 3.36666666666667
262.49 16.005 0 0 "KDE QDA" 166 5000 3.37676767676768
281.655 16.215 0 0 "KDE QDA" 166 5000 3.38686868686869
282.14 16.215 0 0 "KDE QDA" 166 5000 3.3969696969697
282.145 16.215 0 0 "KDE QDA" 166 5000 3.40707070707071
283.9 16.225 0 0 "KDE QDA" 166 5000 3.41717171717172
283.945 16.355 0 0 "KDE QDA" 166 5000 3.42727272727273
283.98 16.355 0 0 "KDE QDA" 166 5000 3.43737373737374
285.985 16.355 0 0 "KDE QDA" 166 5000 3.44747474747475
285.985 16.355 0 0 "KDE QDA" 166 5000 3.45757575757576
289.42 16.355 0 0 "KDE QDA" 166 5000 3.46767676767677
289.42 16.36 0 0 "KDE QDA" 166 5000 3.47777777777778
289.42 16.36 0 0 "KDE QDA" 166 5000 3.48787878787879
289.42 16.36 0 0 "KDE QDA" 166 5000 3.4979797979798
289.42 16.36 0 0 "KDE QDA" 166 5000 3.50808080808081
299.56 16.78 0 0 "KDE QDA" 166 5000 3.51818181818182
302.015 16.785 0 0 "KDE QDA" 166 5000 3.52828282828283
302.02 16.785 0 0 "KDE QDA" 166 5000 3.53838383838384
304.09 16.85 0 0 "KDE QDA" 166 5000 3.54848484848485
304.09 16.85 0 0 "KDE QDA" 166 5000 3.55858585858586
306.27 16.865 0 0 "KDE QDA" 166 5000 3.56868686868687
310.195 16.865 0 0 "KDE QDA" 166 5000 3.57878787878788
310.195 16.865 0 0 "KDE QDA" 166 5000 3.58888888888889
310.6 16.865 0 0 "KDE QDA" 166 5000 3.5989898989899
310.6 16.865 0 0 "KDE QDA" 166 5000 3.60909090909091
310.6 16.865 0 0 "KDE QDA" 166 5000 3.61919191919192
310.6 16.865 0 0 "KDE QDA" 166 5000 3.62929292929293
310.6 16.87 0 0 "KDE QDA" 166 5000 3.63939393939394
310.6 16.87 0 0 "KDE QDA" 166 5000 3.64949494949495
337.47 17.26 0 0 "KDE QDA" 166 5000 3.65959595959596
337.47 17.285 0 0 "KDE QDA" 166 5000 3.66969696969697
341.785 17.38 0 0 "KDE QDA" 166 5000 3.67979797979798
341.795 17.385 0 0 "KDE QDA" 166 5000 3.68989898989899
341.795 17.385 0 0 "KDE QDA" 166 5000 3.7
