124.435 15.465 0 0 "KDE LDA" 148 1000 2.5
124.62 15.47 0 0 "KDE LDA" 148 1000 2.51010101010101
127.89 15.505 0 0 "KDE LDA" 148 1000 2.52020202020202
129.52 15.6 0 0 "KDE LDA" 148 1000 2.53030303030303
131.49 15.95 0 0 "KDE LDA" 148 1000 2.54040404040404
131.9 16.11 0 0 "KDE LDA" 148 1000 2.55050505050505
131.925 16.145 0 0 "KDE LDA" 148 1000 2.56060606060606
131.935 16.16 0 0 "KDE LDA" 148 1000 2.57070707070707
132.845 16.165 0 0 "KDE LDA" 148 1000 2.58080808080808
133.93 16.195 0 0 "KDE LDA" 148 1000 2.59090909090909
135.58 16.215 0 0 "KDE LDA" 148 1000 2.6010101010101
140.295 16.245 0 0 "KDE LDA" 148 1000 2.61111111111111
140.425 16.31 0 0 "KDE LDA" 148 1000 2.62121212121212
140.505 16.43 0 0 "KDE LDA" 148 1000 2.63131313131313
142.56 16.45 0 0 "KDE LDA" 148 1000 2.64141414141414
148.125 16.525 0 0 "KDE LDA" 148 1000 2.65151515151515
150.535 16.565 0 0 "KDE LDA" 148 1000 2.66161616161616
163.565 16.965 0 0 "KDE LDA" 148 1000 2.67171717171717
164.56 16.975 0 0 "KDE LDA" 148 1000 2.68181818181818
165.045 17.055 0 0 "KDE LDA" 148 1000 2.69191919191919
165.38 17.09 0 0 "KDE LDA" 148 1000 2.7020202020202
165.45 17.305 0 0 "KDE LDA" 148 1000 2.71212121212121
169.335 17.41 0 0 "KDE LDA" 148 1000 2.72222222222222
170.99 17.425 0 0 "KDE LDA" 148 1000 2.73232323232323
172.125 17.435 0 0 "KDE LDA" 148 1000 2.74242424242424
173.12 17.455 0 0 "KDE LDA" 148 1000 2.75252525252525
174.84 17.465 0 0 "KDE LDA" 148 1000 2.76262626262626
178.99 17.49 0 0 "KDE LDA" 148 1000 2.77272727272727
180.27 17.545 0 0 "KDE LDA" 148 1000 2.78282828282828
183.32 17.745 0 0 "KDE LDA" 148 1000 2.79292929292929
222.98 18.44 0 0 "KDE LDA" 148 1000 2.8030303030303
222.99 18.57 0 0 "KDE LDA" 148 1000 2.81313131313131
225.385 18.72 0 0 "KDE LDA" 148 1000 2.82323232323232
225.395 18.815 0 0 "KDE LDA" 148 1000 2.83333333333333
225.395 18.845 0 0 "KDE LDA" 148 1000 2.84343434343434
229.275 18.865 0 0 "KDE LDA" 148 1000 2.85353535353535
230.27 18.875 0 0 "KDE LDA" 148 1000 2.86363636363636
230.275 18.885 0 0 "KDE LDA" 148 1000 2.87373737373737
230.76 18.895 0 0 "KDE LDA" 148 1000 2.88383838383838
230.775 18.895 0 0 "KDE LDA" 148 1000 2.89393939393939
230.775 18.92 0 0 "KDE LDA" 148 1000 2.9040404040404
232.555 18.945 0 0 "KDE LDA" 148 1000 2.91414141414141
233.915 18.975 0 0 "KDE LDA" 148 1000 2.92424242424242
234.435 19.12 0 0 "KDE LDA" 148 1000 2.93434343434343
241.985 19.135 0 0 "KDE LDA" 148 1000 2.94444444444444
248.64 19.185 0 0 "KDE LDA" 148 1000 2.95454545454545
250.315 19.23 0 0 "KDE LDA" 148 1000 2.96464646464646
258.41 19.26 0 0 "KDE LDA" 148 1000 2.97474747474747
263.215 19.285 0 0 "KDE LDA" 148 1000 2.98484848484848
263.535 19.285 0 0 "KDE LDA" 148 1000 2.99494949494949
263.99 19.295 0 0 "KDE LDA" 148 1000 3.00505050505051
264.74 19.31 0 0 "KDE LDA" 148 1000 3.01515151515152
264.75 19.365 0 0 "KDE LDA" 148 1000 3.02525252525253
266.73 19.37 0 0 "KDE LDA" 148 1000 3.03535353535354
267.35 19.525 0 0 "KDE LDA" 148 1000 3.04545454545455
269 19.54 0 0 "KDE LDA" 148 1000 3.05555555555556
271.06 19.585 0 0 "KDE LDA" 148 1000 3.06565656565657
273.055 19.66 0 0 "KDE LDA" 148 1000 3.07575757575758
276.43 19.68 0 0 "KDE LDA" 148 1000 3.08585858585859
289.215 19.8 0 0 "KDE LDA" 148 1000 3.0959595959596
292.385 19.81 0 0 "KDE LDA" 148 1000 3.10606060606061
293.07 19.85 0 0 "KDE LDA" 148 1000 3.11616161616162
293.135 19.875 0 0 "KDE LDA" 148 1000 3.12626262626263
296.17 19.905 0 0 "KDE LDA" 148 1000 3.13636363636364
303.53 19.94 0 0 "KDE LDA" 148 1000 3.14646464646465
303.555 19.985 0 0 "KDE LDA" 148 1000 3.15656565656566
303.58 19.995 0 0 "KDE LDA" 148 1000 3.16666666666667
308.435 20.015 0 0 "KDE LDA" 148 1000 3.17676767676768
308.825 20.035 0 0 "KDE LDA" 148 1000 3.18686868686869
308.865 20.08 0 0 "KDE LDA" 148 1000 3.1969696969697
309.255 20.14 0 0 "KDE LDA" 148 1000 3.20707070707071
311.845 20.17 0 0 "KDE LDA" 148 1000 3.21717171717172
334.06 20.39 0 0 "KDE LDA" 148 1000 3.22727272727273
335.78 20.405 0 0 "KDE LDA" 148 1000 3.23737373737374
336.47 20.46 0 0 "KDE LDA" 148 1000 3.24747474747475
336.955 20.505 0 0 "KDE LDA" 148 1000 3.25757575757576
338.855 20.525 0 0 "KDE LDA" 148 1000 3.26767676767677
341.695 20.53 0 0 "KDE LDA" 148 1000 3.27777777777778
341.695 20.535 0 0 "KDE LDA" 148 1000 3.28787878787879
342.975 20.56 0 0 "KDE LDA" 148 1000 3.2979797979798
343.015 20.605 0 0 "KDE LDA" 148 1000 3.30808080808081
347.675 20.7 0 0 "KDE LDA" 148 1000 3.31818181818182
351.815 20.99 0 0 "KDE LDA" 148 1000 3.32828282828283
358.19 21.065 0 0 "KDE LDA" 148 1000 3.33838383838384
365.045 21.23 0 0 "KDE LDA" 148 1000 3.34848484848485
424.26 21.765 0 0 "KDE LDA" 148 1000 3.35858585858586
424.265 21.86 0 0 "KDE LDA" 148 1000 3.36868686868687
430.79 21.88 0 0 "KDE LDA" 148 1000 3.37878787878788
438.75 22.015 0 0 "KDE LDA" 148 1000 3.38888888888889
440.595 22.015 0 0 "KDE LDA" 148 1000 3.3989898989899
455.605 22.13 0 0 "KDE LDA" 148 1000 3.40909090909091
469.04 22.145 0 0 "KDE LDA" 148 1000 3.41919191919192
469.765 22.175 0 0 "KDE LDA" 148 1000 3.42929292929293
469.82 22.185 0 0 "KDE LDA" 148 1000 3.43939393939394
482.72 22.195 0 0 "KDE LDA" 148 1000 3.44949494949495
485.905 22.235 0 0 "KDE LDA" 148 1000 3.45959595959596
489.165 22.24 0 0 "KDE LDA" 148 1000 3.46969696969697
490.2 22.275 0 0 "KDE LDA" 148 1000 3.47979797979798
490.295 22.3 0 0 "KDE LDA" 148 1000 3.48989898989899
496.475 22.355 0 0 "KDE LDA" 148 1000 3.5
158.405 14.705 0 0 "KDE QDA" 148 1000 3.5
158.425 14.705 0 0 "KDE QDA" 148 1000 3.51010101010101
162.83 14.85 0 0 "KDE QDA" 148 1000 3.52020202020202
164.595 14.875 0 0 "KDE QDA" 148 1000 3.53030303030303
167.26 14.875 0 0 "KDE QDA" 148 1000 3.54040404040404
168.645 14.895 0 0 "KDE QDA" 148 1000 3.55050505050505
169.39 14.895 0 0 "KDE QDA" 148 1000 3.56060606060606
170.175 14.905 0 0 "KDE QDA" 148 1000 3.57070707070707
170.175 14.925 0 0 "KDE QDA" 148 1000 3.58080808080808
170.775 14.975 0 0 "KDE QDA" 148 1000 3.59090909090909
172.125 14.985 0 0 "KDE QDA" 148 1000 3.6010101010101
173.42 15.02 0 0 "KDE QDA" 148 1000 3.61111111111111
173.425 15.025 0 0 "KDE QDA" 148 1000 3.62121212121212
175.585 15.025 0 0 "KDE QDA" 148 1000 3.63131313131313
176.315 15.06 0 0 "KDE QDA" 148 1000 3.64141414141414
180.13 15.33 0 0 "KDE QDA" 148 1000 3.65151515151515
181.38 15.33 0 0 "KDE QDA" 148 1000 3.66161616161616
181.385 15.35 0 0 "KDE QDA" 148 1000 3.67171717171717
185.42 15.365 0 0 "KDE QDA" 148 1000 3.68181818181818
185.545 15.365 0 0 "KDE QDA" 148 1000 3.69191919191919
187.545 15.395 0 0 "KDE QDA" 148 1000 3.7020202020202
188.175 15.405 0 0 "KDE QDA" 148 1000 3.71212121212121
189 15.405 0 0 "KDE QDA" 148 1000 3.72222222222222
189 15.405 0 0 "KDE QDA" 148 1000 3.73232323232323
189.9 15.405 0 0 "KDE QDA" 148 1000 3.74242424242424
192.05 15.405 0 0 "KDE QDA" 148 1000 3.75252525252525
192.09 15.415 0 0 "KDE QDA" 148 1000 3.76262626262626
192.88 15.48 0 0 "KDE QDA" 148 1000 3.77272727272727
192.89 15.49 0 0 "KDE QDA" 148 1000 3.78282828282828
200.055 16.06 0 0 "KDE QDA" 148 1000 3.79292929292929
200.07 16.06 0 0 "KDE QDA" 148 1000 3.8030303030303
202.26 16.11 0 0 "KDE QDA" 148 1000 3.81313131313131
205.845 16.125 0 0 "KDE QDA" 148 1000 3.82323232323232
205.86 16.145 0 0 "KDE QDA" 148 1000 3.83333333333333
207.53 16.165 0 0 "KDE QDA" 148 1000 3.84343434343434
209.115 16.18 0 0 "KDE QDA" 148 1000 3.85353535353535
209.31 16.185 0 0 "KDE QDA" 148 1000 3.86363636363636
209.315 16.19 0 0 "KDE QDA" 148 1000 3.87373737373737
213.36 16.275 0 0 "KDE QDA" 148 1000 3.88383838383838
213.955 16.28 0 0 "KDE QDA" 148 1000 3.89393939393939
214.975 16.325 0 0 "KDE QDA" 148 1000 3.9040404040404
215.53 16.375 0 0 "KDE QDA" 148 1000 3.91414141414141
221.575 16.8 0 0 "KDE QDA" 148 1000 3.92424242424242
221.595 16.8 0 0 "KDE QDA" 148 1000 3.93434343434343
221.65 17 0 0 "KDE QDA" 148 1000 3.94444444444444
222.39 17.015 0 0 "KDE QDA" 148 1000 3.95454545454545
222.455 17.025 0 0 "KDE QDA" 148 1000 3.96464646464646
222.46 17.04 0 0 "KDE QDA" 148 1000 3.97474747474747
226.905 17.045 0 0 "KDE QDA" 148 1000 3.98484848484848
226.91 17.07 0 0 "KDE QDA" 148 1000 3.99494949494949
230.065 17.075 0 0 "KDE QDA" 148 1000 4.00505050505051
231.37 17.115 0 0 "KDE QDA" 148 1000 4.01515151515152
231.81 17.135 0 0 "KDE QDA" 148 1000 4.02525252525253
232.625 17.15 0 0 "KDE QDA" 148 1000 4.03535353535354
234.605 17.155 0 0 "KDE QDA" 148 1000 4.04545454545455
239.915 17.16 0 0 "KDE QDA" 148 1000 4.05555555555556
245.1 17.175 0 0 "KDE QDA" 148 1000 4.06565656565657
247.73 17.205 0 0 "KDE QDA" 148 1000 4.07575757575758
252.37 17.46 0 0 "KDE QDA" 148 1000 4.08585858585859
252.38 17.465 0 0 "KDE QDA" 148 1000 4.0959595959596
255.64 17.53 0 0 "KDE QDA" 148 1000 4.10606060606061
257.73 17.53 0 0 "KDE QDA" 148 1000 4.11616161616162
257.765 17.56 0 0 "KDE QDA" 148 1000 4.12626262626263
258.305 17.57 0 0 "KDE QDA" 148 1000 4.13636363636364
258.4 17.585 0 0 "KDE QDA" 148 1000 4.14646464646465
258.4 17.59 0 0 "KDE QDA" 148 1000 4.15656565656566
259.135 17.605 0 0 "KDE QDA" 148 1000 4.16666666666667
263.095 17.67 0 0 "KDE QDA" 148 1000 4.17676767676768
264.005 17.67 0 0 "KDE QDA" 148 1000 4.18686868686869
266.06 17.72 0 0 "KDE QDA" 148 1000 4.1969696969697
267.05 17.74 0 0 "KDE QDA" 148 1000 4.20707070707071
279.535 17.995 0 0 "KDE QDA" 148 1000 4.21717171717172
279.83 18.02 0 0 "KDE QDA" 148 1000 4.22727272727273
283.51 18.115 0 0 "KDE QDA" 148 1000 4.23737373737374
285.31 18.12 0 0 "KDE QDA" 148 1000 4.24747474747475
285.345 18.185 0 0 "KDE QDA" 148 1000 4.25757575757576
288.415 18.21 0 0 "KDE QDA" 148 1000 4.26767676767677
294.605 18.21 0 0 "KDE QDA" 148 1000 4.27777777777778
294.61 18.25 0 0 "KDE QDA" 148 1000 4.28787878787879
294.905 18.25 0 0 "KDE QDA" 148 1000 4.2979797979798
296.765 18.27 0 0 "KDE QDA" 148 1000 4.30808080808081
296.77 18.27 0 0 "KDE QDA" 148 1000 4.31818181818182
298.925 18.285 0 0 "KDE QDA" 148 1000 4.32828282828283
301.47 18.3 0 0 "KDE QDA" 148 1000 4.33838383838384
311.465 18.59 0 0 "KDE QDA" 148 1000 4.34848484848485
314.225 18.595 0 0 "KDE QDA" 148 1000 4.35858585858586
316.195 18.595 0 0 "KDE QDA" 148 1000 4.36868686868687
324.93 18.785 0 0 "KDE QDA" 148 1000 4.37878787878788
325.76 18.785 0 0 "KDE QDA" 148 1000 4.38888888888889
330.8 18.8 0 0 "KDE QDA" 148 1000 4.3989898989899
336.22 18.815 0 0 "KDE QDA" 148 1000 4.40909090909091
338.025 18.815 0 0 "KDE QDA" 148 1000 4.41919191919192
340.88 18.835 0 0 "KDE QDA" 148 1000 4.42929292929293
340.88 18.845 0 0 "KDE QDA" 148 1000 4.43939393939394
342.28 18.875 0 0 "KDE QDA" 148 1000 4.44949494949495
342.31 18.95 0 0 "KDE QDA" 148 1000 4.45959595959596
344.425 18.95 0 0 "KDE QDA" 148 1000 4.46969696969697
349.825 19.4 0 0 "KDE QDA" 148 1000 4.47979797979798
350.205 19.41 0 0 "KDE QDA" 148 1000 4.48989898989899
351.9 19.415 0 0 "KDE QDA" 148 1000 4.5
