121.4 14.79 0 0 "KDE LDA" 107 800 2.4
121.48 14.79 0 0 "KDE LDA" 107 800 2.41010101010101
124.04 14.82 0 0 "KDE LDA" 107 800 2.42020202020202
124.51 14.965 0 0 "KDE LDA" 107 800 2.43030303030303
125.03 15.135 0 0 "KDE LDA" 107 800 2.44040404040404
125.03 15.155 0 0 "KDE LDA" 107 800 2.45050505050505
125.515 15.165 0 0 "KDE LDA" 107 800 2.46060606060606
125.855 15.17 0 0 "KDE LDA" 107 800 2.47070707070707
126.065 15.175 0 0 "KDE LDA" 107 800 2.48080808080808
127.095 15.195 0 0 "KDE LDA" 107 800 2.49090909090909
127.74 15.2 0 0 "KDE LDA" 107 800 2.5010101010101
129.86 15.295 0 0 "KDE LDA" 107 800 2.51111111111111
133.2 15.305 0 0 "KDE LDA" 107 800 2.52121212121212
138.88 15.555 0 0 "KDE LDA" 107 800 2.53131313131313
140.26 15.555 0 0 "KDE LDA" 107 800 2.54141414141414
140.975 15.645 0 0 "KDE LDA" 107 800 2.55151515151515
141.005 15.65 0 0 "KDE LDA" 107 800 2.56161616161616
141.47 15.66 0 0 "KDE LDA" 107 800 2.57171717171717
143.58 15.665 0 0 "KDE LDA" 107 800 2.58181818181818
145.26 15.68 0 0 "KDE LDA" 107 800 2.59191919191919
145.265 15.72 0 0 "KDE LDA" 107 800 2.6020202020202
146.86 15.755 0 0 "KDE LDA" 107 800 2.61212121212121
150.435 15.79 0 0 "KDE LDA" 107 800 2.62222222222222
155.115 15.83 0 0 "KDE LDA" 107 800 2.63232323232323
159.795 15.835 0 0 "KDE LDA" 107 800 2.64242424242424
161.695 15.955 0 0 "KDE LDA" 107 800 2.65252525252525
166.08 16.405 0 0 "KDE LDA" 107 800 2.66262626262626
169.475 17.015 0 0 "KDE LDA" 107 800 2.67272727272727
170.3 17.06 0 0 "KDE LDA" 107 800 2.68282828282828
174.775 17.075 0 0 "KDE LDA" 107 800 2.69292929292929
174.83 17.09 0 0 "KDE LDA" 107 800 2.7030303030303
175.89 17.25 0 0 "KDE LDA" 107 800 2.71313131313131
176.765 17.255 0 0 "KDE LDA" 107 800 2.72323232323232
177.685 17.33 0 0 "KDE LDA" 107 800 2.73333333333333
177.995 17.33 0 0 "KDE LDA" 107 800 2.74343434343434
181.295 17.43 0 0 "KDE LDA" 107 800 2.75353535353535
183.435 17.435 0 0 "KDE LDA" 107 800 2.76363636363636
187.995 17.67 0 0 "KDE LDA" 107 800 2.77373737373737
192.31 17.915 0 0 "KDE LDA" 107 800 2.78383838383838
200.41 18.23 0 0 "KDE LDA" 107 800 2.79393939393939
249.035 19.065 0 0 "KDE LDA" 107 800 2.8040404040404
253.105 19.145 0 0 "KDE LDA" 107 800 2.81414141414141
258.15 19.215 0 0 "KDE LDA" 107 800 2.82424242424242
258.495 19.22 0 0 "KDE LDA" 107 800 2.83434343434343
259.525 19.235 0 0 "KDE LDA" 107 800 2.84444444444444
259.63 19.26 0 0 "KDE LDA" 107 800 2.85454545454545
259.635 19.26 0 0 "KDE LDA" 107 800 2.86464646464646
259.67 19.265 0 0 "KDE LDA" 107 800 2.87474747474747
263.625 19.295 0 0 "KDE LDA" 107 800 2.88484848484848
263.63 19.33 0 0 "KDE LDA" 107 800 2.89494949494949
263.63 19.34 0 0 "KDE LDA" 107 800 2.90505050505051
263.65 19.37 0 0 "KDE LDA" 107 800 2.91515151515152
263.65 19.46 0 0 "KDE LDA" 107 800 2.92525252525253
268.67 19.505 0 0 "KDE LDA" 107 800 2.93535353535354
269.145 19.53 0 0 "KDE LDA" 107 800 2.94545454545455
283.41 19.56 0 0 "KDE LDA" 107 800 2.95555555555556
291.53 19.73 0 0 "KDE LDA" 107 800 2.96565656565657
295.925 19.735 0 0 "KDE LDA" 107 800 2.97575757575758
297.585 19.815 0 0 "KDE LDA" 107 800 2.98585858585859
298.625 19.885 0 0 "KDE LDA" 107 800 2.9959595959596
301.14 19.89 0 0 "KDE LDA" 107 800 3.00606060606061
301.18 20.005 0 0 "KDE LDA" 107 800 3.01616161616162
301.18 20.02 0 0 "KDE LDA" 107 800 3.02626262626263
301.195 20.035 0 0 "KDE LDA" 107 800 3.03636363636364
301.195 20.075 0 0 "KDE LDA" 107 800 3.04646464646465
304.015 20.1 0 0 "KDE LDA" 107 800 3.05656565656566
313.89 20.14 0 0 "KDE LDA" 107 800 3.06666666666667
315.355 20.16 0 0 "KDE LDA" 107 800 3.07676767676768
318.565 20.205 0 0 "KDE LDA" 107 800 3.08686868686869
328.915 20.33 0 0 "KDE LDA" 107 800 3.0969696969697
332.685 20.36 0 0 "KDE LDA" 107 800 3.10707070707071
333.205 20.37 0 0 "KDE LDA" 107 800 3.11717171717172
336.97 20.475 0 0 "KDE LDA" 107 800 3.12727272727273
336.97 20.555 0 0 "KDE LDA" 107 800 3.13737373737374
336.97 20.69 0 0 "KDE LDA" 107 800 3.14747474747475
336.995 21.02 0 0 "KDE LDA" 107 800 3.15757575757576
340.585 21.025 0 0 "KDE LDA" 107 800 3.16767676767677
343.62 21.085 0 0 "KDE LDA" 107 800 3.17777777777778
351.46 21.24 0 0 "KDE LDA" 107 800 3.18787878787879
353.85 21.28 0 0 "KDE LDA" 107 800 3.1979797979798
355.7 21.34 0 0 "KDE LDA" 107 800 3.20808080808081
366.93 21.465 0 0 "KDE LDA" 107 800 3.21818181818182
402.245 21.715 0 0 "KDE LDA" 107 800 3.22828282828283
406.34 21.815 0 0 "KDE LDA" 107 800 3.23838383838384
410.12 21.855 0 0 "KDE LDA" 107 800 3.24848484848485
418.88 21.875 0 0 "KDE LDA" 107 800 3.25858585858586
428.085 21.93 0 0 "KDE LDA" 107 800 3.26868686868687
430.845 21.935 0 0 "KDE LDA" 107 800 3.27878787878788
430.86 22.38 0 0 "KDE LDA" 107 800 3.28888888888889
430.925 22.385 0 0 "KDE LDA" 107 800 3.2989898989899
430.925 22.385 0 0 "KDE LDA" 107 800 3.30909090909091
437.27 22.405 0 0 "KDE LDA" 107 800 3.31919191919192
440.59 22.51 0 0 "KDE LDA" 107 800 3.32929292929293
443.155 22.53 0 0 "KDE LDA" 107 800 3.33939393939394
455.145 22.915 0 0 "KDE LDA" 107 800 3.34949494949495
492.74 23.315 0 0 "KDE LDA" 107 800 3.35959595959596
499.495 23.365 0 0 "KDE LDA" 107 800 3.36969696969697
517.02 23.38 0 0 "KDE LDA" 107 800 3.37979797979798
523.75 23.565 0 0 "KDE LDA" 107 800 3.38989898989899
525.21 23.59 0 0 "KDE LDA" 107 800 3.4
130.7 16.31 0 0 "KDE QDA" 107 800 4.3
131.18 16.335 0 0 "KDE QDA" 107 800 4.31010101010101
131.2 16.34 0 0 "KDE QDA" 107 800 4.32020202020202
131.295 16.365 0 0 "KDE QDA" 107 800 4.33030303030303
133.395 16.415 0 0 "KDE QDA" 107 800 4.34040404040404
133.92 16.59 0 0 "KDE QDA" 107 800 4.35050505050505
134.345 16.635 0 0 "KDE QDA" 107 800 4.36060606060606
134.4 16.71 0 0 "KDE QDA" 107 800 4.37070707070707
134.405 16.74 0 0 "KDE QDA" 107 800 4.38080808080808
134.415 16.755 0 0 "KDE QDA" 107 800 4.39090909090909
134.875 16.795 0 0 "KDE QDA" 107 800 4.4010101010101
134.935 16.8 0 0 "KDE QDA" 107 800 4.41111111111111
135.225 16.8 0 0 "KDE QDA" 107 800 4.42121212121212
135.71 16.81 0 0 "KDE QDA" 107 800 4.43131313131313
136.63 16.81 0 0 "KDE QDA" 107 800 4.44141414141414
136.645 16.81 0 0 "KDE QDA" 107 800 4.45151515151515
136.955 16.89 0 0 "KDE QDA" 107 800 4.46161616161616
137.115 16.9 0 0 "KDE QDA" 107 800 4.47171717171717
142.43 17.295 0 0 "KDE QDA" 107 800 4.48181818181818
142.92 17.31 0 0 "KDE QDA" 107 800 4.49191919191919
144.865 17.31 0 0 "KDE QDA" 107 800 4.5020202020202
145.105 17.345 0 0 "KDE QDA" 107 800 4.51212121212121
145.18 17.345 0 0 "KDE QDA" 107 800 4.52222222222222
147.295 17.385 0 0 "KDE QDA" 107 800 4.53232323232323
147.31 17.395 0 0 "KDE QDA" 107 800 4.54242424242424
147.34 17.45 0 0 "KDE QDA" 107 800 4.55252525252525
147.52 17.48 0 0 "KDE QDA" 107 800 4.56262626262626
147.62 17.485 0 0 "KDE QDA" 107 800 4.57272727272727
147.89 17.49 0 0 "KDE QDA" 107 800 4.58282828282828
148.535 17.505 0 0 "KDE QDA" 107 800 4.59292929292929
148.55 17.505 0 0 "KDE QDA" 107 800 4.6030303030303
148.585 17.545 0 0 "KDE QDA" 107 800 4.61313131313131
148.655 17.585 0 0 "KDE QDA" 107 800 4.62323232323232
151.395 17.585 0 0 "KDE QDA" 107 800 4.63333333333333
153.11 17.71 0 0 "KDE QDA" 107 800 4.64343434343434
153.475 17.725 0 0 "KDE QDA" 107 800 4.65353535353535
153.535 17.745 0 0 "KDE QDA" 107 800 4.66363636363636
155.76 17.77 0 0 "KDE QDA" 107 800 4.67373737373737
155.815 17.86 0 0 "KDE QDA" 107 800 4.68383838383838
157.68 17.93 0 0 "KDE QDA" 107 800 4.69393939393939
158.265 17.985 0 0 "KDE QDA" 107 800 4.7040404040404
158.855 17.995 0 0 "KDE QDA" 107 800 4.71414141414141
159.02 18.02 0 0 "KDE QDA" 107 800 4.72424242424242
159.905 18.06 0 0 "KDE QDA" 107 800 4.73434343434343
159.93 18.11 0 0 "KDE QDA" 107 800 4.74444444444444
159.98 18.115 0 0 "KDE QDA" 107 800 4.75454545454545
163.93 18.145 0 0 "KDE QDA" 107 800 4.76464646464646
165.78 18.38 0 0 "KDE QDA" 107 800 4.77474747474747
168.47 18.415 0 0 "KDE QDA" 107 800 4.78484848484849
168.6 18.435 0 0 "KDE QDA" 107 800 4.79494949494949
169.31 18.47 0 0 "KDE QDA" 107 800 4.80505050505051
172.55 18.5 0 0 "KDE QDA" 107 800 4.81515151515152
175.62 18.505 0 0 "KDE QDA" 107 800 4.82525252525252
178.83 18.525 0 0 "KDE QDA" 107 800 4.83535353535354
179.565 18.56 0 0 "KDE QDA" 107 800 4.84545454545455
179.725 18.565 0 0 "KDE QDA" 107 800 4.85555555555556
179.775 18.595 0 0 "KDE QDA" 107 800 4.86565656565657
179.795 18.625 0 0 "KDE QDA" 107 800 4.87575757575758
180.595 18.635 0 0 "KDE QDA" 107 800 4.88585858585859
180.63 18.635 0 0 "KDE QDA" 107 800 4.8959595959596
183.6 18.965 0 0 "KDE QDA" 107 800 4.90606060606061
183.68 19.105 0 0 "KDE QDA" 107 800 4.91616161616162
184.26 19.11 0 0 "KDE QDA" 107 800 4.92626262626263
186.415 19.185 0 0 "KDE QDA" 107 800 4.93636363636364
187.295 19.21 0 0 "KDE QDA" 107 800 4.94646464646465
189.395 19.34 0 0 "KDE QDA" 107 800 4.95656565656566
190.82 19.345 0 0 "KDE QDA" 107 800 4.96666666666667
190.86 19.345 0 0 "KDE QDA" 107 800 4.97676767676768
192.685 19.36 0 0 "KDE QDA" 107 800 4.98686868686869
193.415 19.385 0 0 "KDE QDA" 107 800 4.9969696969697
194.16 19.395 0 0 "KDE QDA" 107 800 5.00707070707071
194.195 19.395 0 0 "KDE QDA" 107 800 5.01717171717172
195.725 19.395 0 0 "KDE QDA" 107 800 5.02727272727273
195.85 19.745 0 0 "KDE QDA" 107 800 5.03737373737374
197.34 19.795 0 0 "KDE QDA" 107 800 5.04747474747475
197.445 19.8 0 0 "KDE QDA" 107 800 5.05757575757576
198.43 19.855 0 0 "KDE QDA" 107 800 5.06767676767677
198.715 19.86 0 0 "KDE QDA" 107 800 5.07777777777778
199.12 19.925 0 0 "KDE QDA" 107 800 5.08787878787879
202.435 19.935 0 0 "KDE QDA" 107 800 5.0979797979798
202.505 19.955 0 0 "KDE QDA" 107 800 5.10808080808081
205.325 19.98 0 0 "KDE QDA" 107 800 5.11818181818182
206.105 20.005 0 0 "KDE QDA" 107 800 5.12828282828283
206.145 20.01 0 0 "KDE QDA" 107 800 5.13838383838384
206.155 20.075 0 0 "KDE QDA" 107 800 5.14848484848485
206.19 20.105 0 0 "KDE QDA" 107 800 5.15858585858586
206.19 20.11 0 0 "KDE QDA" 107 800 5.16868686868687
207.1 20.145 0 0 "KDE QDA" 107 800 5.17878787878788
207.155 20.145 0 0 "KDE QDA" 107 800 5.18888888888889
209.225 20.255 0 0 "KDE QDA" 107 800 5.1989898989899
211.135 20.28 0 0 "KDE QDA" 107 800 5.20909090909091
213.31 20.385 0 0 "KDE QDA" 107 800 5.21919191919192
213.48 20.48 0 0 "KDE QDA" 107 800 5.22929292929293
215.11 20.59 0 0 "KDE QDA" 107 800 5.23939393939394
218.675 20.645 0 0 "KDE QDA" 107 800 5.24949494949495
218.89 20.665 0 0 "KDE QDA" 107 800 5.25959595959596
218.94 20.69 0 0 "KDE QDA" 107 800 5.26969696969697
222.01 20.73 0 0 "KDE QDA" 107 800 5.27979797979798
224.42 20.74 0 0 "KDE QDA" 107 800 5.28989898989899
224.44 20.75 0 0 "KDE QDA" 107 800 5.3
