149.125 14.455 0 0 "KDE LDA" 117 1500 2.5
149.17 14.47 0 0 "KDE LDA" 117 1500 2.51010101010101
149.395 14.555 0 0 "KDE LDA" 117 1500 2.52020202020202
149.515 14.69 0 0 "KDE LDA" 117 1500 2.53030303030303
154.91 14.78 0 0 "KDE LDA" 117 1500 2.54040404040404
156.295 14.785 0 0 "KDE LDA" 117 1500 2.55050505050505
157.5 14.94 0 0 "KDE LDA" 117 1500 2.56060606060606
157.625 15.035 0 0 "KDE LDA" 117 1500 2.57070707070707
157.63 15.07 0 0 "KDE LDA" 117 1500 2.58080808080808
157.635 15.105 0 0 "KDE LDA" 117 1500 2.59090909090909
157.645 15.125 0 0 "KDE LDA" 117 1500 2.6010101010101
157.65 15.15 0 0 "KDE LDA" 117 1500 2.61111111111111
157.7 15.235 0 0 "KDE LDA" 117 1500 2.62121212121212
158.35 15.435 0 0 "KDE LDA" 117 1500 2.63131313131313
161.39 15.455 0 0 "KDE LDA" 117 1500 2.64141414141414
165.27 15.5 0 0 "KDE LDA" 117 1500 2.65151515151515
168.495 15.605 0 0 "KDE LDA" 117 1500 2.66161616161616
179.42 15.88 0 0 "KDE LDA" 117 1500 2.67171717171717
180.23 15.955 0 0 "KDE LDA" 117 1500 2.68181818181818
181.465 15.97 0 0 "KDE LDA" 117 1500 2.69191919191919
181.6 15.98 0 0 "KDE LDA" 117 1500 2.7020202020202
181.63 16.015 0 0 "KDE LDA" 117 1500 2.71212121212121
183.79 16.035 0 0 "KDE LDA" 117 1500 2.72222222222222
184.25 16.13 0 0 "KDE LDA" 117 1500 2.73232323232323
188.085 16.145 0 0 "KDE LDA" 117 1500 2.74242424242424
189.33 16.185 0 0 "KDE LDA" 117 1500 2.75252525252525
190.59 16.205 0 0 "KDE LDA" 117 1500 2.76262626262626
193.345 16.25 0 0 "KDE LDA" 117 1500 2.77272727272727
193.92 16.315 0 0 "KDE LDA" 117 1500 2.78282828282828
206.92 16.445 0 0 "KDE LDA" 117 1500 2.79292929292929
247.495 17.145 0 0 "KDE LDA" 117 1500 2.8030303030303
247.515 17.15 0 0 "KDE LDA" 117 1500 2.81313131313131
256.535 17.195 0 0 "KDE LDA" 117 1500 2.82323232323232
259.72 17.28 0 0 "KDE LDA" 117 1500 2.83333333333333
260.175 17.35 0 0 "KDE LDA" 117 1500 2.84343434343434
261.24 17.355 0 0 "KDE LDA" 117 1500 2.85353535353535
261.895 17.36 0 0 "KDE LDA" 117 1500 2.86363636363636
261.91 17.38 0 0 "KDE LDA" 117 1500 2.87373737373737
261.915 17.385 0 0 "KDE LDA" 117 1500 2.88383838383838
262.805 17.44 0 0 "KDE LDA" 117 1500 2.89393939393939
262.905 17.445 0 0 "KDE LDA" 117 1500 2.9040404040404
262.955 17.485 0 0 "KDE LDA" 117 1500 2.91414141414141
263.815 17.53 0 0 "KDE LDA" 117 1500 2.92424242424242
263.835 17.83 0 0 "KDE LDA" 117 1500 2.93434343434343
270 17.975 0 0 "KDE LDA" 117 1500 2.94444444444444
278.875 18.01 0 0 "KDE LDA" 117 1500 2.95454545454545
278.985 18.055 0 0 "KDE LDA" 117 1500 2.96464646464646
284.575 18.07 0 0 "KDE LDA" 117 1500 2.97474747474747
285.06 18.09 0 0 "KDE LDA" 117 1500 2.98484848484848
294.385 18.18 0 0 "KDE LDA" 117 1500 2.99494949494949
297.26 18.195 0 0 "KDE LDA" 117 1500 3.00505050505051
297.265 18.21 0 0 "KDE LDA" 117 1500 3.01515151515152
297.285 18.285 0 0 "KDE LDA" 117 1500 3.02525252525253
298.86 18.49 0 0 "KDE LDA" 117 1500 3.03535353535354
302.93 18.495 0 0 "KDE LDA" 117 1500 3.04545454545455
302.935 18.52 0 0 "KDE LDA" 117 1500 3.05555555555556
309.76 18.56 0 0 "KDE LDA" 117 1500 3.06565656565657
310.35 18.585 0 0 "KDE LDA" 117 1500 3.07575757575758
312.955 18.665 0 0 "KDE LDA" 117 1500 3.08585858585859
323.87 18.8 0 0 "KDE LDA" 117 1500 3.0959595959596
324.38 18.82 0 0 "KDE LDA" 117 1500 3.10606060606061
325.43 18.83 0 0 "KDE LDA" 117 1500 3.11616161616162
333.955 18.835 0 0 "KDE LDA" 117 1500 3.12626262626263
336.685 18.86 0 0 "KDE LDA" 117 1500 3.13636363636364
337.66 19.06 0 0 "KDE LDA" 117 1500 3.14646464646465
339.945 19.075 0 0 "KDE LDA" 117 1500 3.15656565656566
346.71 19.09 0 0 "KDE LDA" 117 1500 3.16666666666667
346.72 19.095 0 0 "KDE LDA" 117 1500 3.17676767676768
352.16 19.315 0 0 "KDE LDA" 117 1500 3.18686868686869
352.255 19.37 0 0 "KDE LDA" 117 1500 3.1969696969697
361.6 19.425 0 0 "KDE LDA" 117 1500 3.20707070707071
365.615 19.605 0 0 "KDE LDA" 117 1500 3.21717171717172
393.285 19.83 0 0 "KDE LDA" 117 1500 3.22727272727273
397.505 19.855 0 0 "KDE LDA" 117 1500 3.23737373737374
397.505 19.88 0 0 "KDE LDA" 117 1500 3.24747474747475
397.875 19.885 0 0 "KDE LDA" 117 1500 3.25757575757576
411.25 20.11 0 0 "KDE LDA" 117 1500 3.26767676767677
415.02 20.18 0 0 "KDE LDA" 117 1500 3.27777777777778
415.02 20.38 0 0 "KDE LDA" 117 1500 3.28787878787879
415.555 20.505 0 0 "KDE LDA" 117 1500 3.2979797979798
421.735 20.51 0 0 "KDE LDA" 117 1500 3.30808080808081
426.915 20.535 0 0 "KDE LDA" 117 1500 3.31818181818182
433.345 20.81 0 0 "KDE LDA" 117 1500 3.32828282828283
434.505 20.885 0 0 "KDE LDA" 117 1500 3.33838383838384
445.9 20.965 0 0 "KDE LDA" 117 1500 3.34848484848485
499.81 21.135 0 0 "KDE LDA" 117 1500 3.35858585858586
500.88 21.16 0 0 "KDE LDA" 117 1500 3.36868686868687
514.39 21.315 0 0 "KDE LDA" 117 1500 3.37878787878788
537.165 21.365 0 0 "KDE LDA" 117 1500 3.38888888888889
537.165 21.375 0 0 "KDE LDA" 117 1500 3.3989898989899
537.165 21.465 0 0 "KDE LDA" 117 1500 3.40909090909091
545.055 21.52 0 0 "KDE LDA" 117 1500 3.41919191919192
545.76 21.635 0 0 "KDE LDA" 117 1500 3.42929292929293
547.325 21.64 0 0 "KDE LDA" 117 1500 3.43939393939394
553.84 21.675 0 0 "KDE LDA" 117 1500 3.44949494949495
565.09 21.685 0 0 "KDE LDA" 117 1500 3.45959595959596
574.57 21.685 0 0 "KDE LDA" 117 1500 3.46969696969697
588.485 21.765 0 0 "KDE LDA" 117 1500 3.47979797979798
590.075 22.25 0 0 "KDE LDA" 117 1500 3.48989898989899
593.085 22.3 0 0 "KDE LDA" 117 1500 3.5
111.26 12.42 0 0 "KDE QDA" 117 1500 2.8
111.805 12.42 0 0 "KDE QDA" 117 1500 2.81010101010101
111.85 12.42 0 0 "KDE QDA" 117 1500 2.82020202020202
113.195 12.5 0 0 "KDE QDA" 117 1500 2.83030303030303
115.745 12.54 0 0 "KDE QDA" 117 1500 2.84040404040404
115.745 12.545 0 0 "KDE QDA" 117 1500 2.85050505050505
115.75 12.64 0 0 "KDE QDA" 117 1500 2.86060606060606
115.75 12.66 0 0 "KDE QDA" 117 1500 2.87070707070707
115.755 12.66 0 0 "KDE QDA" 117 1500 2.88080808080808
116.75 12.66 0 0 "KDE QDA" 117 1500 2.89090909090909
116.76 12.665 0 0 "KDE QDA" 117 1500 2.9010101010101
117.58 12.67 0 0 "KDE QDA" 117 1500 2.91111111111111
117.97 12.75 0 0 "KDE QDA" 117 1500 2.92121212121212
117.97 12.75 0 0 "KDE QDA" 117 1500 2.93131313131313
117.99 12.76 0 0 "KDE QDA" 117 1500 2.94141414141414
118 12.76 0 0 "KDE QDA" 117 1500 2.95151515151515
121.125 13.145 0 0 "KDE QDA" 117 1500 2.96161616161616
122.895 13.145 0 0 "KDE QDA" 117 1500 2.97171717171717
123.825 13.145 0 0 "KDE QDA" 117 1500 2.98181818181818
126.35 13.15 0 0 "KDE QDA" 117 1500 2.99191919191919
126.845 13.17 0 0 "KDE QDA" 117 1500 3.0020202020202
126.845 13.175 0 0 "KDE QDA" 117 1500 3.01212121212121
126.86 13.205 0 0 "KDE QDA" 117 1500 3.02222222222222
126.865 13.245 0 0 "KDE QDA" 117 1500 3.03232323232323
128.48 13.245 0 0 "KDE QDA" 117 1500 3.04242424242424
128.51 13.255 0 0 "KDE QDA" 117 1500 3.05252525252525
128.93 13.255 0 0 "KDE QDA" 117 1500 3.06262626262626
129.83 13.255 0 0 "KDE QDA" 117 1500 3.07272727272727
129.91 13.35 0 0 "KDE QDA" 117 1500 3.08282828282828
136.82 13.49 0 0 "KDE QDA" 117 1500 3.09292929292929
137.815 13.53 0 0 "KDE QDA" 117 1500 3.1030303030303
137.815 13.54 0 0 "KDE QDA" 117 1500 3.11313131313131
139.59 13.585 0 0 "KDE QDA" 117 1500 3.12323232323232
139.59 13.585 0 0 "KDE QDA" 117 1500 3.13333333333333
139.615 13.59 0 0 "KDE QDA" 117 1500 3.14343434343434
140.085 13.605 0 0 "KDE QDA" 117 1500 3.15353535353535
140.56 13.615 0 0 "KDE QDA" 117 1500 3.16363636363636
142.355 13.615 0 0 "KDE QDA" 117 1500 3.17373737373737
142.555 13.635 0 0 "KDE QDA" 117 1500 3.18383838383838
143.63 13.68 0 0 "KDE QDA" 117 1500 3.19393939393939
143.635 13.69 0 0 "KDE QDA" 117 1500 3.2040404040404
144.08 13.7 0 0 "KDE QDA" 117 1500 3.21414141414141
152.485 13.95 0 0 "KDE QDA" 117 1500 3.22424242424242
155.24 14.005 0 0 "KDE QDA" 117 1500 3.23434343434343
157.825 14.025 0 0 "KDE QDA" 117 1500 3.24444444444444
162.23 14.15 0 0 "KDE QDA" 117 1500 3.25454545454545
162.365 14.26 0 0 "KDE QDA" 117 1500 3.26464646464646
162.365 14.26 0 0 "KDE QDA" 117 1500 3.27474747474747
162.55 14.41 0 0 "KDE QDA" 117 1500 3.28484848484848
162.57 14.42 0 0 "KDE QDA" 117 1500 3.29494949494949
162.895 14.425 0 0 "KDE QDA" 117 1500 3.30505050505051
166.465 14.425 0 0 "KDE QDA" 117 1500 3.31515151515151
166.465 14.435 0 0 "KDE QDA" 117 1500 3.32525252525252
166.47 14.435 0 0 "KDE QDA" 117 1500 3.33535353535354
166.57 14.475 0 0 "KDE QDA" 117 1500 3.34545454545455
167.85 14.49 0 0 "KDE QDA" 117 1500 3.35555555555556
182.155 15.055 0 0 "KDE QDA" 117 1500 3.36565656565657
182.35 15.055 0 0 "KDE QDA" 117 1500 3.37575757575758
187.645 15.095 0 0 "KDE QDA" 117 1500 3.38585858585859
187.825 15.105 0 0 "KDE QDA" 117 1500 3.3959595959596
187.93 15.105 0 0 "KDE QDA" 117 1500 3.40606060606061
188.775 15.125 0 0 "KDE QDA" 117 1500 3.41616161616162
188.915 15.13 0 0 "KDE QDA" 117 1500 3.42626262626263
189.925 15.17 0 0 "KDE QDA" 117 1500 3.43636363636364
189.93 15.205 0 0 "KDE QDA" 117 1500 3.44646464646465
190.545 15.21 0 0 "KDE QDA" 117 1500 3.45656565656566
194.795 15.22 0 0 "KDE QDA" 117 1500 3.46666666666667
195.845 15.225 0 0 "KDE QDA" 117 1500 3.47676767676768
195.86 15.23 0 0 "KDE QDA" 117 1500 3.48686868686869
195.89 15.26 0 0 "KDE QDA" 117 1500 3.4969696969697
195.92 15.265 0 0 "KDE QDA" 117 1500 3.50707070707071
198.725 15.33 0 0 "KDE QDA" 117 1500 3.51717171717172
202.605 15.36 0 0 "KDE QDA" 117 1500 3.52727272727273
202.635 15.36 0 0 "KDE QDA" 117 1500 3.53737373737374
203.14 15.375 0 0 "KDE QDA" 117 1500 3.54747474747475
203.145 15.4 0 0 "KDE QDA" 117 1500 3.55757575757576
203.15 15.405 0 0 "KDE QDA" 117 1500 3.56767676767677
204.675 15.42 0 0 "KDE QDA" 117 1500 3.57777777777778
206.13 15.43 0 0 "KDE QDA" 117 1500 3.58787878787879
206.59 15.455 0 0 "KDE QDA" 117 1500 3.5979797979798
206.595 15.465 0 0 "KDE QDA" 117 1500 3.60808080808081
206.765 15.465 0 0 "KDE QDA" 117 1500 3.61818181818182
207.3 15.465 0 0 "KDE QDA" 117 1500 3.62828282828283
209.38 15.47 0 0 "KDE QDA" 117 1500 3.63838383838384
210.93 15.485 0 0 "KDE QDA" 117 1500 3.64848484848485
219.085 15.8 0 0 "KDE QDA" 117 1500 3.65858585858586
223.525 15.845 0 0 "KDE QDA" 117 1500 3.66868686868687
224.315 15.895 0 0 "KDE QDA" 117 1500 3.67878787878788
224.35 15.9 0 0 "KDE QDA" 117 1500 3.68888888888889
224.685 15.905 0 0 "KDE QDA" 117 1500 3.6989898989899
228.695 15.905 0 0 "KDE QDA" 117 1500 3.70909090909091
228.71 15.91 0 0 "KDE QDA" 117 1500 3.71919191919192
228.715 15.915 0 0 "KDE QDA" 117 1500 3.72929292929293
229.855 15.92 0 0 "KDE QDA" 117 1500 3.73939393939394
229.855 15.965 0 0 "KDE QDA" 117 1500 3.74949494949495
231.87 15.975 0 0 "KDE QDA" 117 1500 3.75959595959596
231.88 16.005 0 0 "KDE QDA" 117 1500 3.76969696969697
234.875 16.01 0 0 "KDE QDA" 117 1500 3.77979797979798
243.075 16.385 0 0 "KDE QDA" 117 1500 3.78989898989899
243.95 16.415 0 0 "KDE QDA" 117 1500 3.8
