140.545 14.92 0 0 "KDE LDA" 101 800 2.4
140.885 15.155 0 0 "KDE LDA" 101 800 2.41010101010101
141.86 15.35 0 0 "KDE LDA" 101 800 2.42020202020202
143.965 15.39 0 0 "KDE LDA" 101 800 2.43030303030303
144.69 15.405 0 0 "KDE LDA" 101 800 2.44040404040404
146.56 15.415 0 0 "KDE LDA" 101 800 2.45050505050505
148.19 15.435 0 0 "KDE LDA" 101 800 2.46060606060606
151.59 15.44 0 0 "KDE LDA" 101 800 2.47070707070707
152.915 15.45 0 0 "KDE LDA" 101 800 2.48080808080808
153.895 15.495 0 0 "KDE LDA" 101 800 2.49090909090909
156.245 15.535 0 0 "KDE LDA" 101 800 2.5010101010101
156.25 15.55 0 0 "KDE LDA" 101 800 2.51111111111111
157.975 15.595 0 0 "KDE LDA" 101 800 2.52121212121212
159.675 15.735 0 0 "KDE LDA" 101 800 2.53131313131313
161.58 15.795 0 0 "KDE LDA" 101 800 2.54141414141414
164.445 15.8 0 0 "KDE LDA" 101 800 2.55151515151515
167.09 15.815 0 0 "KDE LDA" 101 800 2.56161616161616
168.34 15.835 0 0 "KDE LDA" 101 800 2.57171717171717
168.58 15.845 0 0 "KDE LDA" 101 800 2.58181818181818
169.005 15.85 0 0 "KDE LDA" 101 800 2.59191919191919
173.06 15.855 0 0 "KDE LDA" 101 800 2.6020202020202
173.365 16.075 0 0 "KDE LDA" 101 800 2.61212121212121
173.455 16.115 0 0 "KDE LDA" 101 800 2.62222222222222
173.735 16.165 0 0 "KDE LDA" 101 800 2.63232323232323
174.01 16.42 0 0 "KDE LDA" 101 800 2.64242424242424
174.04 16.48 0 0 "KDE LDA" 101 800 2.65252525252525
178.8 16.655 0 0 "KDE LDA" 101 800 2.66262626262626
190.815 16.845 0 0 "KDE LDA" 101 800 2.67272727272727
191.195 16.845 0 0 "KDE LDA" 101 800 2.68282828282828
194.66 16.96 0 0 "KDE LDA" 101 800 2.69292929292929
194.67 16.995 0 0 "KDE LDA" 101 800 2.7030303030303
199 17.03 0 0 "KDE LDA" 101 800 2.71313131313131
201.255 17.185 0 0 "KDE LDA" 101 800 2.72323232323232
202.17 17.185 0 0 "KDE LDA" 101 800 2.73333333333333
202.19 17.22 0 0 "KDE LDA" 101 800 2.74343434343434
205.19 17.28 0 0 "KDE LDA" 101 800 2.75353535353535
206.645 17.295 0 0 "KDE LDA" 101 800 2.76363636363636
210.64 17.395 0 0 "KDE LDA" 101 800 2.77373737373737
220.435 17.46 0 0 "KDE LDA" 101 800 2.78383838383838
236.655 17.57 0 0 "KDE LDA" 101 800 2.79393939393939
289.35 18.07 0 0 "KDE LDA" 101 800 2.8040404040404
294.7 18.1 0 0 "KDE LDA" 101 800 2.81414141414141
304.74 18.35 0 0 "KDE LDA" 101 800 2.82424242424242
305.665 18.36 0 0 "KDE LDA" 101 800 2.83434343434343
305.67 18.455 0 0 "KDE LDA" 101 800 2.84444444444444
307.62 18.48 0 0 "KDE LDA" 101 800 2.85454545454545
309.195 18.865 0 0 "KDE LDA" 101 800 2.86464646464646
311.835 18.885 0 0 "KDE LDA" 101 800 2.87474747474747
314.305 18.89 0 0 "KDE LDA" 101 800 2.88484848484848
318.09 19 0 0 "KDE LDA" 101 800 2.89494949494949
320.48 19.015 0 0 "KDE LDA" 101 800 2.90505050505051
322.545 19.02 0 0 "KDE LDA" 101 800 2.91515151515152
322.555 19.05 0 0 "KDE LDA" 101 800 2.92525252525253
323.935 19.07 0 0 "KDE LDA" 101 800 2.93535353535354
326.595 19.075 0 0 "KDE LDA" 101 800 2.94545454545455
330.65 19.255 0 0 "KDE LDA" 101 800 2.95555555555556
332.275 19.295 0 0 "KDE LDA" 101 800 2.96565656565657
332.275 19.37 0 0 "KDE LDA" 101 800 2.97575757575758
333.775 19.39 0 0 "KDE LDA" 101 800 2.98585858585859
333.785 19.425 0 0 "KDE LDA" 101 800 2.9959595959596
335.07 19.475 0 0 "KDE LDA" 101 800 3.00606060606061
335.11 19.565 0 0 "KDE LDA" 101 800 3.01616161616162
335.115 19.575 0 0 "KDE LDA" 101 800 3.02626262626263
335.12 19.58 0 0 "KDE LDA" 101 800 3.03636363636364
335.125 19.645 0 0 "KDE LDA" 101 800 3.04646464646465
336.535 19.88 0 0 "KDE LDA" 101 800 3.05656565656566
338.82 19.895 0 0 "KDE LDA" 101 800 3.06666666666667
346.69 19.975 0 0 "KDE LDA" 101 800 3.07676767676768
349.825 19.985 0 0 "KDE LDA" 101 800 3.08686868686869
355.675 20.14 0 0 "KDE LDA" 101 800 3.0969696969697
355.685 20.245 0 0 "KDE LDA" 101 800 3.10707070707071
366.32 20.275 0 0 "KDE LDA" 101 800 3.11717171717172
372.2 20.52 0 0 "KDE LDA" 101 800 3.12727272727273
375.485 20.61 0 0 "KDE LDA" 101 800 3.13737373737374
379.105 20.615 0 0 "KDE LDA" 101 800 3.14747474747475
380.51 20.635 0 0 "KDE LDA" 101 800 3.15757575757576
381.365 20.7 0 0 "KDE LDA" 101 800 3.16767676767677
381.715 20.73 0 0 "KDE LDA" 101 800 3.17777777777778
381.98 20.745 0 0 "KDE LDA" 101 800 3.18787878787879
384.41 21.01 0 0 "KDE LDA" 101 800 3.1979797979798
387.735 21.02 0 0 "KDE LDA" 101 800 3.20808080808081
393.185 21.19 0 0 "KDE LDA" 101 800 3.21818181818182
415.25 21.93 0 0 "KDE LDA" 101 800 3.22828282828283
423.95 22.29 0 0 "KDE LDA" 101 800 3.23838383838384
427.29 22.55 0 0 "KDE LDA" 101 800 3.24848484848485
434.595 22.565 0 0 "KDE LDA" 101 800 3.25858585858586
434.61 22.645 0 0 "KDE LDA" 101 800 3.26868686868687
436.025 22.995 0 0 "KDE LDA" 101 800 3.27878787878788
437.79 23 0 0 "KDE LDA" 101 800 3.28888888888889
440.575 23.075 0 0 "KDE LDA" 101 800 3.2989898989899
448.63 23.08 0 0 "KDE LDA" 101 800 3.30909090909091
455.02 23.11 0 0 "KDE LDA" 101 800 3.31919191919192
457.87 23.265 0 0 "KDE LDA" 101 800 3.32929292929293
481.84 23.53 0 0 "KDE LDA" 101 800 3.33939393939394
484.45 23.68 0 0 "KDE LDA" 101 800 3.34949494949495
537.595 24.315 0 0 "KDE LDA" 101 800 3.35959595959596
538.7 24.37 0 0 "KDE LDA" 101 800 3.36969696969697
544.495 24.415 0 0 "KDE LDA" 101 800 3.37979797979798
558.735 24.63 0 0 "KDE LDA" 101 800 3.38989898989899
558.75 24.69 0 0 "KDE LDA" 101 800 3.4
107.385 16.43 0 0 "KDE QDA" 101 800 4.3
107.71 16.435 0 0 "KDE QDA" 101 800 4.31010101010101
107.745 16.455 0 0 "KDE QDA" 101 800 4.32020202020202
108.965 16.48 0 0 "KDE QDA" 101 800 4.33030303030303
109.115 16.495 0 0 "KDE QDA" 101 800 4.34040404040404
110.96 16.9 0 0 "KDE QDA" 101 800 4.35050505050505
111.02 16.9 0 0 "KDE QDA" 101 800 4.36060606060606
112.405 16.935 0 0 "KDE QDA" 101 800 4.37070707070707
114.575 16.96 0 0 "KDE QDA" 101 800 4.38080808080808
114.7 16.97 0 0 "KDE QDA" 101 800 4.39090909090909
114.715 16.985 0 0 "KDE QDA" 101 800 4.4010101010101
114.95 16.99 0 0 "KDE QDA" 101 800 4.41111111111111
115.355 17.065 0 0 "KDE QDA" 101 800 4.42121212121212
116.03 17.165 0 0 "KDE QDA" 101 800 4.43131313131313
116.075 17.17 0 0 "KDE QDA" 101 800 4.44141414141414
116.12 17.175 0 0 "KDE QDA" 101 800 4.45151515151515
118.125 17.19 0 0 "KDE QDA" 101 800 4.46161616161616
118.54 17.24 0 0 "KDE QDA" 101 800 4.47171717171717
119.235 17.57 0 0 "KDE QDA" 101 800 4.48181818181818
119.355 17.62 0 0 "KDE QDA" 101 800 4.49191919191919
121.835 17.625 0 0 "KDE QDA" 101 800 4.5020202020202
122.085 17.69 0 0 "KDE QDA" 101 800 4.51212121212121
122.495 17.705 0 0 "KDE QDA" 101 800 4.52222222222222
122.5 17.72 0 0 "KDE QDA" 101 800 4.53232323232323
122.98 17.75 0 0 "KDE QDA" 101 800 4.54242424242424
123.29 17.755 0 0 "KDE QDA" 101 800 4.55252525252525
123.43 17.78 0 0 "KDE QDA" 101 800 4.56262626262626
123.47 17.785 0 0 "KDE QDA" 101 800 4.57272727272727
123.925 17.79 0 0 "KDE QDA" 101 800 4.58282828282828
124.31 17.825 0 0 "KDE QDA" 101 800 4.59292929292929
125.13 17.825 0 0 "KDE QDA" 101 800 4.6030303030303
127.2 17.825 0 0 "KDE QDA" 101 800 4.61313131313131
127.21 17.83 0 0 "KDE QDA" 101 800 4.62323232323232
129.535 17.865 0 0 "KDE QDA" 101 800 4.63333333333333
129.57 18.005 0 0 "KDE QDA" 101 800 4.64343434343434
129.575 18.02 0 0 "KDE QDA" 101 800 4.65353535353535
130.05 18.04 0 0 "KDE QDA" 101 800 4.66363636363636
130.385 18.055 0 0 "KDE QDA" 101 800 4.67373737373737
130.41 18.06 0 0 "KDE QDA" 101 800 4.68383838383838
132.265 18.06 0 0 "KDE QDA" 101 800 4.69393939393939
132.48 18.065 0 0 "KDE QDA" 101 800 4.7040404040404
134.57 18.105 0 0 "KDE QDA" 101 800 4.71414141414141
134.58 18.105 0 0 "KDE QDA" 101 800 4.72424242424242
134.82 18.12 0 0 "KDE QDA" 101 800 4.73434343434343
134.96 18.125 0 0 "KDE QDA" 101 800 4.74444444444444
135.575 18.135 0 0 "KDE QDA" 101 800 4.75454545454545
135.605 18.165 0 0 "KDE QDA" 101 800 4.76464646464646
136.25 18.355 0 0 "KDE QDA" 101 800 4.77474747474747
136.3 18.42 0 0 "KDE QDA" 101 800 4.78484848484849
138.655 18.465 0 0 "KDE QDA" 101 800 4.79494949494949
141.22 18.47 0 0 "KDE QDA" 101 800 4.80505050505051
141.4 18.505 0 0 "KDE QDA" 101 800 4.81515151515152
145.6 18.52 0 0 "KDE QDA" 101 800 4.82525252525252
145.645 18.57 0 0 "KDE QDA" 101 800 4.83535353535354
145.695 18.605 0 0 "KDE QDA" 101 800 4.84545454545455
145.705 18.605 0 0 "KDE QDA" 101 800 4.85555555555556
147.675 18.62 0 0 "KDE QDA" 101 800 4.86565656565657
147.69 18.62 0 0 "KDE QDA" 101 800 4.87575757575758
148.08 18.67 0 0 "KDE QDA" 101 800 4.88585858585859
148.315 18.695 0 0 "KDE QDA" 101 800 4.8959595959596
149.7 18.96 0 0 "KDE QDA" 101 800 4.90606060606061
150.105 18.965 0 0 "KDE QDA" 101 800 4.91616161616162
150.925 18.99 0 0 "KDE QDA" 101 800 4.92626262626263
152.645 19.045 0 0 "KDE QDA" 101 800 4.93636363636364
154.93 19.06 0 0 "KDE QDA" 101 800 4.94646464646465
154.935 19.07 0 0 "KDE QDA" 101 800 4.95656565656566
155.205 19.09 0 0 "KDE QDA" 101 800 4.96666666666667
155.35 19.1 0 0 "KDE QDA" 101 800 4.97676767676768
155.405 19.15 0 0 "KDE QDA" 101 800 4.98686868686869
158.095 19.155 0 0 "KDE QDA" 101 800 4.9969696969697
159.075 19.16 0 0 "KDE QDA" 101 800 5.00707070707071
161.65 19.165 0 0 "KDE QDA" 101 800 5.01717171717172
162.405 19.18 0 0 "KDE QDA" 101 800 5.02727272727273
162.49 19.425 0 0 "KDE QDA" 101 800 5.03737373737374
162.555 19.48 0 0 "KDE QDA" 101 800 5.04747474747475
165.41 19.48 0 0 "KDE QDA" 101 800 5.05757575757576
166.74 19.74 0 0 "KDE QDA" 101 800 5.06767676767677
167.59 19.765 0 0 "KDE QDA" 101 800 5.07777777777778
170.285 19.79 0 0 "KDE QDA" 101 800 5.08787878787879
170.3 19.8 0 0 "KDE QDA" 101 800 5.0979797979798
175.415 19.825 0 0 "KDE QDA" 101 800 5.10808080808081
175.495 19.925 0 0 "KDE QDA" 101 800 5.11818181818182
175.525 19.93 0 0 "KDE QDA" 101 800 5.12828282828283
175.53 19.94 0 0 "KDE QDA" 101 800 5.13838383838384
175.615 19.965 0 0 "KDE QDA" 101 800 5.14848484848485
177.4 19.97 0 0 "KDE QDA" 101 800 5.15858585858586
177.435 19.97 0 0 "KDE QDA" 101 800 5.16868686868687
178.18 19.975 0 0 "KDE QDA" 101 800 5.17878787878788
179.54 19.975 0 0 "KDE QDA" 101 800 5.18888888888889
179.855 20.15 0 0 "KDE QDA" 101 800 5.1989898989899
180.6 20.2 0 0 "KDE QDA" 101 800 5.20909090909091
181.25 20.21 0 0 "KDE QDA" 101 800 5.21919191919192
181.47 20.295 0 0 "KDE QDA" 101 800 5.22929292929293
182.12 20.335 0 0 "KDE QDA" 101 800 5.23939393939394
182.16 20.355 0 0 "KDE QDA" 101 800 5.24949494949495
183.42 20.36 0 0 "KDE QDA" 101 800 5.25959595959596
183.81 20.42 0 0 "KDE QDA" 101 800 5.26969696969697
184.55 20.45 0 0 "KDE QDA" 101 800 5.27979797979798
184.76 20.46 0 0 "KDE QDA" 101 800 5.28989898989899
185.245 20.495 0 0 "KDE QDA" 101 800 5.3
