136.135 14.03 0 0 "KDE LDA" 185 5000 2.5
136.16 14.035 0 0 "KDE LDA" 185 5000 2.51010101010101
137.905 14.145 0 0 "KDE LDA" 185 5000 2.52020202020202
139.37 14.27 0 0 "KDE LDA" 185 5000 2.53030303030303
141.215 14.31 0 0 "KDE LDA" 185 5000 2.54040404040404
141.585 14.345 0 0 "KDE LDA" 185 5000 2.55050505050505
144.49 14.36 0 0 "KDE LDA" 185 5000 2.56060606060606
145.365 14.405 0 0 "KDE LDA" 185 5000 2.57070707070707
146.16 14.415 0 0 "KDE LDA" 185 5000 2.58080808080808
147.885 14.42 0 0 "KDE LDA" 185 5000 2.59090909090909
149.75 14.435 0 0 "KDE LDA" 185 5000 2.6010101010101
155.055 14.535 0 0 "KDE LDA" 185 5000 2.61111111111111
158.22 14.54 0 0 "KDE LDA" 185 5000 2.62121212121212
158.51 14.555 0 0 "KDE LDA" 185 5000 2.63131313131313
161.705 14.62 0 0 "KDE LDA" 185 5000 2.64141414141414
163.09 14.68 0 0 "KDE LDA" 185 5000 2.65151515151515
167.3 14.905 0 0 "KDE LDA" 185 5000 2.66161616161616
175.95 15.41 0 0 "KDE LDA" 185 5000 2.67171717171717
177.545 15.455 0 0 "KDE LDA" 185 5000 2.68181818181818
177.575 15.47 0 0 "KDE LDA" 185 5000 2.69191919191919
177.81 15.63 0 0 "KDE LDA" 185 5000 2.7020202020202
177.825 15.63 0 0 "KDE LDA" 185 5000 2.71212121212121
178.485 15.64 0 0 "KDE LDA" 185 5000 2.72222222222222
179.67 15.78 0 0 "KDE LDA" 185 5000 2.73232323232323
180.715 15.87 0 0 "KDE LDA" 185 5000 2.74242424242424
182.91 16.03 0 0 "KDE LDA" 185 5000 2.75252525252525
186.545 16.055 0 0 "KDE LDA" 185 5000 2.76262626262626
187.605 16.095 0 0 "KDE LDA" 185 5000 2.77272727272727
192.96 16.16 0 0 "KDE LDA" 185 5000 2.78282828282828
197.99 16.415 0 0 "KDE LDA" 185 5000 2.79292929292929
222.075 17.08 0 0 "KDE LDA" 185 5000 2.8030303030303
224.075 17.335 0 0 "KDE LDA" 185 5000 2.81313131313131
226.785 17.38 0 0 "KDE LDA" 185 5000 2.82323232323232
229.09 17.495 0 0 "KDE LDA" 185 5000 2.83333333333333
231.9 17.53 0 0 "KDE LDA" 185 5000 2.84343434343434
232.685 17.575 0 0 "KDE LDA" 185 5000 2.85353535353535
232.69 17.61 0 0 "KDE LDA" 185 5000 2.86363636363636
232.72 17.665 0 0 "KDE LDA" 185 5000 2.87373737373737
234.75 17.685 0 0 "KDE LDA" 185 5000 2.88383838383838
234.75 17.685 0 0 "KDE LDA" 185 5000 2.89393939393939
236.605 17.745 0 0 "KDE LDA" 185 5000 2.9040404040404
237.08 17.78 0 0 "KDE LDA" 185 5000 2.91414141414141
237.09 17.78 0 0 "KDE LDA" 185 5000 2.92424242424242
238.095 17.795 0 0 "KDE LDA" 185 5000 2.93434343434343
238.105 17.925 0 0 "KDE LDA" 185 5000 2.94444444444444
241.8 17.995 0 0 "KDE LDA" 185 5000 2.95454545454545
243.225 18.06 0 0 "KDE LDA" 185 5000 2.96464646464646
243.58 18.175 0 0 "KDE LDA" 185 5000 2.97474747474747
243.58 18.19 0 0 "KDE LDA" 185 5000 2.98484848484848
244.98 18.24 0 0 "KDE LDA" 185 5000 2.99494949494949
244.995 18.25 0 0 "KDE LDA" 185 5000 3.00505050505051
244.995 18.29 0 0 "KDE LDA" 185 5000 3.01515151515152
247.785 18.345 0 0 "KDE LDA" 185 5000 3.02525252525253
253.54 18.45 0 0 "KDE LDA" 185 5000 3.03535353535354
253.56 18.475 0 0 "KDE LDA" 185 5000 3.04545454545455
253.73 18.485 0 0 "KDE LDA" 185 5000 3.05555555555556
253.74 18.515 0 0 "KDE LDA" 185 5000 3.06565656565657
255.015 18.57 0 0 "KDE LDA" 185 5000 3.07575757575758
257.38 18.68 0 0 "KDE LDA" 185 5000 3.08585858585859
277.85 18.945 0 0 "KDE LDA" 185 5000 3.0959595959596
281.045 18.95 0 0 "KDE LDA" 185 5000 3.10606060606061
283.47 19.145 0 0 "KDE LDA" 185 5000 3.11616161616162
284.58 19.2 0 0 "KDE LDA" 185 5000 3.12626262626263
291.31 19.325 0 0 "KDE LDA" 185 5000 3.13636363636364
292.34 19.47 0 0 "KDE LDA" 185 5000 3.14646464646465
292.565 19.545 0 0 "KDE LDA" 185 5000 3.15656565656566
297.835 19.56 0 0 "KDE LDA" 185 5000 3.16666666666667
302.04 19.635 0 0 "KDE LDA" 185 5000 3.17676767676768
304.51 19.78 0 0 "KDE LDA" 185 5000 3.18686868686869
306.19 19.95 0 0 "KDE LDA" 185 5000 3.1969696969697
310.625 20.045 0 0 "KDE LDA" 185 5000 3.20707070707071
314.57 20.115 0 0 "KDE LDA" 185 5000 3.21717171717172
343.185 20.25 0 0 "KDE LDA" 185 5000 3.22727272727273
343.84 20.255 0 0 "KDE LDA" 185 5000 3.23737373737374
353.615 20.35 0 0 "KDE LDA" 185 5000 3.24747474747475
353.695 20.4 0 0 "KDE LDA" 185 5000 3.25757575757576
353.785 20.405 0 0 "KDE LDA" 185 5000 3.26767676767677
358.055 20.5 0 0 "KDE LDA" 185 5000 3.27777777777778
358.89 20.545 0 0 "KDE LDA" 185 5000 3.28787878787879
359.035 20.59 0 0 "KDE LDA" 185 5000 3.2979797979798
366.205 20.69 0 0 "KDE LDA" 185 5000 3.30808080808081
370.425 20.705 0 0 "KDE LDA" 185 5000 3.31818181818182
373.715 20.81 0 0 "KDE LDA" 185 5000 3.32828282828283
382.395 20.865 0 0 "KDE LDA" 185 5000 3.33838383838384
399.11 21.1 0 0 "KDE LDA" 185 5000 3.34848484848485
443.995 21.675 0 0 "KDE LDA" 185 5000 3.35858585858586
444.035 21.745 0 0 "KDE LDA" 185 5000 3.36868686868687
457.205 21.94 0 0 "KDE LDA" 185 5000 3.37878787878788
469.235 21.975 0 0 "KDE LDA" 185 5000 3.38888888888889
471.68 22.22 0 0 "KDE LDA" 185 5000 3.3989898989899
471.99 22.245 0 0 "KDE LDA" 185 5000 3.40909090909091
472.03 22.25 0 0 "KDE LDA" 185 5000 3.41919191919192
473.685 22.28 0 0 "KDE LDA" 185 5000 3.42929292929293
476.315 22.44 0 0 "KDE LDA" 185 5000 3.43939393939394
476.315 22.445 0 0 "KDE LDA" 185 5000 3.44949494949495
481.34 22.455 0 0 "KDE LDA" 185 5000 3.45959595959596
489.16 22.52 0 0 "KDE LDA" 185 5000 3.46969696969697
490.355 22.585 0 0 "KDE LDA" 185 5000 3.47979797979798
493.29 22.66 0 0 "KDE LDA" 185 5000 3.48989898989899
499.215 22.675 0 0 "KDE LDA" 185 5000 3.5
94.845 13.005 0 0 "KDE QDA" 185 5000 2.7
94.845 13.005 0 0 "KDE QDA" 185 5000 2.71010101010101
95.575 13.015 0 0 "KDE QDA" 185 5000 2.72020202020202
95.575 13.015 0 0 "KDE QDA" 185 5000 2.73030303030303
95.635 13.015 0 0 "KDE QDA" 185 5000 2.74040404040404
95.635 13.025 0 0 "KDE QDA" 185 5000 2.75050505050505
95.635 13.025 0 0 "KDE QDA" 185 5000 2.76060606060606
95.64 13.025 0 0 "KDE QDA" 185 5000 2.77070707070707
97.05 13.025 0 0 "KDE QDA" 185 5000 2.78080808080808
97.05 13.025 0 0 "KDE QDA" 185 5000 2.79090909090909
130.145 13.925 0 0 "KDE QDA" 185 5000 2.8010101010101
130.145 14.045 0 0 "KDE QDA" 185 5000 2.81111111111111
130.145 14.045 0 0 "KDE QDA" 185 5000 2.82121212121212
136.58 14.14 0 0 "KDE QDA" 185 5000 2.83131313131313
137.43 14.14 0 0 "KDE QDA" 185 5000 2.84141414141414
138.51 14.145 0 0 "KDE QDA" 185 5000 2.85151515151515
138.51 14.18 0 0 "KDE QDA" 185 5000 2.86161616161616
138.51 14.18 0 0 "KDE QDA" 185 5000 2.87171717171717
138.51 14.18 0 0 "KDE QDA" 185 5000 2.88181818181818
138.51 14.18 0 0 "KDE QDA" 185 5000 2.89191919191919
138.685 14.18 0 0 "KDE QDA" 185 5000 2.9020202020202
138.7 14.18 0 0 "KDE QDA" 185 5000 2.91212121212121
138.7 14.18 0 0 "KDE QDA" 185 5000 2.92222222222222
138.7 14.18 0 0 "KDE QDA" 185 5000 2.93232323232323
138.7 14.18 0 0 "KDE QDA" 185 5000 2.94242424242424
138.705 14.18 0 0 "KDE QDA" 185 5000 2.95252525252525
145.075 14.35 0 0 "KDE QDA" 185 5000 2.96262626262626
145.075 14.36 0 0 "KDE QDA" 185 5000 2.97272727272727
146.885 14.37 0 0 "KDE QDA" 185 5000 2.98282828282828
146.89 14.375 0 0 "KDE QDA" 185 5000 2.99292929292929
146.89 14.38 0 0 "KDE QDA" 185 5000 3.0030303030303
146.89 14.38 0 0 "KDE QDA" 185 5000 3.01313131313131
146.89 14.385 0 0 "KDE QDA" 185 5000 3.02323232323232
146.89 14.39 0 0 "KDE QDA" 185 5000 3.03333333333333
146.895 14.39 0 0 "KDE QDA" 185 5000 3.04343434343434
146.895 14.39 0 0 "KDE QDA" 185 5000 3.05353535353535
146.895 14.39 0 0 "KDE QDA" 185 5000 3.06363636363636
146.9 14.39 0 0 "KDE QDA" 185 5000 3.07373737373737
146.9 14.39 0 0 "KDE QDA" 185 5000 3.08383838383838
162.63 14.815 0 0 "KDE QDA" 185 5000 3.09393939393939
162.63 14.815 0 0 "KDE QDA" 185 5000 3.1040404040404
162.67 14.815 0 0 "KDE QDA" 185 5000 3.11414141414141
163.18 14.91 0 0 "KDE QDA" 185 5000 3.12424242424242
163.18 14.91 0 0 "KDE QDA" 185 5000 3.13434343434343
163.195 14.91 0 0 "KDE QDA" 185 5000 3.14444444444444
163.2 14.91 0 0 "KDE QDA" 185 5000 3.15454545454545
163.205 14.91 0 0 "KDE QDA" 185 5000 3.16464646464646
163.205 14.91 0 0 "KDE QDA" 185 5000 3.17474747474748
166.135 14.91 0 0 "KDE QDA" 185 5000 3.18484848484849
166.135 14.91 0 0 "KDE QDA" 185 5000 3.19494949494949
166.135 14.91 0 0 "KDE QDA" 185 5000 3.20505050505051
166.135 14.91 0 0 "KDE QDA" 185 5000 3.21515151515152
187.41 15.305 0 0 "KDE QDA" 185 5000 3.22525252525253
187.425 15.305 0 0 "KDE QDA" 185 5000 3.23535353535354
187.595 15.32 0 0 "KDE QDA" 185 5000 3.24545454545455
198.82 15.54 0 0 "KDE QDA" 185 5000 3.25555555555556
198.82 15.545 0 0 "KDE QDA" 185 5000 3.26565656565657
198.83 15.555 0 0 "KDE QDA" 185 5000 3.27575757575758
198.84 15.58 0 0 "KDE QDA" 185 5000 3.28585858585859
198.84 15.58 0 0 "KDE QDA" 185 5000 3.2959595959596
198.845 15.59 0 0 "KDE QDA" 185 5000 3.30606060606061
198.845 15.59 0 0 "KDE QDA" 185 5000 3.31616161616162
198.85 15.59 0 0 "KDE QDA" 185 5000 3.32626262626263
198.885 15.59 0 0 "KDE QDA" 185 5000 3.33636363636364
198.885 15.595 0 0 "KDE QDA" 185 5000 3.34646464646465
198.89 15.595 0 0 "KDE QDA" 185 5000 3.35656565656566
232.92 16.11 0 0 "KDE QDA" 185 5000 3.36666666666667
232.92 16.11 0 0 "KDE QDA" 185 5000 3.37676767676768
236.685 16.345 0 0 "KDE QDA" 185 5000 3.38686868686869
236.685 16.345 0 0 "KDE QDA" 185 5000 3.3969696969697
236.685 16.345 0 0 "KDE QDA" 185 5000 3.40707070707071
240.835 16.38 0 0 "KDE QDA" 185 5000 3.41717171717172
240.835 16.38 0 0 "KDE QDA" 185 5000 3.42727272727273
240.835 16.38 0 0 "KDE QDA" 185 5000 3.43737373737374
240.835 16.38 0 0 "KDE QDA" 185 5000 3.44747474747475
240.835 16.38 0 0 "KDE QDA" 185 5000 3.45757575757576
240.835 16.38 0 0 "KDE QDA" 185 5000 3.46767676767677
240.835 16.38 0 0 "KDE QDA" 185 5000 3.47777777777778
240.835 16.38 0 0 "KDE QDA" 185 5000 3.48787878787879
240.85 16.38 0 0 "KDE QDA" 185 5000 3.4979797979798
240.865 16.385 0 0 "KDE QDA" 185 5000 3.50808080808081
271.95 16.475 0 0 "KDE QDA" 185 5000 3.51818181818182
271.985 16.505 0 0 "KDE QDA" 185 5000 3.52828282828283
271.99 16.505 0 0 "KDE QDA" 185 5000 3.53838383838384
275.625 16.52 0 0 "KDE QDA" 185 5000 3.54848484848485
275.625 16.525 0 0 "KDE QDA" 185 5000 3.55858585858586
277.18 16.525 0 0 "KDE QDA" 185 5000 3.56868686868687
283.105 16.525 0 0 "KDE QDA" 185 5000 3.57878787878788
283.105 16.535 0 0 "KDE QDA" 185 5000 3.58888888888889
283.11 16.56 0 0 "KDE QDA" 185 5000 3.5989898989899
283.11 16.56 0 0 "KDE QDA" 185 5000 3.60909090909091
283.11 16.56 0 0 "KDE QDA" 185 5000 3.61919191919192
283.115 16.56 0 0 "KDE QDA" 185 5000 3.62929292929293
283.115 16.56 0 0 "KDE QDA" 185 5000 3.63939393939394
283.87 16.565 0 0 "KDE QDA" 185 5000 3.64949494949495
306.925 16.925 0 0 "KDE QDA" 185 5000 3.65959595959596
308.24 16.94 0 0 "KDE QDA" 185 5000 3.66969696969697
314.985 17.015 0 0 "KDE QDA" 185 5000 3.67979797979798
314.985 17.015 0 0 "KDE QDA" 185 5000 3.68989898989899
314.99 17.015 0 0 "KDE QDA" 185 5000 3.7
