138.26 15.1 0 0 "KDE LDA" 25 600 2.3
138.26 15.215 0 0 "KDE LDA" 25 600 2.31010101010101
138.27 15.215 0 0 "KDE LDA" 25 600 2.32020202020202
138.39 15.215 0 0 "KDE LDA" 25 600 2.33030303030303
138.39 15.225 0 0 "KDE LDA" 25 600 2.34040404040404
138.39 15.255 0 0 "KDE LDA" 25 600 2.35050505050505
139.945 15.27 0 0 "KDE LDA" 25 600 2.36060606060606
139.99 15.33 0 0 "KDE LDA" 25 600 2.37070707070707
140.51 15.38 0 0 "KDE LDA" 25 600 2.38080808080808
140.94 15.38 0 0 "KDE LDA" 25 600 2.39090909090909
143.81 15.44 0 0 "KDE LDA" 25 600 2.4010101010101
143.81 15.505 0 0 "KDE LDA" 25 600 2.41111111111111
144.395 15.575 0 0 "KDE LDA" 25 600 2.42121212121212
144.495 15.615 0 0 "KDE LDA" 25 600 2.43131313131313
144.495 15.675 0 0 "KDE LDA" 25 600 2.44141414141414
145.57 15.72 0 0 "KDE LDA" 25 600 2.45151515151515
146.15 15.82 0 0 "KDE LDA" 25 600 2.46161616161616
146.94 16.07 0 0 "KDE LDA" 25 600 2.47171717171717
146.945 16.18 0 0 "KDE LDA" 25 600 2.48181818181818
147.84 16.185 0 0 "KDE LDA" 25 600 2.49191919191919
147.845 16.195 0 0 "KDE LDA" 25 600 2.5020202020202
148.075 16.215 0 0 "KDE LDA" 25 600 2.51212121212121
148.405 16.24 0 0 "KDE LDA" 25 600 2.52222222222222
154.22 16.48 0 0 "KDE LDA" 25 600 2.53232323232323
155.38 16.49 0 0 "KDE LDA" 25 600 2.54242424242424
156.45 16.795 0 0 "KDE LDA" 25 600 2.55252525252525
158.045 16.84 0 0 "KDE LDA" 25 600 2.56262626262626
159.27 16.855 0 0 "KDE LDA" 25 600 2.57272727272727
160.44 17 0 0 "KDE LDA" 25 600 2.58282828282828
162 17.03 0 0 "KDE LDA" 25 600 2.59292929292929
162.005 17.035 0 0 "KDE LDA" 25 600 2.6030303030303
162.045 17.085 0 0 "KDE LDA" 25 600 2.61313131313131
163.615 17.105 0 0 "KDE LDA" 25 600 2.62323232323232
165.78 17.145 0 0 "KDE LDA" 25 600 2.63333333333333
172.13 17.18 0 0 "KDE LDA" 25 600 2.64343434343434
174 17.195 0 0 "KDE LDA" 25 600 2.65353535353535
185.215 17.34 0 0 "KDE LDA" 25 600 2.66363636363636
195.65 17.42 0 0 "KDE LDA" 25 600 2.67373737373737
195.655 17.43 0 0 "KDE LDA" 25 600 2.68383838383838
202.585 17.495 0 0 "KDE LDA" 25 600 2.69393939393939
204.53 17.515 0 0 "KDE LDA" 25 600 2.7040404040404
208.9 17.54 0 0 "KDE LDA" 25 600 2.71414141414141
209.625 17.705 0 0 "KDE LDA" 25 600 2.72424242424242
209.85 17.715 0 0 "KDE LDA" 25 600 2.73434343434343
209.855 17.725 0 0 "KDE LDA" 25 600 2.74444444444444
211.82 17.75 0 0 "KDE LDA" 25 600 2.75454545454545
212.635 17.785 0 0 "KDE LDA" 25 600 2.76464646464646
216.09 17.81 0 0 "KDE LDA" 25 600 2.77474747474747
219.115 18.03 0 0 "KDE LDA" 25 600 2.78484848484848
233.685 18.125 0 0 "KDE LDA" 25 600 2.79494949494949
275.545 18.745 0 0 "KDE LDA" 25 600 2.80505050505051
276.625 18.765 0 0 "KDE LDA" 25 600 2.81515151515151
277.78 18.79 0 0 "KDE LDA" 25 600 2.82525252525252
280.805 18.79 0 0 "KDE LDA" 25 600 2.83535353535354
280.805 18.885 0 0 "KDE LDA" 25 600 2.84545454545455
286.125 18.9 0 0 "KDE LDA" 25 600 2.85555555555556
286.15 18.91 0 0 "KDE LDA" 25 600 2.86565656565657
288.1 18.915 0 0 "KDE LDA" 25 600 2.87575757575758
288.615 18.93 0 0 "KDE LDA" 25 600 2.88585858585859
288.64 18.935 0 0 "KDE LDA" 25 600 2.8959595959596
291.335 18.99 0 0 "KDE LDA" 25 600 2.90606060606061
291.335 19.055 0 0 "KDE LDA" 25 600 2.91616161616162
294.56 19.12 0 0 "KDE LDA" 25 600 2.92626262626263
296.515 19.125 0 0 "KDE LDA" 25 600 2.93636363636364
299.345 19.17 0 0 "KDE LDA" 25 600 2.94646464646465
301.675 19.41 0 0 "KDE LDA" 25 600 2.95656565656566
302.945 19.74 0 0 "KDE LDA" 25 600 2.96666666666667
302.945 19.82 0 0 "KDE LDA" 25 600 2.97676767676768
306.665 20.04 0 0 "KDE LDA" 25 600 2.98686868686869
309.345 20.065 0 0 "KDE LDA" 25 600 2.9969696969697
309.345 20.08 0 0 "KDE LDA" 25 600 3.00707070707071
312.78 20.09 0 0 "KDE LDA" 25 600 3.01717171717172
313.43 20.1 0 0 "KDE LDA" 25 600 3.02727272727273
313.44 20.11 0 0 "KDE LDA" 25 600 3.03737373737374
314.18 20.145 0 0 "KDE LDA" 25 600 3.04747474747475
314.195 20.225 0 0 "KDE LDA" 25 600 3.05757575757576
318.09 20.365 0 0 "KDE LDA" 25 600 3.06767676767677
322.13 20.4 0 0 "KDE LDA" 25 600 3.07777777777778
323.6 20.445 0 0 "KDE LDA" 25 600 3.08787878787879
330.675 20.83 0 0 "KDE LDA" 25 600 3.0979797979798
336.66 20.86 0 0 "KDE LDA" 25 600 3.10808080808081
340.61 20.865 0 0 "KDE LDA" 25 600 3.11818181818182
345.95 20.91 0 0 "KDE LDA" 25 600 3.12828282828283
345.975 20.925 0 0 "KDE LDA" 25 600 3.13838383838384
347.31 20.965 0 0 "KDE LDA" 25 600 3.14848484848485
351.99 21.11 0 0 "KDE LDA" 25 600 3.15858585858586
356.28 21.125 0 0 "KDE LDA" 25 600 3.16868686868687
368.83 21.16 0 0 "KDE LDA" 25 600 3.17878787878788
368.835 21.23 0 0 "KDE LDA" 25 600 3.18888888888889
372.635 21.305 0 0 "KDE LDA" 25 600 3.1989898989899
373.715 21.34 0 0 "KDE LDA" 25 600 3.20909090909091
381.12 21.36 0 0 "KDE LDA" 25 600 3.21919191919192
407.105 21.47 0 0 "KDE LDA" 25 600 3.22929292929293
407.17 21.485 0 0 "KDE LDA" 25 600 3.23939393939394
411.965 21.5 0 0 "KDE LDA" 25 600 3.24949494949495
413.77 21.57 0 0 "KDE LDA" 25 600 3.25959595959596
416.365 21.655 0 0 "KDE LDA" 25 600 3.26969696969697
416.37 21.695 0 0 "KDE LDA" 25 600 3.27979797979798
420.26 21.87 0 0 "KDE LDA" 25 600 3.28989898989899
437.38 21.87 0 0 "KDE LDA" 25 600 3.3
165.475 18.975 0 0 "KDE QDA" 25 600 4.5
167.435 19.1 0 0 "KDE QDA" 25 600 4.51010101010101
168.73 19.115 0 0 "KDE QDA" 25 600 4.52020202020202
169.15 19.165 0 0 "KDE QDA" 25 600 4.53030303030303
169.285 19.235 0 0 "KDE QDA" 25 600 4.54040404040404
169.815 19.24 0 0 "KDE QDA" 25 600 4.55050505050505
169.875 19.29 0 0 "KDE QDA" 25 600 4.56060606060606
169.885 19.29 0 0 "KDE QDA" 25 600 4.57070707070707
169.915 19.325 0 0 "KDE QDA" 25 600 4.58080808080808
170.585 19.335 0 0 "KDE QDA" 25 600 4.59090909090909
170.9 19.345 0 0 "KDE QDA" 25 600 4.6010101010101
170.975 19.38 0 0 "KDE QDA" 25 600 4.61111111111111
171.085 19.385 0 0 "KDE QDA" 25 600 4.62121212121212
172.81 19.4 0 0 "KDE QDA" 25 600 4.63131313131313
174.675 19.51 0 0 "KDE QDA" 25 600 4.64141414141414
174.82 19.52 0 0 "KDE QDA" 25 600 4.65151515151515
175.93 19.525 0 0 "KDE QDA" 25 600 4.66161616161616
180.83 19.61 0 0 "KDE QDA" 25 600 4.67171717171717
180.87 19.62 0 0 "KDE QDA" 25 600 4.68181818181818
181.82 19.66 0 0 "KDE QDA" 25 600 4.69191919191919
181.83 19.66 0 0 "KDE QDA" 25 600 4.7020202020202
181.86 19.67 0 0 "KDE QDA" 25 600 4.71212121212121
182.345 19.67 0 0 "KDE QDA" 25 600 4.72222222222222
183.13 19.685 0 0 "KDE QDA" 25 600 4.73232323232323
183.175 19.72 0 0 "KDE QDA" 25 600 4.74242424242424
183.405 19.74 0 0 "KDE QDA" 25 600 4.75252525252525
183.765 19.79 0 0 "KDE QDA" 25 600 4.76262626262626
193.23 20.085 0 0 "KDE QDA" 25 600 4.77272727272727
193.29 20.095 0 0 "KDE QDA" 25 600 4.78282828282828
196.425 20.12 0 0 "KDE QDA" 25 600 4.79292929292929
196.725 20.175 0 0 "KDE QDA" 25 600 4.8030303030303
196.785 20.185 0 0 "KDE QDA" 25 600 4.81313131313131
197.33 20.19 0 0 "KDE QDA" 25 600 4.82323232323232
197.39 20.25 0 0 "KDE QDA" 25 600 4.83333333333333
199.515 20.25 0 0 "KDE QDA" 25 600 4.84343434343434
199.535 20.27 0 0 "KDE QDA" 25 600 4.85353535353535
199.935 20.295 0 0 "KDE QDA" 25 600 4.86363636363636
199.96 20.295 0 0 "KDE QDA" 25 600 4.87373737373737
200.02 20.3 0 0 "KDE QDA" 25 600 4.88383838383838
200.05 20.35 0 0 "KDE QDA" 25 600 4.89393939393939
208.21 20.59 0 0 "KDE QDA" 25 600 4.9040404040404
208.305 20.61 0 0 "KDE QDA" 25 600 4.91414141414141
208.795 20.635 0 0 "KDE QDA" 25 600 4.92424242424242
209.72 20.78 0 0 "KDE QDA" 25 600 4.93434343434343
213.245 20.795 0 0 "KDE QDA" 25 600 4.94444444444444
214.53 20.8 0 0 "KDE QDA" 25 600 4.95454545454546
214.57 20.805 0 0 "KDE QDA" 25 600 4.96464646464646
215.13 20.85 0 0 "KDE QDA" 25 600 4.97474747474747
215.565 20.85 0 0 "KDE QDA" 25 600 4.98484848484848
215.615 20.86 0 0 "KDE QDA" 25 600 4.99494949494949
216.61 20.865 0 0 "KDE QDA" 25 600 5.00505050505051
216.625 20.88 0 0 "KDE QDA" 25 600 5.01515151515152
216.67 20.885 0 0 "KDE QDA" 25 600 5.02525252525253
217.605 20.885 0 0 "KDE QDA" 25 600 5.03535353535354
220.595 21.23 0 0 "KDE QDA" 25 600 5.04545454545455
222.33 21.245 0 0 "KDE QDA" 25 600 5.05555555555556
224.485 21.355 0 0 "KDE QDA" 25 600 5.06565656565657
225.445 21.42 0 0 "KDE QDA" 25 600 5.07575757575758
225.495 21.43 0 0 "KDE QDA" 25 600 5.08585858585859
226.535 21.47 0 0 "KDE QDA" 25 600 5.0959595959596
227.765 21.475 0 0 "KDE QDA" 25 600 5.10606060606061
228.41 21.505 0 0 "KDE QDA" 25 600 5.11616161616162
228.49 21.535 0 0 "KDE QDA" 25 600 5.12626262626263
228.51 21.54 0 0 "KDE QDA" 25 600 5.13636363636364
228.81 21.56 0 0 "KDE QDA" 25 600 5.14646464646465
228.83 21.57 0 0 "KDE QDA" 25 600 5.15656565656566
228.835 21.58 0 0 "KDE QDA" 25 600 5.16666666666667
229.93 21.59 0 0 "KDE QDA" 25 600 5.17676767676768
230.005 21.6 0 0 "KDE QDA" 25 600 5.18686868686869
236.455 21.735 0 0 "KDE QDA" 25 600 5.1969696969697
237.565 21.735 0 0 "KDE QDA" 25 600 5.20707070707071
238.25 21.78 0 0 "KDE QDA" 25 600 5.21717171717172
239.66 21.83 0 0 "KDE QDA" 25 600 5.22727272727273
239.67 21.86 0 0 "KDE QDA" 25 600 5.23737373737374
239.8 21.885 0 0 "KDE QDA" 25 600 5.24747474747475
242.165 21.915 0 0 "KDE QDA" 25 600 5.25757575757576
242.205 21.92 0 0 "KDE QDA" 25 600 5.26767676767677
244.325 21.93 0 0 "KDE QDA" 25 600 5.27777777777778
244.45 21.935 0 0 "KDE QDA" 25 600 5.28787878787879
244.48 21.95 0 0 "KDE QDA" 25 600 5.2979797979798
244.69 21.97 0 0 "KDE QDA" 25 600 5.30808080808081
244.775 21.975 0 0 "KDE QDA" 25 600 5.31818181818182
246.01 22.01 0 0 "KDE QDA" 25 600 5.32828282828283
249.72 22.265 0 0 "KDE QDA" 25 600 5.33838383838384
249.8 22.28 0 0 "KDE QDA" 25 600 5.34848484848485
250.49 22.33 0 0 "KDE QDA" 25 600 5.35858585858586
252.73 22.52 0 0 "KDE QDA" 25 600 5.36868686868687
252.795 22.525 0 0 "KDE QDA" 25 600 5.37878787878788
252.825 22.535 0 0 "KDE QDA" 25 600 5.38888888888889
252.825 22.54 0 0 "KDE QDA" 25 600 5.3989898989899
253.45 22.55 0 0 "KDE QDA" 25 600 5.40909090909091
253.505 22.56 0 0 "KDE QDA" 25 600 5.41919191919192
253.57 22.56 0 0 "KDE QDA" 25 600 5.42929292929293
253.785 22.565 0 0 "KDE QDA" 25 600 5.43939393939394
254.095 22.6 0 0 "KDE QDA" 25 600 5.44949494949495
254.36 22.605 0 0 "KDE QDA" 25 600 5.45959595959596
256.745 22.86 0 0 "KDE QDA" 25 600 5.46969696969697
258.545 22.86 0 0 "KDE QDA" 25 600 5.47979797979798
260.45 22.95 0 0 "KDE QDA" 25 600 5.48989898989899
262.445 22.975 0 0 "KDE QDA" 25 600 5.5
