137.595 15.07 0 0 "KDE LDA" 141 800 2.4
137.635 15.13 0 0 "KDE LDA" 141 800 2.41010101010101
138.48 15.15 0 0 "KDE LDA" 141 800 2.42020202020202
139.49 15.245 0 0 "KDE LDA" 141 800 2.43030303030303
140.3 15.27 0 0 "KDE LDA" 141 800 2.44040404040404
140.31 15.35 0 0 "KDE LDA" 141 800 2.45050505050505
140.315 15.375 0 0 "KDE LDA" 141 800 2.46060606060606
141.64 15.38 0 0 "KDE LDA" 141 800 2.47070707070707
141.64 15.465 0 0 "KDE LDA" 141 800 2.48080808080808
141.64 15.47 0 0 "KDE LDA" 141 800 2.49090909090909
142.985 15.49 0 0 "KDE LDA" 141 800 2.5010101010101
144.375 15.57 0 0 "KDE LDA" 141 800 2.51111111111111
149.92 15.6 0 0 "KDE LDA" 141 800 2.52121212121212
154.83 15.85 0 0 "KDE LDA" 141 800 2.53131313131313
155.78 15.85 0 0 "KDE LDA" 141 800 2.54141414141414
156 15.86 0 0 "KDE LDA" 141 800 2.55151515151515
157.55 15.86 0 0 "KDE LDA" 141 800 2.56161616161616
157.91 15.865 0 0 "KDE LDA" 141 800 2.57171717171717
158.415 15.87 0 0 "KDE LDA" 141 800 2.58181818181818
159.085 15.905 0 0 "KDE LDA" 141 800 2.59191919191919
160.05 15.98 0 0 "KDE LDA" 141 800 2.6020202020202
161.72 16.03 0 0 "KDE LDA" 141 800 2.61212121212121
162.525 16.18 0 0 "KDE LDA" 141 800 2.62222222222222
165.535 16.62 0 0 "KDE LDA" 141 800 2.63232323232323
166.33 16.635 0 0 "KDE LDA" 141 800 2.64242424242424
169.14 16.735 0 0 "KDE LDA" 141 800 2.65252525252525
170.715 16.85 0 0 "KDE LDA" 141 800 2.66262626262626
182.12 17.555 0 0 "KDE LDA" 141 800 2.67272727272727
182.225 17.6 0 0 "KDE LDA" 141 800 2.68282828282828
184.16 17.615 0 0 "KDE LDA" 141 800 2.69292929292929
184.175 17.68 0 0 "KDE LDA" 141 800 2.7030303030303
188.76 17.71 0 0 "KDE LDA" 141 800 2.71313131313131
188.95 17.71 0 0 "KDE LDA" 141 800 2.72323232323232
190.02 17.715 0 0 "KDE LDA" 141 800 2.73333333333333
191.455 17.76 0 0 "KDE LDA" 141 800 2.74343434343434
191.565 17.975 0 0 "KDE LDA" 141 800 2.75353535353535
192.655 18.135 0 0 "KDE LDA" 141 800 2.76363636363636
193.525 18.215 0 0 "KDE LDA" 141 800 2.77373737373737
198.505 18.28 0 0 "KDE LDA" 141 800 2.78383838383838
209.615 18.525 0 0 "KDE LDA" 141 800 2.79393939393939
247.155 19.41 0 0 "KDE LDA" 141 800 2.8040404040404
247.2 19.425 0 0 "KDE LDA" 141 800 2.81414141414141
252.85 19.565 0 0 "KDE LDA" 141 800 2.82424242424242
252.865 19.58 0 0 "KDE LDA" 141 800 2.83434343434343
255.32 19.595 0 0 "KDE LDA" 141 800 2.84444444444444
255.325 19.64 0 0 "KDE LDA" 141 800 2.85454545454545
255.33 19.685 0 0 "KDE LDA" 141 800 2.86464646464646
260.125 19.685 0 0 "KDE LDA" 141 800 2.87474747474747
260.17 19.69 0 0 "KDE LDA" 141 800 2.88484848484848
260.82 19.71 0 0 "KDE LDA" 141 800 2.89494949494949
262.05 19.76 0 0 "KDE LDA" 141 800 2.90505050505051
262.095 19.765 0 0 "KDE LDA" 141 800 2.91515151515152
265.46 19.985 0 0 "KDE LDA" 141 800 2.92525252525253
266.22 20.03 0 0 "KDE LDA" 141 800 2.93535353535354
268.045 20.19 0 0 "KDE LDA" 141 800 2.94545454545455
272.67 20.295 0 0 "KDE LDA" 141 800 2.95555555555556
274.335 20.32 0 0 "KDE LDA" 141 800 2.96565656565657
274.78 20.385 0 0 "KDE LDA" 141 800 2.97575757575758
275.35 20.435 0 0 "KDE LDA" 141 800 2.98585858585859
275.35 20.53 0 0 "KDE LDA" 141 800 2.9959595959596
276.385 20.63 0 0 "KDE LDA" 141 800 3.00606060606061
276.995 20.64 0 0 "KDE LDA" 141 800 3.01616161616162
277.02 20.655 0 0 "KDE LDA" 141 800 3.02626262626263
281.14 20.68 0 0 "KDE LDA" 141 800 3.03636363636364
282.925 20.765 0 0 "KDE LDA" 141 800 3.04646464646465
289.08 20.795 0 0 "KDE LDA" 141 800 3.05656565656566
289.42 20.81 0 0 "KDE LDA" 141 800 3.06666666666667
293.62 20.91 0 0 "KDE LDA" 141 800 3.07676767676768
309.49 20.93 0 0 "KDE LDA" 141 800 3.08686868686869
318.54 21.04 0 0 "KDE LDA" 141 800 3.0969696969697
324.775 21.05 0 0 "KDE LDA" 141 800 3.10707070707071
324.815 21.07 0 0 "KDE LDA" 141 800 3.11717171717172
325.755 21.095 0 0 "KDE LDA" 141 800 3.12727272727273
331.865 21.16 0 0 "KDE LDA" 141 800 3.13737373737374
336.675 21.175 0 0 "KDE LDA" 141 800 3.14747474747475
338.81 21.19 0 0 "KDE LDA" 141 800 3.15757575757576
338.82 21.255 0 0 "KDE LDA" 141 800 3.16767676767677
349.605 21.275 0 0 "KDE LDA" 141 800 3.17777777777778
353.775 21.29 0 0 "KDE LDA" 141 800 3.18787878787879
355.945 21.355 0 0 "KDE LDA" 141 800 3.1979797979798
369.675 21.4 0 0 "KDE LDA" 141 800 3.20808080808081
371.33 21.565 0 0 "KDE LDA" 141 800 3.21818181818182
385.12 22.14 0 0 "KDE LDA" 141 800 3.22828282828283
387.81 22.2 0 0 "KDE LDA" 141 800 3.23838383838384
391.98 22.305 0 0 "KDE LDA" 141 800 3.24848484848485
393.21 22.39 0 0 "KDE LDA" 141 800 3.25858585858586
393.21 22.455 0 0 "KDE LDA" 141 800 3.26868686868687
394.625 22.48 0 0 "KDE LDA" 141 800 3.27878787878788
396.715 22.485 0 0 "KDE LDA" 141 800 3.28888888888889
407.575 22.64 0 0 "KDE LDA" 141 800 3.2989898989899
408.885 22.705 0 0 "KDE LDA" 141 800 3.30909090909091
414.325 22.73 0 0 "KDE LDA" 141 800 3.31919191919192
417.66 22.79 0 0 "KDE LDA" 141 800 3.32929292929293
423.125 22.805 0 0 "KDE LDA" 141 800 3.33939393939394
428.55 22.91 0 0 "KDE LDA" 141 800 3.34949494949495
472.12 23.365 0 0 "KDE LDA" 141 800 3.35959595959596
483.52 23.395 0 0 "KDE LDA" 141 800 3.36969696969697
489.97 23.415 0 0 "KDE LDA" 141 800 3.37979797979798
502.845 23.44 0 0 "KDE LDA" 141 800 3.38989898989899
505.865 23.645 0 0 "KDE LDA" 141 800 3.4
102.175 16.06 0 0 "KDE QDA" 141 800 4.3
102.235 16.06 0 0 "KDE QDA" 141 800 4.31010101010101
103.95 16.08 0 0 "KDE QDA" 141 800 4.32020202020202
104.315 16.08 0 0 "KDE QDA" 141 800 4.33030303030303
104.47 16.1 0 0 "KDE QDA" 141 800 4.34040404040404
105.165 16.475 0 0 "KDE QDA" 141 800 4.35050505050505
106.915 16.495 0 0 "KDE QDA" 141 800 4.36060606060606
107.28 16.63 0 0 "KDE QDA" 141 800 4.37070707070707
107.35 16.65 0 0 "KDE QDA" 141 800 4.38080808080808
107.5 16.675 0 0 "KDE QDA" 141 800 4.39090909090909
107.75 16.68 0 0 "KDE QDA" 141 800 4.4010101010101
109.61 16.725 0 0 "KDE QDA" 141 800 4.41111111111111
109.63 16.73 0 0 "KDE QDA" 141 800 4.42121212121212
110.065 16.735 0 0 "KDE QDA" 141 800 4.43131313131313
110.08 16.75 0 0 "KDE QDA" 141 800 4.44141414141414
111.385 16.765 0 0 "KDE QDA" 141 800 4.45151515151515
112.17 16.785 0 0 "KDE QDA" 141 800 4.46161616161616
113.365 16.815 0 0 "KDE QDA" 141 800 4.47171717171717
113.735 17.255 0 0 "KDE QDA" 141 800 4.48181818181818
113.76 17.29 0 0 "KDE QDA" 141 800 4.49191919191919
114.585 17.315 0 0 "KDE QDA" 141 800 4.5020202020202
114.77 17.345 0 0 "KDE QDA" 141 800 4.51212121212121
114.775 17.355 0 0 "KDE QDA" 141 800 4.52222222222222
114.815 17.385 0 0 "KDE QDA" 141 800 4.53232323232323
114.845 17.39 0 0 "KDE QDA" 141 800 4.54242424242424
114.94 17.415 0 0 "KDE QDA" 141 800 4.55252525252525
115.055 17.415 0 0 "KDE QDA" 141 800 4.56262626262626
115.465 17.43 0 0 "KDE QDA" 141 800 4.57272727272727
115.495 17.435 0 0 "KDE QDA" 141 800 4.58282828282828
115.605 17.515 0 0 "KDE QDA" 141 800 4.59292929292929
115.64 17.56 0 0 "KDE QDA" 141 800 4.6030303030303
115.69 17.575 0 0 "KDE QDA" 141 800 4.61313131313131
116.945 17.6 0 0 "KDE QDA" 141 800 4.62323232323232
118.87 17.68 0 0 "KDE QDA" 141 800 4.63333333333333
119.695 17.735 0 0 "KDE QDA" 141 800 4.64343434343434
119.72 17.785 0 0 "KDE QDA" 141 800 4.65353535353535
119.75 17.79 0 0 "KDE QDA" 141 800 4.66363636363636
119.76 17.795 0 0 "KDE QDA" 141 800 4.67373737373737
119.84 17.825 0 0 "KDE QDA" 141 800 4.68383838383838
120.56 17.875 0 0 "KDE QDA" 141 800 4.69393939393939
120.56 17.895 0 0 "KDE QDA" 141 800 4.7040404040404
120.615 17.92 0 0 "KDE QDA" 141 800 4.71414141414141
120.655 17.985 0 0 "KDE QDA" 141 800 4.72424242424242
121.81 18 0 0 "KDE QDA" 141 800 4.73434343434343
121.83 18.015 0 0 "KDE QDA" 141 800 4.74444444444444
121.875 18.02 0 0 "KDE QDA" 141 800 4.75454545454545
121.905 18.02 0 0 "KDE QDA" 141 800 4.76464646464646
122.04 18.21 0 0 "KDE QDA" 141 800 4.77474747474747
122.87 18.22 0 0 "KDE QDA" 141 800 4.78484848484849
122.89 18.285 0 0 "KDE QDA" 141 800 4.79494949494949
122.9 18.31 0 0 "KDE QDA" 141 800 4.80505050505051
125.375 18.31 0 0 "KDE QDA" 141 800 4.81515151515152
126.17 18.315 0 0 "KDE QDA" 141 800 4.82525252525252
126.19 18.325 0 0 "KDE QDA" 141 800 4.83535353535354
126.275 18.33 0 0 "KDE QDA" 141 800 4.84545454545455
126.335 18.37 0 0 "KDE QDA" 141 800 4.85555555555556
129.4 18.39 0 0 "KDE QDA" 141 800 4.86565656565657
132.145 18.43 0 0 "KDE QDA" 141 800 4.87575757575758
132.15 18.44 0 0 "KDE QDA" 141 800 4.88585858585859
134.81 18.47 0 0 "KDE QDA" 141 800 4.8959595959596
136.605 18.805 0 0 "KDE QDA" 141 800 4.90606060606061
137.355 18.815 0 0 "KDE QDA" 141 800 4.91616161616162
137.57 18.825 0 0 "KDE QDA" 141 800 4.92626262626263
139.855 19.105 0 0 "KDE QDA" 141 800 4.93636363636364
140.66 19.14 0 0 "KDE QDA" 141 800 4.94646464646465
140.965 19.195 0 0 "KDE QDA" 141 800 4.95656565656566
141.305 19.225 0 0 "KDE QDA" 141 800 4.96666666666667
141.615 19.24 0 0 "KDE QDA" 141 800 4.97676767676768
142.81 19.24 0 0 "KDE QDA" 141 800 4.98686868686869
143.415 19.265 0 0 "KDE QDA" 141 800 4.9969696969697
145.61 19.28 0 0 "KDE QDA" 141 800 5.00707070707071
145.695 19.305 0 0 "KDE QDA" 141 800 5.01717171717172
146.165 19.325 0 0 "KDE QDA" 141 800 5.02727272727273
147.83 19.505 0 0 "KDE QDA" 141 800 5.03737373737374
147.925 19.525 0 0 "KDE QDA" 141 800 5.04747474747475
147.98 19.56 0 0 "KDE QDA" 141 800 5.05757575757576
149.675 19.615 0 0 "KDE QDA" 141 800 5.06767676767677
149.74 19.635 0 0 "KDE QDA" 141 800 5.07777777777778
150.92 19.655 0 0 "KDE QDA" 141 800 5.08787878787879
151.08 19.67 0 0 "KDE QDA" 141 800 5.0979797979798
151.25 19.68 0 0 "KDE QDA" 141 800 5.10808080808081
151.26 19.685 0 0 "KDE QDA" 141 800 5.11818181818182
151.28 19.695 0 0 "KDE QDA" 141 800 5.12828282828283
151.415 19.745 0 0 "KDE QDA" 141 800 5.13838383838384
151.605 19.77 0 0 "KDE QDA" 141 800 5.14848484848485
151.69 19.8 0 0 "KDE QDA" 141 800 5.15858585858586
151.84 19.83 0 0 "KDE QDA" 141 800 5.16868686868687
153.005 19.85 0 0 "KDE QDA" 141 800 5.17878787878788
153.105 19.875 0 0 "KDE QDA" 141 800 5.18888888888889
153.2 19.95 0 0 "KDE QDA" 141 800 5.1989898989899
154.565 19.97 0 0 "KDE QDA" 141 800 5.20909090909091
154.58 19.975 0 0 "KDE QDA" 141 800 5.21919191919192
154.595 19.985 0 0 "KDE QDA" 141 800 5.22929292929293
154.795 20 0 0 "KDE QDA" 141 800 5.23939393939394
157.905 20 0 0 "KDE QDA" 141 800 5.24949494949495
157.94 20.01 0 0 "KDE QDA" 141 800 5.25959595959596
157.965 20.015 0 0 "KDE QDA" 141 800 5.26969696969697
159.14 20.025 0 0 "KDE QDA" 141 800 5.27979797979798
161.225 20.06 0 0 "KDE QDA" 141 800 5.28989898989899
161.3 20.075 0 0 "KDE QDA" 141 800 5.3
