118.73 16.125 0 0 "KDE LDA" 135 1000 2.5
123.095 16.19 0 0 "KDE LDA" 135 1000 2.51010101010101
123.305 16.195 0 0 "KDE LDA" 135 1000 2.52020202020202
124.91 16.265 0 0 "KDE LDA" 135 1000 2.53030303030303
126.43 16.37 0 0 "KDE LDA" 135 1000 2.54040404040404
126.46 16.445 0 0 "KDE LDA" 135 1000 2.55050505050505
126.76 16.475 0 0 "KDE LDA" 135 1000 2.56060606060606
126.79 16.495 0 0 "KDE LDA" 135 1000 2.57070707070707
127.08 16.52 0 0 "KDE LDA" 135 1000 2.58080808080808
127.08 16.54 0 0 "KDE LDA" 135 1000 2.59090909090909
128.14 16.7 0 0 "KDE LDA" 135 1000 2.6010101010101
128.79 16.73 0 0 "KDE LDA" 135 1000 2.61111111111111
130.455 16.77 0 0 "KDE LDA" 135 1000 2.62121212121212
131.03 16.855 0 0 "KDE LDA" 135 1000 2.63131313131313
132.61 16.86 0 0 "KDE LDA" 135 1000 2.64141414141414
136.02 16.885 0 0 "KDE LDA" 135 1000 2.65151515151515
136.665 17 0 0 "KDE LDA" 135 1000 2.66161616161616
155.615 17.365 0 0 "KDE LDA" 135 1000 2.67171717171717
155.685 17.37 0 0 "KDE LDA" 135 1000 2.68181818181818
156.61 17.39 0 0 "KDE LDA" 135 1000 2.69191919191919
156.61 17.49 0 0 "KDE LDA" 135 1000 2.7020202020202
157.945 17.56 0 0 "KDE LDA" 135 1000 2.71212121212121
157.945 17.575 0 0 "KDE LDA" 135 1000 2.72222222222222
157.98 17.61 0 0 "KDE LDA" 135 1000 2.73232323232323
158.11 17.815 0 0 "KDE LDA" 135 1000 2.74242424242424
158.16 17.84 0 0 "KDE LDA" 135 1000 2.75252525252525
161.4 17.92 0 0 "KDE LDA" 135 1000 2.76262626262626
166.41 17.95 0 0 "KDE LDA" 135 1000 2.77272727272727
168.205 18 0 0 "KDE LDA" 135 1000 2.78282828282828
177.615 18.17 0 0 "KDE LDA" 135 1000 2.79292929292929
223.275 18.595 0 0 "KDE LDA" 135 1000 2.8030303030303
224.065 18.67 0 0 "KDE LDA" 135 1000 2.81313131313131
224.415 18.755 0 0 "KDE LDA" 135 1000 2.82323232323232
225.89 18.835 0 0 "KDE LDA" 135 1000 2.83333333333333
226.455 19.155 0 0 "KDE LDA" 135 1000 2.84343434343434
227.16 19.275 0 0 "KDE LDA" 135 1000 2.85353535353535
227.16 19.305 0 0 "KDE LDA" 135 1000 2.86363636363636
228.545 19.305 0 0 "KDE LDA" 135 1000 2.87373737373737
234.31 19.66 0 0 "KDE LDA" 135 1000 2.88383838383838
238.76 19.78 0 0 "KDE LDA" 135 1000 2.89393939393939
238.76 19.78 0 0 "KDE LDA" 135 1000 2.9040404040404
238.985 19.8 0 0 "KDE LDA" 135 1000 2.91414141414141
243.275 19.82 0 0 "KDE LDA" 135 1000 2.92424242424242
243.275 19.825 0 0 "KDE LDA" 135 1000 2.93434343434343
243.6 19.88 0 0 "KDE LDA" 135 1000 2.94444444444444
245.825 19.91 0 0 "KDE LDA" 135 1000 2.95454545454545
249.73 20.21 0 0 "KDE LDA" 135 1000 2.96464646464646
250.42 20.315 0 0 "KDE LDA" 135 1000 2.97474747474747
253.31 20.32 0 0 "KDE LDA" 135 1000 2.98484848484848
253.635 20.415 0 0 "KDE LDA" 135 1000 2.99494949494949
253.64 20.415 0 0 "KDE LDA" 135 1000 3.00505050505051
254.135 20.425 0 0 "KDE LDA" 135 1000 3.01515151515152
259.91 20.45 0 0 "KDE LDA" 135 1000 3.02525252525253
260.11 20.465 0 0 "KDE LDA" 135 1000 3.03535353535354
260.755 20.465 0 0 "KDE LDA" 135 1000 3.04545454545455
263.205 20.48 0 0 "KDE LDA" 135 1000 3.05555555555556
267.42 20.53 0 0 "KDE LDA" 135 1000 3.06565656565657
270.62 20.59 0 0 "KDE LDA" 135 1000 3.07575757575758
272.545 20.72 0 0 "KDE LDA" 135 1000 3.08585858585859
293.175 20.87 0 0 "KDE LDA" 135 1000 3.0959595959596
297.29 20.875 0 0 "KDE LDA" 135 1000 3.10606060606061
303.895 20.895 0 0 "KDE LDA" 135 1000 3.11616161616162
306.675 21.045 0 0 "KDE LDA" 135 1000 3.12626262626263
309.05 21.065 0 0 "KDE LDA" 135 1000 3.13636363636364
310.37 21.135 0 0 "KDE LDA" 135 1000 3.14646464646465
314.065 21.14 0 0 "KDE LDA" 135 1000 3.15656565656566
314.075 21.175 0 0 "KDE LDA" 135 1000 3.16666666666667
317.49 21.21 0 0 "KDE LDA" 135 1000 3.17676767676768
317.555 21.24 0 0 "KDE LDA" 135 1000 3.18686868686869
322.015 21.26 0 0 "KDE LDA" 135 1000 3.1969696969697
326.82 21.445 0 0 "KDE LDA" 135 1000 3.20707070707071
341.25 21.46 0 0 "KDE LDA" 135 1000 3.21717171717172
390.325 22.01 0 0 "KDE LDA" 135 1000 3.22727272727273
410.035 22.09 0 0 "KDE LDA" 135 1000 3.23737373737374
411.72 22.1 0 0 "KDE LDA" 135 1000 3.24747474747475
413.145 22.115 0 0 "KDE LDA" 135 1000 3.25757575757576
413.155 22.12 0 0 "KDE LDA" 135 1000 3.26767676767677
415.245 22.16 0 0 "KDE LDA" 135 1000 3.27777777777778
418.465 22.205 0 0 "KDE LDA" 135 1000 3.28787878787879
418.47 22.21 0 0 "KDE LDA" 135 1000 3.2979797979798
418.8 22.3 0 0 "KDE LDA" 135 1000 3.30808080808081
420.35 22.305 0 0 "KDE LDA" 135 1000 3.31818181818182
427.105 22.32 0 0 "KDE LDA" 135 1000 3.32828282828283
428.28 22.35 0 0 "KDE LDA" 135 1000 3.33838383838384
443.59 22.615 0 0 "KDE LDA" 135 1000 3.34848484848485
516.17 23.015 0 0 "KDE LDA" 135 1000 3.35858585858586
537.39 23.03 0 0 "KDE LDA" 135 1000 3.36868686868687
538.835 23.12 0 0 "KDE LDA" 135 1000 3.37878787878788
570.22 23.29 0 0 "KDE LDA" 135 1000 3.38888888888889
574.355 23.325 0 0 "KDE LDA" 135 1000 3.3989898989899
575.98 23.4 0 0 "KDE LDA" 135 1000 3.40909090909091
582.015 23.415 0 0 "KDE LDA" 135 1000 3.41919191919192
586.26 23.53 0 0 "KDE LDA" 135 1000 3.42929292929293
588.475 23.575 0 0 "KDE LDA" 135 1000 3.43939393939394
590.46 23.595 0 0 "KDE LDA" 135 1000 3.44949494949495
590.94 23.6 0 0 "KDE LDA" 135 1000 3.45959595959596
593.435 23.63 0 0 "KDE LDA" 135 1000 3.46969696969697
593.625 23.715 0 0 "KDE LDA" 135 1000 3.47979797979798
595.19 23.73 0 0 "KDE LDA" 135 1000 3.48989898989899
595.605 23.8 0 0 "KDE LDA" 135 1000 3.5
127.29 15.69 0 0 "KDE QDA" 135 1000 3.5
129.78 15.725 0 0 "KDE QDA" 135 1000 3.51010101010101
131.445 15.905 0 0 "KDE QDA" 135 1000 3.52020202020202
132.9 15.93 0 0 "KDE QDA" 135 1000 3.53030303030303
133.575 15.965 0 0 "KDE QDA" 135 1000 3.54040404040404
134.51 15.97 0 0 "KDE QDA" 135 1000 3.55050505050505
137.95 15.97 0 0 "KDE QDA" 135 1000 3.56060606060606
137.97 16.03 0 0 "KDE QDA" 135 1000 3.57070707070707
139.31 16.035 0 0 "KDE QDA" 135 1000 3.58080808080808
139.845 16.045 0 0 "KDE QDA" 135 1000 3.59090909090909
139.97 16.055 0 0 "KDE QDA" 135 1000 3.6010101010101
145.32 16.065 0 0 "KDE QDA" 135 1000 3.61111111111111
146.325 16.075 0 0 "KDE QDA" 135 1000 3.62121212121212
147.275 16.08 0 0 "KDE QDA" 135 1000 3.63131313131313
147.72 16.095 0 0 "KDE QDA" 135 1000 3.64141414141414
151 16.34 0 0 "KDE QDA" 135 1000 3.65151515151515
151.1 16.395 0 0 "KDE QDA" 135 1000 3.66161616161616
151.14 16.415 0 0 "KDE QDA" 135 1000 3.67171717171717
152.725 16.49 0 0 "KDE QDA" 135 1000 3.68181818181818
152.73 16.515 0 0 "KDE QDA" 135 1000 3.69191919191919
156.105 16.55 0 0 "KDE QDA" 135 1000 3.7020202020202
156.125 16.555 0 0 "KDE QDA" 135 1000 3.71212121212121
158.645 16.6 0 0 "KDE QDA" 135 1000 3.72222222222222
159.48 16.61 0 0 "KDE QDA" 135 1000 3.73232323232323
160.445 16.61 0 0 "KDE QDA" 135 1000 3.74242424242424
161.225 16.62 0 0 "KDE QDA" 135 1000 3.75252525252525
161.3 16.625 0 0 "KDE QDA" 135 1000 3.76262626262626
165.095 16.65 0 0 "KDE QDA" 135 1000 3.77272727272727
167.13 16.755 0 0 "KDE QDA" 135 1000 3.78282828282828
169.6 17.135 0 0 "KDE QDA" 135 1000 3.79292929292929
171.135 17.135 0 0 "KDE QDA" 135 1000 3.8030303030303
171.865 17.215 0 0 "KDE QDA" 135 1000 3.81313131313131
172.26 17.235 0 0 "KDE QDA" 135 1000 3.82323232323232
172.28 17.32 0 0 "KDE QDA" 135 1000 3.83333333333333
173.17 17.34 0 0 "KDE QDA" 135 1000 3.84343434343434
173.175 17.34 0 0 "KDE QDA" 135 1000 3.85353535353535
173.18 17.365 0 0 "KDE QDA" 135 1000 3.86363636363636
174.025 17.39 0 0 "KDE QDA" 135 1000 3.87373737373737
174.075 17.41 0 0 "KDE QDA" 135 1000 3.88383838383838
177.61 17.41 0 0 "KDE QDA" 135 1000 3.89393939393939
177.64 17.41 0 0 "KDE QDA" 135 1000 3.9040404040404
177.66 17.41 0 0 "KDE QDA" 135 1000 3.91414141414141
181.75 18.02 0 0 "KDE QDA" 135 1000 3.92424242424242
182.375 18.065 0 0 "KDE QDA" 135 1000 3.93434343434343
185.87 18.21 0 0 "KDE QDA" 135 1000 3.94444444444444
185.87 18.265 0 0 "KDE QDA" 135 1000 3.95454545454545
189.58 18.295 0 0 "KDE QDA" 135 1000 3.96464646464646
192.165 18.36 0 0 "KDE QDA" 135 1000 3.97474747474747
196.275 18.365 0 0 "KDE QDA" 135 1000 3.98484848484848
196.89 18.39 0 0 "KDE QDA" 135 1000 3.99494949494949
204.425 18.405 0 0 "KDE QDA" 135 1000 4.00505050505051
204.495 18.405 0 0 "KDE QDA" 135 1000 4.01515151515152
204.63 18.44 0 0 "KDE QDA" 135 1000 4.02525252525253
205.02 18.44 0 0 "KDE QDA" 135 1000 4.03535353535354
205.425 18.455 0 0 "KDE QDA" 135 1000 4.04545454545455
207.655 18.46 0 0 "KDE QDA" 135 1000 4.05555555555556
209.31 18.465 0 0 "KDE QDA" 135 1000 4.06565656565657
217.065 18.5 0 0 "KDE QDA" 135 1000 4.07575757575758
220.22 18.6 0 0 "KDE QDA" 135 1000 4.08585858585859
220.92 18.65 0 0 "KDE QDA" 135 1000 4.0959595959596
223.225 18.72 0 0 "KDE QDA" 135 1000 4.10606060606061
223.265 18.725 0 0 "KDE QDA" 135 1000 4.11616161616162
223.27 18.725 0 0 "KDE QDA" 135 1000 4.12626262626263
223.29 18.735 0 0 "KDE QDA" 135 1000 4.13636363636364
225.595 18.735 0 0 "KDE QDA" 135 1000 4.14646464646465
227.795 18.875 0 0 "KDE QDA" 135 1000 4.15656565656566
229.035 18.9 0 0 "KDE QDA" 135 1000 4.16666666666667
229.1 18.915 0 0 "KDE QDA" 135 1000 4.17676767676768
229.43 18.915 0 0 "KDE QDA" 135 1000 4.18686868686869
229.46 18.925 0 0 "KDE QDA" 135 1000 4.1969696969697
229.495 18.995 0 0 "KDE QDA" 135 1000 4.20707070707071
236.105 19.61 0 0 "KDE QDA" 135 1000 4.21717171717172
238.485 19.625 0 0 "KDE QDA" 135 1000 4.22727272727273
243.575 19.7 0 0 "KDE QDA" 135 1000 4.23737373737374
243.59 19.71 0 0 "KDE QDA" 135 1000 4.24747474747475
244.475 19.73 0 0 "KDE QDA" 135 1000 4.25757575757576
244.48 19.79 0 0 "KDE QDA" 135 1000 4.26767676767677
245.505 19.795 0 0 "KDE QDA" 135 1000 4.27777777777778
249.815 19.81 0 0 "KDE QDA" 135 1000 4.28787878787879
249.98 19.855 0 0 "KDE QDA" 135 1000 4.2979797979798
250.08 19.91 0 0 "KDE QDA" 135 1000 4.30808080808081
255.035 19.92 0 0 "KDE QDA" 135 1000 4.31818181818182
257.26 19.93 0 0 "KDE QDA" 135 1000 4.32828282828283
260.13 19.945 0 0 "KDE QDA" 135 1000 4.33838383838384
262.955 20.245 0 0 "KDE QDA" 135 1000 4.34848484848485
266.69 20.255 0 0 "KDE QDA" 135 1000 4.35858585858586
270.83 20.305 0 0 "KDE QDA" 135 1000 4.36868686868687
274.99 20.41 0 0 "KDE QDA" 135 1000 4.37878787878788
279.68 20.435 0 0 "KDE QDA" 135 1000 4.38888888888889
284.185 20.44 0 0 "KDE QDA" 135 1000 4.3989898989899
284.215 20.445 0 0 "KDE QDA" 135 1000 4.40909090909091
291.59 20.445 0 0 "KDE QDA" 135 1000 4.41919191919192
292.995 20.47 0 0 "KDE QDA" 135 1000 4.42929292929293
301.325 20.495 0 0 "KDE QDA" 135 1000 4.43939393939394
301.47 20.505 0 0 "KDE QDA" 135 1000 4.44949494949495
304.06 20.545 0 0 "KDE QDA" 135 1000 4.45959595959596
305.65 20.55 0 0 "KDE QDA" 135 1000 4.46969696969697
311.21 20.93 0 0 "KDE QDA" 135 1000 4.47979797979798
311.55 20.94 0 0 "KDE QDA" 135 1000 4.48989898989899
313.645 20.99 0 0 "KDE QDA" 135 1000 4.5
