127.175 15.39 0 0 "KDE LDA" 166 3000 2.5
131.325 15.46 0 0 "KDE LDA" 166 3000 2.51010101010101
131.335 15.505 0 0 "KDE LDA" 166 3000 2.52020202020202
133.62 15.565 0 0 "KDE LDA" 166 3000 2.53030303030303
134.91 15.735 0 0 "KDE LDA" 166 3000 2.54040404040404
135.04 15.795 0 0 "KDE LDA" 166 3000 2.55050505050505
135.04 15.795 0 0 "KDE LDA" 166 3000 2.56060606060606
135.325 15.805 0 0 "KDE LDA" 166 3000 2.57070707070707
135.325 15.83 0 0 "KDE LDA" 166 3000 2.58080808080808
135.685 15.92 0 0 "KDE LDA" 166 3000 2.59090909090909
136.005 15.93 0 0 "KDE LDA" 166 3000 2.6010101010101
136.71 16.15 0 0 "KDE LDA" 166 3000 2.61111111111111
138.945 16.235 0 0 "KDE LDA" 166 3000 2.62121212121212
139.635 16.375 0 0 "KDE LDA" 166 3000 2.63131313131313
142.045 16.405 0 0 "KDE LDA" 166 3000 2.64141414141414
147.255 16.42 0 0 "KDE LDA" 166 3000 2.65151515151515
152.015 16.775 0 0 "KDE LDA" 166 3000 2.66161616161616
161.265 16.92 0 0 "KDE LDA" 166 3000 2.67171717171717
161.62 16.99 0 0 "KDE LDA" 166 3000 2.68181818181818
162.71 16.995 0 0 "KDE LDA" 166 3000 2.69191919191919
162.715 17.005 0 0 "KDE LDA" 166 3000 2.7020202020202
163.73 17.05 0 0 "KDE LDA" 166 3000 2.71212121212121
164.635 17.06 0 0 "KDE LDA" 166 3000 2.72222222222222
167.55 17.085 0 0 "KDE LDA" 166 3000 2.73232323232323
168.655 17.2 0 0 "KDE LDA" 166 3000 2.74242424242424
170.855 17.21 0 0 "KDE LDA" 166 3000 2.75252525252525
173.46 17.435 0 0 "KDE LDA" 166 3000 2.76262626262626
186.44 17.46 0 0 "KDE LDA" 166 3000 2.77272727272727
190.745 17.585 0 0 "KDE LDA" 166 3000 2.78282828282828
195.715 17.825 0 0 "KDE LDA" 166 3000 2.79292929292929
225.795 18.6 0 0 "KDE LDA" 166 3000 2.8030303030303
226.62 18.62 0 0 "KDE LDA" 166 3000 2.81313131313131
228.49 18.655 0 0 "KDE LDA" 166 3000 2.82323232323232
230.5 18.88 0 0 "KDE LDA" 166 3000 2.83333333333333
230.5 18.92 0 0 "KDE LDA" 166 3000 2.84343434343434
230.505 18.925 0 0 "KDE LDA" 166 3000 2.85353535353535
230.67 18.94 0 0 "KDE LDA" 166 3000 2.86363636363636
230.705 19.04 0 0 "KDE LDA" 166 3000 2.87373737373737
232.705 19.045 0 0 "KDE LDA" 166 3000 2.88383838383838
233.03 19.06 0 0 "KDE LDA" 166 3000 2.89393939393939
234.89 19.075 0 0 "KDE LDA" 166 3000 2.9040404040404
237.625 19.135 0 0 "KDE LDA" 166 3000 2.91414141414141
238.105 19.145 0 0 "KDE LDA" 166 3000 2.92424242424242
240.835 19.155 0 0 "KDE LDA" 166 3000 2.93434343434343
242.39 19.195 0 0 "KDE LDA" 166 3000 2.94444444444444
242.4 19.215 0 0 "KDE LDA" 166 3000 2.95454545454545
242.97 19.455 0 0 "KDE LDA" 166 3000 2.96464646464646
242.975 19.545 0 0 "KDE LDA" 166 3000 2.97474747474747
250.21 19.57 0 0 "KDE LDA" 166 3000 2.98484848484848
251.235 19.575 0 0 "KDE LDA" 166 3000 2.99494949494949
251.32 19.66 0 0 "KDE LDA" 166 3000 3.00505050505051
255.715 19.8 0 0 "KDE LDA" 166 3000 3.01515151515152
255.745 19.81 0 0 "KDE LDA" 166 3000 3.02525252525253
258.945 19.9 0 0 "KDE LDA" 166 3000 3.03535353535354
264.655 19.92 0 0 "KDE LDA" 166 3000 3.04545454545455
268.215 19.935 0 0 "KDE LDA" 166 3000 3.05555555555556
269.87 19.985 0 0 "KDE LDA" 166 3000 3.06565656565657
281.43 20 0 0 "KDE LDA" 166 3000 3.07575757575758
281.57 20.315 0 0 "KDE LDA" 166 3000 3.08585858585859
293.92 20.38 0 0 "KDE LDA" 166 3000 3.0959595959596
295.03 20.395 0 0 "KDE LDA" 166 3000 3.10606060606061
295.675 20.405 0 0 "KDE LDA" 166 3000 3.11616161616162
295.69 20.45 0 0 "KDE LDA" 166 3000 3.12626262626263
295.74 20.52 0 0 "KDE LDA" 166 3000 3.13636363636364
299.11 20.54 0 0 "KDE LDA" 166 3000 3.14646464646465
300.185 20.555 0 0 "KDE LDA" 166 3000 3.15656565656566
301.945 20.585 0 0 "KDE LDA" 166 3000 3.16666666666667
303.14 20.625 0 0 "KDE LDA" 166 3000 3.17676767676768
308.99 20.735 0 0 "KDE LDA" 166 3000 3.18686868686869
312.2 20.83 0 0 "KDE LDA" 166 3000 3.1969696969697
315.655 20.945 0 0 "KDE LDA" 166 3000 3.20707070707071
328.01 21.2 0 0 "KDE LDA" 166 3000 3.21717171717172
362.92 21.62 0 0 "KDE LDA" 166 3000 3.22727272727273
365.02 21.685 0 0 "KDE LDA" 166 3000 3.23737373737374
367.36 21.74 0 0 "KDE LDA" 166 3000 3.24747474747475
372.755 21.785 0 0 "KDE LDA" 166 3000 3.25757575757576
376.905 21.81 0 0 "KDE LDA" 166 3000 3.26767676767677
378.62 21.855 0 0 "KDE LDA" 166 3000 3.27777777777778
383.77 21.87 0 0 "KDE LDA" 166 3000 3.28787878787879
391.775 21.905 0 0 "KDE LDA" 166 3000 3.2979797979798
399.59 22.05 0 0 "KDE LDA" 166 3000 3.30808080808081
399.64 22.115 0 0 "KDE LDA" 166 3000 3.31818181818182
405.79 22.215 0 0 "KDE LDA" 166 3000 3.32828282828283
419.81 22.39 0 0 "KDE LDA" 166 3000 3.33838383838384
440.03 22.48 0 0 "KDE LDA" 166 3000 3.34848484848485
500.79 23.25 0 0 "KDE LDA" 166 3000 3.35858585858586
508.335 23.295 0 0 "KDE LDA" 166 3000 3.36868686868687
510.965 23.47 0 0 "KDE LDA" 166 3000 3.37878787878788
514.285 23.5 0 0 "KDE LDA" 166 3000 3.38888888888889
515.405 23.54 0 0 "KDE LDA" 166 3000 3.3989898989899
515.485 23.565 0 0 "KDE LDA" 166 3000 3.40909090909091
525.815 23.605 0 0 "KDE LDA" 166 3000 3.41919191919192
535.875 23.695 0 0 "KDE LDA" 166 3000 3.42929292929293
536.675 23.71 0 0 "KDE LDA" 166 3000 3.43939393939394
547.63 23.725 0 0 "KDE LDA" 166 3000 3.44949494949495
548.35 23.74 0 0 "KDE LDA" 166 3000 3.45959595959596
548.365 23.78 0 0 "KDE LDA" 166 3000 3.46969696969697
555.16 23.79 0 0 "KDE LDA" 166 3000 3.47979797979798
563.215 23.815 0 0 "KDE LDA" 166 3000 3.48989898989899
582.69 24.115 0 0 "KDE LDA" 166 3000 3.5
107.38 12.175 0 0 "KDE QDA" 166 3000 2.7
107.38 12.175 0 0 "KDE QDA" 166 3000 2.71010101010101
107.38 12.175 0 0 "KDE QDA" 166 3000 2.72020202020202
107.38 12.175 0 0 "KDE QDA" 166 3000 2.73030303030303
107.57 12.18 0 0 "KDE QDA" 166 3000 2.74040404040404
107.57 12.18 0 0 "KDE QDA" 166 3000 2.75050505050505
108.47 12.18 0 0 "KDE QDA" 166 3000 2.76060606060606
108.47 12.185 0 0 "KDE QDA" 166 3000 2.77070707070707
108.47 12.185 0 0 "KDE QDA" 166 3000 2.78080808080808
109.41 12.19 0 0 "KDE QDA" 166 3000 2.79090909090909
128.17 13.305 0 0 "KDE QDA" 166 3000 2.8010101010101
128.17 13.305 0 0 "KDE QDA" 166 3000 2.81111111111111
128.17 13.305 0 0 "KDE QDA" 166 3000 2.82121212121212
130.765 13.5 0 0 "KDE QDA" 166 3000 2.83131313131313
130.78 13.505 0 0 "KDE QDA" 166 3000 2.84141414141414
132.765 13.505 0 0 "KDE QDA" 166 3000 2.85151515151515
132.79 13.515 0 0 "KDE QDA" 166 3000 2.86161616161616
133.25 13.53 0 0 "KDE QDA" 166 3000 2.87171717171717
133.26 13.53 0 0 "KDE QDA" 166 3000 2.88181818181818
133.805 13.53 0 0 "KDE QDA" 166 3000 2.89191919191919
133.805 13.53 0 0 "KDE QDA" 166 3000 2.9020202020202
133.805 13.555 0 0 "KDE QDA" 166 3000 2.91212121212121
135.995 13.555 0 0 "KDE QDA" 166 3000 2.92222222222222
136.01 13.555 0 0 "KDE QDA" 166 3000 2.93232323232323
136.015 13.555 0 0 "KDE QDA" 166 3000 2.94242424242424
136.355 13.555 0 0 "KDE QDA" 166 3000 2.95252525252525
140.6 13.68 0 0 "KDE QDA" 166 3000 2.96262626262626
140.975 13.685 0 0 "KDE QDA" 166 3000 2.97272727272727
143.035 13.725 0 0 "KDE QDA" 166 3000 2.98282828282828
146.295 13.725 0 0 "KDE QDA" 166 3000 2.99292929292929
146.3 13.725 0 0 "KDE QDA" 166 3000 3.0030303030303
146.315 13.77 0 0 "KDE QDA" 166 3000 3.01313131313131
146.315 13.77 0 0 "KDE QDA" 166 3000 3.02323232323232
147.46 13.77 0 0 "KDE QDA" 166 3000 3.03333333333333
147.46 13.78 0 0 "KDE QDA" 166 3000 3.04343434343434
147.46 13.78 0 0 "KDE QDA" 166 3000 3.05353535353535
147.46 13.78 0 0 "KDE QDA" 166 3000 3.06363636363636
147.7 13.785 0 0 "KDE QDA" 166 3000 3.07373737373737
147.7 13.82 0 0 "KDE QDA" 166 3000 3.08383838383838
163.875 14.21 0 0 "KDE QDA" 166 3000 3.09393939393939
163.885 14.22 0 0 "KDE QDA" 166 3000 3.1040404040404
164.175 14.22 0 0 "KDE QDA" 166 3000 3.11414141414141
164.68 14.28 0 0 "KDE QDA" 166 3000 3.12424242424242
164.68 14.28 0 0 "KDE QDA" 166 3000 3.13434343434343
165.525 14.285 0 0 "KDE QDA" 166 3000 3.14444444444444
168.29 14.285 0 0 "KDE QDA" 166 3000 3.15454545454545
168.295 14.285 0 0 "KDE QDA" 166 3000 3.16464646464646
168.295 14.285 0 0 "KDE QDA" 166 3000 3.17474747474748
168.295 14.285 0 0 "KDE QDA" 166 3000 3.18484848484849
168.295 14.345 0 0 "KDE QDA" 166 3000 3.19494949494949
168.665 14.385 0 0 "KDE QDA" 166 3000 3.20505050505051
171.71 14.385 0 0 "KDE QDA" 166 3000 3.21515151515152
190.55 14.805 0 0 "KDE QDA" 166 3000 3.22525252525253
190.565 14.81 0 0 "KDE QDA" 166 3000 3.23535353535354
190.57 14.82 0 0 "KDE QDA" 166 3000 3.24545454545455
203.44 14.97 0 0 "KDE QDA" 166 3000 3.25555555555556
204.055 14.975 0 0 "KDE QDA" 166 3000 3.26565656565657
204.055 14.975 0 0 "KDE QDA" 166 3000 3.27575757575758
204.06 14.975 0 0 "KDE QDA" 166 3000 3.28585858585859
204.065 14.985 0 0 "KDE QDA" 166 3000 3.2959595959596
205.555 14.99 0 0 "KDE QDA" 166 3000 3.30606060606061
205.555 15.005 0 0 "KDE QDA" 166 3000 3.31616161616162
206.205 15.005 0 0 "KDE QDA" 166 3000 3.32626262626263
206.21 15.03 0 0 "KDE QDA" 166 3000 3.33636363636364
206.52 15.03 0 0 "KDE QDA" 166 3000 3.34646464646465
206.53 15.065 0 0 "KDE QDA" 166 3000 3.35656565656566
250.27 15.76 0 0 "KDE QDA" 166 3000 3.36666666666667
250.27 15.76 0 0 "KDE QDA" 166 3000 3.37676767676768
255.425 16.015 0 0 "KDE QDA" 166 3000 3.38686868686869
255.435 16.02 0 0 "KDE QDA" 166 3000 3.3969696969697
258.1 16.025 0 0 "KDE QDA" 166 3000 3.40707070707071
265.4 16.06 0 0 "KDE QDA" 166 3000 3.41717171717172
265.4 16.41 0 0 "KDE QDA" 166 3000 3.42727272727273
265.41 16.415 0 0 "KDE QDA" 166 3000 3.43737373737374
265.84 16.415 0 0 "KDE QDA" 166 3000 3.44747474747475
265.84 16.415 0 0 "KDE QDA" 166 3000 3.45757575757576
265.84 16.415 0 0 "KDE QDA" 166 3000 3.46767676767677
265.84 16.415 0 0 "KDE QDA" 166 3000 3.47777777777778
265.84 16.415 0 0 "KDE QDA" 166 3000 3.48787878787879
265.845 16.42 0 0 "KDE QDA" 166 3000 3.4979797979798
265.86 16.435 0 0 "KDE QDA" 166 3000 3.50808080808081
283.62 16.685 0 0 "KDE QDA" 166 3000 3.51818181818182
283.635 16.7 0 0 "KDE QDA" 166 3000 3.52828282828283
286.285 16.705 0 0 "KDE QDA" 166 3000 3.53838383838384
290.97 16.715 0 0 "KDE QDA" 166 3000 3.54848484848485
292.485 16.72 0 0 "KDE QDA" 166 3000 3.55858585858586
294.98 16.725 0 0 "KDE QDA" 166 3000 3.56868686868687
294.995 16.725 0 0 "KDE QDA" 166 3000 3.57878787878788
295.68 16.725 0 0 "KDE QDA" 166 3000 3.58888888888889
296.56 16.735 0 0 "KDE QDA" 166 3000 3.5989898989899
298.17 16.735 0 0 "KDE QDA" 166 3000 3.60909090909091
298.17 16.735 0 0 "KDE QDA" 166 3000 3.61919191919192
298.17 16.745 0 0 "KDE QDA" 166 3000 3.62929292929293
298.27 16.75 0 0 "KDE QDA" 166 3000 3.63939393939394
298.275 16.75 0 0 "KDE QDA" 166 3000 3.64949494949495
323.15 17.165 0 0 "KDE QDA" 166 3000 3.65959595959596
323.155 17.165 0 0 "KDE QDA" 166 3000 3.66969696969697
325.67 17.185 0 0 "KDE QDA" 166 3000 3.67979797979798
325.67 17.185 0 0 "KDE QDA" 166 3000 3.68989898989899
325.67 17.19 0 0 "KDE QDA" 166 3000 3.7
