59.67 14.287 0 0 54.1975319776876 9.95790092292501 "LDA" 48 5000 1.5
63.334 14.578 0 0 58.3499714067039 10.1714981873555 "LDA" 48 5000 1.53535353535354
66.971 15.175 0 0 60.8248618808364 10.5623832035644 "LDA" 48 5000 1.57070707070707
70.121 15.647 0 0 63.9913060207888 10.827355292158 "LDA" 48 5000 1.60606060606061
75.01 16.248 0 0 68.5955920978546 11.348713111595 "LDA" 48 5000 1.64141414141414
79.065 16.548 0 0 71.1909188163906 11.3875973485794 "LDA" 48 5000 1.67676767676768
82.648 16.989 0 0 74.2578367737865 11.6365926838267 "LDA" 48 5000 1.71212121212121
86.868 17.512 0 0 76.8756817624823 11.8609670153212 "LDA" 48 5000 1.74747474747475
92.319 17.952 0 0 82.2933985350128 12.0425378852931 "LDA" 48 5000 1.78282828282828
96.985 18.603 0 0 89.8169798248909 12.640616131193 "LDA" 48 5000 1.81818181818182
101.649 19.11 0 0 96.2925337243291 13.2078138367538 "LDA" 48 5000 1.85353535353535
105.436 19.63 0 0 98.1492189127003 13.532265967761 "LDA" 48 5000 1.88888888888889
111.977 20.005 0 0 106.362424927398 13.7310420768606 "LDA" 48 5000 1.92424242424242
117.534 20.365 0 0 110.18045460324 13.8229826683625 "LDA" 48 5000 1.95959595959596
122.831 20.702 0 0 114.988855442064 14.0138354344406 "LDA" 48 5000 1.99494949494949
129.875 21.216 0 0 122.142401078172 14.3291544994347 "LDA" 48 5000 2.03030303030303
135.967 21.678 0 0 129.885927895462 14.7923334578804 "LDA" 48 5000 2.06565656565657
141.044 22.222 0 0 135.008597449886 15.2641970542742 "LDA" 48 5000 2.1010101010101
151 22.599 0 0 146.38140426815 15.4279687976487 "LDA" 48 5000 2.13636363636364
157.8 23.02 0 0 151.46755566926 15.5812186421465 "LDA" 48 5000 2.17171717171717
166.301 23.469 0 0 160.418473018183 15.8621135302218 "LDA" 48 5000 2.20707070707071
175.269 23.901 0 0 168.823831626714 15.9160459762945 "LDA" 48 5000 2.24242424242424
184.763 24.288 0 0 181.323227811397 16.0810962828303 "LDA" 48 5000 2.27777777777778
193.718 24.779 0 0 189.031413662786 16.3659403336015 "LDA" 48 5000 2.31313131313131
203.662 25.244 0 0 196.790920579234 16.6201291418777 "LDA" 48 5000 2.34848484848485
209.344 25.981 0 0 202.772829749167 17.2258343301092 "LDA" 48 5000 2.38383838383838
217.682 26.297 0 0 212.938892285669 17.2667000301137 "LDA" 48 5000 2.41919191919192
229.197 26.965 0 0 222.246979531581 17.9190643692093 "LDA" 48 5000 2.45454545454545
244.275 27.817 0 0 243.84800434743 19.2674010635515 "LDA" 48 5000 2.48989898989899
258.385 28.33 0 0 254.388809583758 19.5164543908977 "LDA" 48 5000 2.52525252525253
268.382 28.892 0 0 262.306356577001 19.9390546892751 "LDA" 48 5000 2.56060606060606
285.074 29.531 0 0 276.303623241202 20.5078914716412 "LDA" 48 5000 2.5959595959596
301.067 30.126 0 0 286.565727935892 20.9728869254089 "LDA" 48 5000 2.63131313131313
315.506 30.495 0 0 301.115616630188 21.054768540126 "LDA" 48 5000 2.66666666666667
334.231 30.923 0 0 326.114425098396 21.1081174817562 "LDA" 48 5000 2.7020202020202
347.951 31.367 0 0 340.557231353009 21.1990497596168 "LDA" 48 5000 2.73737373737374
364.61 31.894 0 0 349.354691682537 21.3838732233904 "LDA" 48 5000 2.77272727272727
382.147 32.268 0 0 360.448113094289 21.4122081686747 "LDA" 48 5000 2.80808080808081
399.734 32.732 0 0 382.361598013759 21.667155827234 "LDA" 48 5000 2.84343434343434
418.562 33.399 0 0 403.568293506221 22.0520314504376 "LDA" 48 5000 2.87878787878788
434.306 33.822 0 0 416.394453258812 22.2400750209377 "LDA" 48 5000 2.91414141414141
456.535 34.118 0 0 438.153017611247 22.2308859087596 "LDA" 48 5000 2.94949494949495
477.264 34.435 0 0 455.577208491488 22.2869127848942 "LDA" 48 5000 2.98484848484848
499.05 34.873 0 0 478.083173748063 22.4395277000966 "LDA" 48 5000 3.02020202020202
524.648 35.488 0 0 506.869269686526 22.9136398437894 "LDA" 48 5000 3.05555555555556
549.338 35.945 0 0 538.864982370561 23.1041939651393 "LDA" 48 5000 3.09090909090909
580.734 36.497 0 0 571.797691359316 23.17647816516 "LDA" 48 5000 3.12626262626263
612.91 36.966 0 0 598.580156791139 23.2640077815079 "LDA" 48 5000 3.16161616161616
636.195 37.444 0 0 620.464638269049 23.4977660429456 "LDA" 48 5000 3.1969696969697
668.774 37.972 0 0 645.805259623485 23.8509556220308 "LDA" 48 5000 3.23232323232323
695.455 38.617 0 0 671.849193877848 24.2440938598886 "LDA" 48 5000 3.26767676767677
735.705 39.095 0 0 712.409302992311 24.8484087703502 "LDA" 48 5000 3.3030303030303
771.827 39.55 0 0 757.213454242782 25.0570420312405 "LDA" 48 5000 3.33838383838384
811.557 40.063 0 0 788.34804330853 25.0832254544586 "LDA" 48 5000 3.37373737373737
841.859 40.496 0 0 813.685890160845 25.1204104070578 "LDA" 48 5000 3.40909090909091
878.434 41.123 0 0 862.691358496203 25.6011579872921 "LDA" 48 5000 3.44444444444444
932.413 41.732 0 0 902.252270482369 25.9270976083014 "LDA" 48 5000 3.47979797979798
982.928 42.262 0 0 957.244358341995 26.0008730892138 "LDA" 48 5000 3.51515151515152
1029.009 42.584 0 0 990.621842356382 26.0124507032996 "LDA" 48 5000 3.55050505050505
1067.892 43.021 0 0 1009.27238497993 26.1095436051124 "LDA" 48 5000 3.58585858585859
1100.805 43.733 0 0 1045.16327779551 26.6145081307741 "LDA" 48 5000 3.62121212121212
1151.25 44.35 0 0 1074.54170387816 27.0597067191743 "LDA" 48 5000 3.65656565656566
1213.33533533534 44.684 1 0 1140.37933720676 27.115519456492 "LDA" 48 5000 3.69191919191919
1291.34934934935 45.387 1 0 1229.71950916439 28.2498723233626 "LDA" 48 5000 3.72727272727273
1360.04204204204 45.824 1 0 1318.99814801354 28.4031294360632 "LDA" 48 5000 3.76262626262626
1419.13713713714 46.469 1 0 1382.51312952856 28.8924525233289 "LDA" 48 5000 3.7979797979798
1474.65130260521 47.01 2 0 1404.78597785715 29.2434792916486 "LDA" 48 5000 3.83333333333333
1531.26352705411 47.561 2 0 1447.21241253431 29.6967367765412 "LDA" 48 5000 3.86868686868687
1581.17635270541 47.953 2 0 1482.81981872591 29.8663487857118 "LDA" 48 5000 3.9040404040404
1685.43386773547 48.535 2 0 1578.73650810429 30.0860423609511 "LDA" 48 5000 3.93939393939394
1752.25450901804 49.079 2 0 1655.11570391158 30.4436130012943 "LDA" 48 5000 3.97474747474747
1810.19338677355 49.687 2 0 1704.30961490768 30.6124509497876 "LDA" 48 5000 4.01010101010101
1882.35771543086 50.368 2 0 1752.96317616388 30.7623617249862 "LDA" 48 5000 4.04545454545454
1971.25226130653 50.978 5 0 1803.54740027331 30.9332892590553 "LDA" 48 5000 4.08080808080808
2042.24044265594 51.408 6 0 1856.46072744945 30.9595547453453 "LDA" 48 5000 4.11616161616162
2125.47580645161 52.181 8 0 1906.73209258019 31.6109394117051 "LDA" 48 5000 4.15151515151515
2198.85410334346 52.54 13 0 1943.13001013804 31.6838170721942 "LDA" 48 5000 4.18686868686869
2313.3847715736 53.072 15 0 2056.71062295027 31.9128696178712 "LDA" 48 5000 4.22222222222222
2418.34349593496 53.596 16 0 2112.66014324908 32.183513831814 "LDA" 48 5000 4.25757575757576
2494.87027579162 54.163 21 0 2169.72269545649 32.3052017027762 "LDA" 48 5000 4.29292929292929
2577.04810644831 54.674 23 0 2205.9553404074 32.5008003905446 "LDA" 48 5000 4.32828282828283
2679.13155190134 55.174 27 0 2267.74758340029 32.5365079310664 "LDA" 48 5000 4.36363636363636
2735.76446280992 55.6 32 0 2299.34014416085 32.7777116098482 "LDA" 48 5000 4.3989898989899
2850.71101871102 56.091 38 0 2345.63242231763 32.9500899456652 "LDA" 48 5000 4.43434343434343
2919.28735632184 56.499 43 0 2389.75308111087 33.0731587973213 "LDA" 48 5000 4.46969696969697
3001.19517313746 57.089 47 0 2424.79150530935 33.6585795745896 "LDA" 48 5000 4.50505050505051
3095.91033755274 57.441 52 0 2458.45620968322 33.7857958171626 "LDA" 48 5000 4.54040404040404
3156.16400425985 57.749 61 0 2471.15683111132 33.8391354216695 "LDA" 48 5000 4.57575757575758
3209.63351351351 58.119 75 0 2512.25508008318 33.8655830706739 "LDA" 48 5000 4.61111111111111
3267.89715536105 58.641 86 0 2541.87555792027 34.0861259603227 "LDA" 48 5000 4.64646464646465
3336.4861878453 59.228 95 0 2565.01929172077 34.3267584013163 "LDA" 48 5000 4.68181818181818
3392.47709497207 60.124 105 0 2552.92093867116 35.3429448086566 "LDA" 48 5000 4.71717171717172
3491.60135135135 60.634 112 0 2596.81565923928 35.6162120186659 "LDA" 48 5000 4.75252525252525
3504.06285714286 60.941 125 0 2586.46585554547 35.6043422659117 "LDA" 48 5000 4.78787878787879
3540.67786790267 61.494 137 0 2581.7235224219 35.8775858324549 "LDA" 48 5000 4.82323232323232
3595.81818181818 61.845 153 0 2613.97093421431 35.8861364567125 "LDA" 48 5000 4.85858585858586
3627.5692124105 62.426 162 0 2613.93320676359 35.9369167568113 "LDA" 48 5000 4.89393939393939
3738.21219512195 63.031 180 0 2652.00142060555 36.4105722114988 "LDA" 48 5000 4.92929292929293
3769.39851485149 63.621 192 0 2649.15048684586 36.7802140170927 "LDA" 48 5000 4.96464646464646
3812 63.99 211 0 2659.90822615623 36.9956832695462 "LDA" 48 5000 5
46.649 12.873 0 0 41.4344858254041 9.23028001032846 "uLSIF" 48 5000 1.5
48.613 13.305 0 0 43.2969497407942 9.43445727023998 "uLSIF" 48 5000 1.53535353535354
50.982 13.724 0 0 46.6679716248261 9.620206462045 "uLSIF" 48 5000 1.57070707070707
53.347 14.198 0 0 48.2388388808912 10.1724271574819 "uLSIF" 48 5000 1.60606060606061
56.369 14.598 0 0 50.1618685063869 10.3521767548455 "uLSIF" 48 5000 1.64141414141414
59.084 14.985 0 0 52.4051642993822 10.5921182002453 "uLSIF" 48 5000 1.67676767676768
62.954 15.353 0 0 56.6594579763889 10.7681169822464 "uLSIF" 48 5000 1.71212121212121
65.618 15.769 0 0 59.0158703142549 11.1725764918154 "uLSIF" 48 5000 1.74747474747475
68.557 16.335 0 0 61.482427081564 11.5153540274878 "uLSIF" 48 5000 1.78282828282828
71.623 16.759 0 0 64.0304518941556 11.7461862701003 "uLSIF" 48 5000 1.81818181818182
74.944 17.161 0 0 66.0920647659386 11.8975051851062 "uLSIF" 48 5000 1.85353535353535
77.766 17.6 0 0 70.3132932183041 12.0775770694236 "uLSIF" 48 5000 1.88888888888889
80.723 18.113 0 0 72.6062251803173 12.3238836861238 "uLSIF" 48 5000 1.92424242424242
83.872 18.469 0 0 75.2371200953375 12.6027722691822 "uLSIF" 48 5000 1.95959595959596
87.234 18.826 0 0 79.2076580710293 12.7743065137371 "uLSIF" 48 5000 1.99494949494949
91.912 19.301 0 0 82.0523176932793 13.6304140504677 "uLSIF" 48 5000 2.03030303030303
97.257 19.683 0 0 85.5847281744629 13.8723088183601 "uLSIF" 48 5000 2.06565656565657
102.062 20.155 0 0 90.2069368033714 14.193816943988 "uLSIF" 48 5000 2.1010101010101
105.489 20.692 0 0 93.2818598891788 14.6120720176383 "uLSIF" 48 5000 2.13636363636364
109.086 21.07 0 0 96.5562308176417 14.7142655137662 "uLSIF" 48 5000 2.17171717171717
115.28 21.42 0 0 110.071000836847 14.9038829076763 "uLSIF" 48 5000 2.20707070707071
121.41 21.803 0 0 115.419927480742 15.0108466289053 "uLSIF" 48 5000 2.24242424242424
126.286 22.378 0 0 119.214782507743 15.6874858792992 "uLSIF" 48 5000 2.27777777777778
131.586 22.901 0 0 124.043966034263 16.3412433809437 "uLSIF" 48 5000 2.31313131313131
135.566 23.393 0 0 126.28769625829 16.8074102716641 "uLSIF" 48 5000 2.34848484848485
141.424 23.721 0 0 131.813219932406 16.8782710914073 "uLSIF" 48 5000 2.38383838383838
147.151 24.241 0 0 137.308294602936 17.1570767989272 "uLSIF" 48 5000 2.41919191919192
152.38 24.649 0 0 142.138104816551 17.3465472559153 "uLSIF" 48 5000 2.45454545454545
160.196 25.091 0 0 150.03815858985 17.7146416144253 "uLSIF" 48 5000 2.48989898989899
167.669 25.485 0 0 156.133606703176 18.0051092459601 "uLSIF" 48 5000 2.52525252525253
175.523 25.772 0 0 162.847808950197 18.1044134339057 "uLSIF" 48 5000 2.56060606060606
182.412 26.096 0 0 168.102262407817 18.2116019736443 "uLSIF" 48 5000 2.5959595959596
190.428 26.713 0 0 174.701028231849 18.5495206330437 "uLSIF" 48 5000 2.63131313131313
197.909 27.085 0 0 182.5341102929 18.6255922775005 "uLSIF" 48 5000 2.66666666666667
209.686 27.564 0 0 202.281316821735 18.8665802903402 "uLSIF" 48 5000 2.7020202020202
220.46 28.09 0 0 216.68031927418 19.0988655858579 "uLSIF" 48 5000 2.73737373737374
230.399 28.536 0 0 225.716050679907 19.4797886581494 "uLSIF" 48 5000 2.77272727272727
240.14 29.099 0 0 229.952426641944 19.9082781409779 "uLSIF" 48 5000 2.80808080808081
246.832 29.538 0 0 234.208790470242 20.1205216480933 "uLSIF" 48 5000 2.84343434343434
255.748 30.141 0 0 245.448555688335 20.5920166605933 "uLSIF" 48 5000 2.87878787878788
269.016 30.595 0 0 259.911796357699 20.9779658225017 "uLSIF" 48 5000 2.91414141414141
279.902 31.041 0 0 268.285026140579 21.2504800393286 "uLSIF" 48 5000 2.94949494949495
291.964 31.508 0 0 279.208004566155 21.238667967107 "uLSIF" 48 5000 2.98484848484848
306.271 31.962 0 0 290.876958461759 21.4974113486879 "uLSIF" 48 5000 3.02020202020202
318.059 32.477 0 0 299.553510787012 21.7885798805983 "uLSIF" 48 5000 3.05555555555556
327.47 32.95 0 0 306.947973047808 21.9623278329927 "uLSIF" 48 5000 3.09090909090909
339.094 33.515 0 0 328.661521263989 22.2826455182344 "uLSIF" 48 5000 3.12626262626263
357.183 34.042 0 0 369.168873509358 22.493158474927 "uLSIF" 48 5000 3.16161616161616
372.773 34.45 0 0 380.985050992923 22.575011209989 "uLSIF" 48 5000 3.1969696969697
383.07 34.844 0 0 388.743087769144 22.7246578428383 "uLSIF" 48 5000 3.23232323232323
393.769 35.437 0 0 397.562454898025 23.5131643957146 "uLSIF" 48 5000 3.26767676767677
412.293 35.856 0 0 418.741243944731 23.6315406546783 "uLSIF" 48 5000 3.3030303030303
427.437 36.216 0 0 435.691311538284 23.7370763320337 "uLSIF" 48 5000 3.33838383838384
436.77 36.545 0 0 441.228954274411 23.8000928447647 "uLSIF" 48 5000 3.37373737373737
448.586 36.907 0 0 452.306119159833 23.9091195362146 "uLSIF" 48 5000 3.40909090909091
470.679 37.4 0 0 472.269169147349 24.2837744533609 "uLSIF" 48 5000 3.44444444444444
488.017 37.82 0 0 479.147750989482 24.6229138789033 "uLSIF" 48 5000 3.47979797979798
503.547 38.47 0 0 494.937087427798 25.1763569435482 "uLSIF" 48 5000 3.51515151515152
521.119 39.084 0 0 506.568791754664 25.5592296092472 "uLSIF" 48 5000 3.55050505050505
539.066 39.476 0 0 522.472505652846 25.7158069429432 "uLSIF" 48 5000 3.58585858585859
553.081 39.951 0 0 532.160211712535 26.1681365475337 "uLSIF" 48 5000 3.62121212121212
579.573 40.424 0 0 577.627730000444 26.4590306758261 "uLSIF" 48 5000 3.65656565656566
601.95 40.924 0 0 598.335545429924 26.8237532373406 "uLSIF" 48 5000 3.69191919191919
623.275 41.325 0 0 607.664515615762 27.0730183637385 "uLSIF" 48 5000 3.72727272727273
646.605 41.951 0 0 634.598553653646 27.2725574780106 "uLSIF" 48 5000 3.76262626262626
667.05 42.427 0 0 657.074347542345 27.7848640390712 "uLSIF" 48 5000 3.7979797979798
694.364 42.84 0 0 683.306574956936 27.9016648769012 "uLSIF" 48 5000 3.83333333333333
724.514 43.392 0 0 734.629313349278 27.9410994959225 "uLSIF" 48 5000 3.86868686868687
760.464 43.813 0 0 786.464768146378 27.9705985882567 "uLSIF" 48 5000 3.9040404040404
785.114 44.077 0 0 805.36550124437 28.0004123915005 "uLSIF" 48 5000 3.93939393939394
811.51 44.454 0 0 836.160946845181 28.0691246703519 "uLSIF" 48 5000 3.97474747474747
828.831 45.12 0 0 850.690216402706 28.4729399308942 "uLSIF" 48 5000 4.01010101010101
866.8 45.533 0 0 905.38275880422 28.5759951445002 "uLSIF" 48 5000 4.04545454545454
901.562 45.889 0 0 946.458507205605 28.7662332462068 "uLSIF" 48 5000 4.08080808080808
932.745 46.387 0 0 988.552288754926 28.9552696177853 "uLSIF" 48 5000 4.11616161616162
974.18 46.835 0 0 1033.61495029119 29.3133595489846 "uLSIF" 48 5000 4.15151515151515
1011.262 47.484 0 0 1081.67714073692 29.489546917126 "uLSIF" 48 5000 4.18686868686869
1036.016 48.019 0 0 1104.39917297926 29.9230350570765 "uLSIF" 48 5000 4.22222222222222
1069.92 48.65 0 0 1122.63671452202 30.0052631352537 "uLSIF" 48 5000 4.25757575757576
1102.946 49.315 0 0 1138.51652291785 30.4340928731088 "uLSIF" 48 5000 4.29292929292929
1150.701 49.659 0 0 1173.02583398926 30.5712171546754 "uLSIF" 48 5000 4.32828282828283
1192.069 50.156 0 0 1211.46319932647 30.6748204331926 "uLSIF" 48 5000 4.36363636363636
1236.247 50.51 0 0 1255.90416085474 30.7147406841617 "uLSIF" 48 5000 4.3989898989899
1275.511 50.906 0 0 1288.10439981541 30.7201381977831 "uLSIF" 48 5000 4.43434343434343
1357.06006006006 51.209 1 0 1367.99322707938 30.7240831968716 "uLSIF" 48 5000 4.46969696969697
1419.82682682683 51.947 1 0 1421.28506976613 31.6251219656042 "uLSIF" 48 5000 4.50505050505051
1477.2042042042 52.325 1 0 1466.60902438351 31.6630371714863 "uLSIF" 48 5000 4.54040404040404
1526.56856856857 53.002 1 0 1502.42024888564 32.1683197695621 "uLSIF" 48 5000 4.57575757575758
1582.88276553106 53.585 2 0 1538.78409360891 32.5048510278134 "uLSIF" 48 5000 4.61111111111111
1638.18336673347 54.012 2 0 1590.83560533876 32.4909143533314 "uLSIF" 48 5000 4.64646464646465
1713.08517034068 54.56 2 0 1672.1592290276 32.6438665299015 "uLSIF" 48 5000 4.68181818181818
1763.42168674699 55.103 4 0 1685.25268251118 33.2069132875986 "uLSIF" 48 5000 4.71717171717172
1802.11658291457 55.611 5 0 1717.39720198113 33.5679979964473 "uLSIF" 48 5000 4.75252525252525
1863.08341708543 56.317 5 0 1754.8547051805 33.7928760165433 "uLSIF" 48 5000 4.78787878787879
1907.38407258065 56.988 8 0 1781.57709832718 33.9670961316922 "uLSIF" 48 5000 4.82323232323232
1959.90817356206 57.458 9 0 1817.49994918755 33.9945564151949 "uLSIF" 48 5000 4.85858585858586
2011.80625630676 57.949 9 0 1862.58080234221 34.2507447001158 "uLSIF" 48 5000 4.89393939393939
2058.39595959596 58.594 10 0 1899.11683023119 34.7445873532893 "uLSIF" 48 5000 4.92929292929293
2113.90192113246 58.866 11 0 1963.10449868555 34.8080974436646 "uLSIF" 48 5000 4.96464646464646
2156.75203252033 59.201 16 0 1997.93060424668 34.7450977955282 "uLSIF" 48 5000 5
