124.59 15.085 0 0 "KDE LDA" 63 3000 2.5
125.645 15.11 0 0 "KDE LDA" 63 3000 2.51010101010101
126.12 15.135 0 0 "KDE LDA" 63 3000 2.52020202020202
131.35 15.18 0 0 "KDE LDA" 63 3000 2.53030303030303
133.56 15.245 0 0 "KDE LDA" 63 3000 2.54040404040404
133.595 15.255 0 0 "KDE LDA" 63 3000 2.55050505050505
134.33 15.26 0 0 "KDE LDA" 63 3000 2.56060606060606
138.04 15.395 0 0 "KDE LDA" 63 3000 2.57070707070707
139.92 15.43 0 0 "KDE LDA" 63 3000 2.58080808080808
140.9 15.44 0 0 "KDE LDA" 63 3000 2.59090909090909
140.91 15.445 0 0 "KDE LDA" 63 3000 2.6010101010101
142.545 15.535 0 0 "KDE LDA" 63 3000 2.61111111111111
143.09 15.555 0 0 "KDE LDA" 63 3000 2.62121212121212
144.69 15.56 0 0 "KDE LDA" 63 3000 2.63131313131313
145.035 15.6 0 0 "KDE LDA" 63 3000 2.64141414141414
148.19 15.63 0 0 "KDE LDA" 63 3000 2.65151515151515
152.065 15.835 0 0 "KDE LDA" 63 3000 2.66161616161616
160.745 16.045 0 0 "KDE LDA" 63 3000 2.67171717171717
160.75 16.06 0 0 "KDE LDA" 63 3000 2.68181818181818
161.35 16.065 0 0 "KDE LDA" 63 3000 2.69191919191919
162.485 16.07 0 0 "KDE LDA" 63 3000 2.7020202020202
163.82 16.17 0 0 "KDE LDA" 63 3000 2.71212121212121
166.03 16.25 0 0 "KDE LDA" 63 3000 2.72222222222222
170.95 16.255 0 0 "KDE LDA" 63 3000 2.73232323232323
172.135 16.285 0 0 "KDE LDA" 63 3000 2.74242424242424
174.155 16.29 0 0 "KDE LDA" 63 3000 2.75252525252525
175.915 16.39 0 0 "KDE LDA" 63 3000 2.76262626262626
176.705 16.645 0 0 "KDE LDA" 63 3000 2.77272727272727
186.785 16.79 0 0 "KDE LDA" 63 3000 2.78282828282828
196.805 16.985 0 0 "KDE LDA" 63 3000 2.79292929292929
230.82 17.715 0 0 "KDE LDA" 63 3000 2.8030303030303
232.27 17.74 0 0 "KDE LDA" 63 3000 2.81313131313131
236.925 17.785 0 0 "KDE LDA" 63 3000 2.82323232323232
236.925 17.815 0 0 "KDE LDA" 63 3000 2.83333333333333
238.86 17.82 0 0 "KDE LDA" 63 3000 2.84343434343434
238.9 17.835 0 0 "KDE LDA" 63 3000 2.85353535353535
241.445 17.84 0 0 "KDE LDA" 63 3000 2.86363636363636
241.85 17.84 0 0 "KDE LDA" 63 3000 2.87373737373737
247.45 17.86 0 0 "KDE LDA" 63 3000 2.88383838383838
251.12 17.88 0 0 "KDE LDA" 63 3000 2.89393939393939
253.555 17.9 0 0 "KDE LDA" 63 3000 2.9040404040404
253.56 18.005 0 0 "KDE LDA" 63 3000 2.91414141414141
253.625 18.05 0 0 "KDE LDA" 63 3000 2.92424242424242
256.625 18.105 0 0 "KDE LDA" 63 3000 2.93434343434343
262.46 18.195 0 0 "KDE LDA" 63 3000 2.94444444444444
267.655 18.2 0 0 "KDE LDA" 63 3000 2.95454545454545
274.365 18.27 0 0 "KDE LDA" 63 3000 2.96464646464646
276.965 18.275 0 0 "KDE LDA" 63 3000 2.97474747474747
280.075 18.285 0 0 "KDE LDA" 63 3000 2.98484848484848
285.325 18.31 0 0 "KDE LDA" 63 3000 2.99494949494949
285.335 18.325 0 0 "KDE LDA" 63 3000 3.00505050505051
287.755 18.33 0 0 "KDE LDA" 63 3000 3.01515151515152
295.05 18.33 0 0 "KDE LDA" 63 3000 3.02525252525253
300.85 18.355 0 0 "KDE LDA" 63 3000 3.03535353535354
301.205 18.36 0 0 "KDE LDA" 63 3000 3.04545454545455
302.245 18.375 0 0 "KDE LDA" 63 3000 3.05555555555556
303.025 18.405 0 0 "KDE LDA" 63 3000 3.06565656565657
304.61 18.87 0 0 "KDE LDA" 63 3000 3.07575757575758
308.72 19.07 0 0 "KDE LDA" 63 3000 3.08585858585859
321.07 19.145 0 0 "KDE LDA" 63 3000 3.0959595959596
321.575 19.275 0 0 "KDE LDA" 63 3000 3.10606060606061
324.35 19.28 0 0 "KDE LDA" 63 3000 3.11616161616162
325.755 19.305 0 0 "KDE LDA" 63 3000 3.12626262626263
328.525 19.355 0 0 "KDE LDA" 63 3000 3.13636363636364
329.415 19.39 0 0 "KDE LDA" 63 3000 3.14646464646465
336.925 19.41 0 0 "KDE LDA" 63 3000 3.15656565656566
337.345 19.41 0 0 "KDE LDA" 63 3000 3.16666666666667
342.495 19.45 0 0 "KDE LDA" 63 3000 3.17676767676768
345.09 19.475 0 0 "KDE LDA" 63 3000 3.18686868686869
345.475 19.505 0 0 "KDE LDA" 63 3000 3.1969696969697
356.11 19.535 0 0 "KDE LDA" 63 3000 3.20707070707071
362.225 19.835 0 0 "KDE LDA" 63 3000 3.21717171717172
371.06 20.05 0 0 "KDE LDA" 63 3000 3.22727272727273
372.75 20.06 0 0 "KDE LDA" 63 3000 3.23737373737374
376.43 20.115 0 0 "KDE LDA" 63 3000 3.24747474747475
376.48 20.215 0 0 "KDE LDA" 63 3000 3.25757575757576
381.655 20.225 0 0 "KDE LDA" 63 3000 3.26767676767677
386 20.24 0 0 "KDE LDA" 63 3000 3.27777777777778
387.98 20.295 0 0 "KDE LDA" 63 3000 3.28787878787879
391.51 20.365 0 0 "KDE LDA" 63 3000 3.2979797979798
393.31 20.435 0 0 "KDE LDA" 63 3000 3.30808080808081
406.12 20.455 0 0 "KDE LDA" 63 3000 3.31818181818182
410.72 20.525 0 0 "KDE LDA" 63 3000 3.32828282828283
418.67 20.56 0 0 "KDE LDA" 63 3000 3.33838383838384
433.035 20.6 0 0 "KDE LDA" 63 3000 3.34848484848485
478.92 20.79 0 0 "KDE LDA" 63 3000 3.35858585858586
486.215 20.885 0 0 "KDE LDA" 63 3000 3.36868686868687
508.195 21 0 0 "KDE LDA" 63 3000 3.37878787878788
541.895 21.065 0 0 "KDE LDA" 63 3000 3.38888888888889
547.955 21.15 0 0 "KDE LDA" 63 3000 3.3989898989899
565.02 21.175 0 0 "KDE LDA" 63 3000 3.40909090909091
575.245 21.32 0 0 "KDE LDA" 63 3000 3.41919191919192
575.245 21.41 0 0 "KDE LDA" 63 3000 3.42929292929293
582.11 21.41 0 0 "KDE LDA" 63 3000 3.43939393939394
582.11 21.425 0 0 "KDE LDA" 63 3000 3.44949494949495
587.275 21.46 0 0 "KDE LDA" 63 3000 3.45959595959596
588.525 21.535 0 0 "KDE LDA" 63 3000 3.46969696969697
588.53 21.575 0 0 "KDE LDA" 63 3000 3.47979797979798
595.405 21.58 0 0 "KDE LDA" 63 3000 3.48989898989899
602.285 21.625 0 0 "KDE LDA" 63 3000 3.5
108.39 11.775 0 0 "KDE QDA" 63 3000 2.7
108.4 11.78 0 0 "KDE QDA" 63 3000 2.71010101010101
108.72 11.785 0 0 "KDE QDA" 63 3000 2.72020202020202
109.065 11.79 0 0 "KDE QDA" 63 3000 2.73030303030303
109.065 11.79 0 0 "KDE QDA" 63 3000 2.74040404040404
109.08 11.795 0 0 "KDE QDA" 63 3000 2.75050505050505
109.085 11.795 0 0 "KDE QDA" 63 3000 2.76060606060606
109.085 11.795 0 0 "KDE QDA" 63 3000 2.77070707070707
109.085 11.795 0 0 "KDE QDA" 63 3000 2.78080808080808
109.085 11.795 0 0 "KDE QDA" 63 3000 2.79090909090909
136.76 12.825 0 0 "KDE QDA" 63 3000 2.8010101010101
136.76 12.83 0 0 "KDE QDA" 63 3000 2.81111111111111
136.76 12.83 0 0 "KDE QDA" 63 3000 2.82121212121212
141.825 13.045 0 0 "KDE QDA" 63 3000 2.83131313131313
143.945 13.055 0 0 "KDE QDA" 63 3000 2.84141414141414
143.96 13.095 0 0 "KDE QDA" 63 3000 2.85151515151515
143.965 13.095 0 0 "KDE QDA" 63 3000 2.86161616161616
143.965 13.095 0 0 "KDE QDA" 63 3000 2.87171717171717
143.965 13.095 0 0 "KDE QDA" 63 3000 2.88181818181818
143.965 13.095 0 0 "KDE QDA" 63 3000 2.89191919191919
143.965 13.095 0 0 "KDE QDA" 63 3000 2.9020202020202
143.965 13.095 0 0 "KDE QDA" 63 3000 2.91212121212121
143.965 13.095 0 0 "KDE QDA" 63 3000 2.92222222222222
143.965 13.095 0 0 "KDE QDA" 63 3000 2.93232323232323
143.965 13.095 0 0 "KDE QDA" 63 3000 2.94242424242424
143.965 13.1 0 0 "KDE QDA" 63 3000 2.95252525252525
152.23 13.3 0 0 "KDE QDA" 63 3000 2.96262626262626
153.285 13.31 0 0 "KDE QDA" 63 3000 2.97272727272727
154.72 13.335 0 0 "KDE QDA" 63 3000 2.98282828282828
156.095 13.35 0 0 "KDE QDA" 63 3000 2.99292929292929
156.095 13.35 0 0 "KDE QDA" 63 3000 3.0030303030303
156.11 13.365 0 0 "KDE QDA" 63 3000 3.01313131313131
158.34 13.37 0 0 "KDE QDA" 63 3000 3.02323232323232
158.34 13.375 0 0 "KDE QDA" 63 3000 3.03333333333333
158.805 13.38 0 0 "KDE QDA" 63 3000 3.04343434343434
158.805 13.39 0 0 "KDE QDA" 63 3000 3.05353535353535
158.9 13.39 0 0 "KDE QDA" 63 3000 3.06363636363636
158.9 13.39 0 0 "KDE QDA" 63 3000 3.07373737373737
158.9 13.39 0 0 "KDE QDA" 63 3000 3.08383838383838
177.12 13.64 0 0 "KDE QDA" 63 3000 3.09393939393939
178.005 13.645 0 0 "KDE QDA" 63 3000 3.1040404040404
178.005 13.645 0 0 "KDE QDA" 63 3000 3.11414141414141
178.03 13.65 0 0 "KDE QDA" 63 3000 3.12424242424242
178.035 13.65 0 0 "KDE QDA" 63 3000 3.13434343434343
179.445 13.755 0 0 "KDE QDA" 63 3000 3.14444444444444
179.445 13.755 0 0 "KDE QDA" 63 3000 3.15454545454545
179.45 13.755 0 0 "KDE QDA" 63 3000 3.16464646464646
182.27 13.76 0 0 "KDE QDA" 63 3000 3.17474747474748
182.275 13.765 0 0 "KDE QDA" 63 3000 3.18484848484849
182.275 13.77 0 0 "KDE QDA" 63 3000 3.19494949494949
184.41 13.77 0 0 "KDE QDA" 63 3000 3.20505050505051
184.665 13.845 0 0 "KDE QDA" 63 3000 3.21515151515152
202.015 14.625 0 0 "KDE QDA" 63 3000 3.22525252525253
202.085 14.63 0 0 "KDE QDA" 63 3000 3.23535353535354
202.085 14.63 0 0 "KDE QDA" 63 3000 3.24545454545455
203.84 14.66 0 0 "KDE QDA" 63 3000 3.25555555555556
203.85 14.67 0 0 "KDE QDA" 63 3000 3.26565656565657
203.935 14.7 0 0 "KDE QDA" 63 3000 3.27575757575758
204.085 14.7 0 0 "KDE QDA" 63 3000 3.28585858585859
207.035 14.715 0 0 "KDE QDA" 63 3000 3.2959595959596
207.04 14.715 0 0 "KDE QDA" 63 3000 3.30606060606061
207.04 14.72 0 0 "KDE QDA" 63 3000 3.31616161616162
207.055 14.72 0 0 "KDE QDA" 63 3000 3.32626262626263
207.08 14.72 0 0 "KDE QDA" 63 3000 3.33636363636364
207.08 14.72 0 0 "KDE QDA" 63 3000 3.34646464646465
208.14 14.725 0 0 "KDE QDA" 63 3000 3.35656565656566
243.34 15.58 0 0 "KDE QDA" 63 3000 3.36666666666667
243.34 15.585 0 0 "KDE QDA" 63 3000 3.37676767676768
248.08 16.01 0 0 "KDE QDA" 63 3000 3.38686868686869
248.33 16.175 0 0 "KDE QDA" 63 3000 3.3969696969697
248.335 16.19 0 0 "KDE QDA" 63 3000 3.40707070707071
249.03 16.2 0 0 "KDE QDA" 63 3000 3.41717171717172
250.685 16.2 0 0 "KDE QDA" 63 3000 3.42727272727273
252.22 16.205 0 0 "KDE QDA" 63 3000 3.43737373737374
252.22 16.205 0 0 "KDE QDA" 63 3000 3.44747474747475
252.225 16.205 0 0 "KDE QDA" 63 3000 3.45757575757576
252.23 16.205 0 0 "KDE QDA" 63 3000 3.46767676767677
252.23 16.205 0 0 "KDE QDA" 63 3000 3.47777777777778
252.55 16.205 0 0 "KDE QDA" 63 3000 3.48787878787879
252.55 16.205 0 0 "KDE QDA" 63 3000 3.4979797979798
252.55 16.21 0 0 "KDE QDA" 63 3000 3.50808080808081
272.615 16.595 0 0 "KDE QDA" 63 3000 3.51818181818182
274.365 16.605 0 0 "KDE QDA" 63 3000 3.52828282828283
274.365 16.61 0 0 "KDE QDA" 63 3000 3.53838383838384
276.595 16.645 0 0 "KDE QDA" 63 3000 3.54848484848485
276.6 16.68 0 0 "KDE QDA" 63 3000 3.55858585858586
276.615 16.7 0 0 "KDE QDA" 63 3000 3.56868686868687
277.63 16.705 0 0 "KDE QDA" 63 3000 3.57878787878788
278.175 16.73 0 0 "KDE QDA" 63 3000 3.58888888888889
281.625 16.73 0 0 "KDE QDA" 63 3000 3.5989898989899
281.625 16.765 0 0 "KDE QDA" 63 3000 3.60909090909091
281.625 16.765 0 0 "KDE QDA" 63 3000 3.61919191919192
281.63 16.765 0 0 "KDE QDA" 63 3000 3.62929292929293
281.63 16.765 0 0 "KDE QDA" 63 3000 3.63939393939394
285.175 16.77 0 0 "KDE QDA" 63 3000 3.64949494949495
297.72 17.16 0 0 "KDE QDA" 63 3000 3.65959595959596
297.725 17.16 0 0 "KDE QDA" 63 3000 3.66969696969697
302.045 17.19 0 0 "KDE QDA" 63 3000 3.67979797979798
303.23 17.195 0 0 "KDE QDA" 63 3000 3.68989898989899
303.235 17.195 0 0 "KDE QDA" 63 3000 3.7
