128.39 14.74 0 0 "KDE LDA" 198 3000 2.5
129.2 14.74 0 0 "KDE LDA" 198 3000 2.51010101010101
131.765 14.775 0 0 "KDE LDA" 198 3000 2.52020202020202
134.615 14.8 0 0 "KDE LDA" 198 3000 2.53030303030303
137.72 14.875 0 0 "KDE LDA" 198 3000 2.54040404040404
138.17 14.885 0 0 "KDE LDA" 198 3000 2.55050505050505
143.11 14.96 0 0 "KDE LDA" 198 3000 2.56060606060606
143.18 14.96 0 0 "KDE LDA" 198 3000 2.57070707070707
144.68 14.97 0 0 "KDE LDA" 198 3000 2.58080808080808
147.48 15.005 0 0 "KDE LDA" 198 3000 2.59090909090909
147.49 15.01 0 0 "KDE LDA" 198 3000 2.6010101010101
147.5 15.03 0 0 "KDE LDA" 198 3000 2.61111111111111
147.505 15.045 0 0 "KDE LDA" 198 3000 2.62121212121212
155.24 15.05 0 0 "KDE LDA" 198 3000 2.63131313131313
157.47 15.09 0 0 "KDE LDA" 198 3000 2.64141414141414
158.04 15.125 0 0 "KDE LDA" 198 3000 2.65151515151515
163.265 15.35 0 0 "KDE LDA" 198 3000 2.66161616161616
176.875 15.665 0 0 "KDE LDA" 198 3000 2.67171717171717
177.285 15.945 0 0 "KDE LDA" 198 3000 2.68181818181818
179.295 15.95 0 0 "KDE LDA" 198 3000 2.69191919191919
180.07 15.955 0 0 "KDE LDA" 198 3000 2.7020202020202
180.91 15.96 0 0 "KDE LDA" 198 3000 2.71212121212121
181.085 16.07 0 0 "KDE LDA" 198 3000 2.72222222222222
182.34 16.085 0 0 "KDE LDA" 198 3000 2.73232323232323
187.58 16.165 0 0 "KDE LDA" 198 3000 2.74242424242424
189.165 16.26 0 0 "KDE LDA" 198 3000 2.75252525252525
189.855 16.29 0 0 "KDE LDA" 198 3000 2.76262626262626
191.875 16.385 0 0 "KDE LDA" 198 3000 2.77272727272727
199.75 16.555 0 0 "KDE LDA" 198 3000 2.78282828282828
210.745 16.875 0 0 "KDE LDA" 198 3000 2.79292929292929
241.22 17.48 0 0 "KDE LDA" 198 3000 2.8030303030303
242.27 17.675 0 0 "KDE LDA" 198 3000 2.81313131313131
243.675 17.775 0 0 "KDE LDA" 198 3000 2.82323232323232
246.47 17.835 0 0 "KDE LDA" 198 3000 2.83333333333333
249.485 17.865 0 0 "KDE LDA" 198 3000 2.84343434343434
250.445 17.88 0 0 "KDE LDA" 198 3000 2.85353535353535
251.905 17.9 0 0 "KDE LDA" 198 3000 2.86363636363636
252.205 17.945 0 0 "KDE LDA" 198 3000 2.87373737373737
253.675 17.945 0 0 "KDE LDA" 198 3000 2.88383838383838
254.955 17.96 0 0 "KDE LDA" 198 3000 2.89393939393939
258.2 18.02 0 0 "KDE LDA" 198 3000 2.9040404040404
259.915 18.135 0 0 "KDE LDA" 198 3000 2.91414141414141
261.205 18.19 0 0 "KDE LDA" 198 3000 2.92424242424242
261.23 18.24 0 0 "KDE LDA" 198 3000 2.93434343434343
261.52 18.335 0 0 "KDE LDA" 198 3000 2.94444444444444
267.965 18.36 0 0 "KDE LDA" 198 3000 2.95454545454545
273.405 18.91 0 0 "KDE LDA" 198 3000 2.96464646464646
276.145 18.97 0 0 "KDE LDA" 198 3000 2.97474747474747
279.59 18.985 0 0 "KDE LDA" 198 3000 2.98484848484848
279.595 18.985 0 0 "KDE LDA" 198 3000 2.99494949494949
288.1 18.995 0 0 "KDE LDA" 198 3000 3.00505050505051
290.22 19.015 0 0 "KDE LDA" 198 3000 3.01515151515152
291.275 19.115 0 0 "KDE LDA" 198 3000 3.02525252525253
296.28 19.135 0 0 "KDE LDA" 198 3000 3.03535353535354
296.29 19.19 0 0 "KDE LDA" 198 3000 3.04545454545455
296.335 19.19 0 0 "KDE LDA" 198 3000 3.05555555555556
298.17 19.21 0 0 "KDE LDA" 198 3000 3.06565656565657
300.71 19.225 0 0 "KDE LDA" 198 3000 3.07575757575758
306.61 19.23 0 0 "KDE LDA" 198 3000 3.08585858585859
314.505 19.26 0 0 "KDE LDA" 198 3000 3.0959595959596
314.52 19.265 0 0 "KDE LDA" 198 3000 3.10606060606061
316.72 19.425 0 0 "KDE LDA" 198 3000 3.11616161616162
318.39 19.435 0 0 "KDE LDA" 198 3000 3.12626262626263
321.275 19.455 0 0 "KDE LDA" 198 3000 3.13636363636364
321.395 19.46 0 0 "KDE LDA" 198 3000 3.14646464646465
324.625 19.525 0 0 "KDE LDA" 198 3000 3.15656565656566
327.905 19.555 0 0 "KDE LDA" 198 3000 3.16666666666667
327.95 19.615 0 0 "KDE LDA" 198 3000 3.17676767676768
335.145 19.655 0 0 "KDE LDA" 198 3000 3.18686868686869
343.155 19.71 0 0 "KDE LDA" 198 3000 3.1969696969697
343.2 19.76 0 0 "KDE LDA" 198 3000 3.20707070707071
350.085 19.935 0 0 "KDE LDA" 198 3000 3.21717171717172
366.45 20.355 0 0 "KDE LDA" 198 3000 3.22727272727273
368.715 20.37 0 0 "KDE LDA" 198 3000 3.23737373737374
371.09 20.375 0 0 "KDE LDA" 198 3000 3.24747474747475
375.77 20.38 0 0 "KDE LDA" 198 3000 3.25757575757576
375.99 20.405 0 0 "KDE LDA" 198 3000 3.26767676767677
376.01 20.425 0 0 "KDE LDA" 198 3000 3.27777777777778
376.04 20.52 0 0 "KDE LDA" 198 3000 3.28787878787879
378.81 20.54 0 0 "KDE LDA" 198 3000 3.2979797979798
388.53 20.575 0 0 "KDE LDA" 198 3000 3.30808080808081
389.32 20.65 0 0 "KDE LDA" 198 3000 3.31818181818182
397.315 20.805 0 0 "KDE LDA" 198 3000 3.32828282828283
413.67 20.925 0 0 "KDE LDA" 198 3000 3.33838383838384
419.655 21.015 0 0 "KDE LDA" 198 3000 3.34848484848485
462.495 21.41 0 0 "KDE LDA" 198 3000 3.35858585858586
462.5 21.49 0 0 "KDE LDA" 198 3000 3.36868686868687
468.315 21.495 0 0 "KDE LDA" 198 3000 3.37878787878788
472.725 21.525 0 0 "KDE LDA" 198 3000 3.38888888888889
473.03 21.55 0 0 "KDE LDA" 198 3000 3.3989898989899
473.04 21.72 0 0 "KDE LDA" 198 3000 3.40909090909091
479.78 21.84 0 0 "KDE LDA" 198 3000 3.41919191919192
479.815 21.85 0 0 "KDE LDA" 198 3000 3.42929292929293
479.865 21.875 0 0 "KDE LDA" 198 3000 3.43939393939394
481.975 21.99 0 0 "KDE LDA" 198 3000 3.44949494949495
482.045 22.015 0 0 "KDE LDA" 198 3000 3.45959595959596
490.35 22.075 0 0 "KDE LDA" 198 3000 3.46969696969697
490.665 22.16 0 0 "KDE LDA" 198 3000 3.47979797979798
496.245 22.165 0 0 "KDE LDA" 198 3000 3.48989898989899
505.43216080402 22.25 1 0 "KDE LDA" 198 3000 3.5
96.01 11.81 0 0 "KDE QDA" 198 3000 2.7
96.015 11.81 0 0 "KDE QDA" 198 3000 2.71010101010101
96.03 11.815 0 0 "KDE QDA" 198 3000 2.72020202020202
96.76 11.815 0 0 "KDE QDA" 198 3000 2.73030303030303
96.765 11.82 0 0 "KDE QDA" 198 3000 2.74040404040404
96.765 11.82 0 0 "KDE QDA" 198 3000 2.75050505050505
96.765 11.82 0 0 "KDE QDA" 198 3000 2.76060606060606
96.795 11.82 0 0 "KDE QDA" 198 3000 2.77070707070707
96.8 11.82 0 0 "KDE QDA" 198 3000 2.78080808080808
96.805 11.82 0 0 "KDE QDA" 198 3000 2.79090909090909
134.4 13.23 0 0 "KDE QDA" 198 3000 2.8010101010101
134.445 13.23 0 0 "KDE QDA" 198 3000 2.81111111111111
134.445 13.26 0 0 "KDE QDA" 198 3000 2.82121212121212
141.395 13.335 0 0 "KDE QDA" 198 3000 2.83131313131313
141.4 13.335 0 0 "KDE QDA" 198 3000 2.84141414141414
141.785 13.345 0 0 "KDE QDA" 198 3000 2.85151515151515
141.8 13.35 0 0 "KDE QDA" 198 3000 2.86161616161616
141.86 13.35 0 0 "KDE QDA" 198 3000 2.87171717171717
142.325 13.37 0 0 "KDE QDA" 198 3000 2.88181818181818
142.325 13.375 0 0 "KDE QDA" 198 3000 2.89191919191919
142.325 13.375 0 0 "KDE QDA" 198 3000 2.9020202020202
142.325 13.375 0 0 "KDE QDA" 198 3000 2.91212121212121
142.325 13.375 0 0 "KDE QDA" 198 3000 2.92222222222222
142.325 13.375 0 0 "KDE QDA" 198 3000 2.93232323232323
142.325 13.375 0 0 "KDE QDA" 198 3000 2.94242424242424
142.385 13.375 0 0 "KDE QDA" 198 3000 2.95252525252525
149.35 13.56 0 0 "KDE QDA" 198 3000 2.96262626262626
149.355 13.56 0 0 "KDE QDA" 198 3000 2.97272727272727
149.655 13.585 0 0 "KDE QDA" 198 3000 2.98282828282828
149.675 13.6 0 0 "KDE QDA" 198 3000 2.99292929292929
149.695 13.605 0 0 "KDE QDA" 198 3000 3.0030303030303
149.72 13.605 0 0 "KDE QDA" 198 3000 3.01313131313131
149.72 13.605 0 0 "KDE QDA" 198 3000 3.02323232323232
150.17 13.605 0 0 "KDE QDA" 198 3000 3.03333333333333
150.17 13.605 0 0 "KDE QDA" 198 3000 3.04343434343434
150.17 13.605 0 0 "KDE QDA" 198 3000 3.05353535353535
150.19 13.605 0 0 "KDE QDA" 198 3000 3.06363636363636
150.195 13.605 0 0 "KDE QDA" 198 3000 3.07373737373737
150.195 13.605 0 0 "KDE QDA" 198 3000 3.08383838383838
163.47 14.475 0 0 "KDE QDA" 198 3000 3.09393939393939
163.485 14.525 0 0 "KDE QDA" 198 3000 3.1040404040404
163.485 14.535 0 0 "KDE QDA" 198 3000 3.11414141414141
165.3 14.57 0 0 "KDE QDA" 198 3000 3.12424242424242
165.3 14.57 0 0 "KDE QDA" 198 3000 3.13434343434343
170.265 14.575 0 0 "KDE QDA" 198 3000 3.14444444444444
170.29 14.575 0 0 "KDE QDA" 198 3000 3.15454545454545
170.29 14.575 0 0 "KDE QDA" 198 3000 3.16464646464646
170.29 14.575 0 0 "KDE QDA" 198 3000 3.17474747474748
170.29 14.59 0 0 "KDE QDA" 198 3000 3.18484848484849
170.295 14.59 0 0 "KDE QDA" 198 3000 3.19494949494949
170.295 14.59 0 0 "KDE QDA" 198 3000 3.20505050505051
170.295 14.595 0 0 "KDE QDA" 198 3000 3.21515151515152
192.605 15.3 0 0 "KDE QDA" 198 3000 3.22525252525253
192.605 15.3 0 0 "KDE QDA" 198 3000 3.23535353535354
192.605 15.305 0 0 "KDE QDA" 198 3000 3.24545454545455
195.18 15.355 0 0 "KDE QDA" 198 3000 3.25555555555556
196.98 15.36 0 0 "KDE QDA" 198 3000 3.26565656565657
197.425 15.39 0 0 "KDE QDA" 198 3000 3.27575757575758
197.45 15.39 0 0 "KDE QDA" 198 3000 3.28585858585859
197.45 15.395 0 0 "KDE QDA" 198 3000 3.2959595959596
197.455 15.4 0 0 "KDE QDA" 198 3000 3.30606060606061
197.455 15.4 0 0 "KDE QDA" 198 3000 3.31616161616162
197.465 15.4 0 0 "KDE QDA" 198 3000 3.32626262626263
197.47 15.4 0 0 "KDE QDA" 198 3000 3.33636363636364
197.48 15.4 0 0 "KDE QDA" 198 3000 3.34646464646465
198.81 15.4 0 0 "KDE QDA" 198 3000 3.35656565656566
238.31 16.225 0 0 "KDE QDA" 198 3000 3.36666666666667
240.71 16.23 0 0 "KDE QDA" 198 3000 3.37676767676768
254.58 16.4 0 0 "KDE QDA" 198 3000 3.38686868686869
254.585 16.4 0 0 "KDE QDA" 198 3000 3.3969696969697
257.46 16.4 0 0 "KDE QDA" 198 3000 3.40707070707071
260.96 16.455 0 0 "KDE QDA" 198 3000 3.41717171717172
260.96 16.455 0 0 "KDE QDA" 198 3000 3.42727272727273
261.19 16.46 0 0 "KDE QDA" 198 3000 3.43737373737374
261.195 16.46 0 0 "KDE QDA" 198 3000 3.44747474747475
261.2 16.465 0 0 "KDE QDA" 198 3000 3.45757575757576
261.2 16.465 0 0 "KDE QDA" 198 3000 3.46767676767677
261.2 16.465 0 0 "KDE QDA" 198 3000 3.47777777777778
261.205 16.465 0 0 "KDE QDA" 198 3000 3.48787878787879
261.21 16.465 0 0 "KDE QDA" 198 3000 3.4979797979798
261.21 16.465 0 0 "KDE QDA" 198 3000 3.50808080808081
271.245 16.805 0 0 "KDE QDA" 198 3000 3.51818181818182
274.19 16.815 0 0 "KDE QDA" 198 3000 3.52828282828283
274.985 16.815 0 0 "KDE QDA" 198 3000 3.53838383838384
275.125 16.855 0 0 "KDE QDA" 198 3000 3.54848484848485
275.23 16.87 0 0 "KDE QDA" 198 3000 3.55858585858586
275.235 16.895 0 0 "KDE QDA" 198 3000 3.56868686868687
275.235 16.895 0 0 "KDE QDA" 198 3000 3.57878787878788
275.235 16.895 0 0 "KDE QDA" 198 3000 3.58888888888889
275.235 16.895 0 0 "KDE QDA" 198 3000 3.5989898989899
275.235 16.9 0 0 "KDE QDA" 198 3000 3.60909090909091
275.235 16.955 0 0 "KDE QDA" 198 3000 3.61919191919192
276.835 16.955 0 0 "KDE QDA" 198 3000 3.62929292929293
276.85 16.955 0 0 "KDE QDA" 198 3000 3.63939393939394
276.85 16.96 0 0 "KDE QDA" 198 3000 3.64949494949495
306.44 17.41 0 0 "KDE QDA" 198 3000 3.65959595959596
309.55 17.42 0 0 "KDE QDA" 198 3000 3.66969696969697
326.475 17.485 0 0 "KDE QDA" 198 3000 3.67979797979798
330.515 17.505 0 0 "KDE QDA" 198 3000 3.68989898989899
330.515 17.505 0 0 "KDE QDA" 198 3000 3.7
