33.73 0 28.2166134976768 "LDA" 8 2 1 1.5
34.838 0 29.60226427235 "LDA" 8 2 1 1.53535353535354
36.933 0 31.3753234552558 "LDA" 8 2 1 1.57070707070707
39.21 0 34.465922297246 "LDA" 8 2 1 1.60606060606061
40.595 0 35.243852004344 "LDA" 8 2 1 1.64141414141414
42.404 0 36.9756403863676 "LDA" 8 2 1 1.67676767676768
45.235 0 39.9477358131421 "LDA" 8 2 1 1.71212121212121
46.731 0 40.8504026221823 "LDA" 8 2 1 1.74747474747475
48.77 0 42.0221484572238 "LDA" 8 2 1 1.78282828282828
50.326 0 43.0780854431281 "LDA" 8 2 1 1.81818181818182
52.263 0 44.2016019236024 "LDA" 8 2 1 1.85353535353535
53.978 0 45.9756378452249 "LDA" 8 2 1 1.88888888888889
56.314 0 48.1186118337261 "LDA" 8 2 1 1.92424242424242
57.587 0 49.5912868024891 "LDA" 8 2 1 1.95959595959596
58.874 0 50.4104685490954 "LDA" 8 2 1 1.99494949494949
60.649 0 52.0852442796582 "LDA" 8 2 1 2.03030303030303
63.139 0 53.8373861098693 "LDA" 8 2 1 2.06565656565657
65.387 0 55.3391692624189 "LDA" 8 2 1 2.1010101010101
68.106 0 57.8710447617962 "LDA" 8 2 1 2.13636363636364
70.524 0 59.1513508409259 "LDA" 8 2 1 2.17171717171717
72.794 0 61.8330889968704 "LDA" 8 2 1 2.20707070707071
75.884 0 64.4307990938485 "LDA" 8 2 1 2.24242424242424
78.63 0 66.6212089764625 "LDA" 8 2 1 2.27777777777778
82.022 0 71.9315623747021 "LDA" 8 2 1 2.31313131313131
84.751 0 73.4534438090374 "LDA" 8 2 1 2.34848484848485
87.42 0 76.1242306923262 "LDA" 8 2 1 2.38383838383838
89.741 0 79.0221134456262 "LDA" 8 2 1 2.41919191919192
92.139 0 80.2142755936187 "LDA" 8 2 1 2.45454545454545
95.848 0 84.6721812301672 "LDA" 8 2 1 2.48989898989899
99.1 0 87.6875995515621 "LDA" 8 2 1 2.52525252525253
100.96 0 89.2055156592014 "LDA" 8 2 1 2.56060606060606
104.634 0 91.3344514738334 "LDA" 8 2 1 2.5959595959596
108.604 0 95.5724608832444 "LDA" 8 2 1 2.63131313131313
111.517 0 97.1377550412529 "LDA" 8 2 1 2.66666666666667
114.689 0 102.400156596907 "LDA" 8 2 1 2.7020202020202
118.606 0 105.415716272467 "LDA" 8 2 1 2.73737373737374
121.352 0 107.892701008599 "LDA" 8 2 1 2.77272727272727
125.587 0 111.074785793352 "LDA" 8 2 1 2.80808080808081
128.258 0 113.492360764731 "LDA" 8 2 1 2.84343434343434
133.727 0 122.726134849816 "LDA" 8 2 1 2.87878787878788
137.325 0 124.582527591879 "LDA" 8 2 1 2.91414141414141
142.45 0 129.302175358934 "LDA" 8 2 1 2.94949494949495
146.247 0 132.202357976151 "LDA" 8 2 1 2.98484848484848
150.319 0 134.515209476775 "LDA" 8 2 1 3.02020202020202
155.233 0 144.057103817063 "LDA" 8 2 1 3.05555555555556
162.347 0 160.966620278379 "LDA" 8 2 1 3.09090909090909
169.639 0 167.471356757908 "LDA" 8 2 1 3.12626262626263
174.926 0 171.94017549121 "LDA" 8 2 1 3.16161616161616
182.059 0 180.512177332071 "LDA" 8 2 1 3.1969696969697
187.296 0 184.034265817524 "LDA" 8 2 1 3.23232323232323
194.662 0 191.447637629598 "LDA" 8 2 1 3.26767676767677
197.959 0 192.613112560205 "LDA" 8 2 1 3.3030303030303
203.435 0 196.063654795405 "LDA" 8 2 1 3.33838383838384
206.904 0 199.046186017638 "LDA" 8 2 1 3.37373737373737
213.128 0 203.450656882168 "LDA" 8 2 1 3.40909090909091
218.543 0 208.530302445563 "LDA" 8 2 1 3.44444444444444
222.511 0 211.66168417441 "LDA" 8 2 1 3.47979797979798
228.695 0 216.020732643725 "LDA" 8 2 1 3.51515151515152
233.23 0 218.043151499688 "LDA" 8 2 1 3.55050505050505
241.182 0 222.034344474287 "LDA" 8 2 1 3.58585858585859
246.759 0 228.639114684613 "LDA" 8 2 1 3.62121212121212
251.662 0 232.950964599651 "LDA" 8 2 1 3.65656565656566
257.904 0 237.703853367811 "LDA" 8 2 1 3.69191919191919
263.954 0 243.285588890427 "LDA" 8 2 1 3.72727272727273
273.391 0 252.421660746089 "LDA" 8 2 1 3.76262626262626
278.616 0 258.313511869616 "LDA" 8 2 1 3.7979797979798
282.56 0 259.610088012384 "LDA" 8 2 1 3.83333333333333
289.777 0 266.195246351583 "LDA" 8 2 1 3.86868686868687
301.51 0 281.336777336846 "LDA" 8 2 1 3.9040404040404
306.902 0 283.695991885349 "LDA" 8 2 1 3.93939393939394
313.895 0 290.971645480231 "LDA" 8 2 1 3.97474747474747
320.906 0 297.511364784904 "LDA" 8 2 1 4.01010101010101
328.351 0 302.031075503117 "LDA" 8 2 1 4.04545454545454
338.9 0 310.899743728828 "LDA" 8 2 1 4.08080808080808
348.671 0 319.387271174022 "LDA" 8 2 1 4.11616161616162
357.808 0 324.717219143686 "LDA" 8 2 1 4.15151515151515
364.362 0 327.446349907993 "LDA" 8 2 1 4.18686868686869
370.213 0 329.29635546225 "LDA" 8 2 1 4.22222222222222
381.746 0 340.453926927507 "LDA" 8 2 1 4.25757575757576
388.013 0 342.672612489458 "LDA" 8 2 1 4.29292929292929
397.924924924925 1 351.294219460871 "LDA" 8 2 1 4.32828282828283
405.312625250501 2 356.269006898933 "LDA" 8 2 1 4.36363636363636
410.914744232698 3 358.593850969411 "LDA" 8 2 1 4.3989898989899
415.222668004012 3 361.051210320084 "LDA" 8 2 1 4.43434343434343
422.937688442211 5 366.979237424801 "LDA" 8 2 1 4.46969696969697
428.091641490433 7 368.562886726816 "LDA" 8 2 1 4.50505050505051
437.193548387097 8 374.15300490363 "LDA" 8 2 1 4.54040404040404
443.84561049445 9 377.932784064993 "LDA" 8 2 1 4.57575757575758
451.978787878788 10 383.208326357653 "LDA" 8 2 1 4.61111111111111
460.47975708502 12 391.192115359829 "LDA" 8 2 1 4.64646464646465
470.617021276596 13 400.723305511627 "LDA" 8 2 1 4.68181818181818
478.418274111675 15 404.576763283922 "LDA" 8 2 1 4.71717171717172
485.992893401015 15 407.55513486837 "LDA" 8 2 1 4.75252525252525
493.443654822335 15 411.83751818527 "LDA" 8 2 1 4.78787878787879
499.623217922607 18 414.69048747011 "LDA" 8 2 1 4.82323232323232
509.80549898167 18 420.740461609018 "LDA" 8 2 1 4.85858585858586
517.037832310838 22 425.762361097277 "LDA" 8 2 1 4.89393939393939
525.350769230769 25 431.531278577917 "LDA" 8 2 1 4.92929292929293
533.837948717949 25 437.815428556876 "LDA" 8 2 1 4.96464646464646
543.941297631308 29 440.494421900819 "LDA" 8 2 1 5
21.075 0 16.8885937721173 "uLSIF" 8 2 1 1.5
21.892 0 17.7971648044028 "uLSIF" 8 2 1 1.53535353535354
22.671 0 18.2112165273879 "uLSIF" 8 2 1 1.57070707070707
23.543 0 19.0412899174852 "uLSIF" 8 2 1 1.60606060606061
24.525 0 19.9726383154875 "uLSIF" 8 2 1 1.64141414141414
25.623 0 20.9538525081889 "uLSIF" 8 2 1 1.67676767676768
26.752 0 21.6844809186827 "uLSIF" 8 2 1 1.71212121212121
27.667 0 22.210119324317 "uLSIF" 8 2 1 1.74747474747475
28.515 0 22.6964072465644 "uLSIF" 8 2 1 1.78282828282828
29.629 0 23.916340655509 "uLSIF" 8 2 1 1.81818181818182
30.395 0 24.2587192666979 "uLSIF" 8 2 1 1.85353535353535
31.285 0 24.8694645150487 "uLSIF" 8 2 1 1.88888888888889
31.909 0 25.3191978700112 "uLSIF" 8 2 1 1.92424242424242
32.78 0 25.8957562197011 "uLSIF" 8 2 1 1.95959595959596
33.289 0 26.3554185526826 "uLSIF" 8 2 1 1.99494949494949
34.236 0 27.2230674134896 "uLSIF" 8 2 1 2.03030303030303
35.345 0 27.8581056256352 "uLSIF" 8 2 1 2.06565656565657
36.611 0 28.6135005095743 "uLSIF" 8 2 1 2.1010101010101
37.193 0 28.8694855894281 "uLSIF" 8 2 1 2.13636363636364
38.098 0 29.3041828265374 "uLSIF" 8 2 1 2.17171717171717
39.254 0 30.7634502920897 "uLSIF" 8 2 1 2.20707070707071
40.468 0 32.0099298907638 "uLSIF" 8 2 1 2.24242424242424
41.696 0 33.2133212538088 "uLSIF" 8 2 1 2.27777777777778
43.025 0 34.5405765213383 "uLSIF" 8 2 1 2.31313131313131
44.407 0 36.0529217146706 "uLSIF" 8 2 1 2.34848484848485
45.864 0 37.3299749669221 "uLSIF" 8 2 1 2.38383838383838
47.618 0 39.0624109336322 "uLSIF" 8 2 1 2.41919191919192
49.374 0 41.9281062068166 "uLSIF" 8 2 1 2.45454545454545
50.944 0 42.933158748456 "uLSIF" 8 2 1 2.48989898989899
52.361 0 43.7205920496186 "uLSIF" 8 2 1 2.52525252525253
53.705 0 44.9845260348776 "uLSIF" 8 2 1 2.56060606060606
55.223 0 45.6117496123828 "uLSIF" 8 2 1 2.5959595959596
56.422 0 46.2752343409875 "uLSIF" 8 2 1 2.63131313131313
57.4 0 46.7049392607608 "uLSIF" 8 2 1 2.66666666666667
58.188 0 46.910715953514 "uLSIF" 8 2 1 2.7020202020202
59.905 0 47.712183217994 "uLSIF" 8 2 1 2.73737373737374
61.892 0 49.7402495814851 "uLSIF" 8 2 1 2.77272727272727
63.209 0 50.622959247786 "uLSIF" 8 2 1 2.80808080808081
64.6 0 51.2947673077201 "uLSIF" 8 2 1 2.84343434343434
65.834 0 52.9436065022914 "uLSIF" 8 2 1 2.87878787878788
67.58 0 54.3696391164927 "uLSIF" 8 2 1 2.91414141414141
69.065 0 56.047266401414 "uLSIF" 8 2 1 2.94949494949495
70.555 0 58.1024170397916 "uLSIF" 8 2 1 2.98484848484848
71.495 0 58.4965282629561 "uLSIF" 8 2 1 3.02020202020202
73.129 0 59.0226908657767 "uLSIF" 8 2 1 3.05555555555556
75.089 0 60.7227661864422 "uLSIF" 8 2 1 3.09090909090909
76.334 0 61.5016658221458 "uLSIF" 8 2 1 3.12626262626263
78.26 0 63.3327042801066 "uLSIF" 8 2 1 3.16161616161616
79.777 0 63.5070107264656 "uLSIF" 8 2 1 3.1969696969697
81.787 0 64.9930282778447 "uLSIF" 8 2 1 3.23232323232323
83.836 0 66.3309648723799 "uLSIF" 8 2 1 3.26767676767677
85.742 0 67.2774084346721 "uLSIF" 8 2 1 3.3030303030303
87.441 0 67.9595395659654 "uLSIF" 8 2 1 3.33838383838384
89.691 0 69.5398972987185 "uLSIF" 8 2 1 3.37373737373737
92.31 0 71.6389561624124 "uLSIF" 8 2 1 3.40909090909091
94.24 0 72.8519169397882 "uLSIF" 8 2 1 3.44444444444444
96.181 0 74.3525422533725 "uLSIF" 8 2 1 3.47979797979798
97.773 0 75.6002835568351 "uLSIF" 8 2 1 3.51515151515152
99.687 0 76.3048980634171 "uLSIF" 8 2 1 3.55050505050505
101.609 0 77.6926010586546 "uLSIF" 8 2 1 3.58585858585859
102.888 0 78.0062974280823 "uLSIF" 8 2 1 3.62121212121212
105.646 0 80.6063028556704 "uLSIF" 8 2 1 3.65656565656566
107.664 0 82.5207172337515 "uLSIF" 8 2 1 3.69191919191919
109.526 0 83.8245302753071 "uLSIF" 8 2 1 3.72727272727273
111.812 0 85.3085588098065 "uLSIF" 8 2 1 3.76262626262626
114.559 0 89.8657129575311 "uLSIF" 8 2 1 3.7979797979798
116.551 0 91.5948307057337 "uLSIF" 8 2 1 3.83333333333333
117.942 0 91.8962216391488 "uLSIF" 8 2 1 3.86868686868687
120.002 0 93.6918254393314 "uLSIF" 8 2 1 3.9040404040404
122.046 0 96.1317804017132 "uLSIF" 8 2 1 3.93939393939394
123.257 0 96.574010429776 "uLSIF" 8 2 1 3.97474747474747
125.626 0 99.1448426486412 "uLSIF" 8 2 1 4.01010101010101
128.441 0 101.357031165908 "uLSIF" 8 2 1 4.04545454545454
130.242 0 102.61327848247 "uLSIF" 8 2 1 4.08080808080808
132.578 0 105.168190363171 "uLSIF" 8 2 1 4.11616161616162
134.659 0 107.073551657094 "uLSIF" 8 2 1 4.15151515151515
136.622 0 108.081611529209 "uLSIF" 8 2 1 4.18686868686869
139.972 0 110.856070128272 "uLSIF" 8 2 1 4.22222222222222
142.605 0 112.71265731105 "uLSIF" 8 2 1 4.25757575757576
144.976 0 115.463636159941 "uLSIF" 8 2 1 4.29292929292929
147.861 0 117.52270105926 "uLSIF" 8 2 1 4.32828282828283
149.779 0 117.864575752077 "uLSIF" 8 2 1 4.36363636363636
152.576 0 120.777470669912 "uLSIF" 8 2 1 4.3989898989899
155.52 0 122.621872941673 "uLSIF" 8 2 1 4.43434343434343
158.321 0 124.486026242827 "uLSIF" 8 2 1 4.46969696969697
161.793 0 128.155835095672 "uLSIF" 8 2 1 4.50505050505051
165.364 0 130.01970861615 "uLSIF" 8 2 1 4.54040404040404
167.286 0 130.59959593528 "uLSIF" 8 2 1 4.57575757575758
170.231 0 135.411239721239 "uLSIF" 8 2 1 4.61111111111111
172.439 0 137.349529202587 "uLSIF" 8 2 1 4.64646464646465
176.065 0 143.038906958575 "uLSIF" 8 2 1 4.68181818181818
179.405 0 147.046474424383 "uLSIF" 8 2 1 4.71717171717172
181.834 0 149.139817383317 "uLSIF" 8 2 1 4.75252525252525
184.19 0 150.526376725443 "uLSIF" 8 2 1 4.78787878787879
186.142 0 151.779276532683 "uLSIF" 8 2 1 4.82323232323232
187.858 0 152.270141630039 "uLSIF" 8 2 1 4.85858585858586
190.049 0 155.084189086782 "uLSIF" 8 2 1 4.89393939393939
192.609 0 156.526913959848 "uLSIF" 8 2 1 4.92929292929293
194.768 0 157.764380567274 "uLSIF" 8 2 1 4.96464646464646
198.726 0 160.277927170081 "uLSIF" 8 2 1 5
