157.98 15.105 0 0 "KDE LDA" 93 3000 2.5
158.395 15.195 0 0 "KDE LDA" 93 3000 2.51010101010101
159.555 15.2 0 0 "KDE LDA" 93 3000 2.52020202020202
165.575 15.54 0 0 "KDE LDA" 93 3000 2.53030303030303
167.22 15.59 0 0 "KDE LDA" 93 3000 2.54040404040404
167.595 15.615 0 0 "KDE LDA" 93 3000 2.55050505050505
169.46 15.76 0 0 "KDE LDA" 93 3000 2.56060606060606
171.76 15.8 0 0 "KDE LDA" 93 3000 2.57070707070707
171.765 16.325 0 0 "KDE LDA" 93 3000 2.58080808080808
175.885 16.35 0 0 "KDE LDA" 93 3000 2.59090909090909
177.14 16.37 0 0 "KDE LDA" 93 3000 2.6010101010101
178.685 16.51 0 0 "KDE LDA" 93 3000 2.61111111111111
179.08 16.605 0 0 "KDE LDA" 93 3000 2.62121212121212
179.325 16.645 0 0 "KDE LDA" 93 3000 2.63131313131313
179.37 16.69 0 0 "KDE LDA" 93 3000 2.64141414141414
184.54 16.72 0 0 "KDE LDA" 93 3000 2.65151515151515
195.31 16.805 0 0 "KDE LDA" 93 3000 2.66161616161616
202.25 16.935 0 0 "KDE LDA" 93 3000 2.67171717171717
205.48 16.945 0 0 "KDE LDA" 93 3000 2.68181818181818
207.42 16.985 0 0 "KDE LDA" 93 3000 2.69191919191919
207.52 17.005 0 0 "KDE LDA" 93 3000 2.7020202020202
212.5 17.225 0 0 "KDE LDA" 93 3000 2.71212121212121
213.59 17.24 0 0 "KDE LDA" 93 3000 2.72222222222222
216.505 17.37 0 0 "KDE LDA" 93 3000 2.73232323232323
217.92 17.39 0 0 "KDE LDA" 93 3000 2.74242424242424
218.63 17.475 0 0 "KDE LDA" 93 3000 2.75252525252525
222.625 17.505 0 0 "KDE LDA" 93 3000 2.76262626262626
225.745 17.56 0 0 "KDE LDA" 93 3000 2.77272727272727
228.59 17.6 0 0 "KDE LDA" 93 3000 2.78282828282828
236.92 17.705 0 0 "KDE LDA" 93 3000 2.79292929292929
263.405 18.15 0 0 "KDE LDA" 93 3000 2.8030303030303
266.425 18.17 0 0 "KDE LDA" 93 3000 2.81313131313131
266.44 18.25 0 0 "KDE LDA" 93 3000 2.82323232323232
266.44 18.305 0 0 "KDE LDA" 93 3000 2.83333333333333
266.46 18.305 0 0 "KDE LDA" 93 3000 2.84343434343434
266.46 18.33 0 0 "KDE LDA" 93 3000 2.85353535353535
266.465 18.37 0 0 "KDE LDA" 93 3000 2.86363636363636
266.475 18.42 0 0 "KDE LDA" 93 3000 2.87373737373737
266.475 18.43 0 0 "KDE LDA" 93 3000 2.88383838383838
267.735 18.45 0 0 "KDE LDA" 93 3000 2.89393939393939
273.87 18.46 0 0 "KDE LDA" 93 3000 2.9040404040404
274.72 18.475 0 0 "KDE LDA" 93 3000 2.91414141414141
283.25 18.495 0 0 "KDE LDA" 93 3000 2.92424242424242
283.42 18.65 0 0 "KDE LDA" 93 3000 2.93434343434343
286.4 18.77 0 0 "KDE LDA" 93 3000 2.94444444444444
292.185 19.32 0 0 "KDE LDA" 93 3000 2.95454545454545
301.375 19.335 0 0 "KDE LDA" 93 3000 2.96464646464646
302.38 19.37 0 0 "KDE LDA" 93 3000 2.97474747474747
302.395 19.44 0 0 "KDE LDA" 93 3000 2.98484848484848
302.66 19.455 0 0 "KDE LDA" 93 3000 2.99494949494949
302.66 19.53 0 0 "KDE LDA" 93 3000 3.00505050505051
303.285 19.545 0 0 "KDE LDA" 93 3000 3.01515151515152
305.785 19.57 0 0 "KDE LDA" 93 3000 3.02525252525253
306.58 19.6 0 0 "KDE LDA" 93 3000 3.03535353535354
314.38 19.735 0 0 "KDE LDA" 93 3000 3.04545454545455
325.005 19.815 0 0 "KDE LDA" 93 3000 3.05555555555556
334.535 19.845 0 0 "KDE LDA" 93 3000 3.06565656565657
335.75 19.87 0 0 "KDE LDA" 93 3000 3.07575757575758
336.115 19.97 0 0 "KDE LDA" 93 3000 3.08585858585859
341.44 20.01 0 0 "KDE LDA" 93 3000 3.0959595959596
341.44 20.025 0 0 "KDE LDA" 93 3000 3.10606060606061
344.105 20.05 0 0 "KDE LDA" 93 3000 3.11616161616162
348.1 20.06 0 0 "KDE LDA" 93 3000 3.12626262626263
348.405 20.115 0 0 "KDE LDA" 93 3000 3.13636363636364
349.005 20.265 0 0 "KDE LDA" 93 3000 3.14646464646465
349.615 20.295 0 0 "KDE LDA" 93 3000 3.15656565656566
350.29 20.32 0 0 "KDE LDA" 93 3000 3.16666666666667
350.295 20.365 0 0 "KDE LDA" 93 3000 3.17676767676768
355.09 20.385 0 0 "KDE LDA" 93 3000 3.18686868686869
359.245 20.49 0 0 "KDE LDA" 93 3000 3.1969696969697
360.245 20.56 0 0 "KDE LDA" 93 3000 3.20707070707071
363.43 20.65 0 0 "KDE LDA" 93 3000 3.21717171717172
381.305 20.825 0 0 "KDE LDA" 93 3000 3.22727272727273
386.88 20.865 0 0 "KDE LDA" 93 3000 3.23737373737374
388.41 20.875 0 0 "KDE LDA" 93 3000 3.24747474747475
393.435 20.92 0 0 "KDE LDA" 93 3000 3.25757575757576
397.145 20.92 0 0 "KDE LDA" 93 3000 3.26767676767677
398.69 21 0 0 "KDE LDA" 93 3000 3.27777777777778
404.69 21.015 0 0 "KDE LDA" 93 3000 3.28787878787879
415.86 21.045 0 0 "KDE LDA" 93 3000 3.2979797979798
419.63 21.255 0 0 "KDE LDA" 93 3000 3.30808080808081
422.215 21.315 0 0 "KDE LDA" 93 3000 3.31818181818182
422.225 21.34 0 0 "KDE LDA" 93 3000 3.32828282828283
429.745 21.35 0 0 "KDE LDA" 93 3000 3.33838383838384
453.105 21.39 0 0 "KDE LDA" 93 3000 3.34848484848485
543.06 21.7 0 0 "KDE LDA" 93 3000 3.35858585858586
547.88 21.815 0 0 "KDE LDA" 93 3000 3.36868686868687
549.69 21.845 0 0 "KDE LDA" 93 3000 3.37878787878788
550.87 21.865 0 0 "KDE LDA" 93 3000 3.38888888888889
553.02 21.865 0 0 "KDE LDA" 93 3000 3.3989898989899
553.02 21.925 0 0 "KDE LDA" 93 3000 3.40909090909091
553.03 21.935 0 0 "KDE LDA" 93 3000 3.41919191919192
559.16 21.95 0 0 "KDE LDA" 93 3000 3.42929292929293
567.795 21.96 0 0 "KDE LDA" 93 3000 3.43939393939394
567.825 21.975 0 0 "KDE LDA" 93 3000 3.44949494949495
574.995 21.99 0 0 "KDE LDA" 93 3000 3.45959595959596
579.49 22.03 0 0 "KDE LDA" 93 3000 3.46969696969697
584.325 22.03 0 0 "KDE LDA" 93 3000 3.47979797979798
584.49 22.07 0 0 "KDE LDA" 93 3000 3.48989898989899
592.26 22.1 0 0 "KDE LDA" 93 3000 3.5
109.685 12.275 0 0 "KDE QDA" 93 3000 2.7
109.69 12.285 0 0 "KDE QDA" 93 3000 2.71010101010101
110.295 12.29 0 0 "KDE QDA" 93 3000 2.72020202020202
110.295 12.305 0 0 "KDE QDA" 93 3000 2.73030303030303
112.36 12.305 0 0 "KDE QDA" 93 3000 2.74040404040404
112.365 12.305 0 0 "KDE QDA" 93 3000 2.75050505050505
112.37 12.305 0 0 "KDE QDA" 93 3000 2.76060606060606
112.48 12.305 0 0 "KDE QDA" 93 3000 2.77070707070707
112.48 12.305 0 0 "KDE QDA" 93 3000 2.78080808080808
112.48 12.305 0 0 "KDE QDA" 93 3000 2.79090909090909
144.685 13.55 0 0 "KDE QDA" 93 3000 2.8010101010101
144.685 13.55 0 0 "KDE QDA" 93 3000 2.81111111111111
144.72 13.55 0 0 "KDE QDA" 93 3000 2.82121212121212
151.135 13.705 0 0 "KDE QDA" 93 3000 2.83131313131313
151.96 13.71 0 0 "KDE QDA" 93 3000 2.84141414141414
152.715 13.76 0 0 "KDE QDA" 93 3000 2.85151515151515
154.725 13.76 0 0 "KDE QDA" 93 3000 2.86161616161616
154.725 13.785 0 0 "KDE QDA" 93 3000 2.87171717171717
154.725 13.785 0 0 "KDE QDA" 93 3000 2.88181818181818
154.725 13.785 0 0 "KDE QDA" 93 3000 2.89191919191919
154.725 13.785 0 0 "KDE QDA" 93 3000 2.9020202020202
154.725 13.79 0 0 "KDE QDA" 93 3000 2.91212121212121
154.725 13.79 0 0 "KDE QDA" 93 3000 2.92222222222222
154.75 13.79 0 0 "KDE QDA" 93 3000 2.93232323232323
154.75 13.79 0 0 "KDE QDA" 93 3000 2.94242424242424
154.75 13.79 0 0 "KDE QDA" 93 3000 2.95252525252525
163.01 13.96 0 0 "KDE QDA" 93 3000 2.96262626262626
163.085 14.125 0 0 "KDE QDA" 93 3000 2.97272727272727
163.86 14.13 0 0 "KDE QDA" 93 3000 2.98282828282828
168.59 14.135 0 0 "KDE QDA" 93 3000 2.99292929292929
168.59 14.135 0 0 "KDE QDA" 93 3000 3.0030303030303
169.105 14.135 0 0 "KDE QDA" 93 3000 3.01313131313131
169.105 14.135 0 0 "KDE QDA" 93 3000 3.02323232323232
169.105 14.135 0 0 "KDE QDA" 93 3000 3.03333333333333
169.105 14.135 0 0 "KDE QDA" 93 3000 3.04343434343434
169.105 14.135 0 0 "KDE QDA" 93 3000 3.05353535353535
169.105 14.135 0 0 "KDE QDA" 93 3000 3.06363636363636
169.11 14.15 0 0 "KDE QDA" 93 3000 3.07373737373737
169.125 14.15 0 0 "KDE QDA" 93 3000 3.08383838383838
191.48 14.665 0 0 "KDE QDA" 93 3000 3.09393939393939
192.18 14.76 0 0 "KDE QDA" 93 3000 3.1040404040404
192.31 14.765 0 0 "KDE QDA" 93 3000 3.11414141414141
196.72 14.87 0 0 "KDE QDA" 93 3000 3.12424242424242
196.72 14.885 0 0 "KDE QDA" 93 3000 3.13434343434343
196.73 14.885 0 0 "KDE QDA" 93 3000 3.14444444444444
196.75 14.9 0 0 "KDE QDA" 93 3000 3.15454545454545
196.76 14.985 0 0 "KDE QDA" 93 3000 3.16464646464646
196.76 14.985 0 0 "KDE QDA" 93 3000 3.17474747474748
199.88 14.985 0 0 "KDE QDA" 93 3000 3.18484848484849
200.275 14.985 0 0 "KDE QDA" 93 3000 3.19494949494949
200.28 14.985 0 0 "KDE QDA" 93 3000 3.20505050505051
200.32 14.985 0 0 "KDE QDA" 93 3000 3.21515151515152
225.52 15.48 0 0 "KDE QDA" 93 3000 3.22525252525253
226.535 15.49 0 0 "KDE QDA" 93 3000 3.23535353535354
228.46 15.49 0 0 "KDE QDA" 93 3000 3.24545454545455
232.07 15.595 0 0 "KDE QDA" 93 3000 3.25555555555556
233.325 15.645 0 0 "KDE QDA" 93 3000 3.26565656565657
233.33 15.665 0 0 "KDE QDA" 93 3000 3.27575757575758
233.33 15.68 0 0 "KDE QDA" 93 3000 3.28585858585859
233.33 15.68 0 0 "KDE QDA" 93 3000 3.2959595959596
234.525 15.68 0 0 "KDE QDA" 93 3000 3.30606060606061
234.525 15.68 0 0 "KDE QDA" 93 3000 3.31616161616162
238.845 15.68 0 0 "KDE QDA" 93 3000 3.32626262626263
238.845 15.68 0 0 "KDE QDA" 93 3000 3.33636363636364
238.85 15.68 0 0 "KDE QDA" 93 3000 3.34646464646465
239.24 15.68 0 0 "KDE QDA" 93 3000 3.35656565656566
263.75 16.235 0 0 "KDE QDA" 93 3000 3.36666666666667
263.755 16.235 0 0 "KDE QDA" 93 3000 3.37676767676768
265.305 16.52 0 0 "KDE QDA" 93 3000 3.38686868686869
265.35 16.56 0 0 "KDE QDA" 93 3000 3.3969696969697
265.355 16.565 0 0 "KDE QDA" 93 3000 3.40707070707071
267.365 16.695 0 0 "KDE QDA" 93 3000 3.41717171717172
267.365 16.695 0 0 "KDE QDA" 93 3000 3.42727272727273
267.365 16.695 0 0 "KDE QDA" 93 3000 3.43737373737374
267.365 16.695 0 0 "KDE QDA" 93 3000 3.44747474747475
267.365 16.695 0 0 "KDE QDA" 93 3000 3.45757575757576
267.46 16.7 0 0 "KDE QDA" 93 3000 3.46767676767677
267.46 16.705 0 0 "KDE QDA" 93 3000 3.47777777777778
267.46 16.705 0 0 "KDE QDA" 93 3000 3.48787878787879
267.46 16.705 0 0 "KDE QDA" 93 3000 3.4979797979798
267.46 16.71 0 0 "KDE QDA" 93 3000 3.50808080808081
277.975 16.955 0 0 "KDE QDA" 93 3000 3.51818181818182
279.27 17.005 0 0 "KDE QDA" 93 3000 3.52828282828283
279.275 17.005 0 0 "KDE QDA" 93 3000 3.53838383838384
281.12 17.115 0 0 "KDE QDA" 93 3000 3.54848484848485
281.12 17.15 0 0 "KDE QDA" 93 3000 3.55858585858586
281.125 17.165 0 0 "KDE QDA" 93 3000 3.56868686868687
281.205 17.165 0 0 "KDE QDA" 93 3000 3.57878787878788
281.33 17.17 0 0 "KDE QDA" 93 3000 3.58888888888889
281.33 17.175 0 0 "KDE QDA" 93 3000 3.5989898989899
281.33 17.18 0 0 "KDE QDA" 93 3000 3.60909090909091
283.335 17.18 0 0 "KDE QDA" 93 3000 3.61919191919192
284.35 17.18 0 0 "KDE QDA" 93 3000 3.62929292929293
284.495 17.18 0 0 "KDE QDA" 93 3000 3.63939393939394
289.125 17.18 0 0 "KDE QDA" 93 3000 3.64949494949495
313.09 17.575 0 0 "KDE QDA" 93 3000 3.65959595959596
313.11 17.575 0 0 "KDE QDA" 93 3000 3.66969696969697
326.75 17.64 0 0 "KDE QDA" 93 3000 3.67979797979798
329.025 17.65 0 0 "KDE QDA" 93 3000 3.68989898989899
329.03 17.66 0 0 "KDE QDA" 93 3000 3.7
