117.885 15.01 0 0 "KDE LDA" 80 600 2.3
117.885 15.015 0 0 "KDE LDA" 80 600 2.31010101010101
117.89 15.08 0 0 "KDE LDA" 80 600 2.32020202020202
117.895 15.095 0 0 "KDE LDA" 80 600 2.33030303030303
118.245 15.105 0 0 "KDE LDA" 80 600 2.34040404040404
118.3 15.15 0 0 "KDE LDA" 80 600 2.35050505050505
118.31 15.16 0 0 "KDE LDA" 80 600 2.36060606060606
118.315 15.16 0 0 "KDE LDA" 80 600 2.37070707070707
119.195 15.195 0 0 "KDE LDA" 80 600 2.38080808080808
119.385 15.375 0 0 "KDE LDA" 80 600 2.39090909090909
122.25 15.625 0 0 "KDE LDA" 80 600 2.4010101010101
123.225 15.665 0 0 "KDE LDA" 80 600 2.41111111111111
123.225 15.755 0 0 "KDE LDA" 80 600 2.42121212121212
123.24 15.815 0 0 "KDE LDA" 80 600 2.43131313131313
124.865 15.84 0 0 "KDE LDA" 80 600 2.44141414141414
124.895 15.87 0 0 "KDE LDA" 80 600 2.45151515151515
124.94 16.03 0 0 "KDE LDA" 80 600 2.46161616161616
125.005 16.035 0 0 "KDE LDA" 80 600 2.47171717171717
125.5 16.1 0 0 "KDE LDA" 80 600 2.48181818181818
125.5 16.105 0 0 "KDE LDA" 80 600 2.49191919191919
126.4 16.11 0 0 "KDE LDA" 80 600 2.5020202020202
127.965 16.155 0 0 "KDE LDA" 80 600 2.51212121212121
128.71 16.295 0 0 "KDE LDA" 80 600 2.52222222222222
140.63 16.64 0 0 "KDE LDA" 80 600 2.53232323232323
140.635 16.705 0 0 "KDE LDA" 80 600 2.54242424242424
141.275 16.705 0 0 "KDE LDA" 80 600 2.55252525252525
141.725 16.72 0 0 "KDE LDA" 80 600 2.56262626262626
141.725 16.725 0 0 "KDE LDA" 80 600 2.57272727272727
142.105 16.75 0 0 "KDE LDA" 80 600 2.58282828282828
142.94 16.935 0 0 "KDE LDA" 80 600 2.59292929292929
142.94 16.945 0 0 "KDE LDA" 80 600 2.6030303030303
142.945 16.95 0 0 "KDE LDA" 80 600 2.61313131313131
143.225 17.045 0 0 "KDE LDA" 80 600 2.62323232323232
144.285 17.14 0 0 "KDE LDA" 80 600 2.63333333333333
145.74 17.15 0 0 "KDE LDA" 80 600 2.64343434343434
148.485 17.195 0 0 "KDE LDA" 80 600 2.65353535353535
157.585 17.28 0 0 "KDE LDA" 80 600 2.66363636363636
166.215 17.68 0 0 "KDE LDA" 80 600 2.67373737373737
166.23 17.69 0 0 "KDE LDA" 80 600 2.68383838383838
166.385 17.775 0 0 "KDE LDA" 80 600 2.69393939393939
167.99 17.805 0 0 "KDE LDA" 80 600 2.7040404040404
168.735 17.81 0 0 "KDE LDA" 80 600 2.71414141414141
171.28 17.81 0 0 "KDE LDA" 80 600 2.72424242424242
171.675 17.925 0 0 "KDE LDA" 80 600 2.73434343434343
174.7 17.93 0 0 "KDE LDA" 80 600 2.74444444444444
178.01 18.02 0 0 "KDE LDA" 80 600 2.75454545454545
182.39 18.11 0 0 "KDE LDA" 80 600 2.76464646464646
190.985 18.15 0 0 "KDE LDA" 80 600 2.77474747474747
194.73 18.31 0 0 "KDE LDA" 80 600 2.78484848484848
203.45 18.615 0 0 "KDE LDA" 80 600 2.79494949494949
263.84 19.32 0 0 "KDE LDA" 80 600 2.80505050505051
263.96 19.41 0 0 "KDE LDA" 80 600 2.81515151515151
268.09 19.575 0 0 "KDE LDA" 80 600 2.82525252525252
268.58 19.575 0 0 "KDE LDA" 80 600 2.83535353535354
268.58 19.59 0 0 "KDE LDA" 80 600 2.84545454545455
269.73 19.67 0 0 "KDE LDA" 80 600 2.85555555555556
270.7 19.82 0 0 "KDE LDA" 80 600 2.86565656565657
276.18 19.82 0 0 "KDE LDA" 80 600 2.87575757575758
276.63 19.855 0 0 "KDE LDA" 80 600 2.88585858585859
276.845 20.14 0 0 "KDE LDA" 80 600 2.8959595959596
278.84 20.155 0 0 "KDE LDA" 80 600 2.90606060606061
279.745 20.165 0 0 "KDE LDA" 80 600 2.91616161616162
279.78 20.21 0 0 "KDE LDA" 80 600 2.92626262626263
279.785 20.255 0 0 "KDE LDA" 80 600 2.93636363636364
279.81 20.285 0 0 "KDE LDA" 80 600 2.94646464646465
289.41 20.31 0 0 "KDE LDA" 80 600 2.95656565656566
293.185 20.51 0 0 "KDE LDA" 80 600 2.96666666666667
293.19 20.515 0 0 "KDE LDA" 80 600 2.97676767676768
293.405 20.555 0 0 "KDE LDA" 80 600 2.98686868686869
297.895 20.62 0 0 "KDE LDA" 80 600 2.9969696969697
298.26 20.62 0 0 "KDE LDA" 80 600 3.00707070707071
299.535 20.66 0 0 "KDE LDA" 80 600 3.01717171717172
299.555 20.675 0 0 "KDE LDA" 80 600 3.02727272727273
304.135 20.685 0 0 "KDE LDA" 80 600 3.03737373737374
308.745 20.685 0 0 "KDE LDA" 80 600 3.04747474747475
309.27 20.69 0 0 "KDE LDA" 80 600 3.05757575757576
310.065 20.7 0 0 "KDE LDA" 80 600 3.06767676767677
311.825 20.905 0 0 "KDE LDA" 80 600 3.07777777777778
314.35 20.98 0 0 "KDE LDA" 80 600 3.08787878787879
329.525 21.09 0 0 "KDE LDA" 80 600 3.0979797979798
329.53 21.095 0 0 "KDE LDA" 80 600 3.10808080808081
329.54 21.125 0 0 "KDE LDA" 80 600 3.11818181818182
330.87 21.13 0 0 "KDE LDA" 80 600 3.12828282828283
331.565 21.14 0 0 "KDE LDA" 80 600 3.13838383838384
338.67 21.315 0 0 "KDE LDA" 80 600 3.14848484848485
343.145 21.345 0 0 "KDE LDA" 80 600 3.15858585858586
343.145 21.345 0 0 "KDE LDA" 80 600 3.16868686868687
344.67 21.37 0 0 "KDE LDA" 80 600 3.17878787878788
345.03 21.77 0 0 "KDE LDA" 80 600 3.18888888888889
345.04 21.86 0 0 "KDE LDA" 80 600 3.1989898989899
351.015 22.01 0 0 "KDE LDA" 80 600 3.20909090909091
359.63 22.25 0 0 "KDE LDA" 80 600 3.21919191919192
390.39 23.135 0 0 "KDE LDA" 80 600 3.22929292929293
396.655 23.145 0 0 "KDE LDA" 80 600 3.23939393939394
406.18 23.155 0 0 "KDE LDA" 80 600 3.24949494949495
408.91 23.18 0 0 "KDE LDA" 80 600 3.25959595959596
408.91 23.185 0 0 "KDE LDA" 80 600 3.26969696969697
408.92 23.225 0 0 "KDE LDA" 80 600 3.27979797979798
412.17 23.285 0 0 "KDE LDA" 80 600 3.28989898989899
413.035 23.29 0 0 "KDE LDA" 80 600 3.3
459.14 22.82 0 0 "KDE QDA" 80 600 4.5
461.73 22.905 0 0 "KDE QDA" 80 600 4.51010101010101
465.63 22.915 0 0 "KDE QDA" 80 600 4.52020202020202
472.635 22.915 0 0 "KDE QDA" 80 600 4.53030303030303
472.81 22.99 0 0 "KDE QDA" 80 600 4.54040404040404
474.165 23.005 0 0 "KDE QDA" 80 600 4.55050505050505
474.22 23.07 0 0 "KDE QDA" 80 600 4.56060606060606
476.62 23.1 0 0 "KDE QDA" 80 600 4.57070707070707
480.355 23.105 0 0 "KDE QDA" 80 600 4.58080808080808
482.14 23.11 0 0 "KDE QDA" 80 600 4.59090909090909
484.855 23.115 0 0 "KDE QDA" 80 600 4.6010101010101
487.115 23.13 0 0 "KDE QDA" 80 600 4.61111111111111
487.115 23.14 0 0 "KDE QDA" 80 600 4.62121212121212
491.705 23.2 0 0 "KDE QDA" 80 600 4.63131313131313
513.05 23.54 0 0 "KDE QDA" 80 600 4.64141414141414
513.05 23.55 0 0 "KDE QDA" 80 600 4.65151515151515
519.16 23.66 0 0 "KDE QDA" 80 600 4.66161616161616
523.27 23.995 0 0 "KDE QDA" 80 600 4.67171717171717
523.37 24.01 0 0 "KDE QDA" 80 600 4.68181818181818
531.995 24.075 0 0 "KDE QDA" 80 600 4.69191919191919
533.43 24.095 0 0 "KDE QDA" 80 600 4.7020202020202
533.88 24.12 0 0 "KDE QDA" 80 600 4.71212121212121
537.215 24.125 0 0 "KDE QDA" 80 600 4.72222222222222
542.475 24.125 0 0 "KDE QDA" 80 600 4.73232323232323
552.685 24.14 0 0 "KDE QDA" 80 600 4.74242424242424
554.055 24.145 0 0 "KDE QDA" 80 600 4.75252525252525
566.055 24.305 0 0 "KDE QDA" 80 600 4.76262626262626
585.26 24.575 0 0 "KDE QDA" 80 600 4.77272727272727
585.315 24.585 0 0 "KDE QDA" 80 600 4.78282828282828
593.665 24.62 0 0 "KDE QDA" 80 600 4.79292929292929
595.427135678392 24.66 1 0 "KDE QDA" 80 600 4.8030303030303
599.844221105528 24.765 1 0 "KDE QDA" 80 600 4.81313131313131
604.251256281407 24.82 1 0 "KDE QDA" 80 600 4.82323232323232
612.51256281407 24.825 1 0 "KDE QDA" 80 600 4.83333333333333
612.532663316583 24.825 1 0 "KDE QDA" 80 600 4.84343434343434
618.266331658292 24.845 1 0 "KDE QDA" 80 600 4.85353535353535
626.025125628141 24.855 1 0 "KDE QDA" 80 600 4.86363636363636
627.331658291457 24.88 1 0 "KDE QDA" 80 600 4.87373737373737
629.51256281407 24.89 1 0 "KDE QDA" 80 600 4.88383838383838
629.592964824121 25.015 1 0 "KDE QDA" 80 600 4.89393939393939
651.301507537688 25.21 1 0 "KDE QDA" 80 600 4.9040404040404
651.301507537688 25.21 1 0 "KDE QDA" 80 600 4.91414141414141
651.321608040201 25.22 1 0 "KDE QDA" 80 600 4.92424242424242
651.381909547739 25.465 1 0 "KDE QDA" 80 600 4.93434343434343
654.130653266332 25.48 1 0 "KDE QDA" 80 600 4.94444444444444
658.356783919598 25.49 1 0 "KDE QDA" 80 600 4.95454545454546
660.145728643216 25.59 1 0 "KDE QDA" 80 600 4.96464646464646
660.201005025126 25.615 1 0 "KDE QDA" 80 600 4.97474747474747
660.211055276382 25.675 1 0 "KDE QDA" 80 600 4.98484848484848
660.226130653266 25.715 1 0 "KDE QDA" 80 600 4.99494949494949
660.236180904523 25.79 1 0 "KDE QDA" 80 600 5.00505050505051
668.954773869347 25.79 1 0 "KDE QDA" 80 600 5.01515151515152
671.447236180904 25.955 1 0 "KDE QDA" 80 600 5.02525252525253
673.095477386935 26.115 1 0 "KDE QDA" 80 600 5.03535353535354
683.99494949495 26.24 2 0 "KDE QDA" 80 600 5.04545454545455
684.5 26.275 2 0 "KDE QDA" 80 600 5.05555555555556
703.217171717172 26.425 2 0 "KDE QDA" 80 600 5.06565656565657
710.434343434343 26.445 2 0 "KDE QDA" 80 600 5.07575757575758
714.313131313131 26.485 2 0 "KDE QDA" 80 600 5.08585858585859
743.464646464646 26.495 2 0 "KDE QDA" 80 600 5.0959595959596
745.646464646465 26.54 2 0 "KDE QDA" 80 600 5.10606060606061
749.580808080808 26.63 2 0 "KDE QDA" 80 600 5.11616161616162
753.29797979798 26.68 2 0 "KDE QDA" 80 600 5.12626262626263
754.292929292929 26.71 2 0 "KDE QDA" 80 600 5.13636363636364
755.59595959596 26.72 2 0 "KDE QDA" 80 600 5.14646464646465
761.5 26.735 2 0 "KDE QDA" 80 600 5.15656565656566
761.50505050505 26.735 2 0 "KDE QDA" 80 600 5.16666666666667
769.606060606061 26.735 2 0 "KDE QDA" 80 600 5.17676767676768
772.681818181818 26.76 2 0 "KDE QDA" 80 600 5.18686868686869
800.808080808081 26.875 2 0 "KDE QDA" 80 600 5.1969696969697
800.808080808081 26.94 2 0 "KDE QDA" 80 600 5.20707070707071
803.828282828283 26.945 2 0 "KDE QDA" 80 600 5.21717171717172
803.604060913706 26.995 3 0 "KDE QDA" 80 600 5.22727272727273
803.61421319797 27.06 3 0 "KDE QDA" 80 600 5.23737373737374
803.634517766497 27.13 3 0 "KDE QDA" 80 600 5.24747474747475
803.639593908629 27.15 3 0 "KDE QDA" 80 600 5.25757575757576
820.177664974619 27.23 3 0 "KDE QDA" 80 600 5.26767676767677
828.934010152284 27.295 3 0 "KDE QDA" 80 600 5.27777777777778
828.934010152284 27.3 3 0 "KDE QDA" 80 600 5.28787878787879
833.335025380711 27.32 3 0 "KDE QDA" 80 600 5.2979797979798
849.192893401015 27.335 3 0 "KDE QDA" 80 600 5.30808080808081
852.994923857868 27.345 3 0 "KDE QDA" 80 600 5.31818181818182
861.142131979695 27.4 3 0 "KDE QDA" 80 600 5.32828282828283
879.416243654822 28.27 3 0 "KDE QDA" 80 600 5.33838383838384
869.622448979592 28.29 4 0 "KDE QDA" 80 600 5.34848484848485
874.887755102041 28.37 4 0 "KDE QDA" 80 600 5.35858585858586
874.90306122449 28.39 4 0 "KDE QDA" 80 600 5.36868686868687
874.913265306122 28.395 4 0 "KDE QDA" 80 600 5.37878787878788
874.989795918367 28.47 4 0 "KDE QDA" 80 600 5.38888888888889
882.188775510204 28.48 4 0 "KDE QDA" 80 600 5.3989898989899
882.668367346939 28.525 4 0 "KDE QDA" 80 600 5.40909090909091
887.505102040816 28.535 4 0 "KDE QDA" 80 600 5.41919191919192
893.209183673469 28.565 4 0 "KDE QDA" 80 600 5.42929292929293
895.2 28.59 5 0 "KDE QDA" 80 600 5.43939393939394
895.241025641026 28.615 5 0 "KDE QDA" 80 600 5.44949494949495
909.682051282051 28.665 5 0 "KDE QDA" 80 600 5.45959595959596
943.774358974359 28.945 5 0 "KDE QDA" 80 600 5.46969696969697
946.779487179487 28.96 5 0 "KDE QDA" 80 600 5.47979797979798
963.11282051282 29.065 5 0 "KDE QDA" 80 600 5.48989898989899
963.251282051282 29.075 5 0 "KDE QDA" 80 600 5.5
