37.853 0 31.8493292044082 "LDA" 5 2 3 1.5
40.04 0 34.9429450591877 "LDA" 5 2 3 1.53535353535354
42.163 0 37.1771242778347 "LDA" 5 2 3 1.57070707070707
43.823 0 38.6843657199023 "LDA" 5 2 3 1.60606060606061
45.837 0 40.3088232553647 "LDA" 5 2 3 1.64141414141414
47.625 0 41.5788067670559 "LDA" 5 2 3 1.67676767676768
49.57 0 43.4683171355252 "LDA" 5 2 3 1.71212121212121
51.626 0 45.0896795642107 "LDA" 5 2 3 1.74747474747475
53.478 0 46.0210327073551 "LDA" 5 2 3 1.78282828282828
54.534 0 46.4017021450934 "LDA" 5 2 3 1.81818181818182
57.383 0 49.2739102287329 "LDA" 5 2 3 1.85353535353535
60.016 0 52.5113243327873 "LDA" 5 2 3 1.88888888888889
62.222 0 54.2513771984447 "LDA" 5 2 3 1.92424242424242
64.256 0 55.4224874587574 "LDA" 5 2 3 1.95959595959596
66.561 0 56.4809736050945 "LDA" 5 2 3 1.99494949494949
69.953 0 60.8270887493864 "LDA" 5 2 3 2.03030303030303
72 0 63.8067653411713 "LDA" 5 2 3 2.06565656565657
73.754 0 64.9472218468629 "LDA" 5 2 3 2.1010101010101
76.834 0 66.3517218691045 "LDA" 5 2 3 2.13636363636364
79.37 0 70.0500686089037 "LDA" 5 2 3 2.17171717171717
81.313 0 70.8381046335097 "LDA" 5 2 3 2.20707070707071
84.336 0 73.6127974468295 "LDA" 5 2 3 2.24242424242424
88.567 0 77.6109848924492 "LDA" 5 2 3 2.27777777777778
93.241 0 80.5168297865662 "LDA" 5 2 3 2.31313131313131
96.027 0 84.7814848370278 "LDA" 5 2 3 2.34848484848485
100.821 0 90.359813273683 "LDA" 5 2 3 2.38383838383838
104.504 0 96.2478656160002 "LDA" 5 2 3 2.41919191919192
108.457 0 101.437851854171 "LDA" 5 2 3 2.45454545454545
112.762 0 104.781623124213 "LDA" 5 2 3 2.48989898989899
116.742 0 110.166428997577 "LDA" 5 2 3 2.52525252525253
120.9 0 112.871262604446 "LDA" 5 2 3 2.56060606060606
125.887 0 117.046692217931 "LDA" 5 2 3 2.5959595959596
128.965 0 118.416291924689 "LDA" 5 2 3 2.63131313131313
133.853 0 122.450142623145 "LDA" 5 2 3 2.66666666666667
136.916 0 123.678572652393 "LDA" 5 2 3 2.7020202020202
140.632 0 126.557391523962 "LDA" 5 2 3 2.73737373737374
144.575 0 129.237381108082 "LDA" 5 2 3 2.77272727272727
147.083 0 132.45269278813 "LDA" 5 2 3 2.80808080808081
151.208 0 136.524604755713 "LDA" 5 2 3 2.84343434343434
155.48 0 141.007037358369 "LDA" 5 2 3 2.87878787878788
160.573 0 143.382932514077 "LDA" 5 2 3 2.91414141414141
163.037 0 145.033756144635 "LDA" 5 2 3 2.94949494949495
168.224 0 152.731328425712 "LDA" 5 2 3 2.98484848484848
175.853 0 162.860249452872 "LDA" 5 2 3 3.02020202020202
181.134 0 166.80256934814 "LDA" 5 2 3 3.05555555555556
186.105 0 170.062392057128 "LDA" 5 2 3 3.09090909090909
190.267 0 173.721088897485 "LDA" 5 2 3 3.12626262626263
195.242 0 177.918538782338 "LDA" 5 2 3 3.16161616161616
199.478 0 179.48422243223 "LDA" 5 2 3 3.1969696969697
205.617 0 185.438841332863 "LDA" 5 2 3 3.23232323232323
210.098 0 189.111219787324 "LDA" 5 2 3 3.26767676767677
218.949 0 197.822764729556 "LDA" 5 2 3 3.3030303030303
224.382 0 202.430645511598 "LDA" 5 2 3 3.33838383838384
231.07 0 206.470305581909 "LDA" 5 2 3 3.37373737373737
237.512 0 218.357156291484 "LDA" 5 2 3 3.40909090909091
243.022 0 224.39260138328 "LDA" 5 2 3 3.44444444444444
248.867867867868 1 229.365738161224 "LDA" 5 2 3 3.47979797979798
255.74974974975 1 234.243350667851 "LDA" 5 2 3 3.51515151515152
263.491491491492 1 240.506399778356 "LDA" 5 2 3 3.55050505050505
269.782782782783 1 243.589020865137 "LDA" 5 2 3 3.58585858585859
277.509528585757 3 247.436156950727 "LDA" 5 2 3 3.62121212121212
286.583751253761 3 255.21232647171 "LDA" 5 2 3 3.65656565656566
293.086258776329 3 262.28649106526 "LDA" 5 2 3 3.69191919191919
301.167502507523 3 267.498701395116 "LDA" 5 2 3 3.72727272727273
307.941825476429 3 274.533749737363 "LDA" 5 2 3 3.76262626262626
316.733199598796 3 281.056939148042 "LDA" 5 2 3 3.7979797979798
326.513052208835 4 293.557844163071 "LDA" 5 2 3 3.83333333333333
335.308232931727 4 299.896388091691 "LDA" 5 2 3 3.86868686868687
347.738955823293 4 311.498327715192 "LDA" 5 2 3 3.9040404040404
357.192771084337 4 317.30249503388 "LDA" 5 2 3 3.93939393939394
364.178894472362 5 320.908842301341 "LDA" 5 2 3 3.97474747474747
372.330985915493 6 327.377978014797 "LDA" 5 2 3 4.01010101010101
383.066398390342 6 333.848962143627 "LDA" 5 2 3 4.04545454545454
392.220988900101 9 336.85051476344 "LDA" 5 2 3 4.08080808080808
399.750756811302 9 342.153113337579 "LDA" 5 2 3 4.11616161616162
408.354187689203 9 346.418087859283 "LDA" 5 2 3 4.15151515151515
417.572149344097 9 354.629481690628 "LDA" 5 2 3 4.18686868686869
425.0495951417 12 358.462226392957 "LDA" 5 2 3 4.22222222222222
435.814777327935 12 365.117520190974 "LDA" 5 2 3 4.25757575757576
449.325910931174 12 376.425938788477 "LDA" 5 2 3 4.29292929292929
457.228194726166 14 381.865423521701 "LDA" 5 2 3 4.32828282828283
468.125888324873 15 387.383080170896 "LDA" 5 2 3 4.36363636363636
482.398984771574 15 394.736842717991 "LDA" 5 2 3 4.3989898989899
496.083248730964 15 407.816973800155 "LDA" 5 2 3 4.43434343434343
506.261444557477 17 410.531347871614 "LDA" 5 2 3 4.46969696969697
511.166666666667 22 412.596402101319 "LDA" 5 2 3 4.50505050505051
520.661538461538 25 420.238861269689 "LDA" 5 2 3 4.54040404040404
527.698151950719 26 425.233399736501 "LDA" 5 2 3 4.57575757575758
543.028776978417 27 434.779404823039 "LDA" 5 2 3 4.61111111111111
553.43137254902 31 439.839963953686 "LDA" 5 2 3 4.64646464646465
563.99792746114 35 450.831704893055 "LDA" 5 2 3 4.68181818181818
575.116666666667 40 456.318494289675 "LDA" 5 2 3 4.71717171717172
583.945720250522 42 459.125379480402 "LDA" 5 2 3 4.75252525252525
595.428870292887 44 464.589747711594 "LDA" 5 2 3 4.78787878787879
605.205450733753 46 471.302742024405 "LDA" 5 2 3 4.82323232323232
612.062170706006 51 477.955404293743 "LDA" 5 2 3 4.85858585858586
618.545934530095 53 480.283547716375 "LDA" 5 2 3 4.89393939393939
629.639534883721 54 489.175165910204 "LDA" 5 2 3 4.92929292929293
641.513255567338 57 495.078532431179 "LDA" 5 2 3 4.96464646464646
651.524468085106 60 502.093479364633 "LDA" 5 2 3 5
15.659 0 10.3460020664389 "uLSIF" 5 2 3 1.5
16.034 0 10.422546400639 "uLSIF" 5 2 3 1.53535353535354
16.588 0 10.9017936645813 "uLSIF" 5 2 3 1.57070707070707
16.945 0 10.9840167344931 "uLSIF" 5 2 3 1.60606060606061
17.448 0 11.2355477629501 "uLSIF" 5 2 3 1.64141414141414
18.043 0 11.9400048037978 "uLSIF" 5 2 3 1.67676767676768
18.609 0 12.1899431382478 "uLSIF" 5 2 3 1.71212121212121
19.123 0 12.4381903659487 "uLSIF" 5 2 3 1.74747474747475
19.571 0 12.6802897738478 "uLSIF" 5 2 3 1.78282828282828
20.16 0 13.0049039799426 "uLSIF" 5 2 3 1.81818181818182
20.653 0 13.4349204719674 "uLSIF" 5 2 3 1.85353535353535
21.078 0 13.6415544571727 "uLSIF" 5 2 3 1.88888888888889
21.84 0 14.1440607484009 "uLSIF" 5 2 3 1.92424242424242
22.369 0 14.3897847414374 "uLSIF" 5 2 3 1.95959595959596
22.801 0 14.5464427953365 "uLSIF" 5 2 3 1.99494949494949
23.488 0 14.9527067596285 "uLSIF" 5 2 3 2.03030303030303
24.018 0 15.4046414751846 "uLSIF" 5 2 3 2.06565656565657
24.725 0 15.9607681870617 "uLSIF" 5 2 3 2.1010101010101
25.222 0 16.3568414512785 "uLSIF" 5 2 3 2.13636363636364
26.083 0 17.0391444457591 "uLSIF" 5 2 3 2.17171717171717
26.703 0 17.7491922302066 "uLSIF" 5 2 3 2.20707070707071
27.376 0 18.1523037141331 "uLSIF" 5 2 3 2.24242424242424
28.127 0 18.7144088899463 "uLSIF" 5 2 3 2.27777777777778
28.688 0 18.9719949555283 "uLSIF" 5 2 3 2.31313131313131
29.194 0 19.3916580106086 "uLSIF" 5 2 3 2.34848484848485
29.925 0 19.947613448287 "uLSIF" 5 2 3 2.38383838383838
30.734 0 20.7039101595785 "uLSIF" 5 2 3 2.41919191919192
31.543 0 21.348252830124 "uLSIF" 5 2 3 2.45454545454545
32.118 0 21.7694737186269 "uLSIF" 5 2 3 2.48989898989899
32.975 0 22.7823486587843 "uLSIF" 5 2 3 2.52525252525253
33.736 0 23.3737167484043 "uLSIF" 5 2 3 2.56060606060606
34.337 0 23.8853918314719 "uLSIF" 5 2 3 2.5959595959596
35.222 0 24.7640055720389 "uLSIF" 5 2 3 2.63131313131313
35.857 0 25.2221471668791 "uLSIF" 5 2 3 2.66666666666667
36.259 0 25.2272141016667 "uLSIF" 5 2 3 2.7020202020202
37.102 0 25.8311215947516 "uLSIF" 5 2 3 2.73737373737374
38.063 0 26.8370874027019 "uLSIF" 5 2 3 2.77272727272727
38.791 0 27.1116277519326 "uLSIF" 5 2 3 2.80808080808081
39.38 0 27.7468825183928 "uLSIF" 5 2 3 2.84343434343434
40.421 0 28.5157308499345 "uLSIF" 5 2 3 2.87878787878788
41.234 0 28.7297518722777 "uLSIF" 5 2 3 2.91414141414141
42.407 0 29.9091944209621 "uLSIF" 5 2 3 2.94949494949495
42.996 0 29.9639754342414 "uLSIF" 5 2 3 2.98484848484848
43.661 0 30.4407081999699 "uLSIF" 5 2 3 3.02020202020202
44.5 0 30.8508310062107 "uLSIF" 5 2 3 3.05555555555556
45.057 0 31.0450567167552 "uLSIF" 5 2 3 3.09090909090909
45.822 0 31.4750853374061 "uLSIF" 5 2 3 3.12626262626263
46.475 0 31.6300147460104 "uLSIF" 5 2 3 3.16161616161616
47.509 0 32.7216843641587 "uLSIF" 5 2 3 3.1969696969697
47.982 0 32.9741864641567 "uLSIF" 5 2 3 3.23232323232323
48.855 0 33.7795949655415 "uLSIF" 5 2 3 3.26767676767677
49.842 0 35.0347037445226 "uLSIF" 5 2 3 3.3030303030303
50.736 0 35.4373829749336 "uLSIF" 5 2 3 3.33838383838384
51.874 0 36.2915030991718 "uLSIF" 5 2 3 3.37373737373737
52.563 0 36.878503969861 "uLSIF" 5 2 3 3.40909090909091
53.142 0 37.2707787274018 "uLSIF" 5 2 3 3.44444444444444
54.156 0 37.8464531761963 "uLSIF" 5 2 3 3.47979797979798
55.113 0 38.6978003347833 "uLSIF" 5 2 3 3.51515151515152
56.11 0 39.5739054680479 "uLSIF" 5 2 3 3.55050505050505
57.146 0 40.5025325027848 "uLSIF" 5 2 3 3.58585858585859
57.944 0 40.8192978758709 "uLSIF" 5 2 3 3.62121212121212
59.243 0 42.5339992487433 "uLSIF" 5 2 3 3.65656565656566
60.064 0 43.3153797873934 "uLSIF" 5 2 3 3.69191919191919
60.803 0 43.8932433047252 "uLSIF" 5 2 3 3.72727272727273
61.646 0 44.1864586398042 "uLSIF" 5 2 3 3.76262626262626
62.326 0 44.5595924721185 "uLSIF" 5 2 3 3.7979797979798
62.913 0 44.662424510579 "uLSIF" 5 2 3 3.83333333333333
63.999 0 45.6224331377164 "uLSIF" 5 2 3 3.86868686868687
64.828 0 45.9085396196613 "uLSIF" 5 2 3 3.9040404040404
65.951 0 46.6306231355964 "uLSIF" 5 2 3 3.93939393939394
67.186 0 48.6067075208352 "uLSIF" 5 2 3 3.97474747474747
67.946 0 48.8703324461108 "uLSIF" 5 2 3 4.01010101010101
68.78 0 49.2356349379974 "uLSIF" 5 2 3 4.04545454545454
69.652 0 49.9291479580397 "uLSIF" 5 2 3 4.08080808080808
70.504 0 50.4933219303262 "uLSIF" 5 2 3 4.11616161616162
71.589 0 51.5629015069149 "uLSIF" 5 2 3 4.15151515151515
72.282 0 51.7564411953257 "uLSIF" 5 2 3 4.18686868686869
73.129 0 52.6152898664231 "uLSIF" 5 2 3 4.22222222222222
73.774 0 53.0477425248897 "uLSIF" 5 2 3 4.25757575757576
74.771 0 53.5931598787176 "uLSIF" 5 2 3 4.29292929292929
75.712 0 54.5104618073122 "uLSIF" 5 2 3 4.32828282828283
76.532 0 54.8035985169807 "uLSIF" 5 2 3 4.36363636363636
77.872 0 55.9187671942482 "uLSIF" 5 2 3 4.3989898989899
78.989 0 56.627339108725 "uLSIF" 5 2 3 4.43434343434343
79.916 0 57.2431806045552 "uLSIF" 5 2 3 4.46969696969697
80.56 0 57.4732074063173 "uLSIF" 5 2 3 4.50505050505051
81.99 0 58.8780819025937 "uLSIF" 5 2 3 4.54040404040404
83.167 0 60.14647711803 "uLSIF" 5 2 3 4.57575757575758
84.378 0 60.476644587316 "uLSIF" 5 2 3 4.61111111111111
85.587 0 61.3362255405691 "uLSIF" 5 2 3 4.64646464646465
86.682 0 61.7368797261274 "uLSIF" 5 2 3 4.68181818181818
87.959 0 62.5186364126642 "uLSIF" 5 2 3 4.71717171717172
88.883 0 63.2213116381276 "uLSIF" 5 2 3 4.75252525252525
90.157 0 64.1276282401252 "uLSIF" 5 2 3 4.78787878787879
91.239 0 65.8116483006774 "uLSIF" 5 2 3 4.82323232323232
91.874 0 66.0133462709314 "uLSIF" 5 2 3 4.85858585858586
92.698 0 66.6362452812671 "uLSIF" 5 2 3 4.89393939393939
93.82 0 67.643604703307 "uLSIF" 5 2 3 4.92929292929293
94.747 0 68.5534869395538 "uLSIF" 5 2 3 4.96464646464646
95.537 0 68.9053160037277 "uLSIF" 5 2 3 5
