130.335 14.235 0 0 "KDE LDA" 165 3000 2.5
130.375 14.24 0 0 "KDE LDA" 165 3000 2.51010101010101
131.76 14.505 0 0 "KDE LDA" 165 3000 2.52020202020202
138.65 14.54 0 0 "KDE LDA" 165 3000 2.53030303030303
143.74 14.695 0 0 "KDE LDA" 165 3000 2.54040404040404
143.75 14.795 0 0 "KDE LDA" 165 3000 2.55050505050505
145.52 14.815 0 0 "KDE LDA" 165 3000 2.56060606060606
145.52 14.82 0 0 "KDE LDA" 165 3000 2.57070707070707
146.72 14.84 0 0 "KDE LDA" 165 3000 2.58080808080808
146.725 14.85 0 0 "KDE LDA" 165 3000 2.59090909090909
147.48 14.97 0 0 "KDE LDA" 165 3000 2.6010101010101
152.07 15.015 0 0 "KDE LDA" 165 3000 2.61111111111111
152.085 15.13 0 0 "KDE LDA" 165 3000 2.62121212121212
153.15 15.225 0 0 "KDE LDA" 165 3000 2.63131313131313
155.425 15.245 0 0 "KDE LDA" 165 3000 2.64141414141414
159.33 15.295 0 0 "KDE LDA" 165 3000 2.65151515151515
166.255 15.385 0 0 "KDE LDA" 165 3000 2.66161616161616
178.29 15.55 0 0 "KDE LDA" 165 3000 2.67171717171717
178.295 15.55 0 0 "KDE LDA" 165 3000 2.68181818181818
180.42 15.59 0 0 "KDE LDA" 165 3000 2.69191919191919
181.115 15.615 0 0 "KDE LDA" 165 3000 2.7020202020202
181.565 15.65 0 0 "KDE LDA" 165 3000 2.71212121212121
184.88 15.655 0 0 "KDE LDA" 165 3000 2.72222222222222
186.79 15.67 0 0 "KDE LDA" 165 3000 2.73232323232323
188.915 15.685 0 0 "KDE LDA" 165 3000 2.74242424242424
188.925 15.89 0 0 "KDE LDA" 165 3000 2.75252525252525
191.075 15.93 0 0 "KDE LDA" 165 3000 2.76262626262626
194.68 15.965 0 0 "KDE LDA" 165 3000 2.77272727272727
204.485 16.3 0 0 "KDE LDA" 165 3000 2.78282828282828
213.215 16.42 0 0 "KDE LDA" 165 3000 2.79292929292929
237.875 16.835 0 0 "KDE LDA" 165 3000 2.8030303030303
238.43 16.925 0 0 "KDE LDA" 165 3000 2.81313131313131
240.755 16.925 0 0 "KDE LDA" 165 3000 2.82323232323232
241.66 16.95 0 0 "KDE LDA" 165 3000 2.83333333333333
241.675 16.955 0 0 "KDE LDA" 165 3000 2.84343434343434
245.06 16.98 0 0 "KDE LDA" 165 3000 2.85353535353535
245.14 16.99 0 0 "KDE LDA" 165 3000 2.86363636363636
254.01 17.18 0 0 "KDE LDA" 165 3000 2.87373737373737
254.21 17.195 0 0 "KDE LDA" 165 3000 2.88383838383838
256.545 17.22 0 0 "KDE LDA" 165 3000 2.89393939393939
256.545 17.24 0 0 "KDE LDA" 165 3000 2.9040404040404
257.645 17.325 0 0 "KDE LDA" 165 3000 2.91414141414141
257.68 17.33 0 0 "KDE LDA" 165 3000 2.92424242424242
257.71 17.37 0 0 "KDE LDA" 165 3000 2.93434343434343
268.05 17.38 0 0 "KDE LDA" 165 3000 2.94444444444444
270.05 17.575 0 0 "KDE LDA" 165 3000 2.95454545454545
275.165 17.64 0 0 "KDE LDA" 165 3000 2.96464646464646
275.175 17.8 0 0 "KDE LDA" 165 3000 2.97474747474747
275.18 17.81 0 0 "KDE LDA" 165 3000 2.98484848484848
275.185 17.815 0 0 "KDE LDA" 165 3000 2.99494949494949
277.17 17.89 0 0 "KDE LDA" 165 3000 3.00505050505051
278.145 17.915 0 0 "KDE LDA" 165 3000 3.01515151515152
279.075 17.96 0 0 "KDE LDA" 165 3000 3.02525252525253
280.06 17.99 0 0 "KDE LDA" 165 3000 3.03535353535354
280.065 18 0 0 "KDE LDA" 165 3000 3.04545454545455
280.455 18.01 0 0 "KDE LDA" 165 3000 3.05555555555556
280.595 18.155 0 0 "KDE LDA" 165 3000 3.06565656565657
284.855 18.225 0 0 "KDE LDA" 165 3000 3.07575757575758
291.33 18.415 0 0 "KDE LDA" 165 3000 3.08585858585859
306.225 18.47 0 0 "KDE LDA" 165 3000 3.0959595959596
309.51 18.54 0 0 "KDE LDA" 165 3000 3.10606060606061
312.63 18.57 0 0 "KDE LDA" 165 3000 3.11616161616162
314.935 18.635 0 0 "KDE LDA" 165 3000 3.12626262626263
318.645 18.64 0 0 "KDE LDA" 165 3000 3.13636363636364
320.26 18.685 0 0 "KDE LDA" 165 3000 3.14646464646465
324.11 18.705 0 0 "KDE LDA" 165 3000 3.15656565656566
328.05 18.715 0 0 "KDE LDA" 165 3000 3.16666666666667
328.51 18.73 0 0 "KDE LDA" 165 3000 3.17676767676768
333.415 18.82 0 0 "KDE LDA" 165 3000 3.18686868686869
344.635 18.835 0 0 "KDE LDA" 165 3000 3.1969696969697
349.93 18.98 0 0 "KDE LDA" 165 3000 3.20707070707071
357.64 19.03 0 0 "KDE LDA" 165 3000 3.21717171717172
370.325 19.145 0 0 "KDE LDA" 165 3000 3.22727272727273
370.33 19.145 0 0 "KDE LDA" 165 3000 3.23737373737374
378.755 19.185 0 0 "KDE LDA" 165 3000 3.24747474747475
383.49 19.385 0 0 "KDE LDA" 165 3000 3.25757575757576
383.49 19.48 0 0 "KDE LDA" 165 3000 3.26767676767677
385.52 19.53 0 0 "KDE LDA" 165 3000 3.27777777777778
391.96 19.56 0 0 "KDE LDA" 165 3000 3.28787878787879
391.99 19.58 0 0 "KDE LDA" 165 3000 3.2979797979798
410.34 19.65 0 0 "KDE LDA" 165 3000 3.30808080808081
410.72 19.745 0 0 "KDE LDA" 165 3000 3.31818181818182
412.53 19.8 0 0 "KDE LDA" 165 3000 3.32828282828283
422.14 20.045 0 0 "KDE LDA" 165 3000 3.33838383838384
428.99 20.115 0 0 "KDE LDA" 165 3000 3.34848484848485
482.915 20.58 0 0 "KDE LDA" 165 3000 3.35858585858586
482.945 20.865 0 0 "KDE LDA" 165 3000 3.36868686868687
483.615 20.89 0 0 "KDE LDA" 165 3000 3.37878787878788
488.205 21.07 0 0 "KDE LDA" 165 3000 3.38888888888889
492.045 21.08 0 0 "KDE LDA" 165 3000 3.3989898989899
494.525 21.185 0 0 "KDE LDA" 165 3000 3.40909090909091
494.525 21.185 0 0 "KDE LDA" 165 3000 3.41919191919192
495.83 21.195 0 0 "KDE LDA" 165 3000 3.42929292929293
495.835 21.37 0 0 "KDE LDA" 165 3000 3.43939393939394
519.21 21.665 0 0 "KDE LDA" 165 3000 3.44949494949495
519.26 21.73 0 0 "KDE LDA" 165 3000 3.45959595959596
521.595 22.02 0 0 "KDE LDA" 165 3000 3.46969696969697
535.445 22.03 0 0 "KDE LDA" 165 3000 3.47979797979798
544.1 22.17 0 0 "KDE LDA" 165 3000 3.48989898989899
545.01 22.22 0 0 "KDE LDA" 165 3000 3.5
97.805 12.44 0 0 "KDE QDA" 165 3000 2.7
97.805 12.44 0 0 "KDE QDA" 165 3000 2.71010101010101
97.805 12.44 0 0 "KDE QDA" 165 3000 2.72020202020202
97.805 12.44 0 0 "KDE QDA" 165 3000 2.73030303030303
97.805 12.44 0 0 "KDE QDA" 165 3000 2.74040404040404
97.805 12.44 0 0 "KDE QDA" 165 3000 2.75050505050505
97.825 12.44 0 0 "KDE QDA" 165 3000 2.76060606060606
97.935 12.44 0 0 "KDE QDA" 165 3000 2.77070707070707
99.155 12.44 0 0 "KDE QDA" 165 3000 2.78080808080808
99.2 12.475 0 0 "KDE QDA" 165 3000 2.79090909090909
130.155 13.8 0 0 "KDE QDA" 165 3000 2.8010101010101
130.155 13.8 0 0 "KDE QDA" 165 3000 2.81111111111111
131.255 13.8 0 0 "KDE QDA" 165 3000 2.82121212121212
140.995 13.985 0 0 "KDE QDA" 165 3000 2.83131313131313
141.025 13.99 0 0 "KDE QDA" 165 3000 2.84141414141414
141.62 13.995 0 0 "KDE QDA" 165 3000 2.85151515151515
141.625 14.005 0 0 "KDE QDA" 165 3000 2.86161616161616
141.625 14.005 0 0 "KDE QDA" 165 3000 2.87171717171717
141.625 14.005 0 0 "KDE QDA" 165 3000 2.88181818181818
141.625 14.005 0 0 "KDE QDA" 165 3000 2.89191919191919
141.625 14.005 0 0 "KDE QDA" 165 3000 2.9020202020202
141.625 14.01 0 0 "KDE QDA" 165 3000 2.91212121212121
141.625 14.015 0 0 "KDE QDA" 165 3000 2.92222222222222
141.66 14.015 0 0 "KDE QDA" 165 3000 2.93232323232323
141.66 14.04 0 0 "KDE QDA" 165 3000 2.94242424242424
141.66 14.04 0 0 "KDE QDA" 165 3000 2.95252525252525
151.595 14.32 0 0 "KDE QDA" 165 3000 2.96262626262626
151.75 14.32 0 0 "KDE QDA" 165 3000 2.97272727272727
153.7 14.335 0 0 "KDE QDA" 165 3000 2.98282828282828
154.375 14.355 0 0 "KDE QDA" 165 3000 2.99292929292929
154.56 14.445 0 0 "KDE QDA" 165 3000 3.0030303030303
154.56 14.445 0 0 "KDE QDA" 165 3000 3.01313131313131
154.56 14.445 0 0 "KDE QDA" 165 3000 3.02323232323232
154.575 14.445 0 0 "KDE QDA" 165 3000 3.03333333333333
154.575 14.445 0 0 "KDE QDA" 165 3000 3.04343434343434
154.59 14.45 0 0 "KDE QDA" 165 3000 3.05353535353535
154.59 14.455 0 0 "KDE QDA" 165 3000 3.06363636363636
154.59 14.455 0 0 "KDE QDA" 165 3000 3.07373737373737
154.59 14.455 0 0 "KDE QDA" 165 3000 3.08383838383838
162.68 14.955 0 0 "KDE QDA" 165 3000 3.09393939393939
165.72 14.955 0 0 "KDE QDA" 165 3000 3.1040404040404
166.365 14.975 0 0 "KDE QDA" 165 3000 3.11414141414141
167.205 15.015 0 0 "KDE QDA" 165 3000 3.12424242424242
167.455 15.02 0 0 "KDE QDA" 165 3000 3.13434343434343
167.46 15.025 0 0 "KDE QDA" 165 3000 3.14444444444444
168.33 15.025 0 0 "KDE QDA" 165 3000 3.15454545454545
168.355 15.025 0 0 "KDE QDA" 165 3000 3.16464646464646
168.355 15.025 0 0 "KDE QDA" 165 3000 3.17474747474748
168.4 15.025 0 0 "KDE QDA" 165 3000 3.18484848484849
168.4 15.025 0 0 "KDE QDA" 165 3000 3.19494949494949
168.915 15.025 0 0 "KDE QDA" 165 3000 3.20505050505051
168.925 15.025 0 0 "KDE QDA" 165 3000 3.21515151515152
184.65 15.69 0 0 "KDE QDA" 165 3000 3.22525252525253
186.695 15.73 0 0 "KDE QDA" 165 3000 3.23535353535354
186.795 15.73 0 0 "KDE QDA" 165 3000 3.24545454545455
188.915 15.88 0 0 "KDE QDA" 165 3000 3.25555555555556
188.99 15.885 0 0 "KDE QDA" 165 3000 3.26565656565657
188.995 15.89 0 0 "KDE QDA" 165 3000 3.27575757575758
189 15.89 0 0 "KDE QDA" 165 3000 3.28585858585859
189.875 15.89 0 0 "KDE QDA" 165 3000 3.2959595959596
190.47 15.895 0 0 "KDE QDA" 165 3000 3.30606060606061
190.475 15.895 0 0 "KDE QDA" 165 3000 3.31616161616162
191.08 15.895 0 0 "KDE QDA" 165 3000 3.32626262626263
191.08 15.895 0 0 "KDE QDA" 165 3000 3.33636363636364
191.125 15.895 0 0 "KDE QDA" 165 3000 3.34646464646465
191.125 15.905 0 0 "KDE QDA" 165 3000 3.35656565656566
226.585 16.615 0 0 "KDE QDA" 165 3000 3.36666666666667
226.605 16.615 0 0 "KDE QDA" 165 3000 3.37676767676768
232.775 16.76 0 0 "KDE QDA" 165 3000 3.38686868686869
232.79 16.79 0 0 "KDE QDA" 165 3000 3.3969696969697
234.19 16.79 0 0 "KDE QDA" 165 3000 3.40707070707071
237.515 16.855 0 0 "KDE QDA" 165 3000 3.41717171717172
238.985 16.86 0 0 "KDE QDA" 165 3000 3.42727272727273
239.06 16.86 0 0 "KDE QDA" 165 3000 3.43737373737374
241.41 16.86 0 0 "KDE QDA" 165 3000 3.44747474747475
241.53 16.865 0 0 "KDE QDA" 165 3000 3.45757575757576
241.53 16.89 0 0 "KDE QDA" 165 3000 3.46767676767677
242.6 16.89 0 0 "KDE QDA" 165 3000 3.47777777777778
242.6 16.895 0 0 "KDE QDA" 165 3000 3.48787878787879
242.6 16.895 0 0 "KDE QDA" 165 3000 3.4979797979798
242.615 16.895 0 0 "KDE QDA" 165 3000 3.50808080808081
251.905 17.215 0 0 "KDE QDA" 165 3000 3.51818181818182
253.8 17.215 0 0 "KDE QDA" 165 3000 3.52828282828283
253.8 17.22 0 0 "KDE QDA" 165 3000 3.53838383838384
259.13 17.31 0 0 "KDE QDA" 165 3000 3.54848484848485
259.2 17.31 0 0 "KDE QDA" 165 3000 3.55858585858586
259.33 17.31 0 0 "KDE QDA" 165 3000 3.56868686868687
260.105 17.32 0 0 "KDE QDA" 165 3000 3.57878787878788
260.105 17.32 0 0 "KDE QDA" 165 3000 3.58888888888889
262.025 17.32 0 0 "KDE QDA" 165 3000 3.5989898989899
262.025 17.335 0 0 "KDE QDA" 165 3000 3.60909090909091
262.05 17.34 0 0 "KDE QDA" 165 3000 3.61919191919192
262.05 17.34 0 0 "KDE QDA" 165 3000 3.62929292929293
262.085 17.34 0 0 "KDE QDA" 165 3000 3.63939393939394
264.11 17.34 0 0 "KDE QDA" 165 3000 3.64949494949495
296.89 18.07 0 0 "KDE QDA" 165 3000 3.65959595959596
296.9 18.075 0 0 "KDE QDA" 165 3000 3.66969696969697
297.275 18.18 0 0 "KDE QDA" 165 3000 3.67979797979798
297.98 18.18 0 0 "KDE QDA" 165 3000 3.68989898989899
297.99 18.19 0 0 "KDE QDA" 165 3000 3.7
