130.185 15.645 0 0 "KDE LDA" 142 5000 2.5
130.51 15.665 0 0 "KDE LDA" 142 5000 2.51010101010101
132.125 15.755 0 0 "KDE LDA" 142 5000 2.52020202020202
133.92 15.885 0 0 "KDE LDA" 142 5000 2.53030303030303
135.575 15.95 0 0 "KDE LDA" 142 5000 2.54040404040404
135.59 16.09 0 0 "KDE LDA" 142 5000 2.55050505050505
135.61 16.155 0 0 "KDE LDA" 142 5000 2.56060606060606
139.98 16.215 0 0 "KDE LDA" 142 5000 2.57070707070707
139.995 16.225 0 0 "KDE LDA" 142 5000 2.58080808080808
140.085 16.3 0 0 "KDE LDA" 142 5000 2.59090909090909
140.09 16.31 0 0 "KDE LDA" 142 5000 2.6010101010101
140.26 16.33 0 0 "KDE LDA" 142 5000 2.61111111111111
140.775 16.355 0 0 "KDE LDA" 142 5000 2.62121212121212
142.045 16.37 0 0 "KDE LDA" 142 5000 2.63131313131313
150.35 16.48 0 0 "KDE LDA" 142 5000 2.64141414141414
152.58 16.525 0 0 "KDE LDA" 142 5000 2.65151515151515
158.39 16.595 0 0 "KDE LDA" 142 5000 2.66161616161616
163.54 16.825 0 0 "KDE LDA" 142 5000 2.67171717171717
165.69 16.88 0 0 "KDE LDA" 142 5000 2.68181818181818
165.725 16.89 0 0 "KDE LDA" 142 5000 2.69191919191919
168.08 17 0 0 "KDE LDA" 142 5000 2.7020202020202
171.355 17.035 0 0 "KDE LDA" 142 5000 2.71212121212121
175.09 17.075 0 0 "KDE LDA" 142 5000 2.72222222222222
181.375 17.19 0 0 "KDE LDA" 142 5000 2.73232323232323
182.37 17.215 0 0 "KDE LDA" 142 5000 2.74242424242424
183.285 17.29 0 0 "KDE LDA" 142 5000 2.75252525252525
183.36 17.375 0 0 "KDE LDA" 142 5000 2.76262626262626
184.21 17.42 0 0 "KDE LDA" 142 5000 2.77272727272727
193.235 17.605 0 0 "KDE LDA" 142 5000 2.78282828282828
208.195 17.87 0 0 "KDE LDA" 142 5000 2.79292929292929
233.755 18.43 0 0 "KDE LDA" 142 5000 2.8030303030303
233.765 18.445 0 0 "KDE LDA" 142 5000 2.81313131313131
233.8 18.47 0 0 "KDE LDA" 142 5000 2.82323232323232
233.81 18.54 0 0 "KDE LDA" 142 5000 2.83333333333333
233.82 18.595 0 0 "KDE LDA" 142 5000 2.84343434343434
233.825 18.6 0 0 "KDE LDA" 142 5000 2.85353535353535
236.765 18.61 0 0 "KDE LDA" 142 5000 2.86363636363636
241.635 18.635 0 0 "KDE LDA" 142 5000 2.87373737373737
243.11 18.655 0 0 "KDE LDA" 142 5000 2.88383838383838
248.7 18.7 0 0 "KDE LDA" 142 5000 2.89393939393939
249.315 18.74 0 0 "KDE LDA" 142 5000 2.9040404040404
254.895 18.81 0 0 "KDE LDA" 142 5000 2.91414141414141
266.86 18.85 0 0 "KDE LDA" 142 5000 2.92424242424242
270.425 18.87 0 0 "KDE LDA" 142 5000 2.93434343434343
271.735 18.925 0 0 "KDE LDA" 142 5000 2.94444444444444
273.115 19.2 0 0 "KDE LDA" 142 5000 2.95454545454545
278.41 19.265 0 0 "KDE LDA" 142 5000 2.96464646464646
278.475 19.27 0 0 "KDE LDA" 142 5000 2.97474747474747
278.48 19.3 0 0 "KDE LDA" 142 5000 2.98484848484848
278.48 19.305 0 0 "KDE LDA" 142 5000 2.99494949494949
278.77 19.375 0 0 "KDE LDA" 142 5000 3.00505050505051
279.1 19.38 0 0 "KDE LDA" 142 5000 3.01515151515152
282.855 19.39 0 0 "KDE LDA" 142 5000 3.02525252525253
292.57 19.42 0 0 "KDE LDA" 142 5000 3.03535353535354
295.68 19.465 0 0 "KDE LDA" 142 5000 3.04545454545455
299.68 19.56 0 0 "KDE LDA" 142 5000 3.05555555555556
305.615 19.635 0 0 "KDE LDA" 142 5000 3.06565656565657
309.845 19.68 0 0 "KDE LDA" 142 5000 3.07575757575758
314.44 19.815 0 0 "KDE LDA" 142 5000 3.08585858585859
318.1 19.935 0 0 "KDE LDA" 142 5000 3.0959595959596
321.095 19.965 0 0 "KDE LDA" 142 5000 3.10606060606061
327.245 20.09 0 0 "KDE LDA" 142 5000 3.11616161616162
327.245 20.095 0 0 "KDE LDA" 142 5000 3.12626262626263
327.25 20.115 0 0 "KDE LDA" 142 5000 3.13636363636364
328.46 20.12 0 0 "KDE LDA" 142 5000 3.14646464646465
328.47 20.21 0 0 "KDE LDA" 142 5000 3.15656565656566
329.08 20.23 0 0 "KDE LDA" 142 5000 3.16666666666667
334.01 20.24 0 0 "KDE LDA" 142 5000 3.17676767676768
334.015 20.415 0 0 "KDE LDA" 142 5000 3.18686868686869
337.47 20.6 0 0 "KDE LDA" 142 5000 3.1969696969697
344.795 20.67 0 0 "KDE LDA" 142 5000 3.20707070707071
351.055 20.73 0 0 "KDE LDA" 142 5000 3.21717171717172
378.8 20.97 0 0 "KDE LDA" 142 5000 3.22727272727273
382.095 21.07 0 0 "KDE LDA" 142 5000 3.23737373737374
382.675 21.18 0 0 "KDE LDA" 142 5000 3.24747474747475
382.68 21.25 0 0 "KDE LDA" 142 5000 3.25757575757576
384.565 21.52 0 0 "KDE LDA" 142 5000 3.26767676767677
395.74 21.58 0 0 "KDE LDA" 142 5000 3.27777777777778
401.365 21.635 0 0 "KDE LDA" 142 5000 3.28787878787879
402.69 21.64 0 0 "KDE LDA" 142 5000 3.2979797979798
405.76 21.67 0 0 "KDE LDA" 142 5000 3.30808080808081
411.58 21.705 0 0 "KDE LDA" 142 5000 3.31818181818182
412.56 21.81 0 0 "KDE LDA" 142 5000 3.32828282828283
418.895 21.825 0 0 "KDE LDA" 142 5000 3.33838383838384
433.875 22.055 0 0 "KDE LDA" 142 5000 3.34848484848485
489.56 22.55 0 0 "KDE LDA" 142 5000 3.35858585858586
491.105 22.63 0 0 "KDE LDA" 142 5000 3.36868686868687
498.87 22.65 0 0 "KDE LDA" 142 5000 3.37878787878788
506.05 22.665 0 0 "KDE LDA" 142 5000 3.38888888888889
508.3 22.68 0 0 "KDE LDA" 142 5000 3.3989898989899
509.695 22.82 0 0 "KDE LDA" 142 5000 3.40909090909091
515.385 22.975 0 0 "KDE LDA" 142 5000 3.41919191919192
525.3 22.98 0 0 "KDE LDA" 142 5000 3.42929292929293
525.31 23.04 0 0 "KDE LDA" 142 5000 3.43939393939394
529.515 23.04 0 0 "KDE LDA" 142 5000 3.44949494949495
529.545 23.055 0 0 "KDE LDA" 142 5000 3.45959595959596
531.48 23.095 0 0 "KDE LDA" 142 5000 3.46969696969697
533.505 23.205 0 0 "KDE LDA" 142 5000 3.47979797979798
535.88 23.22 0 0 "KDE LDA" 142 5000 3.48989898989899
540.53 23.25 0 0 "KDE LDA" 142 5000 3.5
108.905 12.77 0 0 "KDE QDA" 142 5000 2.7
108.905 12.77 0 0 "KDE QDA" 142 5000 2.71010101010101
108.91 12.79 0 0 "KDE QDA" 142 5000 2.72020202020202
108.91 12.79 0 0 "KDE QDA" 142 5000 2.73030303030303
108.91 12.795 0 0 "KDE QDA" 142 5000 2.74040404040404
108.98 12.795 0 0 "KDE QDA" 142 5000 2.75050505050505
108.985 12.795 0 0 "KDE QDA" 142 5000 2.76060606060606
108.985 12.795 0 0 "KDE QDA" 142 5000 2.77070707070707
108.985 12.8 0 0 "KDE QDA" 142 5000 2.78080808080808
108.985 12.8 0 0 "KDE QDA" 142 5000 2.79090909090909
137.78 13.875 0 0 "KDE QDA" 142 5000 2.8010101010101
137.805 13.88 0 0 "KDE QDA" 142 5000 2.81111111111111
137.805 13.905 0 0 "KDE QDA" 142 5000 2.82121212121212
145.005 14.17 0 0 "KDE QDA" 142 5000 2.83131313131313
145.04 14.17 0 0 "KDE QDA" 142 5000 2.84141414141414
145.215 14.215 0 0 "KDE QDA" 142 5000 2.85151515151515
145.215 14.215 0 0 "KDE QDA" 142 5000 2.86161616161616
145.215 14.235 0 0 "KDE QDA" 142 5000 2.87171717171717
145.215 14.235 0 0 "KDE QDA" 142 5000 2.88181818181818
145.215 14.235 0 0 "KDE QDA" 142 5000 2.89191919191919
145.215 14.235 0 0 "KDE QDA" 142 5000 2.9020202020202
145.215 14.24 0 0 "KDE QDA" 142 5000 2.91212121212121
145.23 14.24 0 0 "KDE QDA" 142 5000 2.92222222222222
145.23 14.24 0 0 "KDE QDA" 142 5000 2.93232323232323
145.23 14.24 0 0 "KDE QDA" 142 5000 2.94242424242424
145.235 14.24 0 0 "KDE QDA" 142 5000 2.95252525252525
149.715 14.47 0 0 "KDE QDA" 142 5000 2.96262626262626
149.79 14.47 0 0 "KDE QDA" 142 5000 2.97272727272727
151.745 14.505 0 0 "KDE QDA" 142 5000 2.98282828282828
155.065 14.585 0 0 "KDE QDA" 142 5000 2.99292929292929
156.48 14.585 0 0 "KDE QDA" 142 5000 3.0030303030303
156.48 14.595 0 0 "KDE QDA" 142 5000 3.01313131313131
156.48 14.595 0 0 "KDE QDA" 142 5000 3.02323232323232
157.105 14.595 0 0 "KDE QDA" 142 5000 3.03333333333333
157.13 14.595 0 0 "KDE QDA" 142 5000 3.04343434343434
157.13 14.595 0 0 "KDE QDA" 142 5000 3.05353535353535
157.135 14.595 0 0 "KDE QDA" 142 5000 3.06363636363636
157.88 14.595 0 0 "KDE QDA" 142 5000 3.07373737373737
157.88 14.595 0 0 "KDE QDA" 142 5000 3.08383838383838
180.36 14.985 0 0 "KDE QDA" 142 5000 3.09393939393939
180.375 15.025 0 0 "KDE QDA" 142 5000 3.1040404040404
180.375 15.03 0 0 "KDE QDA" 142 5000 3.11414141414141
183.24 15.195 0 0 "KDE QDA" 142 5000 3.12424242424242
183.435 15.195 0 0 "KDE QDA" 142 5000 3.13434343434343
183.435 15.215 0 0 "KDE QDA" 142 5000 3.14444444444444
183.435 15.215 0 0 "KDE QDA" 142 5000 3.15454545454545
183.435 15.215 0 0 "KDE QDA" 142 5000 3.16464646464646
183.435 15.215 0 0 "KDE QDA" 142 5000 3.17474747474748
183.435 15.215 0 0 "KDE QDA" 142 5000 3.18484848484849
183.435 15.215 0 0 "KDE QDA" 142 5000 3.19494949494949
183.435 15.215 0 0 "KDE QDA" 142 5000 3.20505050505051
183.435 15.215 0 0 "KDE QDA" 142 5000 3.21515151515152
204.85 15.72 0 0 "KDE QDA" 142 5000 3.22525252525253
204.875 15.73 0 0 "KDE QDA" 142 5000 3.23535353535354
204.875 15.73 0 0 "KDE QDA" 142 5000 3.24545454545455
209.82 15.915 0 0 "KDE QDA" 142 5000 3.25555555555556
209.82 15.96 0 0 "KDE QDA" 142 5000 3.26565656565657
209.855 15.965 0 0 "KDE QDA" 142 5000 3.27575757575758
211.115 15.995 0 0 "KDE QDA" 142 5000 3.28585858585859
211.205 16.005 0 0 "KDE QDA" 142 5000 3.2959595959596
211.205 16.01 0 0 "KDE QDA" 142 5000 3.30606060606061
212.26 16.01 0 0 "KDE QDA" 142 5000 3.31616161616162
212.26 16.01 0 0 "KDE QDA" 142 5000 3.32626262626263
214.86 16.01 0 0 "KDE QDA" 142 5000 3.33636363636364
215.825 16.015 0 0 "KDE QDA" 142 5000 3.34646464646465
216.84 16.02 0 0 "KDE QDA" 142 5000 3.35656565656566
247.405 16.805 0 0 "KDE QDA" 142 5000 3.36666666666667
247.41 16.82 0 0 "KDE QDA" 142 5000 3.37676767676768
262.18 16.98 0 0 "KDE QDA" 142 5000 3.38686868686869
262.28 16.98 0 0 "KDE QDA" 142 5000 3.3969696969697
262.28 16.985 0 0 "KDE QDA" 142 5000 3.40707070707071
263.05 17.07 0 0 "KDE QDA" 142 5000 3.41717171717172
265.72 17.075 0 0 "KDE QDA" 142 5000 3.42727272727273
265.72 17.08 0 0 "KDE QDA" 142 5000 3.43737373737374
265.72 17.08 0 0 "KDE QDA" 142 5000 3.44747474747475
265.72 17.08 0 0 "KDE QDA" 142 5000 3.45757575757576
265.72 17.085 0 0 "KDE QDA" 142 5000 3.46767676767677
265.72 17.085 0 0 "KDE QDA" 142 5000 3.47777777777778
265.72 17.085 0 0 "KDE QDA" 142 5000 3.48787878787879
265.72 17.085 0 0 "KDE QDA" 142 5000 3.4979797979798
266.305 17.085 0 0 "KDE QDA" 142 5000 3.50808080808081
274.57 17.325 0 0 "KDE QDA" 142 5000 3.51818181818182
275.73 17.355 0 0 "KDE QDA" 142 5000 3.52828282828283
275.735 17.355 0 0 "KDE QDA" 142 5000 3.53838383838384
278.675 17.405 0 0 "KDE QDA" 142 5000 3.54848484848485
278.825 17.405 0 0 "KDE QDA" 142 5000 3.55858585858586
279.005 17.43 0 0 "KDE QDA" 142 5000 3.56868686868687
279.04 17.44 0 0 "KDE QDA" 142 5000 3.57878787878788
279.04 17.44 0 0 "KDE QDA" 142 5000 3.58888888888889
281.105 17.44 0 0 "KDE QDA" 142 5000 3.5989898989899
281.105 17.44 0 0 "KDE QDA" 142 5000 3.60909090909091
281.11 17.44 0 0 "KDE QDA" 142 5000 3.61919191919192
282.39 17.44 0 0 "KDE QDA" 142 5000 3.62929292929293
282.395 17.44 0 0 "KDE QDA" 142 5000 3.63939393939394
282.395 17.44 0 0 "KDE QDA" 142 5000 3.64949494949495
309.15 18.04 0 0 "KDE QDA" 142 5000 3.65959595959596
309.155 18.055 0 0 "KDE QDA" 142 5000 3.66969696969697
317.195 18.31 0 0 "KDE QDA" 142 5000 3.67979797979798
318.205 18.315 0 0 "KDE QDA" 142 5000 3.68989898989899
318.205 18.315 0 0 "KDE QDA" 142 5000 3.7
