140.825 14.61 0 0 "KDE LDA" 35 5000 2.5
141.43 14.87 0 0 "KDE LDA" 35 5000 2.51010101010101
143.47 14.945 0 0 "KDE LDA" 35 5000 2.52020202020202
144.835 15.055 0 0 "KDE LDA" 35 5000 2.53030303030303
147.945 15.07 0 0 "KDE LDA" 35 5000 2.54040404040404
149.795 15.085 0 0 "KDE LDA" 35 5000 2.55050505050505
149.825 15.16 0 0 "KDE LDA" 35 5000 2.56060606060606
150.93 15.165 0 0 "KDE LDA" 35 5000 2.57070707070707
150.945 15.165 0 0 "KDE LDA" 35 5000 2.58080808080808
150.975 15.17 0 0 "KDE LDA" 35 5000 2.59090909090909
151.235 15.21 0 0 "KDE LDA" 35 5000 2.6010101010101
151.285 15.315 0 0 "KDE LDA" 35 5000 2.61111111111111
155.755 15.39 0 0 "KDE LDA" 35 5000 2.62121212121212
156.62 15.59 0 0 "KDE LDA" 35 5000 2.63131313131313
157.605 15.63 0 0 "KDE LDA" 35 5000 2.64141414141414
162.265 15.66 0 0 "KDE LDA" 35 5000 2.65151515151515
162.465 15.99 0 0 "KDE LDA" 35 5000 2.66161616161616
173.62 16.505 0 0 "KDE LDA" 35 5000 2.67171717171717
175.23 16.655 0 0 "KDE LDA" 35 5000 2.68181818181818
175.235 16.67 0 0 "KDE LDA" 35 5000 2.69191919191919
175.925 16.71 0 0 "KDE LDA" 35 5000 2.7020202020202
179.105 16.825 0 0 "KDE LDA" 35 5000 2.71212121212121
179.715 16.87 0 0 "KDE LDA" 35 5000 2.72222222222222
179.735 16.92 0 0 "KDE LDA" 35 5000 2.73232323232323
179.855 16.95 0 0 "KDE LDA" 35 5000 2.74242424242424
182.115 16.98 0 0 "KDE LDA" 35 5000 2.75252525252525
183.79 17 0 0 "KDE LDA" 35 5000 2.76262626262626
185.56 17.12 0 0 "KDE LDA" 35 5000 2.77272727272727
192.465 17.27 0 0 "KDE LDA" 35 5000 2.78282828282828
203.875 17.69 0 0 "KDE LDA" 35 5000 2.79292929292929
223.86 18.49 0 0 "KDE LDA" 35 5000 2.8030303030303
225.075 18.51 0 0 "KDE LDA" 35 5000 2.81313131313131
225.72 18.53 0 0 "KDE LDA" 35 5000 2.82323232323232
226.205 18.535 0 0 "KDE LDA" 35 5000 2.83333333333333
226.215 18.63 0 0 "KDE LDA" 35 5000 2.84343434343434
229.66 18.645 0 0 "KDE LDA" 35 5000 2.85353535353535
233.525 18.665 0 0 "KDE LDA" 35 5000 2.86363636363636
233.535 18.7 0 0 "KDE LDA" 35 5000 2.87373737373737
234.87 18.76 0 0 "KDE LDA" 35 5000 2.88383838383838
234.875 18.785 0 0 "KDE LDA" 35 5000 2.89393939393939
234.935 18.835 0 0 "KDE LDA" 35 5000 2.9040404040404
239.32 18.95 0 0 "KDE LDA" 35 5000 2.91414141414141
243.25 18.965 0 0 "KDE LDA" 35 5000 2.92424242424242
248.495 19.045 0 0 "KDE LDA" 35 5000 2.93434343434343
250.225 19.155 0 0 "KDE LDA" 35 5000 2.94444444444444
254.295 19.365 0 0 "KDE LDA" 35 5000 2.95454545454545
264.3 19.375 0 0 "KDE LDA" 35 5000 2.96464646464646
266.81 19.385 0 0 "KDE LDA" 35 5000 2.97474747474747
268.445 19.395 0 0 "KDE LDA" 35 5000 2.98484848484848
270.705 19.42 0 0 "KDE LDA" 35 5000 2.99494949494949
279.3 19.43 0 0 "KDE LDA" 35 5000 3.00505050505051
280.595 19.45 0 0 "KDE LDA" 35 5000 3.01515151515152
285.94 19.47 0 0 "KDE LDA" 35 5000 3.02525252525253
286.095 19.56 0 0 "KDE LDA" 35 5000 3.03535353535354
287.195 19.565 0 0 "KDE LDA" 35 5000 3.04545454545455
291.52 19.59 0 0 "KDE LDA" 35 5000 3.05555555555556
291.52 19.635 0 0 "KDE LDA" 35 5000 3.06565656565657
299.385 19.7 0 0 "KDE LDA" 35 5000 3.07575757575758
306.89 19.755 0 0 "KDE LDA" 35 5000 3.08585858585859
310.665 19.835 0 0 "KDE LDA" 35 5000 3.0959595959596
313.875 19.985 0 0 "KDE LDA" 35 5000 3.10606060606061
321.68 20.025 0 0 "KDE LDA" 35 5000 3.11616161616162
330.04 20.145 0 0 "KDE LDA" 35 5000 3.12626262626263
331.205 20.16 0 0 "KDE LDA" 35 5000 3.13636363636364
334.115 20.165 0 0 "KDE LDA" 35 5000 3.14646464646465
335.64 20.175 0 0 "KDE LDA" 35 5000 3.15656565656566
335.665 20.2 0 0 "KDE LDA" 35 5000 3.16666666666667
336.88 20.325 0 0 "KDE LDA" 35 5000 3.17676767676768
344.355 20.335 0 0 "KDE LDA" 35 5000 3.18686868686869
349.985 20.385 0 0 "KDE LDA" 35 5000 3.1969696969697
351.655 20.435 0 0 "KDE LDA" 35 5000 3.20707070707071
352.52 20.475 0 0 "KDE LDA" 35 5000 3.21717171717172
362.76 20.83 0 0 "KDE LDA" 35 5000 3.22727272727273
363.145 20.895 0 0 "KDE LDA" 35 5000 3.23737373737374
363.98 20.93 0 0 "KDE LDA" 35 5000 3.24747474747475
371.565 21.205 0 0 "KDE LDA" 35 5000 3.25757575757576
371.58 21.225 0 0 "KDE LDA" 35 5000 3.26767676767677
379.83 21.26 0 0 "KDE LDA" 35 5000 3.27777777777778
382.815 21.345 0 0 "KDE LDA" 35 5000 3.28787878787879
388.185 21.36 0 0 "KDE LDA" 35 5000 3.2979797979798
403.7 21.405 0 0 "KDE LDA" 35 5000 3.30808080808081
407.215 21.495 0 0 "KDE LDA" 35 5000 3.31818181818182
410.845 21.55 0 0 "KDE LDA" 35 5000 3.32828282828283
422.955 21.985 0 0 "KDE LDA" 35 5000 3.33838383838384
427.79 22.035 0 0 "KDE LDA" 35 5000 3.34848484848485
473.605 22.535 0 0 "KDE LDA" 35 5000 3.35858585858586
473.67 22.555 0 0 "KDE LDA" 35 5000 3.36868686868687
480.535 22.555 0 0 "KDE LDA" 35 5000 3.37878787878788
485.48 22.605 0 0 "KDE LDA" 35 5000 3.38888888888889
485.54 22.695 0 0 "KDE LDA" 35 5000 3.3989898989899
485.545 22.705 0 0 "KDE LDA" 35 5000 3.40909090909091
485.99 22.72 0 0 "KDE LDA" 35 5000 3.41919191919192
489.2 22.73 0 0 "KDE LDA" 35 5000 3.42929292929293
497.43 22.74 0 0 "KDE LDA" 35 5000 3.43939393939394
502.765 22.86 0 0 "KDE LDA" 35 5000 3.44949494949495
514.05 22.95 0 0 "KDE LDA" 35 5000 3.45959595959596
514.075 23.085 0 0 "KDE LDA" 35 5000 3.46969696969697
515.325 23.12 0 0 "KDE LDA" 35 5000 3.47979797979798
528.015 23.245 0 0 "KDE LDA" 35 5000 3.48989898989899
530.18 23.25 0 0 "KDE LDA" 35 5000 3.5
112.81 11.015 0 0 "KDE QDA" 35 5000 2.7
112.815 11.02 0 0 "KDE QDA" 35 5000 2.71010101010101
113.08 11.035 0 0 "KDE QDA" 35 5000 2.72020202020202
113.105 11.035 0 0 "KDE QDA" 35 5000 2.73030303030303
113.105 11.035 0 0 "KDE QDA" 35 5000 2.74040404040404
113.39 11.035 0 0 "KDE QDA" 35 5000 2.75050505050505
113.39 11.035 0 0 "KDE QDA" 35 5000 2.76060606060606
113.395 11.035 0 0 "KDE QDA" 35 5000 2.77070707070707
114.45 11.035 0 0 "KDE QDA" 35 5000 2.78080808080808
114.45 11.035 0 0 "KDE QDA" 35 5000 2.79090909090909
148.01 12.595 0 0 "KDE QDA" 35 5000 2.8010101010101
148.01 12.595 0 0 "KDE QDA" 35 5000 2.81111111111111
148.01 12.595 0 0 "KDE QDA" 35 5000 2.82121212121212
152.235 12.87 0 0 "KDE QDA" 35 5000 2.83131313131313
152.235 12.87 0 0 "KDE QDA" 35 5000 2.84141414141414
152.575 12.87 0 0 "KDE QDA" 35 5000 2.85151515151515
152.6 12.87 0 0 "KDE QDA" 35 5000 2.86161616161616
152.615 12.87 0 0 "KDE QDA" 35 5000 2.87171717171717
152.615 12.87 0 0 "KDE QDA" 35 5000 2.88181818181818
152.615 12.87 0 0 "KDE QDA" 35 5000 2.89191919191919
152.615 12.87 0 0 "KDE QDA" 35 5000 2.9020202020202
152.615 12.875 0 0 "KDE QDA" 35 5000 2.91212121212121
152.615 12.875 0 0 "KDE QDA" 35 5000 2.92222222222222
152.615 12.875 0 0 "KDE QDA" 35 5000 2.93232323232323
152.615 12.875 0 0 "KDE QDA" 35 5000 2.94242424242424
152.64 12.875 0 0 "KDE QDA" 35 5000 2.95252525252525
159.71 13.1 0 0 "KDE QDA" 35 5000 2.96262626262626
159.71 13.1 0 0 "KDE QDA" 35 5000 2.97272727272727
162.11 13.15 0 0 "KDE QDA" 35 5000 2.98282828282828
164.75 13.15 0 0 "KDE QDA" 35 5000 2.99292929292929
164.755 13.15 0 0 "KDE QDA" 35 5000 3.0030303030303
164.77 13.2 0 0 "KDE QDA" 35 5000 3.01313131313131
164.77 13.2 0 0 "KDE QDA" 35 5000 3.02323232323232
164.775 13.2 0 0 "KDE QDA" 35 5000 3.03333333333333
164.775 13.215 0 0 "KDE QDA" 35 5000 3.04343434343434
164.775 13.215 0 0 "KDE QDA" 35 5000 3.05353535353535
164.775 13.215 0 0 "KDE QDA" 35 5000 3.06363636363636
164.775 13.215 0 0 "KDE QDA" 35 5000 3.07373737373737
165.54 13.22 0 0 "KDE QDA" 35 5000 3.08383838383838
174.05 13.695 0 0 "KDE QDA" 35 5000 3.09393939393939
174.45 13.695 0 0 "KDE QDA" 35 5000 3.1040404040404
174.46 13.695 0 0 "KDE QDA" 35 5000 3.11414141414141
174.49 13.72 0 0 "KDE QDA" 35 5000 3.12424242424242
174.625 13.72 0 0 "KDE QDA" 35 5000 3.13434343434343
174.64 13.795 0 0 "KDE QDA" 35 5000 3.14444444444444
175.665 13.795 0 0 "KDE QDA" 35 5000 3.15454545454545
175.665 13.795 0 0 "KDE QDA" 35 5000 3.16464646464646
175.69 13.815 0 0 "KDE QDA" 35 5000 3.17474747474748
175.69 13.815 0 0 "KDE QDA" 35 5000 3.18484848484849
175.69 13.815 0 0 "KDE QDA" 35 5000 3.19494949494949
175.69 13.815 0 0 "KDE QDA" 35 5000 3.20505050505051
175.69 13.815 0 0 "KDE QDA" 35 5000 3.21515151515152
195.405 14.4 0 0 "KDE QDA" 35 5000 3.22525252525253
195.415 14.405 0 0 "KDE QDA" 35 5000 3.23535353535354
195.45 14.405 0 0 "KDE QDA" 35 5000 3.24545454545455
206.515 14.585 0 0 "KDE QDA" 35 5000 3.25555555555556
206.515 14.59 0 0 "KDE QDA" 35 5000 3.26565656565657
206.535 14.62 0 0 "KDE QDA" 35 5000 3.27575757575758
206.79 14.62 0 0 "KDE QDA" 35 5000 3.28585858585859
206.805 14.62 0 0 "KDE QDA" 35 5000 3.2959595959596
206.805 14.62 0 0 "KDE QDA" 35 5000 3.30606060606061
206.85 14.62 0 0 "KDE QDA" 35 5000 3.31616161616162
207.63 14.62 0 0 "KDE QDA" 35 5000 3.32626262626263
207.655 14.62 0 0 "KDE QDA" 35 5000 3.33636363636364
207.655 14.62 0 0 "KDE QDA" 35 5000 3.34646464646465
207.655 14.625 0 0 "KDE QDA" 35 5000 3.35656565656566
245.28 15.405 0 0 "KDE QDA" 35 5000 3.36666666666667
245.28 15.405 0 0 "KDE QDA" 35 5000 3.37676767676768
251.89 15.6 0 0 "KDE QDA" 35 5000 3.38686868686869
251.915 15.6 0 0 "KDE QDA" 35 5000 3.3969696969697
251.915 15.6 0 0 "KDE QDA" 35 5000 3.40707070707071
254.62 15.605 0 0 "KDE QDA" 35 5000 3.41717171717172
254.62 15.605 0 0 "KDE QDA" 35 5000 3.42727272727273
254.65 15.62 0 0 "KDE QDA" 35 5000 3.43737373737374
254.65 15.62 0 0 "KDE QDA" 35 5000 3.44747474747475
254.65 15.62 0 0 "KDE QDA" 35 5000 3.45757575757576
255.63 15.655 0 0 "KDE QDA" 35 5000 3.46767676767677
255.63 15.655 0 0 "KDE QDA" 35 5000 3.47777777777778
255.63 15.655 0 0 "KDE QDA" 35 5000 3.48787878787879
256.105 15.655 0 0 "KDE QDA" 35 5000 3.4979797979798
256.105 15.655 0 0 "KDE QDA" 35 5000 3.50808080808081
282.26 16.01 0 0 "KDE QDA" 35 5000 3.51818181818182
282.265 16.015 0 0 "KDE QDA" 35 5000 3.52828282828283
282.265 16.015 0 0 "KDE QDA" 35 5000 3.53838383838384
282.995 16.09 0 0 "KDE QDA" 35 5000 3.54848484848485
284.25 16.09 0 0 "KDE QDA" 35 5000 3.55858585858586
284.54 16.125 0 0 "KDE QDA" 35 5000 3.56868686868687
284.54 16.125 0 0 "KDE QDA" 35 5000 3.57878787878788
284.8 16.125 0 0 "KDE QDA" 35 5000 3.58888888888889
284.8 16.14 0 0 "KDE QDA" 35 5000 3.5989898989899
285.965 16.14 0 0 "KDE QDA" 35 5000 3.60909090909091
285.97 16.14 0 0 "KDE QDA" 35 5000 3.61919191919192
285.975 16.145 0 0 "KDE QDA" 35 5000 3.62929292929293
285.975 16.15 0 0 "KDE QDA" 35 5000 3.63939393939394
285.98 16.155 0 0 "KDE QDA" 35 5000 3.64949494949495
306.685 16.695 0 0 "KDE QDA" 35 5000 3.65959595959596
310.23 16.695 0 0 "KDE QDA" 35 5000 3.66969696969697
327.26 16.765 0 0 "KDE QDA" 35 5000 3.67979797979798
327.265 16.77 0 0 "KDE QDA" 35 5000 3.68989898989899
327.265 16.77 0 0 "KDE QDA" 35 5000 3.7
