119.94 13.725 0 0 "KDE LDA" 119 1500 2.5
122.77 13.76 0 0 "KDE LDA" 119 1500 2.51010101010101
123.69 13.8 0 0 "KDE LDA" 119 1500 2.52020202020202
131.125 13.86 0 0 "KDE LDA" 119 1500 2.53030303030303
132.38 13.91 0 0 "KDE LDA" 119 1500 2.54040404040404
132.385 13.915 0 0 "KDE LDA" 119 1500 2.55050505050505
132.39 13.92 0 0 "KDE LDA" 119 1500 2.56060606060606
133.315 13.935 0 0 "KDE LDA" 119 1500 2.57070707070707
133.56 13.97 0 0 "KDE LDA" 119 1500 2.58080808080808
136.51 14.16 0 0 "KDE LDA" 119 1500 2.59090909090909
137.455 14.23 0 0 "KDE LDA" 119 1500 2.6010101010101
140.26 14.24 0 0 "KDE LDA" 119 1500 2.61111111111111
140.965 14.32 0 0 "KDE LDA" 119 1500 2.62121212121212
140.98 14.355 0 0 "KDE LDA" 119 1500 2.63131313131313
146.095 14.385 0 0 "KDE LDA" 119 1500 2.64141414141414
149.195 14.6 0 0 "KDE LDA" 119 1500 2.65151515151515
159.805 14.63 0 0 "KDE LDA" 119 1500 2.66161616161616
172.465 15.075 0 0 "KDE LDA" 119 1500 2.67171717171717
172.465 15.16 0 0 "KDE LDA" 119 1500 2.68181818181818
173.51 15.21 0 0 "KDE LDA" 119 1500 2.69191919191919
176.065 15.235 0 0 "KDE LDA" 119 1500 2.7020202020202
179.065 15.235 0 0 "KDE LDA" 119 1500 2.71212121212121
179.07 15.295 0 0 "KDE LDA" 119 1500 2.72222222222222
180.895 15.305 0 0 "KDE LDA" 119 1500 2.73232323232323
182.79 15.31 0 0 "KDE LDA" 119 1500 2.74242424242424
182.81 15.34 0 0 "KDE LDA" 119 1500 2.75252525252525
183.475 15.37 0 0 "KDE LDA" 119 1500 2.76262626262626
187.755 15.425 0 0 "KDE LDA" 119 1500 2.77272727272727
189.59 15.46 0 0 "KDE LDA" 119 1500 2.78282828282828
197.9 15.495 0 0 "KDE LDA" 119 1500 2.79292929292929
232.955 16.49 0 0 "KDE LDA" 119 1500 2.8030303030303
232.955 16.59 0 0 "KDE LDA" 119 1500 2.81313131313131
234.17 16.725 0 0 "KDE LDA" 119 1500 2.82323232323232
234.29 16.785 0 0 "KDE LDA" 119 1500 2.83333333333333
237.195 16.795 0 0 "KDE LDA" 119 1500 2.84343434343434
238.47 16.805 0 0 "KDE LDA" 119 1500 2.85353535353535
239.3 16.895 0 0 "KDE LDA" 119 1500 2.86363636363636
248.19 16.92 0 0 "KDE LDA" 119 1500 2.87373737373737
248.275 17.13 0 0 "KDE LDA" 119 1500 2.88383838383838
249.895 17.16 0 0 "KDE LDA" 119 1500 2.89393939393939
249.9 17.16 0 0 "KDE LDA" 119 1500 2.9040404040404
251.505 17.16 0 0 "KDE LDA" 119 1500 2.91414141414141
254.47 17.195 0 0 "KDE LDA" 119 1500 2.92424242424242
254.74 17.21 0 0 "KDE LDA" 119 1500 2.93434343434343
255.155 17.22 0 0 "KDE LDA" 119 1500 2.94444444444444
261.17 17.58 0 0 "KDE LDA" 119 1500 2.95454545454545
262.195 17.7 0 0 "KDE LDA" 119 1500 2.96464646464646
262.215 17.76 0 0 "KDE LDA" 119 1500 2.97474747474747
262.225 17.77 0 0 "KDE LDA" 119 1500 2.98484848484848
262.835 17.77 0 0 "KDE LDA" 119 1500 2.99494949494949
262.85 17.775 0 0 "KDE LDA" 119 1500 3.00505050505051
263.615 17.775 0 0 "KDE LDA" 119 1500 3.01515151515152
263.87 17.815 0 0 "KDE LDA" 119 1500 3.02525252525253
263.875 17.89 0 0 "KDE LDA" 119 1500 3.03535353535354
264.3 18.055 0 0 "KDE LDA" 119 1500 3.04545454545455
266.07 18.06 0 0 "KDE LDA" 119 1500 3.05555555555556
271.64 18.075 0 0 "KDE LDA" 119 1500 3.06565656565657
273.655 18.095 0 0 "KDE LDA" 119 1500 3.07575757575758
275.14 18.28 0 0 "KDE LDA" 119 1500 3.08585858585859
287.34 18.525 0 0 "KDE LDA" 119 1500 3.0959595959596
290.39 18.535 0 0 "KDE LDA" 119 1500 3.10606060606061
298.96 18.625 0 0 "KDE LDA" 119 1500 3.11616161616162
298.96 18.78 0 0 "KDE LDA" 119 1500 3.12626262626263
300.15 18.86 0 0 "KDE LDA" 119 1500 3.13636363636364
300.66 18.875 0 0 "KDE LDA" 119 1500 3.14646464646465
301.165 18.91 0 0 "KDE LDA" 119 1500 3.15656565656566
310.41 18.95 0 0 "KDE LDA" 119 1500 3.16666666666667
310.78 18.96 0 0 "KDE LDA" 119 1500 3.17676767676768
311.425 19.375 0 0 "KDE LDA" 119 1500 3.18686868686869
311.44 19.42 0 0 "KDE LDA" 119 1500 3.1969696969697
325.87 19.49 0 0 "KDE LDA" 119 1500 3.20707070707071
331.825 19.575 0 0 "KDE LDA" 119 1500 3.21717171717172
349.54 19.73 0 0 "KDE LDA" 119 1500 3.22727272727273
349.54 19.74 0 0 "KDE LDA" 119 1500 3.23737373737374
353.09 19.815 0 0 "KDE LDA" 119 1500 3.24747474747475
358.98 20.115 0 0 "KDE LDA" 119 1500 3.25757575757576
358.985 20.125 0 0 "KDE LDA" 119 1500 3.26767676767677
360.415 20.25 0 0 "KDE LDA" 119 1500 3.27777777777778
368.815 20.325 0 0 "KDE LDA" 119 1500 3.28787878787879
378.505 20.345 0 0 "KDE LDA" 119 1500 3.2979797979798
390.57 20.535 0 0 "KDE LDA" 119 1500 3.30808080808081
395.145 20.575 0 0 "KDE LDA" 119 1500 3.31818181818182
398.3 20.61 0 0 "KDE LDA" 119 1500 3.32828282828283
401.79 20.67 0 0 "KDE LDA" 119 1500 3.33838383838384
414.665 20.795 0 0 "KDE LDA" 119 1500 3.34848484848485
483.07 21.44 0 0 "KDE LDA" 119 1500 3.35858585858586
485.96 21.46 0 0 "KDE LDA" 119 1500 3.36868686868687
487.185 21.54 0 0 "KDE LDA" 119 1500 3.37878787878788
495.155 21.595 0 0 "KDE LDA" 119 1500 3.38888888888889
499.66 21.665 0 0 "KDE LDA" 119 1500 3.3989898989899
509.87 21.665 0 0 "KDE LDA" 119 1500 3.40909090909091
510.785 21.69 0 0 "KDE LDA" 119 1500 3.41919191919192
510.92 21.835 0 0 "KDE LDA" 119 1500 3.42929292929293
512.28 21.885 0 0 "KDE LDA" 119 1500 3.43939393939394
525.555 21.985 0 0 "KDE LDA" 119 1500 3.44949494949495
526.435 21.985 0 0 "KDE LDA" 119 1500 3.45959595959596
532.345 22.01 0 0 "KDE LDA" 119 1500 3.46969696969697
532.38 22.1 0 0 "KDE LDA" 119 1500 3.47979797979798
534.225 22.145 0 0 "KDE LDA" 119 1500 3.48989898989899
542.395 22.21 0 0 "KDE LDA" 119 1500 3.5
100.535 12.33 0 0 "KDE QDA" 119 1500 2.8
101.375 12.33 0 0 "KDE QDA" 119 1500 2.81010101010101
101.525 12.335 0 0 "KDE QDA" 119 1500 2.82020202020202
104.275 12.54 0 0 "KDE QDA" 119 1500 2.83030303030303
104.3 12.545 0 0 "KDE QDA" 119 1500 2.84040404040404
105.45 12.55 0 0 "KDE QDA" 119 1500 2.85050505050505
105.45 12.555 0 0 "KDE QDA" 119 1500 2.86060606060606
107.96 12.555 0 0 "KDE QDA" 119 1500 2.87070707070707
107.96 12.565 0 0 "KDE QDA" 119 1500 2.88080808080808
107.995 12.565 0 0 "KDE QDA" 119 1500 2.89090909090909
108.02 12.565 0 0 "KDE QDA" 119 1500 2.9010101010101
109.785 12.57 0 0 "KDE QDA" 119 1500 2.91111111111111
109.81 12.57 0 0 "KDE QDA" 119 1500 2.92121212121212
110.15 12.575 0 0 "KDE QDA" 119 1500 2.93131313131313
110.37 12.575 0 0 "KDE QDA" 119 1500 2.94141414141414
110.37 12.58 0 0 "KDE QDA" 119 1500 2.95151515151515
112.16 12.775 0 0 "KDE QDA" 119 1500 2.96161616161616
112.34 12.785 0 0 "KDE QDA" 119 1500 2.97171717171717
112.34 12.785 0 0 "KDE QDA" 119 1500 2.98181818181818
112.775 12.81 0 0 "KDE QDA" 119 1500 2.99191919191919
112.775 12.81 0 0 "KDE QDA" 119 1500 3.0020202020202
114.03 12.835 0 0 "KDE QDA" 119 1500 3.01212121212121
114.035 12.84 0 0 "KDE QDA" 119 1500 3.02222222222222
114.04 12.84 0 0 "KDE QDA" 119 1500 3.03232323232323
114.05 12.91 0 0 "KDE QDA" 119 1500 3.04242424242424
114.715 12.91 0 0 "KDE QDA" 119 1500 3.05252525252525
114.735 12.91 0 0 "KDE QDA" 119 1500 3.06262626262626
114.74 12.91 0 0 "KDE QDA" 119 1500 3.07272727272727
115.57 12.91 0 0 "KDE QDA" 119 1500 3.08282828282828
124.81 13.365 0 0 "KDE QDA" 119 1500 3.09292929292929
124.85 13.375 0 0 "KDE QDA" 119 1500 3.1030303030303
126.345 13.38 0 0 "KDE QDA" 119 1500 3.11313131313131
129.49 13.425 0 0 "KDE QDA" 119 1500 3.12323232323232
129.97 13.445 0 0 "KDE QDA" 119 1500 3.13333333333333
131.53 13.45 0 0 "KDE QDA" 119 1500 3.14343434343434
131.535 13.485 0 0 "KDE QDA" 119 1500 3.15353535353535
132.11 13.5 0 0 "KDE QDA" 119 1500 3.16363636363636
132.125 13.5 0 0 "KDE QDA" 119 1500 3.17373737373737
132.315 13.505 0 0 "KDE QDA" 119 1500 3.18383838383838
132.35 13.515 0 0 "KDE QDA" 119 1500 3.19393939393939
134.605 13.515 0 0 "KDE QDA" 119 1500 3.2040404040404
134.665 13.53 0 0 "KDE QDA" 119 1500 3.21414141414141
138.13 14.17 0 0 "KDE QDA" 119 1500 3.22424242424242
142.36 14.4 0 0 "KDE QDA" 119 1500 3.23434343434343
142.735 14.4 0 0 "KDE QDA" 119 1500 3.24444444444444
143.54 14.455 0 0 "KDE QDA" 119 1500 3.25454545454545
146.33 14.47 0 0 "KDE QDA" 119 1500 3.26464646464646
146.46 14.47 0 0 "KDE QDA" 119 1500 3.27474747474747
146.645 14.475 0 0 "KDE QDA" 119 1500 3.28484848484848
148.465 14.53 0 0 "KDE QDA" 119 1500 3.29494949494949
149.215 14.55 0 0 "KDE QDA" 119 1500 3.30505050505051
149.255 14.56 0 0 "KDE QDA" 119 1500 3.31515151515151
150.35 14.56 0 0 "KDE QDA" 119 1500 3.32525252525252
152.985 14.56 0 0 "KDE QDA" 119 1500 3.33535353535354
154.59 14.565 0 0 "KDE QDA" 119 1500 3.34545454545455
155.455 14.58 0 0 "KDE QDA" 119 1500 3.35555555555556
168.67 15.25 0 0 "KDE QDA" 119 1500 3.36565656565657
169.765 15.25 0 0 "KDE QDA" 119 1500 3.37575757575758
182.465 15.37 0 0 "KDE QDA" 119 1500 3.38585858585859
184.705 15.4 0 0 "KDE QDA" 119 1500 3.3959595959596
187.565 15.455 0 0 "KDE QDA" 119 1500 3.40606060606061
188.955 15.48 0 0 "KDE QDA" 119 1500 3.41616161616162
188.955 15.48 0 0 "KDE QDA" 119 1500 3.42626262626263
188.965 15.48 0 0 "KDE QDA" 119 1500 3.43636363636364
188.985 15.575 0 0 "KDE QDA" 119 1500 3.44646464646465
188.99 15.575 0 0 "KDE QDA" 119 1500 3.45656565656566
192.61 15.58 0 0 "KDE QDA" 119 1500 3.46666666666667
192.615 15.585 0 0 "KDE QDA" 119 1500 3.47676767676768
192.635 15.6 0 0 "KDE QDA" 119 1500 3.48686868686869
193.3 15.6 0 0 "KDE QDA" 119 1500 3.4969696969697
193.31 15.6 0 0 "KDE QDA" 119 1500 3.50707070707071
196.98 15.765 0 0 "KDE QDA" 119 1500 3.51717171717172
200.995 15.795 0 0 "KDE QDA" 119 1500 3.52727272727273
201.09 15.8 0 0 "KDE QDA" 119 1500 3.53737373737374
205.195 15.82 0 0 "KDE QDA" 119 1500 3.54747474747475
205.2 15.865 0 0 "KDE QDA" 119 1500 3.55757575757576
206.35 15.885 0 0 "KDE QDA" 119 1500 3.56767676767677
206.375 15.895 0 0 "KDE QDA" 119 1500 3.57777777777778
206.39 15.895 0 0 "KDE QDA" 119 1500 3.58787878787879
206.4 15.91 0 0 "KDE QDA" 119 1500 3.5979797979798
206.415 15.91 0 0 "KDE QDA" 119 1500 3.60808080808081
208.44 15.915 0 0 "KDE QDA" 119 1500 3.61818181818182
208.475 15.915 0 0 "KDE QDA" 119 1500 3.62828282828283
208.57 15.975 0 0 "KDE QDA" 119 1500 3.63838383838384
208.585 15.975 0 0 "KDE QDA" 119 1500 3.64848484848485
217.59 16.255 0 0 "KDE QDA" 119 1500 3.65858585858586
217.6 16.27 0 0 "KDE QDA" 119 1500 3.66868686868687
220.2 16.285 0 0 "KDE QDA" 119 1500 3.67878787878788
221.32 16.295 0 0 "KDE QDA" 119 1500 3.68888888888889
221.355 16.295 0 0 "KDE QDA" 119 1500 3.6989898989899
221.39 16.32 0 0 "KDE QDA" 119 1500 3.70909090909091
225.75 16.32 0 0 "KDE QDA" 119 1500 3.71919191919192
225.755 16.325 0 0 "KDE QDA" 119 1500 3.72929292929293
225.765 16.35 0 0 "KDE QDA" 119 1500 3.73939393939394
229.235 16.43 0 0 "KDE QDA" 119 1500 3.74949494949495
229.26 16.44 0 0 "KDE QDA" 119 1500 3.75959595959596
229.275 16.445 0 0 "KDE QDA" 119 1500 3.76969696969697
229.505 16.46 0 0 "KDE QDA" 119 1500 3.77979797979798
240.045 16.97 0 0 "KDE QDA" 119 1500 3.78989898989899
240.6 16.975 0 0 "KDE QDA" 119 1500 3.8
