50.229 0 45.237229866184 "LDA" 40 3 2 1.5
52.825 0 47.5868141387914 "LDA" 40 3 2 1.53535353535354
55.187 0 50.0970832359405 "LDA" 40 3 2 1.57070707070707
58.431 0 53.2464686662451 "LDA" 40 3 2 1.60606060606061
61.913 0 57.1877247918368 "LDA" 40 3 2 1.64141414141414
65.218 0 60.078281232704 "LDA" 40 3 2 1.67676767676768
69.281 0 62.2654721979046 "LDA" 40 3 2 1.71212121212121
71.895 0 64.9184749003193 "LDA" 40 3 2 1.74747474747475
75.103 0 66.9501659125332 "LDA" 40 3 2 1.78282828282828
78.783 0 70.2932219210931 "LDA" 40 3 2 1.81818181818182
82.077 0 73.334282487715 "LDA" 40 3 2 1.85353535353535
85.966 0 75.8439922153044 "LDA" 40 3 2 1.88888888888889
89.635 0 79.6680285294532 "LDA" 40 3 2 1.92424242424242
93.925 0 83.6735958689816 "LDA" 40 3 2 1.95959595959596
97.983 0 88.5598868820673 "LDA" 40 3 2 1.99494949494949
102.889 0 91.9564389570718 "LDA" 40 3 2 2.03030303030303
108.783 0 98.3440972934953 "LDA" 40 3 2 2.06565656565657
113.613 0 102.883011936593 "LDA" 40 3 2 2.1010101010101
119.652 0 107.841618639145 "LDA" 40 3 2 2.13636363636364
124.492 0 112.093205961926 "LDA" 40 3 2 2.17171717171717
129.398 0 117.184750978367 "LDA" 40 3 2 2.20707070707071
135.02 0 121.764083752526 "LDA" 40 3 2 2.24242424242424
140.689 0 127.605562020072 "LDA" 40 3 2 2.27777777777778
147.651 0 134.521571698565 "LDA" 40 3 2 2.31313131313131
153.475 0 138.77346089382 "LDA" 40 3 2 2.34848484848485
161.283 0 145.890290588126 "LDA" 40 3 2 2.38383838383838
168.463 0 152.115843556353 "LDA" 40 3 2 2.41919191919192
174.888 0 157.618492078325 "LDA" 40 3 2 2.45454545454545
183.585 0 167.968438020871 "LDA" 40 3 2 2.48989898989899
188.784 0 172.167456207545 "LDA" 40 3 2 2.52525252525253
196.918 0 177.217079225365 "LDA" 40 3 2 2.56060606060606
204.244 0 182.682071378675 "LDA" 40 3 2 2.5959595959596
215.997 0 197.474451892264 "LDA" 40 3 2 2.63131313131313
223.651 0 200.848323986655 "LDA" 40 3 2 2.66666666666667
235.137 0 211.98933867228 "LDA" 40 3 2 2.7020202020202
243.201201201201 1 216.408196641684 "LDA" 40 3 2 2.73737373737374
255.572572572573 1 230.501640995225 "LDA" 40 3 2 2.77272727272727
267.044044044044 1 239.497867462531 "LDA" 40 3 2 2.80808080808081
276.734734734735 1 245.665838310764 "LDA" 40 3 2 2.84343434343434
284.814814814815 1 255.697957817431 "LDA" 40 3 2 2.87878787878788
300.751751751752 1 278.804728416879 "LDA" 40 3 2 2.91414141414141
310.791791791792 1 285.594497718262 "LDA" 40 3 2 2.94949494949495
323.062062062062 1 297.620500094172 "LDA" 40 3 2 2.98484848484848
339.027027027027 1 308.432728104204 "LDA" 40 3 2 3.02020202020202
352.62962962963 1 315.359887557571 "LDA" 40 3 2 3.05555555555556
364.90380761523 2 324.632956482911 "LDA" 40 3 2 3.09090909090909
372.255020080321 4 329.703889114743 "LDA" 40 3 2 3.12626262626263
386.910642570281 4 341.480214259689 "LDA" 40 3 2 3.16161616161616
398.263581488934 6 352.57011607465 "LDA" 40 3 2 3.1969696969697
420.064386317907 6 372.461729657818 "LDA" 40 3 2 3.23232323232323
434.485397784491 7 383.520673358576 "LDA" 40 3 2 3.26767676767677
447.934475806452 8 392.930728959666 "LDA" 40 3 2 3.3030303030303
465.242669362993 11 405.572711671762 "LDA" 40 3 2 3.33838383838384
471.034482758621 14 405.952012401939 "LDA" 40 3 2 3.37373737373737
484.95537525355 14 412.234901785699 "LDA" 40 3 2 3.40909090909091
493.566191446029 18 415.448042039692 "LDA" 40 3 2 3.44444444444444
505.218685831622 26 420.988479066347 "LDA" 40 3 2 3.47979797979798
520.447991761071 29 432.246715207668 "LDA" 40 3 2 3.51515151515152
533.566563467492 31 440.449992889335 "LDA" 40 3 2 3.55050505050505
547.309449636552 37 443.780128295848 "LDA" 40 3 2 3.58585858585859
560.896551724138 43 449.109265761351 "LDA" 40 3 2 3.62121212121212
571.358193277311 48 454.248961111602 "LDA" 40 3 2 3.65656565656566
590.185185185185 55 461.398441495187 "LDA" 40 3 2 3.69191919191919
592.608556149733 65 460.733237801373 "LDA" 40 3 2 3.72727272727273
609.750539956803 74 470.078596504457 "LDA" 40 3 2 3.76262626262626
629.160520607375 78 476.881518714416 "LDA" 40 3 2 3.7979797979798
640.407894736842 88 483.606729693213 "LDA" 40 3 2 3.83333333333333
651.181312569522 101 482.404170118269 "LDA" 40 3 2 3.86868686868687
661.680089485459 106 484.766926028017 "LDA" 40 3 2 3.9040404040404
667.815107102593 113 488.175281769659 "LDA" 40 3 2 3.93939393939394
680.034052213394 119 492.122059621799 "LDA" 40 3 2 3.97474747474747
693.146620847652 127 499.164429381985 "LDA" 40 3 2 4.01010101010101
706.593279258401 137 507.90324662894 "LDA" 40 3 2 4.04545454545454
722.342352941177 150 511.561089588325 "LDA" 40 3 2 4.08080808080808
733.706443914081 162 520.184508881043 "LDA" 40 3 2 4.11616161616162
737.479268292683 180 522.274303098592 "LDA" 40 3 2 4.15151515151515
748.874689826303 194 526.739947085366 "LDA" 40 3 2 4.18686868686869
751.753441802253 201 525.55105872156 "LDA" 40 3 2 4.22222222222222
761.803049555273 213 528.092997815568 "LDA" 40 3 2 4.25757575757576
774.188067444877 229 538.60249628115 "LDA" 40 3 2 4.29292929292929
777.857519788918 242 536.773058683633 "LDA" 40 3 2 4.32828282828283
784.969086021505 256 538.824392382482 "LDA" 40 3 2 4.36363636363636
792.6292749658 269 541.917734409781 "LDA" 40 3 2 4.3989898989899
802.432960893855 284 544.230750862892 "LDA" 40 3 2 4.43434343434343
815.533523537803 299 543.815124129248 "LDA" 40 3 2 4.46969696969697
821.217076700434 309 545.338184448979 "LDA" 40 3 2 4.50505050505051
831.268148148148 325 547.667991740281 "LDA" 40 3 2 4.54040404040404
840.820089955022 333 550.628661203474 "LDA" 40 3 2 4.57575757575758
850.828220858896 348 557.817026694191 "LDA" 40 3 2 4.61111111111111
862.076682316119 361 558.028893930864 "LDA" 40 3 2 4.64646464646465
876.426984126984 370 556.22740734565 "LDA" 40 3 2 4.68181818181818
885.381642512077 379 557.568555817715 "LDA" 40 3 2 4.71717171717172
895.249592169657 387 558.9128464751 "LDA" 40 3 2 4.75252525252525
890.426421404682 402 556.346141278503 "LDA" 40 3 2 4.78787878787879
895.606473594549 413 556.152049849569 "LDA" 40 3 2 4.82323232323232
892.326352530541 427 557.821029229343 "LDA" 40 3 2 4.85858585858586
893.092391304348 448 555.002013187833 "LDA" 40 3 2 4.89393939393939
897.561111111111 460 557.63183168587 "LDA" 40 3 2 4.92929292929293
900.75 472 556.716299339856 "LDA" 40 3 2 4.96464646464646
912.00193050193 482 561.313985850997 "LDA" 40 3 2 5
45.603 0 39.801904258246 "uLSIF" 40 3 2 1.5
47.919 0 41.1820154606036 "uLSIF" 40 3 2 1.53535353535354
50.29 0 44.4359139711388 "uLSIF" 40 3 2 1.57070707070707
53.134 0 47.1020450367778 "uLSIF" 40 3 2 1.60606060606061
56.721 0 52.053460228132 "uLSIF" 40 3 2 1.64141414141414
60.835 0 58.0294855758363 "uLSIF" 40 3 2 1.67676767676768
64.433 0 60.0725746512102 "uLSIF" 40 3 2 1.71212121212121
67.219 0 62.2108610310951 "uLSIF" 40 3 2 1.74747474747475
70.696 0 66.5844506853745 "uLSIF" 40 3 2 1.78282828282828
73.616 0 68.9689586789685 "uLSIF" 40 3 2 1.81818181818182
77.61 0 72.2417799806648 "uLSIF" 40 3 2 1.85353535353535
80.819 0 74.6743630672502 "uLSIF" 40 3 2 1.88888888888889
85.095 0 77.4980769240562 "uLSIF" 40 3 2 1.92424242424242
89.977 0 82.5756574918433 "uLSIF" 40 3 2 1.95959595959596
94.999 0 88.0044645730248 "uLSIF" 40 3 2 1.99494949494949
101.089 0 94.2078776069348 "uLSIF" 40 3 2 2.03030303030303
106.536 0 98.6956916159137 "uLSIF" 40 3 2 2.06565656565657
112.657 0 104.798979847979 "uLSIF" 40 3 2 2.1010101010101
117.848 0 110.346659583701 "uLSIF" 40 3 2 2.13636363636364
121.863 0 113.950308924127 "uLSIF" 40 3 2 2.17171717171717
126.142 0 117.170750705203 "uLSIF" 40 3 2 2.20707070707071
132.883 0 123.406492833536 "uLSIF" 40 3 2 2.24242424242424
137.293 0 126.85718701318 "uLSIF" 40 3 2 2.27777777777778
143.023 0 131.344477778256 "uLSIF" 40 3 2 2.31313131313131
149.009 0 139.362508688054 "uLSIF" 40 3 2 2.34848484848485
156.564 0 146.669498689557 "uLSIF" 40 3 2 2.38383838383838
163.604 0 156.295686202549 "uLSIF" 40 3 2 2.41919191919192
168.948 0 159.299113316752 "uLSIF" 40 3 2 2.45454545454545
177.002 0 167.090841596257 "uLSIF" 40 3 2 2.48989898989899
185.324 0 178.168541143079 "uLSIF" 40 3 2 2.52525252525253
194.357 0 187.021658242172 "uLSIF" 40 3 2 2.56060606060606
206.389 0 196.459950603657 "uLSIF" 40 3 2 2.5959595959596
214.841 0 199.365870874304 "uLSIF" 40 3 2 2.63131313131313
225.377 0 207.950268538382 "uLSIF" 40 3 2 2.66666666666667
233.863 0 221.995631243706 "uLSIF" 40 3 2 2.7020202020202
242.477 0 227.002686527474 "uLSIF" 40 3 2 2.73737373737374
252.867735470942 2 236.706701910339 "uLSIF" 40 3 2 2.77272727272727
264.744232698094 3 248.257683241611 "uLSIF" 40 3 2 2.80808080808081
272.786359077232 3 253.81702429461 "uLSIF" 40 3 2 2.84343434343434
291.037111334002 3 275.493568804594 "uLSIF" 40 3 2 2.87878787878788
302.756268806419 3 286.274715306496 "uLSIF" 40 3 2 2.91414141414141
321.048192771084 4 300.725918532362 "uLSIF" 40 3 2 2.94949494949495
332.495477386935 5 310.253486823541 "uLSIF" 40 3 2 2.98484848484848
343.475376884422 5 320.408278507831 "uLSIF" 40 3 2 3.02020202020202
353.391348088531 6 324.076997125769 "uLSIF" 40 3 2 3.05555555555556
371.468812877264 6 339.353697574673 "uLSIF" 40 3 2 3.09090909090909
389.496981891348 6 354.304530585909 "uLSIF" 40 3 2 3.12626262626263
405.214501510574 7 365.460432789455 "uLSIF" 40 3 2 3.16161616161616
417.745711402624 9 373.241195230977 "uLSIF" 40 3 2 3.1969696969697
432.584008097166 12 381.951497352233 "uLSIF" 40 3 2 3.23232323232323
443.624493927126 12 387.972055427385 "uLSIF" 40 3 2 3.26767676767677
463.663959390863 15 399.960150162547 "uLSIF" 40 3 2 3.3030303030303
478.42987804878 16 411.796153930866 "uLSIF" 40 3 2 3.33838383838384
493.929663608563 19 423.981851443981 "uLSIF" 40 3 2 3.37373737373737
516.190378710338 23 439.920988376201 "uLSIF" 40 3 2 3.40909090909091
532.819487179487 25 454.33546054447 "uLSIF" 40 3 2 3.44444444444444
550.212744090442 27 457.618718953002 "uLSIF" 40 3 2 3.47979797979798
568.531958762887 30 468.214214411706 "uLSIF" 40 3 2 3.51515151515152
587.614669421488 32 478.810002918942 "uLSIF" 40 3 2 3.55050505050505
604.275933609959 36 485.742029703224 "uLSIF" 40 3 2 3.58585858585859
612.755485893417 43 487.281272446082 "uLSIF" 40 3 2 3.62121212121212
624.715036803365 49 486.321128230237 "uLSIF" 40 3 2 3.65656565656566
632.562765957447 60 487.593492082932 "uLSIF" 40 3 2 3.69191919191919
641.223175965665 68 490.124315736152 "uLSIF" 40 3 2 3.72727272727273
646.140369967356 81 490.804038754588 "uLSIF" 40 3 2 3.76262626262626
660.788144895719 89 496.721376022578 "uLSIF" 40 3 2 3.7979797979798
674.409090909091 98 503.909876071607 "uLSIF" 40 3 2 3.83333333333333
685.121212121212 109 510.876243187047 "uLSIF" 40 3 2 3.86868686868687
697.566101694915 115 513.87541778475 "uLSIF" 40 3 2 3.9040404040404
712.942857142857 125 517.349309406877 "uLSIF" 40 3 2 3.93939393939394
731.339861751152 132 520.675258862196 "uLSIF" 40 3 2 3.97474747474747
737.95652173913 149 521.839435967565 "uLSIF" 40 3 2 4.01010101010101
747.177804295943 162 524.150676152215 "uLSIF" 40 3 2 4.04545454545454
754.506650544135 173 521.648208243783 "uLSIF" 40 3 2 4.08080808080808
774.004866180049 178 532.293715203811 "uLSIF" 40 3 2 4.11616161616162
787.456226880395 189 537.2082948856 "uLSIF" 40 3 2 4.15151515151515
794.714107365793 199 540.245563992184 "uLSIF" 40 3 2 4.18686868686869
810.335435056747 207 542.314049933613 "uLSIF" 40 3 2 4.22222222222222
820.746134020619 224 544.120763384678 "uLSIF" 40 3 2 4.25757575757576
821.437086092715 245 543.704048653311 "uLSIF" 40 3 2 4.29292929292929
832.897680763984 267 550.869810626468 "uLSIF" 40 3 2 4.32828282828283
845.671289875173 279 550.911057420772 "uLSIF" 40 3 2 4.36363636363636
852.83829787234 295 549.801477040749 "uLSIF" 40 3 2 4.3989898989899
856.760522496372 311 551.232629698127 "uLSIF" 40 3 2 4.43434343434343
871.044510385757 326 556.71846407207 "uLSIF" 40 3 2 4.46969696969697
879.906202723147 339 559.370122202628 "uLSIF" 40 3 2 4.50505050505051
894.322033898305 351 562.381438389675 "uLSIF" 40 3 2 4.54040404040404
900.714513556619 373 562.015644356525 "uLSIF" 40 3 2 4.57575757575758
901.644371941272 387 559.023787994978 "uLSIF" 40 3 2 4.61111111111111
896.137288135593 410 560.401508197397 "uLSIF" 40 3 2 4.64646464646465
907.431778929188 421 557.106187897683 "uLSIF" 40 3 2 4.68181818181818
917.171378091873 434 558.346719407522 "uLSIF" 40 3 2 4.71717171717172
925.961818181818 450 558.76413882623 "uLSIF" 40 3 2 4.75252525252525
923.591760299625 466 559.359371243923 "uLSIF" 40 3 2 4.78787878787879
921.667946257198 479 558.510738748598 "uLSIF" 40 3 2 4.82323232323232
925.848722986248 491 557.97069630614 "uLSIF" 40 3 2 4.85858585858586
930.132382892057 509 560.200740979612 "uLSIF" 40 3 2 4.89393939393939
938.667372881356 528 561.901927917812 "uLSIF" 40 3 2 4.92929292929293
945.80303030303 538 564.493732206235 "uLSIF" 40 3 2 4.96464646464646
947.049217002237 553 563.638231375605 "uLSIF" 40 3 2 5
