135.56 15.355 0 0 "KDE LDA" 186 600 2.3
136.27 15.355 0 0 "KDE LDA" 186 600 2.31010101010101
136.325 15.38 0 0 "KDE LDA" 186 600 2.32020202020202
136.33 15.385 0 0 "KDE LDA" 186 600 2.33030303030303
136.335 15.39 0 0 "KDE LDA" 186 600 2.34040404040404
136.565 15.425 0 0 "KDE LDA" 186 600 2.35050505050505
136.565 15.425 0 0 "KDE LDA" 186 600 2.36060606060606
136.57 15.58 0 0 "KDE LDA" 186 600 2.37070707070707
138.37 15.635 0 0 "KDE LDA" 186 600 2.38080808080808
139.485 15.655 0 0 "KDE LDA" 186 600 2.39090909090909
143.89 15.865 0 0 "KDE LDA" 186 600 2.4010101010101
144.535 15.89 0 0 "KDE LDA" 186 600 2.41111111111111
145.605 15.895 0 0 "KDE LDA" 186 600 2.42121212121212
145.77 15.9 0 0 "KDE LDA" 186 600 2.43131313131313
145.77 15.91 0 0 "KDE LDA" 186 600 2.44141414141414
145.77 15.94 0 0 "KDE LDA" 186 600 2.45151515151515
145.775 15.965 0 0 "KDE LDA" 186 600 2.46161616161616
145.79 15.97 0 0 "KDE LDA" 186 600 2.47171717171717
150.89 15.975 0 0 "KDE LDA" 186 600 2.48181818181818
151.3 15.975 0 0 "KDE LDA" 186 600 2.49191919191919
151.3 16.01 0 0 "KDE LDA" 186 600 2.5020202020202
151.3 16.06 0 0 "KDE LDA" 186 600 2.51212121212121
151.46 16.11 0 0 "KDE LDA" 186 600 2.52222222222222
156.41 16.515 0 0 "KDE LDA" 186 600 2.53232323232323
157.06 16.565 0 0 "KDE LDA" 186 600 2.54242424242424
157.06 16.68 0 0 "KDE LDA" 186 600 2.55252525252525
158.655 16.685 0 0 "KDE LDA" 186 600 2.56262626262626
158.655 16.69 0 0 "KDE LDA" 186 600 2.57272727272727
158.67 16.71 0 0 "KDE LDA" 186 600 2.58282828282828
159.345 16.745 0 0 "KDE LDA" 186 600 2.59292929292929
161.98 16.86 0 0 "KDE LDA" 186 600 2.6030303030303
163.265 16.865 0 0 "KDE LDA" 186 600 2.61313131313131
163.82 16.995 0 0 "KDE LDA" 186 600 2.62323232323232
164.785 17.075 0 0 "KDE LDA" 186 600 2.63333333333333
164.8 17.085 0 0 "KDE LDA" 186 600 2.64343434343434
170.16 17.16 0 0 "KDE LDA" 186 600 2.65353535353535
175.51 17.335 0 0 "KDE LDA" 186 600 2.66363636363636
185.85 17.665 0 0 "KDE LDA" 186 600 2.67373737373737
186.015 17.895 0 0 "KDE LDA" 186 600 2.68383838383838
189.07 17.94 0 0 "KDE LDA" 186 600 2.69393939393939
192.755 17.965 0 0 "KDE LDA" 186 600 2.7040404040404
193.145 18.245 0 0 "KDE LDA" 186 600 2.71414141414141
193.175 18.265 0 0 "KDE LDA" 186 600 2.72424242424242
198.81 18.325 0 0 "KDE LDA" 186 600 2.73434343434343
199.71 18.325 0 0 "KDE LDA" 186 600 2.74444444444444
202.66 18.57 0 0 "KDE LDA" 186 600 2.75454545454545
205.355 18.63 0 0 "KDE LDA" 186 600 2.76464646464646
206.535 18.74 0 0 "KDE LDA" 186 600 2.77474747474747
215.29 18.79 0 0 "KDE LDA" 186 600 2.78484848484848
220.565 19.01 0 0 "KDE LDA" 186 600 2.79494949494949
272.245 19.9 0 0 "KDE LDA" 186 600 2.80505050505051
275.19 19.93 0 0 "KDE LDA" 186 600 2.81515151515151
277.845 20.16 0 0 "KDE LDA" 186 600 2.82525252525252
281.28 20.245 0 0 "KDE LDA" 186 600 2.83535353535354
287.525 20.3 0 0 "KDE LDA" 186 600 2.84545454545455
287.53 20.3 0 0 "KDE LDA" 186 600 2.85555555555556
287.66 20.3 0 0 "KDE LDA" 186 600 2.86565656565657
287.665 20.325 0 0 "KDE LDA" 186 600 2.87575757575758
287.67 20.345 0 0 "KDE LDA" 186 600 2.88585858585859
288.83 20.37 0 0 "KDE LDA" 186 600 2.8959595959596
288.865 20.37 0 0 "KDE LDA" 186 600 2.90606060606061
288.9 20.375 0 0 "KDE LDA" 186 600 2.91616161616162
288.905 20.455 0 0 "KDE LDA" 186 600 2.92626262626263
292.42 20.63 0 0 "KDE LDA" 186 600 2.93636363636364
293.64 20.695 0 0 "KDE LDA" 186 600 2.94646464646465
296.52 20.84 0 0 "KDE LDA" 186 600 2.95656565656566
303.33 21.01 0 0 "KDE LDA" 186 600 2.96666666666667
308.91 21.025 0 0 "KDE LDA" 186 600 2.97676767676768
309.05 21.03 0 0 "KDE LDA" 186 600 2.98686868686869
309.05 21.08 0 0 "KDE LDA" 186 600 2.9969696969697
321.13 21.085 0 0 "KDE LDA" 186 600 3.00707070707071
321.945 21.155 0 0 "KDE LDA" 186 600 3.01717171717172
324.695 21.19 0 0 "KDE LDA" 186 600 3.02727272727273
328.38 21.195 0 0 "KDE LDA" 186 600 3.03737373737374
337.89 21.42 0 0 "KDE LDA" 186 600 3.04747474747475
338.51 21.42 0 0 "KDE LDA" 186 600 3.05757575757576
346.865 21.505 0 0 "KDE LDA" 186 600 3.06767676767677
347.445 21.805 0 0 "KDE LDA" 186 600 3.07777777777778
353.86 21.87 0 0 "KDE LDA" 186 600 3.08787878787879
376.055 21.97 0 0 "KDE LDA" 186 600 3.0979797979798
380.42 21.98 0 0 "KDE LDA" 186 600 3.10808080808081
384.19 22.105 0 0 "KDE LDA" 186 600 3.11818181818182
389.2 22.115 0 0 "KDE LDA" 186 600 3.12828282828283
391.285 22.125 0 0 "KDE LDA" 186 600 3.13838383838384
391.32 22.19 0 0 "KDE LDA" 186 600 3.14848484848485
394.51 22.375 0 0 "KDE LDA" 186 600 3.15858585858586
394.51 22.405 0 0 "KDE LDA" 186 600 3.16868686868687
402.35 22.41 0 0 "KDE LDA" 186 600 3.17878787878788
404.925 22.42 0 0 "KDE LDA" 186 600 3.18888888888889
412.665 22.425 0 0 "KDE LDA" 186 600 3.1989898989899
413.955 22.52 0 0 "KDE LDA" 186 600 3.20909090909091
418.675 22.575 0 0 "KDE LDA" 186 600 3.21919191919192
456.29 23.105 0 0 "KDE LDA" 186 600 3.22929292929293
461.395 23.13 0 0 "KDE LDA" 186 600 3.23939393939394
462.785 23.18 0 0 "KDE LDA" 186 600 3.24949494949495
462.795 23.23 0 0 "KDE LDA" 186 600 3.25959595959596
467.92 23.28 0 0 "KDE LDA" 186 600 3.26969696969697
471.95 23.285 0 0 "KDE LDA" 186 600 3.27979797979798
471.96 23.39 0 0 "KDE LDA" 186 600 3.28989898989899
477.945 23.43 0 0 "KDE LDA" 186 600 3.3
154.04 19.115 0 0 "KDE QDA" 186 600 4.5
156.125 19.15 0 0 "KDE QDA" 186 600 4.51010101010101
156.13 19.17 0 0 "KDE QDA" 186 600 4.52020202020202
156.225 19.19 0 0 "KDE QDA" 186 600 4.53030303030303
156.225 19.205 0 0 "KDE QDA" 186 600 4.54040404040404
156.26 19.205 0 0 "KDE QDA" 186 600 4.55050505050505
156.51 19.22 0 0 "KDE QDA" 186 600 4.56060606060606
160.695 19.225 0 0 "KDE QDA" 186 600 4.57070707070707
161.32 19.235 0 0 "KDE QDA" 186 600 4.58080808080808
161.585 19.255 0 0 "KDE QDA" 186 600 4.59090909090909
161.96 19.345 0 0 "KDE QDA" 186 600 4.6010101010101
162.66 19.36 0 0 "KDE QDA" 186 600 4.61111111111111
162.92 19.38 0 0 "KDE QDA" 186 600 4.62121212121212
167.475 19.395 0 0 "KDE QDA" 186 600 4.63131313131313
168.445 19.6 0 0 "KDE QDA" 186 600 4.64141414141414
168.505 19.64 0 0 "KDE QDA" 186 600 4.65151515151515
171.51 19.715 0 0 "KDE QDA" 186 600 4.66161616161616
172.26 19.735 0 0 "KDE QDA" 186 600 4.67171717171717
174.09 19.815 0 0 "KDE QDA" 186 600 4.68181818181818
177.5 19.85 0 0 "KDE QDA" 186 600 4.69191919191919
177.515 19.86 0 0 "KDE QDA" 186 600 4.7020202020202
177.875 19.86 0 0 "KDE QDA" 186 600 4.71212121212121
179.585 19.87 0 0 "KDE QDA" 186 600 4.72222222222222
179.775 19.88 0 0 "KDE QDA" 186 600 4.73232323232323
180.055 19.895 0 0 "KDE QDA" 186 600 4.74242424242424
180.095 19.9 0 0 "KDE QDA" 186 600 4.75252525252525
181.79 19.915 0 0 "KDE QDA" 186 600 4.76262626262626
185.1 20.135 0 0 "KDE QDA" 186 600 4.77272727272727
185.135 20.14 0 0 "KDE QDA" 186 600 4.78282828282828
186.4 20.15 0 0 "KDE QDA" 186 600 4.79292929292929
191.355 20.195 0 0 "KDE QDA" 186 600 4.8030303030303
194.22 20.21 0 0 "KDE QDA" 186 600 4.81313131313131
194.315 20.245 0 0 "KDE QDA" 186 600 4.82323232323232
195.92 20.255 0 0 "KDE QDA" 186 600 4.83333333333333
196.305 20.255 0 0 "KDE QDA" 186 600 4.84343434343434
197.41 20.27 0 0 "KDE QDA" 186 600 4.85353535353535
197.41 20.285 0 0 "KDE QDA" 186 600 4.86363636363636
199.245 20.335 0 0 "KDE QDA" 186 600 4.87373737373737
199.265 20.355 0 0 "KDE QDA" 186 600 4.88383838383838
200.24 20.37 0 0 "KDE QDA" 186 600 4.89393939393939
202.085 20.595 0 0 "KDE QDA" 186 600 4.9040404040404
202.16 20.61 0 0 "KDE QDA" 186 600 4.91414141414141
202.21 20.625 0 0 "KDE QDA" 186 600 4.92424242424242
202.305 20.675 0 0 "KDE QDA" 186 600 4.93434343434343
202.435 20.69 0 0 "KDE QDA" 186 600 4.94444444444444
202.825 20.7 0 0 "KDE QDA" 186 600 4.95454545454546
202.87 20.73 0 0 "KDE QDA" 186 600 4.96464646464646
203.025 20.8 0 0 "KDE QDA" 186 600 4.97474747474747
203.025 20.81 0 0 "KDE QDA" 186 600 4.98484848484848
204.78 20.815 0 0 "KDE QDA" 186 600 4.99494949494949
204.845 20.82 0 0 "KDE QDA" 186 600 5.00505050505051
206.975 20.825 0 0 "KDE QDA" 186 600 5.01515151515152
206.995 20.86 0 0 "KDE QDA" 186 600 5.02525252525253
212.745 20.97 0 0 "KDE QDA" 186 600 5.03535353535354
217.53 21.215 0 0 "KDE QDA" 186 600 5.04545454545455
217.55 21.23 0 0 "KDE QDA" 186 600 5.05555555555556
218.23 21.37 0 0 "KDE QDA" 186 600 5.06565656565657
218.75 21.38 0 0 "KDE QDA" 186 600 5.07575757575758
219.155 21.385 0 0 "KDE QDA" 186 600 5.08585858585859
219.885 21.405 0 0 "KDE QDA" 186 600 5.0959595959596
219.91 21.41 0 0 "KDE QDA" 186 600 5.10606060606061
220.55 21.485 0 0 "KDE QDA" 186 600 5.11616161616162
221.145 21.51 0 0 "KDE QDA" 186 600 5.12626262626263
221.15 21.525 0 0 "KDE QDA" 186 600 5.13636363636364
223.7 21.535 0 0 "KDE QDA" 186 600 5.14646464646465
223.735 21.595 0 0 "KDE QDA" 186 600 5.15656565656566
228.99 21.595 0 0 "KDE QDA" 186 600 5.16666666666667
230.52 21.6 0 0 "KDE QDA" 186 600 5.17676767676768
234.65 21.645 0 0 "KDE QDA" 186 600 5.18686868686869
237.225 21.895 0 0 "KDE QDA" 186 600 5.1969696969697
237.275 21.93 0 0 "KDE QDA" 186 600 5.20707070707071
238.06 21.945 0 0 "KDE QDA" 186 600 5.21717171717172
239.385 21.985 0 0 "KDE QDA" 186 600 5.22727272727273
239.77 21.995 0 0 "KDE QDA" 186 600 5.23737373737374
239.785 22.04 0 0 "KDE QDA" 186 600 5.24747474747475
239.93 22.045 0 0 "KDE QDA" 186 600 5.25757575757576
239.955 22.05 0 0 "KDE QDA" 186 600 5.26767676767677
240.465 22.07 0 0 "KDE QDA" 186 600 5.27777777777778
240.49 22.08 0 0 "KDE QDA" 186 600 5.28787878787879
243.055 22.085 0 0 "KDE QDA" 186 600 5.2979797979798
246.94 22.095 0 0 "KDE QDA" 186 600 5.30808080808081
248.94 22.105 0 0 "KDE QDA" 186 600 5.31818181818182
248.965 22.135 0 0 "KDE QDA" 186 600 5.32828282828283
251.495 22.33 0 0 "KDE QDA" 186 600 5.33838383838384
251.525 22.365 0 0 "KDE QDA" 186 600 5.34848484848485
254.81 22.54 0 0 "KDE QDA" 186 600 5.35858585858586
258.265 22.555 0 0 "KDE QDA" 186 600 5.36868686868687
258.405 22.565 0 0 "KDE QDA" 186 600 5.37878787878788
258.425 22.575 0 0 "KDE QDA" 186 600 5.38888888888889
259.295 22.6 0 0 "KDE QDA" 186 600 5.3989898989899
261.38 22.615 0 0 "KDE QDA" 186 600 5.40909090909091
262.845 22.66 0 0 "KDE QDA" 186 600 5.41919191919192
262.865 22.66 0 0 "KDE QDA" 186 600 5.42929292929293
262.98 22.7 0 0 "KDE QDA" 186 600 5.43939393939394
263.16 22.715 0 0 "KDE QDA" 186 600 5.44949494949495
264.625 22.725 0 0 "KDE QDA" 186 600 5.45959595959596
272.05 22.9 0 0 "KDE QDA" 186 600 5.46969696969697
274.705 22.93 0 0 "KDE QDA" 186 600 5.47979797979798
274.875 22.97 0 0 "KDE QDA" 186 600 5.48989898989899
277.745 22.995 0 0 "KDE QDA" 186 600 5.5
