23.019 0 18.252391316997 "LDA" 5 1 2 1.5
23.936 0 19.0130323567652 "LDA" 5 1 2 1.53535353535354
24.678 0 19.4028551194608 "LDA" 5 1 2 1.57070707070707
25.668 0 19.7379675590817 "LDA" 5 1 2 1.60606060606061
26.555 0 20.4878678179973 "LDA" 5 1 2 1.64141414141414
27.726 0 21.930660680378 "LDA" 5 1 2 1.67676767676768
28.577 0 22.7630452098841 "LDA" 5 1 2 1.71212121212121
29.495 0 23.381417101315 "LDA" 5 1 2 1.74747474747475
30.237 0 24.0960879076346 "LDA" 5 1 2 1.78282828282828
30.943 0 24.4700333782677 "LDA" 5 1 2 1.81818181818182
31.795 0 25.1745652143932 "LDA" 5 1 2 1.85353535353535
32.738 0 25.8496336445908 "LDA" 5 1 2 1.88888888888889
33.811 0 26.927316230166 "LDA" 5 1 2 1.92424242424242
35.145 0 27.6322550023793 "LDA" 5 1 2 1.95959595959596
36.673 0 29.4794692983118 "LDA" 5 1 2 1.99494949494949
37.542 0 29.8812503942711 "LDA" 5 1 2 2.03030303030303
39.089 0 31.18242168951 "LDA" 5 1 2 2.06565656565657
40.407 0 32.1423783109384 "LDA" 5 1 2 2.1010101010101
41.802 0 33.6077115298598 "LDA" 5 1 2 2.13636363636364
42.792 0 33.9925908431857 "LDA" 5 1 2 2.17171717171717
43.772 0 34.6121657516258 "LDA" 5 1 2 2.20707070707071
44.762 0 35.2687572965258 "LDA" 5 1 2 2.24242424242424
45.998 0 36.0877308835056 "LDA" 5 1 2 2.27777777777778
47.079 0 37.0550379143624 "LDA" 5 1 2 2.31313131313131
48.687 0 39.7760878942131 "LDA" 5 1 2 2.34848484848485
49.674 0 40.4730996563865 "LDA" 5 1 2 2.38383838383838
51.454 0 42.3867021189018 "LDA" 5 1 2 2.41919191919192
53.13 0 42.9212457104094 "LDA" 5 1 2 2.45454545454545
54.394 0 43.5960936711465 "LDA" 5 1 2 2.48989898989899
55.42 0 44.1605678830759 "LDA" 5 1 2 2.52525252525253
56.807 0 45.7194928123992 "LDA" 5 1 2 2.56060606060606
58.019 0 46.1531228602112 "LDA" 5 1 2 2.5959595959596
58.951 0 46.5447205385316 "LDA" 5 1 2 2.63131313131313
60.207 0 47.4985711918292 "LDA" 5 1 2 2.66666666666667
61.533 0 48.0376365522444 "LDA" 5 1 2 2.7020202020202
62.939 0 48.8359727171604 "LDA" 5 1 2 2.73737373737374
65.042 0 50.8695384876445 "LDA" 5 1 2 2.77272727272727
67.107 0 52.807349556356 "LDA" 5 1 2 2.80808080808081
68.365 0 53.3098463204943 "LDA" 5 1 2 2.84343434343434
69.691 0 54.6283239059444 "LDA" 5 1 2 2.87878787878788
71.419 0 55.8812683746097 "LDA" 5 1 2 2.91414141414141
72.84 0 57.1437819172989 "LDA" 5 1 2 2.94949494949495
74.194 0 58.0671004283161 "LDA" 5 1 2 2.98484848484848
76.358 0 60.0196317232303 "LDA" 5 1 2 3.02020202020202
78.32 0 62.6104597465126 "LDA" 5 1 2 3.05555555555556
80.311 0 65.4029802748226 "LDA" 5 1 2 3.09090909090909
82.075 0 66.273520764741 "LDA" 5 1 2 3.12626262626263
84.098 0 67.0161589585793 "LDA" 5 1 2 3.16161616161616
86.461 0 68.5685213572607 "LDA" 5 1 2 3.1969696969697
88.563 0 70.8535550078982 "LDA" 5 1 2 3.23232323232323
89.706 0 71.4873135598198 "LDA" 5 1 2 3.26767676767677
91.512 0 73.1365080162076 "LDA" 5 1 2 3.3030303030303
93.924 0 77.0813061108318 "LDA" 5 1 2 3.33838383838384
96.726 0 80.0952443792525 "LDA" 5 1 2 3.37373737373737
98.442 0 81.1700882050723 "LDA" 5 1 2 3.40909090909091
100.054 0 82.4048034742856 "LDA" 5 1 2 3.44444444444444
102.441 0 84.154539423049 "LDA" 5 1 2 3.47979797979798
104.293 0 85.2900084214824 "LDA" 5 1 2 3.51515151515152
105.706 0 86.2167436806267 "LDA" 5 1 2 3.55050505050505
107.661 0 86.6588127591697 "LDA" 5 1 2 3.58585858585859
109.141 0 86.9429249058898 "LDA" 5 1 2 3.62121212121212
110.828 0 88.4311284587078 "LDA" 5 1 2 3.65656565656566
112.255 0 88.6622860971675 "LDA" 5 1 2 3.69191919191919
114.167 0 89.401889291048 "LDA" 5 1 2 3.72727272727273
117.472 0 91.9319677952273 "LDA" 5 1 2 3.76262626262626
120.066 0 94.2747759338487 "LDA" 5 1 2 3.7979797979798
122.503 0 95.2790012493786 "LDA" 5 1 2 3.83333333333333
124.766 0 97.5780647621315 "LDA" 5 1 2 3.86868686868687
128.68 0 99.7721408013283 "LDA" 5 1 2 3.9040404040404
131.866 0 102.80117764951 "LDA" 5 1 2 3.93939393939394
134.291 0 105.226436421281 "LDA" 5 1 2 3.97474747474747
136.246 0 106.513025065053 "LDA" 5 1 2 4.01010101010101
140.677 0 113.421634347853 "LDA" 5 1 2 4.04545454545454
143.299 0 115.887460505883 "LDA" 5 1 2 4.08080808080808
145.629 0 118.319452550508 "LDA" 5 1 2 4.11616161616162
149.435 0 127.37810234085 "LDA" 5 1 2 4.15151515151515
151.85 0 128.836447988643 "LDA" 5 1 2 4.18686868686869
154.577 0 131.943401245125 "LDA" 5 1 2 4.22222222222222
156.819 0 133.531355350951 "LDA" 5 1 2 4.25757575757576
159.331 0 134.958398064767 "LDA" 5 1 2 4.29292929292929
162.464 0 138.653436594552 "LDA" 5 1 2 4.32828282828283
165.004 0 140.53980012587 "LDA" 5 1 2 4.36363636363636
167.013 0 142.704096963928 "LDA" 5 1 2 4.3989898989899
170.204 0 144.903987348691 "LDA" 5 1 2 4.43434343434343
172.719 0 146.791920441511 "LDA" 5 1 2 4.46969696969697
174.681 0 148.404842361145 "LDA" 5 1 2 4.50505050505051
179.494 0 151.942853055333 "LDA" 5 1 2 4.54040404040404
182.25 0 154.231977887217 "LDA" 5 1 2 4.57575757575758
184.663 0 154.983622858528 "LDA" 5 1 2 4.61111111111111
186.776 0 156.158071091978 "LDA" 5 1 2 4.64646464646465
189.189 0 158.144266060733 "LDA" 5 1 2 4.68181818181818
191.18 0 158.618717361784 "LDA" 5 1 2 4.71717171717172
194.795 0 164.645774941862 "LDA" 5 1 2 4.75252525252525
199.773 0 169.384233296637 "LDA" 5 1 2 4.78787878787879
203.192 0 171.848779859326 "LDA" 5 1 2 4.82323232323232
205.801 0 172.921390250617 "LDA" 5 1 2 4.85858585858586
209.272 0 175.576014742769 "LDA" 5 1 2 4.89393939393939
213.33 0 178.019701477432 "LDA" 5 1 2 4.92929292929293
215.493 0 178.633983471934 "LDA" 5 1 2 4.96464646464646
217.978 0 185.158221753945 "LDA" 5 1 2 5
20.503 0 16.4355138987838 "uLSIF" 5 1 2 1.5
21.121 0 16.7920317809171 "uLSIF" 5 1 2 1.53535353535354
21.779 0 17.0873677650227 "uLSIF" 5 1 2 1.57070707070707
22.497 0 17.6073851270145 "uLSIF" 5 1 2 1.60606060606061
23.336 0 18.2301794682182 "uLSIF" 5 1 2 1.64141414141414
23.931 0 18.642794661552 "uLSIF" 5 1 2 1.67676767676768
24.462 0 18.9155056065745 "uLSIF" 5 1 2 1.71212121212121
25.147 0 19.2972997275986 "uLSIF" 5 1 2 1.74747474747475
26.129 0 20.0650184142443 "uLSIF" 5 1 2 1.78282828282828
27.138 0 20.9754362272856 "uLSIF" 5 1 2 1.81818181818182
28.221 0 21.7792215998069 "uLSIF" 5 1 2 1.85353535353535
29.024 0 22.1094606956446 "uLSIF" 5 1 2 1.88888888888889
29.935 0 22.8694947208894 "uLSIF" 5 1 2 1.92424242424242
31.175 0 23.4729920622906 "uLSIF" 5 1 2 1.95959595959596
31.965 0 23.8743326348352 "uLSIF" 5 1 2 1.99494949494949
32.889 0 24.121204603243 "uLSIF" 5 1 2 2.03030303030303
34.178 0 25.268534085198 "uLSIF" 5 1 2 2.06565656565657
35.097 0 26.0814461415166 "uLSIF" 5 1 2 2.1010101010101
36.179 0 26.9856106505334 "uLSIF" 5 1 2 2.13636363636364
37.382 0 27.9376195583408 "uLSIF" 5 1 2 2.17171717171717
38.79 0 29.6529120862555 "uLSIF" 5 1 2 2.20707070707071
39.975 0 31.4548849113263 "uLSIF" 5 1 2 2.24242424242424
41.27 0 33.4499027800679 "uLSIF" 5 1 2 2.27777777777778
42.538 0 34.4904936199839 "uLSIF" 5 1 2 2.31313131313131
43.728 0 35.6902761520811 "uLSIF" 5 1 2 2.34848484848485
44.973 0 37.3916890419437 "uLSIF" 5 1 2 2.38383838383838
46.648 0 39.0301607663798 "uLSIF" 5 1 2 2.41919191919192
47.97 0 39.8845317870961 "uLSIF" 5 1 2 2.45454545454545
49.459 0 41.7784365044547 "uLSIF" 5 1 2 2.48989898989899
50.446 0 42.1285639430055 "uLSIF" 5 1 2 2.52525252525253
51.939 0 44.0251688752524 "uLSIF" 5 1 2 2.56060606060606
52.98 0 44.3981620880504 "uLSIF" 5 1 2 2.5959595959596
54.893 0 46.1296813179811 "uLSIF" 5 1 2 2.63131313131313
56.61 0 47.8991673229319 "uLSIF" 5 1 2 2.66666666666667
58.256 0 48.861804509657 "uLSIF" 5 1 2 2.7020202020202
60.081 0 51.4289546498505 "uLSIF" 5 1 2 2.73737373737374
61.672 0 52.2847024100368 "uLSIF" 5 1 2 2.77272727272727
64.056 0 54.6288309702228 "uLSIF" 5 1 2 2.80808080808081
66.275 0 56.7088464727354 "uLSIF" 5 1 2 2.84343434343434
67.444 0 57.6256329906889 "uLSIF" 5 1 2 2.87878787878788
68.963 0 58.8562119464436 "uLSIF" 5 1 2 2.91414141414141
70.821 0 61.1683294158302 "uLSIF" 5 1 2 2.94949494949495
71.68 0 61.7374855101592 "uLSIF" 5 1 2 2.98484848484848
72.85 0 62.3287282909765 "uLSIF" 5 1 2 3.02020202020202
74.912 0 64.092652653203 "uLSIF" 5 1 2 3.05555555555556
76.294 0 64.8602838447414 "uLSIF" 5 1 2 3.09090909090909
78.322 0 66.5954748708444 "uLSIF" 5 1 2 3.12626262626263
80.316 0 67.6845872215185 "uLSIF" 5 1 2 3.16161616161616
81.745 0 69.5198603708752 "uLSIF" 5 1 2 3.1969696969697
83.271 0 70.6285491210951 "uLSIF" 5 1 2 3.23232323232323
85.217 0 71.5257285236637 "uLSIF" 5 1 2 3.26767676767677
86.515 0 73.3062724777668 "uLSIF" 5 1 2 3.3030303030303
88.044 0 74.7600905238559 "uLSIF" 5 1 2 3.33838383838384
90.856 0 76.853377971991 "uLSIF" 5 1 2 3.37373737373737
92.346 0 78.2634618034077 "uLSIF" 5 1 2 3.40909090909091
93.953 0 79.4135839029338 "uLSIF" 5 1 2 3.44444444444444
95.455 0 80.1682912998021 "uLSIF" 5 1 2 3.47979797979798
97.06 0 80.9681310037365 "uLSIF" 5 1 2 3.51515151515152
99.094 0 82.5732735787404 "uLSIF" 5 1 2 3.55050505050505
101.396 0 85.4312687819026 "uLSIF" 5 1 2 3.58585858585859
103.051 0 86.1761726449471 "uLSIF" 5 1 2 3.62121212121212
104.973 0 86.7085730919824 "uLSIF" 5 1 2 3.65656565656566
107.33 0 88.0272679338618 "uLSIF" 5 1 2 3.69191919191919
108.633 0 88.3804017099176 "uLSIF" 5 1 2 3.72727272727273
111.524 0 92.4567123991961 "uLSIF" 5 1 2 3.76262626262626
113.852 0 94.9756730667094 "uLSIF" 5 1 2 3.7979797979798
115.755 0 96.7106608752465 "uLSIF" 5 1 2 3.83333333333333
118.075 0 99.435299334561 "uLSIF" 5 1 2 3.86868686868687
120.893 0 101.918295167697 "uLSIF" 5 1 2 3.9040404040404
123.804 0 103.895687580851 "uLSIF" 5 1 2 3.93939393939394
126.275 0 106.043295665287 "uLSIF" 5 1 2 3.97474747474747
128.484 0 107.794217550559 "uLSIF" 5 1 2 4.01010101010101
129.711 0 108.379581160902 "uLSIF" 5 1 2 4.04545454545454
133.315 0 111.264673650726 "uLSIF" 5 1 2 4.08080808080808
136.72 0 115.730216810836 "uLSIF" 5 1 2 4.11616161616162
140.677 0 121.337700276989 "uLSIF" 5 1 2 4.15151515151515
143.287 0 123.186612797709 "uLSIF" 5 1 2 4.18686868686869
146.222 0 126.855433533677 "uLSIF" 5 1 2 4.22222222222222
148.992 0 128.582959654511 "uLSIF" 5 1 2 4.25757575757576
151.655 0 130.543025307584 "uLSIF" 5 1 2 4.29292929292929
155.462 0 135.68758114019 "uLSIF" 5 1 2 4.32828282828283
160.196 0 139.097086898265 "uLSIF" 5 1 2 4.36363636363636
164.698 0 142.69561603229 "uLSIF" 5 1 2 4.3989898989899
167.763 0 145.347999201475 "uLSIF" 5 1 2 4.43434343434343
170.018 0 147.594979433428 "uLSIF" 5 1 2 4.46969696969697
173.601 0 150.804004080285 "uLSIF" 5 1 2 4.50505050505051
177.55 0 154.544665238091 "uLSIF" 5 1 2 4.54040404040404
179.018 0 154.748288225456 "uLSIF" 5 1 2 4.57575757575758
182.522 0 158.327227686924 "uLSIF" 5 1 2 4.61111111111111
185.056 0 160.135599646906 "uLSIF" 5 1 2 4.64646464646465
186.548 0 160.529758921826 "uLSIF" 5 1 2 4.68181818181818
189.686 0 163.921858761362 "uLSIF" 5 1 2 4.71717171717172
191.577 0 164.408772014498 "uLSIF" 5 1 2 4.75252525252525
194.203 0 165.778056916937 "uLSIF" 5 1 2 4.78787878787879
198.109 0 171.400406120342 "uLSIF" 5 1 2 4.82323232323232
200.985 0 172.701512985809 "uLSIF" 5 1 2 4.85858585858586
203.922 0 177.412849690306 "uLSIF" 5 1 2 4.89393939393939
207.804 0 180.768694482493 "uLSIF" 5 1 2 4.92929292929293
211.67 0 183.333942395931 "uLSIF" 5 1 2 4.96464646464646
214.434 0 184.476098926325 "uLSIF" 5 1 2 5
