37.463 10.023 0 0 33.0402222644959 6.32380118769253 "LDA" 17 200 1.5
39.595 10.381 0 0 34.9076426949532 6.65493254114023 "LDA" 17 200 1.53535353535354
42.759 10.625 0 0 38.2910318759122 6.79032278198051 "LDA" 17 200 1.57070707070707
44.85 10.888 0 0 40.7140655687336 6.967927095486 "LDA" 17 200 1.60606060606061
46.731 11.135 0 0 42.2175669829748 7.0729627315434 "LDA" 17 200 1.64141414141414
48.067 11.341 0 0 42.9061003173726 7.15037389559783 "LDA" 17 200 1.67676767676768
49.42 11.56 0 0 43.8531720711364 7.19709651166345 "LDA" 17 200 1.71212121212121
51.715 11.937 0 0 45.6230779347497 7.56070070794997 "LDA" 17 200 1.74747474747475
53.971 12.232 0 0 47.5929958318685 7.72812395733272 "LDA" 17 200 1.78282828282828
56.463 12.474 0 0 50.2499122853432 7.80873231070833 "LDA" 17 200 1.81818181818182
59.73 12.796 0 0 54.5489751571071 7.98461884739266 "LDA" 17 200 1.85353535353535
62.804 13.065 0 0 56.5079351129621 8.10410090333601 "LDA" 17 200 1.88888888888889
65.58 13.479 0 0 58.094272906583 8.32856073544066 "LDA" 17 200 1.92424242424242
68.097 13.676 0 0 60.6292131937443 8.3724023506471 "LDA" 17 200 1.95959595959596
71.961 13.988 0 0 66.8614233241331 8.48480099046806 "LDA" 17 200 1.99494949494949
74.684 14.171 0 0 68.0746377169963 8.57130248131672 "LDA" 17 200 2.03030303030303
77.244 14.59 0 0 69.8495771456594 8.79336245262432 "LDA" 17 200 2.06565656565657
80.005 14.946 0 0 73.0722555388126 8.95484635676533 "LDA" 17 200 2.1010101010101
82.918 15.244 0 0 75.2744014357571 9.04512455847228 "LDA" 17 200 2.13636363636364
86.641 15.561 0 0 80.1617741135326 9.22287050436795 "LDA" 17 200 2.17171717171717
90.005 15.839 0 0 83.3940738095133 9.47263478710173 "LDA" 17 200 2.20707070707071
93.94 16.151 0 0 87.4450629769288 9.56596606238527 "LDA" 17 200 2.24242424242424
97.317 16.541 0 0 89.940724062267 9.7441915143468 "LDA" 17 200 2.27777777777778
101.365 16.806 0 0 94.3853291850241 9.89384921313501 "LDA" 17 200 2.31313131313131
105.856 17.087 0 0 97.0614557390841 10.1638937290654 "LDA" 17 200 2.34848484848485
109.753 17.291 0 0 99.9031963434586 10.1769292465306 "LDA" 17 200 2.38383838383838
114.464 17.608 0 0 103.895172702638 10.3394022670191 "LDA" 17 200 2.41919191919192
119.98 17.984 0 0 109.313599625404 10.6277322460012 "LDA" 17 200 2.45454545454545
127.095 18.279 0 0 115.948644076001 10.7250261158277 "LDA" 17 200 2.48989898989899
130.287 18.562 0 0 119.815526503836 10.7776766658828 "LDA" 17 200 2.52525252525253
135.845 18.939 0 0 126.597203076635 11.0510363497911 "LDA" 17 200 2.56060606060606
141.829 19.225 0 0 132.513733811438 11.169921313158 "LDA" 17 200 2.5959595959596
145.622 19.437 0 0 137.522549305805 11.1618375556007 "LDA" 17 200 2.63131313131313
152.052 19.802 0 0 147.117527381556 11.2793625715295 "LDA" 17 200 2.66666666666667
157.846 20.07 0 0 152.342267445547 11.4789749919959 "LDA" 17 200 2.7020202020202
164.809 20.397 0 0 163.387453554363 11.696503716889 "LDA" 17 200 2.73737373737374
171.479 20.73 0 0 169.557061652283 11.7998447589931 "LDA" 17 200 2.77272727272727
176.957 21.134 0 0 174.940479370334 12.1432080399498 "LDA" 17 200 2.80808080808081
182.862 21.362 0 0 180.215889207147 12.2362036874466 "LDA" 17 200 2.84343434343434
193.145 21.761 0 0 193.491640620441 12.6638166147197 "LDA" 17 200 2.87878787878788
200.08 22.018 0 0 200.1906938744 12.8767032071678 "LDA" 17 200 2.91414141414141
210.24 22.408 0 0 209.135171408159 13.2804331972231 "LDA" 17 200 2.94949494949495
215.194 22.745 0 0 213.628953313201 13.5000083416724 "LDA" 17 200 2.98484848484848
224.288 23.194 0 0 221.435613185383 13.8569975240086 "LDA" 17 200 3.02020202020202
236.94 23.386 0 0 239.41826895103 13.8440117256762 "LDA" 17 200 3.05555555555556
245.192 23.7 0 0 247.942147374028 13.941677458985 "LDA" 17 200 3.09090909090909
254.295 23.983 0 0 251.737453948992 14.0561120259226 "LDA" 17 200 3.12626262626263
260.083 24.374 0 0 256.529896305867 14.2339287875389 "LDA" 17 200 3.16161616161616
269.436 24.677 0 0 265.284194040293 14.3684767503074 "LDA" 17 200 3.1969696969697
277.143 24.993 0 0 273.584427535615 14.4476186509987 "LDA" 17 200 3.23232323232323
286.763 25.228 0 0 282.8459061709 14.437605773135 "LDA" 17 200 3.26767676767677
295.182 25.613 0 0 292.43458903636 14.6197458243284 "LDA" 17 200 3.3030303030303
304.913 25.955 0 0 298.519452120451 14.8051398901587 "LDA" 17 200 3.33838383838384
316.816 26.31 0 0 307.4211246676 14.9053033537754 "LDA" 17 200 3.37373737373737
329.031 26.585 0 0 316.757082143538 14.9996588216121 "LDA" 17 200 3.40909090909091
338.244 26.76 0 0 325.084777522074 15.0321776987357 "LDA" 17 200 3.44444444444444
355.835 27.124 0 0 349.78138714602 15.3530563843275 "LDA" 17 200 3.47979797979798
369.849 27.554 0 0 360.254198152202 15.5295283331546 "LDA" 17 200 3.51515151515152
382.282 27.855 0 0 372.27767747361 15.6873856671234 "LDA" 17 200 3.55050505050505
390.465 28.179 0 0 376.397196621633 15.9495877171903 "LDA" 17 200 3.58585858585859
406.273 28.548 0 0 397.264853510646 16.035736367278 "LDA" 17 200 3.62121212121212
422.49 28.778 0 0 413.940070882588 16.0797162062417 "LDA" 17 200 3.65656565656566
432.497 28.988 0 0 417.278035546984 16.101463073681 "LDA" 17 200 3.69191919191919
444.839 29.215 0 0 428.038257435978 16.1134856384154 "LDA" 17 200 3.72727272727273
462.116 29.565 0 0 443.037638235052 16.2394425549184 "LDA" 17 200 3.76262626262626
480.031 30.009 0 0 460.813103932338 16.5389375552197 "LDA" 17 200 3.7979797979798
495.8 30.33 0 0 473.564248119616 16.7426227161522 "LDA" 17 200 3.83333333333333
510.326 30.618 0 0 481.4039337931 16.8874290897478 "LDA" 17 200 3.86868686868687
528.062 30.843 0 0 491.15391103026 16.8730272935846 "LDA" 17 200 3.9040404040404
547.105 31.102 0 0 503.259428155129 16.8965999861242 "LDA" 17 200 3.93939393939394
570.471 31.369 0 0 531.267599634517 16.9699386509739 "LDA" 17 200 3.97474747474747
589.467 31.701 0 0 546.05763968363 17.0597958849347 "LDA" 17 200 4.01010101010101
616.687 32.087 0 0 584.961782784413 17.2222541218343 "LDA" 17 200 4.04545454545454
639.656 32.389 0 0 608.779293251579 17.2580856563096 "LDA" 17 200 4.08080808080808
655.006 32.622 0 0 628.532494833052 17.2950928368782 "LDA" 17 200 4.11616161616162
683.076 32.957 0 0 660.40222540761 17.3877394874804 "LDA" 17 200 4.15151515151515
715.596 33.127 0 0 693.072216931167 17.4290746640102 "LDA" 17 200 4.18686868686869
745.951 33.526 0 0 719.665215653516 17.8139456791768 "LDA" 17 200 4.22222222222222
769.631 33.836 0 0 740.713735309854 17.9683601356931 "LDA" 17 200 4.25757575757576
810.247 34.151 0 0 799.258408773405 17.9593635114872 "LDA" 17 200 4.29292929292929
837.181 34.461 0 0 833.241101345806 18.0611373862136 "LDA" 17 200 4.32828282828283
871.436 34.806 0 0 874.657658700776 18.4995296317662 "LDA" 17 200 4.36363636363636
890.587 35.126 0 0 899.286293829317 18.5023907228894 "LDA" 17 200 4.3989898989899
908.558 35.521 0 0 914.702786605476 18.7335128447257 "LDA" 17 200 4.43434343434343
933.939 35.715 0 0 933.410890856846 18.9291861708075 "LDA" 17 200 4.46969696969697
973.21 36.054 0 0 974.932178488664 19.1501909602441 "LDA" 17 200 4.50505050505051
1019.575 36.326 0 0 1020.87909200625 19.3257654236309 "LDA" 17 200 4.54040404040404
1056.714 36.599 0 0 1041.55740890267 19.3404304825733 "LDA" 17 200 4.57575757575758
1091.472 36.843 0 0 1067.07405847123 19.3310641466279 "LDA" 17 200 4.61111111111111
1138.853 37.188 0 0 1121.11574956153 19.4318875628245 "LDA" 17 200 4.64646464646465
1173.057 37.463 0 0 1154.70422082393 19.511158764059 "LDA" 17 200 4.68181818181818
1207.716 37.77 0 0 1198.60967311819 19.7027230934533 "LDA" 17 200 4.71717171717172
1233.327 37.994 0 0 1227.36887952947 19.7912520487628 "LDA" 17 200 4.75252525252525
1272.703 38.244 0 0 1263.73973939254 19.8304743188788 "LDA" 17 200 4.78787878787879
1312.56556556557 38.481 1 0 1305.24894064295 19.8494745683769 "LDA" 17 200 4.82323232323232
1361.62462462462 38.778 1 0 1359.31072368362 19.9608905901804 "LDA" 17 200 4.85858585858586
1391.60420841683 38.984 2 0 1381.03596901219 19.9669332252708 "LDA" 17 200 4.89393939393939
1433.00601202405 39.305 2 0 1406.05582424975 19.9695958837369 "LDA" 17 200 4.92929292929293
1479.70511534604 39.7 3 0 1433.48565104465 20.5391298709526 "LDA" 17 200 4.96464646464646
1514.52357071214 40.113 3 0 1459.15849817189 20.8741937080924 "LDA" 17 200 5
20.396 10.849 0 0 11.4373072003858 4.14721574051778 "uLSIF" 17 200 1.5
20.901 11.099 0 0 11.6791095808114 4.21413786651053 "uLSIF" 17 200 1.53535353535354
21.462 11.331 0 0 11.825328511056 4.24446162127241 "uLSIF" 17 200 1.57070707070707
22.073 11.557 0 0 12.2601787500421 4.26578808052486 "uLSIF" 17 200 1.60606060606061
22.73 11.816 0 0 12.6451967561205 4.28888546577529 "uLSIF" 17 200 1.64141414141414
23.212 12.025 0 0 12.8854604532043 4.3066137419 "uLSIF" 17 200 1.67676767676768
23.876 12.238 0 0 13.2374413635662 4.3598582963629 "uLSIF" 17 200 1.71212121212121
24.423 12.458 0 0 13.5307483958631 4.36569528200209 "uLSIF" 17 200 1.74747474747475
24.954 12.738 0 0 13.6123907224698 4.4959503522136 "uLSIF" 17 200 1.78282828282828
25.534 12.972 0 0 13.7845877290131 4.53208073138109 "uLSIF" 17 200 1.81818181818182
26.129 13.245 0 0 14.1454038984912 4.62583758614301 "uLSIF" 17 200 1.85353535353535
26.64 13.494 0 0 14.3619868634763 4.71871065337029 "uLSIF" 17 200 1.88888888888889
27.119 13.737 0 0 14.5615547891658 4.74872418459752 "uLSIF" 17 200 1.92424242424242
27.806 13.967 0 0 15.1980704480979 4.80114173525027 "uLSIF" 17 200 1.95959595959596
28.524 14.174 0 0 15.5973940997432 4.83912607204453 "uLSIF" 17 200 1.99494949494949
29.139 14.436 0 0 15.9613421567061 4.90223784979227 "uLSIF" 17 200 2.03030303030303
29.671 14.674 0 0 16.0476879109511 4.91160338869578 "uLSIF" 17 200 2.06565656565657
30.215 14.973 0 0 16.1659553727305 5.05091900378365 "uLSIF" 17 200 2.1010101010101
30.795 15.251 0 0 16.3841818964639 5.13930067338071 "uLSIF" 17 200 2.13636363636364
31.34 15.573 0 0 16.5197852075414 5.20593630125963 "uLSIF" 17 200 2.17171717171717
31.969 15.877 0 0 17.1402983879753 5.26208709169285 "uLSIF" 17 200 2.20707070707071
32.631 16.113 0 0 17.3725255401638 5.30267379247011 "uLSIF" 17 200 2.24242424242424
33.256 16.349 0 0 17.6899236119718 5.30899090076301 "uLSIF" 17 200 2.27777777777778
33.751 16.661 0 0 17.809665442764 5.38396378758866 "uLSIF" 17 200 2.31313131313131
34.51 16.896 0 0 18.371810564651 5.45425823856305 "uLSIF" 17 200 2.34848484848485
35.086 17.17 0 0 18.7572502899129 5.53043268521421 "uLSIF" 17 200 2.38383838383838
35.594 17.43 0 0 18.8469193867425 5.56057730995802 "uLSIF" 17 200 2.41919191919192
36.211 17.644 0 0 19.0813672879481 5.60345096013721 "uLSIF" 17 200 2.45454545454545
36.603 17.887 0 0 19.1299070657529 5.60764448558186 "uLSIF" 17 200 2.48989898989899
37.252 18.134 0 0 19.2572931467364 5.67029066240843 "uLSIF" 17 200 2.52525252525253
37.989 18.396 0 0 19.7421029687728 5.72502925407023 "uLSIF" 17 200 2.56060606060606
38.531 18.625 0 0 19.9201368180756 5.76867858808693 "uLSIF" 17 200 2.5959595959596
39.061 18.878 0 0 20.1773736002832 5.81023879671695 "uLSIF" 17 200 2.63131313131313
39.768 19.098 0 0 20.5420581284386 5.8440181851658 "uLSIF" 17 200 2.66666666666667
40.439 19.318 0 0 20.972699710174 5.82742094196351 "uLSIF" 17 200 2.7020202020202
40.945 19.544 0 0 21.0503941553144 5.81944412550975 "uLSIF" 17 200 2.73737373737374
41.723 19.79 0 0 21.5131375230599 5.89055163788576 "uLSIF" 17 200 2.77272727272727
42.178 19.995 0 0 21.5626358143726 5.92165863935444 "uLSIF" 17 200 2.80808080808081
42.795 20.303 0 0 21.7311577744541 5.99208612221955 "uLSIF" 17 200 2.84343434343434
43.58 20.564 0 0 22.1465588764952 6.05033143807102 "uLSIF" 17 200 2.87878787878788
44.085 20.783 0 0 22.1946023928201 6.04702219918841 "uLSIF" 17 200 2.91414141414141
44.729 20.987 0 0 22.318550057669 6.08225491284481 "uLSIF" 17 200 2.94949494949495
45.228 21.236 0 0 22.4466449133911 6.10586485156571 "uLSIF" 17 200 2.98484848484848
45.719 21.504 0 0 22.5212176456835 6.18467737511297 "uLSIF" 17 200 3.02020202020202
46.425 21.748 0 0 23.0000299212061 6.22183310666617 "uLSIF" 17 200 3.05555555555556
47.117 21.958 0 0 23.3097974606743 6.23129722169189 "uLSIF" 17 200 3.09090909090909
47.651 22.253 0 0 23.5570399909058 6.25908676782541 "uLSIF" 17 200 3.12626262626263
48.274 22.461 0 0 23.6606159841359 6.27342289622139 "uLSIF" 17 200 3.16161616161616
48.971 22.701 0 0 23.8168722212301 6.29867226264967 "uLSIF" 17 200 3.1969696969697
49.573 22.959 0 0 24.094547479009 6.36457593456366 "uLSIF" 17 200 3.23232323232323
50.121 23.222 0 0 24.231044189273 6.47415095828253 "uLSIF" 17 200 3.26767676767677
50.631 23.452 0 0 24.2286579666903 6.51353376609979 "uLSIF" 17 200 3.3030303030303
51.221 23.71 0 0 24.3468874793048 6.5460484836847 "uLSIF" 17 200 3.33838383838384
51.797 23.941 0 0 24.6542008716693 6.56922169466625 "uLSIF" 17 200 3.37373737373737
52.151 24.213 0 0 24.6837899944172 6.59174347817647 "uLSIF" 17 200 3.40909090909091
52.704 24.459 0 0 24.7653731590644 6.63644192028841 "uLSIF" 17 200 3.44444444444444
53.358 24.721 0 0 25.0669541067156 6.67740568984293 "uLSIF" 17 200 3.47979797979798
53.945 24.995 0 0 25.2363794917149 6.86061535454678 "uLSIF" 17 200 3.51515151515152
54.678 25.236 0 0 25.6053109324599 6.87994459553546 "uLSIF" 17 200 3.55050505050505
55.421 25.457 0 0 25.7911019528042 6.88415154848748 "uLSIF" 17 200 3.58585858585859
55.886 25.745 0 0 25.7593196056601 6.92444387102119 "uLSIF" 17 200 3.62121212121212
56.607 26.01 0 0 26.0903287878144 6.97011352005708 "uLSIF" 17 200 3.65656565656566
57.224 26.292 0 0 26.2324601584748 7.0521251030075 "uLSIF" 17 200 3.69191919191919
57.908 26.538 0 0 26.4768684054697 7.07223957262285 "uLSIF" 17 200 3.72727272727273
58.471 26.806 0 0 26.6995135353254 7.08368142582249 "uLSIF" 17 200 3.76262626262626
59.035 27.041 0 0 26.8089256310933 7.10406832644414 "uLSIF" 17 200 3.7979797979798
59.566 27.296 0 0 26.9594223687091 7.16447581569745 "uLSIF" 17 200 3.83333333333333
60.083 27.537 0 0 26.9925305910303 7.19599982027608 "uLSIF" 17 200 3.86868686868687
60.571 27.817 0 0 27.0628778654148 7.19870351746287 "uLSIF" 17 200 3.9040404040404
61.143 28.062 0 0 27.1654654573323 7.25098150133709 "uLSIF" 17 200 3.93939393939394
61.597 28.296 0 0 27.1905483011453 7.276491691147 "uLSIF" 17 200 3.97474747474747
62.354 28.533 0 0 27.3772935148857 7.31330263255907 "uLSIF" 17 200 4.01010101010101
62.708 28.755 0 0 27.4889136994603 7.30399365575596 "uLSIF" 17 200 4.04545454545454
63.287 28.971 0 0 27.6421185461194 7.33238862328797 "uLSIF" 17 200 4.08080808080808
63.915 29.219 0 0 27.7295998114958 7.33667948501677 "uLSIF" 17 200 4.11616161616162
64.413 29.495 0 0 27.7799235987998 7.4228750544566 "uLSIF" 17 200 4.15151515151515
65.089 29.744 0 0 27.7978020137707 7.45359108215765 "uLSIF" 17 200 4.18686868686869
65.782 30.063 0 0 28.1899121521715 7.4840525146502 "uLSIF" 17 200 4.22222222222222
66.335 30.268 0 0 28.483364918441 7.47167999863498 "uLSIF" 17 200 4.25757575757576
67.066 30.486 0 0 28.5466382356059 7.48905133444082 "uLSIF" 17 200 4.29292929292929
67.552 30.713 0 0 28.5866138339344 7.52590660786262 "uLSIF" 17 200 4.32828282828283
68.087 30.96 0 0 28.7338313502405 7.55642107743471 "uLSIF" 17 200 4.36363636363636
68.579 31.16 0 0 28.8711153283052 7.57890756242876 "uLSIF" 17 200 4.3989898989899
69.229 31.397 0 0 29.1028784922821 7.5933556514923 "uLSIF" 17 200 4.43434343434343
70.01 31.674 0 0 29.3675731778156 7.65142263035236 "uLSIF" 17 200 4.46969696969697
70.859 31.928 0 0 30.3676359355204 7.67839656267985 "uLSIF" 17 200 4.50505050505051
71.504 32.175 0 0 30.6365563107635 7.67914997537777 "uLSIF" 17 200 4.54040404040404
72.014 32.404 0 0 30.6850024176856 7.69324183748113 "uLSIF" 17 200 4.57575757575758
72.466 32.638 0 0 30.7268120862054 7.7308940442049 "uLSIF" 17 200 4.61111111111111
73.084 32.861 0 0 31.0766584867598 7.76311438437854 "uLSIF" 17 200 4.64646464646465
73.715 33.081 0 0 31.3669836398507 7.77154011993992 "uLSIF" 17 200 4.68181818181818
74.266 33.325 0 0 31.4744004213247 7.84862892332005 "uLSIF" 17 200 4.71717171717172
74.88 33.577 0 0 31.5530853831634 7.87833352550774 "uLSIF" 17 200 4.75252525252525
75.576 33.873 0 0 31.7039013586871 7.92651882611154 "uLSIF" 17 200 4.78787878787879
76.149 34.13 0 0 31.810512534502 7.95728712680512 "uLSIF" 17 200 4.82323232323232
76.801 34.374 0 0 31.9625875987224 8.03359587374562 "uLSIF" 17 200 4.85858585858586
77.474 34.603 0 0 32.1930694050399 8.07208458513348 "uLSIF" 17 200 4.89393939393939
78.036 34.845 0 0 32.1794378481076 8.13579536162053 "uLSIF" 17 200 4.92929292929293
78.618 35.068 0 0 32.2141246323073 8.11179247621493 "uLSIF" 17 200 4.96464646464646
79.136 35.33 0 0 32.1445606094838 8.12040892080202 "uLSIF" 17 200 5
