17.843 0 13.605420186766 "LDA" 4 1 1 1.5
18.421 0 14.1539426695565 "LDA" 4 1 1 1.53535353535354
18.902 0 14.2768422357405 "LDA" 4 1 1 1.57070707070707
19.646 0 14.7844940821546 "LDA" 4 1 1 1.60606060606061
19.998 0 14.9024857013882 "LDA" 4 1 1 1.64141414141414
20.904 0 15.6439610558681 "LDA" 4 1 1 1.67676767676768
21.479 0 15.8343388016452 "LDA" 4 1 1 1.71212121212121
21.904 0 16.0324615647075 "LDA" 4 1 1 1.74747474747475
22.633 0 16.897332062513 "LDA" 4 1 1 1.78282828282828
23.235 0 17.3781407168539 "LDA" 4 1 1 1.81818181818182
24.054 0 18.2245224139679 "LDA" 4 1 1 1.85353535353535
24.984 0 19.0068673117114 "LDA" 4 1 1 1.88888888888889
25.649 0 19.4657317795585 "LDA" 4 1 1 1.92424242424242
26.362 0 19.8504659138519 "LDA" 4 1 1 1.95959595959596
27.157 0 20.7785490133238 "LDA" 4 1 1 1.99494949494949
27.8 0 21.1745214907058 "LDA" 4 1 1 2.03030303030303
28.904 0 22.0709290676652 "LDA" 4 1 1 2.06565656565657
29.759 0 22.8469889461151 "LDA" 4 1 1 2.1010101010101
30.61 0 23.4367058090334 "LDA" 4 1 1 2.13636363636364
31.412 0 23.9184520474956 "LDA" 4 1 1 2.17171717171717
32.206 0 24.4519828125137 "LDA" 4 1 1 2.20707070707071
32.82 0 24.8040488799881 "LDA" 4 1 1 2.24242424242424
33.719 0 25.4811956220726 "LDA" 4 1 1 2.27777777777778
34.237 0 25.6070801450215 "LDA" 4 1 1 2.31313131313131
34.98 0 26.858536463869 "LDA" 4 1 1 2.34848484848485
35.943 0 27.4943210261444 "LDA" 4 1 1 2.38383838383838
36.607 0 27.6721574746043 "LDA" 4 1 1 2.41919191919192
37.705 0 28.963509108184 "LDA" 4 1 1 2.45454545454545
38.513 0 29.4846939644653 "LDA" 4 1 1 2.48989898989899
39.41 0 29.8640546771828 "LDA" 4 1 1 2.52525252525253
40.184 0 30.3307120934556 "LDA" 4 1 1 2.56060606060606
41.061 0 30.9518221482079 "LDA" 4 1 1 2.5959595959596
42.094 0 31.803028104201 "LDA" 4 1 1 2.63131313131313
42.667 0 31.9307012243809 "LDA" 4 1 1 2.66666666666667
43.466 0 32.4035002867102 "LDA" 4 1 1 2.7020202020202
44.212 0 32.6854309042025 "LDA" 4 1 1 2.73737373737374
45.046 0 33.067678408914 "LDA" 4 1 1 2.77272727272727
45.928 0 33.5119660400262 "LDA" 4 1 1 2.80808080808081
46.792 0 34.0951494382297 "LDA" 4 1 1 2.84343434343434
48.209 0 35.4785857814126 "LDA" 4 1 1 2.87878787878788
49.094 0 36.2120764176604 "LDA" 4 1 1 2.91414141414141
50.224 0 37.7568192701848 "LDA" 4 1 1 2.94949494949495
50.942 0 38.6619371136701 "LDA" 4 1 1 2.98484848484848
51.914 0 38.9172861227393 "LDA" 4 1 1 3.02020202020202
52.939 0 39.8448100495897 "LDA" 4 1 1 3.05555555555556
53.609 0 40.0954082253911 "LDA" 4 1 1 3.09090909090909
54.508 0 40.5448618424311 "LDA" 4 1 1 3.12626262626263
55.375 0 40.8067097737929 "LDA" 4 1 1 3.16161616161616
56.355 0 41.1654900684126 "LDA" 4 1 1 3.1969696969697
57.233 0 41.3362964040128 "LDA" 4 1 1 3.23232323232323
58.487 0 41.966618019898 "LDA" 4 1 1 3.26767676767677
59.564 0 42.5249841655265 "LDA" 4 1 1 3.3030303030303
60.42 0 43.1111374260779 "LDA" 4 1 1 3.33838383838384
61.68 0 43.9290719610984 "LDA" 4 1 1 3.37373737373737
63.065 0 45.1469270274292 "LDA" 4 1 1 3.40909090909091
64.161 0 45.8376938029519 "LDA" 4 1 1 3.44444444444444
64.927 0 46.7511640747302 "LDA" 4 1 1 3.47979797979798
65.666 0 47.1462746695348 "LDA" 4 1 1 3.51515151515152
66.385 0 47.8728167291374 "LDA" 4 1 1 3.55050505050505
68.133 0 49.6858933601782 "LDA" 4 1 1 3.58585858585859
69.751 0 51.2454788064088 "LDA" 4 1 1 3.62121212121212
70.842 0 52.0339943937862 "LDA" 4 1 1 3.65656565656566
71.836 0 52.5464388158915 "LDA" 4 1 1 3.69191919191919
72.618 0 52.6926236639303 "LDA" 4 1 1 3.72727272727273
73.437 0 52.919358362413 "LDA" 4 1 1 3.76262626262626
74.864 0 54.349603341546 "LDA" 4 1 1 3.7979797979798
76.321 0 55.4457951083326 "LDA" 4 1 1 3.83333333333333
77.574 0 56.8776017917913 "LDA" 4 1 1 3.86868686868687
78.649 0 57.3334887123392 "LDA" 4 1 1 3.9040404040404
79.864 0 58.6933080377006 "LDA" 4 1 1 3.93939393939394
80.847 0 59.2519568063822 "LDA" 4 1 1 3.97474747474747
81.832 0 60.5819110291508 "LDA" 4 1 1 4.01010101010101
82.882 0 61.3840376325643 "LDA" 4 1 1 4.04545454545454
83.955 0 61.5898391237003 "LDA" 4 1 1 4.08080808080808
84.917 0 61.9811727605793 "LDA" 4 1 1 4.11616161616162
85.69 0 62.2194114015486 "LDA" 4 1 1 4.15151515151515
86.851 0 63.152062373148 "LDA" 4 1 1 4.18686868686869
88.187 0 67.2549720263287 "LDA" 4 1 1 4.22222222222222
89.8 0 67.9339312789936 "LDA" 4 1 1 4.25757575757576
90.867 0 68.4249902469141 "LDA" 4 1 1 4.29292929292929
92.41 0 70.0306089234285 "LDA" 4 1 1 4.32828282828283
93.814 0 70.7373251768341 "LDA" 4 1 1 4.36363636363636
95.485 0 72.6749848877069 "LDA" 4 1 1 4.3989898989899
96.064 0 72.8806386600138 "LDA" 4 1 1 4.43434343434343
97.178 0 73.6143286689853 "LDA" 4 1 1 4.46969696969697
98.633 0 75.6421049352742 "LDA" 4 1 1 4.50505050505051
99.711 0 76.8748542907382 "LDA" 4 1 1 4.54040404040404
100.915 0 77.764767948822 "LDA" 4 1 1 4.57575757575758
102.448 0 78.8511813786249 "LDA" 4 1 1 4.61111111111111
103.149 0 79.3945482592684 "LDA" 4 1 1 4.64646464646465
104.246 0 79.7576000062612 "LDA" 4 1 1 4.68181818181818
105.076 0 80.1936733742086 "LDA" 4 1 1 4.71717171717172
106.022 0 80.5116491052173 "LDA" 4 1 1 4.75252525252525
106.846 0 80.6264156644887 "LDA" 4 1 1 4.78787878787879
107.743 0 80.6748993825861 "LDA" 4 1 1 4.82323232323232
109.092 0 81.5527705868439 "LDA" 4 1 1 4.85858585858586
110.606 0 82.5378898886279 "LDA" 4 1 1 4.89393939393939
111.444 0 82.4988904830297 "LDA" 4 1 1 4.92929292929293
112.645 0 83.0122521620092 "LDA" 4 1 1 4.96464646464646
113.706 0 84.6206370586763 "LDA" 4 1 1 5
12.591 0 8.37459568294809 "uLSIF" 4 1 1 1.5
12.931 0 8.71160898635442 "uLSIF" 4 1 1 1.53535353535354
13.441 0 9.33561313855028 "uLSIF" 4 1 1 1.57070707070707
13.83 0 9.70460093354071 "uLSIF" 4 1 1 1.60606060606061
14.219 0 10.0329307133409 "uLSIF" 4 1 1 1.64141414141414
14.662 0 10.3092209228455 "uLSIF" 4 1 1 1.67676767676768
15.02 0 10.5838375657234 "uLSIF" 4 1 1 1.71212121212121
15.536 0 10.9266690302258 "uLSIF" 4 1 1 1.74747474747475
16.027 0 11.1633727829851 "uLSIF" 4 1 1 1.78282828282828
16.418 0 11.461179460886 "uLSIF" 4 1 1 1.81818181818182
16.883 0 11.8622098709736 "uLSIF" 4 1 1 1.85353535353535
17.388 0 12.1599062216499 "uLSIF" 4 1 1 1.88888888888889
17.833 0 12.4494216371323 "uLSIF" 4 1 1 1.92424242424242
18.213 0 12.8115481799339 "uLSIF" 4 1 1 1.95959595959596
18.715 0 12.9923275657434 "uLSIF" 4 1 1 1.99494949494949
19.081 0 13.2776781003207 "uLSIF" 4 1 1 2.03030303030303
19.587 0 13.4153047450068 "uLSIF" 4 1 1 2.06565656565657
20.007 0 13.6180175283116 "uLSIF" 4 1 1 2.1010101010101
20.489 0 13.8971583429854 "uLSIF" 4 1 1 2.13636363636364
21.004 0 14.3337867097792 "uLSIF" 4 1 1 2.17171717171717
21.474 0 14.714545247538 "uLSIF" 4 1 1 2.20707070707071
21.907 0 14.9350395515515 "uLSIF" 4 1 1 2.24242424242424
22.474 0 15.3319402683546 "uLSIF" 4 1 1 2.27777777777778
22.803 0 15.3786440785166 "uLSIF" 4 1 1 2.31313131313131
23.319 0 15.6915730398346 "uLSIF" 4 1 1 2.34848484848485
23.74 0 15.8283586305383 "uLSIF" 4 1 1 2.38383838383838
24.126 0 15.9498753136983 "uLSIF" 4 1 1 2.41919191919192
24.623 0 16.080654789481 "uLSIF" 4 1 1 2.45454545454545
24.948 0 16.1721623425822 "uLSIF" 4 1 1 2.48989898989899
25.358 0 16.3804198405949 "uLSIF" 4 1 1 2.52525252525253
26.096 0 16.8537483318351 "uLSIF" 4 1 1 2.56060606060606
26.527 0 17.0907391403755 "uLSIF" 4 1 1 2.5959595959596
26.924 0 17.2584494691174 "uLSIF" 4 1 1 2.63131313131313
27.426 0 17.6230274100421 "uLSIF" 4 1 1 2.66666666666667
27.988 0 17.8567275478661 "uLSIF" 4 1 1 2.7020202020202
28.293 0 17.945896639795 "uLSIF" 4 1 1 2.73737373737374
28.512 0 17.9719461062748 "uLSIF" 4 1 1 2.77272727272727
28.942 0 18.1134406652279 "uLSIF" 4 1 1 2.80808080808081
29.527 0 18.6950468246479 "uLSIF" 4 1 1 2.84343434343434
30.116 0 19.5563543380405 "uLSIF" 4 1 1 2.87878787878788
30.726 0 19.9919133801795 "uLSIF" 4 1 1 2.91414141414141
31.266 0 20.3781381022043 "uLSIF" 4 1 1 2.94949494949495
31.771 0 20.9340104087055 "uLSIF" 4 1 1 2.98484848484848
32.331 0 21.3178772604331 "uLSIF" 4 1 1 3.02020202020202
32.79 0 21.7417709629323 "uLSIF" 4 1 1 3.05555555555556
33.227 0 21.8118598067251 "uLSIF" 4 1 1 3.09090909090909
33.647 0 21.9082258834749 "uLSIF" 4 1 1 3.12626262626263
34.334 0 22.5612822209966 "uLSIF" 4 1 1 3.16161616161616
34.838 0 22.8410479065534 "uLSIF" 4 1 1 3.1969696969697
35.315 0 22.9900482234665 "uLSIF" 4 1 1 3.23232323232323
35.848 0 23.2316294005523 "uLSIF" 4 1 1 3.26767676767677
36.363 0 23.7069029661879 "uLSIF" 4 1 1 3.3030303030303
36.643 0 23.7331163527214 "uLSIF" 4 1 1 3.33838383838384
37.067 0 23.7992208677913 "uLSIF" 4 1 1 3.37373737373737
37.734 0 24.5506003180365 "uLSIF" 4 1 1 3.40909090909091
38.054 0 24.7557251949914 "uLSIF" 4 1 1 3.44444444444444
38.568 0 25.2063233085417 "uLSIF" 4 1 1 3.47979797979798
39.302 0 25.6560524833621 "uLSIF" 4 1 1 3.51515151515152
39.689 0 25.7763981522187 "uLSIF" 4 1 1 3.55050505050505
40.083 0 25.976467964061 "uLSIF" 4 1 1 3.58585858585859
40.458 0 25.9565401773422 "uLSIF" 4 1 1 3.62121212121212
40.942 0 26.2491839045646 "uLSIF" 4 1 1 3.65656565656566
41.277 0 26.4088943483195 "uLSIF" 4 1 1 3.69191919191919
42.056 0 27.1156804104954 "uLSIF" 4 1 1 3.72727272727273
42.538 0 27.491095218567 "uLSIF" 4 1 1 3.76262626262626
43.11 0 27.6229420396693 "uLSIF" 4 1 1 3.7979797979798
43.671 0 28.2028750513341 "uLSIF" 4 1 1 3.83333333333333
44.322 0 28.9477164261067 "uLSIF" 4 1 1 3.86868686868687
44.888 0 29.3281024547036 "uLSIF" 4 1 1 3.9040404040404
45.253 0 29.4523077097437 "uLSIF" 4 1 1 3.93939393939394
46.049 0 29.9366799061587 "uLSIF" 4 1 1 3.97474747474747
46.618 0 30.1216099733628 "uLSIF" 4 1 1 4.01010101010101
47.18 0 30.3051150798013 "uLSIF" 4 1 1 4.04545454545454
47.528 0 30.3748884746899 "uLSIF" 4 1 1 4.08080808080808
47.893 0 30.361115729636 "uLSIF" 4 1 1 4.11616161616162
48.318 0 30.5991696813032 "uLSIF" 4 1 1 4.15151515151515
48.929 0 31.0897496215639 "uLSIF" 4 1 1 4.18686868686869
49.469 0 31.3383332379074 "uLSIF" 4 1 1 4.22222222222222
50.216 0 32.2142996991259 "uLSIF" 4 1 1 4.25757575757576
50.648 0 32.2662239068225 "uLSIF" 4 1 1 4.29292929292929
51.221 0 32.556321553165 "uLSIF" 4 1 1 4.32828282828283
51.703 0 32.6804958011014 "uLSIF" 4 1 1 4.36363636363636
52.34 0 32.63371507137 "uLSIF" 4 1 1 4.3989898989899
52.749 0 32.8734035302045 "uLSIF" 4 1 1 4.43434343434343
53.364 0 33.2766711201833 "uLSIF" 4 1 1 4.46969696969697
53.74 0 33.2907295304965 "uLSIF" 4 1 1 4.50505050505051
54.338 0 33.5622135470558 "uLSIF" 4 1 1 4.54040404040404
54.907 0 33.7987086100002 "uLSIF" 4 1 1 4.57575757575758
55.23 0 33.8287375390138 "uLSIF" 4 1 1 4.61111111111111
55.856 0 34.4710533276475 "uLSIF" 4 1 1 4.64646464646465
56.339 0 34.8712500934951 "uLSIF" 4 1 1 4.68181818181818
57.142 0 35.8565967644941 "uLSIF" 4 1 1 4.71717171717172
57.887 0 36.4390180031382 "uLSIF" 4 1 1 4.75252525252525
58.158 0 36.4863301564886 "uLSIF" 4 1 1 4.78787878787879
58.574 0 36.5694934590548 "uLSIF" 4 1 1 4.82323232323232
59.011 0 36.8359575247715 "uLSIF" 4 1 1 4.85858585858586
59.487 0 37.0206747826314 "uLSIF" 4 1 1 4.89393939393939
60.16 0 37.824371549083 "uLSIF" 4 1 1 4.92929292929293
60.665 0 38.2247027837092 "uLSIF" 4 1 1 4.96464646464646
61.092 0 38.3093610380432 "uLSIF" 4 1 1 5
