38.765 10.576 0 0 33.2253773597938 7.0237851303665 "LDA" 29 200 1.5
41.128 10.968 0 0 36.5556552660725 7.32889409724883 "LDA" 29 200 1.53535353535354
43.583 11.271 0 0 38.7984591373347 7.4245999005794 "LDA" 29 200 1.57070707070707
45.886 11.625 0 0 40.7890027672502 7.67393408000513 "LDA" 29 200 1.60606060606061
47.779 11.944 0 0 42.04635602588 7.90691996819137 "LDA" 29 200 1.64141414141414
50.139 12.212 0 0 44.5033507415703 8.00569466986764 "LDA" 29 200 1.67676767676768
52.21 12.466 0 0 46.5518740436621 8.08926945281713 "LDA" 29 200 1.71212121212121
54.339 12.707 0 0 48.3334894788821 8.24895121795469 "LDA" 29 200 1.74747474747475
57.106 13.032 0 0 50.9235306117906 8.46880727710205 "LDA" 29 200 1.78282828282828
59.947 13.402 0 0 53.4677378424596 8.70035011319039 "LDA" 29 200 1.81818181818182
62.714 13.637 0 0 55.1344539468018 8.81504032525864 "LDA" 29 200 1.85353535353535
65.442 13.917 0 0 57.1595648325969 8.84569710974536 "LDA" 29 200 1.88888888888889
68.376 14.279 0 0 59.4172957903592 9.22942800726791 "LDA" 29 200 1.92424242424242
70.753 14.606 0 0 61.3674666004468 9.44425528869047 "LDA" 29 200 1.95959595959596
73.705 14.989 0 0 64.0206890280292 9.8019874493879 "LDA" 29 200 1.99494949494949
76.596 15.326 0 0 66.8421772585294 9.95725217471522 "LDA" 29 200 2.03030303030303
81.687 15.686 0 0 72.3682402245156 10.2989063240458 "LDA" 29 200 2.06565656565657
85.65 16.007 0 0 76.1169316728367 10.4058268403925 "LDA" 29 200 2.1010101010101
89.889 16.193 0 0 79.677670712755 10.412308445641 "LDA" 29 200 2.13636363636364
93.029 16.439 0 0 83.8556732304555 10.4929681873806 "LDA" 29 200 2.17171717171717
97.548 16.695 0 0 88.0388467356004 10.6050196341846 "LDA" 29 200 2.20707070707071
101.628 17.057 0 0 92.0655401313634 10.9643955131584 "LDA" 29 200 2.24242424242424
107.181 17.278 0 0 96.1574047355974 10.9898814139868 "LDA" 29 200 2.27777777777778
111.365 17.657 0 0 99.7730245679233 11.2681108142102 "LDA" 29 200 2.31313131313131
117.977 18.103 0 0 104.859439121964 11.5699721371858 "LDA" 29 200 2.34848484848485
122.363 18.429 0 0 108.905020703981 11.6710398924934 "LDA" 29 200 2.38383838383838
127.768 18.725 0 0 112.801393299597 11.7260767469719 "LDA" 29 200 2.41919191919192
134.524 19.094 0 0 119.237489922436 11.888166069352 "LDA" 29 200 2.45454545454545
140.634 19.482 0 0 126.399085332026 12.1340393484985 "LDA" 29 200 2.48989898989899
146.083 19.789 0 0 130.831100614066 12.3570698863515 "LDA" 29 200 2.52525252525253
153.046 20.091 0 0 136.285206612976 12.3856418131287 "LDA" 29 200 2.56060606060606
160.589 20.372 0 0 144.033356159907 12.4661550215382 "LDA" 29 200 2.5959595959596
167.099 20.853 0 0 146.948307251237 12.6896973730432 "LDA" 29 200 2.63131313131313
176.296 21.096 0 0 161.10257733638 12.8416389799625 "LDA" 29 200 2.66666666666667
183.784 21.375 0 0 168.420737704384 13.0184428736641 "LDA" 29 200 2.7020202020202
190.213 21.673 0 0 175.098924223606 13.1433183716221 "LDA" 29 200 2.73737373737374
200.786 21.991 0 0 184.869036792982 13.2016363456278 "LDA" 29 200 2.77272727272727
210.959 22.234 0 0 197.159217578271 13.2793669120778 "LDA" 29 200 2.80808080808081
218.549 22.516 0 0 202.804376713655 13.385548808955 "LDA" 29 200 2.84343434343434
229.094 22.933 0 0 214.453107460114 13.5910716364909 "LDA" 29 200 2.87878787878788
242.248 23.221 0 0 226.423868583381 13.6084293123177 "LDA" 29 200 2.91414141414141
258.575 23.672 0 0 251.008620773675 13.9511666555543 "LDA" 29 200 2.94949494949495
269.725 24.169 0 0 259.439681473986 14.5369791484601 "LDA" 29 200 2.98484848484848
285.09 24.496 0 0 277.479333790249 14.6496619959846 "LDA" 29 200 3.02020202020202
294.769 24.732 0 0 284.076748851852 14.6988513915963 "LDA" 29 200 3.05555555555556
303.797 25.066 0 0 289.672093431025 14.7901451105928 "LDA" 29 200 3.09090909090909
311.072 25.37 0 0 296.04867105196 14.9005747247255 "LDA" 29 200 3.12626262626263
329.198 25.771 0 0 323.224047033293 14.9868330264991 "LDA" 29 200 3.16161616161616
342.755 26.055 0 0 340.190623967851 15.0573802402576 "LDA" 29 200 3.1969696969697
354.549 26.52 0 0 347.841385157414 15.5205182415564 "LDA" 29 200 3.23232323232323
364.943 26.745 0 0 356.384856464072 15.5645825909734 "LDA" 29 200 3.26767676767677
381.949 27.022 0 0 377.704088907941 15.7855852188223 "LDA" 29 200 3.3030303030303
396.992 27.271 0 0 387.673807365054 15.9320868184425 "LDA" 29 200 3.33838383838384
413.704 27.492 0 0 419.525016683896 15.9391967800763 "LDA" 29 200 3.37373737373737
427.935 27.812 0 0 433.335283866019 16.0628973934553 "LDA" 29 200 3.40909090909091
437.777 28.174 0 0 440.64947206167 16.2024764849156 "LDA" 29 200 3.44444444444444
452.285 28.443 0 0 455.797089461705 16.286927734076 "LDA" 29 200 3.47979797979798
468.555 28.7 0 0 470.308936200951 16.3474536010731 "LDA" 29 200 3.51515151515152
488.017 29.011 0 0 487.341149614012 16.4284135500593 "LDA" 29 200 3.55050505050505
504.157 29.238 0 0 506.082831345999 16.466222775503 "LDA" 29 200 3.58585858585859
521.929 29.56 0 0 533.751542075213 16.6326499706164 "LDA" 29 200 3.62121212121212
542.861 29.858 0 0 554.473888449196 16.6721863532591 "LDA" 29 200 3.65656565656566
563.835 30.18 0 0 570.991918985327 16.7355812471417 "LDA" 29 200 3.69191919191919
584.022 30.517 0 0 586.906183631068 16.8405259512378 "LDA" 29 200 3.72727272727273
604.85 30.86 0 0 609.465646180221 16.9224930424205 "LDA" 29 200 3.76262626262626
620.789 31.069 0 0 619.747851854993 16.8967967597631 "LDA" 29 200 3.7979797979798
643.721 31.449 0 0 645.781091684618 16.9209845670611 "LDA" 29 200 3.83333333333333
668.074 31.861 0 0 685.997748855953 17.1501547167017 "LDA" 29 200 3.86868686868687
696.271 32.226 0 0 718.572133797624 17.3166044243318 "LDA" 29 200 3.9040404040404
722.13 32.644 0 0 747.303306115617 17.5225655742618 "LDA" 29 200 3.93939393939394
746.366 32.949 0 0 778.161125205301 17.6631930122327 "LDA" 29 200 3.97474747474747
772.183 33.306 0 0 794.068402682753 17.7172307165726 "LDA" 29 200 4.01010101010101
803.586 33.706 0 0 815.316584976497 17.7735607986544 "LDA" 29 200 4.04545454545454
826.602 34.114 0 0 842.188372545508 18.603954179451 "LDA" 29 200 4.08080808080808
855.61 34.399 0 0 870.514442898735 18.7575490041915 "LDA" 29 200 4.11616161616162
883.912 34.781 0 0 897.349591042724 19.1244027823559 "LDA" 29 200 4.15151515151515
917.027 35.085 0 0 923.248141835337 19.2110603517828 "LDA" 29 200 4.18686868686869
957.182 35.467 0 0 979.211756741381 19.3963689934516 "LDA" 29 200 4.22222222222222
995.477 35.813 0 0 1013.49408569203 19.6002091621288 "LDA" 29 200 4.25757575757576
1035.181 36.137 0 0 1047.66387540796 19.6625238930776 "LDA" 29 200 4.29292929292929
1075.923 36.445 0 0 1074.93952949134 19.8052321930903 "LDA" 29 200 4.32828282828283
1118.712 36.762 0 0 1102.68041478624 20.0713281626856 "LDA" 29 200 4.36363636363636
1151.623 37.106 0 0 1133.09510429901 20.1220192739113 "LDA" 29 200 4.3989898989899
1198.854 37.34 0 0 1176.6702322739 20.0992631800367 "LDA" 29 200 4.43434343434343
1253.633 37.65 0 0 1244.03219025932 20.3089131159684 "LDA" 29 200 4.46969696969697
1285.028 38.023 0 0 1261.14552580313 20.5498605291561 "LDA" 29 200 4.50505050505051
1345.353 38.41 0 0 1350.53550213741 20.704602883914 "LDA" 29 200 4.54040404040404
1396.22 38.722 0 0 1393.60687703804 20.8905512404803 "LDA" 29 200 4.57575757575758
1450.006 39.232 0 0 1447.30716712106 21.2714985991268 "LDA" 29 200 4.61111111111111
1503.303 39.599 0 0 1495.68421749695 21.5113211108927 "LDA" 29 200 4.64646464646465
1567.33933933934 40.05 1 0 1546.06805893197 21.8092903402459 "LDA" 29 200 4.68181818181818
1615.45645645646 40.31 1 0 1579.65641283828 21.9183556480479 "LDA" 29 200 4.71717171717172
1653.81881881882 40.678 1 0 1623.20599913797 22.2262980346329 "LDA" 29 200 4.75252525252525
1682.58375125376 40.86 3 0 1638.69073272747 22.2484919802533 "LDA" 29 200 4.78787878787879
1758.79538615848 41.163 3 0 1708.03163393094 22.2937983404454 "LDA" 29 200 4.82323232323232
1853.97191574724 41.505 3 0 1792.16326037025 22.2914980628464 "LDA" 29 200 4.85858585858586
1923.4593781344 41.808 3 0 1836.11730907794 22.3984112120665 "LDA" 29 200 4.89393939393939
2005.77432296891 42.128 3 0 1894.29080259655 22.4317810438851 "LDA" 29 200 4.92929292929293
2062.70120724346 42.435 6 0 1922.83973245707 22.4834000604508 "LDA" 29 200 4.96464646464646
2125.38167170191 42.795 7 0 1960.27538396889 22.6921111161326 "LDA" 29 200 5
16.933 7.25 0 0 13.7556435228865 4.17311812855986 "uLSIF" 29 200 1.5
17.539 7.451 0 0 14.3785681561907 4.31720247813758 "uLSIF" 29 200 1.53535353535354
18.064 7.654 0 0 14.789950866945 4.45512425552107 "uLSIF" 29 200 1.57070707070707
18.625 7.793 0 0 15.263661236884 4.52024154040286 "uLSIF" 29 200 1.60606060606061
19.174 7.973 0 0 15.7836893294581 4.74518574850214 "uLSIF" 29 200 1.64141414141414
20.074 8.088 0 0 16.7358481294679 4.77357759369669 "uLSIF" 29 200 1.67676767676768
20.571 8.238 0 0 17.0108885520225 4.85003905952095 "uLSIF" 29 200 1.71212121212121
21.1 8.436 0 0 17.2364467073436 4.99007062122419 "uLSIF" 29 200 1.74747474747475
21.694 8.611 0 0 17.8517519882237 5.04014702980797 "uLSIF" 29 200 1.78282828282828
22.546 8.779 0 0 18.4733632332921 5.10688155719704 "uLSIF" 29 200 1.81818181818182
23.215 8.936 0 0 19.083368412048 5.15465561162669 "uLSIF" 29 200 1.85353535353535
23.965 9.133 0 0 19.7656888940775 5.24812860492708 "uLSIF" 29 200 1.88888888888889
24.578 9.343 0 0 20.0271066557554 5.33608703310064 "uLSIF" 29 200 1.92424242424242
25.477 9.525 0 0 20.9598374465497 5.39949345119795 "uLSIF" 29 200 1.95959595959596
26.237 9.691 0 0 21.4225058000869 5.49579136455549 "uLSIF" 29 200 1.99494949494949
26.917 9.847 0 0 22.1770135710589 5.54547954133304 "uLSIF" 29 200 2.03030303030303
27.688 10.087 0 0 22.7915798511668 5.88081754648238 "uLSIF" 29 200 2.06565656565657
28.624 10.257 0 0 23.7735526542796 5.93347766130093 "uLSIF" 29 200 2.1010101010101
29.232 10.426 0 0 24.0765831848678 6.01770194814738 "uLSIF" 29 200 2.13636363636364
30.054 10.576 0 0 24.7372394380419 6.09272889150218 "uLSIF" 29 200 2.17171717171717
30.718 10.745 0 0 25.1064695011228 6.11975705616052 "uLSIF" 29 200 2.20707070707071
31.875 10.886 0 0 26.138488777961 6.15637108245636 "uLSIF" 29 200 2.24242424242424
32.712 11.032 0 0 26.9263455389714 6.18249134242816 "uLSIF" 29 200 2.27777777777778
33.728 11.196 0 0 27.829453722531 6.24488451315015 "uLSIF" 29 200 2.31313131313131
34.685 11.45 0 0 28.1168691950817 6.38688439634634 "uLSIF" 29 200 2.34848484848485
35.718 11.574 0 0 29.1785171292487 6.42696116604339 "uLSIF" 29 200 2.38383838383838
36.705 11.765 0 0 29.973160750334 6.48566410160431 "uLSIF" 29 200 2.41919191919192
37.716 11.929 0 0 30.7055723961658 6.51201699670427 "uLSIF" 29 200 2.45454545454545
39.019 12.13 0 0 32.138723318398 6.68713823827636 "uLSIF" 29 200 2.48989898989899
40.242 12.284 0 0 33.5327583398963 6.69149610476761 "uLSIF" 29 200 2.52525252525253
41.175 12.501 0 0 34.6552934537332 6.81251858048177 "uLSIF" 29 200 2.56060606060606
41.872 12.741 0 0 34.9610052471019 6.94940380271669 "uLSIF" 29 200 2.5959595959596
42.678 12.912 0 0 35.5949338433901 6.95792128934128 "uLSIF" 29 200 2.63131313131313
43.872 13.081 0 0 36.5603648269034 7.02280277088562 "uLSIF" 29 200 2.66666666666667
44.911 13.305 0 0 37.2575254438912 7.18732444186518 "uLSIF" 29 200 2.7020202020202
45.742 13.47 0 0 37.9625419405839 7.25711828247037 "uLSIF" 29 200 2.73737373737374
47.029 13.636 0 0 40.8222073338962 7.29319509506599 "uLSIF" 29 200 2.77272727272727
47.959 13.842 0 0 41.8465823629058 7.38332916437765 "uLSIF" 29 200 2.80808080808081
48.959 14.037 0 0 42.7294643791158 7.45944195461526 "uLSIF" 29 200 2.84343434343434
49.973 14.251 0 0 44.0134235484182 7.57386046625909 "uLSIF" 29 200 2.87878787878788
51.497 14.401 0 0 45.5456517946269 7.67992058423654 "uLSIF" 29 200 2.91414141414141
52.579 14.638 0 0 46.4403754018792 7.78289981494877 "uLSIF" 29 200 2.94949494949495
53.888 14.768 0 0 46.912474207147 7.81609028013797 "uLSIF" 29 200 2.98484848484848
54.788 14.957 0 0 47.2531471535592 7.96232061333563 "uLSIF" 29 200 3.02020202020202
55.727 15.133 0 0 47.4911768951127 7.9796607688539 "uLSIF" 29 200 3.05555555555556
57.004 15.305 0 0 47.783839101513 8.03993878183258 "uLSIF" 29 200 3.09090909090909
57.967 15.471 0 0 48.6173792029204 8.31145229422868 "uLSIF" 29 200 3.12626262626263
59.425 15.627 0 0 50.1690473131423 8.33410633051489 "uLSIF" 29 200 3.16161616161616
60.904 15.819 0 0 51.4600516995555 8.43856909958368 "uLSIF" 29 200 3.1969696969697
62.344 16.062 0 0 52.4744436009686 8.58882552645727 "uLSIF" 29 200 3.23232323232323
64.287 16.247 0 0 54.721559554531 8.66239158824098 "uLSIF" 29 200 3.26767676767677
65.456 16.46 0 0 55.7453640189891 8.67973143235076 "uLSIF" 29 200 3.3030303030303
66.21 16.638 0 0 56.0448653038521 8.72072284888168 "uLSIF" 29 200 3.33838383838384
67.3 16.773 0 0 56.5901267222688 8.71156486300609 "uLSIF" 29 200 3.37373737373737
69.101 16.939 0 0 58.3452394456134 8.7659637873494 "uLSIF" 29 200 3.40909090909091
70.032 17.088 0 0 58.71478861754 8.78313152579417 "uLSIF" 29 200 3.44444444444444
71.928 17.268 0 0 60.5530634195289 8.85033923104106 "uLSIF" 29 200 3.47979797979798
72.807 17.417 0 0 61.079542086213 8.84835602834811 "uLSIF" 29 200 3.51515151515152
73.907 17.614 0 0 62.5790739104654 8.93335372683791 "uLSIF" 29 200 3.55050505050505
75.489 17.791 0 0 63.6664377383743 8.97083021769974 "uLSIF" 29 200 3.58585858585859
77.291 17.939 0 0 65.6676675507937 9.02156680780382 "uLSIF" 29 200 3.62121212121212
78.77 18.123 0 0 66.4385519196587 9.09926742478029 "uLSIF" 29 200 3.65656565656566
80.211 18.302 0 0 67.8867814386136 9.17381899510531 "uLSIF" 29 200 3.69191919191919
81.6 18.492 0 0 68.4866148704724 9.21905238768752 "uLSIF" 29 200 3.72727272727273
82.924 18.639 0 0 69.9581615565215 9.32800571883887 "uLSIF" 29 200 3.76262626262626
84.293 18.829 0 0 71.5918469069177 9.41160652265793 "uLSIF" 29 200 3.7979797979798
85.943 19.06 0 0 72.5786153519506 9.51277524662981 "uLSIF" 29 200 3.83333333333333
86.85 19.261 0 0 73.4183611622853 9.58471417131183 "uLSIF" 29 200 3.86868686868687
88.074 19.436 0 0 73.9293857547733 9.60459016055095 "uLSIF" 29 200 3.9040404040404
89.271 19.635 0 0 74.1798639201449 9.67488389482677 "uLSIF" 29 200 3.93939393939394
92 19.819 0 0 77.613889967685 9.72732542171073 "uLSIF" 29 200 3.97474747474747
93.206 19.99 0 0 78.8009463975729 9.80857319430854 "uLSIF" 29 200 4.01010101010101
95.122 20.142 0 0 79.7027580805435 9.82600561705449 "uLSIF" 29 200 4.04545454545454
96.706 20.272 0 0 80.8911054129867 9.8402666044598 "uLSIF" 29 200 4.08080808080808
97.961 20.466 0 0 81.5140479857246 9.93798810663444 "uLSIF" 29 200 4.11616161616162
99.623 20.621 0 0 82.8008021932387 9.97772087773124 "uLSIF" 29 200 4.15151515151515
101.199 20.818 0 0 84.0722281049964 10.0641026506173 "uLSIF" 29 200 4.18686868686869
103.357 20.999 0 0 86.4406590589089 10.1502722636896 "uLSIF" 29 200 4.22222222222222
104.79 21.145 0 0 87.6470987193182 10.1461776014379 "uLSIF" 29 200 4.25757575757576
105.761 21.432 0 0 88.2926127400501 10.2977385585098 "uLSIF" 29 200 4.29292929292929
107.566 21.63 0 0 90.2847438883169 10.3584940217388 "uLSIF" 29 200 4.32828282828283
108.714 21.799 0 0 90.3768564411276 10.3373817023684 "uLSIF" 29 200 4.36363636363636
111.14 22.018 0 0 93.4757621959731 10.4428314517055 "uLSIF" 29 200 4.3989898989899
112.669 22.15 0 0 95.0710362883509 10.478133960362 "uLSIF" 29 200 4.43434343434343
114.13 22.324 0 0 95.7475362121172 10.5008233625412 "uLSIF" 29 200 4.46969696969697
115.714 22.497 0 0 97.4855560462043 10.5288578605587 "uLSIF" 29 200 4.50505050505051
117.04 22.764 0 0 99.3916248740058 10.6536286683835 "uLSIF" 29 200 4.54040404040404
118.37 22.994 0 0 99.8296802812924 10.7016114902611 "uLSIF" 29 200 4.57575757575758
119.765 23.195 0 0 101.101292010766 10.8143388575042 "uLSIF" 29 200 4.61111111111111
121.994 23.468 0 0 103.194200452385 10.974215662607 "uLSIF" 29 200 4.64646464646465
123.806 23.654 0 0 105.94249466657 10.9838485481606 "uLSIF" 29 200 4.68181818181818
124.736 23.821 0 0 107.666403108669 10.9798686930453 "uLSIF" 29 200 4.71717171717172
127.195 24.045 0 0 109.662951528481 11.0550979276617 "uLSIF" 29 200 4.75252525252525
129.795 24.219 0 0 111.645562861704 11.0535614269891 "uLSIF" 29 200 4.78787878787879
131.384 24.398 0 0 112.451731582648 11.1326336296283 "uLSIF" 29 200 4.82323232323232
132.828 24.625 0 0 113.698433365415 11.2672679175711 "uLSIF" 29 200 4.85858585858586
135.56 24.819 0 0 116.824768034978 11.2696603428961 "uLSIF" 29 200 4.89393939393939
137.059 25.043 0 0 117.489605184145 11.3527104708539 "uLSIF" 29 200 4.92929292929293
138.95 25.166 0 0 119.387331132055 11.3581447187228 "uLSIF" 29 200 4.96464646464646
142.444 25.327 0 0 124.270849792331 11.3645600101466 "uLSIF" 29 200 5
