55.492 13.724 0 0 49.9762900340308 10.3653878492445 "LDA" 25 5000 1.5
58.744 14.195 0 0 54.0374176520909 10.6743110276924 "LDA" 25 5000 1.53535353535354
62.771 14.721 0 0 57.8776673975669 11.0663283261714 "LDA" 25 5000 1.57070707070707
67.253 15.187 0 0 60.3300978924426 11.2734698350651 "LDA" 25 5000 1.60606060606061
73 15.551 0 0 66.1612372111443 11.4184841717621 "LDA" 25 5000 1.64141414141414
77.549 15.965 0 0 72.4091616142991 11.6778485667158 "LDA" 25 5000 1.67676767676768
82.573 16.399 0 0 76.412823469563 11.9050211477565 "LDA" 25 5000 1.71212121212121
86.843 16.861 0 0 80.3786232407229 12.3025620108997 "LDA" 25 5000 1.74747474747475
91.383 17.305 0 0 85.8055412074413 12.4725113164326 "LDA" 25 5000 1.78282828282828
94.95 17.817 0 0 89.4599943583197 12.9344041149877 "LDA" 25 5000 1.81818181818182
99.749 18.168 0 0 93.8241491832991 13.1677319673953 "LDA" 25 5000 1.85353535353535
105.685 18.668 0 0 100.264943194687 13.4299717103254 "LDA" 25 5000 1.88888888888889
111.103 19.235 0 0 105.91067681052 13.9926970441931 "LDA" 25 5000 1.92424242424242
118.321 19.806 0 0 115.178722414763 14.4215930585475 "LDA" 25 5000 1.95959595959596
124.713 20.206 0 0 122.022293336386 15.0118926495269 "LDA" 25 5000 1.99494949494949
131.184 20.722 0 0 130.04924047817 15.4989332837113 "LDA" 25 5000 2.03030303030303
140.193 21.107 0 0 141.04093837357 15.6746050745862 "LDA" 25 5000 2.06565656565657
147.875 21.658 0 0 146.666377883281 15.8710720156808 "LDA" 25 5000 2.1010101010101
157.769 22.19 0 0 156.012934318519 16.07159594428 "LDA" 25 5000 2.13636363636364
165.506 22.695 0 0 161.826400033331 16.5293434290112 "LDA" 25 5000 2.17171717171717
174.969 23.145 0 0 167.744878858889 16.6859340582239 "LDA" 25 5000 2.20707070707071
183.104 23.637 0 0 173.132961062318 16.9793265039733 "LDA" 25 5000 2.24242424242424
194.276 24.187 0 0 187.539192631228 17.1941754867941 "LDA" 25 5000 2.27777777777778
203.293 24.618 0 0 195.000390520899 17.2605910676316 "LDA" 25 5000 2.31313131313131
215.376 25.269 0 0 203.457237451685 17.6832501632572 "LDA" 25 5000 2.34848484848485
223.703 25.886 0 0 209.059213012834 18.1269851765701 "LDA" 25 5000 2.38383838383838
236.922 26.267 0 0 221.667458997432 18.2574654880146 "LDA" 25 5000 2.41919191919192
248.266 26.816 0 0 235.371346843482 18.5339594164779 "LDA" 25 5000 2.45454545454545
258.738 27.318 0 0 244.808665366728 18.9489825568535 "LDA" 25 5000 2.48989898989899
273.905 27.694 0 0 266.601883975976 19.2527668929178 "LDA" 25 5000 2.52525252525253
284.617 28.14 0 0 275.573284165838 19.4264197881593 "LDA" 25 5000 2.56060606060606
295.233 28.51 0 0 281.55471185325 19.5034428828421 "LDA" 25 5000 2.5959595959596
311.565 29.02 0 0 298.670352989303 19.7063934280716 "LDA" 25 5000 2.63131313131313
327.045 29.881 0 0 310.116806072177 20.4934335780957 "LDA" 25 5000 2.66666666666667
340.901 30.518 0 0 319.114630417263 20.8002001029876 "LDA" 25 5000 2.7020202020202
355.59 31.133 0 0 330.309015841145 21.1650956121694 "LDA" 25 5000 2.73737373737374
378.163 31.652 0 0 354.01709073367 21.5029130880277 "LDA" 25 5000 2.77272727272727
393.859 32.123 0 0 375.885680977826 21.7769167952009 "LDA" 25 5000 2.80808080808081
412.426 32.625 0 0 398.5334659065 22.0638888274527 "LDA" 25 5000 2.84343434343434
429.48 33.275 0 0 407.979321445005 22.6032803655417 "LDA" 25 5000 2.87878787878788
448.614 33.834 0 0 428.45348100977 23.0408620786056 "LDA" 25 5000 2.91414141414141
469.633 34.419 0 0 450.809382566967 23.4534753182658 "LDA" 25 5000 2.94949494949495
494.667 34.999 0 0 469.352195685281 23.9443590712162 "LDA" 25 5000 2.98484848484848
511.681 35.679 0 0 488.855556370176 24.470773951344 "LDA" 25 5000 3.02020202020202
539.122 36.237 0 0 516.7755877788 25.3880165113855 "LDA" 25 5000 3.05555555555556
569.943 36.58 0 0 546.008092053211 25.5892635769459 "LDA" 25 5000 3.09090909090909
599.176 37.193 0 0 566.747894747038 25.7647350572944 "LDA" 25 5000 3.12626262626263
636.642 37.662 0 0 614.783876700626 26.2597282798076 "LDA" 25 5000 3.16161616161616
671.096 38.252 0 0 647.459460149079 26.5135713449823 "LDA" 25 5000 3.1969696969697
699.32 38.655 0 0 673.622751405571 26.6488299018012 "LDA" 25 5000 3.23232323232323
733.541 39.348 0 0 697.840891772064 27.5272709625681 "LDA" 25 5000 3.26767676767677
776.608 39.726 0 0 760.272447567667 27.5327618842894 "LDA" 25 5000 3.3030303030303
817.627 40.317 0 0 792.895839112984 28.0020825587603 "LDA" 25 5000 3.33838383838384
862.89 41.022 0 0 824.840151287009 28.8156877387971 "LDA" 25 5000 3.37373737373737
906.424 41.362 0 0 860.215157004537 28.8712400929455 "LDA" 25 5000 3.40909090909091
943.819 41.875 0 0 905.908387335742 29.0074267353346 "LDA" 25 5000 3.44444444444444
989.455 42.488 0 0 954.369379688959 29.4006165284378 "LDA" 25 5000 3.47979797979798
1023.621 43.04 0 0 965.273375810733 30.0060787968832 "LDA" 25 5000 3.51515151515152
1060.344 43.372 0 0 982.698622287752 30.1232971141777 "LDA" 25 5000 3.55050505050505
1111.01801801802 43.937 1 0 1027.1424257625 30.3168953744467 "LDA" 25 5000 3.58585858585859
1146.36236236236 44.374 1 0 1047.69641135472 30.35964149709 "LDA" 25 5000 3.62121212121212
1194.35435435435 45.022 1 0 1087.83759257262 30.7949646183568 "LDA" 25 5000 3.65656565656566
1273.03503503503 45.585 1 0 1191.65284238628 30.9502292671911 "LDA" 25 5000 3.69191919191919
1318.06306306306 46.187 1 0 1230.65147264417 31.1189398826409 "LDA" 25 5000 3.72727272727273
1392.49249249249 46.783 1 0 1301.509134716 31.3704640867332 "LDA" 25 5000 3.76262626262626
1484.27527527528 47.446 1 0 1391.25696806942 31.7796008003094 "LDA" 25 5000 3.7979797979798
1517.09109109109 47.961 1 0 1404.25703000674 31.978463082223 "LDA" 25 5000 3.83333333333333
1588.57557557558 48.377 1 0 1474.94044920514 32.1589344983329 "LDA" 25 5000 3.86868686868687
1669.46793587174 48.957 2 0 1576.58643239449 32.5603028905495 "LDA" 25 5000 3.9040404040404
1720.8294884654 49.588 3 0 1605.86350209552 32.9715540940881 "LDA" 25 5000 3.93939393939394
1780.05717151454 50.113 3 0 1652.2994570368 33.2689803879839 "LDA" 25 5000 3.97474747474747
1888.80842527583 50.593 3 0 1755.28941949583 33.4128982995006 "LDA" 25 5000 4.01010101010101
1996.73138832998 51.346 6 0 1815.377468948 33.8312701333964 "LDA" 25 5000 4.04545454545454
2054.5537525355 51.939 14 0 1848.59712913298 34.3170356811007 "LDA" 25 5000 4.08080808080808
2148.28382502543 52.475 17 0 1919.27511875694 34.732977913717 "LDA" 25 5000 4.11616161616162
2239.14519427403 53.194 22 0 1985.04418926871 35.15802113957 "LDA" 25 5000 4.15151515151515
2330.91692307692 53.612 25 0 2031.53467097525 35.1932951572316 "LDA" 25 5000 4.18686868686869
2430.0841889117 54.243 26 0 2091.32690783956 35.6298672245412 "LDA" 25 5000 4.22222222222222
2523.14418125644 55.055 29 0 2149.88115658465 37.2766350751047 "LDA" 25 5000 4.25757575757576
2621.20082815735 55.63 34 0 2234.38024629087 37.323801603885 "LDA" 25 5000 4.29292929292929
2709.92515592516 56.171 38 0 2271.46734392036 37.4648551895556 "LDA" 25 5000 4.32828282828283
2802.21189979123 56.699 42 0 2303.98478675105 37.6612369388974 "LDA" 25 5000 4.36363636363636
2919.19327731092 57.249 48 0 2346.2484896581 37.9785119030007 "LDA" 25 5000 4.3989898989899
3004.20935175345 57.877 59 0 2406.41577865136 38.5482014474714 "LDA" 25 5000 4.43434343434343
3057.50749464668 58.316 66 0 2421.13356243884 38.6280503037659 "LDA" 25 5000 4.46969696969697
3140.84590517241 59.019 72 0 2458.77742068947 39.6415197626061 "LDA" 25 5000 4.50505050505051
3218.3231441048 59.834 84 0 2477.26772200786 40.3624772972816 "LDA" 25 5000 4.54040404040404
3276.59005524862 60.735 95 0 2515.96007795017 40.9442695405378 "LDA" 25 5000 4.57575757575758
3306.20403587444 61.226 108 0 2521.16231698413 41.1012193764885 "LDA" 25 5000 4.61111111111111
3396.16609392898 62.162 127 0 2551.72132874713 42.1107001493334 "LDA" 25 5000 4.64646464646465
3443.40391254315 62.552 131 0 2569.6319110128 42.2666981176643 "LDA" 25 5000 4.68181818181818
3519.34575087311 63.095 141 0 2587.06017968736 42.6104638161406 "LDA" 25 5000 4.71717171717172
3574.72511848341 63.758 156 0 2587.72287817302 43.0252089431836 "LDA" 25 5000 4.75252525252525
3612.91387559809 64.238 164 0 2586.5394007468 43.1590321723977 "LDA" 25 5000 4.78787878787879
3694.58009708738 65.139 176 0 2618.07171968629 43.569530442535 "LDA" 25 5000 4.82323232323232
3782.50557620818 65.845 193 0 2642.63734620914 43.9743188203719 "LDA" 25 5000 4.85858585858586
3805.02547770701 66.45 215 0 2659.06384945388 44.1197921125662 "LDA" 25 5000 4.89393939393939
3878.5207253886 67.119 228 0 2696.3315287496 44.3917274327601 "LDA" 25 5000 4.92929292929293
3889.75700934579 67.787 251 0 2708.27391153739 44.5143252914852 "LDA" 25 5000 4.96464646464646
3930.97668038409 68.347 271 0 2715.20478722018 44.629658271125 "LDA" 25 5000 5
39.166 12.367 0 0 35.8555443978203 8.66887884679792 "uLSIF" 25 5000 1.5
40.753 12.652 0 0 36.7271408344548 8.7347118550752 "uLSIF" 25 5000 1.53535353535354
42.434 13.098 0 0 38.2010597361508 9.36707735305619 "uLSIF" 25 5000 1.57070707070707
44.841 13.519 0 0 40.9185782872407 9.56363435635753 "uLSIF" 25 5000 1.60606060606061
47.202 14.023 0 0 42.9871503020506 9.81074521745019 "uLSIF" 25 5000 1.64141414141414
49.212 14.23 0 0 44.3395878990215 9.93729590229907 "uLSIF" 25 5000 1.67676767676768
51.642 14.623 0 0 46.4624859278816 10.2644156788991 "uLSIF" 25 5000 1.71212121212121
54.141 14.982 0 0 49.6395124895501 10.3871829467652 "uLSIF" 25 5000 1.74747474747475
56.605 15.653 0 0 51.5821062839498 11.0522732387389 "uLSIF" 25 5000 1.78282828282828
58.658 15.965 0 0 53.8602633113129 11.1114012724876 "uLSIF" 25 5000 1.81818181818182
60.568 16.339 0 0 54.9550492078156 11.2747149941007 "uLSIF" 25 5000 1.85353535353535
63.126 16.64 0 0 56.6489649440237 11.3472093115074 "uLSIF" 25 5000 1.88888888888889
66.333 16.996 0 0 59.4068622827892 11.5443170112075 "uLSIF" 25 5000 1.92424242424242
69.055 17.265 0 0 62.5723043228254 11.692625560262 "uLSIF" 25 5000 1.95959595959596
72.325 17.626 0 0 64.5056303848846 11.9805533118324 "uLSIF" 25 5000 1.99494949494949
75.393 18.039 0 0 66.8003805516244 12.103965671836 "uLSIF" 25 5000 2.03030303030303
78.283 18.435 0 0 70.5026775274425 12.3514506570416 "uLSIF" 25 5000 2.06565656565657
81.082 18.796 0 0 72.2592047331596 12.5946420754624 "uLSIF" 25 5000 2.1010101010101
84.778 19.052 0 0 77.1599661506949 12.7377213639468 "uLSIF" 25 5000 2.13636363636364
89.338 19.473 0 0 81.288643730841 12.991306518016 "uLSIF" 25 5000 2.17171717171717
93.203 19.919 0 0 84.5121180014386 13.2998994855723 "uLSIF" 25 5000 2.20707070707071
96.302 20.531 0 0 87.7987210123895 13.877882930571 "uLSIF" 25 5000 2.24242424242424
100.887 20.748 0 0 89.8238083558449 13.8796664636129 "uLSIF" 25 5000 2.27777777777778
105.752 21.24 0 0 94.4711558905431 14.0963508436441 "uLSIF" 25 5000 2.31313131313131
108.894 21.783 0 0 96.8650173984168 14.6364660057384 "uLSIF" 25 5000 2.34848484848485
111.895 22.087 0 0 100.130275376866 14.7628375447396 "uLSIF" 25 5000 2.38383838383838
117.514 22.522 0 0 105.172111212892 14.9625998875662 "uLSIF" 25 5000 2.41919191919192
122.875 22.97 0 0 108.892124921272 15.2952621764076 "uLSIF" 25 5000 2.45454545454545
127.742 23.317 0 0 113.598547816713 15.4202560061529 "uLSIF" 25 5000 2.48989898989899
132.877 23.705 0 0 116.639507224806 15.5477235216834 "uLSIF" 25 5000 2.52525252525253
137.79 24.105 0 0 120.508149575513 15.7809065649605 "uLSIF" 25 5000 2.56060606060606
143.691 24.544 0 0 125.508182294314 16.0319395921731 "uLSIF" 25 5000 2.5959595959596
150.078 25.086 0 0 133.844627461472 16.5987385702083 "uLSIF" 25 5000 2.63131313131313
153.171 25.349 0 0 134.50121313704 16.6572705946582 "uLSIF" 25 5000 2.66666666666667
158.864 25.784 0 0 140.01681403393 16.9035817232643 "uLSIF" 25 5000 2.7020202020202
164.581 26.102 0 0 146.522183266525 16.9403828933284 "uLSIF" 25 5000 2.73737373737374
169.993 26.526 0 0 149.166818329985 17.2406079522319 "uLSIF" 25 5000 2.77272727272727
175.781 27.116 0 0 154.701705409658 17.5901665130822 "uLSIF" 25 5000 2.80808080808081
181.842 27.624 0 0 160.417769891296 17.8283615196258 "uLSIF" 25 5000 2.84343434343434
185.494 28.054 0 0 163.252716404394 18.2184795467953 "uLSIF" 25 5000 2.87878787878788
192.014 28.347 0 0 171.335249063267 18.4528344190831 "uLSIF" 25 5000 2.91414141414141
198.349 28.677 0 0 179.239543664374 18.5279236547152 "uLSIF" 25 5000 2.94949494949495
204.763 29.093 0 0 184.028387153391 18.7553222609774 "uLSIF" 25 5000 2.98484848484848
209.568 29.466 0 0 188.789684360457 18.8218784160112 "uLSIF" 25 5000 3.02020202020202
219.149 30.042 0 0 204.163418614845 19.1413329375628 "uLSIF" 25 5000 3.05555555555556
224.507 30.506 0 0 208.684223304149 19.3847293437833 "uLSIF" 25 5000 3.09090909090909
230.77 30.94 0 0 217.958268728 19.5937315056197 "uLSIF" 25 5000 3.12626262626263
238.153 31.544 0 0 222.221303881736 19.9322692977834 "uLSIF" 25 5000 3.16161616161616
247.112 31.956 0 0 231.946218991611 20.0850559738696 "uLSIF" 25 5000 3.1969696969697
255.598 32.423 0 0 239.687756501279 20.3881766901493 "uLSIF" 25 5000 3.23232323232323
263.119 33.004 0 0 247.634540613188 20.8653623823634 "uLSIF" 25 5000 3.26767676767677
272.733 33.375 0 0 257.333752880129 20.9622467972971 "uLSIF" 25 5000 3.3030303030303
279.843 33.838 0 0 260.873308780784 21.3958766948106 "uLSIF" 25 5000 3.33838383838384
289.037 34.339 0 0 270.634984667404 21.8487859719585 "uLSIF" 25 5000 3.37373737373737
301.112 34.926 0 0 286.438039034983 22.186138662434 "uLSIF" 25 5000 3.40909090909091
312.475 35.448 0 0 296.843051412985 22.4177128594745 "uLSIF" 25 5000 3.44444444444444
323.601 35.854 0 0 309.077421775923 22.6166796457437 "uLSIF" 25 5000 3.47979797979798
334.044 36.308 0 0 316.870612473055 22.7175972590682 "uLSIF" 25 5000 3.51515151515152
346.09 36.674 0 0 329.025691710854 22.9674384123965 "uLSIF" 25 5000 3.55050505050505
354.486 37.184 0 0 335.559147909494 23.183477254666 "uLSIF" 25 5000 3.58585858585859
367.752 37.664 0 0 349.261228741327 23.4092096213241 "uLSIF" 25 5000 3.62121212121212
376.416 38.055 0 0 354.730515578633 23.593189983841 "uLSIF" 25 5000 3.65656565656566
388.568 38.531 0 0 371.781334572806 23.712514044747 "uLSIF" 25 5000 3.69191919191919
400.083 39.015 0 0 379.544221306196 23.8823604809521 "uLSIF" 25 5000 3.72727272727273
411.993 39.476 0 0 388.805378786834 23.9962339387505 "uLSIF" 25 5000 3.76262626262626
429.533 39.961 0 0 419.950691741893 24.1447395398552 "uLSIF" 25 5000 3.7979797979798
445.455 40.401 0 0 434.797694347624 24.4746237193998 "uLSIF" 25 5000 3.83333333333333
459.091 40.881 0 0 450.852302331393 24.7143609797753 "uLSIF" 25 5000 3.86868686868687
473.509 41.31 0 0 463.995139423258 24.7643932930967 "uLSIF" 25 5000 3.9040404040404
493.989 41.965 0 0 480.279430342598 25.1592679496794 "uLSIF" 25 5000 3.93939393939394
508.587 42.41 0 0 497.735181338171 25.7382275294232 "uLSIF" 25 5000 3.97474747474747
522.352 42.896 0 0 503.931661254991 25.9939005704582 "uLSIF" 25 5000 4.01010101010101
541.117 43.38 0 0 517.364853563423 26.2471429399947 "uLSIF" 25 5000 4.04545454545454
571.921 43.692 0 0 560.812304786726 26.3949204929249 "uLSIF" 25 5000 4.08080808080808
583.246 44.346 0 0 566.879201870657 27.330481869869 "uLSIF" 25 5000 4.11616161616162
597.797 45.025 0 0 579.735613165322 27.8240642889128 "uLSIF" 25 5000 4.15151515151515
614.79 45.655 0 0 589.792121553558 28.1805272682595 "uLSIF" 25 5000 4.18686868686869
636.433 46.001 0 0 606.590675627938 28.2695625570536 "uLSIF" 25 5000 4.22222222222222
657.568 46.393 0 0 618.779401178904 28.5467593339151 "uLSIF" 25 5000 4.25757575757576
675.859 46.888 0 0 645.831951848954 28.6313326481533 "uLSIF" 25 5000 4.29292929292929
697.542 47.344 0 0 669.440519273255 28.8392678022062 "uLSIF" 25 5000 4.32828282828283
721.319 47.706 0 0 687.711001555639 28.9309620400803 "uLSIF" 25 5000 4.36363636363636
745.907 48.132 0 0 732.677762085116 29.0697372816753 "uLSIF" 25 5000 4.3989898989899
763.732 48.696 0 0 749.827542518624 29.5681900335794 "uLSIF" 25 5000 4.43434343434343
783.887 49.172 0 0 773.325076474897 29.6473503264859 "uLSIF" 25 5000 4.46969696969697
809.253 49.678 0 0 804.765068704406 30.6196649210908 "uLSIF" 25 5000 4.50505050505051
831.987 50.144 0 0 827.094742181054 30.9146725840818 "uLSIF" 25 5000 4.54040404040404
848.629 50.531 0 0 845.726989932626 31.1161574468033 "uLSIF" 25 5000 4.57575757575758
871.604 51.14 0 0 860.126382910429 31.4814784195959 "uLSIF" 25 5000 4.61111111111111
902.611 51.759 0 0 892.126215769867 31.9217467710794 "uLSIF" 25 5000 4.64646464646465
929.614 52.066 0 0 917.568642237308 32.0125983083293 "uLSIF" 25 5000 4.68181818181818
957.322 52.401 0 0 945.078019413624 32.0786102603625 "uLSIF" 25 5000 4.71717171717172
990.509 52.986 0 0 974.666476626574 32.4743959203307 "uLSIF" 25 5000 4.75252525252525
1018.422 53.628 0 0 997.126337456217 33.2167272163735 "uLSIF" 25 5000 4.78787878787879
1040.003 54.11 0 0 1015.17257367669 33.4484184483616 "uLSIF" 25 5000 4.82323232323232
1065.031 54.817 0 0 1029.05063687471 33.8818164874389 "uLSIF" 25 5000 4.85858585858586
1089.586 55.2 0 0 1049.19141496165 33.888027360683 "uLSIF" 25 5000 4.89393939393939
1110.132 55.756 0 0 1057.95989702811 33.9014125040502 "uLSIF" 25 5000 4.92929292929293
1159.12 56.388 0 0 1121.95816398016 34.1681272082173 "uLSIF" 25 5000 4.96464646464646
1184.952 56.999 0 0 1150.5701618734 34.5703356522193 "uLSIF" 25 5000 5
