147.905 16.06 0 0 "KDE LDA" 54 1500 2.5
149.23 16.145 0 0 "KDE LDA" 54 1500 2.51010101010101
150.69 16.155 0 0 "KDE LDA" 54 1500 2.52020202020202
157.87 16.36 0 0 "KDE LDA" 54 1500 2.53030303030303
160.145 16.47 0 0 "KDE LDA" 54 1500 2.54040404040404
160.165 16.48 0 0 "KDE LDA" 54 1500 2.55050505050505
162.77 16.59 0 0 "KDE LDA" 54 1500 2.56060606060606
166.33 16.62 0 0 "KDE LDA" 54 1500 2.57070707070707
166.335 16.625 0 0 "KDE LDA" 54 1500 2.58080808080808
166.335 16.655 0 0 "KDE LDA" 54 1500 2.59090909090909
166.455 16.82 0 0 "KDE LDA" 54 1500 2.6010101010101
167.685 16.91 0 0 "KDE LDA" 54 1500 2.61111111111111
167.695 16.965 0 0 "KDE LDA" 54 1500 2.62121212121212
167.705 17 0 0 "KDE LDA" 54 1500 2.63131313131313
167.825 17.15 0 0 "KDE LDA" 54 1500 2.64141414141414
169.035 17.16 0 0 "KDE LDA" 54 1500 2.65151515151515
173.68 17.175 0 0 "KDE LDA" 54 1500 2.66161616161616
181.29 17.485 0 0 "KDE LDA" 54 1500 2.67171717171717
182.955 17.495 0 0 "KDE LDA" 54 1500 2.68181818181818
184.595 17.56 0 0 "KDE LDA" 54 1500 2.69191919191919
184.835 17.585 0 0 "KDE LDA" 54 1500 2.7020202020202
184.93 17.61 0 0 "KDE LDA" 54 1500 2.71212121212121
185.865 17.615 0 0 "KDE LDA" 54 1500 2.72222222222222
185.875 17.655 0 0 "KDE LDA" 54 1500 2.73232323232323
186.385 17.71 0 0 "KDE LDA" 54 1500 2.74242424242424
188.365 17.735 0 0 "KDE LDA" 54 1500 2.75252525252525
188.445 17.845 0 0 "KDE LDA" 54 1500 2.76262626262626
192.655 18.14 0 0 "KDE LDA" 54 1500 2.77272727272727
194.055 18.315 0 0 "KDE LDA" 54 1500 2.78282828282828
200.995 18.415 0 0 "KDE LDA" 54 1500 2.79292929292929
233.36 19.08 0 0 "KDE LDA" 54 1500 2.8030303030303
233.385 19.085 0 0 "KDE LDA" 54 1500 2.81313131313131
241.365 19.125 0 0 "KDE LDA" 54 1500 2.82323232323232
241.38 19.205 0 0 "KDE LDA" 54 1500 2.83333333333333
243.475 19.21 0 0 "KDE LDA" 54 1500 2.84343434343434
247.93 19.235 0 0 "KDE LDA" 54 1500 2.85353535353535
247.955 19.33 0 0 "KDE LDA" 54 1500 2.86363636363636
250.38 19.365 0 0 "KDE LDA" 54 1500 2.87373737373737
252.625 19.39 0 0 "KDE LDA" 54 1500 2.88383838383838
252.86 19.395 0 0 "KDE LDA" 54 1500 2.89393939393939
255.06 19.41 0 0 "KDE LDA" 54 1500 2.9040404040404
257.67 19.465 0 0 "KDE LDA" 54 1500 2.91414141414141
258.665 19.5 0 0 "KDE LDA" 54 1500 2.92424242424242
260.585 19.63 0 0 "KDE LDA" 54 1500 2.93434343434343
263.165 19.635 0 0 "KDE LDA" 54 1500 2.94444444444444
272.195 19.69 0 0 "KDE LDA" 54 1500 2.95454545454545
273.52 19.7 0 0 "KDE LDA" 54 1500 2.96464646464646
274.125 19.7 0 0 "KDE LDA" 54 1500 2.97474747474747
275.99 19.805 0 0 "KDE LDA" 54 1500 2.98484848484848
278.56 19.825 0 0 "KDE LDA" 54 1500 2.99494949494949
280.73 19.83 0 0 "KDE LDA" 54 1500 3.00505050505051
281.59 19.855 0 0 "KDE LDA" 54 1500 3.01515151515152
283.65 20.18 0 0 "KDE LDA" 54 1500 3.02525252525253
284.105 20.255 0 0 "KDE LDA" 54 1500 3.03535353535354
284.105 20.28 0 0 "KDE LDA" 54 1500 3.04545454545455
284.87 20.38 0 0 "KDE LDA" 54 1500 3.05555555555556
284.915 20.38 0 0 "KDE LDA" 54 1500 3.06565656565657
285.435 20.505 0 0 "KDE LDA" 54 1500 3.07575757575758
300.145 20.83 0 0 "KDE LDA" 54 1500 3.08585858585859
305.825 20.925 0 0 "KDE LDA" 54 1500 3.0959595959596
311.945 21.03 0 0 "KDE LDA" 54 1500 3.10606060606061
314.425 21.085 0 0 "KDE LDA" 54 1500 3.11616161616162
317.425 21.13 0 0 "KDE LDA" 54 1500 3.12626262626263
317.435 21.145 0 0 "KDE LDA" 54 1500 3.13636363636364
317.45 21.19 0 0 "KDE LDA" 54 1500 3.14646464646465
317.47 21.235 0 0 "KDE LDA" 54 1500 3.15656565656566
320.775 21.295 0 0 "KDE LDA" 54 1500 3.16666666666667
320.85 21.435 0 0 "KDE LDA" 54 1500 3.17676767676768
328.035 21.475 0 0 "KDE LDA" 54 1500 3.18686868686869
331.43 21.59 0 0 "KDE LDA" 54 1500 3.1969696969697
334.05 21.635 0 0 "KDE LDA" 54 1500 3.20707070707071
338.28 21.65 0 0 "KDE LDA" 54 1500 3.21717171717172
365.695 21.93 0 0 "KDE LDA" 54 1500 3.22727272727273
373.31 21.98 0 0 "KDE LDA" 54 1500 3.23737373737374
375.77 22.035 0 0 "KDE LDA" 54 1500 3.24747474747475
376.005 22.07 0 0 "KDE LDA" 54 1500 3.25757575757576
380.07 22.105 0 0 "KDE LDA" 54 1500 3.26767676767677
381.4 22.14 0 0 "KDE LDA" 54 1500 3.27777777777778
386.74 22.215 0 0 "KDE LDA" 54 1500 3.28787878787879
388.61 22.24 0 0 "KDE LDA" 54 1500 3.2979797979798
389.04 22.355 0 0 "KDE LDA" 54 1500 3.30808080808081
389.045 22.45 0 0 "KDE LDA" 54 1500 3.31818181818182
394.745 22.655 0 0 "KDE LDA" 54 1500 3.32828282828283
394.765 22.7 0 0 "KDE LDA" 54 1500 3.33838383838384
415.875 22.9 0 0 "KDE LDA" 54 1500 3.34848484848485
455.4 23.22 0 0 "KDE LDA" 54 1500 3.35858585858586
462.13 23.255 0 0 "KDE LDA" 54 1500 3.36868686868687
463.19 23.26 0 0 "KDE LDA" 54 1500 3.37878787878788
472.02 23.405 0 0 "KDE LDA" 54 1500 3.38888888888889
474.965 23.445 0 0 "KDE LDA" 54 1500 3.3989898989899
474.98 23.47 0 0 "KDE LDA" 54 1500 3.40909090909091
476.385 23.62 0 0 "KDE LDA" 54 1500 3.41919191919192
479.735 23.625 0 0 "KDE LDA" 54 1500 3.42929292929293
479.755 23.7 0 0 "KDE LDA" 54 1500 3.43939393939394
494.965 23.74 0 0 "KDE LDA" 54 1500 3.44949494949495
500.78 23.75 0 0 "KDE LDA" 54 1500 3.45959595959596
501.495 23.815 0 0 "KDE LDA" 54 1500 3.46969696969697
501.505 23.83 0 0 "KDE LDA" 54 1500 3.47979797979798
505.09 23.845 0 0 "KDE LDA" 54 1500 3.48989898989899
505.17 23.865 0 0 "KDE LDA" 54 1500 3.5
129.585 13.195 0 0 "KDE QDA" 54 1500 2.8
129.585 13.195 0 0 "KDE QDA" 54 1500 2.81010101010101
129.945 13.2 0 0 "KDE QDA" 54 1500 2.82020202020202
133.985 13.26 0 0 "KDE QDA" 54 1500 2.83030303030303
133.985 13.295 0 0 "KDE QDA" 54 1500 2.84040404040404
133.985 13.3 0 0 "KDE QDA" 54 1500 2.85050505050505
134.98 13.305 0 0 "KDE QDA" 54 1500 2.86060606060606
135.145 13.305 0 0 "KDE QDA" 54 1500 2.87070707070707
135.165 13.305 0 0 "KDE QDA" 54 1500 2.88080808080808
135.9 13.305 0 0 "KDE QDA" 54 1500 2.89090909090909
135.905 13.305 0 0 "KDE QDA" 54 1500 2.9010101010101
137.615 13.305 0 0 "KDE QDA" 54 1500 2.91111111111111
137.615 13.31 0 0 "KDE QDA" 54 1500 2.92121212121212
137.615 13.31 0 0 "KDE QDA" 54 1500 2.93131313131313
137.625 13.31 0 0 "KDE QDA" 54 1500 2.94141414141414
137.63 13.31 0 0 "KDE QDA" 54 1500 2.95151515151515
147.975 13.47 0 0 "KDE QDA" 54 1500 2.96161616161616
149.43 13.51 0 0 "KDE QDA" 54 1500 2.97171717171717
149.955 13.515 0 0 "KDE QDA" 54 1500 2.98181818181818
150.44 13.545 0 0 "KDE QDA" 54 1500 2.99191919191919
150.51 13.545 0 0 "KDE QDA" 54 1500 3.0020202020202
150.52 13.545 0 0 "KDE QDA" 54 1500 3.01212121212121
150.52 13.545 0 0 "KDE QDA" 54 1500 3.02222222222222
151.045 13.545 0 0 "KDE QDA" 54 1500 3.03232323232323
151.48 13.55 0 0 "KDE QDA" 54 1500 3.04242424242424
151.48 13.555 0 0 "KDE QDA" 54 1500 3.05252525252525
151.505 13.555 0 0 "KDE QDA" 54 1500 3.06262626262626
151.505 13.585 0 0 "KDE QDA" 54 1500 3.07272727272727
154.16 13.59 0 0 "KDE QDA" 54 1500 3.08282828282828
163.335 13.855 0 0 "KDE QDA" 54 1500 3.09292929292929
163.925 13.87 0 0 "KDE QDA" 54 1500 3.1030303030303
166.51 13.88 0 0 "KDE QDA" 54 1500 3.11313131313131
167.93 13.895 0 0 "KDE QDA" 54 1500 3.12323232323232
167.99 13.905 0 0 "KDE QDA" 54 1500 3.13333333333333
168 13.915 0 0 "KDE QDA" 54 1500 3.14343434343434
168.24 13.92 0 0 "KDE QDA" 54 1500 3.15353535353535
168.62 13.92 0 0 "KDE QDA" 54 1500 3.16363636363636
171.34 13.92 0 0 "KDE QDA" 54 1500 3.17373737373737
171.42 13.925 0 0 "KDE QDA" 54 1500 3.18383838383838
171.42 13.925 0 0 "KDE QDA" 54 1500 3.19393939393939
171.46 13.925 0 0 "KDE QDA" 54 1500 3.2040404040404
171.465 13.93 0 0 "KDE QDA" 54 1500 3.21414141414141
176.81 14.505 0 0 "KDE QDA" 54 1500 3.22424242424242
178.5 14.58 0 0 "KDE QDA" 54 1500 3.23434343434343
178.53 14.58 0 0 "KDE QDA" 54 1500 3.24444444444444
184.59 14.615 0 0 "KDE QDA" 54 1500 3.25454545454545
184.595 14.63 0 0 "KDE QDA" 54 1500 3.26464646464646
184.63 14.63 0 0 "KDE QDA" 54 1500 3.27474747474747
184.635 14.64 0 0 "KDE QDA" 54 1500 3.28484848484848
184.64 14.64 0 0 "KDE QDA" 54 1500 3.29494949494949
185.02 14.72 0 0 "KDE QDA" 54 1500 3.30505050505051
185.16 14.72 0 0 "KDE QDA" 54 1500 3.31515151515151
186.87 14.72 0 0 "KDE QDA" 54 1500 3.32525252525252
188.025 14.725 0 0 "KDE QDA" 54 1500 3.33535353535354
189.205 14.725 0 0 "KDE QDA" 54 1500 3.34545454545455
192.165 14.725 0 0 "KDE QDA" 54 1500 3.35555555555556
210.085 15.49 0 0 "KDE QDA" 54 1500 3.36565656565657
210.1 15.49 0 0 "KDE QDA" 54 1500 3.37575757575758
214.085 15.795 0 0 "KDE QDA" 54 1500 3.38585858585859
217.28 15.83 0 0 "KDE QDA" 54 1500 3.3959595959596
218.055 15.835 0 0 "KDE QDA" 54 1500 3.40606060606061
220.265 15.845 0 0 "KDE QDA" 54 1500 3.41616161616162
220.3 15.845 0 0 "KDE QDA" 54 1500 3.42626262626263
220.61 15.85 0 0 "KDE QDA" 54 1500 3.43636363636364
220.615 15.85 0 0 "KDE QDA" 54 1500 3.44646464646465
223.23 15.9 0 0 "KDE QDA" 54 1500 3.45656565656566
226.09 15.9 0 0 "KDE QDA" 54 1500 3.46666666666667
226.095 15.9 0 0 "KDE QDA" 54 1500 3.47676767676768
226.11 15.905 0 0 "KDE QDA" 54 1500 3.48686868686869
226.52 15.905 0 0 "KDE QDA" 54 1500 3.4969696969697
229.745 15.905 0 0 "KDE QDA" 54 1500 3.50707070707071
237.055 16.015 0 0 "KDE QDA" 54 1500 3.51717171717172
238.225 16.14 0 0 "KDE QDA" 54 1500 3.52727272727273
238.25 16.17 0 0 "KDE QDA" 54 1500 3.53737373737374
238.745 16.195 0 0 "KDE QDA" 54 1500 3.54747474747475
242.75 16.195 0 0 "KDE QDA" 54 1500 3.55757575757576
242.88 16.195 0 0 "KDE QDA" 54 1500 3.56767676767677
243.11 16.21 0 0 "KDE QDA" 54 1500 3.57777777777778
243.955 16.21 0 0 "KDE QDA" 54 1500 3.58787878787879
249.925 16.28 0 0 "KDE QDA" 54 1500 3.5979797979798
249.93 16.28 0 0 "KDE QDA" 54 1500 3.60808080808081
252 16.3 0 0 "KDE QDA" 54 1500 3.61818181818182
252 16.315 0 0 "KDE QDA" 54 1500 3.62828282828283
253.955 16.35 0 0 "KDE QDA" 54 1500 3.63838383838384
254.19 16.355 0 0 "KDE QDA" 54 1500 3.64848484848485
271.285 16.795 0 0 "KDE QDA" 54 1500 3.65858585858586
272.645 16.805 0 0 "KDE QDA" 54 1500 3.66868686868687
272.695 16.86 0 0 "KDE QDA" 54 1500 3.67878787878788
275.165 16.885 0 0 "KDE QDA" 54 1500 3.68888888888889
276.59 16.945 0 0 "KDE QDA" 54 1500 3.6989898989899
281.185 16.945 0 0 "KDE QDA" 54 1500 3.70909090909091
282.245 16.955 0 0 "KDE QDA" 54 1500 3.71919191919192
282.26 17.045 0 0 "KDE QDA" 54 1500 3.72929292929293
283.07 17.07 0 0 "KDE QDA" 54 1500 3.73939393939394
284.605 17.07 0 0 "KDE QDA" 54 1500 3.74949494949495
285.575 17.07 0 0 "KDE QDA" 54 1500 3.75959595959596
286.005 17.07 0 0 "KDE QDA" 54 1500 3.76969696969697
286.01 17.11 0 0 "KDE QDA" 54 1500 3.77979797979798
311.945 17.495 0 0 "KDE QDA" 54 1500 3.78989898989899
317.885 17.505 0 0 "KDE QDA" 54 1500 3.8
