83.206 16.387 0 0 76.627301318181 12.1080070546244 "LDA" 47 200 1.5
88.849 17.001 0 0 83.0280546373143 12.457053310361 "LDA" 47 200 1.53535353535354
97.097 17.636 0 0 91.2632048723009 12.7921516228953 "LDA" 47 200 1.57070707070707
104.621 18.471 0 0 98.2517825373757 13.5721539323116 "LDA" 47 200 1.60606060606061
111.083 18.957 0 0 102.419734001377 14.0364587119819 "LDA" 47 200 1.64141414141414
118.169 19.483 0 0 109.435408107009 14.2660166209853 "LDA" 47 200 1.67676767676768
126.727 20.081 0 0 114.855161743733 14.8314669339014 "LDA" 47 200 1.71212121212121
135.547 20.734 0 0 123.450750823472 15.163283587969 "LDA" 47 200 1.74747474747475
143.843 21.22 0 0 133.889225390528 15.3902716175011 "LDA" 47 200 1.78282828282828
153.746 21.899 0 0 142.813687135489 15.8271063778663 "LDA" 47 200 1.81818181818182
161.138 22.402 0 0 150.982133249469 15.9881210908604 "LDA" 47 200 1.85353535353535
172.65 23.317 0 0 160.915186347334 16.5782794749742 "LDA" 47 200 1.88888888888889
183.119 24.067 0 0 171.074537369932 17.312719059733 "LDA" 47 200 1.92424242424242
196.891 24.776 0 0 182.385837478442 17.7483753856185 "LDA" 47 200 1.95959595959596
213.916 25.713 0 0 205.39403509755 18.8633097693765 "LDA" 47 200 1.99494949494949
231.112 26.529 0 0 224.577315030763 19.6513952770875 "LDA" 47 200 2.03030303030303
243.151 27.208 0 0 232.157354473719 20.1604359868327 "LDA" 47 200 2.06565656565657
259.63 27.821 0 0 252.717845451027 20.7366575891094 "LDA" 47 200 2.1010101010101
273.992 28.408 0 0 267.411931441133 21.113154697991 "LDA" 47 200 2.13636363636364
290.097 28.909 0 0 287.190243265378 21.4771037382834 "LDA" 47 200 2.17171717171717
309.306 30.086 0 0 299.287278779502 23.2002770857776 "LDA" 47 200 2.20707070707071
335.733 30.922 0 0 324.887068561244 23.5940796937833 "LDA" 47 200 2.24242424242424
354.416 31.57 0 0 343.500537937808 23.878133621899 "LDA" 47 200 2.27777777777778
373.657 32.264 0 0 357.286555910006 24.6127221186542 "LDA" 47 200 2.31313131313131
391.21 33.286 0 0 366.422588568736 25.3071661127171 "LDA" 47 200 2.34848484848485
413.975 34.085 0 0 385.751412865238 25.6524818453269 "LDA" 47 200 2.38383838383838
443.331 34.88 0 0 418.826717459928 26.1702595035373 "LDA" 47 200 2.41919191919192
480.68 35.92 0 0 468.370178623943 27.4768735226295 "LDA" 47 200 2.45454545454545
513.027 36.627 0 0 495.268603144052 27.7693537556784 "LDA" 47 200 2.48989898989899
541.592 37.534 0 0 514.853888071229 28.4350733671886 "LDA" 47 200 2.52525252525253
569.519 38.3 0 0 535.305538602636 28.8311157125983 "LDA" 47 200 2.56060606060606
601.858 39.314 0 0 563.579099361604 29.8769482383331 "LDA" 47 200 2.5959595959596
652.311 40.008 0 0 602.015861399329 30.4006930535825 "LDA" 47 200 2.63131313131313
702.103 40.952 0 0 665.726613795269 31.3759485298237 "LDA" 47 200 2.66666666666667
765.063 41.686 0 0 736.355388578972 31.8194890575553 "LDA" 47 200 2.7020202020202
804.878 42.068 0 0 794.439072903993 32.2036403291685 "LDA" 47 200 2.73737373737374
843.474 43.022 0 0 826.537477387157 33.4631633187793 "LDA" 47 200 2.77272727272727
912.06 43.976 0 0 897.153584931228 34.0187698293266 "LDA" 47 200 2.80808080808081
976.007 44.658 0 0 977.370494763902 34.3670791911697 "LDA" 47 200 2.84343434343434
1023.134 45.906 0 0 1009.92907908862 35.9411035852675 "LDA" 47 200 2.87878787878788
1094.307 46.707 0 0 1075.9932528744 36.8099731747406 "LDA" 47 200 2.91414141414141
1165.859 47.606 0 0 1148.91949723648 37.2346771865312 "LDA" 47 200 2.94949494949495
1254.877 48.47 0 0 1252.25938264899 37.8283767307835 "LDA" 47 200 2.98484848484848
1327.363 49.345 0 0 1313.49607657357 38.1237116817394 "LDA" 47 200 3.02020202020202
1391.643 49.941 0 0 1356.63103654616 38.3377529636558 "LDA" 47 200 3.05555555555556
1459.819 50.892 0 0 1427.3967716731 38.7176366968774 "LDA" 47 200 3.09090909090909
1560.095 51.706 0 0 1528.61806582487 39.2518314256834 "LDA" 47 200 3.12626262626263
1652.971 52.726 0 0 1577.64425951118 39.7331303277963 "LDA" 47 200 3.16161616161616
1741.83583583584 53.626 1 0 1648.22664619631 40.1442110606459 "LDA" 47 200 3.1969696969697
1845.29029029029 54.358 1 0 1768.75514907252 40.4750548618043 "LDA" 47 200 3.23232323232323
1939.61083249749 55.174 3 0 1857.44927690316 41.2328008734292 "LDA" 47 200 3.26767676767677
2051.49698795181 55.579 4 0 1940.47538831448 41.4221867669557 "LDA" 47 200 3.3030303030303
2161.73065326633 56.423 5 0 2016.29119696557 42.0249946004895 "LDA" 47 200 3.33838383838384
2256.07178968655 57.297 11 0 2051.24319860439 42.4994234312889 "LDA" 47 200 3.37373737373737
2330.2012195122 58.181 16 0 2084.31690158783 43.6569142881762 "LDA" 47 200 3.40909090909091
2417.65204081633 59.709 20 0 2135.28523673836 44.8956338293262 "LDA" 47 200 3.44444444444444
2508.19116135663 60.64 27 0 2186.43149481678 45.3264038159094 "LDA" 47 200 3.47979797979798
2632.59194214876 61.554 32 0 2263.09828345025 45.9977268446483 "LDA" 47 200 3.51515151515152
2719.53493222106 62.469 41 0 2308.27246417584 46.4744759617138 "LDA" 47 200 3.55050505050505
2806.56782334385 63.567 49 0 2358.79037942742 46.9033413994615 "LDA" 47 200 3.58585858585859
2950.22057264051 64.68 57 0 2447.06945971714 48.1727122986677 "LDA" 47 200 3.62121212121212
3066.22615219721 65.456 67 0 2496.4154790148 48.4172313571552 "LDA" 47 200 3.65656565656566
3187.22573609597 66.7 83 0 2540.66188344189 49.1739573156165 "LDA" 47 200 3.69191919191919
3297.0729281768 67.786 95 0 2581.47305807031 49.4450099910296 "LDA" 47 200 3.72727272727273
3375.84624017957 68.581 109 0 2596.65208434204 49.6060500261732 "LDA" 47 200 3.76262626262626
3487.10478359909 69.463 122 0 2610.1874802934 50.2084805836875 "LDA" 47 200 3.7979797979798
3544.25404157044 70.32 134 0 2631.50497086531 50.5253442384157 "LDA" 47 200 3.83333333333333
3627.89976415094 71.197 152 0 2663.06145484008 50.7868634244772 "LDA" 47 200 3.86868686868687
3671.08958837772 72.115 174 0 2680.80415962584 51.4742787844218 "LDA" 47 200 3.9040404040404
3781.10780669145 72.847 193 0 2721.261700062 51.835301576141 "LDA" 47 200 3.93939393939394
3836.89911727617 73.82 207 0 2741.29991420271 52.2720763885458 "LDA" 47 200 3.97474747474747
3882.50713359274 74.612 229 0 2734.74931463746 53.0028372519505 "LDA" 47 200 4.01010101010101
3948.80053547523 75.847 253 0 2722.34906628684 54.804206883159 "LDA" 47 200 4.04545454545454
3998.9779917469 76.795 273 0 2767.45060145089 55.0746056471328 "LDA" 47 200 4.08080808080808
4033.39099859353 77.431 289 0 2762.11844023581 55.5152157356718 "LDA" 47 200 4.11616161616162
4075.72222222222 79.24 316 0 2770.44248603131 57.7848032226768 "LDA" 47 200 4.15151515151515
4164.06515151515 79.958 340 0 2774.03873799129 58.0893846809605 "LDA" 47 200 4.18686868686869
4218.33800623053 80.775 358 0 2789.72767855914 58.560273912275 "LDA" 47 200 4.22222222222222
4254.30225080386 81.843 378 0 2805.46808985298 59.4765820707177 "LDA" 47 200 4.25757575757576
4318.91846921797 82.852 399 0 2813.69820373028 59.8906084539219 "LDA" 47 200 4.29292929292929
4368.76592082616 84.025 419 0 2821.1418910169 60.4126150655561 "LDA" 47 200 4.32828282828283
4411.68468468468 85.559 445 0 2829.42469494558 62.1901932714406 "LDA" 47 200 4.36363636363636
4448.45094339623 86.501 470 0 2815.27927990544 62.7833237790478 "LDA" 47 200 4.3989898989899
4481.28205128205 87.407 493 0 2813.50129674256 64.2114823490742 "LDA" 47 200 4.43434343434343
4541.16049382716 88.08 514 0 2813.52491519365 64.214103209895 "LDA" 47 200 4.46969696969697
4577.21598272138 88.995 537 0 2831.56333091341 64.4871736903593 "LDA" 47 200 4.50505050505051
4679.75615212528 89.496 553 0 2848.82980319635 64.5488073672359 "LDA" 47 200 4.54040404040404
4683.26450116009 90.242 569 0 2846.80695951801 65.1266682620792 "LDA" 47 200 4.57575757575758
4737.08495145631 91.486 588 0 2852.13348668251 65.8713050791681 "LDA" 47 200 4.61111111111111
4713.33248730964 92.074 606 0 2851.85007735778 65.7789281715003 "LDA" 47 200 4.64646464646465
4715.56763925729 92.618 623 0 2861.11508192787 65.8258392815247 "LDA" 47 200 4.68181818181818
4825.40389972145 93.861 641 0 2838.38776845568 66.847799569674 "LDA" 47 200 4.71717171717172
4831.46198830409 94.303 658 0 2820.07061693047 66.8808959662267 "LDA" 47 200 4.75252525252525
4876.6006097561 95.597 672 0 2804.1325274382 68.0067902088793 "LDA" 47 200 4.78787878787879
4929.66118421053 96.705 696 0 2794.35825898264 68.3799077711193 "LDA" 47 200 4.82323232323232
5051.66550522648 97.919 713 0 2767.92357728317 69.3982460553259 "LDA" 47 200 4.85858585858586
5155.44363636364 99.118 725 0 2776.26664054496 69.9200320858542 "LDA" 47 200 4.89393939393939
5114.66538461538 100.254 740 0 2792.47719415544 70.4697344075275 "LDA" 47 200 4.92929292929293
5164.50200803213 101.197 751 0 2789.68452101854 70.8642924111921 "LDA" 47 200 4.96464646464646
5165.92857142857 102.646 762 0 2770.45936250013 72.1033395591049 "LDA" 47 200 5
82.769 22.839 0 0 71.6760706100585 15.0465769688151 "uLSIF" 47 200 1.5
86.632 23.539 0 0 76.4300341889635 15.5983264098039 "uLSIF" 47 200 1.53535353535354
90.313 24.4 0 0 80.0666578589409 16.3475760662932 "uLSIF" 47 200 1.57070707070707
94.209 25.049 0 0 83.7736195847973 16.4390645062863 "uLSIF" 47 200 1.60606060606061
101.358 25.63 0 0 90.7078704068933 16.7313788744096 "uLSIF" 47 200 1.64141414141414
106.918 26.225 0 0 95.7938293092709 16.849637541659 "uLSIF" 47 200 1.67676767676768
112.505 26.91 0 0 101.371485897925 17.2363857288294 "uLSIF" 47 200 1.71212121212121
119.285 27.708 0 0 108.364766864963 17.8700888659255 "uLSIF" 47 200 1.74747474747475
124.474 28.497 0 0 111.80260796219 18.5313086532063 "uLSIF" 47 200 1.78282828282828
129.368 29.065 0 0 113.095540041052 18.8145891202482 "uLSIF" 47 200 1.81818181818182
135.077 29.797 0 0 117.54407548099 19.343835580747 "uLSIF" 47 200 1.85353535353535
141.432 30.388 0 0 123.548588132887 19.6639295698018 "uLSIF" 47 200 1.88888888888889
147.999 31.201 0 0 131.534186587523 20.1059406108704 "uLSIF" 47 200 1.92424242424242
158.979 31.889 0 0 143.226647071805 20.5623317862661 "uLSIF" 47 200 1.95959595959596
168.69 32.668 0 0 157.365281214542 21.4818352392258 "uLSIF" 47 200 1.99494949494949
179.203 33.499 0 0 174.018608968315 21.7524980213807 "uLSIF" 47 200 2.03030303030303
186.451 34.229 0 0 182.878741884433 22.2131038124117 "uLSIF" 47 200 2.06565656565657
196.039 34.899 0 0 192.869598851559 22.4340831568194 "uLSIF" 47 200 2.1010101010101
204.837 35.836 0 0 202.348999376198 23.0726125406173 "uLSIF" 47 200 2.13636363636364
213.317 36.431 0 0 210.008161600779 23.1636740348934 "uLSIF" 47 200 2.17171717171717
225.115 37.192 0 0 223.050450074144 23.3865359997171 "uLSIF" 47 200 2.20707070707071
238.097 37.626 0 0 241.611514035889 23.4979206798448 "uLSIF" 47 200 2.24242424242424
249.397 38.255 0 0 247.333518270897 23.7168392384707 "uLSIF" 47 200 2.27777777777778
262.115 38.935 0 0 259.324578495776 23.7668600921249 "uLSIF" 47 200 2.31313131313131
270.963 39.659 0 0 266.229517121575 24.066739017302 "uLSIF" 47 200 2.34848484848485
283.673 40.149 0 0 280.260786017558 24.19901633107 "uLSIF" 47 200 2.38383838383838
297.597 40.908 0 0 289.674572492908 24.430111877893 "uLSIF" 47 200 2.41919191919192
311.001 41.743 0 0 301.74902729665 24.9376991689257 "uLSIF" 47 200 2.45454545454545
325.334 42.341 0 0 309.68532326128 25.263589768043 "uLSIF" 47 200 2.48989898989899
337.005 43.056 0 0 319.985802636443 25.5410494931044 "uLSIF" 47 200 2.52525252525253
354.387 43.765 0 0 337.847845038854 25.8033251071754 "uLSIF" 47 200 2.56060606060606
364.395 44.381 0 0 349.186325713171 25.8860566121402 "uLSIF" 47 200 2.5959595959596
380.936 45.128 0 0 357.638777818345 26.1825350403879 "uLSIF" 47 200 2.63131313131313
396.198 45.707 0 0 374.882736148068 26.2438924874511 "uLSIF" 47 200 2.66666666666667
416.175 46.4 0 0 397.507323765799 26.4494153351557 "uLSIF" 47 200 2.7020202020202
436.632 47.186 0 0 423.785316605673 26.975935666907 "uLSIF" 47 200 2.73737373737374
449.818 48.146 0 0 429.448272431843 27.4859994208718 "uLSIF" 47 200 2.77272727272727
469.802 48.723 0 0 445.389814525302 27.8515345893001 "uLSIF" 47 200 2.80808080808081
484.935 49.452 0 0 462.157120446044 28.22222865385 "uLSIF" 47 200 2.84343434343434
497.89 50.269 0 0 473.376291139526 28.4580832366043 "uLSIF" 47 200 2.87878787878788
513.222 51.197 0 0 491.183896658203 29.0689042138191 "uLSIF" 47 200 2.91414141414141
543.749 52.005 0 0 534.299033740897 29.3379564845729 "uLSIF" 47 200 2.94949494949495
559.124 52.901 0 0 543.774445217198 29.8044544406454 "uLSIF" 47 200 2.98484848484848
583.212 53.744 0 0 576.902667478444 30.452648945992 "uLSIF" 47 200 3.02020202020202
616.433 54.467 0 0 617.6727832584 30.8288067613122 "uLSIF" 47 200 3.05555555555556
642.697 55.323 0 0 634.30432220202 31.2401443277335 "uLSIF" 47 200 3.09090909090909
665.4 56.265 0 0 652.301069050699 31.3981626790425 "uLSIF" 47 200 3.12626262626263
688.29 56.89 0 0 669.641207847342 31.5947167438818 "uLSIF" 47 200 3.16161616161616
712.248 57.788 0 0 691.197061534461 31.8686784895243 "uLSIF" 47 200 3.1969696969697
741.088 58.824 0 0 722.374583782746 32.7872845784769 "uLSIF" 47 200 3.23232323232323
765.563 59.269 0 0 752.333421834102 32.8174896454105 "uLSIF" 47 200 3.26767676767677
789.283 60.209 0 0 772.342060987339 33.1524116981163 "uLSIF" 47 200 3.3030303030303
823.912 60.862 0 0 795.840157199806 33.7861874508276 "uLSIF" 47 200 3.33838383838384
858.22 61.766 0 0 821.348620962595 34.2144395229832 "uLSIF" 47 200 3.37373737373737
894.101 62.538 0 0 846.268408377636 34.6434802917768 "uLSIF" 47 200 3.40909090909091
916.415 63.252 0 0 862.742020866939 34.8736098599595 "uLSIF" 47 200 3.44444444444444
956.582 64.067 0 0 895.35765848772 35.0130036046812 "uLSIF" 47 200 3.47979797979798
995.918 65.024 0 0 936.714713095577 35.8716350087112 "uLSIF" 47 200 3.51515151515152
1035.911 65.814 0 0 978.399686746693 36.1584684249601 "uLSIF" 47 200 3.55050505050505
1070.027 66.497 0 0 999.738320251845 36.275500036566 "uLSIF" 47 200 3.58585858585859
1097.073 67.315 0 0 1028.23012349272 36.6271391501209 "uLSIF" 47 200 3.62121212121212
1144.116 67.946 0 0 1065.26154098169 36.8582638714253 "uLSIF" 47 200 3.65656565656566
1183.774 68.635 0 0 1095.19425828818 37.1880185506532 "uLSIF" 47 200 3.69191919191919
1219.692 69.343 0 0 1131.62781277355 37.496017152523 "uLSIF" 47 200 3.72727272727273
1274.729 70.239 0 0 1178.62016487588 37.7518619684127 "uLSIF" 47 200 3.76262626262626
1323.427 71.002 0 0 1211.9682948901 37.9223694157169 "uLSIF" 47 200 3.7979797979798
1379.607 71.897 0 0 1273.53950131608 38.0476808362483 "uLSIF" 47 200 3.83333333333333
1432.133 72.908 0 0 1312.22640174645 38.5514429010089 "uLSIF" 47 200 3.86868686868687
1490.56156156156 73.532 1 0 1354.47618267093 38.6343058121352 "uLSIF" 47 200 3.9040404040404
1554.27627627628 74.371 1 0 1398.49248772533 39.0211738804846 "uLSIF" 47 200 3.93939393939394
1612.90180360721 75.219 2 0 1451.89850270714 39.3473919879864 "uLSIF" 47 200 3.97474747474747
1674.45891783567 76.192 2 0 1520.85476277124 40.1224743622443 "uLSIF" 47 200 4.01010101010101
1739.09528585757 76.616 3 0 1575.27067730436 40.1303499734177 "uLSIF" 47 200 4.04545454545454
1801.97191574724 77.215 3 0 1648.75601067733 40.2394829861293 "uLSIF" 47 200 4.08080808080808
1847.45837512538 78.102 3 0 1671.51530690191 40.6335659607015 "uLSIF" 47 200 4.11616161616162
1892.50200803213 78.825 4 0 1713.2017887103 40.6352753233025 "uLSIF" 47 200 4.15151515151515
1984.86317907445 79.762 6 0 1807.58387569319 41.4168167379956 "uLSIF" 47 200 4.18686868686869
2079.06740442656 80.504 6 0 1890.94769647911 41.629352468985 "uLSIF" 47 200 4.22222222222222
2132.87826961771 80.983 6 0 1929.637967879 41.6951699624573 "uLSIF" 47 200 4.25757575757576
2175.74294354839 81.596 8 0 1962.9608732627 41.7123567387975 "uLSIF" 47 200 4.29292929292929
2240.48181818182 82.205 10 0 1997.91550198109 41.7561558521801 "uLSIF" 47 200 4.32828282828283
2284.15166835187 83.065 11 0 2038.97095564039 42.1116155373213 "uLSIF" 47 200 4.36363636363636
2337.88426395939 83.627 15 0 2045.14039234387 42.3335327961062 "uLSIF" 47 200 4.3989898989899
2409.38289205703 84.228 18 0 2092.51664468651 42.3775633310113 "uLSIF" 47 200 4.43434343434343
2474.67040816327 85.297 20 0 2129.40004031833 43.3811100792927 "uLSIF" 47 200 4.46969696969697
2562.84426229508 86.026 24 0 2195.5395071635 43.469125697314 "uLSIF" 47 200 4.50505050505051
2612.57862281603 87.238 27 0 2226.73052165855 44.0737773948848 "uLSIF" 47 200 4.54040404040404
2679.54592363261 88.267 31 0 2254.00350987466 44.4846557320116 "uLSIF" 47 200 4.57575757575758
2716.82328482328 88.925 38 0 2258.68672716833 44.4087774489967 "uLSIF" 47 200 4.61111111111111
2771.09176225235 89.615 41 0 2278.82653708941 44.4347298880079 "uLSIF" 47 200 4.64646464646465
2826.06092436975 90.282 48 0 2307.89242908174 44.8357750320291 "uLSIF" 47 200 4.68181818181818
2876.46934460888 90.828 54 0 2296.14358261179 44.8837717774361 "uLSIF" 47 200 4.71717171717172
2963.05838641189 91.844 58 0 2354.77736431328 45.6081985148698 "uLSIF" 47 200 4.75252525252525
3045.56776947705 92.473 63 0 2402.06352927248 45.6554234312714 "uLSIF" 47 200 4.78787878787879
3076.88108108108 93.301 75 0 2419.35703976139 46.0997351899616 "uLSIF" 47 200 4.82323232323232
3155.30936819172 94.208 82 0 2452.64508187464 46.492820072763 "uLSIF" 47 200 4.85858585858586
3228.72857142857 94.884 90 0 2467.45889382014 46.6362679197798 "uLSIF" 47 200 4.89393939393939
3266.70321151717 95.597 97 0 2477.02544739241 47.0845786701819 "uLSIF" 47 200 4.92929292929293
3290.05836139169 96.185 109 0 2503.55002754296 47.393448006174 "uLSIF" 47 200 4.96464646464646
3343.67381489842 97.044 114 0 2519.08295544647 47.4523739320995 "uLSIF" 47 200 5
