125.5 13.105 0 0 "KDE LDA" 5 800 2.4
126.26 13.15 0 0 "KDE LDA" 5 800 2.41010101010101
126.26 13.15 0 0 "KDE LDA" 5 800 2.42020202020202
126.7 13.155 0 0 "KDE LDA" 5 800 2.43030303030303
127.445 13.165 0 0 "KDE LDA" 5 800 2.44040404040404
127.62 13.185 0 0 "KDE LDA" 5 800 2.45050505050505
127.62 13.195 0 0 "KDE LDA" 5 800 2.46060606060606
127.7 13.225 0 0 "KDE LDA" 5 800 2.47070707070707
127.705 13.23 0 0 "KDE LDA" 5 800 2.48080808080808
128.745 13.245 0 0 "KDE LDA" 5 800 2.49090909090909
129.45 13.255 0 0 "KDE LDA" 5 800 2.5010101010101
130.41 13.325 0 0 "KDE LDA" 5 800 2.51111111111111
130.43 13.385 0 0 "KDE LDA" 5 800 2.52121212121212
137.685 13.83 0 0 "KDE LDA" 5 800 2.53131313131313
141.52 13.885 0 0 "KDE LDA" 5 800 2.54141414141414
142.7 13.93 0 0 "KDE LDA" 5 800 2.55151515151515
142.935 13.995 0 0 "KDE LDA" 5 800 2.56161616161616
142.935 14.01 0 0 "KDE LDA" 5 800 2.57171717171717
143.235 14.015 0 0 "KDE LDA" 5 800 2.58181818181818
145.155 14.05 0 0 "KDE LDA" 5 800 2.59191919191919
145.155 14.065 0 0 "KDE LDA" 5 800 2.6020202020202
145.275 14.08 0 0 "KDE LDA" 5 800 2.61212121212121
146.745 14.085 0 0 "KDE LDA" 5 800 2.62222222222222
148.45 14.115 0 0 "KDE LDA" 5 800 2.63232323232323
148.81 14.14 0 0 "KDE LDA" 5 800 2.64242424242424
152.875 14.295 0 0 "KDE LDA" 5 800 2.65252525252525
161.265 14.695 0 0 "KDE LDA" 5 800 2.66262626262626
169.8 15.295 0 0 "KDE LDA" 5 800 2.67272727272727
169.85 15.295 0 0 "KDE LDA" 5 800 2.68282828282828
169.855 15.36 0 0 "KDE LDA" 5 800 2.69292929292929
171.735 15.485 0 0 "KDE LDA" 5 800 2.7030303030303
173.34 15.555 0 0 "KDE LDA" 5 800 2.71313131313131
175.115 15.555 0 0 "KDE LDA" 5 800 2.72323232323232
175.75 15.875 0 0 "KDE LDA" 5 800 2.73333333333333
177.005 15.88 0 0 "KDE LDA" 5 800 2.74343434343434
178.575 15.89 0 0 "KDE LDA" 5 800 2.75353535353535
182.065 15.9 0 0 "KDE LDA" 5 800 2.76363636363636
185.125 15.93 0 0 "KDE LDA" 5 800 2.77373737373737
190.54 16.06 0 0 "KDE LDA" 5 800 2.78383838383838
193.4 16.22 0 0 "KDE LDA" 5 800 2.79393939393939
223.78 16.925 0 0 "KDE LDA" 5 800 2.8040404040404
223.88 17.15 0 0 "KDE LDA" 5 800 2.81414141414141
232.085 17.29 0 0 "KDE LDA" 5 800 2.82424242424242
238.22 17.295 0 0 "KDE LDA" 5 800 2.83434343434343
239.94 17.31 0 0 "KDE LDA" 5 800 2.84444444444444
239.94 17.355 0 0 "KDE LDA" 5 800 2.85454545454545
240.18 17.37 0 0 "KDE LDA" 5 800 2.86464646464646
240.245 17.405 0 0 "KDE LDA" 5 800 2.87474747474747
241.77 17.455 0 0 "KDE LDA" 5 800 2.88484848484848
241.785 17.465 0 0 "KDE LDA" 5 800 2.89494949494949
243.73 17.595 0 0 "KDE LDA" 5 800 2.90505050505051
246.72 17.805 0 0 "KDE LDA" 5 800 2.91515151515152
254.255 17.85 0 0 "KDE LDA" 5 800 2.92525252525253
256.755 17.89 0 0 "KDE LDA" 5 800 2.93535353535354
261.1 17.895 0 0 "KDE LDA" 5 800 2.94545454545455
271.78 17.945 0 0 "KDE LDA" 5 800 2.95555555555556
281.19 18.045 0 0 "KDE LDA" 5 800 2.96565656565657
281.665 18.08 0 0 "KDE LDA" 5 800 2.97575757575758
283.735 18.095 0 0 "KDE LDA" 5 800 2.98585858585859
287.74 18.12 0 0 "KDE LDA" 5 800 2.9959595959596
290.585 18.18 0 0 "KDE LDA" 5 800 3.00606060606061
290.585 18.255 0 0 "KDE LDA" 5 800 3.01616161616162
294.02 18.34 0 0 "KDE LDA" 5 800 3.02626262626263
297.47 18.47 0 0 "KDE LDA" 5 800 3.03636363636364
300.345 18.495 0 0 "KDE LDA" 5 800 3.04646464646465
302.405 18.495 0 0 "KDE LDA" 5 800 3.05656565656566
305.285 18.57 0 0 "KDE LDA" 5 800 3.06666666666667
310.095 18.58 0 0 "KDE LDA" 5 800 3.07676767676768
313.695 18.635 0 0 "KDE LDA" 5 800 3.08686868686869
319.03 18.925 0 0 "KDE LDA" 5 800 3.0969696969697
319.29 18.93 0 0 "KDE LDA" 5 800 3.10707070707071
319.295 18.96 0 0 "KDE LDA" 5 800 3.11717171717172
320.185 18.975 0 0 "KDE LDA" 5 800 3.12727272727273
321.38 18.99 0 0 "KDE LDA" 5 800 3.13737373737374
321.385 19.035 0 0 "KDE LDA" 5 800 3.14747474747475
323.295 19.04 0 0 "KDE LDA" 5 800 3.15757575757576
326.36 19.05 0 0 "KDE LDA" 5 800 3.16767676767677
336.09 19.055 0 0 "KDE LDA" 5 800 3.17777777777778
337.675 19.065 0 0 "KDE LDA" 5 800 3.18787878787879
342.08 19.065 0 0 "KDE LDA" 5 800 3.1979797979798
342.445 19.19 0 0 "KDE LDA" 5 800 3.20808080808081
361.875 19.37 0 0 "KDE LDA" 5 800 3.21818181818182
391.73 19.785 0 0 "KDE LDA" 5 800 3.22828282828283
394.87 19.815 0 0 "KDE LDA" 5 800 3.23838383838384
397.285 19.825 0 0 "KDE LDA" 5 800 3.24848484848485
397.73 19.835 0 0 "KDE LDA" 5 800 3.25858585858586
397.74 19.87 0 0 "KDE LDA" 5 800 3.26868686868687
397.75 19.875 0 0 "KDE LDA" 5 800 3.27878787878788
397.79 19.91 0 0 "KDE LDA" 5 800 3.28888888888889
407.235 19.95 0 0 "KDE LDA" 5 800 3.2989898989899
409.215 19.97 0 0 "KDE LDA" 5 800 3.30909090909091
411.96 20.02 0 0 "KDE LDA" 5 800 3.31919191919192
420.885 20.05 0 0 "KDE LDA" 5 800 3.32929292929293
430.715 20.075 0 0 "KDE LDA" 5 800 3.33939393939394
433.45 20.18 0 0 "KDE LDA" 5 800 3.34949494949495
503.71 21.02 0 0 "KDE LDA" 5 800 3.35959595959596
512.505 21.13 0 0 "KDE LDA" 5 800 3.36969696969697
516.98 21.175 0 0 "KDE LDA" 5 800 3.37979797979798
517.655 21.305 0 0 "KDE LDA" 5 800 3.38989898989899
517.795 21.325 0 0 "KDE LDA" 5 800 3.4
136.3 16.16 0 0 "KDE QDA" 5 800 4.3
136.4 16.17 0 0 "KDE QDA" 5 800 4.31010101010101
136.405 16.18 0 0 "KDE QDA" 5 800 4.32020202020202
138.46 16.18 0 0 "KDE QDA" 5 800 4.33030303030303
138.535 16.25 0 0 "KDE QDA" 5 800 4.34040404040404
140.775 16.69 0 0 "KDE QDA" 5 800 4.35050505050505
141.17 16.695 0 0 "KDE QDA" 5 800 4.36060606060606
141.22 16.725 0 0 "KDE QDA" 5 800 4.37070707070707
141.845 16.785 0 0 "KDE QDA" 5 800 4.38080808080808
142.305 16.795 0 0 "KDE QDA" 5 800 4.39090909090909
143.38 16.81 0 0 "KDE QDA" 5 800 4.4010101010101
143.935 16.81 0 0 "KDE QDA" 5 800 4.41111111111111
144.035 16.82 0 0 "KDE QDA" 5 800 4.42121212121212
144.395 16.82 0 0 "KDE QDA" 5 800 4.43131313131313
145.395 16.83 0 0 "KDE QDA" 5 800 4.44141414141414
145.45 16.845 0 0 "KDE QDA" 5 800 4.45151515151515
146.655 16.85 0 0 "KDE QDA" 5 800 4.46161616161616
146.76 16.885 0 0 "KDE QDA" 5 800 4.47171717171717
148.77 17.09 0 0 "KDE QDA" 5 800 4.48181818181818
152.74 17.11 0 0 "KDE QDA" 5 800 4.49191919191919
152.785 17.12 0 0 "KDE QDA" 5 800 4.5020202020202
155.785 17.195 0 0 "KDE QDA" 5 800 4.51212121212121
157.3 17.21 0 0 "KDE QDA" 5 800 4.52222222222222
159.895 17.23 0 0 "KDE QDA" 5 800 4.53232323232323
160.09 17.245 0 0 "KDE QDA" 5 800 4.54242424242424
160.105 17.25 0 0 "KDE QDA" 5 800 4.55252525252525
160.14 17.255 0 0 "KDE QDA" 5 800 4.56262626262626
160.155 17.255 0 0 "KDE QDA" 5 800 4.57272727272727
162.97 17.26 0 0 "KDE QDA" 5 800 4.58282828282828
163.02 17.265 0 0 "KDE QDA" 5 800 4.59292929292929
166.135 17.275 0 0 "KDE QDA" 5 800 4.6030303030303
166.225 17.28 0 0 "KDE QDA" 5 800 4.61313131313131
168.6 17.29 0 0 "KDE QDA" 5 800 4.62323232323232
168.785 17.33 0 0 "KDE QDA" 5 800 4.63333333333333
169.245 17.42 0 0 "KDE QDA" 5 800 4.64343434343434
169.355 17.43 0 0 "KDE QDA" 5 800 4.65353535353535
170.785 17.44 0 0 "KDE QDA" 5 800 4.66363636363636
171.515 17.485 0 0 "KDE QDA" 5 800 4.67373737373737
171.545 17.51 0 0 "KDE QDA" 5 800 4.68383838383838
171.6 17.55 0 0 "KDE QDA" 5 800 4.69393939393939
172.98 17.565 0 0 "KDE QDA" 5 800 4.7040404040404
172.985 17.59 0 0 "KDE QDA" 5 800 4.71414141414141
173.145 17.59 0 0 "KDE QDA" 5 800 4.72424242424242
174.515 17.595 0 0 "KDE QDA" 5 800 4.73434343434343
175.505 17.6 0 0 "KDE QDA" 5 800 4.74444444444444
175.66 17.61 0 0 "KDE QDA" 5 800 4.75454545454545
175.695 17.76 0 0 "KDE QDA" 5 800 4.76464646464646
177.98 18.105 0 0 "KDE QDA" 5 800 4.77474747474747
182.695 18.135 0 0 "KDE QDA" 5 800 4.78484848484849
182.815 18.145 0 0 "KDE QDA" 5 800 4.79494949494949
183.975 18.21 0 0 "KDE QDA" 5 800 4.80505050505051
184.175 18.215 0 0 "KDE QDA" 5 800 4.81515151515152
184.775 18.295 0 0 "KDE QDA" 5 800 4.82525252525252
187.79 18.315 0 0 "KDE QDA" 5 800 4.83535353535354
191.25 18.335 0 0 "KDE QDA" 5 800 4.84545454545455
191.295 18.35 0 0 "KDE QDA" 5 800 4.85555555555556
192.225 18.36 0 0 "KDE QDA" 5 800 4.86565656565657
194.1 18.365 0 0 "KDE QDA" 5 800 4.87575757575758
195.03 18.4 0 0 "KDE QDA" 5 800 4.88585858585859
195.16 18.47 0 0 "KDE QDA" 5 800 4.8959595959596
196.42 18.67 0 0 "KDE QDA" 5 800 4.90606060606061
196.435 18.68 0 0 "KDE QDA" 5 800 4.91616161616162
196.91 18.695 0 0 "KDE QDA" 5 800 4.92626262626263
199.43 18.735 0 0 "KDE QDA" 5 800 4.93636363636364
199.555 18.75 0 0 "KDE QDA" 5 800 4.94646464646465
202.19 18.81 0 0 "KDE QDA" 5 800 4.95656565656566
202.225 18.825 0 0 "KDE QDA" 5 800 4.96666666666667
202.53 18.85 0 0 "KDE QDA" 5 800 4.97676767676768
202.895 18.87 0 0 "KDE QDA" 5 800 4.98686868686869
203.01 18.875 0 0 "KDE QDA" 5 800 4.9969696969697
203.02 18.885 0 0 "KDE QDA" 5 800 5.00707070707071
203.875 18.895 0 0 "KDE QDA" 5 800 5.01717171717172
203.875 18.905 0 0 "KDE QDA" 5 800 5.02727272727273
204.315 19.27 0 0 "KDE QDA" 5 800 5.03737373737374
205.15 19.305 0 0 "KDE QDA" 5 800 5.04747474747475
205.87 19.315 0 0 "KDE QDA" 5 800 5.05757575757576
207.54 19.445 0 0 "KDE QDA" 5 800 5.06767676767677
210.595 19.565 0 0 "KDE QDA" 5 800 5.07777777777778
211.875 19.62 0 0 "KDE QDA" 5 800 5.08787878787879
212.225 19.675 0 0 "KDE QDA" 5 800 5.0979797979798
212.645 19.705 0 0 "KDE QDA" 5 800 5.10808080808081
212.65 19.715 0 0 "KDE QDA" 5 800 5.11818181818182
213.76 19.745 0 0 "KDE QDA" 5 800 5.12828282828283
218.6 19.77 0 0 "KDE QDA" 5 800 5.13838383838384
218.64 19.795 0 0 "KDE QDA" 5 800 5.14848484848485
219.75 19.825 0 0 "KDE QDA" 5 800 5.15858585858586
222.225 19.83 0 0 "KDE QDA" 5 800 5.16868686868687
224.045 19.835 0 0 "KDE QDA" 5 800 5.17878787878788
224.08 19.885 0 0 "KDE QDA" 5 800 5.18888888888889
225.88 19.995 0 0 "KDE QDA" 5 800 5.1989898989899
226 20.035 0 0 "KDE QDA" 5 800 5.20909090909091
226.02 20.1 0 0 "KDE QDA" 5 800 5.21919191919192
226.08 20.14 0 0 "KDE QDA" 5 800 5.22929292929293
228.47 20.145 0 0 "KDE QDA" 5 800 5.23939393939394
230.055 20.17 0 0 "KDE QDA" 5 800 5.24949494949495
230.455 20.2 0 0 "KDE QDA" 5 800 5.25959595959596
234.86 20.21 0 0 "KDE QDA" 5 800 5.26969696969697
234.905 20.215 0 0 "KDE QDA" 5 800 5.27979797979798
234.915 20.22 0 0 "KDE QDA" 5 800 5.28989898989899
235.125 20.225 0 0 "KDE QDA" 5 800 5.3
