135.295 15.77 0 0 "KDE LDA" 69 600 2.3
135.79 15.8 0 0 "KDE LDA" 69 600 2.31010101010101
136.99 15.81 0 0 "KDE LDA" 69 600 2.32020202020202
137.43 15.86 0 0 "KDE LDA" 69 600 2.33030303030303
137.46 15.905 0 0 "KDE LDA" 69 600 2.34040404040404
138.68 15.905 0 0 "KDE LDA" 69 600 2.35050505050505
140.805 16 0 0 "KDE LDA" 69 600 2.36060606060606
142.34 16.12 0 0 "KDE LDA" 69 600 2.37070707070707
144.46 16.17 0 0 "KDE LDA" 69 600 2.38080808080808
146.05 16.18 0 0 "KDE LDA" 69 600 2.39090909090909
148.375 16.43 0 0 "KDE LDA" 69 600 2.4010101010101
148.375 16.47 0 0 "KDE LDA" 69 600 2.41111111111111
150.655 16.495 0 0 "KDE LDA" 69 600 2.42121212121212
151.65 16.575 0 0 "KDE LDA" 69 600 2.43131313131313
151.655 16.655 0 0 "KDE LDA" 69 600 2.44141414141414
152.21 16.67 0 0 "KDE LDA" 69 600 2.45151515151515
152.43 16.68 0 0 "KDE LDA" 69 600 2.46161616161616
152.43 16.79 0 0 "KDE LDA" 69 600 2.47171717171717
155.185 16.825 0 0 "KDE LDA" 69 600 2.48181818181818
156.945 16.85 0 0 "KDE LDA" 69 600 2.49191919191919
156.95 16.86 0 0 "KDE LDA" 69 600 2.5020202020202
158.015 17.09 0 0 "KDE LDA" 69 600 2.51212121212121
160.83 17.145 0 0 "KDE LDA" 69 600 2.52222222222222
162.63 17.5 0 0 "KDE LDA" 69 600 2.53232323232323
163.315 17.53 0 0 "KDE LDA" 69 600 2.54242424242424
165.435 17.575 0 0 "KDE LDA" 69 600 2.55252525252525
169.445 17.635 0 0 "KDE LDA" 69 600 2.56262626262626
171.395 17.73 0 0 "KDE LDA" 69 600 2.57272727272727
171.405 17.78 0 0 "KDE LDA" 69 600 2.58282828282828
171.405 17.79 0 0 "KDE LDA" 69 600 2.59292929292929
172.665 17.805 0 0 "KDE LDA" 69 600 2.6030303030303
173.455 17.81 0 0 "KDE LDA" 69 600 2.61313131313131
174.975 17.87 0 0 "KDE LDA" 69 600 2.62323232323232
178.78 17.9 0 0 "KDE LDA" 69 600 2.63333333333333
181.55 17.99 0 0 "KDE LDA" 69 600 2.64343434343434
186.215 18.175 0 0 "KDE LDA" 69 600 2.65353535353535
193.83 18.42 0 0 "KDE LDA" 69 600 2.66363636363636
203.725 18.78 0 0 "KDE LDA" 69 600 2.67373737373737
203.74 18.825 0 0 "KDE LDA" 69 600 2.68383838383838
204.18 18.87 0 0 "KDE LDA" 69 600 2.69393939393939
209.16 18.885 0 0 "KDE LDA" 69 600 2.7040404040404
211.455 18.94 0 0 "KDE LDA" 69 600 2.71414141414141
211.5 18.955 0 0 "KDE LDA" 69 600 2.72424242424242
213.6 19 0 0 "KDE LDA" 69 600 2.73434343434343
214.015 19.02 0 0 "KDE LDA" 69 600 2.74444444444444
214.315 19.095 0 0 "KDE LDA" 69 600 2.75454545454545
216.355 19.11 0 0 "KDE LDA" 69 600 2.76464646464646
222.745 19.255 0 0 "KDE LDA" 69 600 2.77474747474747
226.47 19.31 0 0 "KDE LDA" 69 600 2.78484848484848
239.875 19.37 0 0 "KDE LDA" 69 600 2.79494949494949
293.805 19.87 0 0 "KDE LDA" 69 600 2.80505050505051
297.365 19.905 0 0 "KDE LDA" 69 600 2.81515151515151
300.64 19.97 0 0 "KDE LDA" 69 600 2.82525252525252
301.675 19.985 0 0 "KDE LDA" 69 600 2.83535353535354
308.62 20.045 0 0 "KDE LDA" 69 600 2.84545454545455
309.6 20.045 0 0 "KDE LDA" 69 600 2.85555555555556
312.415 20.05 0 0 "KDE LDA" 69 600 2.86565656565657
312.415 20.235 0 0 "KDE LDA" 69 600 2.87575757575758
312.415 20.24 0 0 "KDE LDA" 69 600 2.88585858585859
315.305 20.25 0 0 "KDE LDA" 69 600 2.8959595959596
315.315 20.49 0 0 "KDE LDA" 69 600 2.90606060606061
318.05 20.495 0 0 "KDE LDA" 69 600 2.91616161616162
318.9 20.505 0 0 "KDE LDA" 69 600 2.92626262626263
328.95 20.53 0 0 "KDE LDA" 69 600 2.93636363636364
328.955 20.935 0 0 "KDE LDA" 69 600 2.94646464646465
344.845 21.02 0 0 "KDE LDA" 69 600 2.95656565656566
344.865 21.065 0 0 "KDE LDA" 69 600 2.96666666666667
347.425 21.095 0 0 "KDE LDA" 69 600 2.97676767676768
347.78 21.12 0 0 "KDE LDA" 69 600 2.98686868686869
347.805 21.16 0 0 "KDE LDA" 69 600 2.9969696969697
349.04 21.16 0 0 "KDE LDA" 69 600 3.00707070707071
350.41 21.3 0 0 "KDE LDA" 69 600 3.01717171717172
357.94 21.335 0 0 "KDE LDA" 69 600 3.02727272727273
361.745 21.37 0 0 "KDE LDA" 69 600 3.03737373737374
361.755 21.4 0 0 "KDE LDA" 69 600 3.04747474747475
361.765 21.495 0 0 "KDE LDA" 69 600 3.05757575757576
363.135 21.515 0 0 "KDE LDA" 69 600 3.06767676767677
364.815 21.545 0 0 "KDE LDA" 69 600 3.07777777777778
367.305 21.675 0 0 "KDE LDA" 69 600 3.08787878787879
368.72 21.79 0 0 "KDE LDA" 69 600 3.0979797979798
368.735 21.8 0 0 "KDE LDA" 69 600 3.10808080808081
375.545 21.98 0 0 "KDE LDA" 69 600 3.11818181818182
380.565 22.02 0 0 "KDE LDA" 69 600 3.12828282828283
386.715 22.05 0 0 "KDE LDA" 69 600 3.13838383838384
387.6 22.075 0 0 "KDE LDA" 69 600 3.14848484848485
404.545 22.25 0 0 "KDE LDA" 69 600 3.15858585858586
404.635 22.355 0 0 "KDE LDA" 69 600 3.16868686868687
405.5 22.38 0 0 "KDE LDA" 69 600 3.17878787878788
409.485 22.435 0 0 "KDE LDA" 69 600 3.18888888888889
437.795 22.53 0 0 "KDE LDA" 69 600 3.1989898989899
440.835 22.775 0 0 "KDE LDA" 69 600 3.20909090909091
446.515 22.875 0 0 "KDE LDA" 69 600 3.21919191919192
490.38 23.095 0 0 "KDE LDA" 69 600 3.22929292929293
491.205 23.195 0 0 "KDE LDA" 69 600 3.23939393939394
503.395 23.215 0 0 "KDE LDA" 69 600 3.24949494949495
503.4 23.23 0 0 "KDE LDA" 69 600 3.25959595959596
505.965 23.285 0 0 "KDE LDA" 69 600 3.26969696969697
513.375 23.315 0 0 "KDE LDA" 69 600 3.27979797979798
513.415 23.345 0 0 "KDE LDA" 69 600 3.28989898989899
520.79 23.405 0 0 "KDE LDA" 69 600 3.3
294.435 21.2 0 0 "KDE QDA" 69 600 4.5
294.54 21.31 0 0 "KDE QDA" 69 600 4.51010101010101
294.555 21.345 0 0 "KDE QDA" 69 600 4.52020202020202
294.695 21.365 0 0 "KDE QDA" 69 600 4.53030303030303
296.545 21.4 0 0 "KDE QDA" 69 600 4.54040404040404
296.545 21.405 0 0 "KDE QDA" 69 600 4.55050505050505
296.855 21.51 0 0 "KDE QDA" 69 600 4.56060606060606
296.945 21.515 0 0 "KDE QDA" 69 600 4.57070707070707
297.045 21.535 0 0 "KDE QDA" 69 600 4.58080808080808
297.275 21.57 0 0 "KDE QDA" 69 600 4.59090909090909
300.075 21.69 0 0 "KDE QDA" 69 600 4.6010101010101
300.11 21.7 0 0 "KDE QDA" 69 600 4.61111111111111
304.43 21.78 0 0 "KDE QDA" 69 600 4.62121212121212
304.71 21.86 0 0 "KDE QDA" 69 600 4.63131313131313
323.57 22.125 0 0 "KDE QDA" 69 600 4.64141414141414
329.31 22.145 0 0 "KDE QDA" 69 600 4.65151515151515
331.695 22.265 0 0 "KDE QDA" 69 600 4.66161616161616
332.475 22.28 0 0 "KDE QDA" 69 600 4.67171717171717
332.525 22.42 0 0 "KDE QDA" 69 600 4.68181818181818
334.2 22.525 0 0 "KDE QDA" 69 600 4.69191919191919
341.585 22.53 0 0 "KDE QDA" 69 600 4.7020202020202
347.775 22.54 0 0 "KDE QDA" 69 600 4.71212121212121
353.39 22.55 0 0 "KDE QDA" 69 600 4.72222222222222
361.785 22.685 0 0 "KDE QDA" 69 600 4.73232323232323
362.395 22.7 0 0 "KDE QDA" 69 600 4.74242424242424
365.12 22.745 0 0 "KDE QDA" 69 600 4.75252525252525
367.32 22.78 0 0 "KDE QDA" 69 600 4.76262626262626
377.185 23.01 0 0 "KDE QDA" 69 600 4.77272727272727
377.22 23.06 0 0 "KDE QDA" 69 600 4.78282828282828
377.985 23.155 0 0 "KDE QDA" 69 600 4.79292929292929
383.43 23.19 0 0 "KDE QDA" 69 600 4.8030303030303
383.465 23.21 0 0 "KDE QDA" 69 600 4.81313131313131
386.235 23.25 0 0 "KDE QDA" 69 600 4.82323232323232
397.68 23.3 0 0 "KDE QDA" 69 600 4.83333333333333
397.685 23.32 0 0 "KDE QDA" 69 600 4.84343434343434
404.35 23.395 0 0 "KDE QDA" 69 600 4.85353535353535
407.405 23.415 0 0 "KDE QDA" 69 600 4.86363636363636
415.395 23.46 0 0 "KDE QDA" 69 600 4.87373737373737
415.41 23.46 0 0 "KDE QDA" 69 600 4.88383838383838
416.69 23.475 0 0 "KDE QDA" 69 600 4.89393939393939
423.33 23.605 0 0 "KDE QDA" 69 600 4.9040404040404
427.72 23.63 0 0 "KDE QDA" 69 600 4.91414141414141
431.83 23.64 0 0 "KDE QDA" 69 600 4.92424242424242
433.82 23.79 0 0 "KDE QDA" 69 600 4.93434343434343
435.425 23.79 0 0 "KDE QDA" 69 600 4.94444444444444
435.43 23.89 0 0 "KDE QDA" 69 600 4.95454545454546
436.145 24.09 0 0 "KDE QDA" 69 600 4.96464646464646
436.215 24.095 0 0 "KDE QDA" 69 600 4.97474747474747
436.29 24.15 0 0 "KDE QDA" 69 600 4.98484848484848
436.31 24.18 0 0 "KDE QDA" 69 600 4.99494949494949
436.335 24.19 0 0 "KDE QDA" 69 600 5.00505050505051
445.67 24.24 0 0 "KDE QDA" 69 600 5.01515151515152
445.7 24.26 0 0 "KDE QDA" 69 600 5.02525252525253
445.71 24.265 0 0 "KDE QDA" 69 600 5.03535353535354
455.25 24.385 0 0 "KDE QDA" 69 600 5.04545454545455
455.535 24.41 0 0 "KDE QDA" 69 600 5.05555555555556
463.645 24.535 0 0 "KDE QDA" 69 600 5.06565656565657
474.22 24.575 0 0 "KDE QDA" 69 600 5.07575757575758
474.6 24.58 0 0 "KDE QDA" 69 600 5.08585858585859
474.645 24.585 0 0 "KDE QDA" 69 600 5.0959595959596
477.36 24.59 0 0 "KDE QDA" 69 600 5.10606060606061
477.37 24.61 0 0 "KDE QDA" 69 600 5.11616161616162
477.465 24.645 0 0 "KDE QDA" 69 600 5.12626262626263
481.86 24.65 0 0 "KDE QDA" 69 600 5.13636363636364
484.745 24.655 0 0 "KDE QDA" 69 600 5.14646464646465
484.83 24.665 0 0 "KDE QDA" 69 600 5.15656565656566
487.34 24.685 0 0 "KDE QDA" 69 600 5.16666666666667
488.335 24.69 0 0 "KDE QDA" 69 600 5.17676767676768
489.31 24.7 0 0 "KDE QDA" 69 600 5.18686868686869
499.17 24.835 0 0 "KDE QDA" 69 600 5.1969696969697
500.75 24.855 0 0 "KDE QDA" 69 600 5.20707070707071
500.77 24.87 0 0 "KDE QDA" 69 600 5.21717171717172
509.345 24.925 0 0 "KDE QDA" 69 600 5.22727272727273
509.355 24.96 0 0 "KDE QDA" 69 600 5.23737373737374
510.245 24.96 0 0 "KDE QDA" 69 600 5.24747474747475
510.725 24.97 0 0 "KDE QDA" 69 600 5.25757575757576
510.735 25.015 0 0 "KDE QDA" 69 600 5.26767676767677
510.75 25.04 0 0 "KDE QDA" 69 600 5.27777777777778
510.755 25.045 0 0 "KDE QDA" 69 600 5.28787878787879
510.775 25.055 0 0 "KDE QDA" 69 600 5.2979797979798
513.76 25.06 0 0 "KDE QDA" 69 600 5.30808080808081
513.815 25.07 0 0 "KDE QDA" 69 600 5.31818181818182
513.865 25.12 0 0 "KDE QDA" 69 600 5.32828282828283
526.315 25.29 0 0 "KDE QDA" 69 600 5.33838383838384
528.31 25.295 0 0 "KDE QDA" 69 600 5.34848484848485
537.355 25.355 0 0 "KDE QDA" 69 600 5.35858585858586
537.37 25.375 0 0 "KDE QDA" 69 600 5.36868686868687
542.31 25.425 0 0 "KDE QDA" 69 600 5.37878787878788
543.245 25.49 0 0 "KDE QDA" 69 600 5.38888888888889
549.405 25.515 0 0 "KDE QDA" 69 600 5.3989898989899
549.95 25.54 0 0 "KDE QDA" 69 600 5.40909090909091
554.055 25.62 0 0 "KDE QDA" 69 600 5.41919191919192
562.725 25.63 0 0 "KDE QDA" 69 600 5.42929292929293
562.74 25.74 0 0 "KDE QDA" 69 600 5.43939393939394
572.415 25.755 0 0 "KDE QDA" 69 600 5.44949494949495
575.46 25.795 0 0 "KDE QDA" 69 600 5.45959595959596
580.01 26.01 0 0 "KDE QDA" 69 600 5.46969696969697
580.05 26.02 0 0 "KDE QDA" 69 600 5.47979797979798
581.115 26.2 0 0 "KDE QDA" 69 600 5.48989898989899
596.285 26.21 0 0 "KDE QDA" 69 600 5.5
