28.755 0 24.0880303928779 "LDA" 36 2 2 1.5
29.832 0 25.4705815898759 "LDA" 36 2 2 1.53535353535354
30.743 0 26.1023808355729 "LDA" 36 2 2 1.57070707070707
31.861 0 26.9334938708681 "LDA" 36 2 2 1.60606060606061
32.984 0 27.798606197191 "LDA" 36 2 2 1.64141414141414
34.153 0 29.3950277880232 "LDA" 36 2 2 1.67676767676768
35.346 0 30.6667365843308 "LDA" 36 2 2 1.71212121212121
36.982 0 31.6296080928631 "LDA" 36 2 2 1.74747474747475
38.008 0 32.7381997936008 "LDA" 36 2 2 1.78282828282828
39.359 0 34.165998220957 "LDA" 36 2 2 1.81818181818182
40.869 0 34.8397998078441 "LDA" 36 2 2 1.85353535353535
41.979 0 35.6197884374448 "LDA" 36 2 2 1.88888888888889
42.915 0 36.4169186912754 "LDA" 36 2 2 1.92424242424242
44.071 0 36.9705935005618 "LDA" 36 2 2 1.95959595959596
45.479 0 37.8550731813527 "LDA" 36 2 2 1.99494949494949
46.858 0 39.0961935276102 "LDA" 36 2 2 2.03030303030303
48.652 0 40.3621852976521 "LDA" 36 2 2 2.06565656565657
50.266 0 41.9459259607498 "LDA" 36 2 2 2.1010101010101
52.128 0 44.6611042209015 "LDA" 36 2 2 2.13636363636364
53.751 0 45.2834361393721 "LDA" 36 2 2 2.17171717171717
55.323 0 46.2339512614837 "LDA" 36 2 2 2.20707070707071
56.827 0 47.5382894092747 "LDA" 36 2 2 2.24242424242424
58.098 0 48.6021044869516 "LDA" 36 2 2 2.27777777777778
59.805 0 49.5400160293493 "LDA" 36 2 2 2.31313131313131
61.628 0 51.0241421199718 "LDA" 36 2 2 2.34848484848485
62.94 0 51.7114733543387 "LDA" 36 2 2 2.38383838383838
64.848 0 53.2908698823055 "LDA" 36 2 2 2.41919191919192
66.397 0 55.0249865074053 "LDA" 36 2 2 2.45454545454545
68.288 0 56.1276702827703 "LDA" 36 2 2 2.48989898989899
70.656 0 58.9790487562507 "LDA" 36 2 2 2.52525252525253
72.107 0 59.5076861902369 "LDA" 36 2 2 2.56060606060606
73.429 0 60.5380856884228 "LDA" 36 2 2 2.5959595959596
74.714 0 60.8147238309493 "LDA" 36 2 2 2.63131313131313
76.418 0 61.5742695179299 "LDA" 36 2 2 2.66666666666667
78.758 0 62.8598026626778 "LDA" 36 2 2 2.7020202020202
80.355 0 63.3097393621084 "LDA" 36 2 2 2.73737373737374
82.196 0 66.1031861199989 "LDA" 36 2 2 2.77272727272727
84.183 0 67.9643926601987 "LDA" 36 2 2 2.80808080808081
87.14 0 71.4950203716171 "LDA" 36 2 2 2.84343434343434
88.579 0 72.9688029585603 "LDA" 36 2 2 2.87878787878788
90.425 0 74.180948957183 "LDA" 36 2 2 2.91414141414141
92.022 0 75.481474342841 "LDA" 36 2 2 2.94949494949495
94.731 0 79.3314951650675 "LDA" 36 2 2 2.98484848484848
96.469 0 80.1272451442979 "LDA" 36 2 2 3.02020202020202
98.423 0 82.0199203751036 "LDA" 36 2 2 3.05555555555556
101.395 0 86.9822446588146 "LDA" 36 2 2 3.09090909090909
104.231 0 89.2749441593477 "LDA" 36 2 2 3.12626262626263
107.876 0 90.7552485487156 "LDA" 36 2 2 3.16161616161616
109.17 0 91.180090529177 "LDA" 36 2 2 3.1969696969697
110.832 0 92.4246725506566 "LDA" 36 2 2 3.23232323232323
113.177 0 94.2795221630832 "LDA" 36 2 2 3.26767676767677
115.457 0 95.3761435567604 "LDA" 36 2 2 3.3030303030303
118.422 0 98.4682380765997 "LDA" 36 2 2 3.33838383838384
121.24 0 100.80782021558 "LDA" 36 2 2 3.37373737373737
123.111 0 101.197804692961 "LDA" 36 2 2 3.40909090909091
126.148 0 104.76209807556 "LDA" 36 2 2 3.44444444444444
128.167 0 106.527100468069 "LDA" 36 2 2 3.47979797979798
130.031 0 108.78652741745 "LDA" 36 2 2 3.51515151515152
132.959 0 110.907401785322 "LDA" 36 2 2 3.55050505050505
134.359 0 111.264486269901 "LDA" 36 2 2 3.58585858585859
137.064 0 113.151567294409 "LDA" 36 2 2 3.62121212121212
139.62 0 115.698962181386 "LDA" 36 2 2 3.65656565656566
141.169 0 116.536368418465 "LDA" 36 2 2 3.69191919191919
143.427 0 117.79763560426 "LDA" 36 2 2 3.72727272727273
147.212 0 123.101759122683 "LDA" 36 2 2 3.76262626262626
149.203 0 124.282742128547 "LDA" 36 2 2 3.7979797979798
151.622 0 126.538314597046 "LDA" 36 2 2 3.83333333333333
154.251 0 127.46886015537 "LDA" 36 2 2 3.86868686868687
158.985 0 132.91961630775 "LDA" 36 2 2 3.9040404040404
160.381 0 133.346019813116 "LDA" 36 2 2 3.93939393939394
161.941 0 134.205053986486 "LDA" 36 2 2 3.97474747474747
164.405 0 136.701324891997 "LDA" 36 2 2 4.01010101010101
166.547 0 138.177157004035 "LDA" 36 2 2 4.04545454545454
169.231 0 141.169452975683 "LDA" 36 2 2 4.08080808080808
171.764 0 142.080431985383 "LDA" 36 2 2 4.11616161616162
175.67 0 145.610739945883 "LDA" 36 2 2 4.15151515151515
177.912 0 146.403504883736 "LDA" 36 2 2 4.18686868686869
180.139 0 148.17508405442 "LDA" 36 2 2 4.22222222222222
181.556 0 148.160400810636 "LDA" 36 2 2 4.25757575757576
184.347 0 149.706521680365 "LDA" 36 2 2 4.29292929292929
188.221 0 154.53625339257 "LDA" 36 2 2 4.32828282828283
190.525 0 157.149977698027 "LDA" 36 2 2 4.36363636363636
193.472 0 159.289963615127 "LDA" 36 2 2 4.3989898989899
196.237 0 161.086174411669 "LDA" 36 2 2 4.43434343434343
198.435 0 164.381309734379 "LDA" 36 2 2 4.46969696969697
201.485 0 166.27470960448 "LDA" 36 2 2 4.50505050505051
204.329 0 167.406522282445 "LDA" 36 2 2 4.54040404040404
206.562 0 168.276650748662 "LDA" 36 2 2 4.57575757575758
209.555 0 169.803298363533 "LDA" 36 2 2 4.61111111111111
212.008 0 175.754315780625 "LDA" 36 2 2 4.64646464646465
217.176 0 182.126739314064 "LDA" 36 2 2 4.68181818181818
220.194 0 185.003693829963 "LDA" 36 2 2 4.71717171717172
222.349 0 186.639737437103 "LDA" 36 2 2 4.75252525252525
224.969 0 190.443400325996 "LDA" 36 2 2 4.78787878787879
228.443 0 193.050665138223 "LDA" 36 2 2 4.82323232323232
231.335 0 194.367475392594 "LDA" 36 2 2 4.85858585858586
233.573 0 196.462434473258 "LDA" 36 2 2 4.89393939393939
235.526 0 196.875654531858 "LDA" 36 2 2 4.92929292929293
240.161 0 200.977249791945 "LDA" 36 2 2 4.96464646464646
243.41 0 203.411263311652 "LDA" 36 2 2 5
21.932 0 13.6299358454525 "uLSIF" 36 2 2 1.5
22.661 0 13.9898461319199 "uLSIF" 36 2 2 1.53535353535354
23.263 0 14.1127247546319 "uLSIF" 36 2 2 1.57070707070707
24.027 0 14.5205067444672 "uLSIF" 36 2 2 1.60606060606061
24.672 0 14.9436182943666 "uLSIF" 36 2 2 1.64141414141414
25.398 0 15.4958613093212 "uLSIF" 36 2 2 1.67676767676768
25.924 0 15.6941559355873 "uLSIF" 36 2 2 1.71212121212121
26.558 0 15.8281763689683 "uLSIF" 36 2 2 1.74747474747475
27.257 0 16.1686231750071 "uLSIF" 36 2 2 1.78282828282828
28.173 0 16.9344573827108 "uLSIF" 36 2 2 1.81818181818182
28.75 0 17.3650524054794 "uLSIF" 36 2 2 1.85353535353535
29.55 0 17.9760016865997 "uLSIF" 36 2 2 1.88888888888889
30.28 0 18.4800734065943 "uLSIF" 36 2 2 1.92424242424242
30.917 0 18.6889107865169 "uLSIF" 36 2 2 1.95959595959596
31.378 0 18.9086925686218 "uLSIF" 36 2 2 1.99494949494949
32.082 0 19.230837243893 "uLSIF" 36 2 2 2.03030303030303
32.737 0 19.6994390503613 "uLSIF" 36 2 2 2.06565656565657
33.564 0 21.0814689320344 "uLSIF" 36 2 2 2.1010101010101
34.246 0 21.3632364559275 "uLSIF" 36 2 2 2.13636363636364
34.825 0 21.5238856309137 "uLSIF" 36 2 2 2.17171717171717
35.753 0 22.3063121685895 "uLSIF" 36 2 2 2.20707070707071
36.529 0 22.6752580211632 "uLSIF" 36 2 2 2.24242424242424
37.276 0 22.9130275352436 "uLSIF" 36 2 2 2.27777777777778
37.971 0 23.3117050983963 "uLSIF" 36 2 2 2.31313131313131
38.705 0 23.6842757947107 "uLSIF" 36 2 2 2.34848484848485
39.26 0 24.0254786346417 "uLSIF" 36 2 2 2.38383838383838
40.127 0 24.8367416287792 "uLSIF" 36 2 2 2.41919191919192
40.756 0 25.1997518140852 "uLSIF" 36 2 2 2.45454545454545
41.536 0 25.8526800364114 "uLSIF" 36 2 2 2.48989898989899
42.482 0 26.7675583155838 "uLSIF" 36 2 2 2.52525252525253
43.327 0 27.1787187658608 "uLSIF" 36 2 2 2.56060606060606
44.037 0 27.4430455990539 "uLSIF" 36 2 2 2.5959595959596
44.829 0 28.0483237906914 "uLSIF" 36 2 2 2.63131313131313
45.533 0 28.4137334972237 "uLSIF" 36 2 2 2.66666666666667
46.212 0 28.5679748177078 "uLSIF" 36 2 2 2.7020202020202
47.309 0 29.1452391303273 "uLSIF" 36 2 2 2.73737373737374
48.054 0 29.220351005984 "uLSIF" 36 2 2 2.77272727272727
48.973 0 29.674818716647 "uLSIF" 36 2 2 2.80808080808081
49.729 0 29.8432266549242 "uLSIF" 36 2 2 2.84343434343434
50.49 0 30.0890886078866 "uLSIF" 36 2 2 2.87878787878788
51.247 0 30.6107989443597 "uLSIF" 36 2 2 2.91414141414141
51.981 0 31.1893156772061 "uLSIF" 36 2 2 2.94949494949495
52.751 0 31.4985262537179 "uLSIF" 36 2 2 2.98484848484848
53.392 0 31.6217056508384 "uLSIF" 36 2 2 3.02020202020202
54.213 0 31.9130392327818 "uLSIF" 36 2 2 3.05555555555556
54.945 0 32.2407108860589 "uLSIF" 36 2 2 3.09090909090909
55.543 0 32.4690373954848 "uLSIF" 36 2 2 3.12626262626263
56.113 0 32.5815252372688 "uLSIF" 36 2 2 3.16161616161616
56.806 0 33.0025685899376 "uLSIF" 36 2 2 3.1969696969697
57.659 0 33.3953584943921 "uLSIF" 36 2 2 3.23232323232323
58.594 0 33.7069922319587 "uLSIF" 36 2 2 3.26767676767677
59.178 0 33.771775920861 "uLSIF" 36 2 2 3.3030303030303
59.773 0 34.0602050576412 "uLSIF" 36 2 2 3.33838383838384
60.436 0 34.2432548760264 "uLSIF" 36 2 2 3.37373737373737
61.374 0 34.7372537889914 "uLSIF" 36 2 2 3.40909090909091
62.146 0 35.3084886871893 "uLSIF" 36 2 2 3.44444444444444
63.024 0 35.766809875759 "uLSIF" 36 2 2 3.47979797979798
63.745 0 36.1567598975114 "uLSIF" 36 2 2 3.51515151515152
64.512 0 36.2776504741407 "uLSIF" 36 2 2 3.55050505050505
65.28 0 36.4155418975428 "uLSIF" 36 2 2 3.58585858585859
65.951 0 36.4837726210526 "uLSIF" 36 2 2 3.62121212121212
66.573 0 36.8271219063873 "uLSIF" 36 2 2 3.65656565656566
67.202 0 36.9473449966612 "uLSIF" 36 2 2 3.69191919191919
67.855 0 37.0577016050409 "uLSIF" 36 2 2 3.72727272727273
68.782 0 37.4532404635596 "uLSIF" 36 2 2 3.76262626262626
69.706 0 39.1971935728055 "uLSIF" 36 2 2 3.7979797979798
70.352 0 39.3936029318461 "uLSIF" 36 2 2 3.83333333333333
70.992 0 39.6608486913596 "uLSIF" 36 2 2 3.86868686868687
71.731 0 39.8299518461178 "uLSIF" 36 2 2 3.9040404040404
72.381 0 40.0361928226915 "uLSIF" 36 2 2 3.93939393939394
73.339 0 40.5004983842097 "uLSIF" 36 2 2 3.97474747474747
74.222 0 41.4843303629897 "uLSIF" 36 2 2 4.01010101010101
75.222 0 41.8718995505574 "uLSIF" 36 2 2 4.04545454545454
76.269 0 41.9035624684531 "uLSIF" 36 2 2 4.08080808080808
76.804 0 41.9606038597668 "uLSIF" 36 2 2 4.11616161616162
77.512 0 42.2178659361674 "uLSIF" 36 2 2 4.15151515151515
78.331 0 43.5087629271558 "uLSIF" 36 2 2 4.18686868686869
79.16 0 43.9322938901037 "uLSIF" 36 2 2 4.22222222222222
80.06 0 44.2396150926242 "uLSIF" 36 2 2 4.25757575757576
80.819 0 44.4303983698019 "uLSIF" 36 2 2 4.29292929292929
81.51 0 44.5812897008531 "uLSIF" 36 2 2 4.32828282828283
82.268 0 45.1148481713673 "uLSIF" 36 2 2 4.36363636363636
83.063 0 45.1723319142434 "uLSIF" 36 2 2 4.3989898989899
83.812 0 45.122019598558 "uLSIF" 36 2 2 4.43434343434343
84.581 0 45.3078386070141 "uLSIF" 36 2 2 4.46969696969697
85.138 0 45.4283908442143 "uLSIF" 36 2 2 4.50505050505051
86.067 0 45.7639907990317 "uLSIF" 36 2 2 4.54040404040404
86.668 0 46.1061335567357 "uLSIF" 36 2 2 4.57575757575758
87.472 0 46.2457769735561 "uLSIF" 36 2 2 4.61111111111111
88.361 0 46.5767546429877 "uLSIF" 36 2 2 4.64646464646465
89.03 0 46.8827163151741 "uLSIF" 36 2 2 4.68181818181818
89.488 0 46.8808881493693 "uLSIF" 36 2 2 4.71717171717172
90.523 0 47.4172950606724 "uLSIF" 36 2 2 4.75252525252525
91.419 0 47.7588562190024 "uLSIF" 36 2 2 4.78787878787879
92.01 0 47.8540898347666 "uLSIF" 36 2 2 4.82323232323232
92.792 0 48.1580931717395 "uLSIF" 36 2 2 4.85858585858586
93.334 0 48.3745857299527 "uLSIF" 36 2 2 4.89393939393939
93.945 0 48.4771906468703 "uLSIF" 36 2 2 4.92929292929293
94.762 0 49.0363326312023 "uLSIF" 36 2 2 4.96464646464646
95.466 0 49.471792996639 "uLSIF" 36 2 2 5
