122.9 14.47 0 0 "KDE LDA" 85 600 2.3
122.9 14.47 0 0 "KDE LDA" 85 600 2.31010101010101
123.195 14.515 0 0 "KDE LDA" 85 600 2.32020202020202
123.205 14.515 0 0 "KDE LDA" 85 600 2.33030303030303
125.055 14.56 0 0 "KDE LDA" 85 600 2.34040404040404
125.745 14.57 0 0 "KDE LDA" 85 600 2.35050505050505
125.9 14.59 0 0 "KDE LDA" 85 600 2.36060606060606
126.495 14.595 0 0 "KDE LDA" 85 600 2.37070707070707
127.13 14.595 0 0 "KDE LDA" 85 600 2.38080808080808
127.135 14.62 0 0 "KDE LDA" 85 600 2.39090909090909
129.535 14.785 0 0 "KDE LDA" 85 600 2.4010101010101
129.92 14.785 0 0 "KDE LDA" 85 600 2.41111111111111
130.205 14.805 0 0 "KDE LDA" 85 600 2.42121212121212
130.21 14.91 0 0 "KDE LDA" 85 600 2.43131313131313
131.345 14.965 0 0 "KDE LDA" 85 600 2.44141414141414
131.54 14.975 0 0 "KDE LDA" 85 600 2.45151515151515
131.84 15.03 0 0 "KDE LDA" 85 600 2.46161616161616
131.84 15.395 0 0 "KDE LDA" 85 600 2.47171717171717
131.84 15.4 0 0 "KDE LDA" 85 600 2.48181818181818
132.045 15.42 0 0 "KDE LDA" 85 600 2.49191919191919
132.155 15.45 0 0 "KDE LDA" 85 600 2.5020202020202
136.105 15.52 0 0 "KDE LDA" 85 600 2.51212121212121
136.125 15.565 0 0 "KDE LDA" 85 600 2.52222222222222
140.09 16.06 0 0 "KDE LDA" 85 600 2.53232323232323
140.1 16.06 0 0 "KDE LDA" 85 600 2.54242424242424
140.1 16.12 0 0 "KDE LDA" 85 600 2.55252525252525
141.315 16.29 0 0 "KDE LDA" 85 600 2.56262626262626
141.915 16.29 0 0 "KDE LDA" 85 600 2.57272727272727
142.26 16.29 0 0 "KDE LDA" 85 600 2.58282828282828
143.56 16.295 0 0 "KDE LDA" 85 600 2.59292929292929
144.36 16.36 0 0 "KDE LDA" 85 600 2.6030303030303
145.25 16.44 0 0 "KDE LDA" 85 600 2.61313131313131
146.225 16.44 0 0 "KDE LDA" 85 600 2.62323232323232
147.62 16.48 0 0 "KDE LDA" 85 600 2.63333333333333
147.88 16.52 0 0 "KDE LDA" 85 600 2.64343434343434
149.6 16.78 0 0 "KDE LDA" 85 600 2.65353535353535
161.35 16.905 0 0 "KDE LDA" 85 600 2.66363636363636
168.98 17.09 0 0 "KDE LDA" 85 600 2.67373737373737
169 17.215 0 0 "KDE LDA" 85 600 2.68383838383838
169.8 17.39 0 0 "KDE LDA" 85 600 2.69393939393939
169.99 17.425 0 0 "KDE LDA" 85 600 2.7040404040404
177.51 17.435 0 0 "KDE LDA" 85 600 2.71414141414141
177.625 17.455 0 0 "KDE LDA" 85 600 2.72424242424242
178.75 17.545 0 0 "KDE LDA" 85 600 2.73434343434343
178.78 17.595 0 0 "KDE LDA" 85 600 2.74444444444444
179.26 17.62 0 0 "KDE LDA" 85 600 2.75454545454545
181.025 17.645 0 0 "KDE LDA" 85 600 2.76464646464646
183.915 17.9 0 0 "KDE LDA" 85 600 2.77474747474747
184.42 17.93 0 0 "KDE LDA" 85 600 2.78484848484848
190.385 18.19 0 0 "KDE LDA" 85 600 2.79494949494949
223.58 18.805 0 0 "KDE LDA" 85 600 2.80505050505051
223.94 18.815 0 0 "KDE LDA" 85 600 2.81515151515151
232.45 18.985 0 0 "KDE LDA" 85 600 2.82525252525252
234.78 19.035 0 0 "KDE LDA" 85 600 2.83535353535354
236.745 19.07 0 0 "KDE LDA" 85 600 2.84545454545455
236.75 19.075 0 0 "KDE LDA" 85 600 2.85555555555556
239.64 19.085 0 0 "KDE LDA" 85 600 2.86565656565657
241.775 19.1 0 0 "KDE LDA" 85 600 2.87575757575758
241.78 19.1 0 0 "KDE LDA" 85 600 2.88585858585859
241.815 19.15 0 0 "KDE LDA" 85 600 2.8959595959596
241.835 19.17 0 0 "KDE LDA" 85 600 2.90606060606061
244.92 19.295 0 0 "KDE LDA" 85 600 2.91616161616162
248.34 19.325 0 0 "KDE LDA" 85 600 2.92626262626263
251.415 19.42 0 0 "KDE LDA" 85 600 2.93636363636364
251.435 19.43 0 0 "KDE LDA" 85 600 2.94646464646465
262.445 19.48 0 0 "KDE LDA" 85 600 2.95656565656566
271.42 19.545 0 0 "KDE LDA" 85 600 2.96666666666667
271.425 19.585 0 0 "KDE LDA" 85 600 2.97676767676768
276.86 19.595 0 0 "KDE LDA" 85 600 2.98686868686869
278.155 19.695 0 0 "KDE LDA" 85 600 2.9969696969697
281.36 19.735 0 0 "KDE LDA" 85 600 3.00707070707071
281.365 19.74 0 0 "KDE LDA" 85 600 3.01717171717172
282.275 19.8 0 0 "KDE LDA" 85 600 3.02727272727273
282.295 19.82 0 0 "KDE LDA" 85 600 3.03737373737374
282.31 19.875 0 0 "KDE LDA" 85 600 3.04747474747475
282.98 19.905 0 0 "KDE LDA" 85 600 3.05757575757576
289.43 19.93 0 0 "KDE LDA" 85 600 3.06767676767677
296.975 19.995 0 0 "KDE LDA" 85 600 3.07777777777778
305.53 20.055 0 0 "KDE LDA" 85 600 3.08787878787879
336.335 20.25 0 0 "KDE LDA" 85 600 3.0979797979798
336.345 20.27 0 0 "KDE LDA" 85 600 3.10808080808081
339.79 20.28 0 0 "KDE LDA" 85 600 3.11818181818182
341.29 20.305 0 0 "KDE LDA" 85 600 3.12828282828283
342.285 20.305 0 0 "KDE LDA" 85 600 3.13838383838384
346.645 20.32 0 0 "KDE LDA" 85 600 3.14848484848485
346.65 20.345 0 0 "KDE LDA" 85 600 3.15858585858586
352.84 20.435 0 0 "KDE LDA" 85 600 3.16868686868687
352.86 20.525 0 0 "KDE LDA" 85 600 3.17878787878788
355.71 20.535 0 0 "KDE LDA" 85 600 3.18888888888889
355.855 20.66 0 0 "KDE LDA" 85 600 3.1989898989899
359.645 20.67 0 0 "KDE LDA" 85 600 3.20909090909091
362.125 20.69 0 0 "KDE LDA" 85 600 3.21919191919192
385.605 21.15 0 0 "KDE LDA" 85 600 3.22929292929293
386.37 21.39 0 0 "KDE LDA" 85 600 3.23939393939394
394.44 21.415 0 0 "KDE LDA" 85 600 3.24949494949495
397.765 21.525 0 0 "KDE LDA" 85 600 3.25959595959596
398.135 21.585 0 0 "KDE LDA" 85 600 3.26969696969697
403.395 21.62 0 0 "KDE LDA" 85 600 3.27979797979798
406.015 21.67 0 0 "KDE LDA" 85 600 3.28989898989899
408.94 21.79 0 0 "KDE LDA" 85 600 3.3
772.060301507538 27.15 1 0 "KDE QDA" 85 600 4.5
777.582914572864 27.42 1 0 "KDE QDA" 85 600 4.51010101010101
784.824120603015 27.425 1 0 "KDE QDA" 85 600 4.52020202020202
805.733668341708 27.875 1 0 "KDE QDA" 85 600 4.53030303030303
819.115577889447 27.88 1 0 "KDE QDA" 85 600 4.54040404040404
824.43216080402 27.905 1 0 "KDE QDA" 85 600 4.55050505050505
844.211055276382 28.04 1 0 "KDE QDA" 85 600 4.56060606060606
844.678391959799 28.045 1 0 "KDE QDA" 85 600 4.57070707070707
846.814070351759 28.21 1 0 "KDE QDA" 85 600 4.58080808080808
868.643216080402 28.245 1 0 "KDE QDA" 85 600 4.59090909090909
869.48743718593 28.245 1 0 "KDE QDA" 85 600 4.6010101010101
869.497487437186 28.25 1 0 "KDE QDA" 85 600 4.61111111111111
869.507537688442 28.28 1 0 "KDE QDA" 85 600 4.62121212121212
884.738693467337 28.3 1 0 "KDE QDA" 85 600 4.63131313131313
924.678391959799 28.57 1 0 "KDE QDA" 85 600 4.64141414141414
938.804020100502 28.585 1 0 "KDE QDA" 85 600 4.65151515151515
942.055555555556 28.625 2 0 "KDE QDA" 85 600 4.66161616161616
944.060606060606 28.63 2 0 "KDE QDA" 85 600 4.67171717171717
944.222222222222 28.63 2 0 "KDE QDA" 85 600 4.68181818181818
952.247474747475 28.665 2 0 "KDE QDA" 85 600 4.69191919191919
952.282828282828 28.67 2 0 "KDE QDA" 85 600 4.7020202020202
952.282828282828 28.7 2 0 "KDE QDA" 85 600 4.71212121212121
959.954545454545 28.735 2 0 "KDE QDA" 85 600 4.72222222222222
960.025252525253 28.75 2 0 "KDE QDA" 85 600 4.73232323232323
960.030303030303 28.75 2 0 "KDE QDA" 85 600 4.74242424242424
960.762626262626 28.755 2 0 "KDE QDA" 85 600 4.75252525252525
954.416243654822 28.76 3 0 "KDE QDA" 85 600 4.76262626262626
1007.60913705584 29.09 3 0 "KDE QDA" 85 600 4.77272727272727
1032.81218274112 29.11 3 0 "KDE QDA" 85 600 4.78282828282828
1048.71573604061 29.225 3 0 "KDE QDA" 85 600 4.79292929292929
1058.16243654822 29.545 3 0 "KDE QDA" 85 600 4.8030303030303
1073.9847715736 29.59 3 0 "KDE QDA" 85 600 4.81313131313131
1079.74111675127 29.605 3 0 "KDE QDA" 85 600 4.82323232323232
1079.96954314721 29.63 3 0 "KDE QDA" 85 600 4.83333333333333
1079.9847715736 29.65 3 0 "KDE QDA" 85 600 4.84343434343434
1082.97461928934 29.655 3 0 "KDE QDA" 85 600 4.85353535353535
1083.08629441624 29.67 3 0 "KDE QDA" 85 600 4.86363636363636
1084.33502538071 29.675 3 0 "KDE QDA" 85 600 4.87373737373737
1084.37055837563 29.745 3 0 "KDE QDA" 85 600 4.88383838383838
1094.43654822335 29.835 3 0 "KDE QDA" 85 600 4.89393939393939
1118.07142857143 30.205 4 0 "KDE QDA" 85 600 4.9040404040404
1125.4387755102 30.225 4 0 "KDE QDA" 85 600 4.91414141414141
1126.0306122449 30.225 4 0 "KDE QDA" 85 600 4.92424242424242
1134.7193877551 30.495 4 0 "KDE QDA" 85 600 4.93434343434343
1134.76530612245 30.495 4 0 "KDE QDA" 85 600 4.94444444444444
1136.2 30.51 5 0 "KDE QDA" 85 600 4.95454545454546
1141.92307692308 30.535 5 0 "KDE QDA" 85 600 4.96464646464646
1142.04615384615 30.535 5 0 "KDE QDA" 85 600 4.97474747474747
1156.46666666667 30.7 5 0 "KDE QDA" 85 600 4.98484848484848
1161.07692307692 30.715 5 0 "KDE QDA" 85 600 4.99494949494949
1162.1641025641 30.745 5 0 "KDE QDA" 85 600 5.00505050505051
1156.41237113402 30.77 6 0 "KDE QDA" 85 600 5.01515151515152
1169.00515463918 30.79 6 0 "KDE QDA" 85 600 5.02525252525253
1171.72538860104 30.795 7 0 "KDE QDA" 85 600 5.03535353535354
1196.18134715026 31.035 7 0 "KDE QDA" 85 600 5.04545454545455
1193.73958333333 31.055 8 0 "KDE QDA" 85 600 5.05555555555556
1213.42931937173 31.185 9 0 "KDE QDA" 85 600 5.06565656565657
1216.44502617801 31.21 9 0 "KDE QDA" 85 600 5.07575757575758
1216.48167539267 31.22 9 0 "KDE QDA" 85 600 5.08585858585859
1208.03684210526 31.27 10 0 "KDE QDA" 85 600 5.0959595959596
1211.77368421053 31.28 10 0 "KDE QDA" 85 600 5.10606060606061
1216.68421052632 31.325 10 0 "KDE QDA" 85 600 5.11616161616162
1220.19047619048 31.33 11 0 "KDE QDA" 85 600 5.12626262626263
1220.20105820106 31.335 11 0 "KDE QDA" 85 600 5.13636363636364
1229.36507936508 31.36 11 0 "KDE QDA" 85 600 5.14646464646465
1229.37037037037 31.36 11 0 "KDE QDA" 85 600 5.15656565656566
1230.93121693122 31.36 11 0 "KDE QDA" 85 600 5.16666666666667
1233.04232804233 31.37 11 0 "KDE QDA" 85 600 5.17676767676768
1236.49735449735 31.495 11 0 "KDE QDA" 85 600 5.18686868686869
1246.95212765957 31.58 12 0 "KDE QDA" 85 600 5.1969696969697
1254.16489361702 31.59 12 0 "KDE QDA" 85 600 5.20707070707071
1258.79679144385 31.635 13 0 "KDE QDA" 85 600 5.21717171717172
1284.03743315508 31.71 13 0 "KDE QDA" 85 600 5.22727272727273
1286.5614973262 31.71 13 0 "KDE QDA" 85 600 5.23737373737374
1286.58823529412 31.82 13 0 "KDE QDA" 85 600 5.24747474747475
1286.66844919786 31.82 13 0 "KDE QDA" 85 600 5.25757575757576
1292.42780748663 31.98 13 0 "KDE QDA" 85 600 5.26767676767677
1292.43315508021 31.98 13 0 "KDE QDA" 85 600 5.27777777777778
1292.44385026738 32 13 0 "KDE QDA" 85 600 5.28787878787879
1292.44919786096 32.035 13 0 "KDE QDA" 85 600 5.2979797979798
1292.44919786096 32.075 13 0 "KDE QDA" 85 600 5.30808080808081
1298.42245989305 32.08 13 0 "KDE QDA" 85 600 5.31818181818182
1312.8128342246 32.09 13 0 "KDE QDA" 85 600 5.32828282828283
1320.43548387097 32.215 14 0 "KDE QDA" 85 600 5.33838383838384
1324.17297297297 32.235 15 0 "KDE QDA" 85 600 5.34848484848485
1327.70810810811 32.37 15 0 "KDE QDA" 85 600 5.35858585858586
1337.98918918919 32.37 15 0 "KDE QDA" 85 600 5.36868686868687
1357.91891891892 32.38 15 0 "KDE QDA" 85 600 5.37878787878788
1357.97837837838 32.43 15 0 "KDE QDA" 85 600 5.38888888888889
1357.99459459459 32.44 15 0 "KDE QDA" 85 600 5.3989898989899
1358.03783783784 32.465 15 0 "KDE QDA" 85 600 5.40909090909091
1354.54347826087 32.485 16 0 "KDE QDA" 85 600 5.41919191919192
1363.14673913043 32.5 16 0 "KDE QDA" 85 600 5.42929292929293
1362.72677595628 32.59 17 0 "KDE QDA" 85 600 5.43939393939394
1368.9010989011 32.595 18 0 "KDE QDA" 85 600 5.44949494949495
1387.50549450549 32.64 18 0 "KDE QDA" 85 600 5.45959595959596
1437.82122905028 33.425 21 0 "KDE QDA" 85 600 5.46969696969697
1437.83798882682 33.425 21 0 "KDE QDA" 85 600 5.47979797979798
1435.79213483146 33.595 22 0 "KDE QDA" 85 600 5.48989898989899
1457.01685393258 33.61 22 0 "KDE QDA" 85 600 5.5
