97.976 20.498 0 0 94.0468832032207 15.4986516898795 "LDA" 20 5000 1.5
103.797 21.143 0 0 98.4214639983351 15.919924465744 "LDA" 20 5000 1.53535353535354
109.76 21.78 0 0 103.765175331667 16.2942659577872 "LDA" 20 5000 1.57070707070707
116.948 22.34 0 0 109.898867405706 16.7795695401865 "LDA" 20 5000 1.60606060606061
125.932 23.017 0 0 119.031171529964 17.079883882317 "LDA" 20 5000 1.64141414141414
134.922 23.632 0 0 128.626648602577 17.3095984412752 "LDA" 20 5000 1.67676767676768
142.103 24.683 0 0 133.855211361413 18.510460506107 "LDA" 20 5000 1.71212121212121
153.501 25.424 0 0 145.350964571625 19.0815704366892 "LDA" 20 5000 1.74747474747475
161.03 26.13 0 0 153.253194556073 20.0423250845503 "LDA" 20 5000 1.78282828282828
170.76 27.298 0 0 164.560440381455 21.9114423830862 "LDA" 20 5000 1.81818181818182
183.482 28.026 0 0 176.813253469876 22.4997235885591 "LDA" 20 5000 1.85353535353535
195.966 28.689 0 0 186.96715101739 22.9065708911218 "LDA" 20 5000 1.88888888888889
209.735 29.533 0 0 206.493957610216 23.3861459591533 "LDA" 20 5000 1.92424242424242
221.24 30.57 0 0 216.838685237241 24.0867031631411 "LDA" 20 5000 1.95959595959596
238.235 31.527 0 0 230.11886160301 25.2129126037029 "LDA" 20 5000 1.99494949494949
251.895 32.255 0 0 243.359552610632 25.4166083295742 "LDA" 20 5000 2.03030303030303
272.615 33.224 0 0 263.860427309781 25.7846208168875 "LDA" 20 5000 2.06565656565657
289.512 34.018 0 0 281.643688058197 26.2775224133514 "LDA" 20 5000 2.1010101010101
302.188 34.89 0 0 287.684826181735 27.8612301980395 "LDA" 20 5000 2.13636363636364
321.163 35.422 0 0 322.186207624385 27.9413785743767 "LDA" 20 5000 2.17171717171717
340.929 36.439 0 0 333.18701887761 28.5190746101029 "LDA" 20 5000 2.20707070707071
360.452 37.537 0 0 350.078331998047 29.4092082948952 "LDA" 20 5000 2.24242424242424
375.779 38.37 0 0 358.726281032912 30.316302185098 "LDA" 20 5000 2.27777777777778
399.135 38.919 0 0 379.651121095077 30.4320316040114 "LDA" 20 5000 2.31313131313131
425.241 39.804 0 0 401.269974595049 31.0921582767473 "LDA" 20 5000 2.34848484848485
453.982 40.62 0 0 426.611273708109 31.7342506239341 "LDA" 20 5000 2.38383838383838
482.146 41.287 0 0 459.9213936885 32.312113884791 "LDA" 20 5000 2.41919191919192
513.504 42.209 0 0 489.649256487109 32.8391798120893 "LDA" 20 5000 2.45454545454545
542.105 43.489 0 0 509.582765181054 34.1751052202743 "LDA" 20 5000 2.48989898989899
587.547 44.477 0 0 569.642783410526 34.997175218484 "LDA" 20 5000 2.52525252525253
623.338 45.5 0 0 611.506793350911 35.4930945362582 "LDA" 20 5000 2.56060606060606
652.665 46.016 0 0 655.857685842805 35.6324770036749 "LDA" 20 5000 2.5959595959596
688.496 46.534 0 0 704.12795297315 35.7314368529951 "LDA" 20 5000 2.63131313131313
724.285 47.259 0 0 733.091008130096 36.0213472326682 "LDA" 20 5000 2.66666666666667
764.507 48.551 0 0 783.944009583058 36.8630748213614 "LDA" 20 5000 2.7020202020202
802.489 49.375 0 0 810.396346312789 37.3486183719598 "LDA" 20 5000 2.73737373737374
851.972 50.361 0 0 859.997440003639 37.8945996110221 "LDA" 20 5000 2.77272727272727
880.926 51.163 0 0 877.759210578707 38.7355763591543 "LDA" 20 5000 2.80808080808081
927.631 52.208 0 0 917.496492992564 39.1254333590765 "LDA" 20 5000 2.84343434343434
981.097 53.157 0 0 960.486121284519 39.8837694565855 "LDA" 20 5000 2.87878787878788
1017.449 54.028 0 0 985.62258053997 40.2707207155142 "LDA" 20 5000 2.91414141414141
1087.375 54.965 0 0 1042.35718584268 40.760829483957 "LDA" 20 5000 2.94949494949495
1152.803 55.899 0 0 1102.50469695045 41.0374081524146 "LDA" 20 5000 2.98484848484848
1234.712 56.97 0 0 1174.11580560905 41.4324480057328 "LDA" 20 5000 3.02020202020202
1304.223 57.874 0 0 1210.65916792956 41.9587256557996 "LDA" 20 5000 3.05555555555556
1370.757 58.928 0 0 1287.76827693731 42.3483198745381 "LDA" 20 5000 3.09090909090909
1446.375 59.908 0 0 1353.75489091625 43.017904133931 "LDA" 20 5000 3.12626262626263
1502.87387387387 61.32 1 0 1396.78744282334 43.8158125044535 "LDA" 20 5000 3.16161616161616
1591.84252758275 62.034 3 0 1471.78992338961 44.0458270313872 "LDA" 20 5000 3.1969696969697
1678.67771084337 62.812 4 0 1559.74582182118 44.0892108629142 "LDA" 20 5000 3.23232323232323
1770.12851405622 63.851 4 0 1638.88574340921 44.6271933397719 "LDA" 20 5000 3.26767676767677
1844.74245472837 64.769 6 0 1703.8922328766 45.1597280775697 "LDA" 20 5000 3.3030303030303
1940.32222222222 65.462 10 0 1760.70277132444 45.3917279354396 "LDA" 20 5000 3.33838383838384
2030.19878296146 66.191 14 0 1852.50460312725 45.9965455355204 "LDA" 20 5000 3.37373737373737
2106.01220752798 66.911 17 0 1911.83692600146 46.2982786894892 "LDA" 20 5000 3.40909090909091
2206.50968399592 67.985 19 0 1953.84581075428 47.2468521707006 "LDA" 20 5000 3.44444444444444
2356.83163265306 69.747 20 0 2070.31927369058 50.399514899472 "LDA" 20 5000 3.47979797979798
2410.54620123203 70.556 26 0 2116.90408178812 50.6306658886522 "LDA" 20 5000 3.51515151515152
2463.57676348548 71.644 36 0 2136.04795531697 51.4862515444473 "LDA" 20 5000 3.55050505050505
2552.17481789802 72.745 39 0 2176.61166596315 51.7331837150711 "LDA" 20 5000 3.58585858585859
2617.3832460733 73.829 45 0 2206.55636819192 53.7336865296628 "LDA" 20 5000 3.62121212121212
2698.61854583772 74.827 51 0 2244.16934768531 54.4391282965634 "LDA" 20 5000 3.65656565656566
2837.62354188759 76.168 57 0 2332.24696594204 55.5163925867473 "LDA" 20 5000 3.69191919191919
2888.95488721805 77.058 69 0 2364.95735034068 55.6860986025918 "LDA" 20 5000 3.72727272727273
3024.11617806732 77.891 79 0 2407.59750774794 56.3252665741997 "LDA" 20 5000 3.76262626262626
3154.48461538462 78.788 90 0 2458.50121086679 56.7283276605186 "LDA" 20 5000 3.7979797979798
3204.11817168339 80.159 103 0 2500.48440206062 58.4962865020895 "LDA" 20 5000 3.83333333333333
3259.98299319728 81.028 118 0 2506.37400579366 59.8286108703744 "LDA" 20 5000 3.86868686868687
3402.12643678161 82.514 130 0 2583.50043670113 61.252278697577 "LDA" 20 5000 3.9040404040404
3512.44083526682 83.528 138 0 2630.00610803833 62.1327908571609 "LDA" 20 5000 3.93939393939394
3586.49940546968 84.408 159 0 2638.27888978729 62.5452911852639 "LDA" 20 5000 3.97474747474747
3633.17216117216 85.597 181 0 2649.26130054011 63.2518567979501 "LDA" 20 5000 4.01010101010101
3711.6368159204 86.735 196 0 2675.2888685988 63.6416926239398 "LDA" 20 5000 4.04545454545454
3769.77791878173 87.612 212 0 2689.12610759257 64.0181675915656 "LDA" 20 5000 4.08080808080808
3839.3481095176 88.657 233 0 2711.72738922847 64.1795946650598 "LDA" 20 5000 4.11616161616162
3899.36693548387 89.682 256 0 2712.26709460901 64.831859807089 "LDA" 20 5000 4.15151515151515
3999.32742155525 90.942 267 0 2750.89122950783 65.5337570211667 "LDA" 20 5000 4.18686868686869
4030.39245810056 91.889 284 0 2749.64829504803 65.6348582204122 "LDA" 20 5000 4.22222222222222
4062.96556671449 92.559 303 0 2760.80554294197 65.9041719383445 "LDA" 20 5000 4.25757575757576
4127.9703264095 93.429 326 0 2750.44105267852 66.5700422827681 "LDA" 20 5000 4.29292929292929
4151.61679389313 94.513 345 0 2751.15436511587 66.9647826332104 "LDA" 20 5000 4.32828282828283
4193.5359375 95.986 360 0 2742.4332128092 69.559214258704 "LDA" 20 5000 4.36363636363636
4254.70144462279 96.959 377 0 2752.52865517111 70.075701373036 "LDA" 20 5000 4.3989898989899
4328.63621262458 97.836 398 0 2787.18122964274 70.4069047483003 "LDA" 20 5000 4.43434343434343
4359.92426850258 99.089 419 0 2788.05131386379 70.9513860201348 "LDA" 20 5000 4.46969696969697
4411.69203539823 100.036 435 0 2795.96027301034 71.2657527253555 "LDA" 20 5000 4.50505050505051
4439.52909090909 101.059 450 0 2813.45262645411 71.317906326271 "LDA" 20 5000 4.54040404040404
4492 102.376 470 0 2844.02385936993 71.4691994531243 "LDA" 20 5000 4.57575757575758
4550.58185404339 103.599 493 0 2874.13915256145 72.2240854391215 "LDA" 20 5000 4.61111111111111
4564.72857142857 104.635 510 0 2885.49259630187 72.7589694995926 "LDA" 20 5000 4.64646464646465
4533.4085106383 105.774 530 0 2887.44820814588 73.9429948709848 "LDA" 20 5000 4.68181818181818
4595.72647702407 106.97 543 0 2902.27430662546 74.5626359960985 "LDA" 20 5000 4.71717171717172
4577.85583524027 108.016 563 0 2865.95194086258 75.078882400996 "LDA" 20 5000 4.75252525252525
4618.10401891253 109.587 577 0 2873.50490835647 75.7971347521569 "LDA" 20 5000 4.78787878787879
4600.95599022005 110.536 591 0 2894.69843294016 75.994011565345 "LDA" 20 5000 4.82323232323232
4719.45641025641 111.382 610 0 2928.80773656025 76.6632723886303 "LDA" 20 5000 4.85858585858586
4701.47311827957 112.706 628 0 2917.79928641867 77.450669268704 "LDA" 20 5000 4.89393939393939
4674.80501392758 114.235 641 0 2918.47160120051 79.2383018715285 "LDA" 20 5000 4.92929292929293
4705.10144927536 115.374 655 0 2901.62795297206 80.5955567495366 "LDA" 20 5000 4.96464646464646
4710.06134969325 116.976 674 0 2881.94268174092 82.3560680578301 "LDA" 20 5000 5
39.492 16.129 0 0 31.9879221451341 11.4520525893181 "uLSIF" 20 5000 1.5
40.944 16.486 0 0 33.014918580073 11.5936282593594 "uLSIF" 20 5000 1.53535353535354
42.561 17.017 0 0 34.8444028706392 11.9061525047963 "uLSIF" 20 5000 1.57070707070707
44.167 17.326 0 0 36.1438444065997 11.9704225077904 "uLSIF" 20 5000 1.60606060606061
46.185 17.902 0 0 38.3789228186086 12.5477424998221 "uLSIF" 20 5000 1.64141414141414
47.616 18.271 0 0 39.3283009963469 12.7020825812896 "uLSIF" 20 5000 1.67676767676768
49.596 18.873 0 0 40.5368970695097 13.2592865448967 "uLSIF" 20 5000 1.71212121212121
51.178 19.254 0 0 41.5309660029373 13.5234747150416 "uLSIF" 20 5000 1.74747474747475
52.836 19.828 0 0 42.7546613255802 13.7158499751397 "uLSIF" 20 5000 1.78282828282828
54.1 20.372 0 0 43.5627560390032 14.2063872056705 "uLSIF" 20 5000 1.81818181818182
56.716 21.037 0 0 46.0123296354192 14.9254950136135 "uLSIF" 20 5000 1.85353535353535
58.327 21.633 0 0 46.9354984208329 15.3836591215474 "uLSIF" 20 5000 1.88888888888889
60.242 22.058 0 0 47.9144365429588 15.570519486423 "uLSIF" 20 5000 1.92424242424242
62.4 22.674 0 0 50.2260954152387 16.0460961358581 "uLSIF" 20 5000 1.95959595959596
64.178 23.071 0 0 51.2930335551651 16.2592842192799 "uLSIF" 20 5000 1.99494949494949
66 23.651 0 0 52.1775670043985 16.7345524064507 "uLSIF" 20 5000 2.03030303030303
68.685 24.167 0 0 54.7832911021598 16.8959339364116 "uLSIF" 20 5000 2.06565656565657
70.302 24.695 0 0 55.6777946116117 17.1401213169207 "uLSIF" 20 5000 2.1010101010101
72.5 25.209 0 0 58.2201132048159 17.5034765315548 "uLSIF" 20 5000 2.13636363636364
73.9 25.705 0 0 58.9671020071287 18.0002773585571 "uLSIF" 20 5000 2.17171717171717
76.277 26.166 0 0 61.0189116469524 18.3400873172077 "uLSIF" 20 5000 2.20707070707071
78.679 26.587 0 0 62.6999461103615 18.3845158060097 "uLSIF" 20 5000 2.24242424242424
80.841 27.078 0 0 64.8430284405142 18.5883146476877 "uLSIF" 20 5000 2.27777777777778
82.907 27.658 0 0 66.0875624979233 18.9751704364702 "uLSIF" 20 5000 2.31313131313131
85.797 28.205 0 0 69.4775569656988 19.0478816879147 "uLSIF" 20 5000 2.34848484848485
88.99 28.874 0 0 72.6989204392543 19.3967615430607 "uLSIF" 20 5000 2.38383838383838
91.769 29.502 0 0 75.4995087057844 20.0756825295936 "uLSIF" 20 5000 2.41919191919192
94.497 30.065 0 0 78.7672410921524 20.3433681485546 "uLSIF" 20 5000 2.45454545454545
95.965 30.602 0 0 79.9484304194055 20.9923861501325 "uLSIF" 20 5000 2.48989898989899
98.242 31.103 0 0 81.789565159432 21.1640806393594 "uLSIF" 20 5000 2.52525252525253
100.824 31.826 0 0 82.8757468347249 21.9182602898618 "uLSIF" 20 5000 2.56060606060606
104.728 32.561 0 0 87.3510860163068 22.4350977847794 "uLSIF" 20 5000 2.5959595959596
106.813 33.045 0 0 88.9104892917934 22.8344999811555 "uLSIF" 20 5000 2.63131313131313
109.995 33.454 0 0 92.425339698691 23.1018956274497 "uLSIF" 20 5000 2.66666666666667
112.646 34.334 0 0 93.7708358374482 23.6180917573427 "uLSIF" 20 5000 2.7020202020202
115.696 35.295 0 0 97.1596396636977 24.48296122593 "uLSIF" 20 5000 2.73737373737374
118.95 36.119 0 0 102.122370117808 24.8748788660085 "uLSIF" 20 5000 2.77272727272727
122.104 36.857 0 0 103.707620040451 25.8829766348363 "uLSIF" 20 5000 2.80808080808081
124.251 37.324 0 0 104.648685354124 26.0610860135222 "uLSIF" 20 5000 2.84343434343434
128.071 37.72 0 0 109.472371670477 26.1264270460044 "uLSIF" 20 5000 2.87878787878788
131.415 38.593 0 0 112.055875768718 26.8252296158662 "uLSIF" 20 5000 2.91414141414141
133.855 39.281 0 0 113.362070084901 27.2757035290202 "uLSIF" 20 5000 2.94949494949495
139.171 39.671 0 0 120.106616630219 27.3697252609678 "uLSIF" 20 5000 2.98484848484848
142.442 39.995 0 0 122.896754425201 27.4105511311486 "uLSIF" 20 5000 3.02020202020202
146.091 40.8 0 0 126.188566333378 28.2753159751309 "uLSIF" 20 5000 3.05555555555556
149.063 41.545 0 0 127.876226720843 29.663983665835 "uLSIF" 20 5000 3.09090909090909
152.162 42.208 0 0 130.982220541943 30.0213260202813 "uLSIF" 20 5000 3.12626262626263
155.245 42.986 0 0 134.896107931011 30.4629906246547 "uLSIF" 20 5000 3.16161616161616
158.23 43.497 0 0 136.948450075121 30.5142115760527 "uLSIF" 20 5000 3.1969696969697
161.105 43.981 0 0 139.706104987473 30.8547022615946 "uLSIF" 20 5000 3.23232323232323
166.506 44.635 0 0 146.960679793628 31.0923223241286 "uLSIF" 20 5000 3.26767676767677
172.598 45.299 0 0 155.930454699211 31.4427455106141 "uLSIF" 20 5000 3.3030303030303
176.014 45.861 0 0 157.304496148421 31.6817836368853 "uLSIF" 20 5000 3.33838383838384
179.972 46.6 0 0 161.216307841093 31.9764678239247 "uLSIF" 20 5000 3.37373737373737
183.081 47.307 0 0 164.571796840514 32.0521152046022 "uLSIF" 20 5000 3.40909090909091
186.296 48.083 0 0 171.185398982579 32.6627458424114 "uLSIF" 20 5000 3.44444444444444
193.107 48.49 0 0 179.40975282969 33.0066863126449 "uLSIF" 20 5000 3.47979797979798
197.185 49.131 0 0 183.03149812069 33.1671207206308 "uLSIF" 20 5000 3.51515151515152
202.288 49.708 0 0 187.128132556262 33.3326536867649 "uLSIF" 20 5000 3.55050505050505
206.605 50.036 0 0 189.888489945056 33.4098926206734 "uLSIF" 20 5000 3.58585858585859
210.363 50.358 0 0 190.860716345832 33.4521880433087 "uLSIF" 20 5000 3.62121212121212
215.801 50.926 0 0 195.522741750267 33.7664137079243 "uLSIF" 20 5000 3.65656565656566
220.76 51.747 0 0 197.747213280896 34.0582582636863 "uLSIF" 20 5000 3.69191919191919
225.525 52.332 0 0 202.077947514992 34.2475206207496 "uLSIF" 20 5000 3.72727272727273
232.993 53.001 0 0 212.160068924022 34.6841460755341 "uLSIF" 20 5000 3.76262626262626
238.677 53.602 0 0 215.506337847992 35.1297836272542 "uLSIF" 20 5000 3.7979797979798
241.264 54.192 0 0 216.531527049079 35.6599322316626 "uLSIF" 20 5000 3.83333333333333
246.284 55.175 0 0 219.990447840676 36.4068102259842 "uLSIF" 20 5000 3.86868686868687
250.747 55.787 0 0 222.913035088153 36.5640884415783 "uLSIF" 20 5000 3.9040404040404
255.127 56.495 0 0 225.18887383683 36.7585250542533 "uLSIF" 20 5000 3.93939393939394
259.49 57.237 0 0 228.346030860643 36.8833731404032 "uLSIF" 20 5000 3.97474747474747
263.967 58.078 0 0 231.720642946129 37.2108662162622 "uLSIF" 20 5000 4.01010101010101
272.858 58.82 0 0 240.58741475842 37.7815966979831 "uLSIF" 20 5000 4.04545454545454
278.336 60.064 0 0 244.763748125404 38.9152965336807 "uLSIF" 20 5000 4.08080808080808
282.512 60.729 0 0 250.012872253195 39.0114271778213 "uLSIF" 20 5000 4.11616161616162
287.709 61.221 0 0 255.188870601127 39.0300846336068 "uLSIF" 20 5000 4.15151515151515
291.376 61.801 0 0 261.434137848201 39.1293048941775 "uLSIF" 20 5000 4.18686868686869
296.947 62.686 0 0 263.485173449338 40.1370949420905 "uLSIF" 20 5000 4.22222222222222
300.833 63.385 0 0 266.79086655558 40.3396090593236 "uLSIF" 20 5000 4.25757575757576
305.042 64.278 0 0 271.75224289326 41.0636937323342 "uLSIF" 20 5000 4.29292929292929
312.787 65.131 0 0 284.338002614372 41.6077522109047 "uLSIF" 20 5000 4.32828282828283
317.953 65.641 0 0 290.444364241622 41.8315909451338 "uLSIF" 20 5000 4.36363636363636
324.56 66.764 0 0 294.612621924107 43.0896626004779 "uLSIF" 20 5000 4.3989898989899
329.792 67.441 0 0 301.817972998337 43.2250034114506 "uLSIF" 20 5000 4.43434343434343
336.784 68.064 0 0 308.271446340119 43.5029701562136 "uLSIF" 20 5000 4.46969696969697
345.323 68.919 0 0 315.81787726885 43.6471478164669 "uLSIF" 20 5000 4.50505050505051
351.483 69.967 0 0 318.048327223159 44.2131282733049 "uLSIF" 20 5000 4.54040404040404
360.891 70.494 0 0 333.140696767661 44.369297927718 "uLSIF" 20 5000 4.57575757575758
365.699 71.348 0 0 332.91848719787 45.2614791792922 "uLSIF" 20 5000 4.61111111111111
370.265 72.225 0 0 337.392068939362 45.7831898787696 "uLSIF" 20 5000 4.64646464646465
376.055 72.873 0 0 347.929163304368 45.9728874161432 "uLSIF" 20 5000 4.68181818181818
381.891 73.728 0 0 350.994564492534 46.2902668474141 "uLSIF" 20 5000 4.71717171717172
395.329 74.379 0 0 364.604087881499 46.7792010689863 "uLSIF" 20 5000 4.75252525252525
401.882 75.26 0 0 367.88132970939 48.428935170637 "uLSIF" 20 5000 4.78787878787879
410.695 75.992 0 0 376.734780807493 49.1791472529214 "uLSIF" 20 5000 4.82323232323232
419.195 77.074 0 0 384.0471627264 50.5450227354121 "uLSIF" 20 5000 4.85858585858586
424.769 77.777 0 0 391.199116036051 50.8991158173793 "uLSIF" 20 5000 4.89393939393939
428.861 79.064 0 0 394.441183862089 53.8242227157156 "uLSIF" 20 5000 4.92929292929293
435.684 79.588 0 0 401.902836558831 54.0242619281085 "uLSIF" 20 5000 4.96464646464646
450.759 80.131 0 0 413.733015273046 54.1637845294672 "uLSIF" 20 5000 5
