133.35 13.525 0 0 "KDE LDA" 43 5000 2.5
138.835 13.535 0 0 "KDE LDA" 43 5000 2.51010101010101
140.215 13.6 0 0 "KDE LDA" 43 5000 2.52020202020202
145 13.665 0 0 "KDE LDA" 43 5000 2.53030303030303
146.72 14.015 0 0 "KDE LDA" 43 5000 2.54040404040404
147.83 14.025 0 0 "KDE LDA" 43 5000 2.55050505050505
148.13 14.145 0 0 "KDE LDA" 43 5000 2.56060606060606
148.135 14.165 0 0 "KDE LDA" 43 5000 2.57070707070707
150.09 14.18 0 0 "KDE LDA" 43 5000 2.58080808080808
150.095 14.18 0 0 "KDE LDA" 43 5000 2.59090909090909
150.1 14.2 0 0 "KDE LDA" 43 5000 2.6010101010101
150.86 14.335 0 0 "KDE LDA" 43 5000 2.61111111111111
153.18 14.415 0 0 "KDE LDA" 43 5000 2.62121212121212
156.32 14.525 0 0 "KDE LDA" 43 5000 2.63131313131313
156.61 14.56 0 0 "KDE LDA" 43 5000 2.64141414141414
161.665 14.655 0 0 "KDE LDA" 43 5000 2.65151515151515
171.43 14.735 0 0 "KDE LDA" 43 5000 2.66161616161616
188.005 15.055 0 0 "KDE LDA" 43 5000 2.67171717171717
188.345 15.23 0 0 "KDE LDA" 43 5000 2.68181818181818
194.14 15.235 0 0 "KDE LDA" 43 5000 2.69191919191919
195.865 15.325 0 0 "KDE LDA" 43 5000 2.7020202020202
196.36 15.335 0 0 "KDE LDA" 43 5000 2.71212121212121
196.82 15.34 0 0 "KDE LDA" 43 5000 2.72222222222222
199.28 15.525 0 0 "KDE LDA" 43 5000 2.73232323232323
199.735 15.7 0 0 "KDE LDA" 43 5000 2.74242424242424
202.6 15.725 0 0 "KDE LDA" 43 5000 2.75252525252525
204.02 15.805 0 0 "KDE LDA" 43 5000 2.76262626262626
210.48 15.845 0 0 "KDE LDA" 43 5000 2.77272727272727
220.96 16.075 0 0 "KDE LDA" 43 5000 2.78282828282828
237.105 16.175 0 0 "KDE LDA" 43 5000 2.79292929292929
263.145 16.835 0 0 "KDE LDA" 43 5000 2.8030303030303
267.49 16.855 0 0 "KDE LDA" 43 5000 2.81313131313131
271.03 16.94 0 0 "KDE LDA" 43 5000 2.82323232323232
271.045 16.955 0 0 "KDE LDA" 43 5000 2.83333333333333
271.05 16.96 0 0 "KDE LDA" 43 5000 2.84343434343434
273.095 16.96 0 0 "KDE LDA" 43 5000 2.85353535353535
273.1 16.99 0 0 "KDE LDA" 43 5000 2.86363636363636
273.115 17.005 0 0 "KDE LDA" 43 5000 2.87373737373737
273.375 17.18 0 0 "KDE LDA" 43 5000 2.88383838383838
273.375 17.19 0 0 "KDE LDA" 43 5000 2.89393939393939
274.48 17.235 0 0 "KDE LDA" 43 5000 2.9040404040404
281.07 17.275 0 0 "KDE LDA" 43 5000 2.91414141414141
284.68 17.295 0 0 "KDE LDA" 43 5000 2.92424242424242
284.705 17.295 0 0 "KDE LDA" 43 5000 2.93434343434343
286.805 17.33 0 0 "KDE LDA" 43 5000 2.94444444444444
291.535 17.33 0 0 "KDE LDA" 43 5000 2.95454545454545
296.31 17.37 0 0 "KDE LDA" 43 5000 2.96464646464646
296.32 17.415 0 0 "KDE LDA" 43 5000 2.97474747474747
303.245 17.44 0 0 "KDE LDA" 43 5000 2.98484848484848
303.99 17.89 0 0 "KDE LDA" 43 5000 2.99494949494949
305.325 17.965 0 0 "KDE LDA" 43 5000 3.00505050505051
305.35 17.965 0 0 "KDE LDA" 43 5000 3.01515151515152
305.355 18.055 0 0 "KDE LDA" 43 5000 3.02525252525253
306.755 18.055 0 0 "KDE LDA" 43 5000 3.03535353535354
306.765 18.065 0 0 "KDE LDA" 43 5000 3.04545454545455
308.34 18.075 0 0 "KDE LDA" 43 5000 3.05555555555556
308.855 18.095 0 0 "KDE LDA" 43 5000 3.06565656565657
312.22 18.215 0 0 "KDE LDA" 43 5000 3.07575757575758
320.26 18.255 0 0 "KDE LDA" 43 5000 3.08585858585859
326.215 18.615 0 0 "KDE LDA" 43 5000 3.0959595959596
328.735 18.62 0 0 "KDE LDA" 43 5000 3.10606060606061
329.62 18.635 0 0 "KDE LDA" 43 5000 3.11616161616162
329.63 18.67 0 0 "KDE LDA" 43 5000 3.12626262626263
330.335 18.695 0 0 "KDE LDA" 43 5000 3.13636363636364
333.685 18.76 0 0 "KDE LDA" 43 5000 3.14646464646465
336.54 18.8 0 0 "KDE LDA" 43 5000 3.15656565656566
337.58 18.805 0 0 "KDE LDA" 43 5000 3.16666666666667
338.57 18.92 0 0 "KDE LDA" 43 5000 3.17676767676768
339.84 19.11 0 0 "KDE LDA" 43 5000 3.18686868686869
345.02 19.13 0 0 "KDE LDA" 43 5000 3.1969696969697
356.25 19.375 0 0 "KDE LDA" 43 5000 3.20707070707071
360.07 19.415 0 0 "KDE LDA" 43 5000 3.21717171717172
366.905 19.835 0 0 "KDE LDA" 43 5000 3.22727272727273
370.95 19.87 0 0 "KDE LDA" 43 5000 3.23737373737374
370.975 19.89 0 0 "KDE LDA" 43 5000 3.24747474747475
371.67 19.915 0 0 "KDE LDA" 43 5000 3.25757575757576
372.66 19.93 0 0 "KDE LDA" 43 5000 3.26767676767677
387.905 20.01 0 0 "KDE LDA" 43 5000 3.27777777777778
387.93 20.145 0 0 "KDE LDA" 43 5000 3.28787878787879
389.255 20.16 0 0 "KDE LDA" 43 5000 3.2979797979798
390.11 20.405 0 0 "KDE LDA" 43 5000 3.30808080808081
395.29 20.48 0 0 "KDE LDA" 43 5000 3.31818181818182
405.44 20.68 0 0 "KDE LDA" 43 5000 3.32828282828283
417.52 20.72 0 0 "KDE LDA" 43 5000 3.33838383838384
422.505 20.795 0 0 "KDE LDA" 43 5000 3.34848484848485
465.53 21 0 0 "KDE LDA" 43 5000 3.35858585858586
465.56 21.02 0 0 "KDE LDA" 43 5000 3.36868686868687
472.245 21.03 0 0 "KDE LDA" 43 5000 3.37878787878788
474.69 21.035 0 0 "KDE LDA" 43 5000 3.38888888888889
474.695 21.06 0 0 "KDE LDA" 43 5000 3.3989898989899
481.21 21.095 0 0 "KDE LDA" 43 5000 3.40909090909091
481.22 21.095 0 0 "KDE LDA" 43 5000 3.41919191919192
486.16 21.1 0 0 "KDE LDA" 43 5000 3.42929292929293
487.175 21.16 0 0 "KDE LDA" 43 5000 3.43939393939394
487.18 21.195 0 0 "KDE LDA" 43 5000 3.44949494949495
497.44 21.215 0 0 "KDE LDA" 43 5000 3.45959595959596
503.295 21.24 0 0 "KDE LDA" 43 5000 3.46969696969697
506.95 21.425 0 0 "KDE LDA" 43 5000 3.47979797979798
508.82 21.46 0 0 "KDE LDA" 43 5000 3.48989898989899
513.065 21.51 0 0 "KDE LDA" 43 5000 3.5
107.325 12.69 0 0 "KDE QDA" 43 5000 2.7
107.335 12.69 0 0 "KDE QDA" 43 5000 2.71010101010101
107.335 12.69 0 0 "KDE QDA" 43 5000 2.72020202020202
107.335 12.69 0 0 "KDE QDA" 43 5000 2.73030303030303
107.335 12.69 0 0 "KDE QDA" 43 5000 2.74040404040404
107.335 12.69 0 0 "KDE QDA" 43 5000 2.75050505050505
107.335 12.69 0 0 "KDE QDA" 43 5000 2.76060606060606
107.335 12.69 0 0 "KDE QDA" 43 5000 2.77070707070707
107.335 12.69 0 0 "KDE QDA" 43 5000 2.78080808080808
107.335 12.69 0 0 "KDE QDA" 43 5000 2.79090909090909
134.365 13.775 0 0 "KDE QDA" 43 5000 2.8010101010101
134.365 13.775 0 0 "KDE QDA" 43 5000 2.81111111111111
134.365 13.775 0 0 "KDE QDA" 43 5000 2.82121212121212
144.32 14.01 0 0 "KDE QDA" 43 5000 2.83131313131313
144.32 14.105 0 0 "KDE QDA" 43 5000 2.84141414141414
146.05 14.16 0 0 "KDE QDA" 43 5000 2.85151515151515
150.24 14.16 0 0 "KDE QDA" 43 5000 2.86161616161616
150.24 14.16 0 0 "KDE QDA" 43 5000 2.87171717171717
150.32 14.16 0 0 "KDE QDA" 43 5000 2.88181818181818
150.32 14.17 0 0 "KDE QDA" 43 5000 2.89191919191919
150.32 14.175 0 0 "KDE QDA" 43 5000 2.9020202020202
150.32 14.175 0 0 "KDE QDA" 43 5000 2.91212121212121
150.32 14.175 0 0 "KDE QDA" 43 5000 2.92222222222222
150.335 14.175 0 0 "KDE QDA" 43 5000 2.93232323232323
150.335 14.175 0 0 "KDE QDA" 43 5000 2.94242424242424
151.19 14.175 0 0 "KDE QDA" 43 5000 2.95252525252525
162.76 14.355 0 0 "KDE QDA" 43 5000 2.96262626262626
162.76 14.355 0 0 "KDE QDA" 43 5000 2.97272727272727
162.8 14.37 0 0 "KDE QDA" 43 5000 2.98282828282828
162.8 14.375 0 0 "KDE QDA" 43 5000 2.99292929292929
164.75 14.375 0 0 "KDE QDA" 43 5000 3.0030303030303
164.775 14.375 0 0 "KDE QDA" 43 5000 3.01313131313131
164.775 14.375 0 0 "KDE QDA" 43 5000 3.02323232323232
164.775 14.38 0 0 "KDE QDA" 43 5000 3.03333333333333
164.775 14.38 0 0 "KDE QDA" 43 5000 3.04343434343434
164.775 14.38 0 0 "KDE QDA" 43 5000 3.05353535353535
164.78 14.38 0 0 "KDE QDA" 43 5000 3.06363636363636
164.78 14.38 0 0 "KDE QDA" 43 5000 3.07373737373737
164.78 14.38 0 0 "KDE QDA" 43 5000 3.08383838383838
176.5 14.89 0 0 "KDE QDA" 43 5000 3.09393939393939
177.04 14.935 0 0 "KDE QDA" 43 5000 3.1040404040404
177.04 14.935 0 0 "KDE QDA" 43 5000 3.11414141414141
180.775 14.96 0 0 "KDE QDA" 43 5000 3.12424242424242
180.775 14.96 0 0 "KDE QDA" 43 5000 3.13434343434343
180.78 14.98 0 0 "KDE QDA" 43 5000 3.14444444444444
180.78 14.98 0 0 "KDE QDA" 43 5000 3.15454545454545
180.78 14.995 0 0 "KDE QDA" 43 5000 3.16464646464646
182.015 14.995 0 0 "KDE QDA" 43 5000 3.17474747474748
182.015 15.06 0 0 "KDE QDA" 43 5000 3.18484848484849
182.015 15.06 0 0 "KDE QDA" 43 5000 3.19494949494949
182.015 15.06 0 0 "KDE QDA" 43 5000 3.20505050505051
182.02 15.06 0 0 "KDE QDA" 43 5000 3.21515151515152
207.895 16.185 0 0 "KDE QDA" 43 5000 3.22525252525253
209.82 16.235 0 0 "KDE QDA" 43 5000 3.23535353535354
209.82 16.235 0 0 "KDE QDA" 43 5000 3.24545454545455
213.595 16.32 0 0 "KDE QDA" 43 5000 3.25555555555556
213.6 16.32 0 0 "KDE QDA" 43 5000 3.26565656565657
217.53 16.325 0 0 "KDE QDA" 43 5000 3.27575757575758
217.53 16.325 0 0 "KDE QDA" 43 5000 3.28585858585859
217.53 16.325 0 0 "KDE QDA" 43 5000 3.2959595959596
218.41 16.325 0 0 "KDE QDA" 43 5000 3.30606060606061
218.41 16.325 0 0 "KDE QDA" 43 5000 3.31616161616162
218.41 16.325 0 0 "KDE QDA" 43 5000 3.32626262626263
218.41 16.325 0 0 "KDE QDA" 43 5000 3.33636363636364
218.41 16.325 0 0 "KDE QDA" 43 5000 3.34646464646465
218.415 16.325 0 0 "KDE QDA" 43 5000 3.35656565656566
244.36 17.385 0 0 "KDE QDA" 43 5000 3.36666666666667
245.135 17.385 0 0 "KDE QDA" 43 5000 3.37676767676768
258.055 17.57 0 0 "KDE QDA" 43 5000 3.38686868686869
259.73 17.59 0 0 "KDE QDA" 43 5000 3.3969696969697
262.205 17.59 0 0 "KDE QDA" 43 5000 3.40707070707071
262.79 17.65 0 0 "KDE QDA" 43 5000 3.41717171717172
262.795 17.65 0 0 "KDE QDA" 43 5000 3.42727272727273
262.795 17.65 0 0 "KDE QDA" 43 5000 3.43737373737374
262.795 17.695 0 0 "KDE QDA" 43 5000 3.44747474747475
265.19 17.715 0 0 "KDE QDA" 43 5000 3.45757575757576
265.19 17.715 0 0 "KDE QDA" 43 5000 3.46767676767677
265.19 17.74 0 0 "KDE QDA" 43 5000 3.47777777777778
265.19 17.74 0 0 "KDE QDA" 43 5000 3.48787878787879
265.19 17.74 0 0 "KDE QDA" 43 5000 3.4979797979798
269.91 17.74 0 0 "KDE QDA" 43 5000 3.50808080808081
291.97 18.03 0 0 "KDE QDA" 43 5000 3.51818181818182
291.97 18.055 0 0 "KDE QDA" 43 5000 3.52828282828283
293.735 18.055 0 0 "KDE QDA" 43 5000 3.53838383838384
303.185 18.095 0 0 "KDE QDA" 43 5000 3.54848484848485
303.185 18.095 0 0 "KDE QDA" 43 5000 3.55858585858586
303.19 18.105 0 0 "KDE QDA" 43 5000 3.56868686868687
310.06 18.105 0 0 "KDE QDA" 43 5000 3.57878787878788
310.06 18.18 0 0 "KDE QDA" 43 5000 3.58888888888889
310.06 18.18 0 0 "KDE QDA" 43 5000 3.5989898989899
310.06 18.18 0 0 "KDE QDA" 43 5000 3.60909090909091
310.06 18.18 0 0 "KDE QDA" 43 5000 3.61919191919192
310.065 18.185 0 0 "KDE QDA" 43 5000 3.62929292929293
310.07 18.185 0 0 "KDE QDA" 43 5000 3.63939393939394
310.105 18.19 0 0 "KDE QDA" 43 5000 3.64949494949495
334.8 18.485 0 0 "KDE QDA" 43 5000 3.65959595959596
334.8 18.485 0 0 "KDE QDA" 43 5000 3.66969696969697
336.885 18.685 0 0 "KDE QDA" 43 5000 3.67979797979798
338.71 18.685 0 0 "KDE QDA" 43 5000 3.68989898989899
338.71 18.695 0 0 "KDE QDA" 43 5000 3.7
