100.047 20.707 0 0 97.4183510747648 15.792991153343 "LDA" 32 200 1.5
106.737 21.358 0 0 102.564034691563 16.2472708418925 "LDA" 32 200 1.53535353535354
113.01 21.982 0 0 109.175808937957 16.8856981733893 "LDA" 32 200 1.57070707070707
119.702 22.684 0 0 116.839165465124 17.4105505734676 "LDA" 32 200 1.60606060606061
125.442 23.398 0 0 120.988076895001 17.7282793267674 "LDA" 32 200 1.64141414141414
134.726 23.878 0 0 129.267354629748 17.935685233768 "LDA" 32 200 1.67676767676768
143.872 24.715 0 0 136.45049781644 18.7609100724551 "LDA" 32 200 1.71212121212121
150.257 25.381 0 0 140.5670304198 19.1374523142732 "LDA" 32 200 1.74747474747475
158.226 26.287 0 0 146.22868306783 19.8810937548438 "LDA" 32 200 1.78282828282828
166.832 26.829 0 0 154.439007971377 20.0171037726101 "LDA" 32 200 1.81818181818182
177.246 27.724 0 0 161.845739911582 20.6095263549791 "LDA" 32 200 1.85353535353535
189.592 28.513 0 0 170.670976203097 21.2283884333097 "LDA" 32 200 1.88888888888889
199.082 29.256 0 0 178.543370112169 21.6777856431507 "LDA" 32 200 1.92424242424242
208.695 30.088 0 0 187.829241064321 22.1100228201852 "LDA" 32 200 1.95959595959596
218.533 30.904 0 0 193.881574617022 22.5862551770523 "LDA" 32 200 1.99494949494949
234.462 31.84 0 0 214.410938635618 23.218386970104 "LDA" 32 200 2.03030303030303
253.034 32.587 0 0 234.397416779693 23.712754494696 "LDA" 32 200 2.06565656565657
268.544 33.638 0 0 251.419987419604 25.1153685566774 "LDA" 32 200 2.1010101010101
286.859 34.456 0 0 269.068085721354 25.6049932567786 "LDA" 32 200 2.13636363636364
306.037 35.437 0 0 290.505371726586 26.3771830714879 "LDA" 32 200 2.17171717171717
322.032 35.938 0 0 307.214520714334 26.4984966804973 "LDA" 32 200 2.20707070707071
339.361 36.507 0 0 323.025367528724 26.6906789599542 "LDA" 32 200 2.24242424242424
360.679 37.342 0 0 342.435681778572 27.4131449585143 "LDA" 32 200 2.27777777777778
380.718 38.254 0 0 365.442869634868 27.9144173985183 "LDA" 32 200 2.31313131313131
397.51 39.108 0 0 377.493508883596 28.1953775522747 "LDA" 32 200 2.34848484848485
427.601 39.624 0 0 402.151568047027 28.6099484996592 "LDA" 32 200 2.38383838383838
452.331 40.831 0 0 422.260373776965 29.794733849544 "LDA" 32 200 2.41919191919192
478.508 41.61 0 0 445.812997976915 30.2809649257886 "LDA" 32 200 2.45454545454545
503.983 42.099 0 0 473.885135695173 30.4575583699984 "LDA" 32 200 2.48989898989899
541.81 42.845 0 0 525.067448739422 30.8773766273527 "LDA" 32 200 2.52525252525253
565.341 43.533 0 0 547.00953387409 31.3800831837747 "LDA" 32 200 2.56060606060606
593.018 44.543 0 0 577.872558935247 32.0603183860519 "LDA" 32 200 2.5959595959596
618.488 45.047 0 0 595.977139332212 32.1799991196915 "LDA" 32 200 2.63131313131313
649.085 45.781 0 0 622.129746271786 32.5456642159791 "LDA" 32 200 2.66666666666667
686.539 46.501 0 0 642.157964468502 32.5922422250028 "LDA" 32 200 2.7020202020202
723.504 47.136 0 0 677.341488080773 32.9545065735098 "LDA" 32 200 2.73737373737374
766.941 48.028 0 0 717.25735104398 33.6156991780809 "LDA" 32 200 2.77272727272727
792 48.92 0 0 743.64307771069 34.9684771529215 "LDA" 32 200 2.80808080808081
824.977 49.939 0 0 785.232642453034 35.4420289545677 "LDA" 32 200 2.84343434343434
864.7 50.447 0 0 820.344533201236 35.6979766448539 "LDA" 32 200 2.87878787878788
929.398 51.289 0 0 927.642602727146 36.1529046068433 "LDA" 32 200 2.91414141414141
961.455 52.434 0 0 945.21637944916 36.9794418984809 "LDA" 32 200 2.94949494949495
1014.314 53.12 0 0 1013.2828319386 37.2719841275025 "LDA" 32 200 2.98484848484848
1080.02 53.931 0 0 1070.54277047833 37.6301776406818 "LDA" 32 200 3.02020202020202
1133.70870870871 54.942 1 0 1104.08394742436 37.9262314900259 "LDA" 32 200 3.05555555555556
1196.35235235235 55.877 1 0 1143.52101274316 38.4230425812585 "LDA" 32 200 3.09090909090909
1252.97294589178 57.006 2 0 1179.28615942313 38.915245860207 "LDA" 32 200 3.12626262626263
1336.0220661986 57.851 3 0 1267.52733687025 39.3381530996219 "LDA" 32 200 3.16161616161616
1393.59478435306 58.353 3 0 1318.34636604206 39.3924123804719 "LDA" 32 200 3.1969696969697
1429.39156626506 58.981 4 0 1349.88420470785 39.654269632665 "LDA" 32 200 3.23232323232323
1515.33734939759 59.806 4 0 1410.84799926703 40.1772644237581 "LDA" 32 200 3.26767676767677
1601.31086519115 60.837 6 0 1485.82841726138 41.4283808727995 "LDA" 32 200 3.3030303030303
1695.90342052314 61.659 6 0 1569.92654933937 41.6679365452135 "LDA" 32 200 3.33838383838384
1809.10797174571 62.359 9 0 1688.10531154777 41.7771642222213 "LDA" 32 200 3.37373737373737
1871.47171717172 63.169 10 0 1712.580518712 41.9879199821142 "LDA" 32 200 3.40909090909091
1967.84210526316 64.296 12 0 1800.05689355331 43.5040111137236 "LDA" 32 200 3.44444444444444
2087.61866125761 65.208 14 0 1918.16342750981 43.7878306166235 "LDA" 32 200 3.47979797979798
2153.07926829268 65.942 16 0 1957.19445173166 44.0001892342823 "LDA" 32 200 3.51515151515152
2233.94908350306 67.136 18 0 2013.77555582789 44.6407246614378 "LDA" 32 200 3.55050505050505
2321.25408163265 67.645 20 0 2083.05631306626 44.8552445982403 "LDA" 32 200 3.58585858585859
2428.90051282051 68.47 25 0 2167.16599432784 45.5113434473471 "LDA" 32 200 3.62121212121212
2511.84172661871 69.145 27 0 2226.63128613356 45.8562839071569 "LDA" 32 200 3.65656565656566
2619.96697626419 70.152 31 0 2292.54051600039 46.0565098340951 "LDA" 32 200 3.69191919191919
2700.98961578401 71.014 37 0 2318.56320613616 46.232859324092 "LDA" 32 200 3.72727272727273
2799.67291666667 71.87 40 0 2380.48234071337 46.6140748269444 "LDA" 32 200 3.76262626262626
2928.51153039832 72.885 46 0 2452.81472216146 47.0485636586532 "LDA" 32 200 3.7979797979798
2969.72399150743 73.966 58 0 2468.34459067582 47.6776677701836 "LDA" 32 200 3.83333333333333
3059.32618025751 74.796 68 0 2493.84469674293 48.0925698968071 "LDA" 32 200 3.86868686868687
3155.5523193096 75.733 73 0 2510.24030094333 48.6874334626213 "LDA" 32 200 3.9040404040404
3229.33296823658 76.476 87 0 2532.19945064962 48.9578624563644 "LDA" 32 200 3.93939393939394
3331.16499442586 77.192 103 0 2596.63127092035 49.1808284790922 "LDA" 32 200 3.97474747474747
3405.32134831461 77.913 110 0 2610.53199524425 49.3942833354856 "LDA" 32 200 4.01010101010101
3457.92898052692 78.8 127 0 2599.38330009678 49.6825558557162 "LDA" 32 200 4.04545454545454
3489.93647058824 79.947 150 0 2597.62079748031 51.3187861197906 "LDA" 32 200 4.08080808080808
3597.49101796407 81.083 165 0 2647.656708107 51.9762025992342 "LDA" 32 200 4.11616161616162
3649.23312883436 82.106 185 0 2663.61506986736 52.7646175847875 "LDA" 32 200 4.15151515151515
3747.28464419476 83.121 199 0 2684.45560055971 53.3195961944419 "LDA" 32 200 4.18686868686869
3803.26242038217 84.377 215 0 2704.57448319127 54.3114039553352 "LDA" 32 200 4.22222222222222
3852.32853403141 85.581 236 0 2735.46783397136 55.0547587903668 "LDA" 32 200 4.25757575757576
3899.45710455764 86.319 254 0 2756.54103385237 55.0662831007735 "LDA" 32 200 4.29292929292929
3944.30303030303 87.379 274 0 2743.67162238746 56.0056067459945 "LDA" 32 200 4.32828282828283
4017.56453900709 87.961 295 0 2766.80337975192 56.3252520013272 "LDA" 32 200 4.36363636363636
4084.03309352518 88.554 305 0 2790.41321200211 56.4127244465243 "LDA" 32 200 4.3989898989899
4125.62426035503 90.666 324 0 2822.49990389716 61.2770047841384 "LDA" 32 200 4.43434343434343
4187.62423312883 91.814 348 0 2831.4325101989 61.7570022858245 "LDA" 32 200 4.46969696969697
4219.84518167457 92.315 367 0 2814.69487656216 62.0804619728201 "LDA" 32 200 4.50505050505051
4244.88529886914 92.878 381 0 2828.81358393366 62.1272316211572 "LDA" 32 200 4.54040404040404
4299.41946308725 94.045 404 0 2829.9579351134 63.1450415414486 "LDA" 32 200 4.57575757575758
4337.97227036395 94.948 423 0 2833.10205598852 63.5166565686644 "LDA" 32 200 4.61111111111111
4377.79783393502 95.8 446 0 2848.23968204233 63.6668789204518 "LDA" 32 200 4.64646464646465
4416.47319778189 96.478 459 0 2852.16433311207 64.2556012990175 "LDA" 32 200 4.68181818181818
4406.81835564054 97.416 477 0 2846.36821154217 65.1406497376887 "LDA" 32 200 4.71717171717172
4402.53174603175 98.698 496 0 2858.09817603959 65.7917270433551 "LDA" 32 200 4.75252525252525
4464.99593495935 99.719 508 0 2868.57116869734 66.6735885220408 "LDA" 32 200 4.78787878787879
4475.56631578947 100.641 525 0 2860.60620536174 67.0860242796788 "LDA" 32 200 4.82323232323232
4500.73741794311 101.62 543 0 2878.41691630267 67.3055840301653 "LDA" 32 200 4.85858585858586
4586.61764705882 102.842 558 0 2879.97636217244 67.9695438773492 "LDA" 32 200 4.89393939393939
4627.49882903981 103.316 573 0 2882.04329933191 68.0392201563148 "LDA" 32 200 4.92929292929293
4600.69397590361 104.249 585 0 2856.38547232504 68.196229549182 "LDA" 32 200 4.96464646464646
4624.84962406015 105.606 601 0 2861.74535113053 68.8683789385057 "LDA" 32 200 5
85.182 73.741 0 0 17.8261225914849 16.9028288941415 "uLSIF" 32 200 1.5
87.093 75.524 0 0 17.9739092134241 16.9979514752324 "uLSIF" 32 200 1.53535353535354
88.982 77.33 0 0 18.1096005928798 17.1971754321122 "uLSIF" 32 200 1.57070707070707
90.936 79.052 0 0 18.4949173008685 17.2975866091921 "uLSIF" 32 200 1.60606060606061
92.911 80.853 0 0 18.7994281162353 17.4869432487266 "uLSIF" 32 200 1.64141414141414
95.017 82.495 0 0 19.0889260593177 17.7214001428505 "uLSIF" 32 200 1.67676767676768
97.146 84.236 0 0 19.3354737346811 17.9145537269348 "uLSIF" 32 200 1.71212121212121
99.324 85.925 0 0 19.5376750086786 18.0636006562553 "uLSIF" 32 200 1.74747474747475
101.249 87.743 0 0 19.7466688312214 18.0564943438085 "uLSIF" 32 200 1.78282828282828
103.373 89.543 0 0 19.9942401866298 18.1745003635166 "uLSIF" 32 200 1.81818181818182
105.329 91.281 0 0 20.1719028518547 18.3964253991765 "uLSIF" 32 200 1.85353535353535
107.218 92.999 0 0 20.158195078648 18.4711716786776 "uLSIF" 32 200 1.88888888888889
109.196 94.788 0 0 20.4390150774771 18.8220436011961 "uLSIF" 32 200 1.92424242424242
111.251 96.512 0 0 20.7315169438899 18.9420341214099 "uLSIF" 32 200 1.95959595959596
113.292 98.313 0 0 21.1307653729165 19.169102365147 "uLSIF" 32 200 1.99494949494949
115.31 99.957 0 0 21.1420170486376 19.2580898592001 "uLSIF" 32 200 2.03030303030303
117.316 101.69 0 0 21.2174061167317 19.3610110466563 "uLSIF" 32 200 2.06565656565657
119.294 103.49 0 0 21.4918464414639 19.6477972285937 "uLSIF" 32 200 2.1010101010101
121.245 105.086 0 0 21.6380956228172 19.7230221214093 "uLSIF" 32 200 2.13636363636364
123.501 106.808 0 0 21.9624759385036 19.9885136184929 "uLSIF" 32 200 2.17171717171717
125.558 108.471 0 0 22.2247739375809 20.1419675766261 "uLSIF" 32 200 2.20707070707071
127.484 110.308 0 0 22.3368009499274 20.3518877585185 "uLSIF" 32 200 2.24242424242424
129.378 112.06 0 0 22.359003578895 20.507485388437 "uLSIF" 32 200 2.27777777777778
131.417 113.942 0 0 22.8605274373693 20.5278842073417 "uLSIF" 32 200 2.31313131313131
133.311 115.759 0 0 22.974553512726 20.6722582525776 "uLSIF" 32 200 2.34848484848485
135.446 117.485 0 0 23.2002874408344 20.8404438316246 "uLSIF" 32 200 2.38383838383838
137.619 119.255 0 0 23.4420427516112 20.936960890524 "uLSIF" 32 200 2.41919191919192
139.485 121.027 0 0 23.6079883114193 21.0722640290812 "uLSIF" 32 200 2.45454545454545
141.439 122.699 0 0 23.8211613219576 21.1965490750899 "uLSIF" 32 200 2.48989898989899
143.359 124.47 0 0 23.7937441623058 21.4200354322283 "uLSIF" 32 200 2.52525252525253
145.27 126.169 0 0 23.8428937753701 21.470338013511 "uLSIF" 32 200 2.56060606060606
147.359 128 0 0 24.1753296888701 21.7346358238272 "uLSIF" 32 200 2.5959595959596
149.451 129.76 0 0 24.2770050041592 21.783317307355 "uLSIF" 32 200 2.63131313131313
151.57 131.491 0 0 24.4490665845724 22.1421361479238 "uLSIF" 32 200 2.66666666666667
153.682 133.23 0 0 24.575329556749 22.4640096984428 "uLSIF" 32 200 2.7020202020202
155.698 135.112 0 0 24.8035080182221 22.577138507419 "uLSIF" 32 200 2.73737373737374
157.716 136.967 0 0 25.0158977280277 22.8225936690329 "uLSIF" 32 200 2.77272727272727
159.689 138.581 0 0 25.2047526978258 22.8884538647834 "uLSIF" 32 200 2.80808080808081
161.791 140.308 0 0 25.533689280797 22.9982184973979 "uLSIF" 32 200 2.84343434343434
163.893 142.032 0 0 25.9151528289174 22.9533403196971 "uLSIF" 32 200 2.87878787878788
165.92 143.776 0 0 26.1420926669808 23.1646373687227 "uLSIF" 32 200 2.91414141414141
167.827 145.549 0 0 26.2573898459371 23.3267600994381 "uLSIF" 32 200 2.94949494949495
169.725 147.36 0 0 26.4125916941144 23.4090235247518 "uLSIF" 32 200 2.98484848484848
171.7 148.93 0 0 26.5037440458598 23.492786361158 "uLSIF" 32 200 3.02020202020202
173.585 150.731 0 0 26.5650612172733 23.6921496904978 "uLSIF" 32 200 3.05555555555556
175.636 152.574 0 0 26.6975328871838 23.7186656264449 "uLSIF" 32 200 3.09090909090909
177.807 154.178 0 0 26.695212780298 23.8316651592847 "uLSIF" 32 200 3.12626262626263
179.704 155.891 0 0 26.746471874955 23.9443615795337 "uLSIF" 32 200 3.16161616161616
181.77 157.725 0 0 26.8830392217435 24.2420100249556 "uLSIF" 32 200 3.1969696969697
183.818 159.547 0 0 27.078554690458 24.5076399397293 "uLSIF" 32 200 3.23232323232323
185.689 161.354 0 0 27.2456345788386 24.8173444305507 "uLSIF" 32 200 3.26767676767677
187.647 163.075 0 0 27.5191877913702 24.9619003978357 "uLSIF" 32 200 3.3030303030303
189.533 164.835 0 0 27.6750577202618 25.3337240170602 "uLSIF" 32 200 3.33838383838384
191.471 166.664 0 0 27.7509148006381 25.4831020971249 "uLSIF" 32 200 3.37373737373737
193.623 168.256 0 0 27.9346597655353 25.6804585229694 "uLSIF" 32 200 3.40909090909091
195.628 169.992 0 0 28.1665932084974 25.7747604115785 "uLSIF" 32 200 3.44444444444444
197.64 171.621 0 0 28.1087976353402 25.8196827055449 "uLSIF" 32 200 3.47979797979798
199.715 173.367 0 0 28.1781081831407 25.9601278740926 "uLSIF" 32 200 3.51515151515152
201.817 174.975 0 0 28.3800799847347 26.0117470767726 "uLSIF" 32 200 3.55050505050505
204.05 176.697 0 0 28.5768461544681 26.1062967448417 "uLSIF" 32 200 3.58585858585859
206.12 178.456 0 0 28.8729154268364 26.250126345089 "uLSIF" 32 200 3.62121212121212
208.342 180.181 0 0 29.0667148111015 26.4242782584782 "uLSIF" 32 200 3.65656565656566
210.367 181.841 0 0 29.145184040468 26.516312598735 "uLSIF" 32 200 3.69191919191919
212.466 183.684 0 0 29.4177539633509 26.6120338257778 "uLSIF" 32 200 3.72727272727273
214.34 185.435 0 0 29.4746527571599 26.6274444097776 "uLSIF" 32 200 3.76262626262626
216.483 187.205 0 0 29.6692766507203 26.6941482829581 "uLSIF" 32 200 3.7979797979798
218.65 188.921 0 0 29.6104758536617 26.8367093356836 "uLSIF" 32 200 3.83333333333333
220.733 190.57 0 0 29.7639312356853 26.8855338784993 "uLSIF" 32 200 3.86868686868687
222.835 192.339 0 0 29.906892135379 27.2576789191607 "uLSIF" 32 200 3.9040404040404
224.839 194.094 0 0 30.0751657450893 27.3942258077794 "uLSIF" 32 200 3.93939393939394
226.947 195.794 0 0 30.1882348029911 27.7310399115247 "uLSIF" 32 200 3.97474747474747
229.039 197.52 0 0 30.3092746718085 27.8899883730964 "uLSIF" 32 200 4.01010101010101
231.221 199.123 0 0 30.5878043143468 27.8277245432186 "uLSIF" 32 200 4.04545454545454
233.414 200.737 0 0 30.939907593299 27.8250258411931 "uLSIF" 32 200 4.08080808080808
235.428 202.542 0 0 31.1215579199912 27.9951775483915 "uLSIF" 32 200 4.11616161616162
237.517 204.183 0 0 31.1470359560721 27.9547308693534 "uLSIF" 32 200 4.15151515151515
239.516 205.978 0 0 31.1721903216545 27.8301281353865 "uLSIF" 32 200 4.18686868686869
241.476 207.846 0 0 31.3223005303013 28.0740883812536 "uLSIF" 32 200 4.22222222222222
243.488 209.593 0 0 31.4120131569209 28.2561455397009 "uLSIF" 32 200 4.25757575757576
245.504 211.385 0 0 31.7199012630263 28.2960322384684 "uLSIF" 32 200 4.29292929292929
247.412 213.181 0 0 31.6788858359603 28.5230047645896 "uLSIF" 32 200 4.32828282828283
249.437 214.923 0 0 31.8112241981503 28.6032378624556 "uLSIF" 32 200 4.36363636363636
251.517 216.712 0 0 31.9853211922559 28.778729493695 "uLSIF" 32 200 4.3989898989899
253.731 218.46 0 0 32.3812474155055 28.8063570450379 "uLSIF" 32 200 4.43434343434343
255.609 220.384 0 0 32.4713798522562 29.0053763267408 "uLSIF" 32 200 4.46969696969697
257.641 222.009 0 0 32.5045945624256 28.9123302734636 "uLSIF" 32 200 4.50505050505051
259.562 223.881 0 0 32.5689252338927 29.0800358921286 "uLSIF" 32 200 4.54040404040404
261.794 225.702 0 0 32.6296530514539 29.3374484555471 "uLSIF" 32 200 4.57575757575758
263.891 227.607 0 0 32.9235946105841 29.5182295688084 "uLSIF" 32 200 4.61111111111111
265.871 229.323 0 0 33.0955234536738 29.7031471051124 "uLSIF" 32 200 4.64646464646465
267.97 230.965 0 0 33.1858765501591 29.7967384225291 "uLSIF" 32 200 4.68181818181818
269.933 232.718 0 0 33.2138174359508 29.7235927836452 "uLSIF" 32 200 4.71717171717172
272.052 234.473 0 0 33.5529297542718 29.9384632635441 "uLSIF" 32 200 4.75252525252525
273.985 236.153 0 0 33.7331988359198 29.8684065981551 "uLSIF" 32 200 4.78787878787879
275.904 237.944 0 0 33.9036316674223 29.9169163833087 "uLSIF" 32 200 4.82323232323232
278.018 239.684 0 0 33.8874613394989 30.0651635295413 "uLSIF" 32 200 4.85858585858586
280.005 241.455 0 0 33.9329990337345 30.112833771629 "uLSIF" 32 200 4.89393939393939
282.025 243.266 0 0 34.0082774914864 30.2766232912113 "uLSIF" 32 200 4.92929292929293
284.01 244.917 0 0 34.0167464499331 30.2993756233221 "uLSIF" 32 200 4.96464646464646
285.936 246.583 0 0 34.0538039808413 30.428621592376 "uLSIF" 32 200 5
