144.61 14.41 0 0 "KDE LDA" 98 2000 2.5
147.325 14.42 0 0 "KDE LDA" 98 2000 2.51010101010101
148.675 14.44 0 0 "KDE LDA" 98 2000 2.52020202020202
151.98 14.57 0 0 "KDE LDA" 98 2000 2.53030303030303
154.925 14.61 0 0 "KDE LDA" 98 2000 2.54040404040404
155.06 14.7 0 0 "KDE LDA" 98 2000 2.55050505050505
156.545 14.705 0 0 "KDE LDA" 98 2000 2.56060606060606
159.115 14.71 0 0 "KDE LDA" 98 2000 2.57070707070707
159.115 14.745 0 0 "KDE LDA" 98 2000 2.58080808080808
159.115 14.855 0 0 "KDE LDA" 98 2000 2.59090909090909
160.625 14.865 0 0 "KDE LDA" 98 2000 2.6010101010101
161.61 15.15 0 0 "KDE LDA" 98 2000 2.61111111111111
162.115 15.16 0 0 "KDE LDA" 98 2000 2.62121212121212
162.16 15.325 0 0 "KDE LDA" 98 2000 2.63131313131313
166.26 15.475 0 0 "KDE LDA" 98 2000 2.64141414141414
168.78 15.57 0 0 "KDE LDA" 98 2000 2.65151515151515
170.46 15.825 0 0 "KDE LDA" 98 2000 2.66161616161616
176.24 15.955 0 0 "KDE LDA" 98 2000 2.67171717171717
176.455 15.96 0 0 "KDE LDA" 98 2000 2.68181818181818
177.615 16.195 0 0 "KDE LDA" 98 2000 2.69191919191919
177.74 16.22 0 0 "KDE LDA" 98 2000 2.7020202020202
179.45 16.345 0 0 "KDE LDA" 98 2000 2.71212121212121
180.055 16.355 0 0 "KDE LDA" 98 2000 2.72222222222222
180.22 16.4 0 0 "KDE LDA" 98 2000 2.73232323232323
181.045 16.48 0 0 "KDE LDA" 98 2000 2.74242424242424
182.185 16.565 0 0 "KDE LDA" 98 2000 2.75252525252525
183.765 16.655 0 0 "KDE LDA" 98 2000 2.76262626262626
185.99 16.74 0 0 "KDE LDA" 98 2000 2.77272727272727
187.905 17.065 0 0 "KDE LDA" 98 2000 2.78282828282828
197.415 17.435 0 0 "KDE LDA" 98 2000 2.79292929292929
221.01 18.03 0 0 "KDE LDA" 98 2000 2.8030303030303
221.015 18.095 0 0 "KDE LDA" 98 2000 2.81313131313131
227.195 18.285 0 0 "KDE LDA" 98 2000 2.82323232323232
230.895 18.4 0 0 "KDE LDA" 98 2000 2.83333333333333
231.085 18.405 0 0 "KDE LDA" 98 2000 2.84343434343434
237.265 18.43 0 0 "KDE LDA" 98 2000 2.85353535353535
239.32 18.455 0 0 "KDE LDA" 98 2000 2.86363636363636
239.32 18.615 0 0 "KDE LDA" 98 2000 2.87373737373737
240.02 18.62 0 0 "KDE LDA" 98 2000 2.88383838383838
241.115 18.655 0 0 "KDE LDA" 98 2000 2.89393939393939
241.12 18.675 0 0 "KDE LDA" 98 2000 2.9040404040404
242.17 18.7 0 0 "KDE LDA" 98 2000 2.91414141414141
242.19 18.77 0 0 "KDE LDA" 98 2000 2.92424242424242
244.62 18.86 0 0 "KDE LDA" 98 2000 2.93434343434343
251.24 18.88 0 0 "KDE LDA" 98 2000 2.94444444444444
255.5 18.93 0 0 "KDE LDA" 98 2000 2.95454545454545
261.93 18.995 0 0 "KDE LDA" 98 2000 2.96464646464646
263.55 19.02 0 0 "KDE LDA" 98 2000 2.97474747474747
264.895 19.06 0 0 "KDE LDA" 98 2000 2.98484848484848
268.43 19.07 0 0 "KDE LDA" 98 2000 2.99494949494949
271.91 19.08 0 0 "KDE LDA" 98 2000 3.00505050505051
271.915 19.09 0 0 "KDE LDA" 98 2000 3.01515151515152
272.69 19.11 0 0 "KDE LDA" 98 2000 3.02525252525253
275.245 19.12 0 0 "KDE LDA" 98 2000 3.03535353535354
275.245 19.145 0 0 "KDE LDA" 98 2000 3.04545454545455
276.615 19.23 0 0 "KDE LDA" 98 2000 3.05555555555556
281.715 19.265 0 0 "KDE LDA" 98 2000 3.06565656565657
282.8 19.285 0 0 "KDE LDA" 98 2000 3.07575757575758
295.7 19.345 0 0 "KDE LDA" 98 2000 3.08585858585859
303.52 19.425 0 0 "KDE LDA" 98 2000 3.0959595959596
304.01 19.56 0 0 "KDE LDA" 98 2000 3.10606060606061
305.16 19.58 0 0 "KDE LDA" 98 2000 3.11616161616162
307.195 19.755 0 0 "KDE LDA" 98 2000 3.12626262626263
321.32 19.76 0 0 "KDE LDA" 98 2000 3.13636363636364
321.37 19.78 0 0 "KDE LDA" 98 2000 3.14646464646465
322.8 19.795 0 0 "KDE LDA" 98 2000 3.15656565656566
324.13 19.95 0 0 "KDE LDA" 98 2000 3.16666666666667
325.92 20.075 0 0 "KDE LDA" 98 2000 3.17676767676768
328.24 20.095 0 0 "KDE LDA" 98 2000 3.18686868686869
334.24 20.15 0 0 "KDE LDA" 98 2000 3.1969696969697
337.625 20.295 0 0 "KDE LDA" 98 2000 3.20707070707071
347.08 20.37 0 0 "KDE LDA" 98 2000 3.21717171717172
361.91 20.57 0 0 "KDE LDA" 98 2000 3.22727272727273
361.955 20.585 0 0 "KDE LDA" 98 2000 3.23737373737374
366.58 20.585 0 0 "KDE LDA" 98 2000 3.24747474747475
366.59 20.605 0 0 "KDE LDA" 98 2000 3.25757575757576
369.81 20.675 0 0 "KDE LDA" 98 2000 3.26767676767677
369.83 20.7 0 0 "KDE LDA" 98 2000 3.27777777777778
373.46 20.8 0 0 "KDE LDA" 98 2000 3.28787878787879
376.805 21.11 0 0 "KDE LDA" 98 2000 3.2979797979798
383.13 21.19 0 0 "KDE LDA" 98 2000 3.30808080808081
384.12 21.225 0 0 "KDE LDA" 98 2000 3.31818181818182
394.025 21.29 0 0 "KDE LDA" 98 2000 3.32828282828283
397.175 21.355 0 0 "KDE LDA" 98 2000 3.33838383838384
400.43 21.46 0 0 "KDE LDA" 98 2000 3.34848484848485
432.015 21.8 0 0 "KDE LDA" 98 2000 3.35858585858586
436.78 21.925 0 0 "KDE LDA" 98 2000 3.36868686868687
445.515 21.965 0 0 "KDE LDA" 98 2000 3.37878787878788
446.485 22.22 0 0 "KDE LDA" 98 2000 3.38888888888889
455.82 22.22 0 0 "KDE LDA" 98 2000 3.3989898989899
456.99 22.365 0 0 "KDE LDA" 98 2000 3.40909090909091
457.17 22.64 0 0 "KDE LDA" 98 2000 3.41919191919192
458.105 22.655 0 0 "KDE LDA" 98 2000 3.42929292929293
458.605 22.675 0 0 "KDE LDA" 98 2000 3.43939393939394
458.99 22.705 0 0 "KDE LDA" 98 2000 3.44949494949495
461.245 22.715 0 0 "KDE LDA" 98 2000 3.45959595959596
461.245 22.74 0 0 "KDE LDA" 98 2000 3.46969696969697
461.255 22.88 0 0 "KDE LDA" 98 2000 3.47979797979798
467.36 22.98 0 0 "KDE LDA" 98 2000 3.48989898989899
478.565 23.025 0 0 "KDE LDA" 98 2000 3.5
94.075 11.675 0 0 "KDE QDA" 98 2000 2.7
94.235 11.68 0 0 "KDE QDA" 98 2000 2.71010101010101
95.06 11.68 0 0 "KDE QDA" 98 2000 2.72020202020202
95.075 11.68 0 0 "KDE QDA" 98 2000 2.73030303030303
95.075 11.685 0 0 "KDE QDA" 98 2000 2.74040404040404
95.08 11.69 0 0 "KDE QDA" 98 2000 2.75050505050505
95.7 11.69 0 0 "KDE QDA" 98 2000 2.76060606060606
95.705 11.69 0 0 "KDE QDA" 98 2000 2.77070707070707
95.705 11.69 0 0 "KDE QDA" 98 2000 2.78080808080808
95.705 11.69 0 0 "KDE QDA" 98 2000 2.79090909090909
118.975 12.3 0 0 "KDE QDA" 98 2000 2.8010101010101
118.98 12.3 0 0 "KDE QDA" 98 2000 2.81111111111111
119.04 12.3 0 0 "KDE QDA" 98 2000 2.82121212121212
127.035 12.42 0 0 "KDE QDA" 98 2000 2.83131313131313
127.035 12.42 0 0 "KDE QDA" 98 2000 2.84141414141414
127.04 12.425 0 0 "KDE QDA" 98 2000 2.85151515151515
127.04 12.445 0 0 "KDE QDA" 98 2000 2.86161616161616
127.04 12.45 0 0 "KDE QDA" 98 2000 2.87171717171717
127.04 12.46 0 0 "KDE QDA" 98 2000 2.88181818181818
127.085 12.46 0 0 "KDE QDA" 98 2000 2.89191919191919
127.09 12.46 0 0 "KDE QDA" 98 2000 2.9020202020202
128.26 12.46 0 0 "KDE QDA" 98 2000 2.91212121212121
128.265 12.46 0 0 "KDE QDA" 98 2000 2.92222222222222
128.27 12.46 0 0 "KDE QDA" 98 2000 2.93232323232323
129.405 12.46 0 0 "KDE QDA" 98 2000 2.94242424242424
129.405 12.46 0 0 "KDE QDA" 98 2000 2.95252525252525
135.96 12.625 0 0 "KDE QDA" 98 2000 2.96262626262626
137.175 12.63 0 0 "KDE QDA" 98 2000 2.97272727272727
138.43 12.645 0 0 "KDE QDA" 98 2000 2.98282828282828
139.705 12.65 0 0 "KDE QDA" 98 2000 2.99292929292929
139.71 12.65 0 0 "KDE QDA" 98 2000 3.0030303030303
140.425 12.685 0 0 "KDE QDA" 98 2000 3.01313131313131
140.545 12.685 0 0 "KDE QDA" 98 2000 3.02323232323232
140.545 12.685 0 0 "KDE QDA" 98 2000 3.03333333333333
140.57 12.685 0 0 "KDE QDA" 98 2000 3.04343434343434
144.52 12.685 0 0 "KDE QDA" 98 2000 3.05353535353535
145.945 12.685 0 0 "KDE QDA" 98 2000 3.06363636363636
145.945 12.685 0 0 "KDE QDA" 98 2000 3.07373737373737
146.24 12.685 0 0 "KDE QDA" 98 2000 3.08383838383838
153.94 12.98 0 0 "KDE QDA" 98 2000 3.09393939393939
156.47 12.995 0 0 "KDE QDA" 98 2000 3.1040404040404
157.7 13.005 0 0 "KDE QDA" 98 2000 3.11414141414141
157.705 13.015 0 0 "KDE QDA" 98 2000 3.12424242424242
157.8 13.02 0 0 "KDE QDA" 98 2000 3.13434343434343
157.805 13.02 0 0 "KDE QDA" 98 2000 3.14444444444444
157.81 13.02 0 0 "KDE QDA" 98 2000 3.15454545454545
157.845 13.03 0 0 "KDE QDA" 98 2000 3.16464646464646
157.845 13.04 0 0 "KDE QDA" 98 2000 3.17474747474748
157.85 13.04 0 0 "KDE QDA" 98 2000 3.18484848484849
157.85 13.045 0 0 "KDE QDA" 98 2000 3.19494949494949
157.855 13.045 0 0 "KDE QDA" 98 2000 3.20505050505051
157.855 13.045 0 0 "KDE QDA" 98 2000 3.21515151515152
166.33 13.555 0 0 "KDE QDA" 98 2000 3.22525252525253
169.9 13.565 0 0 "KDE QDA" 98 2000 3.23535353535354
170.455 13.57 0 0 "KDE QDA" 98 2000 3.24545454545455
172.11 13.725 0 0 "KDE QDA" 98 2000 3.25555555555556
173.195 13.725 0 0 "KDE QDA" 98 2000 3.26565656565657
181.335 13.75 0 0 "KDE QDA" 98 2000 3.27575757575758
181.335 13.79 0 0 "KDE QDA" 98 2000 3.28585858585859
182.98 13.79 0 0 "KDE QDA" 98 2000 3.2959595959596
183.535 13.795 0 0 "KDE QDA" 98 2000 3.30606060606061
184.875 13.8 0 0 "KDE QDA" 98 2000 3.31616161616162
185.56 13.8 0 0 "KDE QDA" 98 2000 3.32626262626263
185.56 13.8 0 0 "KDE QDA" 98 2000 3.33636363636364
188.12 13.8 0 0 "KDE QDA" 98 2000 3.34646464646465
189.985 13.815 0 0 "KDE QDA" 98 2000 3.35656565656566
226.625 14.665 0 0 "KDE QDA" 98 2000 3.36666666666667
226.625 14.665 0 0 "KDE QDA" 98 2000 3.37676767676768
233.18 14.885 0 0 "KDE QDA" 98 2000 3.38686868686869
238.515 14.885 0 0 "KDE QDA" 98 2000 3.3969696969697
238.765 14.885 0 0 "KDE QDA" 98 2000 3.40707070707071
241.635 14.95 0 0 "KDE QDA" 98 2000 3.41717171717172
242.205 14.955 0 0 "KDE QDA" 98 2000 3.42727272727273
242.72 14.97 0 0 "KDE QDA" 98 2000 3.43737373737374
244.93 14.985 0 0 "KDE QDA" 98 2000 3.44747474747475
244.935 14.985 0 0 "KDE QDA" 98 2000 3.45757575757576
244.95 14.985 0 0 "KDE QDA" 98 2000 3.46767676767677
245.295 15.005 0 0 "KDE QDA" 98 2000 3.47777777777778
245.465 15.005 0 0 "KDE QDA" 98 2000 3.48787878787879
246.35 15.015 0 0 "KDE QDA" 98 2000 3.4979797979798
247.335 15.015 0 0 "KDE QDA" 98 2000 3.50808080808081
262.565 15.35 0 0 "KDE QDA" 98 2000 3.51818181818182
265.815 15.36 0 0 "KDE QDA" 98 2000 3.52828282828283
266.78 15.375 0 0 "KDE QDA" 98 2000 3.53838383838384
267.435 15.425 0 0 "KDE QDA" 98 2000 3.54848484848485
267.95 15.425 0 0 "KDE QDA" 98 2000 3.55858585858586
268.455 15.425 0 0 "KDE QDA" 98 2000 3.56868686868687
268.75 15.44 0 0 "KDE QDA" 98 2000 3.57878787878788
268.75 15.44 0 0 "KDE QDA" 98 2000 3.58888888888889
268.75 15.44 0 0 "KDE QDA" 98 2000 3.5989898989899
268.755 15.475 0 0 "KDE QDA" 98 2000 3.60909090909091
268.755 15.475 0 0 "KDE QDA" 98 2000 3.61919191919192
272.3 15.475 0 0 "KDE QDA" 98 2000 3.62929292929293
272.3 15.475 0 0 "KDE QDA" 98 2000 3.63939393939394
272.34 15.48 0 0 "KDE QDA" 98 2000 3.64949494949495
288.81 15.785 0 0 "KDE QDA" 98 2000 3.65959595959596
291.245 15.835 0 0 "KDE QDA" 98 2000 3.66969696969697
292.86 15.9 0 0 "KDE QDA" 98 2000 3.67979797979798
295.615 15.905 0 0 "KDE QDA" 98 2000 3.68989898989899
295.625 16.185 0 0 "KDE QDA" 98 2000 3.7
