137.78 13.36 0 0 "KDE LDA" 38 2000 2.5
138.15 13.525 0 0 "KDE LDA" 38 2000 2.51010101010101
142.82 13.545 0 0 "KDE LDA" 38 2000 2.52020202020202
145.54 13.805 0 0 "KDE LDA" 38 2000 2.53030303030303
151.535 14.005 0 0 "KDE LDA" 38 2000 2.54040404040404
152.425 14.045 0 0 "KDE LDA" 38 2000 2.55050505050505
152.425 14.05 0 0 "KDE LDA" 38 2000 2.56060606060606
153.62 14.05 0 0 "KDE LDA" 38 2000 2.57070707070707
154.52 14.07 0 0 "KDE LDA" 38 2000 2.58080808080808
157.42 14.08 0 0 "KDE LDA" 38 2000 2.59090909090909
157.98 14.085 0 0 "KDE LDA" 38 2000 2.6010101010101
158.44 14.13 0 0 "KDE LDA" 38 2000 2.61111111111111
160.28 14.17 0 0 "KDE LDA" 38 2000 2.62121212121212
162.25 14.335 0 0 "KDE LDA" 38 2000 2.63131313131313
163.97 14.465 0 0 "KDE LDA" 38 2000 2.64141414141414
164.815 14.65 0 0 "KDE LDA" 38 2000 2.65151515151515
173.545 14.875 0 0 "KDE LDA" 38 2000 2.66161616161616
182.24 15.165 0 0 "KDE LDA" 38 2000 2.67171717171717
182.715 15.2 0 0 "KDE LDA" 38 2000 2.68181818181818
184.595 15.205 0 0 "KDE LDA" 38 2000 2.69191919191919
184.62 15.21 0 0 "KDE LDA" 38 2000 2.7020202020202
186.67 15.21 0 0 "KDE LDA" 38 2000 2.71212121212121
188.16 15.225 0 0 "KDE LDA" 38 2000 2.72222222222222
190.11 15.33 0 0 "KDE LDA" 38 2000 2.73232323232323
196.48 15.405 0 0 "KDE LDA" 38 2000 2.74242424242424
198.705 15.425 0 0 "KDE LDA" 38 2000 2.75252525252525
198.735 15.48 0 0 "KDE LDA" 38 2000 2.76262626262626
198.765 15.575 0 0 "KDE LDA" 38 2000 2.77272727272727
204.445 15.81 0 0 "KDE LDA" 38 2000 2.78282828282828
212.19 16.105 0 0 "KDE LDA" 38 2000 2.79292929292929
238.775 17.08 0 0 "KDE LDA" 38 2000 2.8030303030303
244.68 17.115 0 0 "KDE LDA" 38 2000 2.81313131313131
245.96 17.29 0 0 "KDE LDA" 38 2000 2.82323232323232
246.545 17.39 0 0 "KDE LDA" 38 2000 2.83333333333333
246.545 17.39 0 0 "KDE LDA" 38 2000 2.84343434343434
250.105 17.39 0 0 "KDE LDA" 38 2000 2.85353535353535
250.12 17.46 0 0 "KDE LDA" 38 2000 2.86363636363636
251.265 17.62 0 0 "KDE LDA" 38 2000 2.87373737373737
252.61 17.695 0 0 "KDE LDA" 38 2000 2.88383838383838
253.305 17.73 0 0 "KDE LDA" 38 2000 2.89393939393939
253.325 17.735 0 0 "KDE LDA" 38 2000 2.9040404040404
254.355 17.74 0 0 "KDE LDA" 38 2000 2.91414141414141
255.03 17.82 0 0 "KDE LDA" 38 2000 2.92424242424242
257.775 17.86 0 0 "KDE LDA" 38 2000 2.93434343434343
264.41 17.87 0 0 "KDE LDA" 38 2000 2.94444444444444
265.615 17.91 0 0 "KDE LDA" 38 2000 2.95454545454545
269.765 17.93 0 0 "KDE LDA" 38 2000 2.96464646464646
270.17 17.99 0 0 "KDE LDA" 38 2000 2.97474747474747
273.985 18.065 0 0 "KDE LDA" 38 2000 2.98484848484848
278.345 18.07 0 0 "KDE LDA" 38 2000 2.99494949494949
278.345 18.09 0 0 "KDE LDA" 38 2000 3.00505050505051
279.74 18.125 0 0 "KDE LDA" 38 2000 3.01515151515152
280.71 18.195 0 0 "KDE LDA" 38 2000 3.02525252525253
280.715 18.21 0 0 "KDE LDA" 38 2000 3.03535353535354
281.74 18.255 0 0 "KDE LDA" 38 2000 3.04545454545455
285.62 18.28 0 0 "KDE LDA" 38 2000 3.05555555555556
293.265 18.305 0 0 "KDE LDA" 38 2000 3.06565656565657
299.205 18.32 0 0 "KDE LDA" 38 2000 3.07575757575758
303.42 18.515 0 0 "KDE LDA" 38 2000 3.08585858585859
317.315 18.78 0 0 "KDE LDA" 38 2000 3.0959595959596
318.45 18.825 0 0 "KDE LDA" 38 2000 3.10606060606061
318.48 18.925 0 0 "KDE LDA" 38 2000 3.11616161616162
320.8 18.955 0 0 "KDE LDA" 38 2000 3.12626262626263
322.365 18.97 0 0 "KDE LDA" 38 2000 3.13636363636364
322.38 19.075 0 0 "KDE LDA" 38 2000 3.14646464646465
329.995 19.11 0 0 "KDE LDA" 38 2000 3.15656565656566
331.27 19.35 0 0 "KDE LDA" 38 2000 3.16666666666667
341.655 19.43 0 0 "KDE LDA" 38 2000 3.17676767676768
344.07 19.46 0 0 "KDE LDA" 38 2000 3.18686868686869
345.59 19.51 0 0 "KDE LDA" 38 2000 3.1969696969697
354.955 19.755 0 0 "KDE LDA" 38 2000 3.20707070707071
370.845 19.875 0 0 "KDE LDA" 38 2000 3.21717171717172
390.605 20.14 0 0 "KDE LDA" 38 2000 3.22727272727273
393.43 20.165 0 0 "KDE LDA" 38 2000 3.23737373737374
403.46 20.215 0 0 "KDE LDA" 38 2000 3.24747474747475
405.455 20.23 0 0 "KDE LDA" 38 2000 3.25757575757576
407.95 20.23 0 0 "KDE LDA" 38 2000 3.26767676767677
407.965 20.23 0 0 "KDE LDA" 38 2000 3.27777777777778
410.93 20.24 0 0 "KDE LDA" 38 2000 3.28787878787879
410.94 20.435 0 0 "KDE LDA" 38 2000 3.2979797979798
420.84 20.455 0 0 "KDE LDA" 38 2000 3.30808080808081
430.435 20.47 0 0 "KDE LDA" 38 2000 3.31818181818182
450.51 20.51 0 0 "KDE LDA" 38 2000 3.32828282828283
458.355 20.795 0 0 "KDE LDA" 38 2000 3.33838383838384
481.03 20.975 0 0 "KDE LDA" 38 2000 3.34848484848485
506.755 21.29 0 0 "KDE LDA" 38 2000 3.35858585858586
519.545 21.295 0 0 "KDE LDA" 38 2000 3.36868686868687
521.96 21.315 0 0 "KDE LDA" 38 2000 3.37878787878788
528.105 21.345 0 0 "KDE LDA" 38 2000 3.38888888888889
528.68 21.535 0 0 "KDE LDA" 38 2000 3.3989898989899
530.6 21.55 0 0 "KDE LDA" 38 2000 3.40909090909091
534.29 21.56 0 0 "KDE LDA" 38 2000 3.41919191919192
534.42 21.595 0 0 "KDE LDA" 38 2000 3.42929292929293
543.745 21.65 0 0 "KDE LDA" 38 2000 3.43939393939394
546.155 21.73 0 0 "KDE LDA" 38 2000 3.44949494949495
547.905 21.755 0 0 "KDE LDA" 38 2000 3.45959595959596
553.275 21.765 0 0 "KDE LDA" 38 2000 3.46969696969697
554.325 21.845 0 0 "KDE LDA" 38 2000 3.47979797979798
555.39 21.89 0 0 "KDE LDA" 38 2000 3.48989898989899
568.095 21.945 0 0 "KDE LDA" 38 2000 3.5
80.195 11.06 0 0 "KDE QDA" 38 2000 2.7
80.64 11.06 0 0 "KDE QDA" 38 2000 2.71010101010101
80.665 11.06 0 0 "KDE QDA" 38 2000 2.72020202020202
81.015 11.075 0 0 "KDE QDA" 38 2000 2.73030303030303
81.48 11.075 0 0 "KDE QDA" 38 2000 2.74040404040404
81.485 11.08 0 0 "KDE QDA" 38 2000 2.75050505050505
81.775 11.08 0 0 "KDE QDA" 38 2000 2.76060606060606
82.065 11.08 0 0 "KDE QDA" 38 2000 2.77070707070707
82.08 11.085 0 0 "KDE QDA" 38 2000 2.78080808080808
82.345 11.085 0 0 "KDE QDA" 38 2000 2.79090909090909
107.68 12.36 0 0 "KDE QDA" 38 2000 2.8010101010101
107.685 12.36 0 0 "KDE QDA" 38 2000 2.81111111111111
108.575 12.37 0 0 "KDE QDA" 38 2000 2.82121212121212
111.715 12.455 0 0 "KDE QDA" 38 2000 2.83131313131313
112.04 12.47 0 0 "KDE QDA" 38 2000 2.84141414141414
112.13 12.6 0 0 "KDE QDA" 38 2000 2.85151515151515
112.37 12.6 0 0 "KDE QDA" 38 2000 2.86161616161616
112.425 12.605 0 0 "KDE QDA" 38 2000 2.87171717171717
112.43 12.605 0 0 "KDE QDA" 38 2000 2.88181818181818
113.835 12.605 0 0 "KDE QDA" 38 2000 2.89191919191919
114.005 12.605 0 0 "KDE QDA" 38 2000 2.9020202020202
115.45 12.66 0 0 "KDE QDA" 38 2000 2.91212121212121
115.455 12.77 0 0 "KDE QDA" 38 2000 2.92222222222222
115.475 12.77 0 0 "KDE QDA" 38 2000 2.93232323232323
115.485 12.84 0 0 "KDE QDA" 38 2000 2.94242424242424
115.485 12.845 0 0 "KDE QDA" 38 2000 2.95252525252525
121.24 13.075 0 0 "KDE QDA" 38 2000 2.96262626262626
121.245 13.1 0 0 "KDE QDA" 38 2000 2.97272727272727
121.565 13.105 0 0 "KDE QDA" 38 2000 2.98282828282828
121.57 13.115 0 0 "KDE QDA" 38 2000 2.99292929292929
121.72 13.115 0 0 "KDE QDA" 38 2000 3.0030303030303
121.755 13.14 0 0 "KDE QDA" 38 2000 3.01313131313131
121.78 13.145 0 0 "KDE QDA" 38 2000 3.02323232323232
121.8 13.145 0 0 "KDE QDA" 38 2000 3.03333333333333
122.555 13.155 0 0 "KDE QDA" 38 2000 3.04343434343434
122.865 13.175 0 0 "KDE QDA" 38 2000 3.05353535353535
122.865 13.21 0 0 "KDE QDA" 38 2000 3.06363636363636
123.805 13.215 0 0 "KDE QDA" 38 2000 3.07373737373737
123.805 13.215 0 0 "KDE QDA" 38 2000 3.08383838383838
128.085 13.435 0 0 "KDE QDA" 38 2000 3.09393939393939
128.2 13.465 0 0 "KDE QDA" 38 2000 3.1040404040404
128.21 13.465 0 0 "KDE QDA" 38 2000 3.11414141414141
129.33 13.465 0 0 "KDE QDA" 38 2000 3.12424242424242
129.335 13.49 0 0 "KDE QDA" 38 2000 3.13434343434343
129.96 13.51 0 0 "KDE QDA" 38 2000 3.14444444444444
130.985 13.51 0 0 "KDE QDA" 38 2000 3.15454545454545
131.26 13.515 0 0 "KDE QDA" 38 2000 3.16464646464646
131.265 13.535 0 0 "KDE QDA" 38 2000 3.17474747474748
131.3 13.54 0 0 "KDE QDA" 38 2000 3.18484848484849
131.325 13.54 0 0 "KDE QDA" 38 2000 3.19494949494949
131.445 13.54 0 0 "KDE QDA" 38 2000 3.20505050505051
131.445 13.545 0 0 "KDE QDA" 38 2000 3.21515151515152
134.385 14.035 0 0 "KDE QDA" 38 2000 3.22525252525253
134.395 14.085 0 0 "KDE QDA" 38 2000 3.23535353535354
134.4 14.085 0 0 "KDE QDA" 38 2000 3.24545454545455
135.78 14.225 0 0 "KDE QDA" 38 2000 3.25555555555556
137.905 14.41 0 0 "KDE QDA" 38 2000 3.26565656565657
137.95 14.41 0 0 "KDE QDA" 38 2000 3.27575757575758
138.43 14.43 0 0 "KDE QDA" 38 2000 3.28585858585859
138.435 14.44 0 0 "KDE QDA" 38 2000 3.2959595959596
139.915 14.445 0 0 "KDE QDA" 38 2000 3.30606060606061
140.28 14.455 0 0 "KDE QDA" 38 2000 3.31616161616162
142.855 14.455 0 0 "KDE QDA" 38 2000 3.32626262626263
144.57 14.455 0 0 "KDE QDA" 38 2000 3.33636363636364
145.89 14.46 0 0 "KDE QDA" 38 2000 3.34646464646465
146.95 14.475 0 0 "KDE QDA" 38 2000 3.35656565656566
172.24 15.21 0 0 "KDE QDA" 38 2000 3.36666666666667
172.675 15.21 0 0 "KDE QDA" 38 2000 3.37676767676768
185 15.37 0 0 "KDE QDA" 38 2000 3.38686868686869
185.695 15.395 0 0 "KDE QDA" 38 2000 3.3969696969697
185.805 15.395 0 0 "KDE QDA" 38 2000 3.40707070707071
187.24 15.48 0 0 "KDE QDA" 38 2000 3.41717171717172
187.32 15.5 0 0 "KDE QDA" 38 2000 3.42727272727273
187.925 15.515 0 0 "KDE QDA" 38 2000 3.43737373737374
191.115 15.53 0 0 "KDE QDA" 38 2000 3.44747474747475
191.14 15.53 0 0 "KDE QDA" 38 2000 3.45757575757576
191.915 15.53 0 0 "KDE QDA" 38 2000 3.46767676767677
192.995 15.53 0 0 "KDE QDA" 38 2000 3.47777777777778
193.075 15.575 0 0 "KDE QDA" 38 2000 3.48787878787879
193.08 15.575 0 0 "KDE QDA" 38 2000 3.4979797979798
194.675 15.575 0 0 "KDE QDA" 38 2000 3.50808080808081
201.885 15.675 0 0 "KDE QDA" 38 2000 3.51818181818182
203.35 15.69 0 0 "KDE QDA" 38 2000 3.52828282828283
203.365 15.695 0 0 "KDE QDA" 38 2000 3.53838383838384
207.26 15.77 0 0 "KDE QDA" 38 2000 3.54848484848485
207.29 15.79 0 0 "KDE QDA" 38 2000 3.55858585858586
207.365 15.8 0 0 "KDE QDA" 38 2000 3.56868686868687
209.355 15.82 0 0 "KDE QDA" 38 2000 3.57878787878788
209.365 15.82 0 0 "KDE QDA" 38 2000 3.58888888888889
209.38 15.83 0 0 "KDE QDA" 38 2000 3.5989898989899
209.59 15.845 0 0 "KDE QDA" 38 2000 3.60909090909091
209.645 15.85 0 0 "KDE QDA" 38 2000 3.61919191919192
210.225 15.855 0 0 "KDE QDA" 38 2000 3.62929292929293
210.225 15.855 0 0 "KDE QDA" 38 2000 3.63939393939394
210.245 15.86 0 0 "KDE QDA" 38 2000 3.64949494949495
214.9 16.13 0 0 "KDE QDA" 38 2000 3.65959595959596
215.005 16.135 0 0 "KDE QDA" 38 2000 3.66969696969697
220.035 16.18 0 0 "KDE QDA" 38 2000 3.67979797979798
222.295 16.185 0 0 "KDE QDA" 38 2000 3.68989898989899
223.98 16.185 0 0 "KDE QDA" 38 2000 3.7
