19.667 0 15.1072280494914 "LDA" 42 1 2 1.5
20.29 0 15.5432136796575 "LDA" 42 1 2 1.53535353535354
20.95 0 16.0566283918921 "LDA" 42 1 2 1.57070707070707
21.682 0 16.5762978270074 "LDA" 42 1 2 1.60606060606061
22.472 0 17.2843271192131 "LDA" 42 1 2 1.64141414141414
23.289 0 17.8281609349457 "LDA" 42 1 2 1.67676767676768
23.931 0 18.1208886538604 "LDA" 42 1 2 1.71212121212121
24.531 0 18.6828822479051 "LDA" 42 1 2 1.74747474747475
25.218 0 19.1187866770882 "LDA" 42 1 2 1.78282828282828
25.958 0 19.7166168746309 "LDA" 42 1 2 1.81818181818182
26.745 0 20.5292334105398 "LDA" 42 1 2 1.85353535353535
27.498 0 21.1553195093703 "LDA" 42 1 2 1.88888888888889
28.282 0 21.6932033381673 "LDA" 42 1 2 1.92424242424242
29.024 0 22.1240343720782 "LDA" 42 1 2 1.95959595959596
30.233 0 23.4726580658577 "LDA" 42 1 2 1.99494949494949
30.888 0 23.9860122735061 "LDA" 42 1 2 2.03030303030303
31.691 0 24.6922097881948 "LDA" 42 1 2 2.06565656565657
32.641 0 25.1037111861038 "LDA" 42 1 2 2.1010101010101
33.441 0 25.3551849609583 "LDA" 42 1 2 2.13636363636364
34.371 0 25.9134108882614 "LDA" 42 1 2 2.17171717171717
35.253 0 26.5538339434647 "LDA" 42 1 2 2.20707070707071
36.718 0 28.0489075940083 "LDA" 42 1 2 2.24242424242424
37.654 0 28.7383398298541 "LDA" 42 1 2 2.27777777777778
38.808 0 29.7390912697337 "LDA" 42 1 2 2.31313131313131
39.794 0 30.2675021381958 "LDA" 42 1 2 2.34848484848485
40.562 0 30.8417147280654 "LDA" 42 1 2 2.38383838383838
41.61 0 31.901937772393 "LDA" 42 1 2 2.41919191919192
42.636 0 32.5542821343873 "LDA" 42 1 2 2.45454545454545
43.768 0 33.7077496784996 "LDA" 42 1 2 2.48989898989899
44.772 0 34.2111446522682 "LDA" 42 1 2 2.52525252525253
45.871 0 34.9801653937052 "LDA" 42 1 2 2.56060606060606
47.054 0 36.4489727099628 "LDA" 42 1 2 2.5959595959596
47.928 0 37.2466660270437 "LDA" 42 1 2 2.63131313131313
49.116 0 38.5076535689126 "LDA" 42 1 2 2.66666666666667
50.431 0 39.0463039589262 "LDA" 42 1 2 2.7020202020202
51.897 0 40.0257223476285 "LDA" 42 1 2 2.73737373737374
52.919 0 40.6589422954974 "LDA" 42 1 2 2.77272727272727
54.25 0 42.128069909198 "LDA" 42 1 2 2.80808080808081
55.547 0 43.0529365589195 "LDA" 42 1 2 2.84343434343434
56.456 0 43.4729796996245 "LDA" 42 1 2 2.87878787878788
57.65 0 44.1909304986706 "LDA" 42 1 2 2.91414141414141
58.596 0 45.0763425830076 "LDA" 42 1 2 2.94949494949495
59.729 0 46.2040514822388 "LDA" 42 1 2 2.98484848484848
60.301 0 46.2799549830511 "LDA" 42 1 2 3.02020202020202
61.454 0 46.9872502460581 "LDA" 42 1 2 3.05555555555556
62.631 0 46.9914783555278 "LDA" 42 1 2 3.09090909090909
63.633 0 47.4786534511409 "LDA" 42 1 2 3.12626262626263
64.591 0 48.7384771834139 "LDA" 42 1 2 3.16161616161616
66.22 0 49.7157445408922 "LDA" 42 1 2 3.1969696969697
66.994 0 50.1143633443887 "LDA" 42 1 2 3.23232323232323
68.678 0 51.8615458305664 "LDA" 42 1 2 3.26767676767677
69.723 0 52.6981723437196 "LDA" 42 1 2 3.3030303030303
71.245 0 54.4161749399486 "LDA" 42 1 2 3.33838383838384
72.749 0 55.5544624426994 "LDA" 42 1 2 3.37373737373737
73.975 0 56.4261134695744 "LDA" 42 1 2 3.40909090909091
75.293 0 57.5490316342685 "LDA" 42 1 2 3.44444444444444
76.255 0 58.075526185664 "LDA" 42 1 2 3.47979797979798
76.969 0 58.278868086687 "LDA" 42 1 2 3.51515151515152
78.553 0 60.1306651209505 "LDA" 42 1 2 3.55050505050505
79.806 0 60.7787991525534 "LDA" 42 1 2 3.58585858585859
81.019 0 61.8610493641066 "LDA" 42 1 2 3.62121212121212
82.065 0 62.2593044933526 "LDA" 42 1 2 3.65656565656566
83.096 0 62.8673770018369 "LDA" 42 1 2 3.69191919191919
84.804 0 64.9050556601737 "LDA" 42 1 2 3.72727272727273
86.431 0 66.2934390347873 "LDA" 42 1 2 3.76262626262626
88.188 0 67.4345465920404 "LDA" 42 1 2 3.7979797979798
89.574 0 68.2228912234514 "LDA" 42 1 2 3.83333333333333
91.408 0 69.1273037237828 "LDA" 42 1 2 3.86868686868687
92.904 0 70.0897093113629 "LDA" 42 1 2 3.9040404040404
94.346 0 70.6396223109965 "LDA" 42 1 2 3.93939393939394
96.228 0 71.6725957181472 "LDA" 42 1 2 3.97474747474747
96.802 0 71.6596951424433 "LDA" 42 1 2 4.01010101010101
97.623 0 72.1001338438446 "LDA" 42 1 2 4.04545454545454
98.647 0 72.6404365627302 "LDA" 42 1 2 4.08080808080808
100.875 0 74.8646651838709 "LDA" 42 1 2 4.11616161616162
102.362 0 75.332941055079 "LDA" 42 1 2 4.15151515151515
103.083 0 75.4492989212472 "LDA" 42 1 2 4.18686868686869
104.633 0 76.3478703586964 "LDA" 42 1 2 4.22222222222222
106.565 0 77.8527123472254 "LDA" 42 1 2 4.25757575757576
107.792 0 78.7733964228024 "LDA" 42 1 2 4.29292929292929
110.391 0 81.6274534709993 "LDA" 42 1 2 4.32828282828283
111.439 0 82.2704850582012 "LDA" 42 1 2 4.36363636363636
113.212 0 83.7780389828732 "LDA" 42 1 2 4.3989898989899
114.883 0 85.8605692291191 "LDA" 42 1 2 4.43434343434343
117.28 0 89.3304849171633 "LDA" 42 1 2 4.46969696969697
118.755 0 89.8534396426515 "LDA" 42 1 2 4.50505050505051
120.078 0 90.4313094991869 "LDA" 42 1 2 4.54040404040404
121.886 0 91.9886891031877 "LDA" 42 1 2 4.57575757575758
122.611 0 92.3011656707768 "LDA" 42 1 2 4.61111111111111
124.231 0 92.9024461653379 "LDA" 42 1 2 4.64646464646465
125.863 0 94.9991108487972 "LDA" 42 1 2 4.68181818181818
127.463 0 95.3501981712219 "LDA" 42 1 2 4.71717171717172
128.25 0 95.3509795928144 "LDA" 42 1 2 4.75252525252525
129.244 0 95.950554834107 "LDA" 42 1 2 4.78787878787879
131.492 0 97.3379093909696 "LDA" 42 1 2 4.82323232323232
133.709 0 99.5794174484837 "LDA" 42 1 2 4.85858585858586
135.954 0 103.407218978836 "LDA" 42 1 2 4.89393939393939
137.355 0 104.000293442067 "LDA" 42 1 2 4.92929292929293
137.998 0 104.277618968875 "LDA" 42 1 2 4.96464646464646
139.224 0 105.20282057748 "LDA" 42 1 2 5
16.374 0 11.7959853030287 "uLSIF" 42 1 2 1.5
16.879 0 12.2414955464279 "uLSIF" 42 1 2 1.53535353535354
17.555 0 12.7709855952105 "uLSIF" 42 1 2 1.57070707070707
18.046 0 13.097993794526 "uLSIF" 42 1 2 1.60606060606061
18.444 0 13.2978079282149 "uLSIF" 42 1 2 1.64141414141414
19.015 0 13.5386879375762 "uLSIF" 42 1 2 1.67676767676768
19.466 0 13.7281938836581 "uLSIF" 42 1 2 1.71212121212121
19.914 0 13.8878175202397 "uLSIF" 42 1 2 1.74747474747475
20.49 0 14.4637858495313 "uLSIF" 42 1 2 1.78282828282828
21.059 0 14.6719727980182 "uLSIF" 42 1 2 1.81818181818182
21.588 0 14.7587288096257 "uLSIF" 42 1 2 1.85353535353535
22.219 0 15.3571117036987 "uLSIF" 42 1 2 1.88888888888889
22.994 0 16.1138952963466 "uLSIF" 42 1 2 1.92424242424242
23.611 0 16.7204441404005 "uLSIF" 42 1 2 1.95959595959596
23.993 0 16.8984765440412 "uLSIF" 42 1 2 1.99494949494949
24.392 0 16.9700417889385 "uLSIF" 42 1 2 2.03030303030303
25.124 0 17.3495138153676 "uLSIF" 42 1 2 2.06565656565657
25.687 0 17.5362638994614 "uLSIF" 42 1 2 2.1010101010101
25.967 0 17.627667050567 "uLSIF" 42 1 2 2.13636363636364
26.575 0 18.242015956197 "uLSIF" 42 1 2 2.17171717171717
27.031 0 18.4762390764574 "uLSIF" 42 1 2 2.20707070707071
27.495 0 18.6607663079306 "uLSIF" 42 1 2 2.24242424242424
28.279 0 19.1807993071734 "uLSIF" 42 1 2 2.27777777777778
28.794 0 19.6810291119877 "uLSIF" 42 1 2 2.31313131313131
29.76 0 20.5539988047793 "uLSIF" 42 1 2 2.34848484848485
30.18 0 20.8091956265162 "uLSIF" 42 1 2 2.38383838383838
30.553 0 20.9491780043767 "uLSIF" 42 1 2 2.41919191919192
31.303 0 21.4581836287381 "uLSIF" 42 1 2 2.45454545454545
32.012 0 21.6438978539983 "uLSIF" 42 1 2 2.48989898989899
32.551 0 21.9722137523095 "uLSIF" 42 1 2 2.52525252525253
33.059 0 22.0357230898396 "uLSIF" 42 1 2 2.56060606060606
33.669 0 22.421779036802 "uLSIF" 42 1 2 2.5959595959596
34.307 0 22.7947439413421 "uLSIF" 42 1 2 2.63131313131313
34.813 0 22.9501359416396 "uLSIF" 42 1 2 2.66666666666667
35.671 0 23.1891029040257 "uLSIF" 42 1 2 2.7020202020202
36.434 0 23.9597519543445 "uLSIF" 42 1 2 2.73737373737374
37.173 0 25.1608453581977 "uLSIF" 42 1 2 2.77272727272727
37.76 0 25.5514633099022 "uLSIF" 42 1 2 2.80808080808081
38.434 0 26.1918624320161 "uLSIF" 42 1 2 2.84343434343434
38.98 0 26.7000841664309 "uLSIF" 42 1 2 2.87878787878788
39.449 0 26.8673641106502 "uLSIF" 42 1 2 2.91414141414141
40.46 0 28.0647114367497 "uLSIF" 42 1 2 2.94949494949495
41.249 0 29.4588666418758 "uLSIF" 42 1 2 2.98484848484848
41.786 0 29.5575007375429 "uLSIF" 42 1 2 3.02020202020202
42.455 0 29.825048340422 "uLSIF" 42 1 2 3.05555555555556
43.099 0 30.028268280004 "uLSIF" 42 1 2 3.09090909090909
43.73 0 30.6001547295021 "uLSIF" 42 1 2 3.12626262626263
44.403 0 30.7911787317031 "uLSIF" 42 1 2 3.16161616161616
45.137 0 30.9731749836624 "uLSIF" 42 1 2 3.1969696969697
45.915 0 31.5773479555187 "uLSIF" 42 1 2 3.23232323232323
46.645 0 31.862960051182 "uLSIF" 42 1 2 3.26767676767677
47.16 0 31.9710892925241 "uLSIF" 42 1 2 3.3030303030303
47.818 0 32.2551588319027 "uLSIF" 42 1 2 3.33838383838384
48.409 0 32.4610757745402 "uLSIF" 42 1 2 3.37373737373737
49.147 0 32.7161999740303 "uLSIF" 42 1 2 3.40909090909091
50.034 0 33.4773292778199 "uLSIF" 42 1 2 3.44444444444444
50.578 0 33.496625799324 "uLSIF" 42 1 2 3.47979797979798
51.862 0 34.9751371150453 "uLSIF" 42 1 2 3.51515151515152
52.174 0 35.0015833189705 "uLSIF" 42 1 2 3.55050505050505
52.89 0 35.6782684394694 "uLSIF" 42 1 2 3.58585858585859
53.453 0 35.888909217261 "uLSIF" 42 1 2 3.62121212121212
54.306 0 36.3021240178617 "uLSIF" 42 1 2 3.65656565656566
55.116 0 37.1588929776888 "uLSIF" 42 1 2 3.69191919191919
55.843 0 37.6867701407754 "uLSIF" 42 1 2 3.72727272727273
56.943 0 38.6006445640583 "uLSIF" 42 1 2 3.76262626262626
58.059 0 39.7510460826462 "uLSIF" 42 1 2 3.7979797979798
58.743 0 40.0951190242599 "uLSIF" 42 1 2 3.83333333333333
59.62 0 41.6826708002864 "uLSIF" 42 1 2 3.86868686868687
60.783 0 42.6513193939654 "uLSIF" 42 1 2 3.9040404040404
61.612 0 42.8223681177397 "uLSIF" 42 1 2 3.93939393939394
62.072 0 43.221255105479 "uLSIF" 42 1 2 3.97474747474747
63.029 0 43.6719749999974 "uLSIF" 42 1 2 4.01010101010101
63.999 0 44.4153771201453 "uLSIF" 42 1 2 4.04545454545454
64.466 0 44.4638265995615 "uLSIF" 42 1 2 4.08080808080808
65.416 0 45.1386579601392 "uLSIF" 42 1 2 4.11616161616162
66.144 0 45.8534382767727 "uLSIF" 42 1 2 4.15151515151515
66.714 0 46.3545569383308 "uLSIF" 42 1 2 4.18686868686869
67.237 0 46.4675377340253 "uLSIF" 42 1 2 4.22222222222222
68.204 0 47.1985602332114 "uLSIF" 42 1 2 4.25757575757576
69.118 0 47.8686273197956 "uLSIF" 42 1 2 4.29292929292929
69.879 0 48.1621215162803 "uLSIF" 42 1 2 4.32828282828283
70.553 0 48.3356133976028 "uLSIF" 42 1 2 4.36363636363636
71.684 0 48.9539644424702 "uLSIF" 42 1 2 4.3989898989899
72.813 0 51.4548893365503 "uLSIF" 42 1 2 4.43434343434343
74.135 0 52.8465280839766 "uLSIF" 42 1 2 4.46969696969697
74.638 0 52.8598251710798 "uLSIF" 42 1 2 4.50505050505051
75.822 0 53.9770120869415 "uLSIF" 42 1 2 4.54040404040404
77.526 0 55.7253320908601 "uLSIF" 42 1 2 4.57575757575758
77.931 0 55.7516500696211 "uLSIF" 42 1 2 4.61111111111111
78.746 0 56.0803395896324 "uLSIF" 42 1 2 4.64646464646465
79.594 0 56.8942010587557 "uLSIF" 42 1 2 4.68181818181818
80.359 0 57.1529577500551 "uLSIF" 42 1 2 4.71717171717172
81.259 0 58.1123994511496 "uLSIF" 42 1 2 4.75252525252525
82.343 0 58.8025432280789 "uLSIF" 42 1 2 4.78787878787879
83.038 0 59.1720532674665 "uLSIF" 42 1 2 4.82323232323232
84.295 0 60.3983272362152 "uLSIF" 42 1 2 4.85858585858586
85.507 0 61.1711685589123 "uLSIF" 42 1 2 4.89393939393939
85.996 0 61.5139817761292 "uLSIF" 42 1 2 4.92929292929293
86.726 0 61.6810300941341 "uLSIF" 42 1 2 4.96464646464646
87.452 0 61.8869266298439 "uLSIF" 42 1 2 5
