142.5 14.655 0 0 "KDE LDA" 119 1000 2.5
142.63 14.675 0 0 "KDE LDA" 119 1000 2.51010101010101
143.47 14.685 0 0 "KDE LDA" 119 1000 2.52020202020202
147.84 14.825 0 0 "KDE LDA" 119 1000 2.53030303030303
149.645 14.955 0 0 "KDE LDA" 119 1000 2.54040404040404
151.445 15.15 0 0 "KDE LDA" 119 1000 2.55050505050505
151.455 15.21 0 0 "KDE LDA" 119 1000 2.56060606060606
151.48 15.245 0 0 "KDE LDA" 119 1000 2.57070707070707
151.495 15.27 0 0 "KDE LDA" 119 1000 2.58080808080808
154.705 15.29 0 0 "KDE LDA" 119 1000 2.59090909090909
155.58 15.38 0 0 "KDE LDA" 119 1000 2.6010101010101
157.535 15.405 0 0 "KDE LDA" 119 1000 2.61111111111111
157.55 15.415 0 0 "KDE LDA" 119 1000 2.62121212121212
158.16 15.42 0 0 "KDE LDA" 119 1000 2.63131313131313
160.335 15.44 0 0 "KDE LDA" 119 1000 2.64141414141414
161.355 15.49 0 0 "KDE LDA" 119 1000 2.65151515151515
169.02 15.605 0 0 "KDE LDA" 119 1000 2.66161616161616
188.43 15.93 0 0 "KDE LDA" 119 1000 2.67171717171717
191.51 15.945 0 0 "KDE LDA" 119 1000 2.68181818181818
194.39 15.975 0 0 "KDE LDA" 119 1000 2.69191919191919
194.395 15.98 0 0 "KDE LDA" 119 1000 2.7020202020202
195.265 15.99 0 0 "KDE LDA" 119 1000 2.71212121212121
198.545 15.995 0 0 "KDE LDA" 119 1000 2.72222222222222
203.255 16.02 0 0 "KDE LDA" 119 1000 2.73232323232323
203.565 16.09 0 0 "KDE LDA" 119 1000 2.74242424242424
206.33 16.13 0 0 "KDE LDA" 119 1000 2.75252525252525
207.46 16.37 0 0 "KDE LDA" 119 1000 2.76262626262626
207.905 16.395 0 0 "KDE LDA" 119 1000 2.77272727272727
209.285 16.6 0 0 "KDE LDA" 119 1000 2.78282828282828
211.595 16.83 0 0 "KDE LDA" 119 1000 2.79292929292929
251.33 17.77 0 0 "KDE LDA" 119 1000 2.8030303030303
251.335 17.78 0 0 "KDE LDA" 119 1000 2.81313131313131
258.11 17.83 0 0 "KDE LDA" 119 1000 2.82323232323232
261.965 17.86 0 0 "KDE LDA" 119 1000 2.83333333333333
266.875 17.875 0 0 "KDE LDA" 119 1000 2.84343434343434
267.83 17.9 0 0 "KDE LDA" 119 1000 2.85353535353535
267.83 17.99 0 0 "KDE LDA" 119 1000 2.86363636363636
268.035 18.09 0 0 "KDE LDA" 119 1000 2.87373737373737
268.04 18.09 0 0 "KDE LDA" 119 1000 2.88383838383838
268.28 18.15 0 0 "KDE LDA" 119 1000 2.89393939393939
268.295 18.17 0 0 "KDE LDA" 119 1000 2.9040404040404
269.075 18.225 0 0 "KDE LDA" 119 1000 2.91414141414141
274.1 18.36 0 0 "KDE LDA" 119 1000 2.92424242424242
276.21 18.36 0 0 "KDE LDA" 119 1000 2.93434343434343
276.485 18.475 0 0 "KDE LDA" 119 1000 2.94444444444444
279.29 18.555 0 0 "KDE LDA" 119 1000 2.95454545454545
284.145 18.575 0 0 "KDE LDA" 119 1000 2.96464646464646
285.375 18.65 0 0 "KDE LDA" 119 1000 2.97474747474747
288.105 18.98 0 0 "KDE LDA" 119 1000 2.98484848484848
289.42 19.01 0 0 "KDE LDA" 119 1000 2.99494949494949
289.44 19.03 0 0 "KDE LDA" 119 1000 3.00505050505051
289.95 19.04 0 0 "KDE LDA" 119 1000 3.01515151515152
290.43 19.07 0 0 "KDE LDA" 119 1000 3.02525252525253
293.145 19.105 0 0 "KDE LDA" 119 1000 3.03535353535354
295.76 19.115 0 0 "KDE LDA" 119 1000 3.04545454545455
305.545 19.18 0 0 "KDE LDA" 119 1000 3.05555555555556
312.59 19.23 0 0 "KDE LDA" 119 1000 3.06565656565657
314.77 19.385 0 0 "KDE LDA" 119 1000 3.07575757575758
324.91 19.49 0 0 "KDE LDA" 119 1000 3.08585858585859
329.605 19.555 0 0 "KDE LDA" 119 1000 3.0959595959596
331.98 19.58 0 0 "KDE LDA" 119 1000 3.10606060606061
333.96 19.705 0 0 "KDE LDA" 119 1000 3.11616161616162
337.11 19.735 0 0 "KDE LDA" 119 1000 3.12626262626263
339.74 19.77 0 0 "KDE LDA" 119 1000 3.13636363636364
339.755 19.92 0 0 "KDE LDA" 119 1000 3.14646464646465
339.76 19.95 0 0 "KDE LDA" 119 1000 3.15656565656566
342.28 19.955 0 0 "KDE LDA" 119 1000 3.16666666666667
344.995 19.965 0 0 "KDE LDA" 119 1000 3.17676767676768
353.425 19.975 0 0 "KDE LDA" 119 1000 3.18686868686869
366.205 20.045 0 0 "KDE LDA" 119 1000 3.1969696969697
379.38 20.165 0 0 "KDE LDA" 119 1000 3.20707070707071
386.135 20.205 0 0 "KDE LDA" 119 1000 3.21717171717172
404.755 20.525 0 0 "KDE LDA" 119 1000 3.22727272727273
404.765 20.565 0 0 "KDE LDA" 119 1000 3.23737373737374
407.565 20.595 0 0 "KDE LDA" 119 1000 3.24747474747475
408.685 20.92 0 0 "KDE LDA" 119 1000 3.25757575757576
409.65 20.935 0 0 "KDE LDA" 119 1000 3.26767676767677
410.855 20.945 0 0 "KDE LDA" 119 1000 3.27777777777778
410.93 21.07 0 0 "KDE LDA" 119 1000 3.28787878787879
418.775 21.075 0 0 "KDE LDA" 119 1000 3.2979797979798
423.64 21.095 0 0 "KDE LDA" 119 1000 3.30808080808081
429.87 21.095 0 0 "KDE LDA" 119 1000 3.31818181818182
434.24 21.175 0 0 "KDE LDA" 119 1000 3.32828282828283
449.605 21.245 0 0 "KDE LDA" 119 1000 3.33838383838384
455.335 21.325 0 0 "KDE LDA" 119 1000 3.34848484848485
516.805 21.805 0 0 "KDE LDA" 119 1000 3.35858585858586
517.815 22.185 0 0 "KDE LDA" 119 1000 3.36868686868687
543.39 22.345 0 0 "KDE LDA" 119 1000 3.37878787878788
547.465 22.425 0 0 "KDE LDA" 119 1000 3.38888888888889
549.285 22.51 0 0 "KDE LDA" 119 1000 3.3989898989899
551.29 22.53 0 0 "KDE LDA" 119 1000 3.40909090909091
551.29 22.545 0 0 "KDE LDA" 119 1000 3.41919191919192
562.875 22.575 0 0 "KDE LDA" 119 1000 3.42929292929293
562.875 22.575 0 0 "KDE LDA" 119 1000 3.43939393939394
568.675 22.77 0 0 "KDE LDA" 119 1000 3.44949494949495
570.65 22.8 0 0 "KDE LDA" 119 1000 3.45959595959596
570.68 22.945 0 0 "KDE LDA" 119 1000 3.46969696969697
570.685 22.955 0 0 "KDE LDA" 119 1000 3.47979797979798
579.665 22.975 0 0 "KDE LDA" 119 1000 3.48989898989899
581.55 22.995 0 0 "KDE LDA" 119 1000 3.5
97.83 14.235 0 0 "KDE QDA" 119 1000 3.5
100.12 14.235 0 0 "KDE QDA" 119 1000 3.51010101010101
101.645 14.305 0 0 "KDE QDA" 119 1000 3.52020202020202
101.795 14.36 0 0 "KDE QDA" 119 1000 3.53030303030303
102.4 14.395 0 0 "KDE QDA" 119 1000 3.54040404040404
103.68 14.405 0 0 "KDE QDA" 119 1000 3.55050505050505
103.68 14.41 0 0 "KDE QDA" 119 1000 3.56060606060606
103.7 14.41 0 0 "KDE QDA" 119 1000 3.57070707070707
105.025 14.42 0 0 "KDE QDA" 119 1000 3.58080808080808
105.07 14.42 0 0 "KDE QDA" 119 1000 3.59090909090909
105.085 14.42 0 0 "KDE QDA" 119 1000 3.6010101010101
105.13 14.425 0 0 "KDE QDA" 119 1000 3.61111111111111
105.29 14.425 0 0 "KDE QDA" 119 1000 3.62121212121212
106.62 14.425 0 0 "KDE QDA" 119 1000 3.63131313131313
106.645 14.43 0 0 "KDE QDA" 119 1000 3.64141414141414
109.875 14.635 0 0 "KDE QDA" 119 1000 3.65151515151515
110.25 14.665 0 0 "KDE QDA" 119 1000 3.66161616161616
110.265 14.675 0 0 "KDE QDA" 119 1000 3.67171717171717
110.49 14.685 0 0 "KDE QDA" 119 1000 3.68181818181818
110.76 14.69 0 0 "KDE QDA" 119 1000 3.69191919191919
111.035 14.7 0 0 "KDE QDA" 119 1000 3.7020202020202
111.045 14.705 0 0 "KDE QDA" 119 1000 3.71212121212121
111.575 14.73 0 0 "KDE QDA" 119 1000 3.72222222222222
112.315 14.735 0 0 "KDE QDA" 119 1000 3.73232323232323
112.48 14.745 0 0 "KDE QDA" 119 1000 3.74242424242424
112.94 14.75 0 0 "KDE QDA" 119 1000 3.75252525252525
113.07 14.755 0 0 "KDE QDA" 119 1000 3.76262626262626
113.07 14.77 0 0 "KDE QDA" 119 1000 3.77272727272727
113.22 14.835 0 0 "KDE QDA" 119 1000 3.78282828282828
114.48 15.34 0 0 "KDE QDA" 119 1000 3.79292929292929
115.765 15.385 0 0 "KDE QDA" 119 1000 3.8030303030303
116.945 15.41 0 0 "KDE QDA" 119 1000 3.81313131313131
118.205 15.415 0 0 "KDE QDA" 119 1000 3.82323232323232
118.27 15.43 0 0 "KDE QDA" 119 1000 3.83333333333333
122.735 15.515 0 0 "KDE QDA" 119 1000 3.84343434343434
122.815 15.52 0 0 "KDE QDA" 119 1000 3.85353535353535
123.215 15.535 0 0 "KDE QDA" 119 1000 3.86363636363636
123.22 15.615 0 0 "KDE QDA" 119 1000 3.87373737373737
127.43 15.64 0 0 "KDE QDA" 119 1000 3.88383838383838
127.825 15.65 0 0 "KDE QDA" 119 1000 3.89393939393939
127.86 15.66 0 0 "KDE QDA" 119 1000 3.9040404040404
128.75 15.73 0 0 "KDE QDA" 119 1000 3.91414141414141
132.51 16.125 0 0 "KDE QDA" 119 1000 3.92424242424242
132.555 16.235 0 0 "KDE QDA" 119 1000 3.93434343434343
135.88 16.39 0 0 "KDE QDA" 119 1000 3.94444444444444
135.99 16.46 0 0 "KDE QDA" 119 1000 3.95454545454545
136.005 16.49 0 0 "KDE QDA" 119 1000 3.96464646464646
139.525 16.515 0 0 "KDE QDA" 119 1000 3.97474747474747
139.6 16.52 0 0 "KDE QDA" 119 1000 3.98484848484848
139.835 16.53 0 0 "KDE QDA" 119 1000 3.99494949494949
140.37 16.535 0 0 "KDE QDA" 119 1000 4.00505050505051
140.395 16.54 0 0 "KDE QDA" 119 1000 4.01515151515152
140.435 16.67 0 0 "KDE QDA" 119 1000 4.02525252525253
141.065 16.68 0 0 "KDE QDA" 119 1000 4.03535353535354
141.07 16.685 0 0 "KDE QDA" 119 1000 4.04545454545455
141.185 16.685 0 0 "KDE QDA" 119 1000 4.05555555555556
141.715 16.7 0 0 "KDE QDA" 119 1000 4.06565656565657
144.33 16.735 0 0 "KDE QDA" 119 1000 4.07575757575758
144.66 16.83 0 0 "KDE QDA" 119 1000 4.08585858585859
145.035 16.9 0 0 "KDE QDA" 119 1000 4.0959595959596
145.52 16.91 0 0 "KDE QDA" 119 1000 4.10606060606061
145.79 16.92 0 0 "KDE QDA" 119 1000 4.11616161616162
146.135 16.92 0 0 "KDE QDA" 119 1000 4.12626262626263
147.24 16.965 0 0 "KDE QDA" 119 1000 4.13636363636364
147.285 16.965 0 0 "KDE QDA" 119 1000 4.14646464646465
147.375 16.965 0 0 "KDE QDA" 119 1000 4.15656565656566
147.41 16.965 0 0 "KDE QDA" 119 1000 4.16666666666667
147.435 16.97 0 0 "KDE QDA" 119 1000 4.17676767676768
148.36 16.985 0 0 "KDE QDA" 119 1000 4.18686868686869
148.37 17.015 0 0 "KDE QDA" 119 1000 4.1969696969697
148.41 17.1 0 0 "KDE QDA" 119 1000 4.20707070707071
152.15 17.305 0 0 "KDE QDA" 119 1000 4.21717171717172
152.15 17.32 0 0 "KDE QDA" 119 1000 4.22727272727273
155.595 17.35 0 0 "KDE QDA" 119 1000 4.23737373737374
157.285 17.37 0 0 "KDE QDA" 119 1000 4.24747474747475
157.325 17.405 0 0 "KDE QDA" 119 1000 4.25757575757576
157.35 17.42 0 0 "KDE QDA" 119 1000 4.26767676767677
159.66 17.455 0 0 "KDE QDA" 119 1000 4.27777777777778
161.495 17.49 0 0 "KDE QDA" 119 1000 4.28787878787879
161.56 17.51 0 0 "KDE QDA" 119 1000 4.2979797979798
163.17 17.515 0 0 "KDE QDA" 119 1000 4.30808080808081
163.205 17.525 0 0 "KDE QDA" 119 1000 4.31818181818182
166.49 17.525 0 0 "KDE QDA" 119 1000 4.32828282828283
166.53 17.535 0 0 "KDE QDA" 119 1000 4.33838383838384
167.505 17.885 0 0 "KDE QDA" 119 1000 4.34848484848485
169.48 17.925 0 0 "KDE QDA" 119 1000 4.35858585858586
172.39 18.04 0 0 "KDE QDA" 119 1000 4.36868686868687
173.63 18.125 0 0 "KDE QDA" 119 1000 4.37878787878788
175.05 18.175 0 0 "KDE QDA" 119 1000 4.38888888888889
175.055 18.18 0 0 "KDE QDA" 119 1000 4.3989898989899
175.69 18.235 0 0 "KDE QDA" 119 1000 4.40909090909091
176.92 18.3 0 0 "KDE QDA" 119 1000 4.41919191919192
176.99 18.305 0 0 "KDE QDA" 119 1000 4.42929292929293
179.45 18.32 0 0 "KDE QDA" 119 1000 4.43939393939394
179.815 18.345 0 0 "KDE QDA" 119 1000 4.44949494949495
183.22 18.395 0 0 "KDE QDA" 119 1000 4.45959595959596
183.305 18.41 0 0 "KDE QDA" 119 1000 4.46969696969697
189.37 18.785 0 0 "KDE QDA" 119 1000 4.47979797979798
189.405 18.795 0 0 "KDE QDA" 119 1000 4.48989898989899
190.535 18.83 0 0 "KDE QDA" 119 1000 4.5
