129.53 14.35 0 0 "KDE LDA" 20 5000 2.5
130.925 14.615 0 0 "KDE LDA" 20 5000 2.51010101010101
132.45 14.755 0 0 "KDE LDA" 20 5000 2.52020202020202
136.44 14.975 0 0 "KDE LDA" 20 5000 2.53030303030303
142.85 15.21 0 0 "KDE LDA" 20 5000 2.54040404040404
142.885 15.245 0 0 "KDE LDA" 20 5000 2.55050505050505
142.91 15.27 0 0 "KDE LDA" 20 5000 2.56060606060606
143.895 15.33 0 0 "KDE LDA" 20 5000 2.57070707070707
148.375 15.345 0 0 "KDE LDA" 20 5000 2.58080808080808
150.665 15.355 0 0 "KDE LDA" 20 5000 2.59090909090909
151.595 15.415 0 0 "KDE LDA" 20 5000 2.6010101010101
153.445 15.585 0 0 "KDE LDA" 20 5000 2.61111111111111
153.46 15.625 0 0 "KDE LDA" 20 5000 2.62121212121212
156.105 15.79 0 0 "KDE LDA" 20 5000 2.63131313131313
161.755 15.88 0 0 "KDE LDA" 20 5000 2.64141414141414
163.715 15.96 0 0 "KDE LDA" 20 5000 2.65151515151515
164.9 16.365 0 0 "KDE LDA" 20 5000 2.66161616161616
171.565 16.5 0 0 "KDE LDA" 20 5000 2.67171717171717
171.83 16.505 0 0 "KDE LDA" 20 5000 2.68181818181818
171.83 16.55 0 0 "KDE LDA" 20 5000 2.69191919191919
175.78 16.565 0 0 "KDE LDA" 20 5000 2.7020202020202
177.12 16.58 0 0 "KDE LDA" 20 5000 2.71212121212121
177.57 16.58 0 0 "KDE LDA" 20 5000 2.72222222222222
179.525 16.655 0 0 "KDE LDA" 20 5000 2.73232323232323
180.32 16.67 0 0 "KDE LDA" 20 5000 2.74242424242424
181.255 16.865 0 0 "KDE LDA" 20 5000 2.75252525252525
182.985 16.945 0 0 "KDE LDA" 20 5000 2.76262626262626
184.565 16.945 0 0 "KDE LDA" 20 5000 2.77272727272727
184.88 17.075 0 0 "KDE LDA" 20 5000 2.78282828282828
188.48 17.285 0 0 "KDE LDA" 20 5000 2.79292929292929
209.555 17.8 0 0 "KDE LDA" 20 5000 2.8030303030303
209.585 17.835 0 0 "KDE LDA" 20 5000 2.81313131313131
213.685 17.84 0 0 "KDE LDA" 20 5000 2.82323232323232
214.995 17.865 0 0 "KDE LDA" 20 5000 2.83333333333333
215.015 17.87 0 0 "KDE LDA" 20 5000 2.84343434343434
216.74 18.075 0 0 "KDE LDA" 20 5000 2.85353535353535
216.875 18.15 0 0 "KDE LDA" 20 5000 2.86363636363636
217.305 18.165 0 0 "KDE LDA" 20 5000 2.87373737373737
219.455 18.165 0 0 "KDE LDA" 20 5000 2.88383838383838
219.46 18.19 0 0 "KDE LDA" 20 5000 2.89393939393939
219.475 18.285 0 0 "KDE LDA" 20 5000 2.9040404040404
219.485 18.45 0 0 "KDE LDA" 20 5000 2.91414141414141
219.505 18.46 0 0 "KDE LDA" 20 5000 2.92424242424242
219.535 18.51 0 0 "KDE LDA" 20 5000 2.93434343434343
226.12 18.575 0 0 "KDE LDA" 20 5000 2.94444444444444
227.33 18.675 0 0 "KDE LDA" 20 5000 2.95454545454545
229.65 18.685 0 0 "KDE LDA" 20 5000 2.96464646464646
233.13 18.69 0 0 "KDE LDA" 20 5000 2.97474747474747
239.22 18.695 0 0 "KDE LDA" 20 5000 2.98484848484848
239.255 18.78 0 0 "KDE LDA" 20 5000 2.99494949494949
239.665 18.815 0 0 "KDE LDA" 20 5000 3.00505050505051
245.62 18.875 0 0 "KDE LDA" 20 5000 3.01515151515152
245.63 18.885 0 0 "KDE LDA" 20 5000 3.02525252525253
247.115 18.945 0 0 "KDE LDA" 20 5000 3.03535353535354
248.485 19.025 0 0 "KDE LDA" 20 5000 3.04545454545455
248.49 19.115 0 0 "KDE LDA" 20 5000 3.05555555555556
248.515 19.135 0 0 "KDE LDA" 20 5000 3.06565656565657
248.535 19.215 0 0 "KDE LDA" 20 5000 3.07575757575758
252.035 19.28 0 0 "KDE LDA" 20 5000 3.08585858585859
257.775 19.33 0 0 "KDE LDA" 20 5000 3.0959595959596
257.79 19.455 0 0 "KDE LDA" 20 5000 3.10606060606061
257.95 19.495 0 0 "KDE LDA" 20 5000 3.11616161616162
258.625 19.515 0 0 "KDE LDA" 20 5000 3.12626262626263
261.33 19.54 0 0 "KDE LDA" 20 5000 3.13636363636364
261.335 19.7 0 0 "KDE LDA" 20 5000 3.14646464646465
262.475 19.775 0 0 "KDE LDA" 20 5000 3.15656565656566
266.635 19.81 0 0 "KDE LDA" 20 5000 3.16666666666667
268.955 19.825 0 0 "KDE LDA" 20 5000 3.17676767676768
272.48 19.855 0 0 "KDE LDA" 20 5000 3.18686868686869
275.505 19.88 0 0 "KDE LDA" 20 5000 3.1969696969697
275.975 19.915 0 0 "KDE LDA" 20 5000 3.20707070707071
283.325 20.175 0 0 "KDE LDA" 20 5000 3.21717171717172
294.925 20.35 0 0 "KDE LDA" 20 5000 3.22727272727273
298.78 20.35 0 0 "KDE LDA" 20 5000 3.23737373737374
298.785 20.43 0 0 "KDE LDA" 20 5000 3.24747474747475
303.515 20.485 0 0 "KDE LDA" 20 5000 3.25757575757576
304.095 20.59 0 0 "KDE LDA" 20 5000 3.26767676767677
305.11 20.61 0 0 "KDE LDA" 20 5000 3.27777777777778
311.31 20.675 0 0 "KDE LDA" 20 5000 3.28787878787879
314.985 20.765 0 0 "KDE LDA" 20 5000 3.2979797979798
320.445 20.89 0 0 "KDE LDA" 20 5000 3.30808080808081
322.065 20.925 0 0 "KDE LDA" 20 5000 3.31818181818182
322.115 20.97 0 0 "KDE LDA" 20 5000 3.32828282828283
322.62 20.995 0 0 "KDE LDA" 20 5000 3.33838383838384
327.6 21.22 0 0 "KDE LDA" 20 5000 3.34848484848485
382.925 21.43 0 0 "KDE LDA" 20 5000 3.35858585858586
382.945 21.48 0 0 "KDE LDA" 20 5000 3.36868686868687
386.06 21.5 0 0 "KDE LDA" 20 5000 3.37878787878788
390.255 21.535 0 0 "KDE LDA" 20 5000 3.38888888888889
390.255 21.545 0 0 "KDE LDA" 20 5000 3.3989898989899
391.475 21.65 0 0 "KDE LDA" 20 5000 3.40909090909091
392.84 21.675 0 0 "KDE LDA" 20 5000 3.41919191919192
397.66 21.705 0 0 "KDE LDA" 20 5000 3.42929292929293
400.81 21.705 0 0 "KDE LDA" 20 5000 3.43939393939394
402.165 21.725 0 0 "KDE LDA" 20 5000 3.44949494949495
418.115 21.745 0 0 "KDE LDA" 20 5000 3.45959595959596
420.235 21.745 0 0 "KDE LDA" 20 5000 3.46969696969697
431.655 21.79 0 0 "KDE LDA" 20 5000 3.47979797979798
443.195 21.815 0 0 "KDE LDA" 20 5000 3.48989898989899
459.91 21.845 0 0 "KDE LDA" 20 5000 3.5
112.15 12.445 0 0 "KDE QDA" 20 5000 2.7
112.15 12.445 0 0 "KDE QDA" 20 5000 2.71010101010101
112.155 12.445 0 0 "KDE QDA" 20 5000 2.72020202020202
112.155 12.445 0 0 "KDE QDA" 20 5000 2.73030303030303
112.16 12.445 0 0 "KDE QDA" 20 5000 2.74040404040404
112.16 12.445 0 0 "KDE QDA" 20 5000 2.75050505050505
112.16 12.445 0 0 "KDE QDA" 20 5000 2.76060606060606
112.505 12.445 0 0 "KDE QDA" 20 5000 2.77070707070707
112.505 12.445 0 0 "KDE QDA" 20 5000 2.78080808080808
112.505 12.445 0 0 "KDE QDA" 20 5000 2.79090909090909
147.475 13.58 0 0 "KDE QDA" 20 5000 2.8010101010101
147.475 13.58 0 0 "KDE QDA" 20 5000 2.81111111111111
147.475 13.58 0 0 "KDE QDA" 20 5000 2.82121212121212
151.02 13.83 0 0 "KDE QDA" 20 5000 2.83131313131313
151.065 13.83 0 0 "KDE QDA" 20 5000 2.84141414141414
151.605 13.83 0 0 "KDE QDA" 20 5000 2.85151515151515
151.62 13.83 0 0 "KDE QDA" 20 5000 2.86161616161616
151.665 13.835 0 0 "KDE QDA" 20 5000 2.87171717171717
151.665 13.885 0 0 "KDE QDA" 20 5000 2.88181818181818
152.29 13.885 0 0 "KDE QDA" 20 5000 2.89191919191919
152.29 13.89 0 0 "KDE QDA" 20 5000 2.9020202020202
152.76 13.89 0 0 "KDE QDA" 20 5000 2.91212121212121
152.76 13.89 0 0 "KDE QDA" 20 5000 2.92222222222222
152.76 13.89 0 0 "KDE QDA" 20 5000 2.93232323232323
152.76 13.89 0 0 "KDE QDA" 20 5000 2.94242424242424
152.76 13.89 0 0 "KDE QDA" 20 5000 2.95252525252525
157.51 14.13 0 0 "KDE QDA" 20 5000 2.96262626262626
157.51 14.13 0 0 "KDE QDA" 20 5000 2.97272727272727
158.57 14.135 0 0 "KDE QDA" 20 5000 2.98282828282828
159.275 14.14 0 0 "KDE QDA" 20 5000 2.99292929292929
159.3 14.14 0 0 "KDE QDA" 20 5000 3.0030303030303
159.305 14.14 0 0 "KDE QDA" 20 5000 3.01313131313131
159.31 14.14 0 0 "KDE QDA" 20 5000 3.02323232323232
159.31 14.14 0 0 "KDE QDA" 20 5000 3.03333333333333
159.31 14.14 0 0 "KDE QDA" 20 5000 3.04343434343434
159.31 14.14 0 0 "KDE QDA" 20 5000 3.05353535353535
159.31 14.14 0 0 "KDE QDA" 20 5000 3.06363636363636
159.31 14.14 0 0 "KDE QDA" 20 5000 3.07373737373737
159.31 14.155 0 0 "KDE QDA" 20 5000 3.08383838383838
174.365 14.52 0 0 "KDE QDA" 20 5000 3.09393939393939
174.545 14.525 0 0 "KDE QDA" 20 5000 3.1040404040404
174.545 14.525 0 0 "KDE QDA" 20 5000 3.11414141414141
174.875 14.595 0 0 "KDE QDA" 20 5000 3.12424242424242
174.875 14.595 0 0 "KDE QDA" 20 5000 3.13434343434343
174.875 14.595 0 0 "KDE QDA" 20 5000 3.14444444444444
174.875 14.595 0 0 "KDE QDA" 20 5000 3.15454545454545
174.875 14.6 0 0 "KDE QDA" 20 5000 3.16464646464646
174.875 14.615 0 0 "KDE QDA" 20 5000 3.17474747474748
174.875 14.615 0 0 "KDE QDA" 20 5000 3.18484848484849
175.34 14.615 0 0 "KDE QDA" 20 5000 3.19494949494949
175.34 14.615 0 0 "KDE QDA" 20 5000 3.20505050505051
175.34 14.615 0 0 "KDE QDA" 20 5000 3.21515151515152
202.715 15.26 0 0 "KDE QDA" 20 5000 3.22525252525253
205.13 15.26 0 0 "KDE QDA" 20 5000 3.23535353535354
205.13 15.265 0 0 "KDE QDA" 20 5000 3.24545454545455
209.74 15.37 0 0 "KDE QDA" 20 5000 3.25555555555556
209.74 15.41 0 0 "KDE QDA" 20 5000 3.26565656565657
213.785 15.415 0 0 "KDE QDA" 20 5000 3.27575757575758
213.795 15.42 0 0 "KDE QDA" 20 5000 3.28585858585859
217.875 15.42 0 0 "KDE QDA" 20 5000 3.2959595959596
217.875 15.47 0 0 "KDE QDA" 20 5000 3.30606060606061
217.875 15.47 0 0 "KDE QDA" 20 5000 3.31616161616162
217.875 15.47 0 0 "KDE QDA" 20 5000 3.32626262626263
217.875 15.525 0 0 "KDE QDA" 20 5000 3.33636363636364
218.2 15.525 0 0 "KDE QDA" 20 5000 3.34646464646465
218.205 15.525 0 0 "KDE QDA" 20 5000 3.35656565656566
249.18 16.215 0 0 "KDE QDA" 20 5000 3.36666666666667
249.18 16.22 0 0 "KDE QDA" 20 5000 3.37676767676768
260.22 16.485 0 0 "KDE QDA" 20 5000 3.38686868686869
260.22 16.49 0 0 "KDE QDA" 20 5000 3.3969696969697
260.255 16.49 0 0 "KDE QDA" 20 5000 3.40707070707071
260.81 16.515 0 0 "KDE QDA" 20 5000 3.41717171717172
260.81 16.55 0 0 "KDE QDA" 20 5000 3.42727272727273
260.81 16.56 0 0 "KDE QDA" 20 5000 3.43737373737374
260.815 16.56 0 0 "KDE QDA" 20 5000 3.44747474747475
260.815 16.56 0 0 "KDE QDA" 20 5000 3.45757575757576
260.82 16.575 0 0 "KDE QDA" 20 5000 3.46767676767677
260.84 16.575 0 0 "KDE QDA" 20 5000 3.47777777777778
261.56 16.575 0 0 "KDE QDA" 20 5000 3.48787878787879
261.56 16.575 0 0 "KDE QDA" 20 5000 3.4979797979798
261.56 16.575 0 0 "KDE QDA" 20 5000 3.50808080808081
282.28 16.75 0 0 "KDE QDA" 20 5000 3.51818181818182
282.28 16.845 0 0 "KDE QDA" 20 5000 3.52828282828283
282.3 16.87 0 0 "KDE QDA" 20 5000 3.53838383838384
286.67 16.95 0 0 "KDE QDA" 20 5000 3.54848484848485
286.67 16.95 0 0 "KDE QDA" 20 5000 3.55858585858586
289.705 16.95 0 0 "KDE QDA" 20 5000 3.56868686868687
293.43 17.11 0 0 "KDE QDA" 20 5000 3.57878787878788
293.43 17.11 0 0 "KDE QDA" 20 5000 3.58888888888889
293.445 17.115 0 0 "KDE QDA" 20 5000 3.5989898989899
293.445 17.115 0 0 "KDE QDA" 20 5000 3.60909090909091
293.445 17.115 0 0 "KDE QDA" 20 5000 3.61919191919192
293.445 17.115 0 0 "KDE QDA" 20 5000 3.62929292929293
293.445 17.115 0 0 "KDE QDA" 20 5000 3.63939393939394
293.445 17.115 0 0 "KDE QDA" 20 5000 3.64949494949495
327.695 17.355 0 0 "KDE QDA" 20 5000 3.65959595959596
327.695 17.355 0 0 "KDE QDA" 20 5000 3.66969696969697
330.105 17.41 0 0 "KDE QDA" 20 5000 3.67979797979798
330.105 17.435 0 0 "KDE QDA" 20 5000 3.68989898989899
330.11 17.435 0 0 "KDE QDA" 20 5000 3.7
