136.91 15.755 0 0 "KDE LDA" 172 1000 2.5
137.16 15.785 0 0 "KDE LDA" 172 1000 2.51010101010101
137.165 15.845 0 0 "KDE LDA" 172 1000 2.52020202020202
141.01 16.155 0 0 "KDE LDA" 172 1000 2.53030303030303
142.055 16.23 0 0 "KDE LDA" 172 1000 2.54040404040404
144.43 16.25 0 0 "KDE LDA" 172 1000 2.55050505050505
145.645 16.26 0 0 "KDE LDA" 172 1000 2.56060606060606
146.89 16.3 0 0 "KDE LDA" 172 1000 2.57070707070707
148.985 16.44 0 0 "KDE LDA" 172 1000 2.58080808080808
149.03 16.455 0 0 "KDE LDA" 172 1000 2.59090909090909
150.605 16.475 0 0 "KDE LDA" 172 1000 2.6010101010101
154.025 16.48 0 0 "KDE LDA" 172 1000 2.61111111111111
156.9 16.52 0 0 "KDE LDA" 172 1000 2.62121212121212
159.145 16.555 0 0 "KDE LDA" 172 1000 2.63131313131313
161.965 16.605 0 0 "KDE LDA" 172 1000 2.64141414141414
164.15 16.61 0 0 "KDE LDA" 172 1000 2.65151515151515
168.195 16.915 0 0 "KDE LDA" 172 1000 2.66161616161616
180.35 17.115 0 0 "KDE LDA" 172 1000 2.67171717171717
181.18 17.15 0 0 "KDE LDA" 172 1000 2.68181818181818
181.435 17.165 0 0 "KDE LDA" 172 1000 2.69191919191919
183.96 17.175 0 0 "KDE LDA" 172 1000 2.7020202020202
184.96 17.265 0 0 "KDE LDA" 172 1000 2.71212121212121
185.77 17.27 0 0 "KDE LDA" 172 1000 2.72222222222222
187.52 17.4 0 0 "KDE LDA" 172 1000 2.73232323232323
187.52 17.435 0 0 "KDE LDA" 172 1000 2.74242424242424
192.135 17.46 0 0 "KDE LDA" 172 1000 2.75252525252525
192.555 17.51 0 0 "KDE LDA" 172 1000 2.76262626262626
193.55 17.52 0 0 "KDE LDA" 172 1000 2.77272727272727
201.565 17.81 0 0 "KDE LDA" 172 1000 2.78282828282828
212.42 18.035 0 0 "KDE LDA" 172 1000 2.79292929292929
268.95 19.235 0 0 "KDE LDA" 172 1000 2.8030303030303
268.955 19.32 0 0 "KDE LDA" 172 1000 2.81313131313131
269.225 19.325 0 0 "KDE LDA" 172 1000 2.82323232323232
269.225 19.345 0 0 "KDE LDA" 172 1000 2.83333333333333
270.98 19.73 0 0 "KDE LDA" 172 1000 2.84343434343434
272.265 19.795 0 0 "KDE LDA" 172 1000 2.85353535353535
273.215 19.805 0 0 "KDE LDA" 172 1000 2.86363636363636
273.245 19.81 0 0 "KDE LDA" 172 1000 2.87373737373737
275.845 19.94 0 0 "KDE LDA" 172 1000 2.88383838383838
276.215 19.945 0 0 "KDE LDA" 172 1000 2.89393939393939
276.225 19.99 0 0 "KDE LDA" 172 1000 2.9040404040404
276.235 20.04 0 0 "KDE LDA" 172 1000 2.91414141414141
276.24 20.145 0 0 "KDE LDA" 172 1000 2.92424242424242
279.74 20.165 0 0 "KDE LDA" 172 1000 2.93434343434343
283.59 20.195 0 0 "KDE LDA" 172 1000 2.94444444444444
284.05 20.245 0 0 "KDE LDA" 172 1000 2.95454545454545
296.69 20.455 0 0 "KDE LDA" 172 1000 2.96464646464646
296.705 20.56 0 0 "KDE LDA" 172 1000 2.97474747474747
298.46 20.575 0 0 "KDE LDA" 172 1000 2.98484848484848
306.115 20.63 0 0 "KDE LDA" 172 1000 2.99494949494949
306.72 20.665 0 0 "KDE LDA" 172 1000 3.00505050505051
315.73 20.675 0 0 "KDE LDA" 172 1000 3.01515151515152
315.73 20.7 0 0 "KDE LDA" 172 1000 3.02525252525253
315.73 20.715 0 0 "KDE LDA" 172 1000 3.03535353535354
322.815 20.73 0 0 "KDE LDA" 172 1000 3.04545454545455
323.38 20.73 0 0 "KDE LDA" 172 1000 3.05555555555556
325.43 20.735 0 0 "KDE LDA" 172 1000 3.06565656565657
335.455 20.84 0 0 "KDE LDA" 172 1000 3.07575757575758
339.395 20.855 0 0 "KDE LDA" 172 1000 3.08585858585859
349.2 21.135 0 0 "KDE LDA" 172 1000 3.0959595959596
349.685 21.215 0 0 "KDE LDA" 172 1000 3.10606060606061
354.77 21.505 0 0 "KDE LDA" 172 1000 3.11616161616162
355.95 21.525 0 0 "KDE LDA" 172 1000 3.12626262626263
359.555 21.53 0 0 "KDE LDA" 172 1000 3.13636363636364
361.455 21.54 0 0 "KDE LDA" 172 1000 3.14646464646465
363.585 21.605 0 0 "KDE LDA" 172 1000 3.15656565656566
374.935 21.74 0 0 "KDE LDA" 172 1000 3.16666666666667
378.105 21.815 0 0 "KDE LDA" 172 1000 3.17676767676768
378.29 21.85 0 0 "KDE LDA" 172 1000 3.18686868686869
378.315 21.87 0 0 "KDE LDA" 172 1000 3.1969696969697
387.8 21.895 0 0 "KDE LDA" 172 1000 3.20707070707071
396.02 22.005 0 0 "KDE LDA" 172 1000 3.21717171717172
445.165 22.475 0 0 "KDE LDA" 172 1000 3.22727272727273
449.54 22.535 0 0 "KDE LDA" 172 1000 3.23737373737374
449.555 22.565 0 0 "KDE LDA" 172 1000 3.24747474747475
452.06 22.785 0 0 "KDE LDA" 172 1000 3.25757575757576
452.065 22.785 0 0 "KDE LDA" 172 1000 3.26767676767677
458.965 22.79 0 0 "KDE LDA" 172 1000 3.27777777777778
468.59 22.83 0 0 "KDE LDA" 172 1000 3.28787878787879
468.59 22.845 0 0 "KDE LDA" 172 1000 3.2979797979798
468.62 22.905 0 0 "KDE LDA" 172 1000 3.30808080808081
472.26 22.99 0 0 "KDE LDA" 172 1000 3.31818181818182
472.32 23.09 0 0 "KDE LDA" 172 1000 3.32828282828283
489.05 23.14 0 0 "KDE LDA" 172 1000 3.33838383838384
499.455 23.315 0 0 "KDE LDA" 172 1000 3.34848484848485
560.56 23.74 0 0 "KDE LDA" 172 1000 3.35858585858586
560.65 23.8 0 0 "KDE LDA" 172 1000 3.36868686868687
567.215 23.82 0 0 "KDE LDA" 172 1000 3.37878787878788
570 23.9 0 0 "KDE LDA" 172 1000 3.38888888888889
578.075 24.095 0 0 "KDE LDA" 172 1000 3.3989898989899
578.075 24.095 0 0 "KDE LDA" 172 1000 3.40909090909091
578.08 24.115 0 0 "KDE LDA" 172 1000 3.41919191919192
578.085 24.155 0 0 "KDE LDA" 172 1000 3.42929292929293
586.63 24.165 0 0 "KDE LDA" 172 1000 3.43939393939394
572.120603015075 24.185 1 0 "KDE LDA" 172 1000 3.44949494949495
572.125628140703 24.195 1 0 "KDE LDA" 172 1000 3.45959595959596
580.683417085427 24.21 1 0 "KDE LDA" 172 1000 3.46969696969697
583.13567839196 24.23 1 0 "KDE LDA" 172 1000 3.47979797979798
594.64824120603 24.375 1 0 "KDE LDA" 172 1000 3.48989898989899
595.246231155779 24.4 1 0 "KDE LDA" 172 1000 3.5
106.35 14.525 0 0 "KDE QDA" 172 1000 3.5
108.375 14.53 0 0 "KDE QDA" 172 1000 3.51010101010101
113.27 14.65 0 0 "KDE QDA" 172 1000 3.52020202020202
113.29 14.655 0 0 "KDE QDA" 172 1000 3.53030303030303
116.67 14.71 0 0 "KDE QDA" 172 1000 3.54040404040404
116.675 14.765 0 0 "KDE QDA" 172 1000 3.55050505050505
117.285 14.765 0 0 "KDE QDA" 172 1000 3.56060606060606
118.74 14.78 0 0 "KDE QDA" 172 1000 3.57070707070707
119.345 14.795 0 0 "KDE QDA" 172 1000 3.58080808080808
119.37 14.85 0 0 "KDE QDA" 172 1000 3.59090909090909
119.375 14.85 0 0 "KDE QDA" 172 1000 3.6010101010101
120.85 14.87 0 0 "KDE QDA" 172 1000 3.61111111111111
120.85 14.87 0 0 "KDE QDA" 172 1000 3.62121212121212
120.855 14.885 0 0 "KDE QDA" 172 1000 3.63131313131313
121.75 14.89 0 0 "KDE QDA" 172 1000 3.64141414141414
125.12 15.065 0 0 "KDE QDA" 172 1000 3.65151515151515
127 15.095 0 0 "KDE QDA" 172 1000 3.66161616161616
127.46 15.11 0 0 "KDE QDA" 172 1000 3.67171717171717
128.315 15.115 0 0 "KDE QDA" 172 1000 3.68181818181818
129.64 15.125 0 0 "KDE QDA" 172 1000 3.69191919191919
131.565 15.135 0 0 "KDE QDA" 172 1000 3.7020202020202
131.625 15.14 0 0 "KDE QDA" 172 1000 3.71212121212121
131.635 15.15 0 0 "KDE QDA" 172 1000 3.72222222222222
131.64 15.155 0 0 "KDE QDA" 172 1000 3.73232323232323
132.495 15.185 0 0 "KDE QDA" 172 1000 3.74242424242424
134.36 15.23 0 0 "KDE QDA" 172 1000 3.75252525252525
134.375 15.24 0 0 "KDE QDA" 172 1000 3.76262626262626
134.385 15.255 0 0 "KDE QDA" 172 1000 3.77272727272727
134.495 15.275 0 0 "KDE QDA" 172 1000 3.78282828282828
139.265 15.75 0 0 "KDE QDA" 172 1000 3.79292929292929
139.29 15.75 0 0 "KDE QDA" 172 1000 3.8030303030303
139.325 15.84 0 0 "KDE QDA" 172 1000 3.81313131313131
140.545 15.88 0 0 "KDE QDA" 172 1000 3.82323232323232
141.635 15.89 0 0 "KDE QDA" 172 1000 3.83333333333333
143.27 15.93 0 0 "KDE QDA" 172 1000 3.84343434343434
143.845 16 0 0 "KDE QDA" 172 1000 3.85353535353535
143.91 16.06 0 0 "KDE QDA" 172 1000 3.86363636363636
144.775 16.105 0 0 "KDE QDA" 172 1000 3.87373737373737
144.78 16.125 0 0 "KDE QDA" 172 1000 3.88383838383838
146.625 16.14 0 0 "KDE QDA" 172 1000 3.89393939393939
147.57 16.145 0 0 "KDE QDA" 172 1000 3.9040404040404
147.59 16.15 0 0 "KDE QDA" 172 1000 3.91414141414141
153.52 16.55 0 0 "KDE QDA" 172 1000 3.92424242424242
153.53 16.555 0 0 "KDE QDA" 172 1000 3.93434343434343
153.91 16.68 0 0 "KDE QDA" 172 1000 3.94444444444444
155.73 16.695 0 0 "KDE QDA" 172 1000 3.95454545454545
155.86 16.76 0 0 "KDE QDA" 172 1000 3.96464646464646
157.49 16.785 0 0 "KDE QDA" 172 1000 3.97474747474747
157.96 16.81 0 0 "KDE QDA" 172 1000 3.98484848484848
160.945 16.815 0 0 "KDE QDA" 172 1000 3.99494949494949
160.945 16.825 0 0 "KDE QDA" 172 1000 4.00505050505051
162.32 16.84 0 0 "KDE QDA" 172 1000 4.01515151515152
163.335 16.89 0 0 "KDE QDA" 172 1000 4.02525252525253
163.34 16.89 0 0 "KDE QDA" 172 1000 4.03535353535354
163.955 16.925 0 0 "KDE QDA" 172 1000 4.04545454545455
164.005 16.925 0 0 "KDE QDA" 172 1000 4.05555555555556
164.02 17.015 0 0 "KDE QDA" 172 1000 4.06565656565657
164.78 17.025 0 0 "KDE QDA" 172 1000 4.07575757575758
165.915 17.09 0 0 "KDE QDA" 172 1000 4.08585858585859
167.04 17.095 0 0 "KDE QDA" 172 1000 4.0959595959596
167.09 17.165 0 0 "KDE QDA" 172 1000 4.10606060606061
167.125 17.185 0 0 "KDE QDA" 172 1000 4.11616161616162
171.64 17.205 0 0 "KDE QDA" 172 1000 4.12626262626263
172.815 17.255 0 0 "KDE QDA" 172 1000 4.13636363636364
172.835 17.265 0 0 "KDE QDA" 172 1000 4.14646464646465
172.925 17.265 0 0 "KDE QDA" 172 1000 4.15656565656566
173.935 17.265 0 0 "KDE QDA" 172 1000 4.16666666666667
175.05 17.27 0 0 "KDE QDA" 172 1000 4.17676767676768
175.485 17.275 0 0 "KDE QDA" 172 1000 4.18686868686869
175.485 17.32 0 0 "KDE QDA" 172 1000 4.1969696969697
179.215 17.32 0 0 "KDE QDA" 172 1000 4.20707070707071
186.075 17.53 0 0 "KDE QDA" 172 1000 4.21717171717172
186.365 17.545 0 0 "KDE QDA" 172 1000 4.22727272727273
186.82 17.585 0 0 "KDE QDA" 172 1000 4.23737373737374
186.86 17.64 0 0 "KDE QDA" 172 1000 4.24747474747475
189.295 17.665 0 0 "KDE QDA" 172 1000 4.25757575757576
192.055 17.675 0 0 "KDE QDA" 172 1000 4.26767676767677
192.14 17.685 0 0 "KDE QDA" 172 1000 4.27777777777778
194.195 17.695 0 0 "KDE QDA" 172 1000 4.28787878787879
197.7 17.71 0 0 "KDE QDA" 172 1000 4.2979797979798
198.165 17.72 0 0 "KDE QDA" 172 1000 4.30808080808081
200.65 17.72 0 0 "KDE QDA" 172 1000 4.31818181818182
200.66 17.83 0 0 "KDE QDA" 172 1000 4.32828282828283
202.155 17.855 0 0 "KDE QDA" 172 1000 4.33838383838384
207.08 18.185 0 0 "KDE QDA" 172 1000 4.34848484848485
207.18 18.185 0 0 "KDE QDA" 172 1000 4.35858585858586
215.525 18.19 0 0 "KDE QDA" 172 1000 4.36868686868687
220.125 18.25 0 0 "KDE QDA" 172 1000 4.37878787878788
222.56 18.275 0 0 "KDE QDA" 172 1000 4.38888888888889
223.275 18.29 0 0 "KDE QDA" 172 1000 4.3989898989899
223.465 18.31 0 0 "KDE QDA" 172 1000 4.40909090909091
224.065 18.31 0 0 "KDE QDA" 172 1000 4.41919191919192
224.115 18.31 0 0 "KDE QDA" 172 1000 4.42929292929293
224.135 18.31 0 0 "KDE QDA" 172 1000 4.43939393939394
228.555 18.325 0 0 "KDE QDA" 172 1000 4.44949494949495
228.565 18.345 0 0 "KDE QDA" 172 1000 4.45959595959596
229.365 18.39 0 0 "KDE QDA" 172 1000 4.46969696969697
236.675 18.755 0 0 "KDE QDA" 172 1000 4.47979797979798
239.6 18.78 0 0 "KDE QDA" 172 1000 4.48989898989899
239.615 18.81 0 0 "KDE QDA" 172 1000 4.5
