126.45 14.78 0 0 "KDE LDA" 19 1000 2.5
129.23 14.945 0 0 "KDE LDA" 19 1000 2.51010101010101
130.225 14.98 0 0 "KDE LDA" 19 1000 2.52020202020202
135.725 15.08 0 0 "KDE LDA" 19 1000 2.53030303030303
140.025 15.115 0 0 "KDE LDA" 19 1000 2.54040404040404
140.235 15.12 0 0 "KDE LDA" 19 1000 2.55050505050505
141.145 15.14 0 0 "KDE LDA" 19 1000 2.56060606060606
141.155 15.15 0 0 "KDE LDA" 19 1000 2.57070707070707
141.465 15.165 0 0 "KDE LDA" 19 1000 2.58080808080808
144.01 15.17 0 0 "KDE LDA" 19 1000 2.59090909090909
145.1 15.17 0 0 "KDE LDA" 19 1000 2.6010101010101
148.115 15.21 0 0 "KDE LDA" 19 1000 2.61111111111111
149.245 15.215 0 0 "KDE LDA" 19 1000 2.62121212121212
149.965 15.215 0 0 "KDE LDA" 19 1000 2.63131313131313
151.225 15.315 0 0 "KDE LDA" 19 1000 2.64141414141414
152.5 15.315 0 0 "KDE LDA" 19 1000 2.65151515151515
156.44 15.45 0 0 "KDE LDA" 19 1000 2.66161616161616
173.2 15.98 0 0 "KDE LDA" 19 1000 2.67171717171717
173.555 15.995 0 0 "KDE LDA" 19 1000 2.68181818181818
177.74 16.08 0 0 "KDE LDA" 19 1000 2.69191919191919
181.225 16.12 0 0 "KDE LDA" 19 1000 2.7020202020202
185.555 16.16 0 0 "KDE LDA" 19 1000 2.71212121212121
186.705 16.17 0 0 "KDE LDA" 19 1000 2.72222222222222
186.91 16.21 0 0 "KDE LDA" 19 1000 2.73232323232323
190.165 16.255 0 0 "KDE LDA" 19 1000 2.74242424242424
190.85 16.28 0 0 "KDE LDA" 19 1000 2.75252525252525
190.85 16.325 0 0 "KDE LDA" 19 1000 2.76262626262626
192.34 16.38 0 0 "KDE LDA" 19 1000 2.77272727272727
193.08 16.555 0 0 "KDE LDA" 19 1000 2.78282828282828
199.245 16.775 0 0 "KDE LDA" 19 1000 2.79292929292929
228.02 17.4 0 0 "KDE LDA" 19 1000 2.8030303030303
228.035 17.41 0 0 "KDE LDA" 19 1000 2.81313131313131
230.74 17.48 0 0 "KDE LDA" 19 1000 2.82323232323232
231.655 17.495 0 0 "KDE LDA" 19 1000 2.83333333333333
236.775 17.5 0 0 "KDE LDA" 19 1000 2.84343434343434
236.775 17.52 0 0 "KDE LDA" 19 1000 2.85353535353535
237.1 17.62 0 0 "KDE LDA" 19 1000 2.86363636363636
237.125 17.63 0 0 "KDE LDA" 19 1000 2.87373737373737
237.16 17.65 0 0 "KDE LDA" 19 1000 2.88383838383838
237.175 17.68 0 0 "KDE LDA" 19 1000 2.89393939393939
238.395 17.775 0 0 "KDE LDA" 19 1000 2.9040404040404
239.565 17.785 0 0 "KDE LDA" 19 1000 2.91414141414141
239.58 17.785 0 0 "KDE LDA" 19 1000 2.92424242424242
239.595 17.815 0 0 "KDE LDA" 19 1000 2.93434343434343
242.59 17.845 0 0 "KDE LDA" 19 1000 2.94444444444444
243.015 17.88 0 0 "KDE LDA" 19 1000 2.95454545454545
254.305 17.92 0 0 "KDE LDA" 19 1000 2.96464646464646
255.23 17.99 0 0 "KDE LDA" 19 1000 2.97474747474747
256.365 18.06 0 0 "KDE LDA" 19 1000 2.98484848484848
256.37 18.06 0 0 "KDE LDA" 19 1000 2.99494949494949
261.945 18.075 0 0 "KDE LDA" 19 1000 3.00505050505051
265.46 18.1 0 0 "KDE LDA" 19 1000 3.01515151515152
269.265 18.105 0 0 "KDE LDA" 19 1000 3.02525252525253
272.77 18.11 0 0 "KDE LDA" 19 1000 3.03535353535354
272.785 18.125 0 0 "KDE LDA" 19 1000 3.04545454545455
272.79 18.15 0 0 "KDE LDA" 19 1000 3.05555555555556
274.895 18.175 0 0 "KDE LDA" 19 1000 3.06565656565657
277.62 18.325 0 0 "KDE LDA" 19 1000 3.07575757575758
292.855 18.495 0 0 "KDE LDA" 19 1000 3.08585858585859
298.66 18.62 0 0 "KDE LDA" 19 1000 3.0959595959596
298.7 18.64 0 0 "KDE LDA" 19 1000 3.10606060606061
301.645 18.64 0 0 "KDE LDA" 19 1000 3.11616161616162
303.78 18.845 0 0 "KDE LDA" 19 1000 3.12626262626263
303.83 18.885 0 0 "KDE LDA" 19 1000 3.13636363636364
303.84 18.905 0 0 "KDE LDA" 19 1000 3.14646464646465
303.85 18.925 0 0 "KDE LDA" 19 1000 3.15656565656566
306.185 18.955 0 0 "KDE LDA" 19 1000 3.16666666666667
307.165 18.965 0 0 "KDE LDA" 19 1000 3.17676767676768
309.25 18.97 0 0 "KDE LDA" 19 1000 3.18686868686869
321.07 19.055 0 0 "KDE LDA" 19 1000 3.1969696969697
322.26 19.075 0 0 "KDE LDA" 19 1000 3.20707070707071
335.765 19.335 0 0 "KDE LDA" 19 1000 3.21717171717172
360.06 20.07 0 0 "KDE LDA" 19 1000 3.22727272727273
363.44 20.105 0 0 "KDE LDA" 19 1000 3.23737373737374
366.775 20.205 0 0 "KDE LDA" 19 1000 3.24747474747475
368.79 20.22 0 0 "KDE LDA" 19 1000 3.25757575757576
368.945 20.265 0 0 "KDE LDA" 19 1000 3.26767676767677
379.215 20.365 0 0 "KDE LDA" 19 1000 3.27777777777778
379.225 20.44 0 0 "KDE LDA" 19 1000 3.28787878787879
379.23 20.47 0 0 "KDE LDA" 19 1000 3.2979797979798
379.86 20.47 0 0 "KDE LDA" 19 1000 3.30808080808081
383.37 20.52 0 0 "KDE LDA" 19 1000 3.31818181818182
390.37 20.58 0 0 "KDE LDA" 19 1000 3.32828282828283
395.605 20.595 0 0 "KDE LDA" 19 1000 3.33838383838384
406.22 20.625 0 0 "KDE LDA" 19 1000 3.34848484848485
456.05 20.91 0 0 "KDE LDA" 19 1000 3.35858585858586
460.965 21.38 0 0 "KDE LDA" 19 1000 3.36868686868687
463 21.525 0 0 "KDE LDA" 19 1000 3.37878787878788
466.395 21.585 0 0 "KDE LDA" 19 1000 3.38888888888889
466.4 21.605 0 0 "KDE LDA" 19 1000 3.3989898989899
472.865 21.625 0 0 "KDE LDA" 19 1000 3.40909090909091
472.87 21.625 0 0 "KDE LDA" 19 1000 3.41919191919192
480.285 21.645 0 0 "KDE LDA" 19 1000 3.42929292929293
480.3 21.675 0 0 "KDE LDA" 19 1000 3.43939393939394
480.33 21.78 0 0 "KDE LDA" 19 1000 3.44949494949495
481.945 21.815 0 0 "KDE LDA" 19 1000 3.45959595959596
482.125 21.905 0 0 "KDE LDA" 19 1000 3.46969696969697
482.145 21.91 0 0 "KDE LDA" 19 1000 3.47979797979798
488.115 22.075 0 0 "KDE LDA" 19 1000 3.48989898989899
491.715 22.105 0 0 "KDE LDA" 19 1000 3.5
166.76 16.75 0 0 "KDE QDA" 19 1000 3.5
166.96 16.765 0 0 "KDE QDA" 19 1000 3.51010101010101
172.04 17.155 0 0 "KDE QDA" 19 1000 3.52020202020202
172.065 17.195 0 0 "KDE QDA" 19 1000 3.53030303030303
173.4 17.215 0 0 "KDE QDA" 19 1000 3.54040404040404
174.915 17.23 0 0 "KDE QDA" 19 1000 3.55050505050505
174.95 17.24 0 0 "KDE QDA" 19 1000 3.56060606060606
175.035 17.345 0 0 "KDE QDA" 19 1000 3.57070707070707
175.795 17.4 0 0 "KDE QDA" 19 1000 3.58080808080808
175.8 17.405 0 0 "KDE QDA" 19 1000 3.59090909090909
176.27 17.41 0 0 "KDE QDA" 19 1000 3.6010101010101
176.32 17.43 0 0 "KDE QDA" 19 1000 3.61111111111111
177.175 17.43 0 0 "KDE QDA" 19 1000 3.62121212121212
178.485 17.43 0 0 "KDE QDA" 19 1000 3.63131313131313
178.53 17.435 0 0 "KDE QDA" 19 1000 3.64141414141414
189.37 17.69 0 0 "KDE QDA" 19 1000 3.65151515151515
189.38 17.715 0 0 "KDE QDA" 19 1000 3.66161616161616
190.51 17.725 0 0 "KDE QDA" 19 1000 3.67171717171717
192.515 17.785 0 0 "KDE QDA" 19 1000 3.68181818181818
194.285 17.795 0 0 "KDE QDA" 19 1000 3.69191919191919
194.395 17.83 0 0 "KDE QDA" 19 1000 3.7020202020202
194.43 17.83 0 0 "KDE QDA" 19 1000 3.71212121212121
194.485 17.84 0 0 "KDE QDA" 19 1000 3.72222222222222
198.45 17.84 0 0 "KDE QDA" 19 1000 3.73232323232323
198.455 17.84 0 0 "KDE QDA" 19 1000 3.74242424242424
198.59 17.86 0 0 "KDE QDA" 19 1000 3.75252525252525
199.575 17.89 0 0 "KDE QDA" 19 1000 3.76262626262626
200.995 17.9 0 0 "KDE QDA" 19 1000 3.77272727272727
205.435 17.93 0 0 "KDE QDA" 19 1000 3.78282828282828
215.605 18.375 0 0 "KDE QDA" 19 1000 3.79292929292929
216.15 18.385 0 0 "KDE QDA" 19 1000 3.8030303030303
216.375 18.535 0 0 "KDE QDA" 19 1000 3.81313131313131
218.425 18.545 0 0 "KDE QDA" 19 1000 3.82323232323232
218.475 18.575 0 0 "KDE QDA" 19 1000 3.83333333333333
219.525 18.64 0 0 "KDE QDA" 19 1000 3.84343434343434
222.455 18.65 0 0 "KDE QDA" 19 1000 3.85353535353535
223.33 18.67 0 0 "KDE QDA" 19 1000 3.86363636363636
223.34 18.68 0 0 "KDE QDA" 19 1000 3.87373737373737
223.345 18.685 0 0 "KDE QDA" 19 1000 3.88383838383838
223.49 18.72 0 0 "KDE QDA" 19 1000 3.89393939393939
223.535 18.73 0 0 "KDE QDA" 19 1000 3.9040404040404
226.5 18.735 0 0 "KDE QDA" 19 1000 3.91414141414141
235.525 19.315 0 0 "KDE QDA" 19 1000 3.92424242424242
235.625 19.345 0 0 "KDE QDA" 19 1000 3.93434343434343
238.33 19.505 0 0 "KDE QDA" 19 1000 3.94444444444444
238.59 19.535 0 0 "KDE QDA" 19 1000 3.95454545454545
242.665 19.54 0 0 "KDE QDA" 19 1000 3.96464646464646
243.625 19.64 0 0 "KDE QDA" 19 1000 3.97474747474747
243.67 19.655 0 0 "KDE QDA" 19 1000 3.98484848484848
244.15 19.66 0 0 "KDE QDA" 19 1000 3.99494949494949
244.16 19.66 0 0 "KDE QDA" 19 1000 4.00505050505051
244.865 19.675 0 0 "KDE QDA" 19 1000 4.01515151515152
247.565 19.68 0 0 "KDE QDA" 19 1000 4.02525252525253
248.87 19.69 0 0 "KDE QDA" 19 1000 4.03535353535354
249.385 19.705 0 0 "KDE QDA" 19 1000 4.04545454545455
266.025 19.72 0 0 "KDE QDA" 19 1000 4.05555555555556
266.07 19.72 0 0 "KDE QDA" 19 1000 4.06565656565657
268.535 19.765 0 0 "KDE QDA" 19 1000 4.07575757575758
268.815 19.85 0 0 "KDE QDA" 19 1000 4.08585858585859
268.915 19.855 0 0 "KDE QDA" 19 1000 4.0959595959596
271.585 19.885 0 0 "KDE QDA" 19 1000 4.10606060606061
271.635 19.9 0 0 "KDE QDA" 19 1000 4.11616161616162
273.075 19.925 0 0 "KDE QDA" 19 1000 4.12626262626263
279.68 19.93 0 0 "KDE QDA" 19 1000 4.13636363636364
281.835 19.945 0 0 "KDE QDA" 19 1000 4.14646464646465
284.63 19.95 0 0 "KDE QDA" 19 1000 4.15656565656566
284.655 19.955 0 0 "KDE QDA" 19 1000 4.16666666666667
285.255 20 0 0 "KDE QDA" 19 1000 4.17676767676768
285.43 20.015 0 0 "KDE QDA" 19 1000 4.18686868686869
288.11 20.015 0 0 "KDE QDA" 19 1000 4.1969696969697
292.295 20.045 0 0 "KDE QDA" 19 1000 4.20707070707071
311.18 20.205 0 0 "KDE QDA" 19 1000 4.21717171717172
314.88 20.21 0 0 "KDE QDA" 19 1000 4.22727272727273
315.19 20.235 0 0 "KDE QDA" 19 1000 4.23737373737374
315.84 20.295 0 0 "KDE QDA" 19 1000 4.24747474747475
315.86 20.345 0 0 "KDE QDA" 19 1000 4.25757575757576
321.135 20.39 0 0 "KDE QDA" 19 1000 4.26767676767677
321.17 20.405 0 0 "KDE QDA" 19 1000 4.27777777777778
321.185 20.425 0 0 "KDE QDA" 19 1000 4.28787878787879
321.195 20.43 0 0 "KDE QDA" 19 1000 4.2979797979798
322.94 20.435 0 0 "KDE QDA" 19 1000 4.30808080808081
324.17 20.475 0 0 "KDE QDA" 19 1000 4.31818181818182
325.43 20.485 0 0 "KDE QDA" 19 1000 4.32828282828283
328.615 20.5 0 0 "KDE QDA" 19 1000 4.33838383838384
332.77 20.865 0 0 "KDE QDA" 19 1000 4.34848484848485
343.485 20.885 0 0 "KDE QDA" 19 1000 4.35858585858586
349.81 20.905 0 0 "KDE QDA" 19 1000 4.36868686868687
350.455 20.99 0 0 "KDE QDA" 19 1000 4.37878787878788
350.74 20.99 0 0 "KDE QDA" 19 1000 4.38888888888889
350.755 21.04 0 0 "KDE QDA" 19 1000 4.3989898989899
355.705 21.2 0 0 "KDE QDA" 19 1000 4.40909090909091
355.745 21.215 0 0 "KDE QDA" 19 1000 4.41919191919192
355.9 21.225 0 0 "KDE QDA" 19 1000 4.42929292929293
356.94 21.24 0 0 "KDE QDA" 19 1000 4.43939393939394
357.05 21.24 0 0 "KDE QDA" 19 1000 4.44949494949495
357.08 21.25 0 0 "KDE QDA" 19 1000 4.45959595959596
357.5 21.42 0 0 "KDE QDA" 19 1000 4.46969696969697
372.805 21.725 0 0 "KDE QDA" 19 1000 4.47979797979798
373.45 21.725 0 0 "KDE QDA" 19 1000 4.48989898989899
380.345 21.8 0 0 "KDE QDA" 19 1000 4.5
