132.38 15.06 0 0 "KDE LDA" 167 3000 2.5
133.305 15.07 0 0 "KDE LDA" 167 3000 2.51010101010101
133.31 15.135 0 0 "KDE LDA" 167 3000 2.52020202020202
136.815 15.265 0 0 "KDE LDA" 167 3000 2.53030303030303
139.24 15.295 0 0 "KDE LDA" 167 3000 2.54040404040404
141.195 15.475 0 0 "KDE LDA" 167 3000 2.55050505050505
141.2 15.53 0 0 "KDE LDA" 167 3000 2.56060606060606
141.82 15.595 0 0 "KDE LDA" 167 3000 2.57070707070707
142.53 15.605 0 0 "KDE LDA" 167 3000 2.58080808080808
142.955 15.69 0 0 "KDE LDA" 167 3000 2.59090909090909
144.595 15.7 0 0 "KDE LDA" 167 3000 2.6010101010101
148.02 15.7 0 0 "KDE LDA" 167 3000 2.61111111111111
148.07 15.725 0 0 "KDE LDA" 167 3000 2.62121212121212
148.27 15.735 0 0 "KDE LDA" 167 3000 2.63131313131313
148.3 15.765 0 0 "KDE LDA" 167 3000 2.64141414141414
148.56 15.86 0 0 "KDE LDA" 167 3000 2.65151515151515
149.84 16.21 0 0 "KDE LDA" 167 3000 2.66161616161616
164.43 16.47 0 0 "KDE LDA" 167 3000 2.67171717171717
168.335 16.475 0 0 "KDE LDA" 167 3000 2.68181818181818
174.01 16.69 0 0 "KDE LDA" 167 3000 2.69191919191919
174.015 16.69 0 0 "KDE LDA" 167 3000 2.7020202020202
175.04 16.71 0 0 "KDE LDA" 167 3000 2.71212121212121
176.78 16.74 0 0 "KDE LDA" 167 3000 2.72222222222222
179.24 16.895 0 0 "KDE LDA" 167 3000 2.73232323232323
183.285 16.925 0 0 "KDE LDA" 167 3000 2.74242424242424
186.04 16.925 0 0 "KDE LDA" 167 3000 2.75252525252525
189.12 16.93 0 0 "KDE LDA" 167 3000 2.76262626262626
191.825 16.945 0 0 "KDE LDA" 167 3000 2.77272727272727
193.285 17.18 0 0 "KDE LDA" 167 3000 2.78282828282828
200.305 17.27 0 0 "KDE LDA" 167 3000 2.79292929292929
231.175 17.72 0 0 "KDE LDA" 167 3000 2.8030303030303
233.85 17.81 0 0 "KDE LDA" 167 3000 2.81313131313131
237.255 17.965 0 0 "KDE LDA" 167 3000 2.82323232323232
237.91 18.005 0 0 "KDE LDA" 167 3000 2.83333333333333
239.745 18.06 0 0 "KDE LDA" 167 3000 2.84343434343434
240.94 18.125 0 0 "KDE LDA" 167 3000 2.85353535353535
242.555 18.145 0 0 "KDE LDA" 167 3000 2.86363636363636
242.575 18.15 0 0 "KDE LDA" 167 3000 2.87373737373737
242.58 18.215 0 0 "KDE LDA" 167 3000 2.88383838383838
252.02 18.255 0 0 "KDE LDA" 167 3000 2.89393939393939
253.16 18.26 0 0 "KDE LDA" 167 3000 2.9040404040404
253.5 18.3 0 0 "KDE LDA" 167 3000 2.91414141414141
255.91 18.305 0 0 "KDE LDA" 167 3000 2.92424242424242
258.815 18.54 0 0 "KDE LDA" 167 3000 2.93434343434343
260.39 18.6 0 0 "KDE LDA" 167 3000 2.94444444444444
260.405 18.76 0 0 "KDE LDA" 167 3000 2.95454545454545
267.66 18.815 0 0 "KDE LDA" 167 3000 2.96464646464646
267.66 18.84 0 0 "KDE LDA" 167 3000 2.97474747474747
268.36 18.97 0 0 "KDE LDA" 167 3000 2.98484848484848
269.72 18.995 0 0 "KDE LDA" 167 3000 2.99494949494949
269.78 19.065 0 0 "KDE LDA" 167 3000 3.00505050505051
269.925 19.215 0 0 "KDE LDA" 167 3000 3.01515151515152
269.94 19.23 0 0 "KDE LDA" 167 3000 3.02525252525253
272.59 19.31 0 0 "KDE LDA" 167 3000 3.03535353535354
272.775 19.335 0 0 "KDE LDA" 167 3000 3.04545454545455
275.16 19.355 0 0 "KDE LDA" 167 3000 3.05555555555556
278.865 19.37 0 0 "KDE LDA" 167 3000 3.06565656565657
282.345 19.47 0 0 "KDE LDA" 167 3000 3.07575757575758
284.84 19.505 0 0 "KDE LDA" 167 3000 3.08585858585859
292.885 19.73 0 0 "KDE LDA" 167 3000 3.0959595959596
294.045 19.765 0 0 "KDE LDA" 167 3000 3.10606060606061
294.585 19.855 0 0 "KDE LDA" 167 3000 3.11616161616162
295.55 19.905 0 0 "KDE LDA" 167 3000 3.12626262626263
295.585 19.995 0 0 "KDE LDA" 167 3000 3.13636363636364
295.59 20.055 0 0 "KDE LDA" 167 3000 3.14646464646465
297.62 20.115 0 0 "KDE LDA" 167 3000 3.15656565656566
297.66 20.285 0 0 "KDE LDA" 167 3000 3.16666666666667
303.43 20.315 0 0 "KDE LDA" 167 3000 3.17676767676768
306.73 20.38 0 0 "KDE LDA" 167 3000 3.18686868686869
316.755 20.565 0 0 "KDE LDA" 167 3000 3.1969696969697
320.8 20.75 0 0 "KDE LDA" 167 3000 3.20707070707071
337.46 20.795 0 0 "KDE LDA" 167 3000 3.21717171717172
353.515 21.07 0 0 "KDE LDA" 167 3000 3.22727272727273
354.63 21.075 0 0 "KDE LDA" 167 3000 3.23737373737374
361.965 21.125 0 0 "KDE LDA" 167 3000 3.24747474747475
365.7 21.185 0 0 "KDE LDA" 167 3000 3.25757575757576
371.335 21.2 0 0 "KDE LDA" 167 3000 3.26767676767677
375.025 21.265 0 0 "KDE LDA" 167 3000 3.27777777777778
378.425 21.415 0 0 "KDE LDA" 167 3000 3.28787878787879
383.68 21.48 0 0 "KDE LDA" 167 3000 3.2979797979798
386.085 21.51 0 0 "KDE LDA" 167 3000 3.30808080808081
394.32 21.525 0 0 "KDE LDA" 167 3000 3.31818181818182
394.895 21.545 0 0 "KDE LDA" 167 3000 3.32828282828283
414.345 21.64 0 0 "KDE LDA" 167 3000 3.33838383838384
425.955 21.755 0 0 "KDE LDA" 167 3000 3.34848484848485
465.08 22.195 0 0 "KDE LDA" 167 3000 3.35858585858586
472.815 22.275 0 0 "KDE LDA" 167 3000 3.36868686868687
472.815 22.315 0 0 "KDE LDA" 167 3000 3.37878787878788
472.865 22.365 0 0 "KDE LDA" 167 3000 3.38888888888889
484.505 22.39 0 0 "KDE LDA" 167 3000 3.3989898989899
489.8 22.42 0 0 "KDE LDA" 167 3000 3.40909090909091
489.805 22.42 0 0 "KDE LDA" 167 3000 3.41919191919192
495.985 22.44 0 0 "KDE LDA" 167 3000 3.42929292929293
496.025 22.52 0 0 "KDE LDA" 167 3000 3.43939393939394
498.335 22.52 0 0 "KDE LDA" 167 3000 3.44949494949495
498.35 22.63 0 0 "KDE LDA" 167 3000 3.45959595959596
503.175 22.635 0 0 "KDE LDA" 167 3000 3.46969696969697
509.02 22.665 0 0 "KDE LDA" 167 3000 3.47979797979798
509.02 22.68 0 0 "KDE LDA" 167 3000 3.48989898989899
509.045 22.715 0 0 "KDE LDA" 167 3000 3.5
108.205 12.06 0 0 "KDE QDA" 167 3000 2.7
108.415 12.06 0 0 "KDE QDA" 167 3000 2.71010101010101
108.415 12.06 0 0 "KDE QDA" 167 3000 2.72020202020202
108.42 12.06 0 0 "KDE QDA" 167 3000 2.73030303030303
108.42 12.085 0 0 "KDE QDA" 167 3000 2.74040404040404
109.13 12.085 0 0 "KDE QDA" 167 3000 2.75050505050505
109.13 12.085 0 0 "KDE QDA" 167 3000 2.76060606060606
109.135 12.085 0 0 "KDE QDA" 167 3000 2.77070707070707
109.14 12.085 0 0 "KDE QDA" 167 3000 2.78080808080808
109.14 12.085 0 0 "KDE QDA" 167 3000 2.79090909090909
134.34 13.425 0 0 "KDE QDA" 167 3000 2.8010101010101
134.34 13.425 0 0 "KDE QDA" 167 3000 2.81111111111111
134.35 13.425 0 0 "KDE QDA" 167 3000 2.82121212121212
145.155 13.545 0 0 "KDE QDA" 167 3000 2.83131313131313
145.155 13.545 0 0 "KDE QDA" 167 3000 2.84141414141414
145.295 13.545 0 0 "KDE QDA" 167 3000 2.85151515151515
145.33 13.56 0 0 "KDE QDA" 167 3000 2.86161616161616
146.87 13.56 0 0 "KDE QDA" 167 3000 2.87171717171717
146.905 13.56 0 0 "KDE QDA" 167 3000 2.88181818181818
146.905 13.56 0 0 "KDE QDA" 167 3000 2.89191919191919
147.205 13.56 0 0 "KDE QDA" 167 3000 2.9020202020202
147.605 13.56 0 0 "KDE QDA" 167 3000 2.91212121212121
147.605 13.56 0 0 "KDE QDA" 167 3000 2.92222222222222
147.61 13.56 0 0 "KDE QDA" 167 3000 2.93232323232323
147.61 13.565 0 0 "KDE QDA" 167 3000 2.94242424242424
148.725 13.565 0 0 "KDE QDA" 167 3000 2.95252525252525
165.01 13.695 0 0 "KDE QDA" 167 3000 2.96262626262626
165.01 13.695 0 0 "KDE QDA" 167 3000 2.97272727272727
165.01 13.725 0 0 "KDE QDA" 167 3000 2.98282828282828
165.715 13.735 0 0 "KDE QDA" 167 3000 2.99292929292929
165.715 13.735 0 0 "KDE QDA" 167 3000 3.0030303030303
166.325 13.74 0 0 "KDE QDA" 167 3000 3.01313131313131
166.325 13.74 0 0 "KDE QDA" 167 3000 3.02323232323232
166.33 13.745 0 0 "KDE QDA" 167 3000 3.03333333333333
167.16 13.745 0 0 "KDE QDA" 167 3000 3.04343434343434
167.16 13.745 0 0 "KDE QDA" 167 3000 3.05353535353535
167.39 13.745 0 0 "KDE QDA" 167 3000 3.06363636363636
167.46 13.745 0 0 "KDE QDA" 167 3000 3.07373737373737
167.46 13.745 0 0 "KDE QDA" 167 3000 3.08383838383838
179.36 14.13 0 0 "KDE QDA" 167 3000 3.09393939393939
181.03 14.13 0 0 "KDE QDA" 167 3000 3.1040404040404
181.03 14.13 0 0 "KDE QDA" 167 3000 3.11414141414141
183.685 14.165 0 0 "KDE QDA" 167 3000 3.12424242424242
184.42 14.165 0 0 "KDE QDA" 167 3000 3.13434343434343
184.445 14.195 0 0 "KDE QDA" 167 3000 3.14444444444444
184.445 14.195 0 0 "KDE QDA" 167 3000 3.15454545454545
184.445 14.195 0 0 "KDE QDA" 167 3000 3.16464646464646
185.705 14.195 0 0 "KDE QDA" 167 3000 3.17474747474748
185.705 14.195 0 0 "KDE QDA" 167 3000 3.18484848484849
189.725 14.195 0 0 "KDE QDA" 167 3000 3.19494949494949
189.73 14.195 0 0 "KDE QDA" 167 3000 3.20505050505051
189.73 14.195 0 0 "KDE QDA" 167 3000 3.21515151515152
214.465 14.99 0 0 "KDE QDA" 167 3000 3.22525252525253
216.125 15.025 0 0 "KDE QDA" 167 3000 3.23535353535354
216.565 15.065 0 0 "KDE QDA" 167 3000 3.24545454545455
220.975 15.295 0 0 "KDE QDA" 167 3000 3.25555555555556
220.98 15.3 0 0 "KDE QDA" 167 3000 3.26565656565657
220.98 15.305 0 0 "KDE QDA" 167 3000 3.27575757575758
221.01 15.305 0 0 "KDE QDA" 167 3000 3.28585858585859
221.01 15.305 0 0 "KDE QDA" 167 3000 3.2959595959596
221.025 15.31 0 0 "KDE QDA" 167 3000 3.30606060606061
221.025 15.31 0 0 "KDE QDA" 167 3000 3.31616161616162
221.76 15.31 0 0 "KDE QDA" 167 3000 3.32626262626263
221.81 15.31 0 0 "KDE QDA" 167 3000 3.33636363636364
221.815 15.31 0 0 "KDE QDA" 167 3000 3.34646464646465
221.82 15.31 0 0 "KDE QDA" 167 3000 3.35656565656566
255.265 15.88 0 0 "KDE QDA" 167 3000 3.36666666666667
256.475 15.88 0 0 "KDE QDA" 167 3000 3.37676767676768
268.19 16.09 0 0 "KDE QDA" 167 3000 3.38686868686869
270.565 16.095 0 0 "KDE QDA" 167 3000 3.3969696969697
271.315 16.095 0 0 "KDE QDA" 167 3000 3.40707070707071
271.375 16.1 0 0 "KDE QDA" 167 3000 3.41717171717172
271.38 16.1 0 0 "KDE QDA" 167 3000 3.42727272727273
271.4 16.105 0 0 "KDE QDA" 167 3000 3.43737373737374
271.72 16.105 0 0 "KDE QDA" 167 3000 3.44747474747475
271.72 16.105 0 0 "KDE QDA" 167 3000 3.45757575757576
271.73 16.105 0 0 "KDE QDA" 167 3000 3.46767676767677
271.73 16.105 0 0 "KDE QDA" 167 3000 3.47777777777778
271.73 16.105 0 0 "KDE QDA" 167 3000 3.48787878787879
276.65 16.105 0 0 "KDE QDA" 167 3000 3.4979797979798
276.665 16.11 0 0 "KDE QDA" 167 3000 3.50808080808081
289.545 16.33 0 0 "KDE QDA" 167 3000 3.51818181818182
289.665 16.34 0 0 "KDE QDA" 167 3000 3.52828282828283
292.47 16.345 0 0 "KDE QDA" 167 3000 3.53838383838384
293.66 16.43 0 0 "KDE QDA" 167 3000 3.54848484848485
296.235 16.43 0 0 "KDE QDA" 167 3000 3.55858585858586
298.835 16.49 0 0 "KDE QDA" 167 3000 3.56868686868687
298.835 16.495 0 0 "KDE QDA" 167 3000 3.57878787878788
299.585 16.5 0 0 "KDE QDA" 167 3000 3.58888888888889
305.71 16.5 0 0 "KDE QDA" 167 3000 3.5989898989899
313.275 16.5 0 0 "KDE QDA" 167 3000 3.60909090909091
313.275 16.5 0 0 "KDE QDA" 167 3000 3.61919191919192
313.64 16.5 0 0 "KDE QDA" 167 3000 3.62929292929293
313.645 16.5 0 0 "KDE QDA" 167 3000 3.63939393939394
313.645 16.5 0 0 "KDE QDA" 167 3000 3.64949494949495
331.545 16.935 0 0 "KDE QDA" 167 3000 3.65959595959596
335.135 16.935 0 0 "KDE QDA" 167 3000 3.66969696969697
342.645 17.25 0 0 "KDE QDA" 167 3000 3.67979797979798
342.65 17.25 0 0 "KDE QDA" 167 3000 3.68989898989899
342.65 17.255 0 0 "KDE QDA" 167 3000 3.7
