128.91 13.715 0 0 "KDE LDA" 27 5000 2.5
134.15 13.74 0 0 "KDE LDA" 27 5000 2.51010101010101
134.505 13.765 0 0 "KDE LDA" 27 5000 2.52020202020202
138.505 13.775 0 0 "KDE LDA" 27 5000 2.53030303030303
138.95 14.01 0 0 "KDE LDA" 27 5000 2.54040404040404
139.42 14.13 0 0 "KDE LDA" 27 5000 2.55050505050505
139.97 14.2 0 0 "KDE LDA" 27 5000 2.56060606060606
140.105 14.24 0 0 "KDE LDA" 27 5000 2.57070707070707
141.05 14.325 0 0 "KDE LDA" 27 5000 2.58080808080808
141.06 14.355 0 0 "KDE LDA" 27 5000 2.59090909090909
141.935 14.39 0 0 "KDE LDA" 27 5000 2.6010101010101
144.01 14.395 0 0 "KDE LDA" 27 5000 2.61111111111111
144.485 14.415 0 0 "KDE LDA" 27 5000 2.62121212121212
146.295 14.445 0 0 "KDE LDA" 27 5000 2.63131313131313
147.02 14.47 0 0 "KDE LDA" 27 5000 2.64141414141414
149.295 14.495 0 0 "KDE LDA" 27 5000 2.65151515151515
153.515 14.91 0 0 "KDE LDA" 27 5000 2.66161616161616
155.375 15.125 0 0 "KDE LDA" 27 5000 2.67171717171717
156.115 15.135 0 0 "KDE LDA" 27 5000 2.68181818181818
156.52 15.2 0 0 "KDE LDA" 27 5000 2.69191919191919
158.36 15.215 0 0 "KDE LDA" 27 5000 2.7020202020202
161.235 15.235 0 0 "KDE LDA" 27 5000 2.71212121212121
161.325 15.245 0 0 "KDE LDA" 27 5000 2.72222222222222
162.81 15.275 0 0 "KDE LDA" 27 5000 2.73232323232323
162.81 15.355 0 0 "KDE LDA" 27 5000 2.74242424242424
163.215 15.465 0 0 "KDE LDA" 27 5000 2.75252525252525
163.245 15.565 0 0 "KDE LDA" 27 5000 2.76262626262626
163.27 15.64 0 0 "KDE LDA" 27 5000 2.77272727272727
164.685 15.76 0 0 "KDE LDA" 27 5000 2.78282828282828
183.235 15.835 0 0 "KDE LDA" 27 5000 2.79292929292929
220.81 16.345 0 0 "KDE LDA" 27 5000 2.8030303030303
223.25 16.4 0 0 "KDE LDA" 27 5000 2.81313131313131
223.275 16.48 0 0 "KDE LDA" 27 5000 2.82323232323232
223.535 16.5 0 0 "KDE LDA" 27 5000 2.83333333333333
223.555 16.525 0 0 "KDE LDA" 27 5000 2.84343434343434
224.17 16.64 0 0 "KDE LDA" 27 5000 2.85353535353535
225.67 16.665 0 0 "KDE LDA" 27 5000 2.86363636363636
225.85 16.775 0 0 "KDE LDA" 27 5000 2.87373737373737
225.85 16.785 0 0 "KDE LDA" 27 5000 2.88383838383838
228.735 16.815 0 0 "KDE LDA" 27 5000 2.89393939393939
228.775 16.83 0 0 "KDE LDA" 27 5000 2.9040404040404
228.775 16.84 0 0 "KDE LDA" 27 5000 2.91414141414141
229.225 16.89 0 0 "KDE LDA" 27 5000 2.92424242424242
229.795 16.915 0 0 "KDE LDA" 27 5000 2.93434343434343
231.07 16.94 0 0 "KDE LDA" 27 5000 2.94444444444444
240.525 16.995 0 0 "KDE LDA" 27 5000 2.95454545454545
242.155 17 0 0 "KDE LDA" 27 5000 2.96464646464646
243.13 17 0 0 "KDE LDA" 27 5000 2.97474747474747
244.2 17.07 0 0 "KDE LDA" 27 5000 2.98484848484848
244.425 17.09 0 0 "KDE LDA" 27 5000 2.99494949494949
245.205 17.135 0 0 "KDE LDA" 27 5000 3.00505050505051
245.22 17.165 0 0 "KDE LDA" 27 5000 3.01515151515152
246.135 17.19 0 0 "KDE LDA" 27 5000 3.02525252525253
247.11 17.33 0 0 "KDE LDA" 27 5000 3.03535353535354
247.13 17.335 0 0 "KDE LDA" 27 5000 3.04545454545455
249.995 17.365 0 0 "KDE LDA" 27 5000 3.05555555555556
251.455 17.465 0 0 "KDE LDA" 27 5000 3.06565656565657
252.74 17.47 0 0 "KDE LDA" 27 5000 3.07575757575758
261.56 17.515 0 0 "KDE LDA" 27 5000 3.08585858585859
272.4 17.615 0 0 "KDE LDA" 27 5000 3.0959595959596
272.4 17.82 0 0 "KDE LDA" 27 5000 3.10606060606061
276.25 17.82 0 0 "KDE LDA" 27 5000 3.11616161616162
282.74 17.935 0 0 "KDE LDA" 27 5000 3.12626262626263
286.74 17.96 0 0 "KDE LDA" 27 5000 3.13636363636364
288.39 17.965 0 0 "KDE LDA" 27 5000 3.14646464646465
288.395 17.98 0 0 "KDE LDA" 27 5000 3.15656565656566
292.71 18.01 0 0 "KDE LDA" 27 5000 3.16666666666667
292.76 18.12 0 0 "KDE LDA" 27 5000 3.17676767676768
300.13 18.21 0 0 "KDE LDA" 27 5000 3.18686868686869
305.84 18.24 0 0 "KDE LDA" 27 5000 3.1969696969697
310.12 18.27 0 0 "KDE LDA" 27 5000 3.20707070707071
318.09 18.35 0 0 "KDE LDA" 27 5000 3.21717171717172
331.815 18.48 0 0 "KDE LDA" 27 5000 3.22727272727273
332.575 18.51 0 0 "KDE LDA" 27 5000 3.23737373737374
343.27 18.6 0 0 "KDE LDA" 27 5000 3.24747474747475
343.285 18.62 0 0 "KDE LDA" 27 5000 3.25757575757576
343.29 18.63 0 0 "KDE LDA" 27 5000 3.26767676767677
353.4 18.64 0 0 "KDE LDA" 27 5000 3.27777777777778
353.71 18.73 0 0 "KDE LDA" 27 5000 3.28787878787879
356.69 18.785 0 0 "KDE LDA" 27 5000 3.2979797979798
360.84 18.81 0 0 "KDE LDA" 27 5000 3.30808080808081
364.435 18.83 0 0 "KDE LDA" 27 5000 3.31818181818182
370.015 18.855 0 0 "KDE LDA" 27 5000 3.32828282828283
374.99 18.865 0 0 "KDE LDA" 27 5000 3.33838383838384
383.445 18.995 0 0 "KDE LDA" 27 5000 3.34848484848485
426.385 19.29 0 0 "KDE LDA" 27 5000 3.35858585858586
430.74 19.365 0 0 "KDE LDA" 27 5000 3.36868686868687
433.975 19.375 0 0 "KDE LDA" 27 5000 3.37878787878788
436.595 19.73 0 0 "KDE LDA" 27 5000 3.38888888888889
447.33 19.795 0 0 "KDE LDA" 27 5000 3.3989898989899
447.34 19.85 0 0 "KDE LDA" 27 5000 3.40909090909091
454.105 19.87 0 0 "KDE LDA" 27 5000 3.41919191919192
454.11 19.92 0 0 "KDE LDA" 27 5000 3.42929292929293
457.605 19.94 0 0 "KDE LDA" 27 5000 3.43939393939394
457.61 19.96 0 0 "KDE LDA" 27 5000 3.44949494949495
467.95 20.045 0 0 "KDE LDA" 27 5000 3.45959595959596
467.96 20.045 0 0 "KDE LDA" 27 5000 3.46969696969697
473.64 20.165 0 0 "KDE LDA" 27 5000 3.47979797979798
474.725 20.26 0 0 "KDE LDA" 27 5000 3.48989898989899
484.01 20.275 0 0 "KDE LDA" 27 5000 3.5
106.38 12.88 0 0 "KDE QDA" 27 5000 2.7
106.41 12.88 0 0 "KDE QDA" 27 5000 2.71010101010101
106.445 12.88 0 0 "KDE QDA" 27 5000 2.72020202020202
106.47 12.88 0 0 "KDE QDA" 27 5000 2.73030303030303
106.475 12.88 0 0 "KDE QDA" 27 5000 2.74040404040404
106.475 12.88 0 0 "KDE QDA" 27 5000 2.75050505050505
106.475 12.88 0 0 "KDE QDA" 27 5000 2.76060606060606
106.475 12.88 0 0 "KDE QDA" 27 5000 2.77070707070707
106.475 12.88 0 0 "KDE QDA" 27 5000 2.78080808080808
106.475 12.885 0 0 "KDE QDA" 27 5000 2.79090909090909
129.975 13.76 0 0 "KDE QDA" 27 5000 2.8010101010101
129.975 13.76 0 0 "KDE QDA" 27 5000 2.81111111111111
129.975 13.76 0 0 "KDE QDA" 27 5000 2.82121212121212
137.75 13.97 0 0 "KDE QDA" 27 5000 2.83131313131313
140.88 13.97 0 0 "KDE QDA" 27 5000 2.84141414141414
140.89 13.975 0 0 "KDE QDA" 27 5000 2.85151515151515
140.895 14.01 0 0 "KDE QDA" 27 5000 2.86161616161616
140.895 14.01 0 0 "KDE QDA" 27 5000 2.87171717171717
140.925 14.025 0 0 "KDE QDA" 27 5000 2.88181818181818
140.925 14.03 0 0 "KDE QDA" 27 5000 2.89191919191919
141.055 14.03 0 0 "KDE QDA" 27 5000 2.9020202020202
141.055 14.035 0 0 "KDE QDA" 27 5000 2.91212121212121
141.055 14.035 0 0 "KDE QDA" 27 5000 2.92222222222222
141.055 14.07 0 0 "KDE QDA" 27 5000 2.93232323232323
141.055 14.07 0 0 "KDE QDA" 27 5000 2.94242424242424
141.055 14.075 0 0 "KDE QDA" 27 5000 2.95252525252525
145.825 14.3 0 0 "KDE QDA" 27 5000 2.96262626262626
145.83 14.305 0 0 "KDE QDA" 27 5000 2.97272727272727
146.87 14.335 0 0 "KDE QDA" 27 5000 2.98282828282828
148.605 14.335 0 0 "KDE QDA" 27 5000 2.99292929292929
149.18 14.335 0 0 "KDE QDA" 27 5000 3.0030303030303
149.435 14.335 0 0 "KDE QDA" 27 5000 3.01313131313131
150.97 14.405 0 0 "KDE QDA" 27 5000 3.02323232323232
150.97 14.405 0 0 "KDE QDA" 27 5000 3.03333333333333
150.97 14.405 0 0 "KDE QDA" 27 5000 3.04343434343434
150.975 14.405 0 0 "KDE QDA" 27 5000 3.05353535353535
150.975 14.405 0 0 "KDE QDA" 27 5000 3.06363636363636
150.975 14.405 0 0 "KDE QDA" 27 5000 3.07373737373737
150.975 14.405 0 0 "KDE QDA" 27 5000 3.08383838383838
161.59 14.86 0 0 "KDE QDA" 27 5000 3.09393939393939
161.595 14.86 0 0 "KDE QDA" 27 5000 3.1040404040404
161.595 14.875 0 0 "KDE QDA" 27 5000 3.11414141414141
162.88 14.99 0 0 "KDE QDA" 27 5000 3.12424242424242
163.11 14.99 0 0 "KDE QDA" 27 5000 3.13434343434343
165.225 14.995 0 0 "KDE QDA" 27 5000 3.14444444444444
165.225 14.995 0 0 "KDE QDA" 27 5000 3.15454545454545
165.225 14.995 0 0 "KDE QDA" 27 5000 3.16464646464646
166.48 14.995 0 0 "KDE QDA" 27 5000 3.17474747474748
166.48 15 0 0 "KDE QDA" 27 5000 3.18484848484849
167.225 15 0 0 "KDE QDA" 27 5000 3.19494949494949
167.345 15 0 0 "KDE QDA" 27 5000 3.20505050505051
167.835 15 0 0 "KDE QDA" 27 5000 3.21515151515152
201.84 15.545 0 0 "KDE QDA" 27 5000 3.22525252525253
203.79 15.555 0 0 "KDE QDA" 27 5000 3.23535353535354
203.79 15.555 0 0 "KDE QDA" 27 5000 3.24545454545455
205.665 15.675 0 0 "KDE QDA" 27 5000 3.25555555555556
206.52 15.675 0 0 "KDE QDA" 27 5000 3.26565656565657
210.445 15.68 0 0 "KDE QDA" 27 5000 3.27575757575758
210.445 15.695 0 0 "KDE QDA" 27 5000 3.28585858585859
210.45 15.695 0 0 "KDE QDA" 27 5000 3.2959595959596
210.45 15.73 0 0 "KDE QDA" 27 5000 3.30606060606061
210.45 15.73 0 0 "KDE QDA" 27 5000 3.31616161616162
210.455 15.73 0 0 "KDE QDA" 27 5000 3.32626262626263
210.455 15.765 0 0 "KDE QDA" 27 5000 3.33636363636364
210.455 15.77 0 0 "KDE QDA" 27 5000 3.34646464646465
212.52 15.77 0 0 "KDE QDA" 27 5000 3.35656565656566
246.6 16.41 0 0 "KDE QDA" 27 5000 3.36666666666667
247.565 16.41 0 0 "KDE QDA" 27 5000 3.37676767676768
265.77 16.77 0 0 "KDE QDA" 27 5000 3.38686868686869
265.775 16.775 0 0 "KDE QDA" 27 5000 3.3969696969697
270.37 16.775 0 0 "KDE QDA" 27 5000 3.40707070707071
272.11 16.835 0 0 "KDE QDA" 27 5000 3.41717171717172
272.11 16.835 0 0 "KDE QDA" 27 5000 3.42727272727273
272.545 16.875 0 0 "KDE QDA" 27 5000 3.43737373737374
272.545 16.875 0 0 "KDE QDA" 27 5000 3.44747474747475
272.545 16.88 0 0 "KDE QDA" 27 5000 3.45757575757576
272.545 16.9 0 0 "KDE QDA" 27 5000 3.46767676767677
272.545 16.9 0 0 "KDE QDA" 27 5000 3.47777777777778
272.545 16.975 0 0 "KDE QDA" 27 5000 3.48787878787879
272.545 16.975 0 0 "KDE QDA" 27 5000 3.4979797979798
272.545 16.975 0 0 "KDE QDA" 27 5000 3.50808080808081
295.585 17.265 0 0 "KDE QDA" 27 5000 3.51818181818182
295.6 17.265 0 0 "KDE QDA" 27 5000 3.52828282828283
295.6 17.445 0 0 "KDE QDA" 27 5000 3.53838383838384
296.525 17.515 0 0 "KDE QDA" 27 5000 3.54848484848485
296.525 17.55 0 0 "KDE QDA" 27 5000 3.55858585858586
296.525 17.575 0 0 "KDE QDA" 27 5000 3.56868686868687
296.54 17.575 0 0 "KDE QDA" 27 5000 3.57878787878788
296.54 17.575 0 0 "KDE QDA" 27 5000 3.58888888888889
296.54 17.575 0 0 "KDE QDA" 27 5000 3.5989898989899
296.54 17.575 0 0 "KDE QDA" 27 5000 3.60909090909091
296.545 17.575 0 0 "KDE QDA" 27 5000 3.61919191919192
296.545 17.575 0 0 "KDE QDA" 27 5000 3.62929292929293
296.545 17.575 0 0 "KDE QDA" 27 5000 3.63939393939394
296.545 17.58 0 0 "KDE QDA" 27 5000 3.64949494949495
327.325 17.985 0 0 "KDE QDA" 27 5000 3.65959595959596
330.7 17.985 0 0 "KDE QDA" 27 5000 3.66969696969697
341.92 18.035 0 0 "KDE QDA" 27 5000 3.67979797979798
341.95 18.045 0 0 "KDE QDA" 27 5000 3.68989898989899
341.95 18.045 0 0 "KDE QDA" 27 5000 3.7
