154.815 14.205 0 0 "KDE LDA" 128 1000 2.5
154.835 14.225 0 0 "KDE LDA" 128 1000 2.51010101010101
155.925 14.24 0 0 "KDE LDA" 128 1000 2.52020202020202
157.82 14.325 0 0 "KDE LDA" 128 1000 2.53030303030303
159.545 14.62 0 0 "KDE LDA" 128 1000 2.54040404040404
159.565 14.65 0 0 "KDE LDA" 128 1000 2.55050505050505
161.5 14.74 0 0 "KDE LDA" 128 1000 2.56060606060606
162.01 14.765 0 0 "KDE LDA" 128 1000 2.57070707070707
162.035 14.77 0 0 "KDE LDA" 128 1000 2.58080808080808
162.285 14.785 0 0 "KDE LDA" 128 1000 2.59090909090909
163.795 14.79 0 0 "KDE LDA" 128 1000 2.6010101010101
164.375 14.84 0 0 "KDE LDA" 128 1000 2.61111111111111
166.415 14.875 0 0 "KDE LDA" 128 1000 2.62121212121212
168.27 14.885 0 0 "KDE LDA" 128 1000 2.63131313131313
171.63 15.105 0 0 "KDE LDA" 128 1000 2.64141414141414
175.6 15.12 0 0 "KDE LDA" 128 1000 2.65151515151515
177.145 15.46 0 0 "KDE LDA" 128 1000 2.66161616161616
180.545 15.715 0 0 "KDE LDA" 128 1000 2.67171717171717
183.055 15.755 0 0 "KDE LDA" 128 1000 2.68181818181818
186.54 15.8 0 0 "KDE LDA" 128 1000 2.69191919191919
186.565 15.84 0 0 "KDE LDA" 128 1000 2.7020202020202
186.57 15.865 0 0 "KDE LDA" 128 1000 2.71212121212121
186.625 15.88 0 0 "KDE LDA" 128 1000 2.72222222222222
187.47 15.93 0 0 "KDE LDA" 128 1000 2.73232323232323
188.66 15.975 0 0 "KDE LDA" 128 1000 2.74242424242424
192.445 16.005 0 0 "KDE LDA" 128 1000 2.75252525252525
198.135 16.055 0 0 "KDE LDA" 128 1000 2.76262626262626
199.115 16.115 0 0 "KDE LDA" 128 1000 2.77272727272727
202.855 16.16 0 0 "KDE LDA" 128 1000 2.78282828282828
207.25 16.255 0 0 "KDE LDA" 128 1000 2.79292929292929
238.21 16.89 0 0 "KDE LDA" 128 1000 2.8030303030303
241.61 16.91 0 0 "KDE LDA" 128 1000 2.81313131313131
244.84 16.96 0 0 "KDE LDA" 128 1000 2.82323232323232
248.785 16.985 0 0 "KDE LDA" 128 1000 2.83333333333333
253.735 17.085 0 0 "KDE LDA" 128 1000 2.84343434343434
260.655 17.09 0 0 "KDE LDA" 128 1000 2.85353535353535
265.295 17.11 0 0 "KDE LDA" 128 1000 2.86363636363636
267.23 17.12 0 0 "KDE LDA" 128 1000 2.87373737373737
267.695 17.13 0 0 "KDE LDA" 128 1000 2.88383838383838
268.89 17.13 0 0 "KDE LDA" 128 1000 2.89393939393939
270.92 17.14 0 0 "KDE LDA" 128 1000 2.9040404040404
270.935 17.21 0 0 "KDE LDA" 128 1000 2.91414141414141
273.66 17.265 0 0 "KDE LDA" 128 1000 2.92424242424242
277.13 17.345 0 0 "KDE LDA" 128 1000 2.93434343434343
278.635 17.44 0 0 "KDE LDA" 128 1000 2.94444444444444
291.755 17.49 0 0 "KDE LDA" 128 1000 2.95454545454545
298.56 17.625 0 0 "KDE LDA" 128 1000 2.96464646464646
309.91 17.635 0 0 "KDE LDA" 128 1000 2.97474747474747
313.61 17.64 0 0 "KDE LDA" 128 1000 2.98484848484848
313.625 17.685 0 0 "KDE LDA" 128 1000 2.99494949494949
318.76 17.7 0 0 "KDE LDA" 128 1000 3.00505050505051
320.145 17.73 0 0 "KDE LDA" 128 1000 3.01515151515152
322.07 17.765 0 0 "KDE LDA" 128 1000 3.02525252525253
322.09 17.765 0 0 "KDE LDA" 128 1000 3.03535353535354
323.765 17.845 0 0 "KDE LDA" 128 1000 3.04545454545455
324.695 17.945 0 0 "KDE LDA" 128 1000 3.05555555555556
327.35 17.97 0 0 "KDE LDA" 128 1000 3.06565656565657
329.83 18.02 0 0 "KDE LDA" 128 1000 3.07575757575758
331.675 18.045 0 0 "KDE LDA" 128 1000 3.08585858585859
336.26 18.085 0 0 "KDE LDA" 128 1000 3.0959595959596
336.38 18.09 0 0 "KDE LDA" 128 1000 3.10606060606061
337.385 18.27 0 0 "KDE LDA" 128 1000 3.11616161616162
339.455 18.275 0 0 "KDE LDA" 128 1000 3.12626262626263
342.42 18.305 0 0 "KDE LDA" 128 1000 3.13636363636364
345.29 18.395 0 0 "KDE LDA" 128 1000 3.14646464646465
347.105 18.395 0 0 "KDE LDA" 128 1000 3.15656565656566
348.195 18.59 0 0 "KDE LDA" 128 1000 3.16666666666667
355.055 18.845 0 0 "KDE LDA" 128 1000 3.17676767676768
356.56 18.96 0 0 "KDE LDA" 128 1000 3.18686868686869
358.34 19.51 0 0 "KDE LDA" 128 1000 3.1969696969697
366.89 19.545 0 0 "KDE LDA" 128 1000 3.20707070707071
389.53 19.555 0 0 "KDE LDA" 128 1000 3.21717171717172
427.77 19.78 0 0 "KDE LDA" 128 1000 3.22727272727273
438.45 19.82 0 0 "KDE LDA" 128 1000 3.23737373737374
438.93 20.015 0 0 "KDE LDA" 128 1000 3.24747474747475
441.925 20.025 0 0 "KDE LDA" 128 1000 3.25757575757576
451.79 20.065 0 0 "KDE LDA" 128 1000 3.26767676767677
462.23 20.185 0 0 "KDE LDA" 128 1000 3.27777777777778
475.19 20.195 0 0 "KDE LDA" 128 1000 3.28787878787879
478.1 20.27 0 0 "KDE LDA" 128 1000 3.2979797979798
482 20.66 0 0 "KDE LDA" 128 1000 3.30808080808081
488.94 20.715 0 0 "KDE LDA" 128 1000 3.31818181818182
490.09 20.735 0 0 "KDE LDA" 128 1000 3.32828282828283
503.76 20.995 0 0 "KDE LDA" 128 1000 3.33838383838384
513.47 21.195 0 0 "KDE LDA" 128 1000 3.34848484848485
554.845 21.38 0 0 "KDE LDA" 128 1000 3.35858585858586
554.87 21.495 0 0 "KDE LDA" 128 1000 3.36868686868687
556.655 21.805 0 0 "KDE LDA" 128 1000 3.37878787878788
565.205 21.885 0 0 "KDE LDA" 128 1000 3.38888888888889
565.22 21.895 0 0 "KDE LDA" 128 1000 3.3989898989899
567.08 21.9 0 0 "KDE LDA" 128 1000 3.40909090909091
567.09 21.94 0 0 "KDE LDA" 128 1000 3.41919191919192
568.45 22 0 0 "KDE LDA" 128 1000 3.42929292929293
568.465 22.02 0 0 "KDE LDA" 128 1000 3.43939393939394
573.53 22.245 0 0 "KDE LDA" 128 1000 3.44949494949495
585.365 22.26 0 0 "KDE LDA" 128 1000 3.45959595959596
589.455 22.275 0 0 "KDE LDA" 128 1000 3.46969696969697
593.045 22.42 0 0 "KDE LDA" 128 1000 3.47979797979798
594.27 22.45 0 0 "KDE LDA" 128 1000 3.48989898989899
594.995 22.55 0 0 "KDE LDA" 128 1000 3.5
108.22 14.755 0 0 "KDE QDA" 128 1000 3.5
108.76 14.76 0 0 "KDE QDA" 128 1000 3.51010101010101
110.87 14.965 0 0 "KDE QDA" 128 1000 3.52020202020202
113.665 15.065 0 0 "KDE QDA" 128 1000 3.53030303030303
113.76 15.095 0 0 "KDE QDA" 128 1000 3.54040404040404
114.015 15.115 0 0 "KDE QDA" 128 1000 3.55050505050505
114.02 15.275 0 0 "KDE QDA" 128 1000 3.56060606060606
115.3 15.275 0 0 "KDE QDA" 128 1000 3.57070707070707
115.57 15.28 0 0 "KDE QDA" 128 1000 3.58080808080808
118.05 15.29 0 0 "KDE QDA" 128 1000 3.59090909090909
118.31 15.29 0 0 "KDE QDA" 128 1000 3.6010101010101
118.325 15.33 0 0 "KDE QDA" 128 1000 3.61111111111111
119.775 15.33 0 0 "KDE QDA" 128 1000 3.62121212121212
121.24 15.345 0 0 "KDE QDA" 128 1000 3.63131313131313
121.27 15.38 0 0 "KDE QDA" 128 1000 3.64141414141414
123.545 15.475 0 0 "KDE QDA" 128 1000 3.65151515151515
123.79 15.515 0 0 "KDE QDA" 128 1000 3.66161616161616
124.105 15.61 0 0 "KDE QDA" 128 1000 3.67171717171717
125.275 15.68 0 0 "KDE QDA" 128 1000 3.68181818181818
126 15.685 0 0 "KDE QDA" 128 1000 3.69191919191919
127.4 15.69 0 0 "KDE QDA" 128 1000 3.7020202020202
128.68 15.72 0 0 "KDE QDA" 128 1000 3.71212121212121
129.46 15.735 0 0 "KDE QDA" 128 1000 3.72222222222222
129.96 15.735 0 0 "KDE QDA" 128 1000 3.73232323232323
130.65 15.745 0 0 "KDE QDA" 128 1000 3.74242424242424
131.31 15.75 0 0 "KDE QDA" 128 1000 3.75252525252525
131.365 15.79 0 0 "KDE QDA" 128 1000 3.76262626262626
131.61 15.79 0 0 "KDE QDA" 128 1000 3.77272727272727
135.16 15.815 0 0 "KDE QDA" 128 1000 3.78282828282828
138.08 16.225 0 0 "KDE QDA" 128 1000 3.79292929292929
138.1 16.255 0 0 "KDE QDA" 128 1000 3.8030303030303
138.825 16.3 0 0 "KDE QDA" 128 1000 3.81313131313131
138.85 16.325 0 0 "KDE QDA" 128 1000 3.82323232323232
140.775 16.545 0 0 "KDE QDA" 128 1000 3.83333333333333
142.565 16.555 0 0 "KDE QDA" 128 1000 3.84343434343434
142.625 16.58 0 0 "KDE QDA" 128 1000 3.85353535353535
143.875 16.595 0 0 "KDE QDA" 128 1000 3.86363636363636
143.875 16.6 0 0 "KDE QDA" 128 1000 3.87373737373737
145.045 16.615 0 0 "KDE QDA" 128 1000 3.88383838383838
145.65 16.615 0 0 "KDE QDA" 128 1000 3.89393939393939
145.67 16.625 0 0 "KDE QDA" 128 1000 3.9040404040404
145.695 16.64 0 0 "KDE QDA" 128 1000 3.91414141414141
150.19 16.935 0 0 "KDE QDA" 128 1000 3.92424242424242
150.21 16.94 0 0 "KDE QDA" 128 1000 3.93434343434343
150.6 17.06 0 0 "KDE QDA" 128 1000 3.94444444444444
150.61 17.155 0 0 "KDE QDA" 128 1000 3.95454545454545
150.975 17.23 0 0 "KDE QDA" 128 1000 3.96464646464646
151.54 17.33 0 0 "KDE QDA" 128 1000 3.97474747474747
151.54 17.335 0 0 "KDE QDA" 128 1000 3.98484848484848
151.54 17.35 0 0 "KDE QDA" 128 1000 3.99494949494949
152.255 17.38 0 0 "KDE QDA" 128 1000 4.00505050505051
152.265 17.385 0 0 "KDE QDA" 128 1000 4.01515151515152
152.28 17.4 0 0 "KDE QDA" 128 1000 4.02525252525253
152.28 17.41 0 0 "KDE QDA" 128 1000 4.03535353535354
152.445 17.41 0 0 "KDE QDA" 128 1000 4.04545454545455
152.82 17.435 0 0 "KDE QDA" 128 1000 4.05555555555556
154.935 17.46 0 0 "KDE QDA" 128 1000 4.06565656565657
154.96 17.515 0 0 "KDE QDA" 128 1000 4.07575757575758
159.425 17.645 0 0 "KDE QDA" 128 1000 4.08585858585859
159.465 17.705 0 0 "KDE QDA" 128 1000 4.0959595959596
159.6 17.725 0 0 "KDE QDA" 128 1000 4.10606060606061
160.59 17.815 0 0 "KDE QDA" 128 1000 4.11616161616162
160.605 17.82 0 0 "KDE QDA" 128 1000 4.12626262626263
161.075 17.825 0 0 "KDE QDA" 128 1000 4.13636363636364
165.465 17.86 0 0 "KDE QDA" 128 1000 4.14646464646465
165.47 17.875 0 0 "KDE QDA" 128 1000 4.15656565656566
168.35 17.92 0 0 "KDE QDA" 128 1000 4.16666666666667
169.085 17.92 0 0 "KDE QDA" 128 1000 4.17676767676768
169.085 17.95 0 0 "KDE QDA" 128 1000 4.18686868686869
171.37 17.955 0 0 "KDE QDA" 128 1000 4.1969696969697
172.38 17.985 0 0 "KDE QDA" 128 1000 4.20707070707071
177.115 18.155 0 0 "KDE QDA" 128 1000 4.21717171717172
177.135 18.18 0 0 "KDE QDA" 128 1000 4.22727272727273
184.83 18.31 0 0 "KDE QDA" 128 1000 4.23737373737374
185.03 18.345 0 0 "KDE QDA" 128 1000 4.24747474747475
185.21 18.38 0 0 "KDE QDA" 128 1000 4.25757575757576
193.22 18.45 0 0 "KDE QDA" 128 1000 4.26767676767677
198.87 18.465 0 0 "KDE QDA" 128 1000 4.27777777777778
198.87 18.47 0 0 "KDE QDA" 128 1000 4.28787878787879
198.91 18.475 0 0 "KDE QDA" 128 1000 4.2979797979798
199.29 18.485 0 0 "KDE QDA" 128 1000 4.30808080808081
199.405 18.49 0 0 "KDE QDA" 128 1000 4.31818181818182
200.1 18.53 0 0 "KDE QDA" 128 1000 4.32828282828283
200.19 18.535 0 0 "KDE QDA" 128 1000 4.33838383838384
209.74 19.02 0 0 "KDE QDA" 128 1000 4.34848484848485
212.965 19.065 0 0 "KDE QDA" 128 1000 4.35858585858586
213.1 19.075 0 0 "KDE QDA" 128 1000 4.36868686868687
218.085 19.495 0 0 "KDE QDA" 128 1000 4.37878787878788
220.215 19.5 0 0 "KDE QDA" 128 1000 4.38888888888889
221.55 19.61 0 0 "KDE QDA" 128 1000 4.3989898989899
222.94 19.615 0 0 "KDE QDA" 128 1000 4.40909090909091
223.02 19.625 0 0 "KDE QDA" 128 1000 4.41919191919192
227.25 19.63 0 0 "KDE QDA" 128 1000 4.42929292929293
227.26 19.66 0 0 "KDE QDA" 128 1000 4.43939393939394
230.55 19.67 0 0 "KDE QDA" 128 1000 4.44949494949495
231.01 19.71 0 0 "KDE QDA" 128 1000 4.45959595959596
232.9 19.725 0 0 "KDE QDA" 128 1000 4.46969696969697
239.86 20.265 0 0 "KDE QDA" 128 1000 4.47979797979798
241.96 20.27 0 0 "KDE QDA" 128 1000 4.48989898989899
241.99 20.41 0 0 "KDE QDA" 128 1000 4.5
