32.403 9.457 0 0 27.0071097116107 6.06010526937246 "LDA" 42 1000 1.5
34.383 9.764 0 0 28.351298155589 6.26382786637209 "LDA" 42 1000 1.53535353535354
36.305 10.017 0 0 29.6232258626658 6.34531118023174 "LDA" 42 1000 1.57070707070707
38.693 10.225 0 0 31.645603094193 6.40807603251073 "LDA" 42 1000 1.60606060606061
41.473 10.531 0 0 33.7375976693139 6.5897240809812 "LDA" 42 1000 1.64141414141414
44.171 10.82 0 0 36.5097894231633 6.97769935496567 "LDA" 42 1000 1.67676767676768
45.57 11.081 0 0 37.2432834503372 7.20015842056835 "LDA" 42 1000 1.71212121212121
47.618 11.32 0 0 38.5075435065249 7.27272249522093 "LDA" 42 1000 1.74747474747475
49.663 11.531 0 0 39.900419477425 7.37261109746027 "LDA" 42 1000 1.78282828282828
51.705 11.808 0 0 42.6713113908609 7.53365063510991 "LDA" 42 1000 1.81818181818182
54.453 12.013 0 0 45.5604823125101 7.63000970170078 "LDA" 42 1000 1.85353535353535
56.89 12.289 0 0 48.130223544239 7.80386951322095 "LDA" 42 1000 1.88888888888889
59.054 12.595 0 0 49.2191386313049 8.08717363343816 "LDA" 42 1000 1.92424242424242
61.851 12.844 0 0 52.5934679582158 8.23550165366309 "LDA" 42 1000 1.95959595959596
64.672 13.222 0 0 56.5245383832494 8.63129278933435 "LDA" 42 1000 1.99494949494949
68.597 13.523 0 0 61.2195428227247 8.70662255276271 "LDA" 42 1000 2.03030303030303
72.067 13.856 0 0 64.045517714664 9.06937249855344 "LDA" 42 1000 2.06565656565657
76.308 14.29 0 0 68.5024212544178 9.42458077172257 "LDA" 42 1000 2.1010101010101
80.786 14.673 0 0 72.9831401266261 9.73513450568834 "LDA" 42 1000 2.13636363636364
83.228 14.968 0 0 74.0783072944544 9.88973117848927 "LDA" 42 1000 2.17171717171717
86.594 15.241 0 0 78.6846391390114 10.0167486867873 "LDA" 42 1000 2.20707070707071
91.255 15.564 0 0 83.8074439573399 10.2235230925755 "LDA" 42 1000 2.24242424242424
97.904 15.87 0 0 92.5071800584277 10.3083151562882 "LDA" 42 1000 2.27777777777778
100.316 16.093 0 0 93.7992881127061 10.3896244058818 "LDA" 42 1000 2.31313131313131
105.722 16.366 0 0 99.5034454260336 10.5202052602941 "LDA" 42 1000 2.34848484848485
110.316 16.597 0 0 104.161056396667 10.5677939641757 "LDA" 42 1000 2.38383838383838
113.912 16.841 0 0 106.580737986325 10.7585066093982 "LDA" 42 1000 2.41919191919192
119.076 17.197 0 0 112.140053574161 11.0646562358538 "LDA" 42 1000 2.45454545454545
123.79 17.39 0 0 115.543230602827 11.2410970221888 "LDA" 42 1000 2.48989898989899
129.729 17.564 0 0 122.084299298211 11.2736417806758 "LDA" 42 1000 2.52525252525253
134.031 17.808 0 0 125.606118226526 11.3353264454812 "LDA" 42 1000 2.56060606060606
139.926 18.154 0 0 132.980601458876 11.4297385325703 "LDA" 42 1000 2.5959595959596
147.258 18.477 0 0 138.992303010981 11.562922302436 "LDA" 42 1000 2.63131313131313
155.246 18.702 0 0 152.698698017948 11.6452912719609 "LDA" 42 1000 2.66666666666667
162.418 19.014 0 0 162.117572716172 11.846524559724 "LDA" 42 1000 2.7020202020202
168.539 19.23 0 0 166.801424436946 11.9171774812293 "LDA" 42 1000 2.73737373737374
176.169 19.498 0 0 173.597149773288 12.0250820620318 "LDA" 42 1000 2.77272727272727
180.765 19.873 0 0 175.271806007073 12.1812665291526 "LDA" 42 1000 2.80808080808081
186.195 20.231 0 0 179.211611724176 12.4125626165877 "LDA" 42 1000 2.84343434343434
192.152 20.506 0 0 183.93924143733 12.534555400136 "LDA" 42 1000 2.87878787878788
196.994 20.814 0 0 187.314229530446 12.6179481936096 "LDA" 42 1000 2.91414141414141
205.924 21.256 0 0 195.768141916374 12.9294096397954 "LDA" 42 1000 2.94949494949495
213.663 21.537 0 0 201.148298697924 12.98735162773 "LDA" 42 1000 2.98484848484848
223.026 21.726 0 0 208.98038215135 13.0436598031787 "LDA" 42 1000 3.02020202020202
231.767 22.066 0 0 214.835250589599 13.1473380003899 "LDA" 42 1000 3.05555555555556
238.502 22.392 0 0 220.300822623177 13.3220799357238 "LDA" 42 1000 3.09090909090909
247.709 22.692 0 0 230.975158497278 13.4670894590664 "LDA" 42 1000 3.12626262626263
257.663 22.991 0 0 240.090714068624 13.6160315553143 "LDA" 42 1000 3.16161616161616
266.196 23.185 0 0 247.183075992385 13.6487751854906 "LDA" 42 1000 3.1969696969697
277.35 23.491 0 0 256.433425281498 13.6913612315347 "LDA" 42 1000 3.23232323232323
284.679 23.78 0 0 263.707636743187 13.8697501769127 "LDA" 42 1000 3.26767676767677
291.582 24.028 0 0 265.930216703849 13.9646061966038 "LDA" 42 1000 3.3030303030303
302.889 24.277 0 0 276.115813784038 13.9952898912148 "LDA" 42 1000 3.33838383838384
316.684 24.819 0 0 290.530142855966 14.3422431627322 "LDA" 42 1000 3.37373737373737
324.686 25.037 0 0 298.972319541211 14.3905079033965 "LDA" 42 1000 3.40909090909091
332.147 25.286 0 0 306.034917553147 14.4647652394857 "LDA" 42 1000 3.44444444444444
344 25.572 0 0 320.001736106402 14.5838782738168 "LDA" 42 1000 3.47979797979798
353.352 25.9 0 0 329.041286564869 14.8222703962551 "LDA" 42 1000 3.51515151515152
370.069 26.282 0 0 343.037713833497 14.9246514606279 "LDA" 42 1000 3.55050505050505
382.792 26.546 0 0 351.332482485251 15.0113031820433 "LDA" 42 1000 3.58585858585859
394.491 26.846 0 0 363.584476553373 15.3143335739043 "LDA" 42 1000 3.62121212121212
407.942 27.177 0 0 374.887622315495 15.3408935207182 "LDA" 42 1000 3.65656565656566
419.675 27.488 0 0 388.189255741672 15.3712762037552 "LDA" 42 1000 3.69191919191919
429.607 27.738 0 0 394.748462821453 15.4278116845317 "LDA" 42 1000 3.72727272727273
449.403 28.033 0 0 424.508838948432 15.6179970813428 "LDA" 42 1000 3.76262626262626
464.825 28.27 0 0 441.70196399835 15.6262368879804 "LDA" 42 1000 3.7979797979798
480.953 28.666 0 0 447.619894957051 15.6777624754375 "LDA" 42 1000 3.83333333333333
499.269 28.915 0 0 463.757060593421 15.6980955916699 "LDA" 42 1000 3.86868686868687
517.32 29.276 0 0 482.009201645021 15.9341055512922 "LDA" 42 1000 3.9040404040404
538.042 29.534 0 0 501.33193988609 16.2556171549741 "LDA" 42 1000 3.93939393939394
558.137 29.854 0 0 513.349746462578 16.3466172615589 "LDA" 42 1000 3.97474747474747
574.965 30.216 0 0 527.989113788608 16.6901139571875 "LDA" 42 1000 4.01010101010101
595.919 30.57 0 0 543.458632947094 16.8118332652254 "LDA" 42 1000 4.04545454545454
626.538 30.796 0 0 567.422428855935 16.846132380347 "LDA" 42 1000 4.08080808080808
651.037 31.192 0 0 600.980394909906 16.8906610418429 "LDA" 42 1000 4.11616161616162
681.041 31.425 0 0 649.047076433156 17.0040440046629 "LDA" 42 1000 4.15151515151515
696.209 31.723 0 0 661.080069414573 17.2291356171491 "LDA" 42 1000 4.18686868686869
721.744 32.009 0 0 680.586478280621 17.316719891128 "LDA" 42 1000 4.22222222222222
736.791 32.384 0 0 686.622307759158 17.4278591420253 "LDA" 42 1000 4.25757575757576
775.207 32.713 0 0 740.229064018847 17.6559441368442 "LDA" 42 1000 4.29292929292929
802.401 33.065 0 0 761.309402414817 18.0160859887589 "LDA" 42 1000 4.32828282828283
837.206 33.655 0 0 787.168248480219 18.5541971864383 "LDA" 42 1000 4.36363636363636
869.751 33.933 0 0 805.942238557386 18.7712245170599 "LDA" 42 1000 4.3989898989899
902.981 34.285 0 0 830.942527569219 19.1110702999075 "LDA" 42 1000 4.43434343434343
940.926 34.641 0 0 859.719030460147 19.2798815565043 "LDA" 42 1000 4.46969696969697
986.979 34.959 0 0 932.886733862808 19.4120103323985 "LDA" 42 1000 4.50505050505051
1007.867 35.272 0 0 943.11937285927 19.5349335711599 "LDA" 42 1000 4.54040404040404
1042.757 35.619 0 0 977.687051116522 19.6950687923331 "LDA" 42 1000 4.57575757575758
1078.127 35.868 0 0 1007.86256693302 19.6899535365188 "LDA" 42 1000 4.61111111111111
1111.242 36.238 0 0 1032.49616355886 19.8260037936652 "LDA" 42 1000 4.64646464646465
1157.291 36.578 0 0 1069.00416660892 19.8779538446252 "LDA" 42 1000 4.68181818181818
1186.817 37.006 0 0 1109.96356094136 20.0260082144447 "LDA" 42 1000 4.71717171717172
1238.021 37.345 0 0 1162.62175013755 20.1060246500204 "LDA" 42 1000 4.75252525252525
1259.11 37.66 0 0 1174.83518061114 20.1318576314182 "LDA" 42 1000 4.78787878787879
1302.328 38.047 0 0 1211.50274837712 20.266413558361 "LDA" 42 1000 4.82323232323232
1327.971 38.365 0 0 1228.58106024006 20.558658356844 "LDA" 42 1000 4.85858585858586
1353.117 38.657 0 0 1243.17603579178 20.6346102007801 "LDA" 42 1000 4.89393939393939
1390.916 39.164 0 0 1296.74819175383 21.3581664773752 "LDA" 42 1000 4.92929292929293
1441.814 39.451 0 0 1347.89132069927 21.360099551567 "LDA" 42 1000 4.96464646464646
1465.047 39.653 0 0 1364.52257315284 21.3974868487737 "LDA" 42 1000 5
24.018 8.294 0 0 20.0309988996285 4.91443951185847 "uLSIF" 42 1000 1.5
24.927 8.49 0 0 20.9465612793468 5.13890146902121 "uLSIF" 42 1000 1.53535353535354
25.772 8.744 0 0 21.5390795520131 5.2953285549156 "uLSIF" 42 1000 1.57070707070707
26.61 9.068 0 0 22.1273477741802 5.54546013673601 "uLSIF" 42 1000 1.60606060606061
27.793 9.383 0 0 22.789416589911 5.86913603162831 "uLSIF" 42 1000 1.64141414141414
29.132 9.64 0 0 24.0219822585821 6.03861448221899 "uLSIF" 42 1000 1.67676767676768
30.309 9.88 0 0 24.6926962531079 6.12773605413526 "uLSIF" 42 1000 1.71212121212121
31.634 10.103 0 0 26.4908627607673 6.2219855435467 "uLSIF" 42 1000 1.74747474747475
33.185 10.381 0 0 28.2961737421943 6.46356067633132 "uLSIF" 42 1000 1.78282828282828
34.471 10.655 0 0 30.1596213796155 6.56712281765022 "uLSIF" 42 1000 1.81818181818182
36.243 10.846 0 0 31.9839792071894 6.5995331530221 "uLSIF" 42 1000 1.85353535353535
37.227 11.091 0 0 32.7373977006146 6.6983271483697 "uLSIF" 42 1000 1.88888888888889
38.951 11.311 0 0 34.8858943503621 6.87251849837529 "uLSIF" 42 1000 1.92424242424242
39.944 11.564 0 0 35.6060198934485 7.01035299033145 "uLSIF" 42 1000 1.95959595959596
41.512 11.776 0 0 36.6909809637748 7.07982683036442 "uLSIF" 42 1000 1.99494949494949
42.528 12.027 0 0 37.4338150140552 7.14418017062212 "uLSIF" 42 1000 2.03030303030303
43.729 12.291 0 0 38.5594396923683 7.41804194827357 "uLSIF" 42 1000 2.06565656565657
45.647 12.504 0 0 39.8136348066403 7.50855261434335 "uLSIF" 42 1000 2.1010101010101
47.623 12.764 0 0 42.405507874545 7.69347083529232 "uLSIF" 42 1000 2.13636363636364
49.587 13.019 0 0 44.032048013376 7.85329951761126 "uLSIF" 42 1000 2.17171717171717
50.925 13.198 0 0 45.9964242745678 7.91349603016388 "uLSIF" 42 1000 2.20707070707071
52.389 13.439 0 0 48.2457597342226 7.97005651176959 "uLSIF" 42 1000 2.24242424242424
54.107 13.666 0 0 49.3007516688652 8.06408540836923 "uLSIF" 42 1000 2.27777777777778
55.804 13.866 0 0 50.4821555802843 8.17072853574299 "uLSIF" 42 1000 2.31313131313131
57.353 14.055 0 0 51.3633973719573 8.19347960930569 "uLSIF" 42 1000 2.34848484848485
58.647 14.292 0 0 52.2847978966266 8.29346233593169 "uLSIF" 42 1000 2.38383838383838
60.688 14.615 0 0 53.9791478666013 8.50206210633985 "uLSIF" 42 1000 2.41919191919192
62.582 14.766 0 0 55.2000754014369 8.53428837561036 "uLSIF" 42 1000 2.45454545454545
64.929 15.013 0 0 57.4116718016385 8.65827908979589 "uLSIF" 42 1000 2.48989898989899
66.668 15.23 0 0 58.5101120252663 8.79638996841753 "uLSIF" 42 1000 2.52525252525253
68.998 15.458 0 0 60.4194049995571 8.85588294088527 "uLSIF" 42 1000 2.56060606060606
72.208 15.649 0 0 63.4144788840225 8.91410456861822 "uLSIF" 42 1000 2.5959595959596
74.61 15.907 0 0 65.5122412511872 9.01596576294734 "uLSIF" 42 1000 2.63131313131313
76.525 16.15 0 0 66.1167361399351 9.1076038807388 "uLSIF" 42 1000 2.66666666666667
79.32 16.383 0 0 67.8277096635158 9.18742182114872 "uLSIF" 42 1000 2.7020202020202
81.343 16.595 0 0 70.103179719659 9.25259885575861 "uLSIF" 42 1000 2.73737373737374
83.368 16.823 0 0 71.143150927717 9.36554239669996 "uLSIF" 42 1000 2.77272727272727
85.989 17.092 0 0 73.1878496769808 9.61477924759482 "uLSIF" 42 1000 2.80808080808081
88.269 17.493 0 0 75.9827876760456 9.88390826761573 "uLSIF" 42 1000 2.84343434343434
90.468 17.682 0 0 77.5814401506949 9.91378631800984 "uLSIF" 42 1000 2.87878787878788
92.91 17.881 0 0 80.642923937449 9.95650395324438 "uLSIF" 42 1000 2.91414141414141
94.976 18.073 0 0 81.8299796503065 10.0365533627537 "uLSIF" 42 1000 2.94949494949495
97 18.302 0 0 83.9820515645158 10.087941443256 "uLSIF" 42 1000 2.98484848484848
100.878 18.536 0 0 93.0940794230418 10.1638579293499 "uLSIF" 42 1000 3.02020202020202
103.243 18.834 0 0 94.0326330966388 10.3128462995818 "uLSIF" 42 1000 3.05555555555556
105.793 19.091 0 0 96.5747836644734 10.4671046273207 "uLSIF" 42 1000 3.09090909090909
108.429 19.292 0 0 98.0143447193867 10.4767599236834 "uLSIF" 42 1000 3.12626262626263
111.518 19.471 0 0 99.1707644243832 10.5285330891349 "uLSIF" 42 1000 3.16161616161616
114.253 19.664 0 0 101.86795409289 10.5788948863772 "uLSIF" 42 1000 3.1969696969697
116.529 19.951 0 0 102.560752078302 10.8814983346048 "uLSIF" 42 1000 3.23232323232323
119.569 20.263 0 0 104.936661572312 11.0547744906461 "uLSIF" 42 1000 3.26767676767677
122.317 20.497 0 0 107.670187983399 11.0981602151059 "uLSIF" 42 1000 3.3030303030303
125.74 20.809 0 0 110.275496303962 11.3235481074503 "uLSIF" 42 1000 3.33838383838384
129.276 21.042 0 0 113.160811207737 11.3789154015537 "uLSIF" 42 1000 3.37373737373737
133.397 21.229 0 0 117.546767857026 11.4513620453068 "uLSIF" 42 1000 3.40909090909091
135.518 21.542 0 0 119.15103291472 11.5981357447114 "uLSIF" 42 1000 3.44444444444444
137.894 21.864 0 0 121.038279188978 11.7521750164647 "uLSIF" 42 1000 3.47979797979798
142.892 22.143 0 0 129.90378489224 11.8022813406919 "uLSIF" 42 1000 3.51515151515152
145.844 22.397 0 0 131.209868888334 11.8927216324872 "uLSIF" 42 1000 3.55050505050505
148.609 22.651 0 0 132.815127063814 11.9259980055519 "uLSIF" 42 1000 3.58585858585859
151.635 22.999 0 0 134.958488316106 12.1991728743722 "uLSIF" 42 1000 3.62121212121212
156.65 23.257 0 0 141.044578318605 12.2558213170785 "uLSIF" 42 1000 3.65656565656566
160.363 23.653 0 0 144.534159818205 12.6194231580069 "uLSIF" 42 1000 3.69191919191919
162.934 23.837 0 0 147.12890456521 12.6329736413492 "uLSIF" 42 1000 3.72727272727273
167.176 24.111 0 0 150.978500229442 12.6950322111778 "uLSIF" 42 1000 3.76262626262626
170.405 24.393 0 0 153.081896519615 12.7512016745146 "uLSIF" 42 1000 3.7979797979798
172.995 24.604 0 0 155.732480814314 12.7429025565436 "uLSIF" 42 1000 3.83333333333333
176.581 24.834 0 0 158.828290505391 12.8305520951776 "uLSIF" 42 1000 3.86868686868687
181.17 25.058 0 0 162.087653778773 12.8636740517673 "uLSIF" 42 1000 3.9040404040404
188.37 25.319 0 0 169.709393901394 13.0693552651631 "uLSIF" 42 1000 3.93939393939394
194.26 25.572 0 0 175.141408333132 13.1244454003614 "uLSIF" 42 1000 3.97474747474747
197.669 25.804 0 0 176.35254934551 13.2388387274281 "uLSIF" 42 1000 4.01010101010101
204.485 25.974 0 0 181.516732284104 13.277786849608 "uLSIF" 42 1000 4.04545454545454
210.896 26.28 0 0 185.995369462418 13.296405318521 "uLSIF" 42 1000 4.08080808080808
219.867 26.577 0 0 193.866148139365 13.5769807175751 "uLSIF" 42 1000 4.11616161616162
224.332 26.805 0 0 201.038419766527 13.5542869120324 "uLSIF" 42 1000 4.15151515151515
229.109 27.038 0 0 205.268024984607 13.6717033127358 "uLSIF" 42 1000 4.18686868686869
234.922 27.199 0 0 209.197044241355 13.6745893318005 "uLSIF" 42 1000 4.22222222222222
239.428 27.442 0 0 211.781595659916 13.9005705588606 "uLSIF" 42 1000 4.25757575757576
245.561 27.649 0 0 219.996756457571 13.9916963434234 "uLSIF" 42 1000 4.29292929292929
254.718 27.885 0 0 226.381746550315 14.0564347669798 "uLSIF" 42 1000 4.32828282828283
262.198 28.196 0 0 234.511377938006 14.2267348321385 "uLSIF" 42 1000 4.36363636363636
266.978 28.416 0 0 239.619529744625 14.2939589079185 "uLSIF" 42 1000 4.3989898989899
271.489 28.722 0 0 243.159821059273 14.3350692433002 "uLSIF" 42 1000 4.43434343434343
278.922 28.901 0 0 254.099631126333 14.333968803568 "uLSIF" 42 1000 4.46969696969697
284.563 29.163 0 0 257.439886820839 14.4135415905037 "uLSIF" 42 1000 4.50505050505051
287.965 29.443 0 0 261.35912528046 14.5774226889479 "uLSIF" 42 1000 4.54040404040404
294.284 29.758 0 0 271.591091652626 14.6493016228774 "uLSIF" 42 1000 4.57575757575758
298.631 29.924 0 0 275.983611456899 14.7136234393407 "uLSIF" 42 1000 4.61111111111111
305.306 30.137 0 0 282.56665103348 14.7762840243943 "uLSIF" 42 1000 4.64646464646465
309.184 30.392 0 0 286.870268056302 14.8640262134886 "uLSIF" 42 1000 4.68181818181818
317.848 30.654 0 0 296.193459518372 14.9125003492596 "uLSIF" 42 1000 4.71717171717172
326.396 30.846 0 0 301.522026917963 14.9580087587227 "uLSIF" 42 1000 4.75252525252525
333.171 31.026 0 0 309.190129686081 15.0833295671357 "uLSIF" 42 1000 4.78787878787879
341.224 31.293 0 0 317.273999272891 15.2567335599374 "uLSIF" 42 1000 4.82323232323232
346.302 31.541 0 0 318.871371790802 15.3338007175144 "uLSIF" 42 1000 4.85858585858586
355.48 31.743 0 0 321.786619094437 15.4121538237031 "uLSIF" 42 1000 4.89393939393939
362.91 31.954 0 0 325.894447775796 15.4977438378644 "uLSIF" 42 1000 4.92929292929293
370.529 32.26 0 0 332.724129731382 15.8133001128942 "uLSIF" 42 1000 4.96464646464646
380.362 32.501 0 0 343.768593390673 15.8124644832181 "uLSIF" 42 1000 5
