64.566 17.918 0 0 56.2624306718534 12.573120510015 "LDA" 22 200 1.5
67.182 18.418 0 0 58.7730818585443 13.1220983636561 "LDA" 22 200 1.53535353535354
70.771 18.877 0 0 60.8180021736031 13.2067516554711 "LDA" 22 200 1.57070707070707
74.057 19.313 0 0 62.7524790317054 13.4793443358245 "LDA" 22 200 1.60606060606061
77.457 19.831 0 0 65.3816557752395 13.8478952625734 "LDA" 22 200 1.64141414141414
80.859 20.314 0 0 68.1761182680717 14.0314035037228 "LDA" 22 200 1.67676767676768
85.629 20.864 0 0 73.3764094001366 14.5012340781669 "LDA" 22 200 1.71212121212121
89.642 21.436 0 0 78.2923593304578 14.8604420101401 "LDA" 22 200 1.74747474747475
93.144 22.028 0 0 80.8620178447825 15.1570099607723 "LDA" 22 200 1.78282828282828
97.876 22.648 0 0 84.4205511321352 15.6317768807148 "LDA" 22 200 1.81818181818182
101.912 23.131 0 0 87.3496434807619 15.6604306482321 "LDA" 22 200 1.85353535353535
107.102 23.582 0 0 91.3634219525017 15.7464671347965 "LDA" 22 200 1.88888888888889
114.703 24.059 0 0 104.111026778612 15.9651622417502 "LDA" 22 200 1.92424242424242
120.692 24.618 0 0 107.601241457351 16.1607315813748 "LDA" 22 200 1.95959595959596
126.402 25.181 0 0 114.498359247066 16.5470856964314 "LDA" 22 200 1.99494949494949
132.754 25.553 0 0 120.655058439865 16.6267146074815 "LDA" 22 200 2.03030303030303
137.842 25.955 0 0 124.341521021137 16.73071701667 "LDA" 22 200 2.06565656565657
144.349 26.625 0 0 128.558291966848 17.1939526289625 "LDA" 22 200 2.1010101010101
149.754 27.287 0 0 134.014706004324 17.5717214978043 "LDA" 22 200 2.13636363636364
157.723 27.637 0 0 144.711920071606 17.6087847479688 "LDA" 22 200 2.17171717171717
167.003 28.378 0 0 152.150928015231 18.2533915287626 "LDA" 22 200 2.20707070707071
173.336 28.83 0 0 158.893058715943 18.3466536376446 "LDA" 22 200 2.24242424242424
182.962 29.493 0 0 166.676818177327 18.8958462103184 "LDA" 22 200 2.27777777777778
192.82 30.272 0 0 175.949002985671 19.3561017427238 "LDA" 22 200 2.31313131313131
201.546 30.991 0 0 184.163172100064 20.124759002903 "LDA" 22 200 2.34848484848485
210.26 31.592 0 0 191.489019122362 20.4858782386113 "LDA" 22 200 2.38383838383838
218.553 32.146 0 0 197.309128230508 20.8384002006613 "LDA" 22 200 2.41919191919192
227.6 32.77 0 0 204.388989084194 20.8821733822216 "LDA" 22 200 2.45454545454545
238.581 33.198 0 0 214.392181402323 21.1131845670558 "LDA" 22 200 2.48989898989899
253.267 33.724 0 0 233.728313722655 21.2751605506623 "LDA" 22 200 2.52525252525253
260.867 34.269 0 0 240.513138686602 21.6141113351627 "LDA" 22 200 2.56060606060606
271.88 34.803 0 0 249.205732472383 21.9573294212961 "LDA" 22 200 2.5959595959596
284.629 35.195 0 0 261.753613754067 22.1294529459652 "LDA" 22 200 2.63131313131313
299.461 35.693 0 0 278.525454685757 22.3249894995755 "LDA" 22 200 2.66666666666667
313.398 36.131 0 0 295.413297961708 22.4095074694877 "LDA" 22 200 2.7020202020202
323.686 36.542 0 0 307.804546819963 22.5457434241266 "LDA" 22 200 2.73737373737374
333.741 37.037 0 0 312.84188652571 22.9872147735006 "LDA" 22 200 2.77272727272727
343.367 37.518 0 0 319.180178421683 23.3374873179251 "LDA" 22 200 2.80808080808081
356.964 37.906 0 0 331.902449433474 23.4526158282864 "LDA" 22 200 2.84343434343434
368.97 38.443 0 0 337.004856602058 23.9001248316189 "LDA" 22 200 2.87878787878788
381.881 38.86 0 0 352.207551023538 23.9623578680103 "LDA" 22 200 2.91414141414141
401.906 39.378 0 0 376.061185419579 24.014491704215 "LDA" 22 200 2.94949494949495
417.847 39.927 0 0 392.250636905988 24.2805522222254 "LDA" 22 200 2.98484848484848
436.293 40.569 0 0 410.530140363831 24.5039932395658 "LDA" 22 200 3.02020202020202
454.422 41.265 0 0 432.79275812736 24.9618482662817 "LDA" 22 200 3.05555555555556
466.951 41.92 0 0 442.287778576436 25.1495944719215 "LDA" 22 200 3.09090909090909
480.474 42.461 0 0 451.608571249069 25.3682878616005 "LDA" 22 200 3.12626262626263
502.022 43.016 0 0 475.378407320049 25.5617908048155 "LDA" 22 200 3.16161616161616
519.262 43.693 0 0 489.784017440075 25.9621027996921 "LDA" 22 200 3.1969696969697
542.514 44.357 0 0 523.476602683976 26.2320351987922 "LDA" 22 200 3.23232323232323
554.872 45.089 0 0 536.462852402669 27.1816467661715 "LDA" 22 200 3.26767676767677
579.811 45.555 0 0 555.873298876105 27.2900296943906 "LDA" 22 200 3.3030303030303
603.776 46.022 0 0 577.221181278127 27.4276099904784 "LDA" 22 200 3.33838383838384
621.125 46.536 0 0 592.779708794218 27.4429557413158 "LDA" 22 200 3.37373737373737
646.298 46.987 0 0 619.990785229724 27.4289843082127 "LDA" 22 200 3.40909090909091
662.979 47.669 0 0 631.197906647635 27.8684784495152 "LDA" 22 200 3.44444444444444
702.464 48.064 0 0 709.934344483684 27.9655140123327 "LDA" 22 200 3.47979797979798
734.885 48.832 0 0 739.801961823377 28.4470210920056 "LDA" 22 200 3.51515151515152
753.382 49.253 0 0 748.743030820456 28.7691615389753 "LDA" 22 200 3.55050505050505
770.885 49.691 0 0 757.635615253468 28.9379495459496 "LDA" 22 200 3.58585858585859
791.136 50.2 0 0 773.668002234603 28.9620233892385 "LDA" 22 200 3.62121212121212
821.967 50.816 0 0 805.748157928397 29.1306151108544 "LDA" 22 200 3.65656565656566
862.822 51.473 0 0 855.660974931088 29.6059416803922 "LDA" 22 200 3.69191919191919
892.469 51.874 0 0 878.078524355273 29.6640536690467 "LDA" 22 200 3.72727272727273
912.705 52.223 0 0 898.457810034178 29.6237546208754 "LDA" 22 200 3.76262626262626
951.966 52.915 0 0 928.942417407483 29.7615780248045 "LDA" 22 200 3.7979797979798
983.536 53.446 0 0 959.89744546478 30.075199111587 "LDA" 22 200 3.83333333333333
1014.567 53.945 0 0 996.158184546832 30.1575438730088 "LDA" 22 200 3.86868686868687
1047.17 54.594 0 0 1024.69495697737 30.9527258126847 "LDA" 22 200 3.9040404040404
1088.762 55.101 0 0 1061.31570250156 31.1148024247291 "LDA" 22 200 3.93939393939394
1126.987 55.64 0 0 1112.68346141943 31.190659775921 "LDA" 22 200 3.97474747474747
1154.753 56.127 0 0 1142.71471983252 31.2401154897964 "LDA" 22 200 4.01010101010101
1202.243 56.731 0 0 1202.77262770024 31.4464229526431 "LDA" 22 200 4.04545454545454
1249.047 57.431 0 0 1248.99841306017 32.0004260325744 "LDA" 22 200 4.08080808080808
1308.635 58.046 0 0 1305.57535469301 32.1456875681518 "LDA" 22 200 4.11616161616162
1360.073 58.869 0 0 1364.44833721762 32.6989152428342 "LDA" 22 200 4.15151515151515
1394.754 59.514 0 0 1407.06061740959 32.8146400956129 "LDA" 22 200 4.18686868686869
1422.32665330661 60.134 2 0 1417.01475148596 32.9784721238511 "LDA" 22 200 4.22222222222222
1468.42184368737 60.686 2 0 1458.76043592912 33.0698808740071 "LDA" 22 200 4.25757575757576
1505.64629258517 61.192 2 0 1498.6081225779 33.210330652706 "LDA" 22 200 4.29292929292929
1565.28485456369 61.636 3 0 1542.38907977037 33.341913370219 "LDA" 22 200 4.32828282828283
1588.8893360161 62.368 6 0 1529.16548001972 33.7197211672279 "LDA" 22 200 4.36363636363636
1628.01816347124 62.91 9 0 1547.42404642933 34.0166875964582 "LDA" 22 200 4.3989898989899
1682.48032290616 63.364 9 0 1598.04259098192 34.0728405399735 "LDA" 22 200 4.43434343434343
1743.61453077699 63.754 9 0 1624.72580211908 34.1231867778476 "LDA" 22 200 4.46969696969697
1795.73333333333 64.219 10 0 1686.63437539944 34.1868363376721 "LDA" 22 200 4.50505050505051
1816.69574036511 64.746 14 0 1654.44401099121 34.2783676754085 "LDA" 22 200 4.54040404040404
1855.9269035533 65.266 15 0 1659.41662193052 34.5526718378063 "LDA" 22 200 4.57575757575758
1906.80995934959 65.936 16 0 1724.22061047694 35.289931755152 "LDA" 22 200 4.61111111111111
1967.05295315682 66.502 18 0 1773.72706168226 35.3400469002931 "LDA" 22 200 4.64646464646465
2027.47298674822 66.871 19 0 1817.15426617436 35.3604117300367 "LDA" 22 200 4.68181818181818
2093.03775510204 67.391 20 0 1860.28140687673 35.5301070573606 "LDA" 22 200 4.71717171717172
2151.92040816327 68.052 20 0 1896.60959150431 35.7262320943541 "LDA" 22 200 4.75252525252525
2265.34116445352 68.715 21 0 1993.01518910908 36.0963255708904 "LDA" 22 200 4.78787878787879
2334.59918200409 69.079 22 0 2041.5949870069 36.2062930255868 "LDA" 22 200 4.82323232323232
2411.97648261759 69.911 22 0 2094.26556930563 36.669848060181 "LDA" 22 200 4.85858585858586
2461.76946721311 70.591 24 0 2123.28981442263 37.3114709555234 "LDA" 22 200 4.89393939393939
2535.99897435897 71.149 25 0 2173.56127661546 37.3831017345444 "LDA" 22 200 4.92929292929293
2588.93525179856 71.638 27 0 2212.5594728053 37.463081005684 "LDA" 22 200 4.96464646464646
2637.1124871001 72.231 31 0 2224.85880616611 37.5593709391591 "LDA" 22 200 5
NA NA 1000 1000 NA NA "uLSIF" 22 200 1.5
NA NA 1000 1000 NA NA "uLSIF" 22 200 1.53535353535354
NA NA 1000 1000 NA NA "uLSIF" 22 200 1.57070707070707
NA NA 1000 1000 NA NA "uLSIF" 22 200 1.60606060606061
NA NA 1000 1000 NA NA "uLSIF" 22 200 1.64141414141414
NA NA 1000 1000 NA NA "uLSIF" 22 200 1.67676767676768
NA NA 1000 1000 NA NA "uLSIF" 22 200 1.71212121212121
NA NA 1000 1000 NA NA "uLSIF" 22 200 1.74747474747475
NA NA 1000 1000 NA NA "uLSIF" 22 200 1.78282828282828
NA NA 1000 1000 NA NA "uLSIF" 22 200 1.81818181818182
NA NA 1000 1000 NA NA "uLSIF" 22 200 1.85353535353535
NA NA 1000 1000 NA NA "uLSIF" 22 200 1.88888888888889
NA NA 1000 1000 NA NA "uLSIF" 22 200 1.92424242424242
NA NA 1000 1000 NA NA "uLSIF" 22 200 1.95959595959596
NA NA 1000 1000 NA NA "uLSIF" 22 200 1.99494949494949
NA NA 1000 1000 NA NA "uLSIF" 22 200 2.03030303030303
NA NA 1000 1000 NA NA "uLSIF" 22 200 2.06565656565657
NA NA 1000 1000 NA NA "uLSIF" 22 200 2.1010101010101
NA NA 1000 1000 NA NA "uLSIF" 22 200 2.13636363636364
NA NA 1000 1000 NA NA "uLSIF" 22 200 2.17171717171717
NA NA 1000 1000 NA NA "uLSIF" 22 200 2.20707070707071
NA NA 1000 1000 NA NA "uLSIF" 22 200 2.24242424242424
NA NA 1000 1000 NA NA "uLSIF" 22 200 2.27777777777778
NA NA 1000 1000 NA NA "uLSIF" 22 200 2.31313131313131
NA NA 1000 1000 NA NA "uLSIF" 22 200 2.34848484848485
NA NA 1000 1000 NA NA "uLSIF" 22 200 2.38383838383838
NA NA 1000 1000 NA NA "uLSIF" 22 200 2.41919191919192
NA NA 1000 1000 NA NA "uLSIF" 22 200 2.45454545454545
NA NA 1000 1000 NA NA "uLSIF" 22 200 2.48989898989899
NA NA 1000 1000 NA NA "uLSIF" 22 200 2.52525252525253
NA NA 1000 1000 NA NA "uLSIF" 22 200 2.56060606060606
NA NA 1000 1000 NA NA "uLSIF" 22 200 2.5959595959596
NA NA 1000 1000 NA NA "uLSIF" 22 200 2.63131313131313
NA NA 1000 1000 NA NA "uLSIF" 22 200 2.66666666666667
NA NA 1000 1000 NA NA "uLSIF" 22 200 2.7020202020202
NA NA 1000 1000 NA NA "uLSIF" 22 200 2.73737373737374
NA NA 1000 1000 NA NA "uLSIF" 22 200 2.77272727272727
NA NA 1000 1000 NA NA "uLSIF" 22 200 2.80808080808081
NA NA 1000 1000 NA NA "uLSIF" 22 200 2.84343434343434
NA NA 1000 1000 NA NA "uLSIF" 22 200 2.87878787878788
NA NA 1000 1000 NA NA "uLSIF" 22 200 2.91414141414141
NA NA 1000 1000 NA NA "uLSIF" 22 200 2.94949494949495
NA NA 1000 1000 NA NA "uLSIF" 22 200 2.98484848484848
NA NA 1000 1000 NA NA "uLSIF" 22 200 3.02020202020202
NA NA 1000 1000 NA NA "uLSIF" 22 200 3.05555555555556
NA NA 1000 1000 NA NA "uLSIF" 22 200 3.09090909090909
NA NA 1000 1000 NA NA "uLSIF" 22 200 3.12626262626263
NA NA 1000 1000 NA NA "uLSIF" 22 200 3.16161616161616
NA NA 1000 1000 NA NA "uLSIF" 22 200 3.1969696969697
NA NA 1000 1000 NA NA "uLSIF" 22 200 3.23232323232323
NA NA 1000 1000 NA NA "uLSIF" 22 200 3.26767676767677
NA NA 1000 1000 NA NA "uLSIF" 22 200 3.3030303030303
NA NA 1000 1000 NA NA "uLSIF" 22 200 3.33838383838384
NA NA 1000 1000 NA NA "uLSIF" 22 200 3.37373737373737
NA NA 1000 1000 NA NA "uLSIF" 22 200 3.40909090909091
NA NA 1000 1000 NA NA "uLSIF" 22 200 3.44444444444444
NA NA 1000 1000 NA NA "uLSIF" 22 200 3.47979797979798
NA NA 1000 1000 NA NA "uLSIF" 22 200 3.51515151515152
NA NA 1000 1000 NA NA "uLSIF" 22 200 3.55050505050505
NA NA 1000 1000 NA NA "uLSIF" 22 200 3.58585858585859
NA NA 1000 1000 NA NA "uLSIF" 22 200 3.62121212121212
NA NA 1000 1000 NA NA "uLSIF" 22 200 3.65656565656566
NA NA 1000 1000 NA NA "uLSIF" 22 200 3.69191919191919
NA NA 1000 1000 NA NA "uLSIF" 22 200 3.72727272727273
NA NA 1000 1000 NA NA "uLSIF" 22 200 3.76262626262626
NA NA 1000 1000 NA NA "uLSIF" 22 200 3.7979797979798
NA NA 1000 1000 NA NA "uLSIF" 22 200 3.83333333333333
NA NA 1000 1000 NA NA "uLSIF" 22 200 3.86868686868687
NA NA 1000 1000 NA NA "uLSIF" 22 200 3.9040404040404
NA NA 1000 1000 NA NA "uLSIF" 22 200 3.93939393939394
NA NA 1000 1000 NA NA "uLSIF" 22 200 3.97474747474747
NA NA 1000 1000 NA NA "uLSIF" 22 200 4.01010101010101
NA NA 1000 1000 NA NA "uLSIF" 22 200 4.04545454545454
NA NA 1000 1000 NA NA "uLSIF" 22 200 4.08080808080808
NA NA 1000 1000 NA NA "uLSIF" 22 200 4.11616161616162
NA NA 1000 1000 NA NA "uLSIF" 22 200 4.15151515151515
NA NA 1000 1000 NA NA "uLSIF" 22 200 4.18686868686869
NA NA 1000 1000 NA NA "uLSIF" 22 200 4.22222222222222
NA NA 1000 1000 NA NA "uLSIF" 22 200 4.25757575757576
NA NA 1000 1000 NA NA "uLSIF" 22 200 4.29292929292929
NA NA 1000 1000 NA NA "uLSIF" 22 200 4.32828282828283
NA NA 1000 1000 NA NA "uLSIF" 22 200 4.36363636363636
NA NA 1000 1000 NA NA "uLSIF" 22 200 4.3989898989899
NA NA 1000 1000 NA NA "uLSIF" 22 200 4.43434343434343
NA NA 1000 1000 NA NA "uLSIF" 22 200 4.46969696969697
NA NA 1000 1000 NA NA "uLSIF" 22 200 4.50505050505051
NA NA 1000 1000 NA NA "uLSIF" 22 200 4.54040404040404
NA NA 1000 1000 NA NA "uLSIF" 22 200 4.57575757575758
NA NA 1000 1000 NA NA "uLSIF" 22 200 4.61111111111111
NA NA 1000 1000 NA NA "uLSIF" 22 200 4.64646464646465
NA NA 1000 1000 NA NA "uLSIF" 22 200 4.68181818181818
NA NA 1000 1000 NA NA "uLSIF" 22 200 4.71717171717172
NA NA 1000 1000 NA NA "uLSIF" 22 200 4.75252525252525
NA NA 1000 1000 NA NA "uLSIF" 22 200 4.78787878787879
NA NA 1000 1000 NA NA "uLSIF" 22 200 4.82323232323232
NA NA 1000 1000 NA NA "uLSIF" 22 200 4.85858585858586
NA NA 1000 1000 NA NA "uLSIF" 22 200 4.89393939393939
NA NA 1000 1000 NA NA "uLSIF" 22 200 4.92929292929293
NA NA 1000 1000 NA NA "uLSIF" 22 200 4.96464646464646
NA NA 1000 1000 NA NA "uLSIF" 22 200 5
