131.165 15.245 0 0 "KDE LDA" 177 800 2.4
131.895 15.27 0 0 "KDE LDA" 177 800 2.41010101010101
133.2 15.305 0 0 "KDE LDA" 177 800 2.42020202020202
133.495 15.31 0 0 "KDE LDA" 177 800 2.43030303030303
134.265 15.31 0 0 "KDE LDA" 177 800 2.44040404040404
134.265 15.315 0 0 "KDE LDA" 177 800 2.45050505050505
134.27 15.375 0 0 "KDE LDA" 177 800 2.46060606060606
136.725 15.38 0 0 "KDE LDA" 177 800 2.47070707070707
136.725 15.39 0 0 "KDE LDA" 177 800 2.48080808080808
138.93 15.485 0 0 "KDE LDA" 177 800 2.49090909090909
138.97 15.52 0 0 "KDE LDA" 177 800 2.5010101010101
140.63 15.53 0 0 "KDE LDA" 177 800 2.51111111111111
142.1 15.66 0 0 "KDE LDA" 177 800 2.52121212121212
153.515 15.795 0 0 "KDE LDA" 177 800 2.53131313131313
153.745 15.875 0 0 "KDE LDA" 177 800 2.54141414141414
155.33 15.895 0 0 "KDE LDA" 177 800 2.55151515151515
155.33 15.9 0 0 "KDE LDA" 177 800 2.56161616161616
156.725 15.93 0 0 "KDE LDA" 177 800 2.57171717171717
157.425 15.97 0 0 "KDE LDA" 177 800 2.58181818181818
163.805 16.09 0 0 "KDE LDA" 177 800 2.59191919191919
167.76 16.105 0 0 "KDE LDA" 177 800 2.6020202020202
167.77 16.125 0 0 "KDE LDA" 177 800 2.61212121212121
169.31 16.17 0 0 "KDE LDA" 177 800 2.62222222222222
169.775 16.235 0 0 "KDE LDA" 177 800 2.63232323232323
170.065 16.34 0 0 "KDE LDA" 177 800 2.64242424242424
173.71 16.525 0 0 "KDE LDA" 177 800 2.65252525252525
179.005 16.66 0 0 "KDE LDA" 177 800 2.66262626262626
197.325 17.345 0 0 "KDE LDA" 177 800 2.67272727272727
197.37 17.375 0 0 "KDE LDA" 177 800 2.68282828282828
201.33 17.57 0 0 "KDE LDA" 177 800 2.69292929292929
201.9 17.59 0 0 "KDE LDA" 177 800 2.7030303030303
203.625 17.6 0 0 "KDE LDA" 177 800 2.71313131313131
204.65 17.935 0 0 "KDE LDA" 177 800 2.72323232323232
205.445 17.94 0 0 "KDE LDA" 177 800 2.73333333333333
205.825 18.07 0 0 "KDE LDA" 177 800 2.74343434343434
206.585 18.15 0 0 "KDE LDA" 177 800 2.75353535353535
206.66 18.28 0 0 "KDE LDA" 177 800 2.76363636363636
209.475 18.31 0 0 "KDE LDA" 177 800 2.77373737373737
212.835 18.39 0 0 "KDE LDA" 177 800 2.78383838383838
225.31 18.605 0 0 "KDE LDA" 177 800 2.79393939393939
267.915 19 0 0 "KDE LDA" 177 800 2.8040404040404
267.92 19.01 0 0 "KDE LDA" 177 800 2.81414141414141
267.945 19.425 0 0 "KDE LDA" 177 800 2.82424242424242
275.43 19.455 0 0 "KDE LDA" 177 800 2.83434343434343
275.445 19.455 0 0 "KDE LDA" 177 800 2.84444444444444
276.005 19.465 0 0 "KDE LDA" 177 800 2.85454545454545
276.02 19.47 0 0 "KDE LDA" 177 800 2.86464646464646
276.025 19.505 0 0 "KDE LDA" 177 800 2.87474747474747
277.575 19.59 0 0 "KDE LDA" 177 800 2.88484848484848
277.575 19.6 0 0 "KDE LDA" 177 800 2.89494949494949
277.655 19.68 0 0 "KDE LDA" 177 800 2.90505050505051
277.71 19.695 0 0 "KDE LDA" 177 800 2.91515151515152
277.725 19.795 0 0 "KDE LDA" 177 800 2.92525252525253
277.82 19.925 0 0 "KDE LDA" 177 800 2.93535353535354
281.695 19.98 0 0 "KDE LDA" 177 800 2.94545454545455
281.71 20.12 0 0 "KDE LDA" 177 800 2.95555555555556
286.43 20.245 0 0 "KDE LDA" 177 800 2.96565656565657
286.69 20.445 0 0 "KDE LDA" 177 800 2.97575757575758
286.81 20.685 0 0 "KDE LDA" 177 800 2.98585858585859
286.855 20.685 0 0 "KDE LDA" 177 800 2.9959595959596
286.905 20.72 0 0 "KDE LDA" 177 800 3.00606060606061
295.48 20.75 0 0 "KDE LDA" 177 800 3.01616161616162
295.48 20.78 0 0 "KDE LDA" 177 800 3.02626262626263
300.585 20.785 0 0 "KDE LDA" 177 800 3.03636363636364
301.085 20.98 0 0 "KDE LDA" 177 800 3.04646464646465
303.08 21 0 0 "KDE LDA" 177 800 3.05656565656566
303.095 21.025 0 0 "KDE LDA" 177 800 3.06666666666667
304.895 21.04 0 0 "KDE LDA" 177 800 3.07676767676768
314.42 21.175 0 0 "KDE LDA" 177 800 3.08686868686869
321.9 21.655 0 0 "KDE LDA" 177 800 3.0969696969697
334.565 21.67 0 0 "KDE LDA" 177 800 3.10707070707071
337.385 21.68 0 0 "KDE LDA" 177 800 3.11717171717172
337.39 21.68 0 0 "KDE LDA" 177 800 3.12727272727273
345.855 21.695 0 0 "KDE LDA" 177 800 3.13737373737374
347.605 21.715 0 0 "KDE LDA" 177 800 3.14747474747475
347.62 21.725 0 0 "KDE LDA" 177 800 3.15757575757576
349.01 21.975 0 0 "KDE LDA" 177 800 3.16767676767677
353.635 21.985 0 0 "KDE LDA" 177 800 3.17777777777778
353.66 22.045 0 0 "KDE LDA" 177 800 3.18787878787879
353.67 22.08 0 0 "KDE LDA" 177 800 3.1979797979798
353.685 22.435 0 0 "KDE LDA" 177 800 3.20808080808081
357.91 22.455 0 0 "KDE LDA" 177 800 3.21818181818182
393.17 22.885 0 0 "KDE LDA" 177 800 3.22828282828283
404.7 22.955 0 0 "KDE LDA" 177 800 3.23838383838384
404.72 23.02 0 0 "KDE LDA" 177 800 3.24848484848485
404.72 23.085 0 0 "KDE LDA" 177 800 3.25858585858586
410.48 23.1 0 0 "KDE LDA" 177 800 3.26868686868687
410.975 23.145 0 0 "KDE LDA" 177 800 3.27878787878788
411.795 23.165 0 0 "KDE LDA" 177 800 3.28888888888889
415.875 23.165 0 0 "KDE LDA" 177 800 3.2989898989899
423.805 23.225 0 0 "KDE LDA" 177 800 3.30909090909091
428.015 23.26 0 0 "KDE LDA" 177 800 3.31919191919192
443.685 23.55 0 0 "KDE LDA" 177 800 3.32929292929293
451.75 23.59 0 0 "KDE LDA" 177 800 3.33939393939394
459.245 23.615 0 0 "KDE LDA" 177 800 3.34949494949495
535.475 23.815 0 0 "KDE LDA" 177 800 3.35959595959596
541.39 23.83 0 0 "KDE LDA" 177 800 3.36969696969697
555.14 23.875 0 0 "KDE LDA" 177 800 3.37979797979798
557.61 24.045 0 0 "KDE LDA" 177 800 3.38989898989899
564.665 24.045 0 0 "KDE LDA" 177 800 3.4
97.91 15.68 0 0 "KDE QDA" 177 800 4.3
98.05 15.68 0 0 "KDE QDA" 177 800 4.31010101010101
98.24 15.74 0 0 "KDE QDA" 177 800 4.32020202020202
98.265 15.755 0 0 "KDE QDA" 177 800 4.33030303030303
99.765 15.76 0 0 "KDE QDA" 177 800 4.34040404040404
100.975 16.18 0 0 "KDE QDA" 177 800 4.35050505050505
101.005 16.22 0 0 "KDE QDA" 177 800 4.36060606060606
101.12 16.265 0 0 "KDE QDA" 177 800 4.37070707070707
102.285 16.405 0 0 "KDE QDA" 177 800 4.38080808080808
102.755 16.415 0 0 "KDE QDA" 177 800 4.39090909090909
103.08 16.44 0 0 "KDE QDA" 177 800 4.4010101010101
104.28 16.46 0 0 "KDE QDA" 177 800 4.41111111111111
104.41 16.48 0 0 "KDE QDA" 177 800 4.42121212121212
104.495 16.51 0 0 "KDE QDA" 177 800 4.43131313131313
105.13 16.52 0 0 "KDE QDA" 177 800 4.44141414141414
105.21 16.58 0 0 "KDE QDA" 177 800 4.45151515151515
105.505 16.585 0 0 "KDE QDA" 177 800 4.46161616161616
105.71 16.725 0 0 "KDE QDA" 177 800 4.47171717171717
106.305 17.065 0 0 "KDE QDA" 177 800 4.48181818181818
106.44 17.065 0 0 "KDE QDA" 177 800 4.49191919191919
106.55 17.095 0 0 "KDE QDA" 177 800 4.5020202020202
106.625 17.195 0 0 "KDE QDA" 177 800 4.51212121212121
107.43 17.2 0 0 "KDE QDA" 177 800 4.52222222222222
107.435 17.2 0 0 "KDE QDA" 177 800 4.53232323232323
108.41 17.205 0 0 "KDE QDA" 177 800 4.54242424242424
108.42 17.205 0 0 "KDE QDA" 177 800 4.55252525252525
109.545 17.225 0 0 "KDE QDA" 177 800 4.56262626262626
109.695 17.24 0 0 "KDE QDA" 177 800 4.57272727272727
109.73 17.245 0 0 "KDE QDA" 177 800 4.58282828282828
111.105 17.26 0 0 "KDE QDA" 177 800 4.59292929292929
112.055 17.26 0 0 "KDE QDA" 177 800 4.6030303030303
112.19 17.265 0 0 "KDE QDA" 177 800 4.61313131313131
113.885 17.3 0 0 "KDE QDA" 177 800 4.62323232323232
113.89 17.32 0 0 "KDE QDA" 177 800 4.63333333333333
113.975 17.475 0 0 "KDE QDA" 177 800 4.64343434343434
115.56 17.49 0 0 "KDE QDA" 177 800 4.65353535353535
115.615 17.51 0 0 "KDE QDA" 177 800 4.66363636363636
115.685 17.53 0 0 "KDE QDA" 177 800 4.67373737373737
115.725 17.53 0 0 "KDE QDA" 177 800 4.68383838383838
115.885 17.535 0 0 "KDE QDA" 177 800 4.69393939393939
115.935 17.55 0 0 "KDE QDA" 177 800 4.7040404040404
116.57 17.555 0 0 "KDE QDA" 177 800 4.71414141414141
116.665 17.59 0 0 "KDE QDA" 177 800 4.72424242424242
116.67 17.595 0 0 "KDE QDA" 177 800 4.73434343434343
117.64 17.66 0 0 "KDE QDA" 177 800 4.74444444444444
117.81 17.675 0 0 "KDE QDA" 177 800 4.75454545454545
117.995 17.7 0 0 "KDE QDA" 177 800 4.76464646464646
119.31 17.985 0 0 "KDE QDA" 177 800 4.77474747474747
119.375 18.03 0 0 "KDE QDA" 177 800 4.78484848484849
121.915 18.135 0 0 "KDE QDA" 177 800 4.79494949494949
122.6 18.18 0 0 "KDE QDA" 177 800 4.80505050505051
122.865 18.2 0 0 "KDE QDA" 177 800 4.81515151515152
122.98 18.205 0 0 "KDE QDA" 177 800 4.82525252525252
124.02 18.225 0 0 "KDE QDA" 177 800 4.83535353535354
124.06 18.25 0 0 "KDE QDA" 177 800 4.84545454545455
124.84 18.255 0 0 "KDE QDA" 177 800 4.85555555555556
126.8 18.26 0 0 "KDE QDA" 177 800 4.86565656565657
126.855 18.27 0 0 "KDE QDA" 177 800 4.87575757575758
127.08 18.32 0 0 "KDE QDA" 177 800 4.88585858585859
127.32 18.325 0 0 "KDE QDA" 177 800 4.8959595959596
127.53 18.49 0 0 "KDE QDA" 177 800 4.90606060606061
127.59 18.545 0 0 "KDE QDA" 177 800 4.91616161616162
129.13 18.555 0 0 "KDE QDA" 177 800 4.92626262626263
130.665 18.605 0 0 "KDE QDA" 177 800 4.93636363636364
130.755 18.625 0 0 "KDE QDA" 177 800 4.94646464646465
130.76 18.64 0 0 "KDE QDA" 177 800 4.95656565656566
131.565 18.645 0 0 "KDE QDA" 177 800 4.96666666666667
132.255 18.65 0 0 "KDE QDA" 177 800 4.97676767676768
132.435 18.675 0 0 "KDE QDA" 177 800 4.98686868686869
132.46 18.68 0 0 "KDE QDA" 177 800 4.9969696969697
132.69 18.7 0 0 "KDE QDA" 177 800 5.00707070707071
133.315 18.715 0 0 "KDE QDA" 177 800 5.01717171717172
133.675 18.76 0 0 "KDE QDA" 177 800 5.02727272727273
134.195 18.875 0 0 "KDE QDA" 177 800 5.03737373737374
134.24 18.88 0 0 "KDE QDA" 177 800 5.04747474747475
136.205 18.925 0 0 "KDE QDA" 177 800 5.05757575757576
137.815 18.94 0 0 "KDE QDA" 177 800 5.06767676767677
137.855 18.945 0 0 "KDE QDA" 177 800 5.07777777777778
137.97 18.945 0 0 "KDE QDA" 177 800 5.08787878787879
138.825 18.945 0 0 "KDE QDA" 177 800 5.0979797979798
139.13 18.955 0 0 "KDE QDA" 177 800 5.10808080808081
141.645 18.965 0 0 "KDE QDA" 177 800 5.11818181818182
141.66 19.01 0 0 "KDE QDA" 177 800 5.12828282828283
143.33 19.045 0 0 "KDE QDA" 177 800 5.13838383838384
143.755 19.055 0 0 "KDE QDA" 177 800 5.14848484848485
143.76 19.08 0 0 "KDE QDA" 177 800 5.15858585858586
145.615 19.085 0 0 "KDE QDA" 177 800 5.16868686868687
145.65 19.12 0 0 "KDE QDA" 177 800 5.17878787878788
147.935 19.12 0 0 "KDE QDA" 177 800 5.18888888888889
148.1 19.27 0 0 "KDE QDA" 177 800 5.1989898989899
148.815 19.275 0 0 "KDE QDA" 177 800 5.20909090909091
148.83 19.29 0 0 "KDE QDA" 177 800 5.21919191919192
148.87 19.315 0 0 "KDE QDA" 177 800 5.22929292929293
148.9 19.35 0 0 "KDE QDA" 177 800 5.23939393939394
149.49 19.355 0 0 "KDE QDA" 177 800 5.24949494949495
149.745 19.36 0 0 "KDE QDA" 177 800 5.25959595959596
149.77 19.38 0 0 "KDE QDA" 177 800 5.26969696969697
152.875 19.425 0 0 "KDE QDA" 177 800 5.27979797979798
153.16 19.45 0 0 "KDE QDA" 177 800 5.28989898989899
153.185 19.515 0 0 "KDE QDA" 177 800 5.3
