142.865 14.685 0 0 "KDE LDA" 3 1000 2.5
145.03 14.74 0 0 "KDE LDA" 3 1000 2.51010101010101
146.475 14.75 0 0 "KDE LDA" 3 1000 2.52020202020202
150.92 14.79 0 0 "KDE LDA" 3 1000 2.53030303030303
152.055 14.805 0 0 "KDE LDA" 3 1000 2.54040404040404
152.06 14.84 0 0 "KDE LDA" 3 1000 2.55050505050505
152.98 14.86 0 0 "KDE LDA" 3 1000 2.56060606060606
153.015 14.905 0 0 "KDE LDA" 3 1000 2.57070707070707
153.045 14.935 0 0 "KDE LDA" 3 1000 2.58080808080808
154.8 14.97 0 0 "KDE LDA" 3 1000 2.59090909090909
155.515 14.98 0 0 "KDE LDA" 3 1000 2.6010101010101
156.21 14.99 0 0 "KDE LDA" 3 1000 2.61111111111111
156.21 15.005 0 0 "KDE LDA" 3 1000 2.62121212121212
161.78 15.015 0 0 "KDE LDA" 3 1000 2.63131313131313
165.325 15.07 0 0 "KDE LDA" 3 1000 2.64141414141414
166.04 15.12 0 0 "KDE LDA" 3 1000 2.65151515151515
168.615 15.225 0 0 "KDE LDA" 3 1000 2.66161616161616
182.415 15.64 0 0 "KDE LDA" 3 1000 2.67171717171717
183.455 15.69 0 0 "KDE LDA" 3 1000 2.68181818181818
183.455 15.79 0 0 "KDE LDA" 3 1000 2.69191919191919
184.875 15.835 0 0 "KDE LDA" 3 1000 2.7020202020202
189.78 15.895 0 0 "KDE LDA" 3 1000 2.71212121212121
192.7 15.98 0 0 "KDE LDA" 3 1000 2.72222222222222
192.935 16.025 0 0 "KDE LDA" 3 1000 2.73232323232323
195.715 16.045 0 0 "KDE LDA" 3 1000 2.74242424242424
196.395 16.075 0 0 "KDE LDA" 3 1000 2.75252525252525
198.645 16.215 0 0 "KDE LDA" 3 1000 2.76262626262626
201.57 16.285 0 0 "KDE LDA" 3 1000 2.77272727272727
207.09 16.555 0 0 "KDE LDA" 3 1000 2.78282828282828
211.23 16.765 0 0 "KDE LDA" 3 1000 2.79292929292929
251.125 17.5 0 0 "KDE LDA" 3 1000 2.8030303030303
251.65 17.515 0 0 "KDE LDA" 3 1000 2.81313131313131
252.835 17.525 0 0 "KDE LDA" 3 1000 2.82323232323232
259.445 17.555 0 0 "KDE LDA" 3 1000 2.83333333333333
259.445 17.56 0 0 "KDE LDA" 3 1000 2.84343434343434
259.455 17.575 0 0 "KDE LDA" 3 1000 2.85353535353535
259.82 17.585 0 0 "KDE LDA" 3 1000 2.86363636363636
260.875 17.61 0 0 "KDE LDA" 3 1000 2.87373737373737
261.23 17.62 0 0 "KDE LDA" 3 1000 2.88383838383838
263.255 17.625 0 0 "KDE LDA" 3 1000 2.89393939393939
263.255 17.69 0 0 "KDE LDA" 3 1000 2.9040404040404
264.175 17.815 0 0 "KDE LDA" 3 1000 2.91414141414141
268.55 17.88 0 0 "KDE LDA" 3 1000 2.92424242424242
270.645 17.915 0 0 "KDE LDA" 3 1000 2.93434343434343
276.965 17.95 0 0 "KDE LDA" 3 1000 2.94444444444444
284.55 18.02 0 0 "KDE LDA" 3 1000 2.95454545454545
285.965 18.14 0 0 "KDE LDA" 3 1000 2.96464646464646
285.965 18.145 0 0 "KDE LDA" 3 1000 2.97474747474747
288.045 18.18 0 0 "KDE LDA" 3 1000 2.98484848484848
288.12 18.19 0 0 "KDE LDA" 3 1000 2.99494949494949
291.64 18.215 0 0 "KDE LDA" 3 1000 3.00505050505051
293.27 18.225 0 0 "KDE LDA" 3 1000 3.01515151515152
294.74 18.275 0 0 "KDE LDA" 3 1000 3.02525252525253
296.05 18.305 0 0 "KDE LDA" 3 1000 3.03535353535354
299.18 18.43 0 0 "KDE LDA" 3 1000 3.04545454545455
304.15 18.435 0 0 "KDE LDA" 3 1000 3.05555555555556
306.49 18.595 0 0 "KDE LDA" 3 1000 3.06565656565657
310.23 18.75 0 0 "KDE LDA" 3 1000 3.07575757575758
312.04 18.8 0 0 "KDE LDA" 3 1000 3.08585858585859
322.7 18.9 0 0 "KDE LDA" 3 1000 3.0959595959596
322.71 18.93 0 0 "KDE LDA" 3 1000 3.10606060606061
323.865 18.95 0 0 "KDE LDA" 3 1000 3.11616161616162
326.425 18.97 0 0 "KDE LDA" 3 1000 3.12626262626263
327.96 18.97 0 0 "KDE LDA" 3 1000 3.13636363636364
328.665 19.4 0 0 "KDE LDA" 3 1000 3.14646464646465
328.67 19.425 0 0 "KDE LDA" 3 1000 3.15656565656566
328.67 19.48 0 0 "KDE LDA" 3 1000 3.16666666666667
332.35 19.565 0 0 "KDE LDA" 3 1000 3.17676767676768
332.605 19.625 0 0 "KDE LDA" 3 1000 3.18686868686869
333.99 19.81 0 0 "KDE LDA" 3 1000 3.1969696969697
340.57 20.015 0 0 "KDE LDA" 3 1000 3.20707070707071
345.97 20.31 0 0 "KDE LDA" 3 1000 3.21717171717172
382.105 20.89 0 0 "KDE LDA" 3 1000 3.22727272727273
382.395 20.955 0 0 "KDE LDA" 3 1000 3.23737373737374
383.015 20.975 0 0 "KDE LDA" 3 1000 3.24747474747475
384.215 21.01 0 0 "KDE LDA" 3 1000 3.25757575757576
387.055 21.025 0 0 "KDE LDA" 3 1000 3.26767676767677
388.84 21.125 0 0 "KDE LDA" 3 1000 3.27777777777778
396.345 21.145 0 0 "KDE LDA" 3 1000 3.28787878787879
409.61 21.19 0 0 "KDE LDA" 3 1000 3.2979797979798
409.615 21.22 0 0 "KDE LDA" 3 1000 3.30808080808081
414.065 21.25 0 0 "KDE LDA" 3 1000 3.31818181818182
418.035 21.435 0 0 "KDE LDA" 3 1000 3.32828282828283
423.94 21.52 0 0 "KDE LDA" 3 1000 3.33838383838384
441.28 21.695 0 0 "KDE LDA" 3 1000 3.34848484848485
507.555 22.19 0 0 "KDE LDA" 3 1000 3.35858585858586
508.045 22.205 0 0 "KDE LDA" 3 1000 3.36868686868687
508.97 22.215 0 0 "KDE LDA" 3 1000 3.37878787878788
511.42 22.265 0 0 "KDE LDA" 3 1000 3.38888888888889
511.9 22.375 0 0 "KDE LDA" 3 1000 3.3989898989899
516.895 22.41 0 0 "KDE LDA" 3 1000 3.40909090909091
519.56 22.44 0 0 "KDE LDA" 3 1000 3.41919191919192
520.175 22.445 0 0 "KDE LDA" 3 1000 3.42929292929293
520.18 22.745 0 0 "KDE LDA" 3 1000 3.43939393939394
542.29 22.755 0 0 "KDE LDA" 3 1000 3.44949494949495
542.29 22.84 0 0 "KDE LDA" 3 1000 3.45959595959596
544.87 23.04 0 0 "KDE LDA" 3 1000 3.46969696969697
547.135 23.05 0 0 "KDE LDA" 3 1000 3.47979797979798
557.485 23.085 0 0 "KDE LDA" 3 1000 3.48989898989899
559.65 23.115 0 0 "KDE LDA" 3 1000 3.5
79.3 13.935 0 0 "KDE QDA" 3 1000 3.5
80.775 13.935 0 0 "KDE QDA" 3 1000 3.51010101010101
82.035 14.075 0 0 "KDE QDA" 3 1000 3.52020202020202
82.095 14.16 0 0 "KDE QDA" 3 1000 3.53030303030303
83.37 14.18 0 0 "KDE QDA" 3 1000 3.54040404040404
84.685 14.22 0 0 "KDE QDA" 3 1000 3.55050505050505
85.88 14.23 0 0 "KDE QDA" 3 1000 3.56060606060606
85.905 14.26 0 0 "KDE QDA" 3 1000 3.57070707070707
86.65 14.27 0 0 "KDE QDA" 3 1000 3.58080808080808
87.105 14.275 0 0 "KDE QDA" 3 1000 3.59090909090909
87.115 14.275 0 0 "KDE QDA" 3 1000 3.6010101010101
87.165 14.275 0 0 "KDE QDA" 3 1000 3.61111111111111
87.2 14.3 0 0 "KDE QDA" 3 1000 3.62121212121212
88.06 14.305 0 0 "KDE QDA" 3 1000 3.63131313131313
88.5 14.32 0 0 "KDE QDA" 3 1000 3.64141414141414
90.22 14.7 0 0 "KDE QDA" 3 1000 3.65151515151515
91.81 14.735 0 0 "KDE QDA" 3 1000 3.66161616161616
91.91 14.765 0 0 "KDE QDA" 3 1000 3.67171717171717
91.985 14.835 0 0 "KDE QDA" 3 1000 3.68181818181818
91.995 14.84 0 0 "KDE QDA" 3 1000 3.69191919191919
94.69 14.855 0 0 "KDE QDA" 3 1000 3.7020202020202
95.2 14.885 0 0 "KDE QDA" 3 1000 3.71212121212121
96.3 14.9 0 0 "KDE QDA" 3 1000 3.72222222222222
96.305 14.91 0 0 "KDE QDA" 3 1000 3.73232323232323
96.36 14.935 0 0 "KDE QDA" 3 1000 3.74242424242424
97.045 14.95 0 0 "KDE QDA" 3 1000 3.75252525252525
97.5 14.955 0 0 "KDE QDA" 3 1000 3.76262626262626
99.17 15 0 0 "KDE QDA" 3 1000 3.77272727272727
100.16 15.02 0 0 "KDE QDA" 3 1000 3.78282828282828
103.26 15.315 0 0 "KDE QDA" 3 1000 3.79292929292929
103.665 15.32 0 0 "KDE QDA" 3 1000 3.8030303030303
103.725 15.345 0 0 "KDE QDA" 3 1000 3.81313131313131
105.445 15.35 0 0 "KDE QDA" 3 1000 3.82323232323232
105.635 15.365 0 0 "KDE QDA" 3 1000 3.83333333333333
105.98 15.395 0 0 "KDE QDA" 3 1000 3.84343434343434
107.085 15.405 0 0 "KDE QDA" 3 1000 3.85353535353535
108.28 15.47 0 0 "KDE QDA" 3 1000 3.86363636363636
108.31 15.49 0 0 "KDE QDA" 3 1000 3.87373737373737
108.315 15.5 0 0 "KDE QDA" 3 1000 3.88383838383838
108.37 15.525 0 0 "KDE QDA" 3 1000 3.89393939393939
109.605 15.56 0 0 "KDE QDA" 3 1000 3.9040404040404
109.615 15.56 0 0 "KDE QDA" 3 1000 3.91414141414141
111.235 15.98 0 0 "KDE QDA" 3 1000 3.92424242424242
111.265 15.985 0 0 "KDE QDA" 3 1000 3.93434343434343
113.915 16.075 0 0 "KDE QDA" 3 1000 3.94444444444444
115.405 16.095 0 0 "KDE QDA" 3 1000 3.95454545454545
115.47 16.105 0 0 "KDE QDA" 3 1000 3.96464646464646
116.9 16.12 0 0 "KDE QDA" 3 1000 3.97474747474747
117.185 16.135 0 0 "KDE QDA" 3 1000 3.98484848484848
117.205 16.135 0 0 "KDE QDA" 3 1000 3.99494949494949
117.97 16.135 0 0 "KDE QDA" 3 1000 4.00505050505051
118.07 16.135 0 0 "KDE QDA" 3 1000 4.01515151515152
118.095 16.145 0 0 "KDE QDA" 3 1000 4.02525252525253
119.28 16.155 0 0 "KDE QDA" 3 1000 4.03535353535354
119.745 16.165 0 0 "KDE QDA" 3 1000 4.04545454545455
119.775 16.175 0 0 "KDE QDA" 3 1000 4.05555555555556
119.805 16.175 0 0 "KDE QDA" 3 1000 4.06565656565657
120.17 16.24 0 0 "KDE QDA" 3 1000 4.07575757575758
122.775 16.365 0 0 "KDE QDA" 3 1000 4.08585858585859
124.895 16.41 0 0 "KDE QDA" 3 1000 4.0959595959596
124.92 16.445 0 0 "KDE QDA" 3 1000 4.10606060606061
125.545 16.465 0 0 "KDE QDA" 3 1000 4.11616161616162
125.615 16.485 0 0 "KDE QDA" 3 1000 4.12626262626263
125.915 16.505 0 0 "KDE QDA" 3 1000 4.13636363636364
125.94 16.515 0 0 "KDE QDA" 3 1000 4.14646464646465
127.595 16.585 0 0 "KDE QDA" 3 1000 4.15656565656566
127.805 16.59 0 0 "KDE QDA" 3 1000 4.16666666666667
129.365 16.605 0 0 "KDE QDA" 3 1000 4.17676767676768
129.99 16.61 0 0 "KDE QDA" 3 1000 4.18686868686869
130.025 16.625 0 0 "KDE QDA" 3 1000 4.1969696969697
131.245 16.625 0 0 "KDE QDA" 3 1000 4.20707070707071
132.24 16.98 0 0 "KDE QDA" 3 1000 4.21717171717172
132.955 17 0 0 "KDE QDA" 3 1000 4.22727272727273
133.53 17.035 0 0 "KDE QDA" 3 1000 4.23737373737374
133.985 17.05 0 0 "KDE QDA" 3 1000 4.24747474747475
134.355 17.075 0 0 "KDE QDA" 3 1000 4.25757575757576
134.385 17.145 0 0 "KDE QDA" 3 1000 4.26767676767677
134.385 17.165 0 0 "KDE QDA" 3 1000 4.27777777777778
134.91 17.19 0 0 "KDE QDA" 3 1000 4.28787878787879
134.965 17.225 0 0 "KDE QDA" 3 1000 4.2979797979798
134.98 17.31 0 0 "KDE QDA" 3 1000 4.30808080808081
135.01 17.32 0 0 "KDE QDA" 3 1000 4.31818181818182
136.895 17.325 0 0 "KDE QDA" 3 1000 4.32828282828283
137.745 17.345 0 0 "KDE QDA" 3 1000 4.33838383838384
140.81 17.525 0 0 "KDE QDA" 3 1000 4.34848484848485
140.85 17.57 0 0 "KDE QDA" 3 1000 4.35858585858586
141.61 17.58 0 0 "KDE QDA" 3 1000 4.36868686868687
143.635 17.66 0 0 "KDE QDA" 3 1000 4.37878787878788
143.745 17.695 0 0 "KDE QDA" 3 1000 4.38888888888889
144.31 17.725 0 0 "KDE QDA" 3 1000 4.3989898989899
144.745 17.76 0 0 "KDE QDA" 3 1000 4.40909090909091
144.85 17.76 0 0 "KDE QDA" 3 1000 4.41919191919192
144.92 17.805 0 0 "KDE QDA" 3 1000 4.42929292929293
146.9 17.83 0 0 "KDE QDA" 3 1000 4.43939393939394
149.08 17.98 0 0 "KDE QDA" 3 1000 4.44949494949495
149.36 17.99 0 0 "KDE QDA" 3 1000 4.45959595959596
149.5 18 0 0 "KDE QDA" 3 1000 4.46969696969697
151.42 18.31 0 0 "KDE QDA" 3 1000 4.47979797979798
151.83 18.315 0 0 "KDE QDA" 3 1000 4.48989898989899
153.74 18.395 0 0 "KDE QDA" 3 1000 4.5
