124.925 13.905 0 0 "KDE LDA" 65 1000 2.5
126.45 13.985 0 0 "KDE LDA" 65 1000 2.51010101010101
128.385 14.01 0 0 "KDE LDA" 65 1000 2.52020202020202
132.675 14.095 0 0 "KDE LDA" 65 1000 2.53030303030303
136.16 14.215 0 0 "KDE LDA" 65 1000 2.54040404040404
136.92 14.22 0 0 "KDE LDA" 65 1000 2.55050505050505
136.92 14.25 0 0 "KDE LDA" 65 1000 2.56060606060606
138.85 14.255 0 0 "KDE LDA" 65 1000 2.57070707070707
139.125 14.265 0 0 "KDE LDA" 65 1000 2.58080808080808
139.255 14.28 0 0 "KDE LDA" 65 1000 2.59090909090909
139.265 14.445 0 0 "KDE LDA" 65 1000 2.6010101010101
139.27 14.635 0 0 "KDE LDA" 65 1000 2.61111111111111
140.06 14.73 0 0 "KDE LDA" 65 1000 2.62121212121212
140.065 14.78 0 0 "KDE LDA" 65 1000 2.63131313131313
140.92 14.925 0 0 "KDE LDA" 65 1000 2.64141414141414
141.32 15.07 0 0 "KDE LDA" 65 1000 2.65151515151515
142.375 15.255 0 0 "KDE LDA" 65 1000 2.66161616161616
150.745 15.705 0 0 "KDE LDA" 65 1000 2.67171717171717
152.385 15.765 0 0 "KDE LDA" 65 1000 2.68181818181818
152.4 15.81 0 0 "KDE LDA" 65 1000 2.69191919191919
152.405 15.835 0 0 "KDE LDA" 65 1000 2.7020202020202
152.41 15.845 0 0 "KDE LDA" 65 1000 2.71212121212121
152.42 15.86 0 0 "KDE LDA" 65 1000 2.72222222222222
152.42 15.885 0 0 "KDE LDA" 65 1000 2.73232323232323
155.64 15.9 0 0 "KDE LDA" 65 1000 2.74242424242424
155.67 15.905 0 0 "KDE LDA" 65 1000 2.75252525252525
157.435 15.98 0 0 "KDE LDA" 65 1000 2.76262626262626
157.435 16.17 0 0 "KDE LDA" 65 1000 2.77272727272727
163.67 16.225 0 0 "KDE LDA" 65 1000 2.78282828282828
170.085 16.295 0 0 "KDE LDA" 65 1000 2.79292929292929
226.29 17.06 0 0 "KDE LDA" 65 1000 2.8030303030303
232.31 17.065 0 0 "KDE LDA" 65 1000 2.81313131313131
233.15 17.075 0 0 "KDE LDA" 65 1000 2.82323232323232
233.745 17.085 0 0 "KDE LDA" 65 1000 2.83333333333333
235.38 17.09 0 0 "KDE LDA" 65 1000 2.84343434343434
238.515 17.205 0 0 "KDE LDA" 65 1000 2.85353535353535
238.53 17.22 0 0 "KDE LDA" 65 1000 2.86363636363636
238.535 17.23 0 0 "KDE LDA" 65 1000 2.87373737373737
238.56 17.365 0 0 "KDE LDA" 65 1000 2.88383838383838
244.475 17.365 0 0 "KDE LDA" 65 1000 2.89393939393939
244.475 17.365 0 0 "KDE LDA" 65 1000 2.9040404040404
248.075 17.4 0 0 "KDE LDA" 65 1000 2.91414141414141
250.875 17.44 0 0 "KDE LDA" 65 1000 2.92424242424242
252.25 17.48 0 0 "KDE LDA" 65 1000 2.93434343434343
256.06 17.54 0 0 "KDE LDA" 65 1000 2.94444444444444
260.985 17.56 0 0 "KDE LDA" 65 1000 2.95454545454545
266.64 17.78 0 0 "KDE LDA" 65 1000 2.96464646464646
268.3 17.815 0 0 "KDE LDA" 65 1000 2.97474747474747
268.315 17.84 0 0 "KDE LDA" 65 1000 2.98484848484848
271.225 17.915 0 0 "KDE LDA" 65 1000 2.99494949494949
276.265 17.925 0 0 "KDE LDA" 65 1000 3.00505050505051
276.265 17.96 0 0 "KDE LDA" 65 1000 3.01515151515152
276.375 17.96 0 0 "KDE LDA" 65 1000 3.02525252525253
276.4 18.325 0 0 "KDE LDA" 65 1000 3.03535353535354
280.97 18.36 0 0 "KDE LDA" 65 1000 3.04545454545455
281.5 18.375 0 0 "KDE LDA" 65 1000 3.05555555555556
283.52 18.415 0 0 "KDE LDA" 65 1000 3.06565656565657
283.63 18.495 0 0 "KDE LDA" 65 1000 3.07575757575758
302.795 18.77 0 0 "KDE LDA" 65 1000 3.08585858585859
309.02 19.075 0 0 "KDE LDA" 65 1000 3.0959595959596
316.13 19.08 0 0 "KDE LDA" 65 1000 3.10606060606061
316.39 19.145 0 0 "KDE LDA" 65 1000 3.11616161616162
316.445 19.145 0 0 "KDE LDA" 65 1000 3.12626262626263
317.82 19.18 0 0 "KDE LDA" 65 1000 3.13636363636364
322.865 19.46 0 0 "KDE LDA" 65 1000 3.14646464646465
326.395 19.605 0 0 "KDE LDA" 65 1000 3.15656565656566
332.165 19.615 0 0 "KDE LDA" 65 1000 3.16666666666667
332.48 19.635 0 0 "KDE LDA" 65 1000 3.17676767676768
334.275 19.675 0 0 "KDE LDA" 65 1000 3.18686868686869
347.375 19.855 0 0 "KDE LDA" 65 1000 3.1969696969697
353.265 20.015 0 0 "KDE LDA" 65 1000 3.20707070707071
362.36 20.055 0 0 "KDE LDA" 65 1000 3.21717171717172
380.91 20.57 0 0 "KDE LDA" 65 1000 3.22727272727273
380.93 20.895 0 0 "KDE LDA" 65 1000 3.23737373737374
382.51 20.92 0 0 "KDE LDA" 65 1000 3.24747474747475
384.555 21.325 0 0 "KDE LDA" 65 1000 3.25757575757576
387.17 21.355 0 0 "KDE LDA" 65 1000 3.26767676767677
391.08 21.455 0 0 "KDE LDA" 65 1000 3.27777777777778
391.115 21.495 0 0 "KDE LDA" 65 1000 3.28787878787879
391.12 21.505 0 0 "KDE LDA" 65 1000 3.2979797979798
394.41 21.52 0 0 "KDE LDA" 65 1000 3.30808080808081
395.33 21.775 0 0 "KDE LDA" 65 1000 3.31818181818182
395.345 21.81 0 0 "KDE LDA" 65 1000 3.32828282828283
404.425 22.025 0 0 "KDE LDA" 65 1000 3.33838383838384
420.59 22.15 0 0 "KDE LDA" 65 1000 3.34848484848485
492.925 22.865 0 0 "KDE LDA" 65 1000 3.35858585858586
493.885 22.99 0 0 "KDE LDA" 65 1000 3.36868686868687
496.115 23.025 0 0 "KDE LDA" 65 1000 3.37878787878788
502.21 23.08 0 0 "KDE LDA" 65 1000 3.38888888888889
502.625 23.26 0 0 "KDE LDA" 65 1000 3.3989898989899
502.665 23.28 0 0 "KDE LDA" 65 1000 3.40909090909091
502.665 23.36 0 0 "KDE LDA" 65 1000 3.41919191919192
502.745 23.38 0 0 "KDE LDA" 65 1000 3.42929292929293
502.78 23.405 0 0 "KDE LDA" 65 1000 3.43939393939394
502.78 23.41 0 0 "KDE LDA" 65 1000 3.44949494949495
502.78 23.42 0 0 "KDE LDA" 65 1000 3.45959595959596
507.76 23.46 0 0 "KDE LDA" 65 1000 3.46969696969697
507.765 23.475 0 0 "KDE LDA" 65 1000 3.47979797979798
510.47 23.645 0 0 "KDE LDA" 65 1000 3.48989898989899
516.045 23.655 0 0 "KDE LDA" 65 1000 3.5
146.29 15.1 0 0 "KDE QDA" 65 1000 3.5
150.365 15.115 0 0 "KDE QDA" 65 1000 3.51010101010101
152.52 15.39 0 0 "KDE QDA" 65 1000 3.52020202020202
152.845 15.41 0 0 "KDE QDA" 65 1000 3.53030303030303
154.17 15.445 0 0 "KDE QDA" 65 1000 3.54040404040404
154.725 15.46 0 0 "KDE QDA" 65 1000 3.55050505050505
155.685 15.48 0 0 "KDE QDA" 65 1000 3.56060606060606
157.185 15.49 0 0 "KDE QDA" 65 1000 3.57070707070707
157.19 15.49 0 0 "KDE QDA" 65 1000 3.58080808080808
157.205 15.495 0 0 "KDE QDA" 65 1000 3.59090909090909
157.72 15.505 0 0 "KDE QDA" 65 1000 3.6010101010101
158.61 15.51 0 0 "KDE QDA" 65 1000 3.61111111111111
158.63 15.585 0 0 "KDE QDA" 65 1000 3.62121212121212
158.965 15.595 0 0 "KDE QDA" 65 1000 3.63131313131313
159.885 15.63 0 0 "KDE QDA" 65 1000 3.64141414141414
166.625 15.845 0 0 "KDE QDA" 65 1000 3.65151515151515
166.64 15.885 0 0 "KDE QDA" 65 1000 3.66161616161616
167.405 15.895 0 0 "KDE QDA" 65 1000 3.67171717171717
167.45 15.975 0 0 "KDE QDA" 65 1000 3.68181818181818
169.23 15.98 0 0 "KDE QDA" 65 1000 3.69191919191919
169.71 15.985 0 0 "KDE QDA" 65 1000 3.7020202020202
169.745 16.005 0 0 "KDE QDA" 65 1000 3.71212121212121
170.195 16.005 0 0 "KDE QDA" 65 1000 3.72222222222222
170.205 16.01 0 0 "KDE QDA" 65 1000 3.73232323232323
170.235 16.02 0 0 "KDE QDA" 65 1000 3.74242424242424
170.46 16.02 0 0 "KDE QDA" 65 1000 3.75252525252525
170.79 16.035 0 0 "KDE QDA" 65 1000 3.76262626262626
171.445 16.04 0 0 "KDE QDA" 65 1000 3.77272727272727
172.49 16.175 0 0 "KDE QDA" 65 1000 3.78282828282828
181.76 16.815 0 0 "KDE QDA" 65 1000 3.79292929292929
181.84 16.855 0 0 "KDE QDA" 65 1000 3.8030303030303
182.705 16.915 0 0 "KDE QDA" 65 1000 3.81313131313131
182.715 16.975 0 0 "KDE QDA" 65 1000 3.82323232323232
182.865 16.975 0 0 "KDE QDA" 65 1000 3.83333333333333
184.925 16.99 0 0 "KDE QDA" 65 1000 3.84343434343434
187.94 17.005 0 0 "KDE QDA" 65 1000 3.85353535353535
188.75 17.01 0 0 "KDE QDA" 65 1000 3.86363636363636
189.87 17.01 0 0 "KDE QDA" 65 1000 3.87373737373737
190.355 17.02 0 0 "KDE QDA" 65 1000 3.88383838383838
190.705 17.065 0 0 "KDE QDA" 65 1000 3.89393939393939
192.89 17.065 0 0 "KDE QDA" 65 1000 3.9040404040404
194.905 17.07 0 0 "KDE QDA" 65 1000 3.91414141414141
200.995 17.46 0 0 "KDE QDA" 65 1000 3.92424242424242
200.995 17.465 0 0 "KDE QDA" 65 1000 3.93434343434343
206.53 17.525 0 0 "KDE QDA" 65 1000 3.94444444444444
206.72 17.56 0 0 "KDE QDA" 65 1000 3.95454545454545
207.77 17.57 0 0 "KDE QDA" 65 1000 3.96464646464646
207.92 17.575 0 0 "KDE QDA" 65 1000 3.97474747474747
207.935 17.595 0 0 "KDE QDA" 65 1000 3.98484848484848
209.285 17.67 0 0 "KDE QDA" 65 1000 3.99494949494949
211.135 17.68 0 0 "KDE QDA" 65 1000 4.00505050505051
211.21 17.68 0 0 "KDE QDA" 65 1000 4.01515151515152
211.215 17.68 0 0 "KDE QDA" 65 1000 4.02525252525253
212.41 17.755 0 0 "KDE QDA" 65 1000 4.03535353535354
214.79 17.76 0 0 "KDE QDA" 65 1000 4.04545454545455
216.63 17.775 0 0 "KDE QDA" 65 1000 4.05555555555556
216.655 17.78 0 0 "KDE QDA" 65 1000 4.06565656565657
220.69 17.795 0 0 "KDE QDA" 65 1000 4.07575757575758
227.625 17.915 0 0 "KDE QDA" 65 1000 4.08585858585859
228.33 17.92 0 0 "KDE QDA" 65 1000 4.0959595959596
228.365 17.94 0 0 "KDE QDA" 65 1000 4.10606060606061
238.51 17.98 0 0 "KDE QDA" 65 1000 4.11616161616162
238.62 18.025 0 0 "KDE QDA" 65 1000 4.12626262626263
239.525 18.055 0 0 "KDE QDA" 65 1000 4.13636363636364
241.275 18.06 0 0 "KDE QDA" 65 1000 4.14646464646465
245.215 18.065 0 0 "KDE QDA" 65 1000 4.15656565656566
245.24 18.115 0 0 "KDE QDA" 65 1000 4.16666666666667
245.425 18.14 0 0 "KDE QDA" 65 1000 4.17676767676768
245.435 18.155 0 0 "KDE QDA" 65 1000 4.18686868686869
245.445 18.16 0 0 "KDE QDA" 65 1000 4.1969696969697
246.24 18.175 0 0 "KDE QDA" 65 1000 4.20707070707071
252.915 18.325 0 0 "KDE QDA" 65 1000 4.21717171717172
253.085 18.34 0 0 "KDE QDA" 65 1000 4.22727272727273
254.9 18.425 0 0 "KDE QDA" 65 1000 4.23737373737374
254.93 18.425 0 0 "KDE QDA" 65 1000 4.24747474747475
254.975 18.44 0 0 "KDE QDA" 65 1000 4.25757575757576
255.06 18.465 0 0 "KDE QDA" 65 1000 4.26767676767677
256.22 18.465 0 0 "KDE QDA" 65 1000 4.27777777777778
258.175 18.475 0 0 "KDE QDA" 65 1000 4.28787878787879
259.015 18.475 0 0 "KDE QDA" 65 1000 4.2979797979798
259.22 18.5 0 0 "KDE QDA" 65 1000 4.30808080808081
259.445 18.51 0 0 "KDE QDA" 65 1000 4.31818181818182
260.355 18.58 0 0 "KDE QDA" 65 1000 4.32828282828283
262.205 18.59 0 0 "KDE QDA" 65 1000 4.33838383838384
280.76 18.88 0 0 "KDE QDA" 65 1000 4.34848484848485
285.495 19.045 0 0 "KDE QDA" 65 1000 4.35858585858586
285.565 19.075 0 0 "KDE QDA" 65 1000 4.36868686868687
298.055 19.16 0 0 "KDE QDA" 65 1000 4.37878787878788
301.375 19.2 0 0 "KDE QDA" 65 1000 4.38888888888889
305.96 19.22 0 0 "KDE QDA" 65 1000 4.3989898989899
310.825 19.25 0 0 "KDE QDA" 65 1000 4.40909090909091
310.825 19.27 0 0 "KDE QDA" 65 1000 4.41919191919192
311.18 19.31 0 0 "KDE QDA" 65 1000 4.42929292929293
312.865 19.32 0 0 "KDE QDA" 65 1000 4.43939393939394
312.915 19.365 0 0 "KDE QDA" 65 1000 4.44949494949495
312.925 19.37 0 0 "KDE QDA" 65 1000 4.45959595959596
316.69 19.375 0 0 "KDE QDA" 65 1000 4.46969696969697
327.465 19.67 0 0 "KDE QDA" 65 1000 4.47979797979798
328.125 19.705 0 0 "KDE QDA" 65 1000 4.48989898989899
328.225 19.705 0 0 "KDE QDA" 65 1000 4.5
