133.12 13.495 0 0 "KDE LDA" 117 3000 2.5
134.01 13.495 0 0 "KDE LDA" 117 3000 2.51010101010101
136.335 13.575 0 0 "KDE LDA" 117 3000 2.52020202020202
144.96 13.675 0 0 "KDE LDA" 117 3000 2.53030303030303
145.285 13.705 0 0 "KDE LDA" 117 3000 2.54040404040404
145.345 13.73 0 0 "KDE LDA" 117 3000 2.55050505050505
145.995 13.765 0 0 "KDE LDA" 117 3000 2.56060606060606
146.61 13.775 0 0 "KDE LDA" 117 3000 2.57070707070707
147.87 13.775 0 0 "KDE LDA" 117 3000 2.58080808080808
150.155 13.785 0 0 "KDE LDA" 117 3000 2.59090909090909
150.475 13.785 0 0 "KDE LDA" 117 3000 2.6010101010101
150.74 13.795 0 0 "KDE LDA" 117 3000 2.61111111111111
154.085 13.815 0 0 "KDE LDA" 117 3000 2.62121212121212
154.91 13.96 0 0 "KDE LDA" 117 3000 2.63131313131313
156.19 13.995 0 0 "KDE LDA" 117 3000 2.64141414141414
162.345 14.06 0 0 "KDE LDA" 117 3000 2.65151515151515
168.3 14.3 0 0 "KDE LDA" 117 3000 2.66161616161616
177.605 14.48 0 0 "KDE LDA" 117 3000 2.67171717171717
178.235 14.55 0 0 "KDE LDA" 117 3000 2.68181818181818
179.33 14.595 0 0 "KDE LDA" 117 3000 2.69191919191919
179.49 14.75 0 0 "KDE LDA" 117 3000 2.7020202020202
179.625 14.8 0 0 "KDE LDA" 117 3000 2.71212121212121
179.845 15 0 0 "KDE LDA" 117 3000 2.72222222222222
183.21 15.03 0 0 "KDE LDA" 117 3000 2.73232323232323
184.785 15.08 0 0 "KDE LDA" 117 3000 2.74242424242424
188.6 15.085 0 0 "KDE LDA" 117 3000 2.75252525252525
188.71 15.16 0 0 "KDE LDA" 117 3000 2.76262626262626
189.975 15.235 0 0 "KDE LDA" 117 3000 2.77272727272727
195.705 15.445 0 0 "KDE LDA" 117 3000 2.78282828282828
203.925 15.8 0 0 "KDE LDA" 117 3000 2.79292929292929
233.495 16.38 0 0 "KDE LDA" 117 3000 2.8030303030303
233.955 16.445 0 0 "KDE LDA" 117 3000 2.81313131313131
236.64 16.505 0 0 "KDE LDA" 117 3000 2.82323232323232
237.275 16.56 0 0 "KDE LDA" 117 3000 2.83333333333333
238.575 16.57 0 0 "KDE LDA" 117 3000 2.84343434343434
242.27 16.58 0 0 "KDE LDA" 117 3000 2.85353535353535
242.43 16.66 0 0 "KDE LDA" 117 3000 2.86363636363636
250.075 16.665 0 0 "KDE LDA" 117 3000 2.87373737373737
250.095 16.74 0 0 "KDE LDA" 117 3000 2.88383838383838
250.72 16.745 0 0 "KDE LDA" 117 3000 2.89393939393939
250.735 16.745 0 0 "KDE LDA" 117 3000 2.9040404040404
251.54 16.755 0 0 "KDE LDA" 117 3000 2.91414141414141
255.01 16.76 0 0 "KDE LDA" 117 3000 2.92424242424242
259.33 16.905 0 0 "KDE LDA" 117 3000 2.93434343434343
263.475 16.97 0 0 "KDE LDA" 117 3000 2.94444444444444
267.91 17.11 0 0 "KDE LDA" 117 3000 2.95454545454545
270.97 17.195 0 0 "KDE LDA" 117 3000 2.96464646464646
277.32 17.29 0 0 "KDE LDA" 117 3000 2.97474747474747
277.525 17.305 0 0 "KDE LDA" 117 3000 2.98484848484848
279.71 17.355 0 0 "KDE LDA" 117 3000 2.99494949494949
279.735 17.52 0 0 "KDE LDA" 117 3000 3.00505050505051
280.945 17.52 0 0 "KDE LDA" 117 3000 3.01515151515152
282.03 17.64 0 0 "KDE LDA" 117 3000 3.02525252525253
282.72 17.665 0 0 "KDE LDA" 117 3000 3.03535353535354
282.76 17.735 0 0 "KDE LDA" 117 3000 3.04545454545455
282.985 17.765 0 0 "KDE LDA" 117 3000 3.05555555555556
284.585 17.895 0 0 "KDE LDA" 117 3000 3.06565656565657
293.33 17.96 0 0 "KDE LDA" 117 3000 3.07575757575758
299.18 18.02 0 0 "KDE LDA" 117 3000 3.08585858585859
307.36 18.12 0 0 "KDE LDA" 117 3000 3.0959595959596
307.37 18.64 0 0 "KDE LDA" 117 3000 3.10606060606061
307.405 18.7 0 0 "KDE LDA" 117 3000 3.11616161616162
307.695 18.71 0 0 "KDE LDA" 117 3000 3.12626262626263
309.065 18.725 0 0 "KDE LDA" 117 3000 3.13636363636364
311.435 18.795 0 0 "KDE LDA" 117 3000 3.14646464646465
311.46 19.075 0 0 "KDE LDA" 117 3000 3.15656565656566
311.555 19.105 0 0 "KDE LDA" 117 3000 3.16666666666667
313.97 19.18 0 0 "KDE LDA" 117 3000 3.17676767676768
315.115 19.275 0 0 "KDE LDA" 117 3000 3.18686868686869
326.14 19.355 0 0 "KDE LDA" 117 3000 3.1969696969697
327.6 19.395 0 0 "KDE LDA" 117 3000 3.20707070707071
334.275 19.5 0 0 "KDE LDA" 117 3000 3.21717171717172
353.43 19.595 0 0 "KDE LDA" 117 3000 3.22727272727273
357.97 19.74 0 0 "KDE LDA" 117 3000 3.23737373737374
371.48 19.76 0 0 "KDE LDA" 117 3000 3.24747474747475
377.15 19.765 0 0 "KDE LDA" 117 3000 3.25757575757576
380.9 19.81 0 0 "KDE LDA" 117 3000 3.26767676767677
384.78 19.88 0 0 "KDE LDA" 117 3000 3.27777777777778
386.635 19.92 0 0 "KDE LDA" 117 3000 3.28787878787879
386.65 20.17 0 0 "KDE LDA" 117 3000 3.2979797979798
392.17 20.175 0 0 "KDE LDA" 117 3000 3.30808080808081
396.525 20.21 0 0 "KDE LDA" 117 3000 3.31818181818182
403.185 20.255 0 0 "KDE LDA" 117 3000 3.32828282828283
408.385 20.28 0 0 "KDE LDA" 117 3000 3.33838383838384
420.38 20.32 0 0 "KDE LDA" 117 3000 3.34848484848485
487.315 20.6 0 0 "KDE LDA" 117 3000 3.35858585858586
500.305 20.62 0 0 "KDE LDA" 117 3000 3.36868686868687
508.44 20.675 0 0 "KDE LDA" 117 3000 3.37878787878788
514.04 20.885 0 0 "KDE LDA" 117 3000 3.38888888888889
514.04 20.93 0 0 "KDE LDA" 117 3000 3.3989898989899
514.34 21.15 0 0 "KDE LDA" 117 3000 3.40909090909091
526.765 21.15 0 0 "KDE LDA" 117 3000 3.41919191919192
527.765 21.165 0 0 "KDE LDA" 117 3000 3.42929292929293
531.49 21.175 0 0 "KDE LDA" 117 3000 3.43939393939394
532.285 21.33 0 0 "KDE LDA" 117 3000 3.44949494949495
543.31 21.56 0 0 "KDE LDA" 117 3000 3.45959595959596
543.885 21.59 0 0 "KDE LDA" 117 3000 3.46969696969697
544.275 21.66 0 0 "KDE LDA" 117 3000 3.47979797979798
544.295 21.875 0 0 "KDE LDA" 117 3000 3.48989898989899
548.85 21.93 0 0 "KDE LDA" 117 3000 3.5
118.565 11.095 0 0 "KDE QDA" 117 3000 2.7
118.565 11.095 0 0 "KDE QDA" 117 3000 2.71010101010101
118.825 11.1 0 0 "KDE QDA" 117 3000 2.72020202020202
118.825 11.1 0 0 "KDE QDA" 117 3000 2.73030303030303
118.825 11.1 0 0 "KDE QDA" 117 3000 2.74040404040404
118.825 11.1 0 0 "KDE QDA" 117 3000 2.75050505050505
118.825 11.105 0 0 "KDE QDA" 117 3000 2.76060606060606
118.83 11.105 0 0 "KDE QDA" 117 3000 2.77070707070707
118.83 11.105 0 0 "KDE QDA" 117 3000 2.78080808080808
118.83 11.11 0 0 "KDE QDA" 117 3000 2.79090909090909
145.88 11.95 0 0 "KDE QDA" 117 3000 2.8010101010101
145.88 11.955 0 0 "KDE QDA" 117 3000 2.81111111111111
145.885 11.96 0 0 "KDE QDA" 117 3000 2.82121212121212
147.28 12.14 0 0 "KDE QDA" 117 3000 2.83131313131313
147.285 12.145 0 0 "KDE QDA" 117 3000 2.84141414141414
147.505 12.15 0 0 "KDE QDA" 117 3000 2.85151515151515
147.53 12.15 0 0 "KDE QDA" 117 3000 2.86161616161616
147.53 12.15 0 0 "KDE QDA" 117 3000 2.87171717171717
147.53 12.15 0 0 "KDE QDA" 117 3000 2.88181818181818
147.53 12.15 0 0 "KDE QDA" 117 3000 2.89191919191919
147.53 12.15 0 0 "KDE QDA" 117 3000 2.9020202020202
147.835 12.15 0 0 "KDE QDA" 117 3000 2.91212121212121
147.835 12.155 0 0 "KDE QDA" 117 3000 2.92222222222222
147.84 12.16 0 0 "KDE QDA" 117 3000 2.93232323232323
147.885 12.16 0 0 "KDE QDA" 117 3000 2.94242424242424
147.885 12.175 0 0 "KDE QDA" 117 3000 2.95252525252525
154.985 12.35 0 0 "KDE QDA" 117 3000 2.96262626262626
155.01 12.35 0 0 "KDE QDA" 117 3000 2.97272727272727
155.035 12.375 0 0 "KDE QDA" 117 3000 2.98282828282828
155.965 12.375 0 0 "KDE QDA" 117 3000 2.99292929292929
155.965 12.38 0 0 "KDE QDA" 117 3000 3.0030303030303
155.985 12.38 0 0 "KDE QDA" 117 3000 3.01313131313131
155.985 12.38 0 0 "KDE QDA" 117 3000 3.02323232323232
155.985 12.38 0 0 "KDE QDA" 117 3000 3.03333333333333
156.495 12.38 0 0 "KDE QDA" 117 3000 3.04343434343434
156.495 12.38 0 0 "KDE QDA" 117 3000 3.05353535353535
156.5 12.38 0 0 "KDE QDA" 117 3000 3.06363636363636
156.5 12.38 0 0 "KDE QDA" 117 3000 3.07373737373737
156.5 12.455 0 0 "KDE QDA" 117 3000 3.08383838383838
166.38 12.74 0 0 "KDE QDA" 117 3000 3.09393939393939
166.425 12.745 0 0 "KDE QDA" 117 3000 3.1040404040404
166.44 12.745 0 0 "KDE QDA" 117 3000 3.11414141414141
167.01 12.755 0 0 "KDE QDA" 117 3000 3.12424242424242
168.17 12.755 0 0 "KDE QDA" 117 3000 3.13434343434343
168.18 12.755 0 0 "KDE QDA" 117 3000 3.14444444444444
168.21 12.76 0 0 "KDE QDA" 117 3000 3.15454545454545
168.24 12.765 0 0 "KDE QDA" 117 3000 3.16464646464646
168.24 12.765 0 0 "KDE QDA" 117 3000 3.17474747474748
168.245 12.765 0 0 "KDE QDA" 117 3000 3.18484848484849
168.245 12.765 0 0 "KDE QDA" 117 3000 3.19494949494949
168.245 12.765 0 0 "KDE QDA" 117 3000 3.20505050505051
168.245 12.765 0 0 "KDE QDA" 117 3000 3.21515151515152
183.4 13.45 0 0 "KDE QDA" 117 3000 3.22525252525253
184.495 13.475 0 0 "KDE QDA" 117 3000 3.23535353535354
184.535 13.48 0 0 "KDE QDA" 117 3000 3.24545454545455
187.465 13.535 0 0 "KDE QDA" 117 3000 3.25555555555556
188.98 13.535 0 0 "KDE QDA" 117 3000 3.26565656565657
192.82 13.57 0 0 "KDE QDA" 117 3000 3.27575757575758
195.855 13.59 0 0 "KDE QDA" 117 3000 3.28585858585859
195.855 13.59 0 0 "KDE QDA" 117 3000 3.2959595959596
195.855 13.59 0 0 "KDE QDA" 117 3000 3.30606060606061
195.855 13.595 0 0 "KDE QDA" 117 3000 3.31616161616162
195.88 13.6 0 0 "KDE QDA" 117 3000 3.32626262626263
195.885 13.6 0 0 "KDE QDA" 117 3000 3.33636363636364
195.89 13.6 0 0 "KDE QDA" 117 3000 3.34646464646465
196.22 13.605 0 0 "KDE QDA" 117 3000 3.35656565656566
224.12 14.605 0 0 "KDE QDA" 117 3000 3.36666666666667
224.12 14.605 0 0 "KDE QDA" 117 3000 3.37676767676768
238.18 14.97 0 0 "KDE QDA" 117 3000 3.38686868686869
238.22 14.995 0 0 "KDE QDA" 117 3000 3.3969696969697
238.615 14.995 0 0 "KDE QDA" 117 3000 3.40707070707071
238.915 15.005 0 0 "KDE QDA" 117 3000 3.41717171717172
242.115 15.005 0 0 "KDE QDA" 117 3000 3.42727272727273
242.335 15.005 0 0 "KDE QDA" 117 3000 3.43737373737374
245.62 15.005 0 0 "KDE QDA" 117 3000 3.44747474747475
245.62 15.005 0 0 "KDE QDA" 117 3000 3.45757575757576
245.62 15.01 0 0 "KDE QDA" 117 3000 3.46767676767677
245.62 15.025 0 0 "KDE QDA" 117 3000 3.47777777777778
246.445 15.025 0 0 "KDE QDA" 117 3000 3.48787878787879
246.445 15.135 0 0 "KDE QDA" 117 3000 3.4979797979798
246.52 15.135 0 0 "KDE QDA" 117 3000 3.50808080808081
257.12 15.5 0 0 "KDE QDA" 117 3000 3.51818181818182
257.39 15.505 0 0 "KDE QDA" 117 3000 3.52828282828283
258.88 15.505 0 0 "KDE QDA" 117 3000 3.53838383838384
258.91 15.51 0 0 "KDE QDA" 117 3000 3.54848484848485
258.91 15.535 0 0 "KDE QDA" 117 3000 3.55858585858586
260.765 15.57 0 0 "KDE QDA" 117 3000 3.56868686868687
260.765 15.57 0 0 "KDE QDA" 117 3000 3.57878787878788
260.765 15.57 0 0 "KDE QDA" 117 3000 3.58888888888889
261.255 15.595 0 0 "KDE QDA" 117 3000 3.5989898989899
261.255 15.61 0 0 "KDE QDA" 117 3000 3.60909090909091
268.865 15.61 0 0 "KDE QDA" 117 3000 3.61919191919192
268.865 15.635 0 0 "KDE QDA" 117 3000 3.62929292929293
268.87 15.64 0 0 "KDE QDA" 117 3000 3.63939393939394
269.085 15.645 0 0 "KDE QDA" 117 3000 3.64949494949495
303.515 16.04 0 0 "KDE QDA" 117 3000 3.65959595959596
303.545 16.04 0 0 "KDE QDA" 117 3000 3.66969696969697
305.925 16.09 0 0 "KDE QDA" 117 3000 3.67979797979798
305.935 16.1 0 0 "KDE QDA" 117 3000 3.68989898989899
305.935 16.1 0 0 "KDE QDA" 117 3000 3.7
