63.068 14.875 0 0 56.3001517145654 10.5185557475832 "LDA" 15 200 1.5
66.414 15.379 0 0 59.1387012876508 10.8053743625621 "LDA" 15 200 1.53535353535354
69.745 15.857 0 0 62.2356107565937 10.9223554624838 "LDA" 15 200 1.57070707070707
74.377 16.278 0 0 66.2360633423144 11.0470246108512 "LDA" 15 200 1.60606060606061
77.981 16.653 0 0 69.3211660538328 11.2030397258556 "LDA" 15 200 1.64141414141414
82.722 17.007 0 0 73.2663679779247 11.3445868435413 "LDA" 15 200 1.67676767676768
87.413 17.593 0 0 77.7744514368073 11.8631397650489 "LDA" 15 200 1.71212121212121
91.359 18.135 0 0 80.6308964384029 12.1956348136745 "LDA" 15 200 1.74747474747475
95.69 18.557 0 0 85.2767730863922 12.5950540445997 "LDA" 15 200 1.78282828282828
100.425 19.033 0 0 89.3901839128882 13.0618728949383 "LDA" 15 200 1.81818181818182
106.132 19.603 0 0 97.6376653228132 13.3630071825529 "LDA" 15 200 1.85353535353535
111.642 20.019 0 0 102.281911526063 13.5508030486486 "LDA" 15 200 1.88888888888889
116.424 20.469 0 0 107.136952311285 13.7081345175758 "LDA" 15 200 1.92424242424242
123.57 20.879 0 0 114.72126249335 13.8679009831221 "LDA" 15 200 1.95959595959596
129.045 21.421 0 0 118.60421550238 14.1097428695155 "LDA" 15 200 1.99494949494949
134.531 21.867 0 0 126.708184435746 14.3603457663989 "LDA" 15 200 2.03030303030303
140.703 22.398 0 0 132.347348336155 14.4673044793734 "LDA" 15 200 2.06565656565657
144.788 22.703 0 0 135.352855350197 14.5283124575039 "LDA" 15 200 2.1010101010101
150.761 23.166 0 0 139.262011283719 14.8559463900198 "LDA" 15 200 2.13636363636364
157.663 23.694 0 0 152.015736735429 15.387044067173 "LDA" 15 200 2.17171717171717
167.071 24.272 0 0 160.771208057725 15.740577555534 "LDA" 15 200 2.20707070707071
176.213 24.894 0 0 169.998202990561 16.1318008603813 "LDA" 15 200 2.24242424242424
185.292 25.219 0 0 178.614265364757 16.2818345752909 "LDA" 15 200 2.27777777777778
191.081 25.661 0 0 184.184517197769 16.4133932652111 "LDA" 15 200 2.31313131313131
199.585 26.313 0 0 191.917245196996 17.039171469422 "LDA" 15 200 2.34848484848485
210.119 26.935 0 0 201.814121851715 17.3553445077585 "LDA" 15 200 2.38383838383838
220.281 27.347 0 0 211.236357755567 17.6821166224027 "LDA" 15 200 2.41919191919192
227.168 27.932 0 0 217.961838722147 18.1250625900683 "LDA" 15 200 2.45454545454545
236.781 28.493 0 0 224.128906671598 18.5110402087406 "LDA" 15 200 2.48989898989899
246.113 28.857 0 0 233.318601489039 18.6265267427532 "LDA" 15 200 2.52525252525253
256.677 29.215 0 0 243.453639006168 18.6464598641529 "LDA" 15 200 2.56060606060606
271.661 29.654 0 0 258.92507076618 18.6839335626461 "LDA" 15 200 2.5959595959596
278.38 30.224 0 0 263.049506068045 19.1535553535808 "LDA" 15 200 2.63131313131313
291.551 30.606 0 0 277.904473327248 19.2854009730337 "LDA" 15 200 2.66666666666667
304.624 30.976 0 0 290.114617203469 19.3222351909082 "LDA" 15 200 2.7020202020202
323.772 31.494 0 0 311.557159891857 19.5640669779245 "LDA" 15 200 2.73737373737374
334.447 31.938 0 0 319.507029551672 19.640058245532 "LDA" 15 200 2.77272727272727
349.329 32.573 0 0 336.618194053096 20.0898549838786 "LDA" 15 200 2.80808080808081
360.744 33.027 0 0 345.906232360138 20.2246212895645 "LDA" 15 200 2.84343434343434
380.65 33.641 0 0 376.241251033136 20.9050027060065 "LDA" 15 200 2.87878787878788
394.938 34.054 0 0 384.902114561344 20.9577745076216 "LDA" 15 200 2.91414141414141
410.035 34.477 0 0 398.587001007775 21.1619304010362 "LDA" 15 200 2.94949494949495
431.526 34.991 0 0 416.878828055925 21.4938806618513 "LDA" 15 200 2.98484848484848
449.285 35.519 0 0 432.047743921928 21.822691604586 "LDA" 15 200 3.02020202020202
475.564 36.03 0 0 456.771115281774 21.9430763248593 "LDA" 15 200 3.05555555555556
502.908 36.426 0 0 471.051854242593 22.0101106078313 "LDA" 15 200 3.09090909090909
521.511 36.727 0 0 487.369538385347 22.2411586959884 "LDA" 15 200 3.12626262626263
550.121 37.126 0 0 509.266135095743 22.323899311735 "LDA" 15 200 3.16161616161616
564.761 37.618 0 0 520.641749872896 22.5681500659092 "LDA" 15 200 3.1969696969697
594.319 37.929 0 0 558.770546613512 22.6897065159905 "LDA" 15 200 3.23232323232323
617.222 38.298 0 0 588.595903701218 22.809898892531 "LDA" 15 200 3.26767676767677
646.774 38.759 0 0 622.59234186436 23.0939006503286 "LDA" 15 200 3.3030303030303
672.459 39.402 0 0 634.170310170148 23.3897301283165 "LDA" 15 200 3.33838383838384
705.248 39.939 0 0 668.369574699795 23.5713148951408 "LDA" 15 200 3.37373737373737
727.58 40.422 0 0 696.974832771971 23.809258636018 "LDA" 15 200 3.40909090909091
762.38 40.834 0 0 742.409414904835 24.0760482658617 "LDA" 15 200 3.44444444444444
805.877 41.198 0 0 778.797070325607 24.1552120725584 "LDA" 15 200 3.47979797979798
835.655 41.616 0 0 793.005727633199 24.3549113261721 "LDA" 15 200 3.51515151515152
873.68 42.031 0 0 822.991138478425 24.4209832607826 "LDA" 15 200 3.55050505050505
885.018 42.561 0 0 828.632392148242 24.5264719604518 "LDA" 15 200 3.58585858585859
925.326 43.018 0 0 859.376948995297 24.6282404208304 "LDA" 15 200 3.62121212121212
971.392 43.383 0 0 921.744407679856 24.8001079908205 "LDA" 15 200 3.65656565656566
1021.898 43.994 0 0 975.451214909628 24.9460271038951 "LDA" 15 200 3.69191919191919
1066.668 44.524 0 0 1015.76753613387 25.3734356214375 "LDA" 15 200 3.72727272727273
1111.722 45.016 0 0 1050.30653932199 25.6944731401512 "LDA" 15 200 3.76262626262626
1146.813 45.494 0 0 1074.69235862953 25.8461987532014 "LDA" 15 200 3.7979797979798
1188.778 45.877 0 0 1108.7347308619 25.9575357972336 "LDA" 15 200 3.83333333333333
1236.212 46.289 0 0 1133.76263069426 26.0455341440495 "LDA" 15 200 3.86868686868687
1295.712 46.588 0 0 1196.56714478879 26.0999130546725 "LDA" 15 200 3.9040404040404
1330.725 47.074 0 0 1217.50596472837 26.4035162368513 "LDA" 15 200 3.93939393939394
1394.543 47.53 0 0 1280.55735337637 26.5351316788369 "LDA" 15 200 3.97474747474747
1452.574 47.966 0 0 1338.1257979634 26.7528794816663 "LDA" 15 200 4.01010101010101
1508.528 48.335 0 0 1413.6071917292 26.8633284127901 "LDA" 15 200 4.04545454545454
1591.348 48.757 0 0 1515.60764627044 27.0834167427683 "LDA" 15 200 4.08080808080808
1646.59679037111 49.196 3 0 1544.00817838814 27.1870689983441 "LDA" 15 200 4.11616161616162
1722.62248995984 49.714 4 0 1616.74184489093 27.2367039496713 "LDA" 15 200 4.15151515151515
1794.69578313253 50.331 4 0 1668.96009894835 27.3700668533995 "LDA" 15 200 4.18686868686869
1854.65291750503 50.856 6 0 1701.24943341635 27.4359617290154 "LDA" 15 200 4.22222222222222
1941.34607645875 51.324 6 0 1782.31268256689 27.5669904589341 "LDA" 15 200 4.25757575757576
1970.28830645161 51.773 8 0 1777.77357032624 27.5541412804265 "LDA" 15 200 4.29292929292929
2019.75987841945 52.065 13 0 1792.57021161831 27.5778409653894 "LDA" 15 200 4.32828282828283
2099.21951219512 52.595 16 0 1851.39510196671 27.7175619100641 "LDA" 15 200 4.36363636363636
2150.23625254582 53.026 18 0 1876.23575239416 27.6716650211917 "LDA" 15 200 4.3989898989899
2211.80694586313 53.61 21 0 1914.00391755982 27.7227424770792 "LDA" 15 200 4.43434343434343
2285.81108829569 54.033 26 0 1967.24974660285 27.7471045843132 "LDA" 15 200 4.46969696969697
2356.77329192547 54.391 34 0 2015.26810038412 27.9547059470241 "LDA" 15 200 4.50505050505051
2425.79812695109 54.988 39 0 2063.18674850456 28.3178345880428 "LDA" 15 200 4.54040404040404
2461.23719958203 55.494 43 0 2087.12206088307 28.3916898414316 "LDA" 15 200 4.57575757575758
2509.50523012552 55.842 44 0 2121.10286115893 28.5704621472476 "LDA" 15 200 4.61111111111111
2601.74815595364 56.302 51 0 2198.77856455787 28.6160387488149 "LDA" 15 200 4.64646464646465
2660.01268498943 56.818 54 0 2217.73426680155 28.7894374329841 "LDA" 15 200 4.68181818181818
2704.90734824281 57.153 61 0 2252.46679960086 28.7665274947134 "LDA" 15 200 4.71717171717172
2818.75747863248 57.637 64 0 2330.98902374529 28.9867463241817 "LDA" 15 200 4.75252525252525
2852.69892473118 58.312 70 0 2335.22960742076 29.1217914066895 "LDA" 15 200 4.78787878787879
2927.87190527449 58.576 71 0 2377.08100158575 29.1659540710891 "LDA" 15 200 4.82323232323232
2999.89301310044 59.015 84 0 2400.22024160564 29.23500402703 "LDA" 15 200 4.85858585858586
3059.28492849285 59.468 91 0 2428.81445518449 29.1834653639805 "LDA" 15 200 4.89393939393939
3124.9420935412 59.852 102 0 2459.40962158018 29.2861020241986 "LDA" 15 200 4.92929292929293
3249.10395480226 60.356 115 0 2545.78618221587 29.4795914203421 "LDA" 15 200 4.96464646464646
3339.42320819113 60.602 121 0 2592.2280402176 29.4831282405862 "LDA" 15 200 5
NA NA 1000 1000 NA NA "uLSIF" 15 200 1.5
NA NA 1000 1000 NA NA "uLSIF" 15 200 1.53535353535354
NA NA 1000 1000 NA NA "uLSIF" 15 200 1.57070707070707
NA NA 1000 1000 NA NA "uLSIF" 15 200 1.60606060606061
NA NA 1000 1000 NA NA "uLSIF" 15 200 1.64141414141414
NA NA 1000 1000 NA NA "uLSIF" 15 200 1.67676767676768
NA NA 1000 1000 NA NA "uLSIF" 15 200 1.71212121212121
NA NA 1000 1000 NA NA "uLSIF" 15 200 1.74747474747475
NA NA 1000 1000 NA NA "uLSIF" 15 200 1.78282828282828
NA NA 1000 1000 NA NA "uLSIF" 15 200 1.81818181818182
NA NA 1000 1000 NA NA "uLSIF" 15 200 1.85353535353535
NA NA 1000 1000 NA NA "uLSIF" 15 200 1.88888888888889
NA NA 1000 1000 NA NA "uLSIF" 15 200 1.92424242424242
NA NA 1000 1000 NA NA "uLSIF" 15 200 1.95959595959596
NA NA 1000 1000 NA NA "uLSIF" 15 200 1.99494949494949
NA NA 1000 1000 NA NA "uLSIF" 15 200 2.03030303030303
NA NA 1000 1000 NA NA "uLSIF" 15 200 2.06565656565657
NA NA 1000 1000 NA NA "uLSIF" 15 200 2.1010101010101
NA NA 1000 1000 NA NA "uLSIF" 15 200 2.13636363636364
NA NA 1000 1000 NA NA "uLSIF" 15 200 2.17171717171717
NA NA 1000 1000 NA NA "uLSIF" 15 200 2.20707070707071
NA NA 1000 1000 NA NA "uLSIF" 15 200 2.24242424242424
NA NA 1000 1000 NA NA "uLSIF" 15 200 2.27777777777778
NA NA 1000 1000 NA NA "uLSIF" 15 200 2.31313131313131
NA NA 1000 1000 NA NA "uLSIF" 15 200 2.34848484848485
NA NA 1000 1000 NA NA "uLSIF" 15 200 2.38383838383838
NA NA 1000 1000 NA NA "uLSIF" 15 200 2.41919191919192
NA NA 1000 1000 NA NA "uLSIF" 15 200 2.45454545454545
NA NA 1000 1000 NA NA "uLSIF" 15 200 2.48989898989899
NA NA 1000 1000 NA NA "uLSIF" 15 200 2.52525252525253
NA NA 1000 1000 NA NA "uLSIF" 15 200 2.56060606060606
NA NA 1000 1000 NA NA "uLSIF" 15 200 2.5959595959596
NA NA 1000 1000 NA NA "uLSIF" 15 200 2.63131313131313
NA NA 1000 1000 NA NA "uLSIF" 15 200 2.66666666666667
NA NA 1000 1000 NA NA "uLSIF" 15 200 2.7020202020202
NA NA 1000 1000 NA NA "uLSIF" 15 200 2.73737373737374
NA NA 1000 1000 NA NA "uLSIF" 15 200 2.77272727272727
NA NA 1000 1000 NA NA "uLSIF" 15 200 2.80808080808081
NA NA 1000 1000 NA NA "uLSIF" 15 200 2.84343434343434
NA NA 1000 1000 NA NA "uLSIF" 15 200 2.87878787878788
NA NA 1000 1000 NA NA "uLSIF" 15 200 2.91414141414141
NA NA 1000 1000 NA NA "uLSIF" 15 200 2.94949494949495
NA NA 1000 1000 NA NA "uLSIF" 15 200 2.98484848484848
NA NA 1000 1000 NA NA "uLSIF" 15 200 3.02020202020202
NA NA 1000 1000 NA NA "uLSIF" 15 200 3.05555555555556
NA NA 1000 1000 NA NA "uLSIF" 15 200 3.09090909090909
NA NA 1000 1000 NA NA "uLSIF" 15 200 3.12626262626263
NA NA 1000 1000 NA NA "uLSIF" 15 200 3.16161616161616
NA NA 1000 1000 NA NA "uLSIF" 15 200 3.1969696969697
NA NA 1000 1000 NA NA "uLSIF" 15 200 3.23232323232323
NA NA 1000 1000 NA NA "uLSIF" 15 200 3.26767676767677
NA NA 1000 1000 NA NA "uLSIF" 15 200 3.3030303030303
NA NA 1000 1000 NA NA "uLSIF" 15 200 3.33838383838384
NA NA 1000 1000 NA NA "uLSIF" 15 200 3.37373737373737
NA NA 1000 1000 NA NA "uLSIF" 15 200 3.40909090909091
NA NA 1000 1000 NA NA "uLSIF" 15 200 3.44444444444444
NA NA 1000 1000 NA NA "uLSIF" 15 200 3.47979797979798
NA NA 1000 1000 NA NA "uLSIF" 15 200 3.51515151515152
NA NA 1000 1000 NA NA "uLSIF" 15 200 3.55050505050505
NA NA 1000 1000 NA NA "uLSIF" 15 200 3.58585858585859
NA NA 1000 1000 NA NA "uLSIF" 15 200 3.62121212121212
NA NA 1000 1000 NA NA "uLSIF" 15 200 3.65656565656566
NA NA 1000 1000 NA NA "uLSIF" 15 200 3.69191919191919
NA NA 1000 1000 NA NA "uLSIF" 15 200 3.72727272727273
NA NA 1000 1000 NA NA "uLSIF" 15 200 3.76262626262626
NA NA 1000 1000 NA NA "uLSIF" 15 200 3.7979797979798
NA NA 1000 1000 NA NA "uLSIF" 15 200 3.83333333333333
NA NA 1000 1000 NA NA "uLSIF" 15 200 3.86868686868687
NA NA 1000 1000 NA NA "uLSIF" 15 200 3.9040404040404
NA NA 1000 1000 NA NA "uLSIF" 15 200 3.93939393939394
NA NA 1000 1000 NA NA "uLSIF" 15 200 3.97474747474747
NA NA 1000 1000 NA NA "uLSIF" 15 200 4.01010101010101
NA NA 1000 1000 NA NA "uLSIF" 15 200 4.04545454545454
NA NA 1000 1000 NA NA "uLSIF" 15 200 4.08080808080808
NA NA 1000 1000 NA NA "uLSIF" 15 200 4.11616161616162
NA NA 1000 1000 NA NA "uLSIF" 15 200 4.15151515151515
NA NA 1000 1000 NA NA "uLSIF" 15 200 4.18686868686869
NA NA 1000 1000 NA NA "uLSIF" 15 200 4.22222222222222
NA NA 1000 1000 NA NA "uLSIF" 15 200 4.25757575757576
NA NA 1000 1000 NA NA "uLSIF" 15 200 4.29292929292929
NA NA 1000 1000 NA NA "uLSIF" 15 200 4.32828282828283
NA NA 1000 1000 NA NA "uLSIF" 15 200 4.36363636363636
NA NA 1000 1000 NA NA "uLSIF" 15 200 4.3989898989899
NA NA 1000 1000 NA NA "uLSIF" 15 200 4.43434343434343
NA NA 1000 1000 NA NA "uLSIF" 15 200 4.46969696969697
NA NA 1000 1000 NA NA "uLSIF" 15 200 4.50505050505051
NA NA 1000 1000 NA NA "uLSIF" 15 200 4.54040404040404
NA NA 1000 1000 NA NA "uLSIF" 15 200 4.57575757575758
NA NA 1000 1000 NA NA "uLSIF" 15 200 4.61111111111111
NA NA 1000 1000 NA NA "uLSIF" 15 200 4.64646464646465
NA NA 1000 1000 NA NA "uLSIF" 15 200 4.68181818181818
NA NA 1000 1000 NA NA "uLSIF" 15 200 4.71717171717172
NA NA 1000 1000 NA NA "uLSIF" 15 200 4.75252525252525
NA NA 1000 1000 NA NA "uLSIF" 15 200 4.78787878787879
NA NA 1000 1000 NA NA "uLSIF" 15 200 4.82323232323232
NA NA 1000 1000 NA NA "uLSIF" 15 200 4.85858585858586
NA NA 1000 1000 NA NA "uLSIF" 15 200 4.89393939393939
NA NA 1000 1000 NA NA "uLSIF" 15 200 4.92929292929293
NA NA 1000 1000 NA NA "uLSIF" 15 200 4.96464646464646
NA NA 1000 1000 NA NA "uLSIF" 15 200 5
