86.827 20.017 0 0 80.5577719753074 14.9210371069959 "LDA" 47 5000 1.5
93.145 20.709 0 0 87.7730031107235 15.452673040743 "LDA" 47 5000 1.53535353535354
99.498 21.481 0 0 92.1406093309996 16.066791240966 "LDA" 47 5000 1.57070707070707
104.946 22.329 0 0 96.2852945259137 16.5513959443821 "LDA" 47 5000 1.60606060606061
113.513 22.89 0 0 106.034934046465 16.6592746370132 "LDA" 47 5000 1.64141414141414
120.984 23.626 0 0 114.164009938181 16.9669679672593 "LDA" 47 5000 1.67676767676768
129.245 24.367 0 0 123.817202660514 17.54417593132 "LDA" 47 5000 1.71212121212121
136.269 25.065 0 0 129.786698957275 17.8432383875841 "LDA" 47 5000 1.74747474747475
141.261 25.631 0 0 133.293428258924 18.0898889737633 "LDA" 47 5000 1.78282828282828
153.046 26.244 0 0 147.379552912257 18.4680137408312 "LDA" 47 5000 1.81818181818182
164.085 26.846 0 0 159.56396345489 18.7410648446536 "LDA" 47 5000 1.85353535353535
170.755 27.734 0 0 165.897579795433 20.2161305876257 "LDA" 47 5000 1.88888888888889
180.102 28.513 0 0 175.034152526159 20.3885635718783 "LDA" 47 5000 1.92424242424242
187.725 29.103 0 0 182.025395534853 20.5570178280309 "LDA" 47 5000 1.95959595959596
197.735 29.768 0 0 186.51384449737 21.0681285842393 "LDA" 47 5000 1.99494949494949
207.183 30.695 0 0 194.277243026964 22.1608456083715 "LDA" 47 5000 2.03030303030303
219.027 31.681 0 0 204.686821671465 22.8174467212016 "LDA" 47 5000 2.06565656565657
230.713 31.941 0 0 216.295382112803 22.825786635635 "LDA" 47 5000 2.1010101010101
243.395 32.424 0 0 234.416394522698 22.9525389236799 "LDA" 47 5000 2.13636363636364
253.465 33.007 0 0 239.526060186587 22.9774000250662 "LDA" 47 5000 2.17171717171717
266.252 34.027 0 0 253.849408149828 23.9199170866756 "LDA" 47 5000 2.20707070707071
282.281 34.682 0 0 268.878559425475 24.3575895393647 "LDA" 47 5000 2.24242424242424
297.909 35.737 0 0 287.030788230797 25.1330360382605 "LDA" 47 5000 2.27777777777778
318.544 36.247 0 0 304.977516137418 25.2482368585306 "LDA" 47 5000 2.31313131313131
343.264 37.138 0 0 326.407408157505 26.0114119099589 "LDA" 47 5000 2.34848484848485
363.779 37.919 0 0 348.41768474353 26.5329688771807 "LDA" 47 5000 2.38383838383838
380.508 38.5 0 0 359.940771926848 27.0052454771899 "LDA" 47 5000 2.41919191919192
399.131 39.443 0 0 377.441736037634 28.0423808926084 "LDA" 47 5000 2.45454545454545
425.098 40.206 0 0 404.369367016075 29.0510848253474 "LDA" 47 5000 2.48989898989899
455.304 41.33 0 0 435.750989107895 30.396431419544 "LDA" 47 5000 2.52525252525253
476.031 42.043 0 0 459.128680419971 31.3784282072375 "LDA" 47 5000 2.56060606060606
505.611 42.818 0 0 495.604444536613 32.1214673491835 "LDA" 47 5000 2.5959595959596
523.07 43.446 0 0 510.488722535411 32.4107009726346 "LDA" 47 5000 2.63131313131313
547.251 43.969 0 0 533.634370745214 32.5024375616268 "LDA" 47 5000 2.66666666666667
573.882 44.94 0 0 562.19437082435 33.7510819905901 "LDA" 47 5000 2.7020202020202
603.178 45.653 0 0 586.146423639986 34.1752328088272 "LDA" 47 5000 2.73737373737374
631.151 46.272 0 0 607.667718621991 34.3971682145665 "LDA" 47 5000 2.77272727272727
672.597 46.948 0 0 648.973892929989 34.9028294483915 "LDA" 47 5000 2.80808080808081
718.402 47.806 0 0 694.684004610918 35.3581470465091 "LDA" 47 5000 2.84343434343434
742.062 48.336 0 0 711.840065207371 35.7154686193349 "LDA" 47 5000 2.87878787878788
788.358 49.008 0 0 757.894445042201 35.7901504728727 "LDA" 47 5000 2.91414141414141
828.641 49.89 0 0 799.537791977215 36.2811276040343 "LDA" 47 5000 2.94949494949495
869.211 50.622 0 0 833.649485061283 36.648003931895 "LDA" 47 5000 2.98484848484848
913.565 51.598 0 0 864.822661596591 37.3649908141102 "LDA" 47 5000 3.02020202020202
955.381 52.712 0 0 912.018516047022 38.1118822884881 "LDA" 47 5000 3.05555555555556
1001.199 53.372 0 0 960.910584055327 38.4361412339084 "LDA" 47 5000 3.09090909090909
1063.331 54.277 0 0 1036.6424779383 38.9034156179987 "LDA" 47 5000 3.12626262626263
1120.369 55.466 0 0 1097.05429535915 39.7082055195848 "LDA" 47 5000 3.16161616161616
1185.4 56.153 0 0 1149.75315625586 39.975387710723 "LDA" 47 5000 3.1969696969697
1246.487 56.999 0 0 1198.63951065677 40.5800904723331 "LDA" 47 5000 3.23232323232323
1322.089 58.031 0 0 1258.55010525861 42.0621119329529 "LDA" 47 5000 3.26767676767677
1398.138 58.63 0 0 1341.64966917254 42.3561464623866 "LDA" 47 5000 3.3030303030303
1465.06613226453 59.84 2 0 1381.68267365096 43.5169866618557 "LDA" 47 5000 3.33838383838384
1532.19539078156 60.494 2 0 1443.52098543977 43.9310585110569 "LDA" 47 5000 3.37373737373737
1598.8126252505 61.335 2 0 1516.41839087022 44.6244116276407 "LDA" 47 5000 3.40909090909091
1640.85170340681 62.387 2 0 1536.74515814932 45.1821497679964 "LDA" 47 5000 3.44444444444444
1704.23246492986 62.882 2 0 1576.16056429587 45.211571109199 "LDA" 47 5000 3.47979797979798
1791.23847695391 63.534 2 0 1651.18687359034 45.2120002761321 "LDA" 47 5000 3.51515151515152
1851.05829145729 64.772 5 0 1713.17782503165 47.2886480271136 "LDA" 47 5000 3.55050505050505
1929.2749244713 65.524 7 0 1767.92751136155 47.4625338147482 "LDA" 47 5000 3.58585858585859
2026.90110998991 66.717 9 0 1857.72916019401 48.0346983257233 "LDA" 47 5000 3.62121212121212
2082.29263370333 67.862 9 0 1894.89682060625 48.5836940889773 "LDA" 47 5000 3.65656565656566
2181.42510121458 68.162 12 0 1957.72071000344 48.6791887711722 "LDA" 47 5000 3.69191919191919
2259.88708036623 68.811 17 0 2002.22068223067 48.7702349267954 "LDA" 47 5000 3.72727272727273
2320.83162217659 69.671 26 0 2011.99241251617 49.1412822851075 "LDA" 47 5000 3.76262626262626
2392.06481481481 70.527 28 0 2045.34280234656 49.5954532188182 "LDA" 47 5000 3.7979797979798
2479.49637305699 71.378 35 0 2109.69020685938 49.7806712613564 "LDA" 47 5000 3.83333333333333
2600.06269592476 71.994 43 0 2183.00123487427 49.9361951653066 "LDA" 47 5000 3.86868686868687
2697.26610348469 72.605 53 0 2236.63702054496 50.1122361425951 "LDA" 47 5000 3.9040404040404
2784.74258474576 73.56 56 0 2301.2335247349 50.4566573830875 "LDA" 47 5000 3.93939393939394
2893.27807486631 74.209 65 0 2355.17229276062 50.8817282457 "LDA" 47 5000 3.97474747474747
2986 75.248 70 0 2406.22033651491 51.1985721460061 "LDA" 47 5000 4.01010101010101
3085.39196525516 76.344 79 0 2467.7753494887 51.6552798069271 "LDA" 47 5000 4.04545454545454
3148.69289617486 77.264 85 0 2486.0583692287 52.1373052871224 "LDA" 47 5000 4.08080808080808
3214.13120176406 78.095 93 0 2496.64679963927 52.5941643257227 "LDA" 47 5000 4.11616161616162
3251.01229050279 78.87 105 0 2512.96296743261 53.071929772053 "LDA" 47 5000 4.15151515151515
3305.14399092971 79.583 118 0 2535.80219196384 53.3034179519978 "LDA" 47 5000 4.18686868686869
3352.74770642202 80.787 128 0 2548.17359560896 53.9128577171274 "LDA" 47 5000 4.22222222222222
3400.41121495327 81.54 144 0 2567.71371881984 54.8821323241768 "LDA" 47 5000 4.25757575757576
3476.51732377539 82.35 163 0 2592.89939664057 56.4164897908432 "LDA" 47 5000 4.29292929292929
3536.83718104496 83.057 177 0 2638.2829671626 56.7911523565598 "LDA" 47 5000 4.32828282828283
3601.76433915212 84.125 198 0 2677.05520905616 57.5991061738985 "LDA" 47 5000 4.36363636363636
3739.90367553866 84.889 211 0 2740.0569440615 57.8937506589905 "LDA" 47 5000 4.3989898989899
3817.11454311454 85.786 223 0 2756.96344912317 58.5780640990601 "LDA" 47 5000 4.43434343434343
3845.70750988142 86.293 241 0 2779.05909768511 58.5173087763478 "LDA" 47 5000 4.46969696969697
3895.62533333333 86.952 250 0 2795.53501372734 58.8594778615486 "LDA" 47 5000 4.50505050505051
3933.75716234652 87.722 267 0 2797.56030245415 59.0932206325288 "LDA" 47 5000 4.54040404040404
4016.55960729313 88.626 287 0 2812.87234581873 59.4910355205497 "LDA" 47 5000 4.57575757575758
4047.21190130624 89.77 311 0 2836.42136169489 60.0869498438849 "LDA" 47 5000 4.61111111111111
4058.8590504451 90.757 326 0 2850.6805541845 60.7392064666818 "LDA" 47 5000 4.64646464646465
4110.17629179331 91.889 342 0 2855.53706441642 61.0115980293427 "LDA" 47 5000 4.68181818181818
4171.78849144635 92.811 357 0 2883.01867349231 61.3124007806699 "LDA" 47 5000 4.71717171717172
4173.50958466454 93.439 374 0 2848.43606224679 61.4058218245954 "LDA" 47 5000 4.75252525252525
4170.40901502504 94.568 401 0 2842.50234828144 62.561868285429 "LDA" 47 5000 4.78787878787879
4181.00170357751 95.207 413 0 2841.15735232663 62.8160808313525 "LDA" 47 5000 4.82323232323232
4192.27992957746 95.82 432 0 2847.78516014229 62.8247606485735 "LDA" 47 5000 4.85858585858586
4238.03616636528 96.468 447 0 2856.00215325799 62.9662904237635 "LDA" 47 5000 4.89393939393939
4244.4778597786 97.408 458 0 2866.96408217687 62.9366869366553 "LDA" 47 5000 4.92929292929293
4274.96597353497 98.341 471 0 2889.50768304138 64.3012859465063 "LDA" 47 5000 4.96464646464646
4304.27005870841 99.01 489 0 2905.67570378264 64.2728940137668 "LDA" 47 5000 5
25.802 13.196 0 0 19.6503163061293 8.45902707993887 "uLSIF" 47 5000 1.5
26.574 13.574 0 0 20.2937517566457 8.66993031642652 "uLSIF" 47 5000 1.53535353535354
27.401 13.926 0 0 20.798046969794 8.72677951369695 "uLSIF" 47 5000 1.57070707070707
28.582 14.235 0 0 21.7660523990235 8.85382206536619 "uLSIF" 47 5000 1.60606060606061
29.217 14.513 0 0 22.0146441160323 9.02836321502089 "uLSIF" 47 5000 1.64141414141414
30.02 14.91 0 0 22.4945238581216 9.24961920597034 "uLSIF" 47 5000 1.67676767676768
30.944 15.183 0 0 23.2170173341429 9.31763539366772 "uLSIF" 47 5000 1.71212121212121
31.984 15.549 0 0 23.8515122924866 9.4821680279623 "uLSIF" 47 5000 1.74747474747475
32.855 15.882 0 0 24.5266290087026 9.65283653923826 "uLSIF" 47 5000 1.78282828282828
33.67 16.125 0 0 24.7410027528639 9.68510073133864 "uLSIF" 47 5000 1.81818181818182
34.447 16.596 0 0 24.9537147310552 10.0210381301143 "uLSIF" 47 5000 1.85353535353535
35.486 16.878 0 0 25.9462330794089 10.2041776366957 "uLSIF" 47 5000 1.88888888888889
36.213 17.202 0 0 26.8553316836683 10.2694039095099 "uLSIF" 47 5000 1.92424242424242
36.953 17.577 0 0 27.0479644961203 10.5595253006267 "uLSIF" 47 5000 1.95959595959596
37.77 17.868 0 0 27.4223829578519 10.7203312216322 "uLSIF" 47 5000 1.99494949494949
38.643 18.42 0 0 27.9830770931934 11.1003070595735 "uLSIF" 47 5000 2.03030303030303
39.766 18.84 0 0 29.0112201552243 11.2509103179691 "uLSIF" 47 5000 2.06565656565657
40.348 19.094 0 0 29.6222952584093 11.2617045774603 "uLSIF" 47 5000 2.1010101010101
41.46 19.455 0 0 30.9859085154289 11.5383321198563 "uLSIF" 47 5000 2.13636363636364
42.357 19.994 0 0 31.5488015283921 11.7487870862484 "uLSIF" 47 5000 2.17171717171717
43.173 20.451 0 0 31.8095098345749 12.1798171967787 "uLSIF" 47 5000 2.20707070707071
44.286 20.984 0 0 33.2352039678228 12.393843284121 "uLSIF" 47 5000 2.24242424242424
45.05 21.488 0 0 33.5483978007146 12.9212543824048 "uLSIF" 47 5000 2.27777777777778
46.307 21.982 0 0 34.2267764071235 13.8694642303889 "uLSIF" 47 5000 2.31313131313131
46.94 22.278 0 0 34.5405189226718 13.9714679943776 "uLSIF" 47 5000 2.34848484848485
47.88 22.607 0 0 35.0758879847384 14.0383626761324 "uLSIF" 47 5000 2.38383838383838
48.741 23.056 0 0 35.5543813479159 14.7018028488688 "uLSIF" 47 5000 2.41919191919192
49.926 23.444 0 0 36.2490899267902 14.9952566407422 "uLSIF" 47 5000 2.45454545454545
51.077 23.748 0 0 37.6673585601765 15.0113902699862 "uLSIF" 47 5000 2.48989898989899
52.653 24.327 0 0 38.7491688825591 15.5309781495655 "uLSIF" 47 5000 2.52525252525253
53.758 24.668 0 0 39.7847742769048 15.69254702182 "uLSIF" 47 5000 2.56060606060606
54.905 25.044 0 0 40.2791308667824 15.8959978216766 "uLSIF" 47 5000 2.5959595959596
55.919 25.706 0 0 40.9912273507359 16.3204142079765 "uLSIF" 47 5000 2.63131313131313
56.943 26.065 0 0 41.3098324040809 16.4609762389337 "uLSIF" 47 5000 2.66666666666667
57.905 26.298 0 0 41.7810439150416 16.4501003584112 "uLSIF" 47 5000 2.7020202020202
58.731 26.726 0 0 42.5924730176326 16.526041087751 "uLSIF" 47 5000 2.73737373737374
59.889 27.119 0 0 42.9039325286905 16.728977784004 "uLSIF" 47 5000 2.77272727272727
61.151 27.489 0 0 44.0308177520235 16.8951272361094 "uLSIF" 47 5000 2.80808080808081
62.193 27.868 0 0 45.2113018261232 17.1488384055206 "uLSIF" 47 5000 2.84343434343434
63.365 28.298 0 0 46.3698170681634 17.4628791483005 "uLSIF" 47 5000 2.87878787878788
65.027 28.675 0 0 48.7046652325567 17.7179937437144 "uLSIF" 47 5000 2.91414141414141
66.489 29.067 0 0 50.0669009783267 17.7929508542035 "uLSIF" 47 5000 2.94949494949495
67.292 29.555 0 0 50.5995954040648 17.9317741320686 "uLSIF" 47 5000 2.98484848484848
68.487 29.819 0 0 51.9095215681038 17.9699515346636 "uLSIF" 47 5000 3.02020202020202
70.347 30.356 0 0 53.2647136547332 18.6496400252947 "uLSIF" 47 5000 3.05555555555556
71.214 30.807 0 0 53.4533203969731 19.0199239879793 "uLSIF" 47 5000 3.09090909090909
72.774 31.111 0 0 54.4869319172015 19.094954734073 "uLSIF" 47 5000 3.12626262626263
73.507 31.732 0 0 54.9419563682398 19.5756834716794 "uLSIF" 47 5000 3.16161616161616
74.688 32.351 0 0 55.3081336301058 20.0285531664657 "uLSIF" 47 5000 3.1969696969697
75.478 32.926 0 0 56.0045357450986 20.5117833758369 "uLSIF" 47 5000 3.23232323232323
76.926 33.278 0 0 57.0503397471502 20.6992554256228 "uLSIF" 47 5000 3.26767676767677
78.235 33.572 0 0 59.3007449645732 20.8080703524328 "uLSIF" 47 5000 3.3030303030303
79.352 33.844 0 0 60.8563685541094 20.8121312894381 "uLSIF" 47 5000 3.33838383838384
81.094 34.425 0 0 62.0246743177602 21.075448976227 "uLSIF" 47 5000 3.37373737373737
82.652 34.846 0 0 63.9508608902852 21.3682213786006 "uLSIF" 47 5000 3.40909090909091
83.794 35.139 0 0 64.859512180715 21.5324249522511 "uLSIF" 47 5000 3.44444444444444
85.433 35.497 0 0 66.5267263309741 21.5906495304599 "uLSIF" 47 5000 3.47979797979798
86.641 36.03 0 0 66.57486260843 21.9372820637458 "uLSIF" 47 5000 3.51515151515152
87.726 36.353 0 0 67.6039586061291 22.0018288210656 "uLSIF" 47 5000 3.55050505050505
88.678 36.733 0 0 68.1189878999425 22.0890388346038 "uLSIF" 47 5000 3.58585858585859
89.596 37.087 0 0 68.1696698531531 22.1681496263865 "uLSIF" 47 5000 3.62121212121212
90.756 37.485 0 0 69.2299447439419 22.249557699375 "uLSIF" 47 5000 3.65656565656566
91.865 37.859 0 0 69.5469161685013 22.2912094112683 "uLSIF" 47 5000 3.69191919191919
93.034 38.507 0 0 70.1040899479298 22.74254106678 "uLSIF" 47 5000 3.72727272727273
94.451 38.901 0 0 71.0133120583 22.8649076753658 "uLSIF" 47 5000 3.76262626262626
96.385 39.326 0 0 73.6087972326001 23.1113794451967 "uLSIF" 47 5000 3.7979797979798
97.507 39.545 0 0 73.8866915905307 23.2169119393601 "uLSIF" 47 5000 3.83333333333333
99.144 39.939 0 0 75.566298900565 23.2171987396696 "uLSIF" 47 5000 3.86868686868687
99.977 40.314 0 0 75.8004365236585 23.3727124589271 "uLSIF" 47 5000 3.9040404040404
100.801 40.695 0 0 76.1380351690231 23.4891403570823 "uLSIF" 47 5000 3.93939393939394
102.388 41.018 0 0 76.9472438384529 23.5970018115543 "uLSIF" 47 5000 3.97474747474747
103.354 41.472 0 0 77.3052571743138 23.7141218596763 "uLSIF" 47 5000 4.01010101010101
104.978 41.889 0 0 78.3044769288903 23.8924156695493 "uLSIF" 47 5000 4.04545454545454
106.792 42.357 0 0 79.0109832331649 24.0591436546148 "uLSIF" 47 5000 4.08080808080808
107.721 42.755 0 0 80.0264793452542 24.2488139912034 "uLSIF" 47 5000 4.11616161616162
109.585 43.382 0 0 80.9958462027659 24.6803808154817 "uLSIF" 47 5000 4.15151515151515
110.726 43.788 0 0 81.2883184394579 25.052558485845 "uLSIF" 47 5000 4.18686868686869
111.937 44.419 0 0 82.17289952543 25.7689246278628 "uLSIF" 47 5000 4.22222222222222
113.153 44.92 0 0 82.5718335674987 26.0646689402909 "uLSIF" 47 5000 4.25757575757576
114.467 45.336 0 0 83.1325684370147 26.4358460798583 "uLSIF" 47 5000 4.29292929292929
115.332 45.705 0 0 83.1104633913512 26.4726420248485 "uLSIF" 47 5000 4.32828282828283
117.877 46.267 0 0 88.4822297186049 26.8545504128793 "uLSIF" 47 5000 4.36363636363636
118.694 46.64 0 0 88.8719561424671 27.1199168488749 "uLSIF" 47 5000 4.3989898989899
120.466 47.269 0 0 90.1601447186932 27.3449517349251 "uLSIF" 47 5000 4.43434343434343
121.222 47.734 0 0 90.2665650657472 27.494675870088 "uLSIF" 47 5000 4.46969696969697
121.978 48.312 0 0 90.2415705595656 27.8924478066133 "uLSIF" 47 5000 4.50505050505051
123.503 48.716 0 0 91.2411252338217 27.9860422811544 "uLSIF" 47 5000 4.54040404040404
125.153 49.178 0 0 91.6041970649813 28.3531694563098 "uLSIF" 47 5000 4.57575757575758
126.428 49.692 0 0 91.9858696551607 28.833392108812 "uLSIF" 47 5000 4.61111111111111
127.505 50.281 0 0 92.5091017625234 29.1932575312397 "uLSIF" 47 5000 4.64646464646465
128.365 50.871 0 0 92.6908159547771 29.7752401153026 "uLSIF" 47 5000 4.68181818181818
130.776 51.334 0 0 95.6762236073507 30.0453851559465 "uLSIF" 47 5000 4.71717171717172
131.58 51.806 0 0 95.9027890363202 30.5782503324404 "uLSIF" 47 5000 4.75252525252525
132.673 52.197 0 0 96.2005333333117 30.6862157138158 "uLSIF" 47 5000 4.78787878787879
133.649 52.732 0 0 96.3506681359826 30.7856449003741 "uLSIF" 47 5000 4.82323232323232
134.704 53.213 0 0 97.0255241487328 31.5071473055136 "uLSIF" 47 5000 4.85858585858586
136.11 53.74 0 0 97.1868982589381 31.7136903900848 "uLSIF" 47 5000 4.89393939393939
137.212 54.54 0 0 98.5272585464382 32.384427602648 "uLSIF" 47 5000 4.92929292929293
138.01 55.152 0 0 99.0944277222771 32.5088868422732 "uLSIF" 47 5000 4.96464646464646
139.551 55.713 0 0 99.8953877187905 32.6096307709704 "uLSIF" 47 5000 5
