20.74 0 15.7023234893108 "LDA" 13 1 2 1.5
21.495 0 16.6071602862372 "LDA" 13 1 2 1.53535353535354
22.14 0 17.0700259456682 "LDA" 13 1 2 1.57070707070707
23.049 0 17.7685767950425 "LDA" 13 1 2 1.60606060606061
23.888 0 18.3886268545968 "LDA" 13 1 2 1.64141414141414
24.8 0 19.0450180549327 "LDA" 13 1 2 1.67676767676768
25.508 0 19.5190401641302 "LDA" 13 1 2 1.71212121212121
26.711 0 20.5837598647616 "LDA" 13 1 2 1.74747474747475
27.383 0 20.7367384929097 "LDA" 13 1 2 1.78282828282828
28.173 0 21.2561260321323 "LDA" 13 1 2 1.81818181818182
29.256 0 22.2968521009943 "LDA" 13 1 2 1.85353535353535
30.09 0 22.7308731154919 "LDA" 13 1 2 1.88888888888889
30.986 0 23.5339680388083 "LDA" 13 1 2 1.92424242424242
32.035 0 24.5258086572143 "LDA" 13 1 2 1.95959595959596
32.958 0 24.7489544576482 "LDA" 13 1 2 1.99494949494949
34.209 0 25.8211163401014 "LDA" 13 1 2 2.03030303030303
35.418 0 26.7500063334355 "LDA" 13 1 2 2.06565656565657
36.542 0 27.3077268908994 "LDA" 13 1 2 2.1010101010101
37.549 0 28.4534215200246 "LDA" 13 1 2 2.13636363636364
38.343 0 28.9532665280214 "LDA" 13 1 2 2.17171717171717
39.4 0 30.0906870883576 "LDA" 13 1 2 2.20707070707071
40.121 0 30.4301224340513 "LDA" 13 1 2 2.24242424242424
41.145 0 30.9724921546567 "LDA" 13 1 2 2.27777777777778
42.193 0 31.8165372572667 "LDA" 13 1 2 2.31313131313131
43.422 0 32.8728846093941 "LDA" 13 1 2 2.34848484848485
44.076 0 33.1924986399934 "LDA" 13 1 2 2.38383838383838
45.141 0 34.2506383185077 "LDA" 13 1 2 2.41919191919192
46.273 0 35.6215295062461 "LDA" 13 1 2 2.45454545454545
47.78 0 37.0632065704154 "LDA" 13 1 2 2.48989898989899
48.912 0 37.7458210005161 "LDA" 13 1 2 2.52525252525253
49.945 0 38.6957017294212 "LDA" 13 1 2 2.56060606060606
51.17 0 39.7674055797779 "LDA" 13 1 2 2.5959595959596
52.378 0 41.1428225556761 "LDA" 13 1 2 2.63131313131313
53.365 0 42.1997463688301 "LDA" 13 1 2 2.66666666666667
54.528 0 42.941159266596 "LDA" 13 1 2 2.7020202020202
56.099 0 44.4089107088921 "LDA" 13 1 2 2.73737373737374
57.593 0 45.2139099022485 "LDA" 13 1 2 2.77272727272727
58.405 0 45.277798688254 "LDA" 13 1 2 2.80808080808081
59.514 0 46.2724642195004 "LDA" 13 1 2 2.84343434343434
60.528 0 46.5499743943658 "LDA" 13 1 2 2.87878787878788
61.633 0 46.9475706015272 "LDA" 13 1 2 2.91414141414141
62.386 0 47.0485980085972 "LDA" 13 1 2 2.94949494949495
63.484 0 47.9190356536729 "LDA" 13 1 2 2.98484848484848
64.526 0 48.9063918026996 "LDA" 13 1 2 3.02020202020202
66.023 0 49.3170421015053 "LDA" 13 1 2 3.05555555555556
67.065 0 50.0551525149339 "LDA" 13 1 2 3.09090909090909
68.144 0 50.6011832247403 "LDA" 13 1 2 3.12626262626263
69.077 0 51.2926115829854 "LDA" 13 1 2 3.16161616161616
70.789 0 52.8610515386307 "LDA" 13 1 2 3.1969696969697
71.728 0 53.2708344011786 "LDA" 13 1 2 3.23232323232323
74.288 0 55.5608501020644 "LDA" 13 1 2 3.26767676767677
75.262 0 56.4142173562651 "LDA" 13 1 2 3.3030303030303
77.349 0 58.6681101293211 "LDA" 13 1 2 3.33838383838384
78.401 0 58.9281488401403 "LDA" 13 1 2 3.37373737373737
79.927 0 59.6971307385742 "LDA" 13 1 2 3.40909090909091
81.765 0 61.5962651049142 "LDA" 13 1 2 3.44444444444444
83.661 0 63.8029065943699 "LDA" 13 1 2 3.47979797979798
84.964 0 65.1653683272736 "LDA" 13 1 2 3.51515151515152
85.922 0 65.4355998958803 "LDA" 13 1 2 3.55050505050505
87.081 0 65.7131848388256 "LDA" 13 1 2 3.58585858585859
88.218 0 66.3479956934084 "LDA" 13 1 2 3.62121212121212
89.339 0 67.2008931416766 "LDA" 13 1 2 3.65656565656566
90.676 0 67.8246947152231 "LDA" 13 1 2 3.69191919191919
92.51 0 69.3675699427316 "LDA" 13 1 2 3.72727272727273
93.981 0 71.3755638164078 "LDA" 13 1 2 3.76262626262626
95.697 0 72.4977870015363 "LDA" 13 1 2 3.7979797979798
97.721 0 74.2818345892854 "LDA" 13 1 2 3.83333333333333
99.195 0 76.1628896560573 "LDA" 13 1 2 3.86868686868687
99.979 0 76.8397221617953 "LDA" 13 1 2 3.9040404040404
101.508 0 78.936828913752 "LDA" 13 1 2 3.93939393939394
103.26 0 80.1346489476429 "LDA" 13 1 2 3.97474747474747
104.404 0 80.7921044913929 "LDA" 13 1 2 4.01010101010101
105.759 0 81.0637789352017 "LDA" 13 1 2 4.04545454545454
107.139 0 82.0557665726659 "LDA" 13 1 2 4.08080808080808
108.045 0 82.1494949133256 "LDA" 13 1 2 4.11616161616162
109.793 0 82.9071151394182 "LDA" 13 1 2 4.15151515151515
111.468 0 83.9415222351558 "LDA" 13 1 2 4.18686868686869
112.925 0 85.2775447268191 "LDA" 13 1 2 4.22222222222222
114.366 0 85.984029315317 "LDA" 13 1 2 4.25757575757576
116.132 0 87.1167027377408 "LDA" 13 1 2 4.29292929292929
117.161 0 88.2893543361208 "LDA" 13 1 2 4.32828282828283
119.646 0 90.5401469084417 "LDA" 13 1 2 4.36363636363636
121.836 0 91.2615788805989 "LDA" 13 1 2 4.3989898989899
123.523 0 92.7643179767398 "LDA" 13 1 2 4.43434343434343
125.798 0 97.8033470321476 "LDA" 13 1 2 4.46969696969697
127.591 0 98.8459216924767 "LDA" 13 1 2 4.50505050505051
129.201 0 99.7631760234722 "LDA" 13 1 2 4.54040404040404
131.352 0 102.004701141933 "LDA" 13 1 2 4.57575757575758
133.118 0 103.425871942116 "LDA" 13 1 2 4.61111111111111
134.805 0 104.255302709949 "LDA" 13 1 2 4.64646464646465
136.148 0 104.864506200433 "LDA" 13 1 2 4.68181818181818
138.812 0 106.603625590263 "LDA" 13 1 2 4.71717171717172
140.705 0 107.136072884501 "LDA" 13 1 2 4.75252525252525
141.533 0 107.284886903785 "LDA" 13 1 2 4.78787878787879
142.612 0 107.711834518289 "LDA" 13 1 2 4.82323232323232
145.207 0 109.85151572239 "LDA" 13 1 2 4.85858585858586
146.522 0 110.667370000298 "LDA" 13 1 2 4.89393939393939
149.992 0 115.439474220079 "LDA" 13 1 2 4.92929292929293
151.686 0 116.329376891342 "LDA" 13 1 2 4.96464646464646
153.112 0 117.460676255786 "LDA" 13 1 2 5
18.763 0 14.108220046231 "uLSIF" 13 1 2 1.5
19.302 0 14.5809945271714 "uLSIF" 13 1 2 1.53535353535354
20.006 0 15.5219488111157 "uLSIF" 13 1 2 1.57070707070707
20.833 0 16.1120050803029 "uLSIF" 13 1 2 1.60606060606061
21.62 0 16.5674403599373 "uLSIF" 13 1 2 1.64141414141414
22.273 0 17.2269916189752 "uLSIF" 13 1 2 1.67676767676768
23.029 0 17.957690208867 "uLSIF" 13 1 2 1.71212121212121
23.82 0 18.7218617692821 "uLSIF" 13 1 2 1.74747474747475
24.467 0 18.9185311750628 "uLSIF" 13 1 2 1.78282828282828
25.365 0 19.7101056126867 "uLSIF" 13 1 2 1.81818181818182
26.443 0 21.0580671761013 "uLSIF" 13 1 2 1.85353535353535
27.336 0 21.6183361167426 "uLSIF" 13 1 2 1.88888888888889
28.187 0 21.9872114755025 "uLSIF" 13 1 2 1.92424242424242
29.04 0 22.5395748059371 "uLSIF" 13 1 2 1.95959595959596
30.051 0 23.4133847528627 "uLSIF" 13 1 2 1.99494949494949
30.715 0 23.9469252771672 "uLSIF" 13 1 2 2.03030303030303
31.504 0 24.7496369373074 "uLSIF" 13 1 2 2.06565656565657
32.539 0 25.8310224482253 "uLSIF" 13 1 2 2.1010101010101
33.697 0 26.7754012689467 "uLSIF" 13 1 2 2.13636363636364
34.537 0 27.1804968757087 "uLSIF" 13 1 2 2.17171717171717
35.306 0 27.7393914467826 "uLSIF" 13 1 2 2.20707070707071
35.945 0 28.0111513436988 "uLSIF" 13 1 2 2.24242424242424
36.795 0 28.9485922973121 "uLSIF" 13 1 2 2.27777777777778
37.396 0 29.1919741599529 "uLSIF" 13 1 2 2.31313131313131
38.142 0 29.8311537445962 "uLSIF" 13 1 2 2.34848484848485
38.913 0 30.5983936292854 "uLSIF" 13 1 2 2.38383838383838
40.023 0 31.7217076737325 "uLSIF" 13 1 2 2.41919191919192
40.699 0 32.070530365398 "uLSIF" 13 1 2 2.45454545454545
41.787 0 32.9587911324568 "uLSIF" 13 1 2 2.48989898989899
42.83 0 34.0992941548921 "uLSIF" 13 1 2 2.52525252525253
43.938 0 35.2527859170721 "uLSIF" 13 1 2 2.56060606060606
44.799 0 35.7874746572365 "uLSIF" 13 1 2 2.5959595959596
45.469 0 36.1067408628325 "uLSIF" 13 1 2 2.63131313131313
46.246 0 36.3832822492313 "uLSIF" 13 1 2 2.66666666666667
47.284 0 37.7581914956877 "uLSIF" 13 1 2 2.7020202020202
48.657 0 38.679315408115 "uLSIF" 13 1 2 2.73737373737374
49.739 0 40.268429636943 "uLSIF" 13 1 2 2.77272727272727
50.264 0 40.5013909226173 "uLSIF" 13 1 2 2.80808080808081
51.175 0 40.8947521786813 "uLSIF" 13 1 2 2.84343434343434
52.09 0 41.3241525694791 "uLSIF" 13 1 2 2.87878787878788
52.807 0 41.7822630850521 "uLSIF" 13 1 2 2.91414141414141
54.172 0 43.0625684417546 "uLSIF" 13 1 2 2.94949494949495
55.242 0 44.3062126171542 "uLSIF" 13 1 2 2.98484848484848
56.616 0 45.9948700625632 "uLSIF" 13 1 2 3.02020202020202
57.627 0 46.8439347752217 "uLSIF" 13 1 2 3.05555555555556
58.646 0 47.5162338204163 "uLSIF" 13 1 2 3.09090909090909
59.853 0 49.2008955113534 "uLSIF" 13 1 2 3.12626262626263
60.552 0 49.8411419956991 "uLSIF" 13 1 2 3.16161616161616
61.837 0 51.077424899209 "uLSIF" 13 1 2 3.1969696969697
62.993 0 51.6694947496846 "uLSIF" 13 1 2 3.23232323232323
64.428 0 52.6704375431892 "uLSIF" 13 1 2 3.26767676767677
65.92 0 53.9592550096941 "uLSIF" 13 1 2 3.3030303030303
66.926 0 54.2751353228558 "uLSIF" 13 1 2 3.33838383838384
68.686 0 55.5133599878186 "uLSIF" 13 1 2 3.37373737373737
69.423 0 56.1303009227786 "uLSIF" 13 1 2 3.40909090909091
70.325 0 56.738316961394 "uLSIF" 13 1 2 3.44444444444444
71.17 0 57.0090618510174 "uLSIF" 13 1 2 3.47979797979798
72.642 0 58.1953480489165 "uLSIF" 13 1 2 3.51515151515152
73.794 0 59.1599142955723 "uLSIF" 13 1 2 3.55050505050505
74.818 0 59.2661737870377 "uLSIF" 13 1 2 3.58585858585859
76.413 0 60.6211130741621 "uLSIF" 13 1 2 3.62121212121212
77.039 0 60.7249948868174 "uLSIF" 13 1 2 3.65656565656566
77.771 0 60.8353145343598 "uLSIF" 13 1 2 3.69191919191919
79.14 0 61.68681920527 "uLSIF" 13 1 2 3.72727272727273
80.176 0 61.909270564123 "uLSIF" 13 1 2 3.76262626262626
81.562 0 63.9842022231592 "uLSIF" 13 1 2 3.7979797979798
82.955 0 64.9367828026671 "uLSIF" 13 1 2 3.83333333333333
83.913 0 65.7128420372199 "uLSIF" 13 1 2 3.86868686868687
85.213 0 66.554422258195 "uLSIF" 13 1 2 3.9040404040404
86.51 0 67.6480018341425 "uLSIF" 13 1 2 3.93939393939394
87.738 0 68.1787187742164 "uLSIF" 13 1 2 3.97474747474747
88.738 0 68.8343775124576 "uLSIF" 13 1 2 4.01010101010101
90.11 0 69.9558555213337 "uLSIF" 13 1 2 4.04545454545454
92.686 0 71.9145681285031 "uLSIF" 13 1 2 4.08080808080808
94.462 0 74.3571350950233 "uLSIF" 13 1 2 4.11616161616162
95.639 0 75.3458803165819 "uLSIF" 13 1 2 4.15151515151515
97.018 0 77.0786143413904 "uLSIF" 13 1 2 4.18686868686869
98.688 0 78.6401355983503 "uLSIF" 13 1 2 4.22222222222222
100.282 0 80.0421840483331 "uLSIF" 13 1 2 4.25757575757576
101.716 0 81.2429797937383 "uLSIF" 13 1 2 4.29292929292929
103.38 0 82.3256771433865 "uLSIF" 13 1 2 4.32828282828283
104.563 0 83.1831200572716 "uLSIF" 13 1 2 4.36363636363636
106.026 0 84.0862998937986 "uLSIF" 13 1 2 4.3989898989899
106.815 0 84.0550892750286 "uLSIF" 13 1 2 4.43434343434343
108.392 0 85.1189142644898 "uLSIF" 13 1 2 4.46969696969697
109.831 0 85.7708521473238 "uLSIF" 13 1 2 4.50505050505051
111.281 0 86.957896218312 "uLSIF" 13 1 2 4.54040404040404
112.533 0 88.6523668784605 "uLSIF" 13 1 2 4.57575757575758
113.847 0 89.150318958321 "uLSIF" 13 1 2 4.61111111111111
114.611 0 89.2904612232766 "uLSIF" 13 1 2 4.64646464646465
116.923 0 90.8609309867546 "uLSIF" 13 1 2 4.68181818181818
118.787 0 91.8261164738369 "uLSIF" 13 1 2 4.71717171717172
120.364 0 92.1762223133491 "uLSIF" 13 1 2 4.75252525252525
122.42 0 93.6144928591362 "uLSIF" 13 1 2 4.78787878787879
123.925 0 93.9948850385669 "uLSIF" 13 1 2 4.82323232323232
125.56 0 95.2953913450782 "uLSIF" 13 1 2 4.85858585858586
127.991 0 98.1782658784055 "uLSIF" 13 1 2 4.89393939393939
129.675 0 99.5163850121471 "uLSIF" 13 1 2 4.92929292929293
131.567 0 100.791122433285 "uLSIF" 13 1 2 4.96464646464646
133.677 0 102.107132647712 "uLSIF" 13 1 2 5
