132.975 14.3 0 0 "KDE LDA" 93 2000 2.5
134.395 14.305 0 0 "KDE LDA" 93 2000 2.51010101010101
137.395 14.42 0 0 "KDE LDA" 93 2000 2.52020202020202
138.655 14.45 0 0 "KDE LDA" 93 2000 2.53030303030303
141.07 14.48 0 0 "KDE LDA" 93 2000 2.54040404040404
142.195 14.48 0 0 "KDE LDA" 93 2000 2.55050505050505
144.67 14.485 0 0 "KDE LDA" 93 2000 2.56060606060606
146.445 14.52 0 0 "KDE LDA" 93 2000 2.57070707070707
148.775 14.52 0 0 "KDE LDA" 93 2000 2.58080808080808
150.745 14.525 0 0 "KDE LDA" 93 2000 2.59090909090909
150.77 14.55 0 0 "KDE LDA" 93 2000 2.6010101010101
150.86 14.615 0 0 "KDE LDA" 93 2000 2.61111111111111
151.08 14.8 0 0 "KDE LDA" 93 2000 2.62121212121212
151.085 15.08 0 0 "KDE LDA" 93 2000 2.63131313131313
151.085 15.15 0 0 "KDE LDA" 93 2000 2.64141414141414
151.735 15.195 0 0 "KDE LDA" 93 2000 2.65151515151515
156.99 15.33 0 0 "KDE LDA" 93 2000 2.66161616161616
164.2 16.04 0 0 "KDE LDA" 93 2000 2.67171717171717
167.425 16.115 0 0 "KDE LDA" 93 2000 2.68181818181818
169.625 16.29 0 0 "KDE LDA" 93 2000 2.69191919191919
172.31 16.295 0 0 "KDE LDA" 93 2000 2.7020202020202
172.71 16.325 0 0 "KDE LDA" 93 2000 2.71212121212121
172.74 16.33 0 0 "KDE LDA" 93 2000 2.72222222222222
175.805 16.33 0 0 "KDE LDA" 93 2000 2.73232323232323
176.255 16.385 0 0 "KDE LDA" 93 2000 2.74242424242424
177.51 16.395 0 0 "KDE LDA" 93 2000 2.75252525252525
182.195 16.46 0 0 "KDE LDA" 93 2000 2.76262626262626
184.65 16.655 0 0 "KDE LDA" 93 2000 2.77272727272727
187.385 16.83 0 0 "KDE LDA" 93 2000 2.78282828282828
191.72 17.035 0 0 "KDE LDA" 93 2000 2.79292929292929
228.42 17.6 0 0 "KDE LDA" 93 2000 2.8030303030303
231.61 17.625 0 0 "KDE LDA" 93 2000 2.81313131313131
233.955 17.83 0 0 "KDE LDA" 93 2000 2.82323232323232
235.7 17.855 0 0 "KDE LDA" 93 2000 2.83333333333333
237.72 17.875 0 0 "KDE LDA" 93 2000 2.84343434343434
241.14 17.885 0 0 "KDE LDA" 93 2000 2.85353535353535
247.28 17.89 0 0 "KDE LDA" 93 2000 2.86363636363636
247.295 17.91 0 0 "KDE LDA" 93 2000 2.87373737373737
254.045 17.955 0 0 "KDE LDA" 93 2000 2.88383838383838
254.23 17.965 0 0 "KDE LDA" 93 2000 2.89393939393939
254.245 17.985 0 0 "KDE LDA" 93 2000 2.9040404040404
257.415 18.01 0 0 "KDE LDA" 93 2000 2.91414141414141
257.47 18.025 0 0 "KDE LDA" 93 2000 2.92424242424242
259.1 18.05 0 0 "KDE LDA" 93 2000 2.93434343434343
266.295 18.08 0 0 "KDE LDA" 93 2000 2.94444444444444
266.74 18.145 0 0 "KDE LDA" 93 2000 2.95454545454545
267.8 18.26 0 0 "KDE LDA" 93 2000 2.96464646464646
270.625 18.34 0 0 "KDE LDA" 93 2000 2.97474747474747
277.22 18.375 0 0 "KDE LDA" 93 2000 2.98484848484848
279.245 18.485 0 0 "KDE LDA" 93 2000 2.99494949494949
290.115 18.555 0 0 "KDE LDA" 93 2000 3.00505050505051
291.745 18.555 0 0 "KDE LDA" 93 2000 3.01515151515152
291.885 18.57 0 0 "KDE LDA" 93 2000 3.02525252525253
293.145 18.59 0 0 "KDE LDA" 93 2000 3.03535353535354
295.735 18.61 0 0 "KDE LDA" 93 2000 3.04545454545455
304.39 18.74 0 0 "KDE LDA" 93 2000 3.05555555555556
306.93 18.86 0 0 "KDE LDA" 93 2000 3.06565656565657
324.27 18.915 0 0 "KDE LDA" 93 2000 3.07575757575758
331 18.955 0 0 "KDE LDA" 93 2000 3.08585858585859
339.48 19.105 0 0 "KDE LDA" 93 2000 3.0959595959596
342.27 19.275 0 0 "KDE LDA" 93 2000 3.10606060606061
346.365 19.295 0 0 "KDE LDA" 93 2000 3.11616161616162
346.47 19.385 0 0 "KDE LDA" 93 2000 3.12626262626263
346.48 19.43 0 0 "KDE LDA" 93 2000 3.13636363636364
346.5 19.46 0 0 "KDE LDA" 93 2000 3.14646464646465
349.38 19.495 0 0 "KDE LDA" 93 2000 3.15656565656566
352.255 19.54 0 0 "KDE LDA" 93 2000 3.16666666666667
352.27 19.57 0 0 "KDE LDA" 93 2000 3.17676767676768
359.49 19.58 0 0 "KDE LDA" 93 2000 3.18686868686869
359.5 19.605 0 0 "KDE LDA" 93 2000 3.1969696969697
364.59 19.635 0 0 "KDE LDA" 93 2000 3.20707070707071
378.32 19.71 0 0 "KDE LDA" 93 2000 3.21717171717172
384.53 20.12 0 0 "KDE LDA" 93 2000 3.22727272727273
384.925 20.185 0 0 "KDE LDA" 93 2000 3.23737373737374
378.603015075377 20.2 1 0 "KDE LDA" 93 2000 3.24747474747475
381.13567839196 20.25 1 0 "KDE LDA" 93 2000 3.25757575757576
381.376884422111 20.285 1 0 "KDE LDA" 93 2000 3.26767676767677
382.412060301508 20.515 1 0 "KDE LDA" 93 2000 3.27777777777778
389.688442211055 20.555 1 0 "KDE LDA" 93 2000 3.28787878787879
406.05527638191 20.6 1 0 "KDE LDA" 93 2000 3.2979797979798
421.693467336683 20.635 1 0 "KDE LDA" 93 2000 3.30808080808081
428.467336683417 20.675 1 0 "KDE LDA" 93 2000 3.31818181818182
436.618090452261 20.79 1 0 "KDE LDA" 93 2000 3.32828282828283
453.859296482412 20.95 1 0 "KDE LDA" 93 2000 3.33838383838384
489.899497487437 21.135 1 0 "KDE LDA" 93 2000 3.34848484848485
540.221105527638 21.44 1 0 "KDE LDA" 93 2000 3.35858585858586
543.844221105528 21.45 1 0 "KDE LDA" 93 2000 3.36868686868687
549.201005025126 21.47 1 0 "KDE LDA" 93 2000 3.37878787878788
556.015075376884 21.5 1 0 "KDE LDA" 93 2000 3.38888888888889
562.231155778895 21.68 1 0 "KDE LDA" 93 2000 3.3989898989899
562.884422110553 21.68 1 0 "KDE LDA" 93 2000 3.40909090909091
566.015075376884 21.815 1 0 "KDE LDA" 93 2000 3.41919191919192
567.286432160804 21.835 1 0 "KDE LDA" 93 2000 3.42929292929293
567.331658291457 21.855 1 0 "KDE LDA" 93 2000 3.43939393939394
570.56783919598 21.88 1 0 "KDE LDA" 93 2000 3.44949494949495
575.452261306533 21.93 1 0 "KDE LDA" 93 2000 3.45959595959596
579.552763819096 21.94 1 0 "KDE LDA" 93 2000 3.46969696969697
581.819095477387 21.95 1 0 "KDE LDA" 93 2000 3.47979797979798
596.140703517588 22.01 1 0 "KDE LDA" 93 2000 3.48989898989899
598.793969849246 22.095 1 0 "KDE LDA" 93 2000 3.5
96.765 11.58 0 0 "KDE QDA" 93 2000 2.7
97.105 11.585 0 0 "KDE QDA" 93 2000 2.71010101010101
97.11 11.595 0 0 "KDE QDA" 93 2000 2.72020202020202
98.92 11.595 0 0 "KDE QDA" 93 2000 2.73030303030303
99.205 11.595 0 0 "KDE QDA" 93 2000 2.74040404040404
99.23 11.595 0 0 "KDE QDA" 93 2000 2.75050505050505
99.23 11.6 0 0 "KDE QDA" 93 2000 2.76060606060606
100.08 11.605 0 0 "KDE QDA" 93 2000 2.77070707070707
100.445 11.61 0 0 "KDE QDA" 93 2000 2.78080808080808
100.795 11.615 0 0 "KDE QDA" 93 2000 2.79090909090909
122.44 12.715 0 0 "KDE QDA" 93 2000 2.8010101010101
122.455 12.715 0 0 "KDE QDA" 93 2000 2.81111111111111
122.46 12.715 0 0 "KDE QDA" 93 2000 2.82121212121212
126.23 12.76 0 0 "KDE QDA" 93 2000 2.83131313131313
128.37 12.785 0 0 "KDE QDA" 93 2000 2.84141414141414
130.6 12.8 0 0 "KDE QDA" 93 2000 2.85151515151515
130.62 12.81 0 0 "KDE QDA" 93 2000 2.86161616161616
132.725 12.81 0 0 "KDE QDA" 93 2000 2.87171717171717
133.705 12.825 0 0 "KDE QDA" 93 2000 2.88181818181818
133.715 12.825 0 0 "KDE QDA" 93 2000 2.89191919191919
133.75 12.825 0 0 "KDE QDA" 93 2000 2.9020202020202
135.4 12.825 0 0 "KDE QDA" 93 2000 2.91212121212121
138.12 12.84 0 0 "KDE QDA" 93 2000 2.92222222222222
138.93 12.855 0 0 "KDE QDA" 93 2000 2.93232323232323
139.09 12.855 0 0 "KDE QDA" 93 2000 2.94242424242424
139.955 12.855 0 0 "KDE QDA" 93 2000 2.95252525252525
153.075 13.035 0 0 "KDE QDA" 93 2000 2.96262626262626
153.165 13.05 0 0 "KDE QDA" 93 2000 2.97272727272727
153.17 13.145 0 0 "KDE QDA" 93 2000 2.98282828282828
153.94 13.16 0 0 "KDE QDA" 93 2000 2.99292929292929
153.94 13.165 0 0 "KDE QDA" 93 2000 3.0030303030303
153.95 13.165 0 0 "KDE QDA" 93 2000 3.01313131313131
155.08 13.165 0 0 "KDE QDA" 93 2000 3.02323232323232
155.08 13.165 0 0 "KDE QDA" 93 2000 3.03333333333333
155.22 13.18 0 0 "KDE QDA" 93 2000 3.04343434343434
155.395 13.195 0 0 "KDE QDA" 93 2000 3.05353535353535
156.19 13.195 0 0 "KDE QDA" 93 2000 3.06363636363636
156.22 13.205 0 0 "KDE QDA" 93 2000 3.07373737373737
156.22 13.205 0 0 "KDE QDA" 93 2000 3.08383838383838
164.335 13.425 0 0 "KDE QDA" 93 2000 3.09393939393939
168.25 13.45 0 0 "KDE QDA" 93 2000 3.1040404040404
169.315 13.455 0 0 "KDE QDA" 93 2000 3.11414141414141
169.815 13.51 0 0 "KDE QDA" 93 2000 3.12424242424242
169.815 13.515 0 0 "KDE QDA" 93 2000 3.13434343434343
169.845 13.525 0 0 "KDE QDA" 93 2000 3.14444444444444
170.445 13.54 0 0 "KDE QDA" 93 2000 3.15454545454545
170.69 13.55 0 0 "KDE QDA" 93 2000 3.16464646464646
171.52 13.555 0 0 "KDE QDA" 93 2000 3.17474747474748
171.735 13.57 0 0 "KDE QDA" 93 2000 3.18484848484849
172.045 13.575 0 0 "KDE QDA" 93 2000 3.19494949494949
172.045 13.575 0 0 "KDE QDA" 93 2000 3.20505050505051
172.865 13.575 0 0 "KDE QDA" 93 2000 3.21515151515152
185.925 14.06 0 0 "KDE QDA" 93 2000 3.22525252525253
186.415 14.095 0 0 "KDE QDA" 93 2000 3.23535353535354
186.415 14.095 0 0 "KDE QDA" 93 2000 3.24545454545455
191.3 14.16 0 0 "KDE QDA" 93 2000 3.25555555555556
191.3 14.22 0 0 "KDE QDA" 93 2000 3.26565656565657
197.05 14.22 0 0 "KDE QDA" 93 2000 3.27575757575758
198.865 14.24 0 0 "KDE QDA" 93 2000 3.28585858585859
198.87 14.255 0 0 "KDE QDA" 93 2000 3.2959595959596
202.81 14.26 0 0 "KDE QDA" 93 2000 3.30606060606061
202.81 14.26 0 0 "KDE QDA" 93 2000 3.31616161616162
202.955 14.305 0 0 "KDE QDA" 93 2000 3.32626262626263
203.935 14.32 0 0 "KDE QDA" 93 2000 3.33636363636364
204.03 14.33 0 0 "KDE QDA" 93 2000 3.34646464646465
204.04 14.335 0 0 "KDE QDA" 93 2000 3.35656565656566
224.995 15.135 0 0 "KDE QDA" 93 2000 3.36666666666667
225.675 15.135 0 0 "KDE QDA" 93 2000 3.37676767676768
232.11 15.215 0 0 "KDE QDA" 93 2000 3.38686868686869
232.115 15.22 0 0 "KDE QDA" 93 2000 3.3969696969697
232.365 15.3 0 0 "KDE QDA" 93 2000 3.40707070707071
234.17 15.375 0 0 "KDE QDA" 93 2000 3.41717171717172
234.605 15.375 0 0 "KDE QDA" 93 2000 3.42727272727273
234.61 15.38 0 0 "KDE QDA" 93 2000 3.43737373737374
236.035 15.39 0 0 "KDE QDA" 93 2000 3.44747474747475
236.135 15.405 0 0 "KDE QDA" 93 2000 3.45757575757576
236.155 15.41 0 0 "KDE QDA" 93 2000 3.46767676767677
236.61 15.415 0 0 "KDE QDA" 93 2000 3.47777777777778
238.665 15.42 0 0 "KDE QDA" 93 2000 3.48787878787879
238.675 15.42 0 0 "KDE QDA" 93 2000 3.4979797979798
238.685 15.42 0 0 "KDE QDA" 93 2000 3.50808080808081
247.21 15.73 0 0 "KDE QDA" 93 2000 3.51818181818182
250.69 15.765 0 0 "KDE QDA" 93 2000 3.52828282828283
251.71 15.765 0 0 "KDE QDA" 93 2000 3.53838383838384
251.815 15.78 0 0 "KDE QDA" 93 2000 3.54848484848485
251.82 15.795 0 0 "KDE QDA" 93 2000 3.55858585858586
256.995 15.815 0 0 "KDE QDA" 93 2000 3.56868686868687
258.29 15.82 0 0 "KDE QDA" 93 2000 3.57878787878788
259.91 15.82 0 0 "KDE QDA" 93 2000 3.58888888888889
259.915 15.82 0 0 "KDE QDA" 93 2000 3.5989898989899
259.92 15.82 0 0 "KDE QDA" 93 2000 3.60909090909091
260.41 15.84 0 0 "KDE QDA" 93 2000 3.61919191919192
263.03 15.88 0 0 "KDE QDA" 93 2000 3.62929292929293
266.465 15.88 0 0 "KDE QDA" 93 2000 3.63939393939394
272.43 15.93 0 0 "KDE QDA" 93 2000 3.64949494949495
288.585 16.29 0 0 "KDE QDA" 93 2000 3.65959595959596
288.59 16.305 0 0 "KDE QDA" 93 2000 3.66969696969697
296.115 16.325 0 0 "KDE QDA" 93 2000 3.67979797979798
296.135 16.35 0 0 "KDE QDA" 93 2000 3.68989898989899
297.19 16.37 0 0 "KDE QDA" 93 2000 3.7
