156.27 14.88 0 0 "KDE LDA" 78 5000 2.5
158.36 15.14 0 0 "KDE LDA" 78 5000 2.51010101010101
158.9 15.18 0 0 "KDE LDA" 78 5000 2.52020202020202
163.46 15.32 0 0 "KDE LDA" 78 5000 2.53030303030303
164.4 15.465 0 0 "KDE LDA" 78 5000 2.54040404040404
166.985 15.515 0 0 "KDE LDA" 78 5000 2.55050505050505
167.05 15.525 0 0 "KDE LDA" 78 5000 2.56060606060606
167.06 15.565 0 0 "KDE LDA" 78 5000 2.57070707070707
167.16 15.575 0 0 "KDE LDA" 78 5000 2.58080808080808
167.65 15.575 0 0 "KDE LDA" 78 5000 2.59090909090909
169.855 15.675 0 0 "KDE LDA" 78 5000 2.6010101010101
172.6 15.68 0 0 "KDE LDA" 78 5000 2.61111111111111
172.965 15.735 0 0 "KDE LDA" 78 5000 2.62121212121212
173.43 15.77 0 0 "KDE LDA" 78 5000 2.63131313131313
173.995 15.83 0 0 "KDE LDA" 78 5000 2.64141414141414
174.115 16.025 0 0 "KDE LDA" 78 5000 2.65151515151515
180.225 16.05 0 0 "KDE LDA" 78 5000 2.66161616161616
190.23 16.13 0 0 "KDE LDA" 78 5000 2.67171717171717
191.26 16.16 0 0 "KDE LDA" 78 5000 2.68181818181818
191.55 16.305 0 0 "KDE LDA" 78 5000 2.69191919191919
192.445 16.365 0 0 "KDE LDA" 78 5000 2.7020202020202
192.49 16.375 0 0 "KDE LDA" 78 5000 2.71212121212121
192.945 16.39 0 0 "KDE LDA" 78 5000 2.72222222222222
193.21 16.525 0 0 "KDE LDA" 78 5000 2.73232323232323
194.86 16.54 0 0 "KDE LDA" 78 5000 2.74242424242424
197.24 16.57 0 0 "KDE LDA" 78 5000 2.75252525252525
198.16 16.97 0 0 "KDE LDA" 78 5000 2.76262626262626
198.72 17.375 0 0 "KDE LDA" 78 5000 2.77272727272727
199.92 17.43 0 0 "KDE LDA" 78 5000 2.78282828282828
204.93 17.5 0 0 "KDE LDA" 78 5000 2.79292929292929
243.54 18.1 0 0 "KDE LDA" 78 5000 2.8030303030303
243.545 18.115 0 0 "KDE LDA" 78 5000 2.81313131313131
247.695 18.23 0 0 "KDE LDA" 78 5000 2.82323232323232
247.695 18.285 0 0 "KDE LDA" 78 5000 2.83333333333333
253.17 18.315 0 0 "KDE LDA" 78 5000 2.84343434343434
258.44 18.33 0 0 "KDE LDA" 78 5000 2.85353535353535
264.025 18.405 0 0 "KDE LDA" 78 5000 2.86363636363636
265.11 18.425 0 0 "KDE LDA" 78 5000 2.87373737373737
268.035 18.815 0 0 "KDE LDA" 78 5000 2.88383838383838
268.05 18.82 0 0 "KDE LDA" 78 5000 2.89393939393939
269.235 18.855 0 0 "KDE LDA" 78 5000 2.9040404040404
269.265 18.855 0 0 "KDE LDA" 78 5000 2.91414141414141
270.095 18.88 0 0 "KDE LDA" 78 5000 2.92424242424242
271.105 18.945 0 0 "KDE LDA" 78 5000 2.93434343434343
272.345 18.98 0 0 "KDE LDA" 78 5000 2.94444444444444
281.96 19.11 0 0 "KDE LDA" 78 5000 2.95454545454545
290.355 19.13 0 0 "KDE LDA" 78 5000 2.96464646464646
290.355 19.15 0 0 "KDE LDA" 78 5000 2.97474747474747
290.36 19.22 0 0 "KDE LDA" 78 5000 2.98484848484848
295.3 19.225 0 0 "KDE LDA" 78 5000 2.99494949494949
297.34 19.32 0 0 "KDE LDA" 78 5000 3.00505050505051
304.915 19.33 0 0 "KDE LDA" 78 5000 3.01515151515152
305.34 19.36 0 0 "KDE LDA" 78 5000 3.02525252525253
305.375 19.445 0 0 "KDE LDA" 78 5000 3.03535353535354
305.865 19.455 0 0 "KDE LDA" 78 5000 3.04545454545455
309.38 19.51 0 0 "KDE LDA" 78 5000 3.05555555555556
313.235 19.55 0 0 "KDE LDA" 78 5000 3.06565656565657
315.07 19.575 0 0 "KDE LDA" 78 5000 3.07575757575758
323.595 19.755 0 0 "KDE LDA" 78 5000 3.08585858585859
336.46 19.98 0 0 "KDE LDA" 78 5000 3.0959595959596
336.59 19.995 0 0 "KDE LDA" 78 5000 3.10606060606061
342.445 20.005 0 0 "KDE LDA" 78 5000 3.11616161616162
345.19 20.18 0 0 "KDE LDA" 78 5000 3.12626262626263
347.45 20.195 0 0 "KDE LDA" 78 5000 3.13636363636364
347.465 20.205 0 0 "KDE LDA" 78 5000 3.14646464646465
348.54 20.235 0 0 "KDE LDA" 78 5000 3.15656565656566
351.595 20.235 0 0 "KDE LDA" 78 5000 3.16666666666667
356.085 20.245 0 0 "KDE LDA" 78 5000 3.17676767676768
361.45 20.3 0 0 "KDE LDA" 78 5000 3.18686868686869
366.24 20.355 0 0 "KDE LDA" 78 5000 3.1969696969697
376.375 20.355 0 0 "KDE LDA" 78 5000 3.20707070707071
392.45 20.41 0 0 "KDE LDA" 78 5000 3.21717171717172
418.83 20.565 0 0 "KDE LDA" 78 5000 3.22727272727273
422.67 20.595 0 0 "KDE LDA" 78 5000 3.23737373737374
423.84 20.715 0 0 "KDE LDA" 78 5000 3.24747474747475
426.99 20.75 0 0 "KDE LDA" 78 5000 3.25757575757576
429.225 20.845 0 0 "KDE LDA" 78 5000 3.26767676767677
442.335 20.92 0 0 "KDE LDA" 78 5000 3.27777777777778
453.32 20.95 0 0 "KDE LDA" 78 5000 3.28787878787879
453.345 20.97 0 0 "KDE LDA" 78 5000 3.2979797979798
465.93 21.255 0 0 "KDE LDA" 78 5000 3.30808080808081
468.245 21.27 0 0 "KDE LDA" 78 5000 3.31818181818182
470.415 21.35 0 0 "KDE LDA" 78 5000 3.32828282828283
481.24 21.45 0 0 "KDE LDA" 78 5000 3.33838383838384
488.16 21.665 0 0 "KDE LDA" 78 5000 3.34848484848485
526.415 21.775 0 0 "KDE LDA" 78 5000 3.35858585858586
529.02 21.825 0 0 "KDE LDA" 78 5000 3.36868686868687
535.75 21.83 0 0 "KDE LDA" 78 5000 3.37878787878788
535.755 21.855 0 0 "KDE LDA" 78 5000 3.38888888888889
545.835 21.905 0 0 "KDE LDA" 78 5000 3.3989898989899
556.965 21.925 0 0 "KDE LDA" 78 5000 3.40909090909091
556.99 21.96 0 0 "KDE LDA" 78 5000 3.41919191919192
556.995 21.965 0 0 "KDE LDA" 78 5000 3.42929292929293
563.84 22.19 0 0 "KDE LDA" 78 5000 3.43939393939394
563.855 22.195 0 0 "KDE LDA" 78 5000 3.44949494949495
564.21 22.225 0 0 "KDE LDA" 78 5000 3.45959595959596
578.455 22.67 0 0 "KDE LDA" 78 5000 3.46969696969697
578.465 22.695 0 0 "KDE LDA" 78 5000 3.47979797979798
583.715 22.815 0 0 "KDE LDA" 78 5000 3.48989898989899
585.905 22.875 0 0 "KDE LDA" 78 5000 3.5
121.775 12.215 0 0 "KDE QDA" 78 5000 2.7
122 12.215 0 0 "KDE QDA" 78 5000 2.71010101010101
122.005 12.215 0 0 "KDE QDA" 78 5000 2.72020202020202
122.005 12.215 0 0 "KDE QDA" 78 5000 2.73030303030303
122.005 12.215 0 0 "KDE QDA" 78 5000 2.74040404040404
122.005 12.22 0 0 "KDE QDA" 78 5000 2.75050505050505
122.005 12.22 0 0 "KDE QDA" 78 5000 2.76060606060606
122.005 12.22 0 0 "KDE QDA" 78 5000 2.77070707070707
122.385 12.22 0 0 "KDE QDA" 78 5000 2.78080808080808
122.905 12.225 0 0 "KDE QDA" 78 5000 2.79090909090909
154.285 13.44 0 0 "KDE QDA" 78 5000 2.8010101010101
154.7 13.445 0 0 "KDE QDA" 78 5000 2.81111111111111
154.715 13.445 0 0 "KDE QDA" 78 5000 2.82121212121212
158.455 13.65 0 0 "KDE QDA" 78 5000 2.83131313131313
158.455 13.65 0 0 "KDE QDA" 78 5000 2.84141414141414
159.6 13.65 0 0 "KDE QDA" 78 5000 2.85151515151515
160.575 13.65 0 0 "KDE QDA" 78 5000 2.86161616161616
160.575 13.65 0 0 "KDE QDA" 78 5000 2.87171717171717
160.575 13.665 0 0 "KDE QDA" 78 5000 2.88181818181818
160.575 13.75 0 0 "KDE QDA" 78 5000 2.89191919191919
160.575 13.75 0 0 "KDE QDA" 78 5000 2.9020202020202
160.575 13.75 0 0 "KDE QDA" 78 5000 2.91212121212121
160.575 13.75 0 0 "KDE QDA" 78 5000 2.92222222222222
160.575 13.75 0 0 "KDE QDA" 78 5000 2.93232323232323
160.575 13.75 0 0 "KDE QDA" 78 5000 2.94242424242424
160.575 13.765 0 0 "KDE QDA" 78 5000 2.95252525252525
163.315 14.125 0 0 "KDE QDA" 78 5000 2.96262626262626
163.945 14.125 0 0 "KDE QDA" 78 5000 2.97272727272727
164.49 14.28 0 0 "KDE QDA" 78 5000 2.98282828282828
167.035 14.33 0 0 "KDE QDA" 78 5000 2.99292929292929
167.035 14.33 0 0 "KDE QDA" 78 5000 3.0030303030303
167.035 14.33 0 0 "KDE QDA" 78 5000 3.01313131313131
167.035 14.33 0 0 "KDE QDA" 78 5000 3.02323232323232
167.04 14.335 0 0 "KDE QDA" 78 5000 3.03333333333333
167.04 14.335 0 0 "KDE QDA" 78 5000 3.04343434343434
167.04 14.335 0 0 "KDE QDA" 78 5000 3.05353535353535
167.04 14.34 0 0 "KDE QDA" 78 5000 3.06363636363636
167.04 14.34 0 0 "KDE QDA" 78 5000 3.07373737373737
168.095 14.345 0 0 "KDE QDA" 78 5000 3.08383838383838
182.455 14.7 0 0 "KDE QDA" 78 5000 3.09393939393939
182.48 14.705 0 0 "KDE QDA" 78 5000 3.1040404040404
182.48 14.705 0 0 "KDE QDA" 78 5000 3.11414141414141
187.785 14.76 0 0 "KDE QDA" 78 5000 3.12424242424242
187.875 14.76 0 0 "KDE QDA" 78 5000 3.13434343434343
187.88 14.76 0 0 "KDE QDA" 78 5000 3.14444444444444
187.88 14.76 0 0 "KDE QDA" 78 5000 3.15454545454545
188.665 14.76 0 0 "KDE QDA" 78 5000 3.16464646464646
188.71 14.76 0 0 "KDE QDA" 78 5000 3.17474747474748
188.71 14.76 0 0 "KDE QDA" 78 5000 3.18484848484849
188.71 14.76 0 0 "KDE QDA" 78 5000 3.19494949494949
188.71 14.76 0 0 "KDE QDA" 78 5000 3.20505050505051
188.955 14.76 0 0 "KDE QDA" 78 5000 3.21515151515152
210.065 15.505 0 0 "KDE QDA" 78 5000 3.22525252525253
210.08 15.55 0 0 "KDE QDA" 78 5000 3.23535353535354
210.08 15.55 0 0 "KDE QDA" 78 5000 3.24545454545455
222.075 15.585 0 0 "KDE QDA" 78 5000 3.25555555555556
223.22 15.585 0 0 "KDE QDA" 78 5000 3.26565656565657
225.415 15.585 0 0 "KDE QDA" 78 5000 3.27575757575758
227.47 15.59 0 0 "KDE QDA" 78 5000 3.28585858585859
227.47 15.59 0 0 "KDE QDA" 78 5000 3.2959595959596
227.48 15.6 0 0 "KDE QDA" 78 5000 3.30606060606061
232.7 15.6 0 0 "KDE QDA" 78 5000 3.31616161616162
232.7 15.6 0 0 "KDE QDA" 78 5000 3.32626262626263
232.7 15.6 0 0 "KDE QDA" 78 5000 3.33636363636364
232.705 15.6 0 0 "KDE QDA" 78 5000 3.34646464646465
232.705 15.635 0 0 "KDE QDA" 78 5000 3.35656565656566
267.15 16.6 0 0 "KDE QDA" 78 5000 3.36666666666667
267.15 16.605 0 0 "KDE QDA" 78 5000 3.37676767676768
276.605 16.695 0 0 "KDE QDA" 78 5000 3.38686868686869
276.61 16.695 0 0 "KDE QDA" 78 5000 3.3969696969697
276.615 16.695 0 0 "KDE QDA" 78 5000 3.40707070707071
283.695 16.71 0 0 "KDE QDA" 78 5000 3.41717171717172
283.695 16.71 0 0 "KDE QDA" 78 5000 3.42727272727273
283.7 16.71 0 0 "KDE QDA" 78 5000 3.43737373737374
283.7 16.745 0 0 "KDE QDA" 78 5000 3.44747474747475
283.7 16.745 0 0 "KDE QDA" 78 5000 3.45757575757576
283.7 16.745 0 0 "KDE QDA" 78 5000 3.46767676767677
283.7 16.745 0 0 "KDE QDA" 78 5000 3.47777777777778
283.7 16.745 0 0 "KDE QDA" 78 5000 3.48787878787879
283.7 16.745 0 0 "KDE QDA" 78 5000 3.4979797979798
283.7 16.77 0 0 "KDE QDA" 78 5000 3.50808080808081
295.425 17.115 0 0 "KDE QDA" 78 5000 3.51818181818182
295.435 17.115 0 0 "KDE QDA" 78 5000 3.52828282828283
296.515 17.12 0 0 "KDE QDA" 78 5000 3.53838383838384
301.635 17.2 0 0 "KDE QDA" 78 5000 3.54848484848485
305.14 17.2 0 0 "KDE QDA" 78 5000 3.55858585858586
305.155 17.215 0 0 "KDE QDA" 78 5000 3.56868686868687
305.39 17.215 0 0 "KDE QDA" 78 5000 3.57878787878788
308.25 17.22 0 0 "KDE QDA" 78 5000 3.58888888888889
308.9 17.22 0 0 "KDE QDA" 78 5000 3.5989898989899
308.9 17.235 0 0 "KDE QDA" 78 5000 3.60909090909091
308.9 17.24 0 0 "KDE QDA" 78 5000 3.61919191919192
308.9 17.24 0 0 "KDE QDA" 78 5000 3.62929292929293
308.9 17.245 0 0 "KDE QDA" 78 5000 3.63939393939394
308.9 17.245 0 0 "KDE QDA" 78 5000 3.64949494949495
329.43 17.56 0 0 "KDE QDA" 78 5000 3.65959595959596
329.43 17.56 0 0 "KDE QDA" 78 5000 3.66969696969697
331.56 17.68 0 0 "KDE QDA" 78 5000 3.67979797979798
331.56 17.68 0 0 "KDE QDA" 78 5000 3.68989898989899
334.685 17.68 0 0 "KDE QDA" 78 5000 3.7
