55.84 13.689 0 0 51.1304676755917 8.98270382279011 "LDA" 17 200 1.5
58.831 14.136 0 0 53.3029984958506 9.4236037856177 "LDA" 17 200 1.53535353535354
61.774 14.568 0 0 55.9150911777976 9.5926740482201 "LDA" 17 200 1.57070707070707
65.607 15.035 0 0 58.6208235352588 9.9322920529667 "LDA" 17 200 1.60606060606061
68.872 15.573 0 0 60.9125106193297 10.4255149686892 "LDA" 17 200 1.64141414141414
72.767 16.068 0 0 65.6101928697699 10.815653209786 "LDA" 17 200 1.67676767676768
76.655 16.513 0 0 69.9173971012753 11.0661778085883 "LDA" 17 200 1.71212121212121
80.118 16.844 0 0 72.3679293139799 11.132996344543 "LDA" 17 200 1.74747474747475
84.708 17.233 0 0 79.0543124713657 11.3884330532083 "LDA" 17 200 1.78282828282828
89.251 17.619 0 0 84.0677428291279 11.4827563194859 "LDA" 17 200 1.81818181818182
92.986 18.084 0 0 87.7437677147088 11.8231438598509 "LDA" 17 200 1.85353535353535
98.527 18.623 0 0 94.7067084827238 12.1999060942578 "LDA" 17 200 1.88888888888889
104.271 19.051 0 0 101.078040786955 12.4909736779574 "LDA" 17 200 1.92424242424242
109.57 19.56 0 0 105.401891153141 12.7702576121032 "LDA" 17 200 1.95959595959596
113.918 20.105 0 0 108.504739779212 13.0502215798539 "LDA" 17 200 1.99494949494949
121.518 20.503 0 0 118.34967816738 13.2308369367189 "LDA" 17 200 2.03030303030303
130.192 20.987 0 0 128.615033969451 13.6379920012378 "LDA" 17 200 2.06565656565657
137.433 21.498 0 0 135.708394284507 13.9964243968199 "LDA" 17 200 2.1010101010101
143.589 22.059 0 0 140.798118556993 14.5004062281296 "LDA" 17 200 2.13636363636364
149.625 22.455 0 0 144.466982677995 14.6984359378479 "LDA" 17 200 2.17171717171717
158.709 23.197 0 0 153.468403490327 15.6755833995075 "LDA" 17 200 2.20707070707071
166.072 23.624 0 0 163.500805286486 16.1389928772241 "LDA" 17 200 2.24242424242424
173.566 24.124 0 0 168.895770892659 16.3346700439723 "LDA" 17 200 2.27777777777778
181.458 24.605 0 0 179.409860749442 16.5314931347796 "LDA" 17 200 2.31313131313131
191.735 25.056 0 0 191.356918467155 16.7125753303964 "LDA" 17 200 2.34848484848485
201.198 25.43 0 0 199.874437051331 16.9962929479923 "LDA" 17 200 2.38383838383838
208.267 25.835 0 0 206.76519425802 17.1416338372575 "LDA" 17 200 2.41919191919192
216.987 26.323 0 0 216.848029501997 17.4817700271821 "LDA" 17 200 2.45454545454545
224.65 26.742 0 0 225.788671159613 17.7062403391275 "LDA" 17 200 2.48989898989899
232.998 27.209 0 0 232.226762594808 17.9595061976342 "LDA" 17 200 2.52525252525253
246.95 27.494 0 0 253.547877186984 18.0152300155316 "LDA" 17 200 2.56060606060606
259.234 28.027 0 0 264.181454847014 18.0888772033667 "LDA" 17 200 2.5959595959596
267.052 28.534 0 0 268.829951528543 18.5330061327437 "LDA" 17 200 2.63131313131313
278.434 29 0 0 282.267058539137 18.7063606275493 "LDA" 17 200 2.66666666666667
288.289 29.391 0 0 290.761668427643 18.9620061353401 "LDA" 17 200 2.7020202020202
300.495 29.805 0 0 300.069181170757 19.1078540156943 "LDA" 17 200 2.73737373737374
311.505 30.173 0 0 307.567120330682 19.2530452331768 "LDA" 17 200 2.77272727272727
326.458 30.526 0 0 321.697814291176 19.3211446511492 "LDA" 17 200 2.80808080808081
339.128 30.909 0 0 331.710294286046 19.4465134634948 "LDA" 17 200 2.84343434343434
356.63 31.324 0 0 346.992889214124 19.5597445690788 "LDA" 17 200 2.87878787878788
374.044 31.746 0 0 373.868642474634 19.7206589237882 "LDA" 17 200 2.91414141414141
390.504 32.221 0 0 385.707620293341 19.9257922350956 "LDA" 17 200 2.94949494949495
406.101 32.454 0 0 393.92477648471 19.9269407327609 "LDA" 17 200 2.98484848484848
429.378 32.844 0 0 420.05321784486 20.0342965196444 "LDA" 17 200 3.02020202020202
443.166 33.398 0 0 436.364020058943 20.2778397958655 "LDA" 17 200 3.05555555555556
464.443 33.904 0 0 457.075164997462 20.6505503372 "LDA" 17 200 3.09090909090909
487.622 34.237 0 0 489.250497358117 20.7960887742938 "LDA" 17 200 3.12626262626263
509.801 34.69 0 0 503.302906025998 21.2619371170637 "LDA" 17 200 3.16161616161616
528.756 35.266 0 0 521.597256666638 21.5495621214824 "LDA" 17 200 3.1969696969697
545.378 35.738 0 0 536.698073350313 21.8125455447809 "LDA" 17 200 3.23232323232323
571.026 36.244 0 0 554.175818817604 22.0786759551367 "LDA" 17 200 3.26767676767677
585.049 36.778 0 0 566.127571335318 22.2551568857199 "LDA" 17 200 3.3030303030303
621.797 37.099 0 0 611.178377235157 22.2803413935382 "LDA" 17 200 3.33838383838384
648.382 37.539 0 0 631.475427305997 22.5794222536652 "LDA" 17 200 3.37373737373737
670.446 38.036 0 0 642.549070805018 22.7095668921366 "LDA" 17 200 3.40909090909091
697.182 38.6 0 0 671.876979477309 23.0550544465966 "LDA" 17 200 3.44444444444444
726.125 39.207 0 0 704.434476233458 24.1486087861456 "LDA" 17 200 3.47979797979798
759.843 39.726 0 0 730.861492262297 24.502393582899 "LDA" 17 200 3.51515151515152
786.688 40.129 0 0 778.162005473643 24.5719380419848 "LDA" 17 200 3.55050505050505
821.087 40.723 0 0 815.040109326413 24.9341127971496 "LDA" 17 200 3.58585858585859
861.918 41.133 0 0 863.237522525693 25.0894557890719 "LDA" 17 200 3.62121212121212
902.166 41.516 0 0 910.839477074307 25.3958006507117 "LDA" 17 200 3.65656565656566
946.115 41.964 0 0 937.562853295116 25.4463006784526 "LDA" 17 200 3.69191919191919
987.656 42.466 0 0 969.34750541292 25.7347454061842 "LDA" 17 200 3.72727272727273
1030.506 42.878 0 0 995.257256678378 25.8984525762804 "LDA" 17 200 3.76262626262626
1068.206 43.262 0 0 1027.53547613633 26.5620951903441 "LDA" 17 200 3.7979797979798
1103.415 43.741 0 0 1061.39080041529 26.6691800429665 "LDA" 17 200 3.83333333333333
1132.77 44.242 0 0 1091.61781982733 26.7425990248256 "LDA" 17 200 3.86868686868687
1170.196 44.525 0 0 1135.2603382571 26.8798046663085 "LDA" 17 200 3.9040404040404
1214.527 45.028 0 0 1179.43491044609 27.0955233089044 "LDA" 17 200 3.93939393939394
1259.43 45.387 0 0 1217.81517682484 27.2655210777208 "LDA" 17 200 3.97474747474747
1325.58817635271 45.758 2 0 1313.18863493149 27.2578874535139 "LDA" 17 200 4.01010101010101
1395.61823647295 46.118 2 0 1393.67818242829 27.2885459623766 "LDA" 17 200 4.04545454545454
1430.44734202608 46.555 3 0 1410.62058905665 27.5362528354934 "LDA" 17 200 4.08080808080808
1498.89869608826 46.88 3 0 1459.38260339799 27.5941848772353 "LDA" 17 200 4.11616161616162
1534.20561685055 47.305 3 0 1486.48959029546 27.7433535944858 "LDA" 17 200 4.15151515151515
1585.73567839196 47.809 5 0 1545.76359708458 27.9766547716522 "LDA" 17 200 4.18686868686869
1656.39879154079 48.21 7 0 1607.43439892687 28.0776112276713 "LDA" 17 200 4.22222222222222
1746.25075528701 48.57 7 0 1687.48782330193 28.1559559926112 "LDA" 17 200 4.25757575757576
1825.19838872105 49.175 7 0 1752.41678680467 28.3204947948553 "LDA" 17 200 4.29292929292929
1869.97482376636 49.543 7 0 1780.03954581009 28.3837239767228 "LDA" 17 200 4.32828282828283
1932.46169354839 50.08 8 0 1827.8369952695 28.525414971553 "LDA" 17 200 4.36363636363636
2000.26188068756 50.362 11 0 1883.31052553744 28.5509038405111 "LDA" 17 200 4.3989898989899
2052.09929078014 50.908 13 0 1905.41270232888 28.6969868288128 "LDA" 17 200 4.43434343434343
2125.74517766497 51.432 15 0 1961.3973949442 28.8851818365357 "LDA" 17 200 4.46969696969697
2217.28658536585 52.159 16 0 2016.60548137977 29.2356022588802 "LDA" 17 200 4.50505050505051
2261.70061099796 52.564 18 0 2051.23127439589 29.3228193005334 "LDA" 17 200 4.54040404040404
2369.77064220184 52.933 19 0 2129.88647714018 29.3461361461216 "LDA" 17 200 4.57575757575758
2417.82786885246 53.249 24 0 2158.93677561658 29.3070623383324 "LDA" 17 200 4.61111111111111
2479.80678314491 53.628 27 0 2207.67011603402 29.2988743817922 "LDA" 17 200 4.64646464646465
2521.88350515464 54.135 30 0 2233.3333081888 29.4141456950048 "LDA" 17 200 4.68181818181818
2576.06424870466 54.589 35 0 2270.32410540558 29.4972569430984 "LDA" 17 200 4.71717171717172
2634.44755970924 55.28 37 0 2288.46751918929 30.1972096636671 "LDA" 17 200 4.75252525252525
2728.00209205021 55.726 44 0 2349.147032011 30.2517121844383 "LDA" 17 200 4.78787878787879
2755.38250790306 56.173 51 0 2351.33217159348 30.4492073004409 "LDA" 17 200 4.82323232323232
2815.67902542373 56.611 56 0 2393.77753527401 30.3914678868975 "LDA" 17 200 4.85858585858586
2907.71367521368 57.042 64 0 2447.03962743787 30.3992821025818 "LDA" 17 200 4.89393939393939
2974.2130620985 57.441 66 0 2475.69375698007 30.5555258367314 "LDA" 17 200 4.92929292929293
3034.33045356371 57.782 74 0 2506.12204247189 30.5999809613476 "LDA" 17 200 4.96464646464646
3098.99020674646 58.15 81 0 2520.45854641923 30.7426513269531 "LDA" 17 200 5
103.472 28.798 0 0 89.1989667634759 17.8904237865754 "uLSIF" 17 200 1.5
109.348 29.611 0 0 95.9779488354625 18.3244499089185 "uLSIF" 17 200 1.53535353535354
115.323 30.689 0 0 98.8562857699814 19.0672451822186 "uLSIF" 17 200 1.57070707070707
119.833 31.642 0 0 102.861789108778 19.4783274754595 "uLSIF" 17 200 1.60606060606061
126.158 32.422 0 0 109.698399144084 19.805407599193 "uLSIF" 17 200 1.64141414141414
132.674 33.246 0 0 119.708687629152 20.1786685056934 "uLSIF" 17 200 1.67676767676768
138.974 34.102 0 0 126.083688161556 20.6725651758787 "uLSIF" 17 200 1.71212121212121
144.681 35.251 0 0 131.379114438752 21.1732923114783 "uLSIF" 17 200 1.74747474747475
150.04 36.146 0 0 134.957081377058 21.9322983225587 "uLSIF" 17 200 1.78282828282828
156.939 36.991 0 0 141.14025595432 22.22847327245 "uLSIF" 17 200 1.81818181818182
163.265 37.914 0 0 145.733101634158 22.7708391394589 "uLSIF" 17 200 1.85353535353535
171.008 38.763 0 0 151.442982382522 23.3232245584483 "uLSIF" 17 200 1.88888888888889
176.887 39.708 0 0 154.660823097516 23.7899284718701 "uLSIF" 17 200 1.92424242424242
185.556 40.671 0 0 163.035374681072 24.3448029038731 "uLSIF" 17 200 1.95959595959596
195.177 41.468 0 0 174.407274987509 24.5928807947704 "uLSIF" 17 200 1.99494949494949
206.354 42.496 0 0 182.497298467533 25.2160630121721 "uLSIF" 17 200 2.03030303030303
215.788 43.491 0 0 193.063306965608 25.7639612773483 "uLSIF" 17 200 2.06565656565657
229.945 44.621 0 0 212.184391959426 26.3053098884679 "uLSIF" 17 200 2.1010101010101
240.421 45.316 0 0 219.13185649177 26.3983146245175 "uLSIF" 17 200 2.13636363636364
250.353 46.063 0 0 226.050824741619 26.9583713303453 "uLSIF" 17 200 2.17171717171717
260.847 46.954 0 0 234.04358566513 27.7037069609715 "uLSIF" 17 200 2.20707070707071
266.219 48.042 0 0 237.933918533253 28.1633700293735 "uLSIF" 17 200 2.24242424242424
279.153 48.943 0 0 259.605343792314 28.6425932685773 "uLSIF" 17 200 2.27777777777778
289.576 49.97 0 0 269.104071365012 28.868260710969 "uLSIF" 17 200 2.31313131313131
301.327 51.077 0 0 281.533904548654 30.0215983479789 "uLSIF" 17 200 2.34848484848485
313.274 51.938 0 0 290.245936453256 30.2518649231966 "uLSIF" 17 200 2.38383838383838
325.916 53.425 0 0 297.266652025427 31.5966251634842 "uLSIF" 17 200 2.41919191919192
336.939 54.339 0 0 305.956825153252 32.2541844015844 "uLSIF" 17 200 2.45454545454545
355.455 55.217 0 0 326.806962541751 32.4740585002164 "uLSIF" 17 200 2.48989898989899
373.991 56.198 0 0 345.033060346008 33.1740457784894 "uLSIF" 17 200 2.52525252525253
384.092 57.145 0 0 351.380371821907 33.5102807197122 "uLSIF" 17 200 2.56060606060606
406.007 58.144 0 0 380.425854512784 34.0005485441235 "uLSIF" 17 200 2.5959595959596
424.238 59.035 0 0 397.408803517377 34.5441612153787 "uLSIF" 17 200 2.63131313131313
446.95 59.724 0 0 416.43285872494 34.7210797265491 "uLSIF" 17 200 2.66666666666667
458.286 60.938 0 0 431.306256958198 35.7683033917955 "uLSIF" 17 200 2.7020202020202
472.465 62.007 0 0 440.117216135587 36.0488345091692 "uLSIF" 17 200 2.73737373737374
501.458 62.94 0 0 468.183224568937 36.6177451416558 "uLSIF" 17 200 2.77272727272727
518.689 63.795 0 0 497.564372301297 36.9715819633522 "uLSIF" 17 200 2.80808080808081
545.23 64.588 0 0 526.59861678816 37.3709625892195 "uLSIF" 17 200 2.84343434343434
565.707 65.478 0 0 557.97354025314 37.6359134069837 "uLSIF" 17 200 2.87878787878788
578.849 66.344 0 0 571.380599941045 38.192647752445 "uLSIF" 17 200 2.91414141414141
598.339 67.158 0 0 590.078593770208 38.5944629262873 "uLSIF" 17 200 2.94949494949495
614.289 68.326 0 0 606.194127981953 39.5919340932625 "uLSIF" 17 200 2.98484848484848
634.66 69.465 0 0 626.580279969971 40.0447294329148 "uLSIF" 17 200 3.02020202020202
659.316 70.511 0 0 637.813146425937 40.4719885953342 "uLSIF" 17 200 3.05555555555556
674.314 71.408 0 0 646.670506632356 40.7368755432842 "uLSIF" 17 200 3.09090909090909
716.026 72.386 0 0 712.47610171817 40.8246697189047 "uLSIF" 17 200 3.12626262626263
741.03 73.472 0 0 734.825512372586 41.7508604743705 "uLSIF" 17 200 3.16161616161616
774.491 74.799 0 0 765.443097201911 42.3954711611391 "uLSIF" 17 200 3.1969696969697
798.457 76.01 0 0 784.089080294348 43.3577882023264 "uLSIF" 17 200 3.23232323232323
819.458 76.649 0 0 802.02342847065 43.3194687799305 "uLSIF" 17 200 3.26767676767677
841.257 77.453 0 0 820.349628185119 43.5243398474826 "uLSIF" 17 200 3.3030303030303
865.615 78.635 0 0 853.945099528072 44.6961465958814 "uLSIF" 17 200 3.33838383838384
892.786 79.546 0 0 891.672928160777 44.9282810091198 "uLSIF" 17 200 3.37373737373737
916.884 80.446 0 0 907.774276282756 45.2102095443833 "uLSIF" 17 200 3.40909090909091
944.149 81.286 0 0 933.253475133014 45.4659362089395 "uLSIF" 17 200 3.44444444444444
981.138 82.481 0 0 971.358555013749 45.9819527529984 "uLSIF" 17 200 3.47979797979798
1021.802 83.577 0 0 1002.34813542031 46.1941334908338 "uLSIF" 17 200 3.51515151515152
1050.087 84.812 0 0 1019.28597720872 46.8946240177034 "uLSIF" 17 200 3.55050505050505
1077.125 86.306 0 0 1037.77757041702 48.0394853860463 "uLSIF" 17 200 3.58585858585859
1110.482 87.308 0 0 1060.45293252369 48.7293513776418 "uLSIF" 17 200 3.62121212121212
1145.034 88.285 0 0 1086.98206003726 49.3374092849934 "uLSIF" 17 200 3.65656565656566
1183.282 89.066 0 0 1123.49408874433 49.8834040337866 "uLSIF" 17 200 3.69191919191919
1231.514 89.779 0 0 1161.1548709963 49.9314661341955 "uLSIF" 17 200 3.72727272727273
1267.22122122122 90.556 1 0 1187.57719551224 50.1781297848845 "uLSIF" 17 200 3.76262626262626
1317.71171171171 91.356 1 0 1238.57703317444 50.1721487332216 "uLSIF" 17 200 3.7979797979798
1347.62725450902 92.169 2 0 1292.65018502347 50.1521652441714 "uLSIF" 17 200 3.83333333333333
1381.58676028084 93.298 3 0 1322.65217682833 50.6773459189547 "uLSIF" 17 200 3.86868686868687
1452.52056168506 94.091 3 0 1397.50997755937 50.7170083298881 "uLSIF" 17 200 3.9040404040404
1488.84939759036 94.908 4 0 1409.75029451106 50.9056865676608 "uLSIF" 17 200 3.93939393939394
1545.5291750503 95.657 6 0 1480.60020206755 51.0341830427297 "uLSIF" 17 200 3.97474747474747
1620.28672032193 96.78 6 0 1575.15458257204 51.4110367012249 "uLSIF" 17 200 4.01010101010101
1658.50301810865 97.507 6 0 1592.30713702517 51.4861804543489 "uLSIF" 17 200 4.04545454545454
1719.84104627767 98.613 6 0 1645.90585253629 51.6903387696591 "uLSIF" 17 200 4.08080808080808
1777.02517623364 99.347 7 0 1684.55225707759 52.0926889231036 "uLSIF" 17 200 4.11616161616162
1833.22401614531 100.183 9 0 1719.58308144983 52.0588862600674 "uLSIF" 17 200 4.15151515151515
1883.72653884965 101.06 9 0 1754.55886852601 52.0291786926859 "uLSIF" 17 200 4.18686868686869
1937.39757820383 101.89 9 0 1789.48380214394 52.3207163306979 "uLSIF" 17 200 4.22222222222222
1981.94135490394 102.912 11 0 1797.86143331442 52.7895727866308 "uLSIF" 17 200 4.25757575757576
2041.76315789474 104.56 12 0 1834.38052083442 53.8222931436337 "uLSIF" 17 200 4.29292929292929
2102.8883248731 105.644 15 0 1882.01480313607 54.0805692644962 "uLSIF" 17 200 4.32828282828283
2159.98680203046 106.55 15 0 1933.38499146759 54.5022935297222 "uLSIF" 17 200 4.36363636363636
2214.70498474059 107.441 17 0 1965.99039277569 54.783224811257 "uLSIF" 17 200 4.3989898989899
2264.3482688391 108.975 18 0 1984.47369392691 55.573760155471 "uLSIF" 17 200 4.43434343434343
2342.66598569969 110.092 21 0 2034.48616782039 56.2326920185372 "uLSIF" 17 200 4.46969696969697
2393.85948717949 111.43 25 0 2065.28675133652 57.6045952107068 "uLSIF" 17 200 4.50505050505051
2426.62757201646 112.455 28 0 2080.13340081136 58.0241223438474 "uLSIF" 17 200 4.54040404040404
2467.77352637022 113.507 33 0 2105.66042747167 58.5711749372807 "uLSIF" 17 200 4.57575757575758
2494.44041450777 114.244 35 0 2112.4801218893 58.7864636826567 "uLSIF" 17 200 4.61111111111111
2539.16579770594 114.977 41 0 2144.81709870269 58.9586345804547 "uLSIF" 17 200 4.64646464646465
2590.36924686192 115.993 44 0 2185.65821699653 59.2944245252434 "uLSIF" 17 200 4.68181818181818
2621.06940063091 116.95 49 0 2194.73930004875 59.8529521066077 "uLSIF" 17 200 4.71717171717172
2726.41058201058 117.992 55 0 2247.91156718207 60.0610461552683 "uLSIF" 17 200 4.75252525252525
2776.71656050955 118.94 58 0 2259.21431692051 60.3635167477356 "uLSIF" 17 200 4.78787878787879
2826.37017167382 120.232 68 0 2271.86206987668 61.2073730731725 "uLSIF" 17 200 4.82323232323232
2856.71952535059 121.596 73 0 2285.89037836397 61.5623643853021 "uLSIF" 17 200 4.85858585858586
2934.82244008715 122.38 82 0 2336.03638438228 61.8131091311581 "uLSIF" 17 200 4.89393939393939
2985.29978118162 123.153 86 0 2369.71367195105 61.9429295199825 "uLSIF" 17 200 4.92929292929293
3043.49450549451 124.158 90 0 2396.75011754091 62.1814407003212 "uLSIF" 17 200 4.96464646464646
3108.06637168142 125.098 96 0 2407.48131346012 62.2913686686254 "uLSIF" 17 200 5
