125.02 15.315 0 0 "KDE LDA" 66 1500 2.5
125.02 15.385 0 0 "KDE LDA" 66 1500 2.51010101010101
131.41 15.51 0 0 "KDE LDA" 66 1500 2.52020202020202
136.09 15.55 0 0 "KDE LDA" 66 1500 2.53030303030303
139.655 15.755 0 0 "KDE LDA" 66 1500 2.54040404040404
139.755 15.825 0 0 "KDE LDA" 66 1500 2.55050505050505
142.715 15.865 0 0 "KDE LDA" 66 1500 2.56060606060606
144.64 15.895 0 0 "KDE LDA" 66 1500 2.57070707070707
144.655 15.975 0 0 "KDE LDA" 66 1500 2.58080808080808
145.335 16.04 0 0 "KDE LDA" 66 1500 2.59090909090909
145.335 16.06 0 0 "KDE LDA" 66 1500 2.6010101010101
147.525 16.07 0 0 "KDE LDA" 66 1500 2.61111111111111
149.78 16.085 0 0 "KDE LDA" 66 1500 2.62121212121212
153.18 16.16 0 0 "KDE LDA" 66 1500 2.63131313131313
154.225 16.19 0 0 "KDE LDA" 66 1500 2.64141414141414
155.715 16.22 0 0 "KDE LDA" 66 1500 2.65151515151515
162.415 16.295 0 0 "KDE LDA" 66 1500 2.66161616161616
174.29 16.63 0 0 "KDE LDA" 66 1500 2.67171717171717
174.535 16.665 0 0 "KDE LDA" 66 1500 2.68181818181818
177.435 16.72 0 0 "KDE LDA" 66 1500 2.69191919191919
178.495 16.865 0 0 "KDE LDA" 66 1500 2.7020202020202
180.47 16.875 0 0 "KDE LDA" 66 1500 2.71212121212121
182.885 16.935 0 0 "KDE LDA" 66 1500 2.72222222222222
185.56 17.125 0 0 "KDE LDA" 66 1500 2.73232323232323
186.94 17.165 0 0 "KDE LDA" 66 1500 2.74242424242424
186.97 17.335 0 0 "KDE LDA" 66 1500 2.75252525252525
186.99 17.39 0 0 "KDE LDA" 66 1500 2.76262626262626
189.305 17.61 0 0 "KDE LDA" 66 1500 2.77272727272727
193.995 17.635 0 0 "KDE LDA" 66 1500 2.78282828282828
202.73 17.83 0 0 "KDE LDA" 66 1500 2.79292929292929
246.155 18.295 0 0 "KDE LDA" 66 1500 2.8030303030303
246.17 18.315 0 0 "KDE LDA" 66 1500 2.81313131313131
247.205 18.465 0 0 "KDE LDA" 66 1500 2.82323232323232
252.255 18.48 0 0 "KDE LDA" 66 1500 2.83333333333333
253.84 18.48 0 0 "KDE LDA" 66 1500 2.84343434343434
253.865 18.49 0 0 "KDE LDA" 66 1500 2.85353535353535
253.875 18.525 0 0 "KDE LDA" 66 1500 2.86363636363636
255.65 18.55 0 0 "KDE LDA" 66 1500 2.87373737373737
256.12 18.63 0 0 "KDE LDA" 66 1500 2.88383838383838
256.12 18.645 0 0 "KDE LDA" 66 1500 2.89393939393939
256.685 18.655 0 0 "KDE LDA" 66 1500 2.9040404040404
264.28 18.66 0 0 "KDE LDA" 66 1500 2.91414141414141
269.605 18.67 0 0 "KDE LDA" 66 1500 2.92424242424242
269.7 18.735 0 0 "KDE LDA" 66 1500 2.93434343434343
269.84 18.8 0 0 "KDE LDA" 66 1500 2.94444444444444
270.14 18.9 0 0 "KDE LDA" 66 1500 2.95454545454545
277.115 18.955 0 0 "KDE LDA" 66 1500 2.96464646464646
277.115 19.02 0 0 "KDE LDA" 66 1500 2.97474747474747
278.48 19.17 0 0 "KDE LDA" 66 1500 2.98484848484848
278.51 19.17 0 0 "KDE LDA" 66 1500 2.99494949494949
279.71 19.185 0 0 "KDE LDA" 66 1500 3.00505050505051
284.33 19.215 0 0 "KDE LDA" 66 1500 3.01515151515152
285.56 19.215 0 0 "KDE LDA" 66 1500 3.02525252525253
286.665 19.225 0 0 "KDE LDA" 66 1500 3.03535353535354
286.7 19.26 0 0 "KDE LDA" 66 1500 3.04545454545455
290.095 19.27 0 0 "KDE LDA" 66 1500 3.05555555555556
291.225 19.33 0 0 "KDE LDA" 66 1500 3.06565656565657
304.145 19.41 0 0 "KDE LDA" 66 1500 3.07575757575758
310.33 19.445 0 0 "KDE LDA" 66 1500 3.08585858585859
317.285 19.67 0 0 "KDE LDA" 66 1500 3.0959595959596
319.625 19.745 0 0 "KDE LDA" 66 1500 3.10606060606061
320.05 19.865 0 0 "KDE LDA" 66 1500 3.11616161616162
321.595 19.91 0 0 "KDE LDA" 66 1500 3.12626262626263
321.93 19.98 0 0 "KDE LDA" 66 1500 3.13636363636364
321.97 19.995 0 0 "KDE LDA" 66 1500 3.14646464646465
322.215 20.07 0 0 "KDE LDA" 66 1500 3.15656565656566
325.94 20.11 0 0 "KDE LDA" 66 1500 3.16666666666667
328.155 20.12 0 0 "KDE LDA" 66 1500 3.17676767676768
328.775 20.205 0 0 "KDE LDA" 66 1500 3.18686868686869
328.795 20.325 0 0 "KDE LDA" 66 1500 3.1969696969697
344.515 20.37 0 0 "KDE LDA" 66 1500 3.20707070707071
346.01 20.815 0 0 "KDE LDA" 66 1500 3.21717171717172
364.91 20.935 0 0 "KDE LDA" 66 1500 3.22727272727273
368.725 21.06 0 0 "KDE LDA" 66 1500 3.23737373737374
370.09 21.26 0 0 "KDE LDA" 66 1500 3.24747474747475
383.355 21.27 0 0 "KDE LDA" 66 1500 3.25757575757576
392.825 21.305 0 0 "KDE LDA" 66 1500 3.26767676767677
394.78 21.32 0 0 "KDE LDA" 66 1500 3.27777777777778
396.365 21.325 0 0 "KDE LDA" 66 1500 3.28787878787879
399.45 21.345 0 0 "KDE LDA" 66 1500 3.2979797979798
402.75 21.35 0 0 "KDE LDA" 66 1500 3.30808080808081
406.8 21.43 0 0 "KDE LDA" 66 1500 3.31818181818182
410.825 21.45 0 0 "KDE LDA" 66 1500 3.32828282828283
414.04 21.455 0 0 "KDE LDA" 66 1500 3.33838383838384
421.455 21.475 0 0 "KDE LDA" 66 1500 3.34848484848485
483.295 21.8 0 0 "KDE LDA" 66 1500 3.35858585858586
485.995 21.86 0 0 "KDE LDA" 66 1500 3.36868686868687
493.48 21.865 0 0 "KDE LDA" 66 1500 3.37878787878788
495.85 21.885 0 0 "KDE LDA" 66 1500 3.38888888888889
503.745 21.93 0 0 "KDE LDA" 66 1500 3.3989898989899
515.745 21.945 0 0 "KDE LDA" 66 1500 3.40909090909091
515.75 21.965 0 0 "KDE LDA" 66 1500 3.41919191919192
516.835 22.015 0 0 "KDE LDA" 66 1500 3.42929292929293
517.37 22.24 0 0 "KDE LDA" 66 1500 3.43939393939394
518.215 22.34 0 0 "KDE LDA" 66 1500 3.44949494949495
522.665 22.36 0 0 "KDE LDA" 66 1500 3.45959595959596
523.655 22.39 0 0 "KDE LDA" 66 1500 3.46969696969697
523.705 22.395 0 0 "KDE LDA" 66 1500 3.47979797979798
531.41 22.485 0 0 "KDE LDA" 66 1500 3.48989898989899
548.57 22.59 0 0 "KDE LDA" 66 1500 3.5
92.71 12.705 0 0 "KDE QDA" 66 1500 2.8
92.76 12.705 0 0 "KDE QDA" 66 1500 2.81010101010101
93.335 12.71 0 0 "KDE QDA" 66 1500 2.82020202020202
93.91 12.785 0 0 "KDE QDA" 66 1500 2.83030303030303
94.06 12.785 0 0 "KDE QDA" 66 1500 2.84040404040404
94.08 12.815 0 0 "KDE QDA" 66 1500 2.85050505050505
94.66 12.815 0 0 "KDE QDA" 66 1500 2.86060606060606
94.735 12.815 0 0 "KDE QDA" 66 1500 2.87070707070707
94.855 12.825 0 0 "KDE QDA" 66 1500 2.88080808080808
94.86 12.83 0 0 "KDE QDA" 66 1500 2.89090909090909
95.495 12.83 0 0 "KDE QDA" 66 1500 2.9010101010101
95.5 12.83 0 0 "KDE QDA" 66 1500 2.91111111111111
96.205 12.96 0 0 "KDE QDA" 66 1500 2.92121212121212
96.21 12.98 0 0 "KDE QDA" 66 1500 2.93131313131313
96.35 12.985 0 0 "KDE QDA" 66 1500 2.94141414141414
96.645 12.985 0 0 "KDE QDA" 66 1500 2.95151515151515
99.97 13.045 0 0 "KDE QDA" 66 1500 2.96161616161616
100.24 13.135 0 0 "KDE QDA" 66 1500 2.97171717171717
100.51 13.135 0 0 "KDE QDA" 66 1500 2.98181818181818
103.515 13.145 0 0 "KDE QDA" 66 1500 2.99191919191919
103.53 13.145 0 0 "KDE QDA" 66 1500 3.0020202020202
103.535 13.145 0 0 "KDE QDA" 66 1500 3.01212121212121
103.54 13.145 0 0 "KDE QDA" 66 1500 3.02222222222222
103.545 13.15 0 0 "KDE QDA" 66 1500 3.03232323232323
104.58 13.155 0 0 "KDE QDA" 66 1500 3.04242424242424
104.58 13.155 0 0 "KDE QDA" 66 1500 3.05252525252525
104.58 13.16 0 0 "KDE QDA" 66 1500 3.06262626262626
104.595 13.16 0 0 "KDE QDA" 66 1500 3.07272727272727
104.6 13.17 0 0 "KDE QDA" 66 1500 3.08282828282828
107.69 13.455 0 0 "KDE QDA" 66 1500 3.09292929292929
110.19 13.505 0 0 "KDE QDA" 66 1500 3.1030303030303
111.135 13.535 0 0 "KDE QDA" 66 1500 3.11313131313131
112.235 13.59 0 0 "KDE QDA" 66 1500 3.12323232323232
112.24 13.62 0 0 "KDE QDA" 66 1500 3.13333333333333
113.465 13.63 0 0 "KDE QDA" 66 1500 3.14343434343434
114.08 13.64 0 0 "KDE QDA" 66 1500 3.15353535353535
114.1 13.645 0 0 "KDE QDA" 66 1500 3.16363636363636
114.13 13.65 0 0 "KDE QDA" 66 1500 3.17373737373737
114.22 13.65 0 0 "KDE QDA" 66 1500 3.18383838383838
114.23 13.65 0 0 "KDE QDA" 66 1500 3.19393939393939
117.58 13.65 0 0 "KDE QDA" 66 1500 3.2040404040404
117.625 13.69 0 0 "KDE QDA" 66 1500 3.21414141414141
126.26 14.08 0 0 "KDE QDA" 66 1500 3.22424242424242
127.735 14.245 0 0 "KDE QDA" 66 1500 3.23434343434343
127.98 14.25 0 0 "KDE QDA" 66 1500 3.24444444444444
129.335 14.28 0 0 "KDE QDA" 66 1500 3.25454545454545
129.795 14.34 0 0 "KDE QDA" 66 1500 3.26464646464646
130.05 14.355 0 0 "KDE QDA" 66 1500 3.27474747474747
130.645 14.365 0 0 "KDE QDA" 66 1500 3.28484848484848
130.805 14.365 0 0 "KDE QDA" 66 1500 3.29494949494949
130.82 14.375 0 0 "KDE QDA" 66 1500 3.30505050505051
130.865 14.375 0 0 "KDE QDA" 66 1500 3.31515151515151
130.865 14.375 0 0 "KDE QDA" 66 1500 3.32525252525252
130.91 14.375 0 0 "KDE QDA" 66 1500 3.33535353535354
131.12 14.39 0 0 "KDE QDA" 66 1500 3.34545454545455
131.485 14.405 0 0 "KDE QDA" 66 1500 3.35555555555556
151.705 15.19 0 0 "KDE QDA" 66 1500 3.36565656565657
152.62 15.19 0 0 "KDE QDA" 66 1500 3.37575757575758
154.945 15.28 0 0 "KDE QDA" 66 1500 3.38585858585859
157.495 15.285 0 0 "KDE QDA" 66 1500 3.3959595959596
157.975 15.31 0 0 "KDE QDA" 66 1500 3.40606060606061
160.7 15.31 0 0 "KDE QDA" 66 1500 3.41616161616162
160.755 15.315 0 0 "KDE QDA" 66 1500 3.42626262626263
161.13 15.325 0 0 "KDE QDA" 66 1500 3.43636363636364
161.13 15.345 0 0 "KDE QDA" 66 1500 3.44646464646465
161.165 15.345 0 0 "KDE QDA" 66 1500 3.45656565656566
161.345 15.345 0 0 "KDE QDA" 66 1500 3.46666666666667
161.375 15.345 0 0 "KDE QDA" 66 1500 3.47676767676768
161.505 15.35 0 0 "KDE QDA" 66 1500 3.48686868686869
162.895 15.35 0 0 "KDE QDA" 66 1500 3.4969696969697
164.435 15.38 0 0 "KDE QDA" 66 1500 3.50707070707071
167.035 15.45 0 0 "KDE QDA" 66 1500 3.51717171717172
168.88 15.46 0 0 "KDE QDA" 66 1500 3.52727272727273
170.705 15.47 0 0 "KDE QDA" 66 1500 3.53737373737374
174.89 15.485 0 0 "KDE QDA" 66 1500 3.54747474747475
174.895 15.53 0 0 "KDE QDA" 66 1500 3.55757575757576
176.225 15.535 0 0 "KDE QDA" 66 1500 3.56767676767677
176.385 15.535 0 0 "KDE QDA" 66 1500 3.57777777777778
177.72 15.535 0 0 "KDE QDA" 66 1500 3.58787878787879
177.755 15.545 0 0 "KDE QDA" 66 1500 3.5979797979798
179.685 15.545 0 0 "KDE QDA" 66 1500 3.60808080808081
179.685 15.55 0 0 "KDE QDA" 66 1500 3.61818181818182
179.69 15.55 0 0 "KDE QDA" 66 1500 3.62828282828283
180.025 15.57 0 0 "KDE QDA" 66 1500 3.63838383838384
181.28 15.59 0 0 "KDE QDA" 66 1500 3.64848484848485
192.065 15.84 0 0 "KDE QDA" 66 1500 3.65858585858586
192.13 15.85 0 0 "KDE QDA" 66 1500 3.66868686868687
192.635 15.88 0 0 "KDE QDA" 66 1500 3.67878787878788
197.355 15.88 0 0 "KDE QDA" 66 1500 3.68888888888889
197.355 15.89 0 0 "KDE QDA" 66 1500 3.6989898989899
200.61 15.92 0 0 "KDE QDA" 66 1500 3.70909090909091
201.46 15.935 0 0 "KDE QDA" 66 1500 3.71919191919192
203.495 15.94 0 0 "KDE QDA" 66 1500 3.72929292929293
203.5 15.94 0 0 "KDE QDA" 66 1500 3.73939393939394
203.505 15.94 0 0 "KDE QDA" 66 1500 3.74949494949495
206.735 15.94 0 0 "KDE QDA" 66 1500 3.75959595959596
213.43 15.945 0 0 "KDE QDA" 66 1500 3.76969696969697
215.215 15.97 0 0 "KDE QDA" 66 1500 3.77979797979798
219.255 16.395 0 0 "KDE QDA" 66 1500 3.78989898989899
219.285 16.405 0 0 "KDE QDA" 66 1500 3.8
