117.565 14.175 0 0 "KDE LDA" 51 2000 2.5
117.57 14.21 0 0 "KDE LDA" 51 2000 2.51010101010101
118.795 14.32 0 0 "KDE LDA" 51 2000 2.52020202020202
122.575 14.415 0 0 "KDE LDA" 51 2000 2.53030303030303
124.725 14.645 0 0 "KDE LDA" 51 2000 2.54040404040404
125.175 14.655 0 0 "KDE LDA" 51 2000 2.55050505050505
126.425 14.73 0 0 "KDE LDA" 51 2000 2.56060606060606
126.43 14.76 0 0 "KDE LDA" 51 2000 2.57070707070707
126.435 14.8 0 0 "KDE LDA" 51 2000 2.58080808080808
127.055 14.82 0 0 "KDE LDA" 51 2000 2.59090909090909
128.38 14.83 0 0 "KDE LDA" 51 2000 2.6010101010101
130.075 14.845 0 0 "KDE LDA" 51 2000 2.61111111111111
132.135 14.85 0 0 "KDE LDA" 51 2000 2.62121212121212
136.44 14.875 0 0 "KDE LDA" 51 2000 2.63131313131313
138.02 14.885 0 0 "KDE LDA" 51 2000 2.64141414141414
138.65 15.005 0 0 "KDE LDA" 51 2000 2.65151515151515
147.885 15.3 0 0 "KDE LDA" 51 2000 2.66161616161616
159.49 15.38 0 0 "KDE LDA" 51 2000 2.67171717171717
161.855 15.4 0 0 "KDE LDA" 51 2000 2.68181818181818
164.93 15.43 0 0 "KDE LDA" 51 2000 2.69191919191919
164.985 15.48 0 0 "KDE LDA" 51 2000 2.7020202020202
172.63 15.485 0 0 "KDE LDA" 51 2000 2.71212121212121
174.835 15.525 0 0 "KDE LDA" 51 2000 2.72222222222222
174.865 15.545 0 0 "KDE LDA" 51 2000 2.73232323232323
177.49 15.575 0 0 "KDE LDA" 51 2000 2.74242424242424
181.7 15.62 0 0 "KDE LDA" 51 2000 2.75252525252525
185.325 15.835 0 0 "KDE LDA" 51 2000 2.76262626262626
185.895 15.97 0 0 "KDE LDA" 51 2000 2.77272727272727
188.955 16 0 0 "KDE LDA" 51 2000 2.78282828282828
193.75 16.15 0 0 "KDE LDA" 51 2000 2.79292929292929
216.02 16.965 0 0 "KDE LDA" 51 2000 2.8030303030303
216.09 17.105 0 0 "KDE LDA" 51 2000 2.81313131313131
222.99 17.145 0 0 "KDE LDA" 51 2000 2.82323232323232
229.035 17.15 0 0 "KDE LDA" 51 2000 2.83333333333333
229.055 17.27 0 0 "KDE LDA" 51 2000 2.84343434343434
231.76 17.295 0 0 "KDE LDA" 51 2000 2.85353535353535
232.02 17.3 0 0 "KDE LDA" 51 2000 2.86363636363636
232.845 17.305 0 0 "KDE LDA" 51 2000 2.87373737373737
236.525 17.42 0 0 "KDE LDA" 51 2000 2.88383838383838
238.53 17.45 0 0 "KDE LDA" 51 2000 2.89393939393939
238.535 17.495 0 0 "KDE LDA" 51 2000 2.9040404040404
241.455 17.5 0 0 "KDE LDA" 51 2000 2.91414141414141
241.455 17.555 0 0 "KDE LDA" 51 2000 2.92424242424242
248.16 17.595 0 0 "KDE LDA" 51 2000 2.93434343434343
250.64 17.605 0 0 "KDE LDA" 51 2000 2.94444444444444
255.615 17.645 0 0 "KDE LDA" 51 2000 2.95454545454545
259.415 17.74 0 0 "KDE LDA" 51 2000 2.96464646464646
260.2 17.75 0 0 "KDE LDA" 51 2000 2.97474747474747
260.22 17.77 0 0 "KDE LDA" 51 2000 2.98484848484848
266.09 17.795 0 0 "KDE LDA" 51 2000 2.99494949494949
271.295 17.96 0 0 "KDE LDA" 51 2000 3.00505050505051
275.63 17.98 0 0 "KDE LDA" 51 2000 3.01515151515152
291.8 18.055 0 0 "KDE LDA" 51 2000 3.02525252525253
296.17 18.175 0 0 "KDE LDA" 51 2000 3.03535353535354
298.705 18.22 0 0 "KDE LDA" 51 2000 3.04545454545455
298.945 18.235 0 0 "KDE LDA" 51 2000 3.05555555555556
302.09 18.525 0 0 "KDE LDA" 51 2000 3.06565656565657
309.055 18.625 0 0 "KDE LDA" 51 2000 3.07575757575758
317.93 18.98 0 0 "KDE LDA" 51 2000 3.08585858585859
334.59 19.08 0 0 "KDE LDA" 51 2000 3.0959595959596
335.285 19.1 0 0 "KDE LDA" 51 2000 3.10606060606061
336.49 19.12 0 0 "KDE LDA" 51 2000 3.11616161616162
337.89 19.13 0 0 "KDE LDA" 51 2000 3.12626262626263
347.12 19.315 0 0 "KDE LDA" 51 2000 3.13636363636364
353.18 19.395 0 0 "KDE LDA" 51 2000 3.14646464646465
361.28 19.42 0 0 "KDE LDA" 51 2000 3.15656565656566
363.855 19.475 0 0 "KDE LDA" 51 2000 3.16666666666667
364.09 19.57 0 0 "KDE LDA" 51 2000 3.17676767676768
367.445 19.585 0 0 "KDE LDA" 51 2000 3.18686868686869
370.45 19.63 0 0 "KDE LDA" 51 2000 3.1969696969697
375.745 19.66 0 0 "KDE LDA" 51 2000 3.20707070707071
387.785 19.82 0 0 "KDE LDA" 51 2000 3.21717171717172
418.115 20.195 0 0 "KDE LDA" 51 2000 3.22727272727273
424.015 20.465 0 0 "KDE LDA" 51 2000 3.23737373737374
424.48 20.585 0 0 "KDE LDA" 51 2000 3.24747474747475
436.43 20.745 0 0 "KDE LDA" 51 2000 3.25757575757576
437.505 20.79 0 0 "KDE LDA" 51 2000 3.26767676767677
439.79 20.82 0 0 "KDE LDA" 51 2000 3.27777777777778
442.65 21.07 0 0 "KDE LDA" 51 2000 3.28787878787879
442.805 21.29 0 0 "KDE LDA" 51 2000 3.2979797979798
442.92 21.34 0 0 "KDE LDA" 51 2000 3.30808080808081
449.4 21.365 0 0 "KDE LDA" 51 2000 3.31818181818182
449.41 21.37 0 0 "KDE LDA" 51 2000 3.32828282828283
453.245 21.415 0 0 "KDE LDA" 51 2000 3.33838383838384
464.11 21.53 0 0 "KDE LDA" 51 2000 3.34848484848485
513.875 22.23 0 0 "KDE LDA" 51 2000 3.35858585858586
516.54 22.24 0 0 "KDE LDA" 51 2000 3.36868686868687
519.33 22.32 0 0 "KDE LDA" 51 2000 3.37878787878788
520.16 22.455 0 0 "KDE LDA" 51 2000 3.38888888888889
530.145 22.485 0 0 "KDE LDA" 51 2000 3.3989898989899
536.265 22.535 0 0 "KDE LDA" 51 2000 3.40909090909091
548.75 22.54 0 0 "KDE LDA" 51 2000 3.41919191919192
551.335 22.62 0 0 "KDE LDA" 51 2000 3.42929292929293
556.455 22.65 0 0 "KDE LDA" 51 2000 3.43939393939394
560.805 22.67 0 0 "KDE LDA" 51 2000 3.44949494949495
564.435 22.725 0 0 "KDE LDA" 51 2000 3.45959595959596
564.48 22.955 0 0 "KDE LDA" 51 2000 3.46969696969697
576.655 22.955 0 0 "KDE LDA" 51 2000 3.47979797979798
579.685 22.99 0 0 "KDE LDA" 51 2000 3.48989898989899
586 23.005 0 0 "KDE LDA" 51 2000 3.5
98.835 11.52 0 0 "KDE QDA" 51 2000 2.7
98.84 11.52 0 0 "KDE QDA" 51 2000 2.71010101010101
99.68 11.545 0 0 "KDE QDA" 51 2000 2.72020202020202
99.68 11.545 0 0 "KDE QDA" 51 2000 2.73030303030303
101.01 11.545 0 0 "KDE QDA" 51 2000 2.74040404040404
101.015 11.55 0 0 "KDE QDA" 51 2000 2.75050505050505
101.68 11.55 0 0 "KDE QDA" 51 2000 2.76060606060606
102.145 11.55 0 0 "KDE QDA" 51 2000 2.77070707070707
102.21 11.555 0 0 "KDE QDA" 51 2000 2.78080808080808
102.23 11.565 0 0 "KDE QDA" 51 2000 2.79090909090909
118.71 12.6 0 0 "KDE QDA" 51 2000 2.8010101010101
120.73 12.6 0 0 "KDE QDA" 51 2000 2.81111111111111
120.73 12.605 0 0 "KDE QDA" 51 2000 2.82121212121212
124.66 12.75 0 0 "KDE QDA" 51 2000 2.83131313131313
124.665 12.77 0 0 "KDE QDA" 51 2000 2.84141414141414
127.795 12.855 0 0 "KDE QDA" 51 2000 2.85151515151515
130.775 12.86 0 0 "KDE QDA" 51 2000 2.86161616161616
130.81 12.86 0 0 "KDE QDA" 51 2000 2.87171717171717
131.49 12.86 0 0 "KDE QDA" 51 2000 2.88181818181818
131.77 12.86 0 0 "KDE QDA" 51 2000 2.89191919191919
131.87 12.86 0 0 "KDE QDA" 51 2000 2.9020202020202
133.165 12.865 0 0 "KDE QDA" 51 2000 2.91212121212121
133.245 12.865 0 0 "KDE QDA" 51 2000 2.92222222222222
133.255 12.865 0 0 "KDE QDA" 51 2000 2.93232323232323
133.26 12.87 0 0 "KDE QDA" 51 2000 2.94242424242424
133.265 12.875 0 0 "KDE QDA" 51 2000 2.95252525252525
136.165 13.145 0 0 "KDE QDA" 51 2000 2.96262626262626
137.15 13.15 0 0 "KDE QDA" 51 2000 2.97272727272727
137.15 13.195 0 0 "KDE QDA" 51 2000 2.98282828282828
137.28 13.235 0 0 "KDE QDA" 51 2000 2.99292929292929
138.2 13.245 0 0 "KDE QDA" 51 2000 3.0030303030303
140.205 13.25 0 0 "KDE QDA" 51 2000 3.01313131313131
140.205 13.255 0 0 "KDE QDA" 51 2000 3.02323232323232
140.49 13.255 0 0 "KDE QDA" 51 2000 3.03333333333333
140.49 13.26 0 0 "KDE QDA" 51 2000 3.04343434343434
140.995 13.27 0 0 "KDE QDA" 51 2000 3.05353535353535
141.015 13.27 0 0 "KDE QDA" 51 2000 3.06363636363636
141.035 13.275 0 0 "KDE QDA" 51 2000 3.07373737373737
141.67 13.31 0 0 "KDE QDA" 51 2000 3.08383838383838
147.13 13.545 0 0 "KDE QDA" 51 2000 3.09393939393939
147.135 13.545 0 0 "KDE QDA" 51 2000 3.1040404040404
147.145 13.59 0 0 "KDE QDA" 51 2000 3.11414141414141
147.15 13.595 0 0 "KDE QDA" 51 2000 3.12424242424242
148.18 13.6 0 0 "KDE QDA" 51 2000 3.13434343434343
149.4 13.64 0 0 "KDE QDA" 51 2000 3.14444444444444
150.375 13.675 0 0 "KDE QDA" 51 2000 3.15454545454545
151.775 13.68 0 0 "KDE QDA" 51 2000 3.16464646464646
151.825 13.68 0 0 "KDE QDA" 51 2000 3.17474747474748
152.845 13.685 0 0 "KDE QDA" 51 2000 3.18484848484849
152.865 13.685 0 0 "KDE QDA" 51 2000 3.19494949494949
152.885 13.71 0 0 "KDE QDA" 51 2000 3.20505050505051
152.945 13.73 0 0 "KDE QDA" 51 2000 3.21515151515152
169.735 14.35 0 0 "KDE QDA" 51 2000 3.22525252525253
169.76 14.37 0 0 "KDE QDA" 51 2000 3.23535353535354
170.795 14.385 0 0 "KDE QDA" 51 2000 3.24545454545455
173.16 14.595 0 0 "KDE QDA" 51 2000 3.25555555555556
175.985 14.6 0 0 "KDE QDA" 51 2000 3.26565656565657
176 14.615 0 0 "KDE QDA" 51 2000 3.27575757575758
176.015 14.62 0 0 "KDE QDA" 51 2000 3.28585858585859
176.02 14.625 0 0 "KDE QDA" 51 2000 3.2959595959596
176.025 14.625 0 0 "KDE QDA" 51 2000 3.30606060606061
176.09 14.645 0 0 "KDE QDA" 51 2000 3.31616161616162
177.545 14.65 0 0 "KDE QDA" 51 2000 3.32626262626263
179.28 14.65 0 0 "KDE QDA" 51 2000 3.33636363636364
179.69 14.66 0 0 "KDE QDA" 51 2000 3.34646464646465
179.72 14.665 0 0 "KDE QDA" 51 2000 3.35656565656566
198.64 15.445 0 0 "KDE QDA" 51 2000 3.36666666666667
198.645 15.445 0 0 "KDE QDA" 51 2000 3.37676767676768
202.865 15.625 0 0 "KDE QDA" 51 2000 3.38686868686869
202.925 15.625 0 0 "KDE QDA" 51 2000 3.3969696969697
202.925 15.635 0 0 "KDE QDA" 51 2000 3.40707070707071
203.695 15.695 0 0 "KDE QDA" 51 2000 3.41717171717172
207.385 15.695 0 0 "KDE QDA" 51 2000 3.42727272727273
208.505 15.7 0 0 "KDE QDA" 51 2000 3.43737373737374
208.515 15.72 0 0 "KDE QDA" 51 2000 3.44747474747475
209.685 15.72 0 0 "KDE QDA" 51 2000 3.45757575757576
210.39 15.725 0 0 "KDE QDA" 51 2000 3.46767676767677
210.425 15.725 0 0 "KDE QDA" 51 2000 3.47777777777778
211.415 15.725 0 0 "KDE QDA" 51 2000 3.48787878787879
212.49 15.735 0 0 "KDE QDA" 51 2000 3.4979797979798
212.5 15.74 0 0 "KDE QDA" 51 2000 3.50808080808081
228.11 15.96 0 0 "KDE QDA" 51 2000 3.51818181818182
229.475 16 0 0 "KDE QDA" 51 2000 3.52828282828283
229.48 16 0 0 "KDE QDA" 51 2000 3.53838383838384
229.515 16.02 0 0 "KDE QDA" 51 2000 3.54848484848485
229.56 16.025 0 0 "KDE QDA" 51 2000 3.55858585858586
232.415 16.035 0 0 "KDE QDA" 51 2000 3.56868686868687
232.42 16.04 0 0 "KDE QDA" 51 2000 3.57878787878788
232.42 16.055 0 0 "KDE QDA" 51 2000 3.58888888888889
234.395 16.08 0 0 "KDE QDA" 51 2000 3.5989898989899
234.405 16.1 0 0 "KDE QDA" 51 2000 3.60909090909091
234.77 16.105 0 0 "KDE QDA" 51 2000 3.61919191919192
236.64 16.13 0 0 "KDE QDA" 51 2000 3.62929292929293
236.72 16.135 0 0 "KDE QDA" 51 2000 3.63939393939394
238.57 16.14 0 0 "KDE QDA" 51 2000 3.64949494949495
242.9 16.335 0 0 "KDE QDA" 51 2000 3.65959595959596
242.905 16.335 0 0 "KDE QDA" 51 2000 3.66969696969697
249.445 16.405 0 0 "KDE QDA" 51 2000 3.67979797979798
249.45 16.42 0 0 "KDE QDA" 51 2000 3.68989898989899
249.455 16.42 0 0 "KDE QDA" 51 2000 3.7
