129.95 15.015 0 0 "KDE LDA" 30 1000 2.5
129.95 15.08 0 0 "KDE LDA" 30 1000 2.51010101010101
133.195 15.135 0 0 "KDE LDA" 30 1000 2.52020202020202
138.425 15.17 0 0 "KDE LDA" 30 1000 2.53030303030303
141.67 15.285 0 0 "KDE LDA" 30 1000 2.54040404040404
141.675 15.295 0 0 "KDE LDA" 30 1000 2.55050505050505
142.535 15.31 0 0 "KDE LDA" 30 1000 2.56060606060606
145.29 15.31 0 0 "KDE LDA" 30 1000 2.57070707070707
145.905 15.315 0 0 "KDE LDA" 30 1000 2.58080808080808
145.91 15.315 0 0 "KDE LDA" 30 1000 2.59090909090909
145.91 15.315 0 0 "KDE LDA" 30 1000 2.6010101010101
147.385 15.335 0 0 "KDE LDA" 30 1000 2.61111111111111
148.045 15.39 0 0 "KDE LDA" 30 1000 2.62121212121212
148.05 15.395 0 0 "KDE LDA" 30 1000 2.63131313131313
148.875 15.46 0 0 "KDE LDA" 30 1000 2.64141414141414
150 15.52 0 0 "KDE LDA" 30 1000 2.65151515151515
153.41 15.735 0 0 "KDE LDA" 30 1000 2.66161616161616
168.665 16.455 0 0 "KDE LDA" 30 1000 2.67171717171717
169.38 16.46 0 0 "KDE LDA" 30 1000 2.68181818181818
169.385 16.64 0 0 "KDE LDA" 30 1000 2.69191919191919
169.39 16.655 0 0 "KDE LDA" 30 1000 2.7020202020202
169.39 16.705 0 0 "KDE LDA" 30 1000 2.71212121212121
169.55 16.74 0 0 "KDE LDA" 30 1000 2.72222222222222
169.87 16.86 0 0 "KDE LDA" 30 1000 2.73232323232323
169.875 16.97 0 0 "KDE LDA" 30 1000 2.74242424242424
171.4 17.025 0 0 "KDE LDA" 30 1000 2.75252525252525
171.435 17.1 0 0 "KDE LDA" 30 1000 2.76262626262626
173.985 17.11 0 0 "KDE LDA" 30 1000 2.77272727272727
174.105 17.125 0 0 "KDE LDA" 30 1000 2.78282828282828
181.91 17.295 0 0 "KDE LDA" 30 1000 2.79292929292929
216.38 17.725 0 0 "KDE LDA" 30 1000 2.8030303030303
216.385 17.755 0 0 "KDE LDA" 30 1000 2.81313131313131
217.365 17.815 0 0 "KDE LDA" 30 1000 2.82323232323232
228.185 17.995 0 0 "KDE LDA" 30 1000 2.83333333333333
230.985 18.005 0 0 "KDE LDA" 30 1000 2.84343434343434
231 18.015 0 0 "KDE LDA" 30 1000 2.85353535353535
231.005 18.015 0 0 "KDE LDA" 30 1000 2.86363636363636
231.01 18.205 0 0 "KDE LDA" 30 1000 2.87373737373737
233.52 18.295 0 0 "KDE LDA" 30 1000 2.88383838383838
233.85 18.405 0 0 "KDE LDA" 30 1000 2.89393939393939
237.09 18.425 0 0 "KDE LDA" 30 1000 2.9040404040404
239.31 18.44 0 0 "KDE LDA" 30 1000 2.91414141414141
243.03 18.47 0 0 "KDE LDA" 30 1000 2.92424242424242
243.035 18.515 0 0 "KDE LDA" 30 1000 2.93434343434343
251.275 18.52 0 0 "KDE LDA" 30 1000 2.94444444444444
253.93 18.54 0 0 "KDE LDA" 30 1000 2.95454545454545
263.985 18.55 0 0 "KDE LDA" 30 1000 2.96464646464646
264.455 18.745 0 0 "KDE LDA" 30 1000 2.97474747474747
264.46 18.75 0 0 "KDE LDA" 30 1000 2.98484848484848
264.46 19.04 0 0 "KDE LDA" 30 1000 2.99494949494949
266.695 19.05 0 0 "KDE LDA" 30 1000 3.00505050505051
267.545 19.07 0 0 "KDE LDA" 30 1000 3.01515151515152
270.405 19.07 0 0 "KDE LDA" 30 1000 3.02525252525253
273.66 19.16 0 0 "KDE LDA" 30 1000 3.03535353535354
273.675 19.175 0 0 "KDE LDA" 30 1000 3.04545454545455
278.63 19.235 0 0 "KDE LDA" 30 1000 3.05555555555556
280.085 19.275 0 0 "KDE LDA" 30 1000 3.06565656565657
288.14 19.295 0 0 "KDE LDA" 30 1000 3.07575757575758
291.625 19.38 0 0 "KDE LDA" 30 1000 3.08585858585859
300.01 19.6 0 0 "KDE LDA" 30 1000 3.0959595959596
302.355 19.695 0 0 "KDE LDA" 30 1000 3.10606060606061
302.4 19.755 0 0 "KDE LDA" 30 1000 3.11616161616162
303.88 19.81 0 0 "KDE LDA" 30 1000 3.12626262626263
303.885 19.87 0 0 "KDE LDA" 30 1000 3.13636363636364
305.195 19.87 0 0 "KDE LDA" 30 1000 3.14646464646465
305.215 19.87 0 0 "KDE LDA" 30 1000 3.15656565656566
305.525 19.94 0 0 "KDE LDA" 30 1000 3.16666666666667
309.825 20.18 0 0 "KDE LDA" 30 1000 3.17676767676768
312.045 20.225 0 0 "KDE LDA" 30 1000 3.18686868686869
314.63 20.245 0 0 "KDE LDA" 30 1000 3.1969696969697
318.32 20.43 0 0 "KDE LDA" 30 1000 3.20707070707071
324.14 20.475 0 0 "KDE LDA" 30 1000 3.21717171717172
357.045 20.97 0 0 "KDE LDA" 30 1000 3.22727272727273
362.51 20.99 0 0 "KDE LDA" 30 1000 3.23737373737374
362.51 21.18 0 0 "KDE LDA" 30 1000 3.24747474747475
364.705 21.185 0 0 "KDE LDA" 30 1000 3.25757575757576
371.1 21.255 0 0 "KDE LDA" 30 1000 3.26767676767677
371.115 21.265 0 0 "KDE LDA" 30 1000 3.27777777777778
371.12 21.3 0 0 "KDE LDA" 30 1000 3.28787878787879
373.045 21.325 0 0 "KDE LDA" 30 1000 3.2979797979798
373.045 21.405 0 0 "KDE LDA" 30 1000 3.30808080808081
376.085 21.41 0 0 "KDE LDA" 30 1000 3.31818181818182
385.235 21.425 0 0 "KDE LDA" 30 1000 3.32828282828283
389.405 21.745 0 0 "KDE LDA" 30 1000 3.33838383838384
393.87 21.85 0 0 "KDE LDA" 30 1000 3.34848484848485
433.9 22.215 0 0 "KDE LDA" 30 1000 3.35858585858586
435.595 22.255 0 0 "KDE LDA" 30 1000 3.36868686868687
441.23 22.32 0 0 "KDE LDA" 30 1000 3.37878787878788
444.06 22.395 0 0 "KDE LDA" 30 1000 3.38888888888889
444.065 22.425 0 0 "KDE LDA" 30 1000 3.3989898989899
444.065 22.45 0 0 "KDE LDA" 30 1000 3.40909090909091
444.065 22.465 0 0 "KDE LDA" 30 1000 3.41919191919192
446.93 22.565 0 0 "KDE LDA" 30 1000 3.42929292929293
447.97 22.58 0 0 "KDE LDA" 30 1000 3.43939393939394
448.04 22.625 0 0 "KDE LDA" 30 1000 3.44949494949495
449.685 22.635 0 0 "KDE LDA" 30 1000 3.45959595959596
453.625 22.71 0 0 "KDE LDA" 30 1000 3.46969696969697
454.545 22.73 0 0 "KDE LDA" 30 1000 3.47979797979798
454.56 23.245 0 0 "KDE LDA" 30 1000 3.48989898989899
456.875 23.26 0 0 "KDE LDA" 30 1000 3.5
188.945 15.405 0 0 "KDE QDA" 30 1000 3.5
189.035 15.41 0 0 "KDE QDA" 30 1000 3.51010101010101
193.52 15.545 0 0 "KDE QDA" 30 1000 3.52020202020202
193.545 15.63 0 0 "KDE QDA" 30 1000 3.53030303030303
194.58 15.66 0 0 "KDE QDA" 30 1000 3.54040404040404
195.43 15.7 0 0 "KDE QDA" 30 1000 3.55050505050505
196.97 15.72 0 0 "KDE QDA" 30 1000 3.56060606060606
196.975 15.735 0 0 "KDE QDA" 30 1000 3.57070707070707
196.99 15.735 0 0 "KDE QDA" 30 1000 3.58080808080808
196.99 15.74 0 0 "KDE QDA" 30 1000 3.59090909090909
197.005 15.765 0 0 "KDE QDA" 30 1000 3.6010101010101
197.085 15.825 0 0 "KDE QDA" 30 1000 3.61111111111111
197.485 15.83 0 0 "KDE QDA" 30 1000 3.62121212121212
199.055 15.835 0 0 "KDE QDA" 30 1000 3.63131313131313
201.2 15.85 0 0 "KDE QDA" 30 1000 3.64141414141414
208.175 16.43 0 0 "KDE QDA" 30 1000 3.65151515151515
208.2 16.46 0 0 "KDE QDA" 30 1000 3.66161616161616
208.23 16.5 0 0 "KDE QDA" 30 1000 3.67171717171717
210.455 16.665 0 0 "KDE QDA" 30 1000 3.68181818181818
215.85 16.675 0 0 "KDE QDA" 30 1000 3.69191919191919
218.98 16.675 0 0 "KDE QDA" 30 1000 3.7020202020202
220.895 16.68 0 0 "KDE QDA" 30 1000 3.71212121212121
221.78 16.71 0 0 "KDE QDA" 30 1000 3.72222222222222
221.815 16.715 0 0 "KDE QDA" 30 1000 3.73232323232323
222.875 16.72 0 0 "KDE QDA" 30 1000 3.74242424242424
224.275 16.755 0 0 "KDE QDA" 30 1000 3.75252525252525
230.32 16.78 0 0 "KDE QDA" 30 1000 3.76262626262626
231.835 16.8 0 0 "KDE QDA" 30 1000 3.77272727272727
234.83 16.805 0 0 "KDE QDA" 30 1000 3.78282828282828
245.815 17.1 0 0 "KDE QDA" 30 1000 3.79292929292929
245.83 17.105 0 0 "KDE QDA" 30 1000 3.8030303030303
247.305 17.155 0 0 "KDE QDA" 30 1000 3.81313131313131
247.32 17.205 0 0 "KDE QDA" 30 1000 3.82323232323232
247.34 17.22 0 0 "KDE QDA" 30 1000 3.83333333333333
247.34 17.25 0 0 "KDE QDA" 30 1000 3.84343434343434
248.185 17.26 0 0 "KDE QDA" 30 1000 3.85353535353535
248.645 17.265 0 0 "KDE QDA" 30 1000 3.86363636363636
249.765 17.29 0 0 "KDE QDA" 30 1000 3.87373737373737
253.49 17.29 0 0 "KDE QDA" 30 1000 3.88383838383838
264.36 17.29 0 0 "KDE QDA" 30 1000 3.89393939393939
267.57 17.29 0 0 "KDE QDA" 30 1000 3.9040404040404
268.55 17.295 0 0 "KDE QDA" 30 1000 3.91414141414141
283.58 17.71 0 0 "KDE QDA" 30 1000 3.92424242424242
283.585 17.71 0 0 "KDE QDA" 30 1000 3.93434343434343
292.545 17.92 0 0 "KDE QDA" 30 1000 3.94444444444444
293.01 17.98 0 0 "KDE QDA" 30 1000 3.95454545454545
297.55 18.01 0 0 "KDE QDA" 30 1000 3.96464646464646
297.595 18.02 0 0 "KDE QDA" 30 1000 3.97474747474747
298.76 18.055 0 0 "KDE QDA" 30 1000 3.98484848484848
298.795 18.095 0 0 "KDE QDA" 30 1000 3.99494949494949
304.69 18.16 0 0 "KDE QDA" 30 1000 4.00505050505051
306.2 18.165 0 0 "KDE QDA" 30 1000 4.01515151515152
306.225 18.24 0 0 "KDE QDA" 30 1000 4.02525252525253
306.38 18.24 0 0 "KDE QDA" 30 1000 4.03535353535354
306.405 18.24 0 0 "KDE QDA" 30 1000 4.04545454545455
306.515 18.245 0 0 "KDE QDA" 30 1000 4.05555555555556
306.93 18.25 0 0 "KDE QDA" 30 1000 4.06565656565657
309.83 18.255 0 0 "KDE QDA" 30 1000 4.07575757575758
323.825 18.45 0 0 "KDE QDA" 30 1000 4.08585858585859
323.895 18.53 0 0 "KDE QDA" 30 1000 4.0959595959596
324.925 18.555 0 0 "KDE QDA" 30 1000 4.10606060606061
324.945 18.645 0 0 "KDE QDA" 30 1000 4.11616161616162
330.08 18.65 0 0 "KDE QDA" 30 1000 4.12626262626263
330.09 18.655 0 0 "KDE QDA" 30 1000 4.13636363636364
330.115 18.66 0 0 "KDE QDA" 30 1000 4.14646464646465
330.14 18.69 0 0 "KDE QDA" 30 1000 4.15656565656566
330.18 18.695 0 0 "KDE QDA" 30 1000 4.16666666666667
331.62 18.705 0 0 "KDE QDA" 30 1000 4.17676767676768
331.63 18.72 0 0 "KDE QDA" 30 1000 4.18686868686869
334.49 18.735 0 0 "KDE QDA" 30 1000 4.1969696969697
344.45 18.74 0 0 "KDE QDA" 30 1000 4.20707070707071
356.875 18.975 0 0 "KDE QDA" 30 1000 4.21717171717172
367.67 19.06 0 0 "KDE QDA" 30 1000 4.22727272727273
369.725 19.23 0 0 "KDE QDA" 30 1000 4.23737373737374
370.94 19.3 0 0 "KDE QDA" 30 1000 4.24747474747475
372.275 19.365 0 0 "KDE QDA" 30 1000 4.25757575757576
373.74 19.39 0 0 "KDE QDA" 30 1000 4.26767676767677
375.58 19.405 0 0 "KDE QDA" 30 1000 4.27777777777778
381.11 19.405 0 0 "KDE QDA" 30 1000 4.28787878787879
381.895 19.415 0 0 "KDE QDA" 30 1000 4.2979797979798
381.895 19.425 0 0 "KDE QDA" 30 1000 4.30808080808081
381.915 19.43 0 0 "KDE QDA" 30 1000 4.31818181818182
384.62 19.43 0 0 "KDE QDA" 30 1000 4.32828282828283
384.63 19.435 0 0 "KDE QDA" 30 1000 4.33838383838384
397.735 19.68 0 0 "KDE QDA" 30 1000 4.34848484848485
397.745 19.705 0 0 "KDE QDA" 30 1000 4.35858585858586
397.78 19.745 0 0 "KDE QDA" 30 1000 4.36868686868687
402.67 19.89 0 0 "KDE QDA" 30 1000 4.37878787878788
402.68 19.945 0 0 "KDE QDA" 30 1000 4.38888888888889
405.96 19.95 0 0 "KDE QDA" 30 1000 4.3989898989899
410.115 20.015 0 0 "KDE QDA" 30 1000 4.40909090909091
410.13 20.03 0 0 "KDE QDA" 30 1000 4.41919191919192
410.255 20.03 0 0 "KDE QDA" 30 1000 4.42929292929293
417.405 20.095 0 0 "KDE QDA" 30 1000 4.43939393939394
418.32 20.11 0 0 "KDE QDA" 30 1000 4.44949494949495
419.82 20.115 0 0 "KDE QDA" 30 1000 4.45959595959596
425.725 20.12 0 0 "KDE QDA" 30 1000 4.46969696969697
453.28 20.33 0 0 "KDE QDA" 30 1000 4.47979797979798
453.29 20.33 0 0 "KDE QDA" 30 1000 4.48989898989899
453.485 20.33 0 0 "KDE QDA" 30 1000 4.5
