129.795 13.88 0 0 "KDE LDA" 52 5000 2.5
130 13.885 0 0 "KDE LDA" 52 5000 2.51010101010101
131.355 14.04 0 0 "KDE LDA" 52 5000 2.52020202020202
133.335 14.2 0 0 "KDE LDA" 52 5000 2.53030303030303
141.445 14.335 0 0 "KDE LDA" 52 5000 2.54040404040404
142.225 14.365 0 0 "KDE LDA" 52 5000 2.55050505050505
142.24 14.42 0 0 "KDE LDA" 52 5000 2.56060606060606
144.465 14.45 0 0 "KDE LDA" 52 5000 2.57070707070707
144.465 14.46 0 0 "KDE LDA" 52 5000 2.58080808080808
148.285 14.46 0 0 "KDE LDA" 52 5000 2.59090909090909
148.285 14.485 0 0 "KDE LDA" 52 5000 2.6010101010101
149.14 14.5 0 0 "KDE LDA" 52 5000 2.61111111111111
150 14.685 0 0 "KDE LDA" 52 5000 2.62121212121212
150.12 14.73 0 0 "KDE LDA" 52 5000 2.63131313131313
153.13 14.905 0 0 "KDE LDA" 52 5000 2.64141414141414
153.555 15.265 0 0 "KDE LDA" 52 5000 2.65151515151515
159.1 15.38 0 0 "KDE LDA" 52 5000 2.66161616161616
166.935 15.53 0 0 "KDE LDA" 52 5000 2.67171717171717
171.115 15.625 0 0 "KDE LDA" 52 5000 2.68181818181818
178.865 15.745 0 0 "KDE LDA" 52 5000 2.69191919191919
178.895 15.75 0 0 "KDE LDA" 52 5000 2.7020202020202
180.415 15.76 0 0 "KDE LDA" 52 5000 2.71212121212121
180.715 15.795 0 0 "KDE LDA" 52 5000 2.72222222222222
180.775 15.88 0 0 "KDE LDA" 52 5000 2.73232323232323
182.06 15.915 0 0 "KDE LDA" 52 5000 2.74242424242424
182.335 16.045 0 0 "KDE LDA" 52 5000 2.75252525252525
184.31 16.06 0 0 "KDE LDA" 52 5000 2.76262626262626
186.87 16.34 0 0 "KDE LDA" 52 5000 2.77272727272727
189.43 16.4 0 0 "KDE LDA" 52 5000 2.78282828282828
200.005 16.48 0 0 "KDE LDA" 52 5000 2.79292929292929
218.92 17.35 0 0 "KDE LDA" 52 5000 2.8030303030303
220.095 17.415 0 0 "KDE LDA" 52 5000 2.81313131313131
228.705 17.415 0 0 "KDE LDA" 52 5000 2.82323232323232
228.885 17.57 0 0 "KDE LDA" 52 5000 2.83333333333333
229.325 17.575 0 0 "KDE LDA" 52 5000 2.84343434343434
229.45 17.69 0 0 "KDE LDA" 52 5000 2.85353535353535
237.115 17.705 0 0 "KDE LDA" 52 5000 2.86363636363636
239.205 17.72 0 0 "KDE LDA" 52 5000 2.87373737373737
239.205 17.725 0 0 "KDE LDA" 52 5000 2.88383838383838
240.44 17.725 0 0 "KDE LDA" 52 5000 2.89393939393939
240.47 17.73 0 0 "KDE LDA" 52 5000 2.9040404040404
240.98 17.74 0 0 "KDE LDA" 52 5000 2.91414141414141
242.005 17.79 0 0 "KDE LDA" 52 5000 2.92424242424242
244.365 17.83 0 0 "KDE LDA" 52 5000 2.93434343434343
244.715 17.855 0 0 "KDE LDA" 52 5000 2.94444444444444
252.135 17.955 0 0 "KDE LDA" 52 5000 2.95454545454545
252.15 18.03 0 0 "KDE LDA" 52 5000 2.96464646464646
252.295 18.06 0 0 "KDE LDA" 52 5000 2.97474747474747
255.6 18.11 0 0 "KDE LDA" 52 5000 2.98484848484848
262.19 18.11 0 0 "KDE LDA" 52 5000 2.99494949494949
266.74 18.16 0 0 "KDE LDA" 52 5000 3.00505050505051
267.59 18.235 0 0 "KDE LDA" 52 5000 3.01515151515152
270.72 18.355 0 0 "KDE LDA" 52 5000 3.02525252525253
271.315 18.42 0 0 "KDE LDA" 52 5000 3.03535353535354
271.41 18.43 0 0 "KDE LDA" 52 5000 3.04545454545455
272.445 18.45 0 0 "KDE LDA" 52 5000 3.05555555555556
278.215 18.47 0 0 "KDE LDA" 52 5000 3.06565656565657
279.865 18.505 0 0 "KDE LDA" 52 5000 3.07575757575758
284.13 18.525 0 0 "KDE LDA" 52 5000 3.08585858585859
296.655 18.835 0 0 "KDE LDA" 52 5000 3.0959595959596
297.57 18.885 0 0 "KDE LDA" 52 5000 3.10606060606061
297.6 19.035 0 0 "KDE LDA" 52 5000 3.11616161616162
309.035 19.065 0 0 "KDE LDA" 52 5000 3.12626262626263
312.265 19.07 0 0 "KDE LDA" 52 5000 3.13636363636364
312.945 19.1 0 0 "KDE LDA" 52 5000 3.14646464646465
312.945 19.265 0 0 "KDE LDA" 52 5000 3.15656565656566
312.955 19.305 0 0 "KDE LDA" 52 5000 3.16666666666667
315.195 19.395 0 0 "KDE LDA" 52 5000 3.17676767676768
323.03 19.5 0 0 "KDE LDA" 52 5000 3.18686868686869
325.17 19.545 0 0 "KDE LDA" 52 5000 3.1969696969697
325.215 19.67 0 0 "KDE LDA" 52 5000 3.20707070707071
328.105 19.96 0 0 "KDE LDA" 52 5000 3.21717171717172
336.105 20.185 0 0 "KDE LDA" 52 5000 3.22727272727273
338.76 20.31 0 0 "KDE LDA" 52 5000 3.23737373737374
343.49 20.44 0 0 "KDE LDA" 52 5000 3.24747474747475
345.31 20.45 0 0 "KDE LDA" 52 5000 3.25757575757576
353.425 20.525 0 0 "KDE LDA" 52 5000 3.26767676767677
361.535 20.545 0 0 "KDE LDA" 52 5000 3.27777777777778
363.475 20.56 0 0 "KDE LDA" 52 5000 3.28787878787879
366.67 20.585 0 0 "KDE LDA" 52 5000 3.2979797979798
368.71 20.645 0 0 "KDE LDA" 52 5000 3.30808080808081
375.645 20.66 0 0 "KDE LDA" 52 5000 3.31818181818182
385.33 20.74 0 0 "KDE LDA" 52 5000 3.32828282828283
392.135 20.755 0 0 "KDE LDA" 52 5000 3.33838383838384
409.645 20.825 0 0 "KDE LDA" 52 5000 3.34848484848485
457.91 21.075 0 0 "KDE LDA" 52 5000 3.35858585858586
462.02 21.16 0 0 "KDE LDA" 52 5000 3.36868686868687
468.085 21.195 0 0 "KDE LDA" 52 5000 3.37878787878788
468.125 21.205 0 0 "KDE LDA" 52 5000 3.38888888888889
470.02 21.255 0 0 "KDE LDA" 52 5000 3.3989898989899
481.76 21.305 0 0 "KDE LDA" 52 5000 3.40909090909091
481.765 21.335 0 0 "KDE LDA" 52 5000 3.41919191919192
492.71 21.38 0 0 "KDE LDA" 52 5000 3.42929292929293
492.745 21.485 0 0 "KDE LDA" 52 5000 3.43939393939394
493.86 21.5 0 0 "KDE LDA" 52 5000 3.44949494949495
497.31 21.51 0 0 "KDE LDA" 52 5000 3.45959595959596
498.445 21.525 0 0 "KDE LDA" 52 5000 3.46969696969697
499.65 21.54 0 0 "KDE LDA" 52 5000 3.47979797979798
503.235 21.57 0 0 "KDE LDA" 52 5000 3.48989898989899
504.97 21.695 0 0 "KDE LDA" 52 5000 3.5
93.79 12.875 0 0 "KDE QDA" 52 5000 2.7
93.795 12.88 0 0 "KDE QDA" 52 5000 2.71010101010101
93.795 12.89 0 0 "KDE QDA" 52 5000 2.72020202020202
93.795 12.89 0 0 "KDE QDA" 52 5000 2.73030303030303
93.795 12.89 0 0 "KDE QDA" 52 5000 2.74040404040404
93.795 12.895 0 0 "KDE QDA" 52 5000 2.75050505050505
93.795 12.895 0 0 "KDE QDA" 52 5000 2.76060606060606
93.795 12.895 0 0 "KDE QDA" 52 5000 2.77070707070707
93.805 12.895 0 0 "KDE QDA" 52 5000 2.78080808080808
94.15 12.895 0 0 "KDE QDA" 52 5000 2.79090909090909
132.135 14.035 0 0 "KDE QDA" 52 5000 2.8010101010101
132.135 14.035 0 0 "KDE QDA" 52 5000 2.81111111111111
132.135 14.06 0 0 "KDE QDA" 52 5000 2.82121212121212
134.46 14.13 0 0 "KDE QDA" 52 5000 2.83131313131313
134.46 14.13 0 0 "KDE QDA" 52 5000 2.84141414141414
134.775 14.13 0 0 "KDE QDA" 52 5000 2.85151515151515
134.775 14.13 0 0 "KDE QDA" 52 5000 2.86161616161616
135.49 14.13 0 0 "KDE QDA" 52 5000 2.87171717171717
135.49 14.13 0 0 "KDE QDA" 52 5000 2.88181818181818
135.49 14.13 0 0 "KDE QDA" 52 5000 2.89191919191919
135.49 14.13 0 0 "KDE QDA" 52 5000 2.9020202020202
135.49 14.13 0 0 "KDE QDA" 52 5000 2.91212121212121
135.49 14.13 0 0 "KDE QDA" 52 5000 2.92222222222222
135.49 14.155 0 0 "KDE QDA" 52 5000 2.93232323232323
135.49 14.155 0 0 "KDE QDA" 52 5000 2.94242424242424
135.495 14.155 0 0 "KDE QDA" 52 5000 2.95252525252525
150.54 14.5 0 0 "KDE QDA" 52 5000 2.96262626262626
152.08 14.51 0 0 "KDE QDA" 52 5000 2.97272727272727
153.06 14.53 0 0 "KDE QDA" 52 5000 2.98282828282828
156.025 14.54 0 0 "KDE QDA" 52 5000 2.99292929292929
156.025 14.54 0 0 "KDE QDA" 52 5000 3.0030303030303
157.46 14.54 0 0 "KDE QDA" 52 5000 3.01313131313131
157.46 14.54 0 0 "KDE QDA" 52 5000 3.02323232323232
157.46 14.54 0 0 "KDE QDA" 52 5000 3.03333333333333
157.475 14.54 0 0 "KDE QDA" 52 5000 3.04343434343434
157.475 14.54 0 0 "KDE QDA" 52 5000 3.05353535353535
157.475 14.54 0 0 "KDE QDA" 52 5000 3.06363636363636
157.475 14.54 0 0 "KDE QDA" 52 5000 3.07373737373737
157.475 14.54 0 0 "KDE QDA" 52 5000 3.08383838383838
165.645 15.14 0 0 "KDE QDA" 52 5000 3.09393939393939
165.645 15.145 0 0 "KDE QDA" 52 5000 3.1040404040404
165.65 15.16 0 0 "KDE QDA" 52 5000 3.11414141414141
165.925 15.25 0 0 "KDE QDA" 52 5000 3.12424242424242
165.925 15.255 0 0 "KDE QDA" 52 5000 3.13434343434343
165.925 15.255 0 0 "KDE QDA" 52 5000 3.14444444444444
165.93 15.255 0 0 "KDE QDA" 52 5000 3.15454545454545
165.93 15.255 0 0 "KDE QDA" 52 5000 3.16464646464646
165.93 15.255 0 0 "KDE QDA" 52 5000 3.17474747474748
165.93 15.255 0 0 "KDE QDA" 52 5000 3.18484848484849
165.93 15.255 0 0 "KDE QDA" 52 5000 3.19494949494949
165.935 15.255 0 0 "KDE QDA" 52 5000 3.20505050505051
165.935 15.255 0 0 "KDE QDA" 52 5000 3.21515151515152
188.895 15.765 0 0 "KDE QDA" 52 5000 3.22525252525253
188.92 15.78 0 0 "KDE QDA" 52 5000 3.23535353535354
188.92 15.785 0 0 "KDE QDA" 52 5000 3.24545454545455
203.73 15.855 0 0 "KDE QDA" 52 5000 3.25555555555556
206.77 15.86 0 0 "KDE QDA" 52 5000 3.26565656565657
206.77 15.945 0 0 "KDE QDA" 52 5000 3.27575757575758
206.77 15.96 0 0 "KDE QDA" 52 5000 3.28585858585859
206.77 15.96 0 0 "KDE QDA" 52 5000 3.2959595959596
206.77 15.975 0 0 "KDE QDA" 52 5000 3.30606060606061
206.77 15.975 0 0 "KDE QDA" 52 5000 3.31616161616162
206.795 15.975 0 0 "KDE QDA" 52 5000 3.32626262626263
206.815 15.975 0 0 "KDE QDA" 52 5000 3.33636363636364
207.34 15.975 0 0 "KDE QDA" 52 5000 3.34646464646465
207.34 15.975 0 0 "KDE QDA" 52 5000 3.35656565656566
242.755 16.73 0 0 "KDE QDA" 52 5000 3.36666666666667
242.755 16.73 0 0 "KDE QDA" 52 5000 3.37676767676768
248.87 16.98 0 0 "KDE QDA" 52 5000 3.38686868686869
248.87 16.98 0 0 "KDE QDA" 52 5000 3.3969696969697
249.61 16.985 0 0 "KDE QDA" 52 5000 3.40707070707071
251.99 16.985 0 0 "KDE QDA" 52 5000 3.41717171717172
251.995 16.985 0 0 "KDE QDA" 52 5000 3.42727272727273
251.995 16.99 0 0 "KDE QDA" 52 5000 3.43737373737374
252.11 16.99 0 0 "KDE QDA" 52 5000 3.44747474747475
252.11 16.99 0 0 "KDE QDA" 52 5000 3.45757575757576
254.895 16.99 0 0 "KDE QDA" 52 5000 3.46767676767677
256.915 16.99 0 0 "KDE QDA" 52 5000 3.47777777777778
256.915 16.99 0 0 "KDE QDA" 52 5000 3.48787878787879
256.915 16.99 0 0 "KDE QDA" 52 5000 3.4979797979798
256.92 16.99 0 0 "KDE QDA" 52 5000 3.50808080808081
277.16 17.15 0 0 "KDE QDA" 52 5000 3.51818181818182
277.175 17.15 0 0 "KDE QDA" 52 5000 3.52828282828283
279.165 17.17 0 0 "KDE QDA" 52 5000 3.53838383838384
285.715 17.21 0 0 "KDE QDA" 52 5000 3.54848484848485
285.715 17.21 0 0 "KDE QDA" 52 5000 3.55858585858586
285.72 17.215 0 0 "KDE QDA" 52 5000 3.56868686868687
285.72 17.215 0 0 "KDE QDA" 52 5000 3.57878787878788
285.72 17.215 0 0 "KDE QDA" 52 5000 3.58888888888889
285.72 17.215 0 0 "KDE QDA" 52 5000 3.5989898989899
285.72 17.215 0 0 "KDE QDA" 52 5000 3.60909090909091
286.295 17.215 0 0 "KDE QDA" 52 5000 3.61919191919192
287.1 17.215 0 0 "KDE QDA" 52 5000 3.62929292929293
287.1 17.215 0 0 "KDE QDA" 52 5000 3.63939393939394
287.1 17.215 0 0 "KDE QDA" 52 5000 3.64949494949495
312.155 17.58 0 0 "KDE QDA" 52 5000 3.65959595959596
312.155 17.595 0 0 "KDE QDA" 52 5000 3.66969696969697
314.335 17.63 0 0 "KDE QDA" 52 5000 3.67979797979798
314.34 17.655 0 0 "KDE QDA" 52 5000 3.68989898989899
314.34 17.655 0 0 "KDE QDA" 52 5000 3.7
