148.41 15.215 0 0 "KDE LDA" 76 800 2.4
148.445 15.24 0 0 "KDE LDA" 76 800 2.41010101010101
148.45 15.275 0 0 "KDE LDA" 76 800 2.42020202020202
148.58 15.3 0 0 "KDE LDA" 76 800 2.43030303030303
149.69 15.305 0 0 "KDE LDA" 76 800 2.44040404040404
149.69 15.31 0 0 "KDE LDA" 76 800 2.45050505050505
149.95 15.315 0 0 "KDE LDA" 76 800 2.46060606060606
150.835 15.315 0 0 "KDE LDA" 76 800 2.47070707070707
150.835 15.325 0 0 "KDE LDA" 76 800 2.48080808080808
152.705 15.33 0 0 "KDE LDA" 76 800 2.49090909090909
153.52 15.435 0 0 "KDE LDA" 76 800 2.5010101010101
156.21 15.44 0 0 "KDE LDA" 76 800 2.51111111111111
156.84 15.495 0 0 "KDE LDA" 76 800 2.52121212121212
162.835 15.645 0 0 "KDE LDA" 76 800 2.53131313131313
163.22 15.89 0 0 "KDE LDA" 76 800 2.54141414141414
163.55 15.925 0 0 "KDE LDA" 76 800 2.55151515151515
164.115 15.93 0 0 "KDE LDA" 76 800 2.56161616161616
164.125 15.965 0 0 "KDE LDA" 76 800 2.57171717171717
168.19 16.015 0 0 "KDE LDA" 76 800 2.58181818181818
170.23 16.04 0 0 "KDE LDA" 76 800 2.59191919191919
173.275 16.07 0 0 "KDE LDA" 76 800 2.6020202020202
175.09 16.115 0 0 "KDE LDA" 76 800 2.61212121212121
177.625 16.13 0 0 "KDE LDA" 76 800 2.62222222222222
177.645 16.19 0 0 "KDE LDA" 76 800 2.63232323232323
178.645 16.195 0 0 "KDE LDA" 76 800 2.64242424242424
180.025 16.275 0 0 "KDE LDA" 76 800 2.65252525252525
185.065 16.685 0 0 "KDE LDA" 76 800 2.66262626262626
198.62 17.15 0 0 "KDE LDA" 76 800 2.67272727272727
202.275 17.345 0 0 "KDE LDA" 76 800 2.68282828282828
203.81 17.355 0 0 "KDE LDA" 76 800 2.69292929292929
205.885 17.385 0 0 "KDE LDA" 76 800 2.7030303030303
207.41 17.405 0 0 "KDE LDA" 76 800 2.71313131313131
207.495 17.445 0 0 "KDE LDA" 76 800 2.72323232323232
207.495 17.45 0 0 "KDE LDA" 76 800 2.73333333333333
208.33 17.465 0 0 "KDE LDA" 76 800 2.74343434343434
209.975 17.495 0 0 "KDE LDA" 76 800 2.75353535353535
210.415 17.58 0 0 "KDE LDA" 76 800 2.76363636363636
211.685 17.62 0 0 "KDE LDA" 76 800 2.77373737373737
218.355 17.75 0 0 "KDE LDA" 76 800 2.78383838383838
219.52 17.825 0 0 "KDE LDA" 76 800 2.79393939393939
261.265 18.99 0 0 "KDE LDA" 76 800 2.8040404040404
263.01 19.085 0 0 "KDE LDA" 76 800 2.81414141414141
263.17 19.1 0 0 "KDE LDA" 76 800 2.82424242424242
263.75 19.1 0 0 "KDE LDA" 76 800 2.83434343434343
263.785 19.13 0 0 "KDE LDA" 76 800 2.84444444444444
265.04 19.18 0 0 "KDE LDA" 76 800 2.85454545454545
265.045 19.39 0 0 "KDE LDA" 76 800 2.86464646464646
265.07 19.395 0 0 "KDE LDA" 76 800 2.87474747474747
265.36 19.47 0 0 "KDE LDA" 76 800 2.88484848484848
272.94 19.49 0 0 "KDE LDA" 76 800 2.89494949494949
272.955 19.495 0 0 "KDE LDA" 76 800 2.90505050505051
274.635 19.545 0 0 "KDE LDA" 76 800 2.91515151515152
277.135 19.55 0 0 "KDE LDA" 76 800 2.92525252525253
277.26 19.625 0 0 "KDE LDA" 76 800 2.93535353535354
283.705 19.625 0 0 "KDE LDA" 76 800 2.94545454545455
290.655 19.72 0 0 "KDE LDA" 76 800 2.95555555555556
305.72 19.785 0 0 "KDE LDA" 76 800 2.96565656565657
311.91 19.875 0 0 "KDE LDA" 76 800 2.97575757575758
313.235 19.915 0 0 "KDE LDA" 76 800 2.98585858585859
315.66 19.97 0 0 "KDE LDA" 76 800 2.9959595959596
319.49 19.975 0 0 "KDE LDA" 76 800 3.00606060606061
325.915 19.975 0 0 "KDE LDA" 76 800 3.01616161616162
329.99 20.04 0 0 "KDE LDA" 76 800 3.02626262626263
332.995 20.055 0 0 "KDE LDA" 76 800 3.03636363636364
333.745 20.09 0 0 "KDE LDA" 76 800 3.04646464646465
333.75 20.28 0 0 "KDE LDA" 76 800 3.05656565656566
336.425 20.32 0 0 "KDE LDA" 76 800 3.06666666666667
342.335 20.42 0 0 "KDE LDA" 76 800 3.07676767676768
344.82 20.55 0 0 "KDE LDA" 76 800 3.08686868686869
368.495 21.175 0 0 "KDE LDA" 76 800 3.0969696969697
368.495 21.225 0 0 "KDE LDA" 76 800 3.10707070707071
372.99 21.235 0 0 "KDE LDA" 76 800 3.11717171717172
373.035 21.275 0 0 "KDE LDA" 76 800 3.12727272727273
375.945 21.335 0 0 "KDE LDA" 76 800 3.13737373737374
375.97 21.335 0 0 "KDE LDA" 76 800 3.14747474747475
376.53 21.48 0 0 "KDE LDA" 76 800 3.15757575757576
387.29 21.525 0 0 "KDE LDA" 76 800 3.16767676767677
389.85 21.61 0 0 "KDE LDA" 76 800 3.17777777777778
393.955 21.72 0 0 "KDE LDA" 76 800 3.18787878787879
396.285 21.735 0 0 "KDE LDA" 76 800 3.1979797979798
401.49 21.79 0 0 "KDE LDA" 76 800 3.20808080808081
404.885 21.83 0 0 "KDE LDA" 76 800 3.21818181818182
444.66 22.39 0 0 "KDE LDA" 76 800 3.22828282828283
446.875 22.48 0 0 "KDE LDA" 76 800 3.23838383838384
450.325 22.505 0 0 "KDE LDA" 76 800 3.24848484848485
450.33 22.535 0 0 "KDE LDA" 76 800 3.25858585858586
450.355 22.64 0 0 "KDE LDA" 76 800 3.26868686868687
450.365 22.69 0 0 "KDE LDA" 76 800 3.27878787878788
451.515 22.77 0 0 "KDE LDA" 76 800 3.28888888888889
456.01 22.775 0 0 "KDE LDA" 76 800 3.2989898989899
468.245 22.81 0 0 "KDE LDA" 76 800 3.30909090909091
470.59 22.855 0 0 "KDE LDA" 76 800 3.31919191919192
477.18 22.87 0 0 "KDE LDA" 76 800 3.32929292929293
491.86 22.88 0 0 "KDE LDA" 76 800 3.33939393939394
495.725 22.99 0 0 "KDE LDA" 76 800 3.34949494949495
551.685 23.595 0 0 "KDE LDA" 76 800 3.35959595959596
554.775 23.595 0 0 "KDE LDA" 76 800 3.36969696969697
554.785 23.685 0 0 "KDE LDA" 76 800 3.37979797979798
558.97 23.93 0 0 "KDE LDA" 76 800 3.38989898989899
559.635 23.96 0 0 "KDE LDA" 76 800 3.4
88.2 16.335 0 0 "KDE QDA" 76 800 4.3
88.26 16.34 0 0 "KDE QDA" 76 800 4.31010101010101
88.275 16.35 0 0 "KDE QDA" 76 800 4.32020202020202
88.315 16.37 0 0 "KDE QDA" 76 800 4.33030303030303
89.13 16.41 0 0 "KDE QDA" 76 800 4.34040404040404
91.25 16.615 0 0 "KDE QDA" 76 800 4.35050505050505
91.495 16.62 0 0 "KDE QDA" 76 800 4.36060606060606
91.525 16.65 0 0 "KDE QDA" 76 800 4.37070707070707
91.54 16.68 0 0 "KDE QDA" 76 800 4.38080808080808
91.66 16.715 0 0 "KDE QDA" 76 800 4.39090909090909
91.69 16.78 0 0 "KDE QDA" 76 800 4.4010101010101
91.76 16.89 0 0 "KDE QDA" 76 800 4.41111111111111
92.235 16.995 0 0 "KDE QDA" 76 800 4.42121212121212
92.245 17.025 0 0 "KDE QDA" 76 800 4.43131313131313
94.31 17.045 0 0 "KDE QDA" 76 800 4.44141414141414
94.82 17.055 0 0 "KDE QDA" 76 800 4.45151515151515
95.75 17.06 0 0 "KDE QDA" 76 800 4.46161616161616
97.195 17.085 0 0 "KDE QDA" 76 800 4.47171717171717
99.865 17.305 0 0 "KDE QDA" 76 800 4.48181818181818
100.155 17.315 0 0 "KDE QDA" 76 800 4.49191919191919
100.195 17.315 0 0 "KDE QDA" 76 800 4.5020202020202
100.325 17.37 0 0 "KDE QDA" 76 800 4.51212121212121
100.41 17.38 0 0 "KDE QDA" 76 800 4.52222222222222
101.635 17.435 0 0 "KDE QDA" 76 800 4.53232323232323
101.8 17.46 0 0 "KDE QDA" 76 800 4.54242424242424
102.25 17.47 0 0 "KDE QDA" 76 800 4.55252525252525
102.555 17.485 0 0 "KDE QDA" 76 800 4.56262626262626
103.69 17.49 0 0 "KDE QDA" 76 800 4.57272727272727
103.74 17.49 0 0 "KDE QDA" 76 800 4.58282828282828
103.795 17.505 0 0 "KDE QDA" 76 800 4.59292929292929
103.805 17.505 0 0 "KDE QDA" 76 800 4.6030303030303
104.445 17.51 0 0 "KDE QDA" 76 800 4.61313131313131
104.475 17.515 0 0 "KDE QDA" 76 800 4.62323232323232
104.535 17.59 0 0 "KDE QDA" 76 800 4.63333333333333
104.655 17.65 0 0 "KDE QDA" 76 800 4.64343434343434
105.44 17.71 0 0 "KDE QDA" 76 800 4.65353535353535
105.62 17.75 0 0 "KDE QDA" 76 800 4.66363636363636
106.145 17.795 0 0 "KDE QDA" 76 800 4.67373737373737
106.21 17.805 0 0 "KDE QDA" 76 800 4.68383838383838
106.305 17.875 0 0 "KDE QDA" 76 800 4.69393939393939
107.015 17.925 0 0 "KDE QDA" 76 800 4.7040404040404
109.655 17.93 0 0 "KDE QDA" 76 800 4.71414141414141
110.315 17.95 0 0 "KDE QDA" 76 800 4.72424242424242
111.275 17.965 0 0 "KDE QDA" 76 800 4.73434343434343
111.315 18 0 0 "KDE QDA" 76 800 4.74444444444444
111.35 18.01 0 0 "KDE QDA" 76 800 4.75454545454545
112.15 18.015 0 0 "KDE QDA" 76 800 4.76464646464646
114.58 18.18 0 0 "KDE QDA" 76 800 4.77474747474747
114.775 18.21 0 0 "KDE QDA" 76 800 4.78484848484849
114.82 18.22 0 0 "KDE QDA" 76 800 4.79494949494949
114.84 18.23 0 0 "KDE QDA" 76 800 4.80505050505051
114.905 18.245 0 0 "KDE QDA" 76 800 4.81515151515152
114.98 18.275 0 0 "KDE QDA" 76 800 4.82525252525252
114.99 18.285 0 0 "KDE QDA" 76 800 4.83535353535354
115.055 18.29 0 0 "KDE QDA" 76 800 4.84545454545455
115.085 18.32 0 0 "KDE QDA" 76 800 4.85555555555556
115.315 18.34 0 0 "KDE QDA" 76 800 4.86565656565657
115.37 18.39 0 0 "KDE QDA" 76 800 4.87575757575758
116.92 18.41 0 0 "KDE QDA" 76 800 4.88585858585859
117.035 18.44 0 0 "KDE QDA" 76 800 4.8959595959596
118.32 18.585 0 0 "KDE QDA" 76 800 4.90606060606061
118.38 18.645 0 0 "KDE QDA" 76 800 4.91616161616162
118.91 18.66 0 0 "KDE QDA" 76 800 4.92626262626263
118.995 18.68 0 0 "KDE QDA" 76 800 4.93636363636364
119.085 18.71 0 0 "KDE QDA" 76 800 4.94646464646465
120.92 18.73 0 0 "KDE QDA" 76 800 4.95656565656566
120.945 18.745 0 0 "KDE QDA" 76 800 4.96666666666667
122.43 18.755 0 0 "KDE QDA" 76 800 4.97676767676768
122.605 18.765 0 0 "KDE QDA" 76 800 4.98686868686869
122.66 18.765 0 0 "KDE QDA" 76 800 4.9969696969697
123.07 18.835 0 0 "KDE QDA" 76 800 5.00707070707071
123.6 18.85 0 0 "KDE QDA" 76 800 5.01717171717172
123.635 18.865 0 0 "KDE QDA" 76 800 5.02727272727273
124.295 19.145 0 0 "KDE QDA" 76 800 5.03737373737374
124.31 19.17 0 0 "KDE QDA" 76 800 5.04747474747475
125.1 19.175 0 0 "KDE QDA" 76 800 5.05757575757576
125.23 19.215 0 0 "KDE QDA" 76 800 5.06767676767677
125.665 19.315 0 0 "KDE QDA" 76 800 5.07777777777778
125.665 19.38 0 0 "KDE QDA" 76 800 5.08787878787879
127.99 19.405 0 0 "KDE QDA" 76 800 5.0979797979798
128.025 19.44 0 0 "KDE QDA" 76 800 5.10808080808081
128.175 19.48 0 0 "KDE QDA" 76 800 5.11818181818182
128.415 19.51 0 0 "KDE QDA" 76 800 5.12828282828283
128.51 19.51 0 0 "KDE QDA" 76 800 5.13838383838384
128.52 19.515 0 0 "KDE QDA" 76 800 5.14848484848485
129.26 19.515 0 0 "KDE QDA" 76 800 5.15858585858586
129.265 19.625 0 0 "KDE QDA" 76 800 5.16868686868687
129.33 19.68 0 0 "KDE QDA" 76 800 5.17878787878788
129.385 19.73 0 0 "KDE QDA" 76 800 5.18888888888889
130.195 19.815 0 0 "KDE QDA" 76 800 5.1989898989899
130.22 19.835 0 0 "KDE QDA" 76 800 5.20909090909091
130.255 19.84 0 0 "KDE QDA" 76 800 5.21919191919192
130.325 19.84 0 0 "KDE QDA" 76 800 5.22929292929293
133.53 19.87 0 0 "KDE QDA" 76 800 5.23939393939394
134.465 19.925 0 0 "KDE QDA" 76 800 5.24949494949495
134.475 19.985 0 0 "KDE QDA" 76 800 5.25959595959596
134.49 19.99 0 0 "KDE QDA" 76 800 5.26969696969697
134.55 19.995 0 0 "KDE QDA" 76 800 5.27979797979798
134.66 20.11 0 0 "KDE QDA" 76 800 5.28989898989899
136.28 20.125 0 0 "KDE QDA" 76 800 5.3
