38.805 11.158 0 0 36.2337668599452 7.45712039896398 "LDA" 2 1000 1.5
40.832 11.477 0 0 38.5822026634349 7.59691938776398 "LDA" 2 1000 1.53535353535354
43.496 11.881 0 0 40.4088462945784 7.85891860255605 "LDA" 2 1000 1.57070707070707
46.982 12.253 0 0 43.8887673545282 8.11238570346614 "LDA" 2 1000 1.60606060606061
49.592 12.631 0 0 46.5177324838113 8.47895817490166 "LDA" 2 1000 1.64141414141414
52.614 13.066 0 0 48.5413356353661 8.76929555577554 "LDA" 2 1000 1.67676767676768
55.058 13.287 0 0 50.1129918079927 8.9171826911389 "LDA" 2 1000 1.71212121212121
58.091 13.545 0 0 53.000299534538 9.00983641095398 "LDA" 2 1000 1.74747474747475
61.341 13.795 0 0 55.6757623163752 9.18647736438546 "LDA" 2 1000 1.78282828282828
63.557 14.07 0 0 57.0957150027186 9.36861093603907 "LDA" 2 1000 1.81818181818182
67.76 14.377 0 0 61.5669789164037 9.45326585023585 "LDA" 2 1000 1.85353535353535
71.332 14.782 0 0 66.5085947015058 9.69497129797033 "LDA" 2 1000 1.88888888888889
75.719 14.987 0 0 70.9427721189123 9.93556976456542 "LDA" 2 1000 1.92424242424242
80.169 15.234 0 0 74.8084403108482 9.98984689777781 "LDA" 2 1000 1.95959595959596
84.865 15.548 0 0 80.1719921376744 10.1771936834901 "LDA" 2 1000 1.99494949494949
88.675 16.047 0 0 84.22900866626 10.5432419563885 "LDA" 2 1000 2.03030303030303
93.415 16.444 0 0 88.2321011802319 10.8456669915913 "LDA" 2 1000 2.06565656565657
98.291 16.643 0 0 92.6828702265604 10.8619304238488 "LDA" 2 1000 2.1010101010101
103.047 16.952 0 0 97.0656403138079 10.95818314219 "LDA" 2 1000 2.13636363636364
108.124 17.277 0 0 100.453519269031 11.2790730332102 "LDA" 2 1000 2.17171717171717
111.474 17.543 0 0 103.090664024484 11.417552781201 "LDA" 2 1000 2.20707070707071
118.277 17.846 0 0 111.635338131435 11.5348748297213 "LDA" 2 1000 2.24242424242424
123.872 18.093 0 0 118.384164593185 11.7647252309503 "LDA" 2 1000 2.27777777777778
129.136 18.469 0 0 121.628709797675 12.1337655848161 "LDA" 2 1000 2.31313131313131
133.643 18.698 0 0 125.055397338153 12.1407657993305 "LDA" 2 1000 2.34848484848485
139.124 18.978 0 0 130.374783636285 12.2361447866246 "LDA" 2 1000 2.38383838383838
144.011 19.477 0 0 136.251911775441 12.6754146731828 "LDA" 2 1000 2.41919191919192
150.915 19.865 0 0 139.685417244574 12.9733990952288 "LDA" 2 1000 2.45454545454545
158.041 20.27 0 0 145.824325998967 13.265710651114 "LDA" 2 1000 2.48989898989899
163.523 20.725 0 0 151.717816247027 13.6327997208287 "LDA" 2 1000 2.52525252525253
169.824 21.102 0 0 156.792330357256 13.8311567447158 "LDA" 2 1000 2.56060606060606
180.033 21.469 0 0 165.551778312111 14.0383087696885 "LDA" 2 1000 2.5959595959596
190.687 21.797 0 0 176.05552129251 14.109318334486 "LDA" 2 1000 2.63131313131313
198.882 22.062 0 0 184.924825989555 14.1992878615716 "LDA" 2 1000 2.66666666666667
207.362 22.376 0 0 192.751861823009 14.5987584317211 "LDA" 2 1000 2.7020202020202
214.282 22.659 0 0 203.261530363534 14.6479104407516 "LDA" 2 1000 2.73737373737374
226.064 23.046 0 0 211.510024335478 14.7557994570819 "LDA" 2 1000 2.77272727272727
238.035 23.402 0 0 228.664617469083 14.9103559553323 "LDA" 2 1000 2.80808080808081
253.005 23.763 0 0 245.620663799863 14.9638480260843 "LDA" 2 1000 2.84343434343434
260.187 24.092 0 0 252.614968585302 15.0896399305362 "LDA" 2 1000 2.87878787878788
272.628 24.34 0 0 265.617477324555 15.190561317909 "LDA" 2 1000 2.91414141414141
281.372 24.702 0 0 272.299641407606 15.4585951549345 "LDA" 2 1000 2.94949494949495
290.546 24.943 0 0 276.490862563451 15.5647683250671 "LDA" 2 1000 2.98484848484848
298.46 25.358 0 0 280.986048692029 15.8027707559011 "LDA" 2 1000 3.02020202020202
308.857 25.712 0 0 294.076312253178 15.9677808735599 "LDA" 2 1000 3.05555555555556
319.922 26.117 0 0 301.91397775851 16.3074597728844 "LDA" 2 1000 3.09090909090909
327.891 26.526 0 0 306.424903263981 16.5969510086275 "LDA" 2 1000 3.12626262626263
346.164 26.92 0 0 333.614099629304 16.8865258343673 "LDA" 2 1000 3.16161616161616
369.781 27.363 0 0 360.872354018557 17.295154042487 "LDA" 2 1000 3.1969696969697
384.239 27.596 0 0 370.589098813172 17.4280383440168 "LDA" 2 1000 3.23232323232323
400.859 27.909 0 0 388.636755398465 17.5774766871325 "LDA" 2 1000 3.26767676767677
416.351 28.227 0 0 401.86373095523 17.6748372233204 "LDA" 2 1000 3.3030303030303
440.481 28.481 0 0 433.130707580112 17.7530507183923 "LDA" 2 1000 3.33838383838384
459.335 28.865 0 0 453.926981440275 18.0860133495162 "LDA" 2 1000 3.37373737373737
481.204 29.167 0 0 472.72396843648 18.2003396496704 "LDA" 2 1000 3.40909090909091
500.987 29.614 0 0 487.605925281235 18.3654102130144 "LDA" 2 1000 3.44444444444444
518.346 29.944 0 0 510.024006073019 18.471113827976 "LDA" 2 1000 3.47979797979798
543.85 30.31 0 0 527.271108939531 18.5307660200351 "LDA" 2 1000 3.51515151515152
564.334 30.691 0 0 542.534710738729 18.6304216702578 "LDA" 2 1000 3.55050505050505
587.293 31.065 0 0 562.130176637482 18.7525046708815 "LDA" 2 1000 3.58585858585859
615.069 31.433 0 0 593.094506240222 18.8410853587976 "LDA" 2 1000 3.62121212121212
643.633 31.743 0 0 614.410728140268 19.0515067884646 "LDA" 2 1000 3.65656565656566
673.063 32.025 0 0 643.255441169053 19.1350078004563 "LDA" 2 1000 3.69191919191919
700.242 32.449 0 0 670.079858265007 19.1731846600926 "LDA" 2 1000 3.72727272727273
731.646 32.918 0 0 698.479252340361 19.6605649413697 "LDA" 2 1000 3.76262626262626
757.014 33.167 0 0 725.790280546203 19.7775697006296 "LDA" 2 1000 3.7979797979798
791.454 33.434 0 0 768.620117332853 19.8321193259056 "LDA" 2 1000 3.83333333333333
820.123 33.837 0 0 784.124369534513 20.3079995530295 "LDA" 2 1000 3.86868686868687
869.888 34.21 0 0 838.224863851209 20.4936548690049 "LDA" 2 1000 3.9040404040404
913.236 34.624 0 0 876.451602608904 20.6001210916099 "LDA" 2 1000 3.93939393939394
956.455 35.052 0 0 906.021608533776 21.0310627786995 "LDA" 2 1000 3.97474747474747
1013.504 35.415 0 0 951.457631010235 21.1832364029792 "LDA" 2 1000 4.01010101010101
1048.012 35.847 0 0 988.643736790101 21.3310244386809 "LDA" 2 1000 4.04545454545454
1096.193 36.228 0 0 1049.4725515169 21.4051909171163 "LDA" 2 1000 4.08080808080808
1161.343 36.567 0 0 1132.08903136013 21.4178952569396 "LDA" 2 1000 4.11616161616162
1208.335 36.877 0 0 1174.77755131347 21.4620709972615 "LDA" 2 1000 4.15151515151515
1259.176 37.313 0 0 1225.23356071498 21.620371677459 "LDA" 2 1000 4.18686868686869
1328.274 37.708 0 0 1314.82864483905 21.6957470818924 "LDA" 2 1000 4.22222222222222
1378.092 38.079 0 0 1360.20179475637 21.8921452814708 "LDA" 2 1000 4.25757575757576
1443.671 38.509 0 0 1418.49994743033 22.131554954967 "LDA" 2 1000 4.29292929292929
1504.031 38.944 0 0 1467.09326175185 22.3809689640947 "LDA" 2 1000 4.32828282828283
1559.068 39.3 0 0 1526.98670386149 22.3924411670863 "LDA" 2 1000 4.36363636363636
1630.983 39.623 0 0 1589.35159647204 22.4186856989536 "LDA" 2 1000 4.3989898989899
1696.13213213213 39.827 1 0 1635.0874301906 22.4048889765169 "LDA" 2 1000 4.43434343434343
1769.85485485485 40.178 1 0 1698.87418219473 22.8936330545074 "LDA" 2 1000 4.46969696969697
1820.5025025025 40.527 1 0 1727.56540547794 23.0689715515982 "LDA" 2 1000 4.50505050505051
1898.58976930792 40.829 3 0 1791.07969143193 23.3187805110929 "LDA" 2 1000 4.54040404040404
1956.97891566265 41.184 4 0 1817.02326243734 23.6282550866212 "LDA" 2 1000 4.57575757575758
2018.42713567839 41.472 5 0 1845.50032243508 23.6615105832887 "LDA" 2 1000 4.61111111111111
2077.79195979899 41.87 5 0 1867.76871097087 23.8631210982249 "LDA" 2 1000 4.64646464646465
2134.67806841046 42.197 6 0 1902.55242426362 24.0034238256828 "LDA" 2 1000 4.68181818181818
2200.15943491423 42.648 9 0 1940.92984297808 24.1413939718257 "LDA" 2 1000 4.71717171717172
2251.38686868687 42.957 10 0 1982.32642810729 24.2403949585758 "LDA" 2 1000 4.75252525252525
2328.23660262892 43.248 11 0 2039.94376625156 24.3065691800654 "LDA" 2 1000 4.78787878787879
2378.97267206478 43.622 12 0 2085.93829576057 24.3784623269275 "LDA" 2 1000 4.82323232323232
2425.5663627153 43.895 13 0 2115.69717394743 24.4151197636439 "LDA" 2 1000 4.85858585858586
2493.11800610376 44.535 17 0 2141.70256147396 25.0788700846893 "LDA" 2 1000 4.89393939393939
2548.09713701431 44.898 22 0 2185.34930672355 25.2072807538418 "LDA" 2 1000 4.92929292929293
2624.66325486182 45.206 23 0 2246.05314079645 25.424278907335 "LDA" 2 1000 4.96464646464646
2705.31416837782 45.594 26 0 2300.26013584631 25.7408188244615 "LDA" 2 1000 5
21.699 7.715 0 0 18.9670278944053 4.53788137431636 "uLSIF" 2 1000 1.5
22.578 7.927 0 0 19.7213805005849 4.69549983694161 "uLSIF" 2 1000 1.53535353535354
23.546 8.119 0 0 20.6194822206341 4.77992538505432 "uLSIF" 2 1000 1.57070707070707
24.446 8.304 0 0 21.2832812804338 4.96288365914558 "uLSIF" 2 1000 1.60606060606061
25.716 8.63 0 0 22.3187246380583 5.32836668140355 "uLSIF" 2 1000 1.64141414141414
26.941 8.859 0 0 23.3391138056532 5.48737006499746 "uLSIF" 2 1000 1.67676767676768
28.03 9.105 0 0 24.4362892484156 5.81685574952747 "uLSIF" 2 1000 1.71212121212121
29.557 9.376 0 0 25.8798863892313 5.9187545696418 "uLSIF" 2 1000 1.74747474747475
30.426 9.548 0 0 26.2607339986938 6.05196846673232 "uLSIF" 2 1000 1.78282828282828
31.762 9.705 0 0 27.0559675742965 6.07345551246256 "uLSIF" 2 1000 1.81818181818182
32.894 9.918 0 0 27.7765422668175 6.20207559948617 "uLSIF" 2 1000 1.85353535353535
34.235 10.166 0 0 29.3434287671331 6.41744712698341 "uLSIF" 2 1000 1.88888888888889
35.709 10.452 0 0 30.443474245298 6.55581228183622 "uLSIF" 2 1000 1.92424242424242
37.087 10.693 0 0 31.3207985757615 6.67452622290903 "uLSIF" 2 1000 1.95959595959596
38.915 10.884 0 0 32.9322685114359 6.71607397589169 "uLSIF" 2 1000 1.99494949494949
40.114 11.152 0 0 34.0807937775003 6.85739891795132 "uLSIF" 2 1000 2.03030303030303
41.33 11.406 0 0 35.1188900228415 7.02997756643537 "uLSIF" 2 1000 2.06565656565657
43.503 11.572 0 0 37.5229258049124 7.11248222517311 "uLSIF" 2 1000 2.1010101010101
44.571 11.796 0 0 38.14472413033 7.16615222680468 "uLSIF" 2 1000 2.13636363636364
46.075 11.986 0 0 39.6530419859402 7.21858101789485 "uLSIF" 2 1000 2.17171717171717
47.911 12.212 0 0 40.7667389670305 7.29769225935928 "uLSIF" 2 1000 2.20707070707071
49.001 12.474 0 0 41.2793287491691 7.59625085335042 "uLSIF" 2 1000 2.24242424242424
50.651 12.702 0 0 42.8904977097934 7.80115722531305 "uLSIF" 2 1000 2.27777777777778
52.899 12.962 0 0 44.7355123483018 7.92624636138578 "uLSIF" 2 1000 2.31313131313131
54.376 13.272 0 0 45.6956969606627 8.27396364957415 "uLSIF" 2 1000 2.34848484848485
56.04 13.465 0 0 46.5361581355188 8.40960739253008 "uLSIF" 2 1000 2.38383838383838
57.455 13.697 0 0 47.1235886537476 8.48688507158063 "uLSIF" 2 1000 2.41919191919192
58.928 13.898 0 0 47.9874735072979 8.56182812843734 "uLSIF" 2 1000 2.45454545454545
61.065 14.086 0 0 49.4177993631231 8.55346513208336 "uLSIF" 2 1000 2.48989898989899
62.789 14.315 0 0 51.1483981922957 8.58495640504228 "uLSIF" 2 1000 2.52525252525253
65.207 14.543 0 0 54.0817620643779 8.64366032788563 "uLSIF" 2 1000 2.56060606060606
67.107 14.709 0 0 55.5957411807545 8.65489608408017 "uLSIF" 2 1000 2.5959595959596
69.527 14.895 0 0 59.2013181193381 8.77456369103148 "uLSIF" 2 1000 2.63131313131313
71.588 15.167 0 0 60.5155218467492 8.8600005987929 "uLSIF" 2 1000 2.66666666666667
73.114 15.477 0 0 61.1825326895374 9.04097396358435 "uLSIF" 2 1000 2.7020202020202
75.213 15.71 0 0 63.8887893797371 9.12629109711 "uLSIF" 2 1000 2.73737373737374
77.853 15.991 0 0 65.4957638789417 9.36635722400377 "uLSIF" 2 1000 2.77272727272727
81.214 16.173 0 0 70.2902477085045 9.42623598924432 "uLSIF" 2 1000 2.80808080808081
82.814 16.375 0 0 71.363773668383 9.50171866862294 "uLSIF" 2 1000 2.84343434343434
86.038 16.631 0 0 75.2010089543202 9.49721201385101 "uLSIF" 2 1000 2.87878787878788
88.474 16.892 0 0 77.665869668158 9.55141694020136 "uLSIF" 2 1000 2.91414141414141
90.13 17.075 0 0 78.4808278520324 9.67693226275859 "uLSIF" 2 1000 2.94949494949495
92.64 17.272 0 0 80.6991620449355 9.7160906962841 "uLSIF" 2 1000 2.98484848484848
95.541 17.432 0 0 83.0349150425056 9.78085073196811 "uLSIF" 2 1000 3.02020202020202
97.746 17.612 0 0 84.6394667003717 9.83219853990592 "uLSIF" 2 1000 3.05555555555556
99.91 17.829 0 0 86.2518131709431 9.88237928944343 "uLSIF" 2 1000 3.09090909090909
102.438 18.061 0 0 89.9178590569047 10.024258813736 "uLSIF" 2 1000 3.12626262626263
105.8 18.291 0 0 92.6743574919003 10.1646268322373 "uLSIF" 2 1000 3.16161616161616
109.222 18.532 0 0 97.6652303187435 10.3343976977749 "uLSIF" 2 1000 3.1969696969697
111.857 18.757 0 0 99.6947822135171 10.3412229398603 "uLSIF" 2 1000 3.23232323232323
115.379 18.942 0 0 102.646323005876 10.3868437228314 "uLSIF" 2 1000 3.26767676767677
117.754 19.142 0 0 104.876740102916 10.4410177114518 "uLSIF" 2 1000 3.3030303030303
120.78 19.457 0 0 107.39317899613 10.6181399452021 "uLSIF" 2 1000 3.33838383838384
124.557 19.786 0 0 110.716398387375 10.882032099871 "uLSIF" 2 1000 3.37373737373737
129.488 20.011 0 0 115.914606724313 10.9649034700771 "uLSIF" 2 1000 3.40909090909091
133.524 20.297 0 0 119.053547495113 11.0659498573889 "uLSIF" 2 1000 3.44444444444444
136.47 20.583 0 0 120.958728970315 11.2409728435963 "uLSIF" 2 1000 3.47979797979798
140.303 20.847 0 0 124.826394724112 11.3423207166452 "uLSIF" 2 1000 3.51515151515152
143.859 21.134 0 0 127.007322540785 11.403160793222 "uLSIF" 2 1000 3.55050505050505
147.471 21.356 0 0 130.67567980421 11.4321458159856 "uLSIF" 2 1000 3.58585858585859
151.034 21.573 0 0 133.545277659621 11.4851460408468 "uLSIF" 2 1000 3.62121212121212
159.646 21.829 0 0 144.805902619449 11.5943170211612 "uLSIF" 2 1000 3.65656565656566
162.845 22.112 0 0 148.18971342899 11.7106188817925 "uLSIF" 2 1000 3.69191919191919
165.332 22.284 0 0 151.221121552525 11.8110475760978 "uLSIF" 2 1000 3.72727272727273
169.676 22.495 0 0 155.761248680763 11.8602968614467 "uLSIF" 2 1000 3.76262626262626
173.012 22.655 0 0 158.879251233358 11.8474612190687 "uLSIF" 2 1000 3.7979797979798
177.079 22.909 0 0 162.883577498834 11.9012755349735 "uLSIF" 2 1000 3.83333333333333
182.303 23.097 0 0 166.305744915177 11.9454713295577 "uLSIF" 2 1000 3.86868686868687
189.721 23.376 0 0 177.484088753783 12.104922682659 "uLSIF" 2 1000 3.9040404040404
196.161 23.524 0 0 183.655188620707 12.1030536604573 "uLSIF" 2 1000 3.93939393939394
199.943 23.709 0 0 188.13380365867 12.160024061867 "uLSIF" 2 1000 3.97474747474747
202.923 23.983 0 0 189.34048402254 12.2896601558687 "uLSIF" 2 1000 4.01010101010101
206.707 24.271 0 0 191.120585571595 12.394401162629 "uLSIF" 2 1000 4.04545454545454
211.855 24.466 0 0 197.079725982642 12.4445856384097 "uLSIF" 2 1000 4.08080808080808
217.246 24.759 0 0 203.621534257095 12.6722336036117 "uLSIF" 2 1000 4.11616161616162
221.977 25.075 0 0 205.781691546103 13.3134000774266 "uLSIF" 2 1000 4.15151515151515
231.279 25.346 0 0 221.681582191401 13.3664110719723 "uLSIF" 2 1000 4.18686868686869
241.337 25.542 0 0 229.541719153255 13.4409409973742 "uLSIF" 2 1000 4.22222222222222
246.649 25.91 0 0 232.666429607854 13.5516621691786 "uLSIF" 2 1000 4.25757575757576
249.207 26.15 0 0 233.338863407226 13.6050945824937 "uLSIF" 2 1000 4.29292929292929
254.367 26.311 0 0 236.517328662738 13.6384855202947 "uLSIF" 2 1000 4.32828282828283
259.675 26.558 0 0 240.227443477217 13.7886461540922 "uLSIF" 2 1000 4.36363636363636
266.102 26.804 0 0 245.875318542281 13.8638302712414 "uLSIF" 2 1000 4.3989898989899
269.669 26.987 0 0 248.264207157527 13.8568699150942 "uLSIF" 2 1000 4.43434343434343
274.837 27.139 0 0 251.921374261514 13.8449760694037 "uLSIF" 2 1000 4.46969696969697
281.874 27.343 0 0 258.869294114685 13.8970672977963 "uLSIF" 2 1000 4.50505050505051
287.433 27.67 0 0 263.041430777179 14.2443673780903 "uLSIF" 2 1000 4.54040404040404
291.787 27.98 0 0 266.593698032851 14.4860431259004 "uLSIF" 2 1000 4.57575757575758
297.456 28.24 0 0 273.303906099216 14.5318813501754 "uLSIF" 2 1000 4.61111111111111
303.514 28.474 0 0 276.945002371118 14.5707113631981 "uLSIF" 2 1000 4.64646464646465
305.865 28.683 0 0 277.654387204189 14.6361445650051 "uLSIF" 2 1000 4.68181818181818
314.384 28.915 0 0 286.151423517656 14.8692592239785 "uLSIF" 2 1000 4.71717171717172
321.659 29.075 0 0 292.912742286152 14.913141076808 "uLSIF" 2 1000 4.75252525252525
328.94 29.508 0 0 299.007909811982 15.2051021414238 "uLSIF" 2 1000 4.78787878787879
337.022 29.709 0 0 310.477277196989 15.221103803634 "uLSIF" 2 1000 4.82323232323232
345.407 30.034 0 0 316.553163396382 15.5648034715221 "uLSIF" 2 1000 4.85858585858586
352.811 30.202 0 0 324.678002156112 15.5798564796961 "uLSIF" 2 1000 4.89393939393939
361.526 30.442 0 0 334.253021536689 15.6204556474718 "uLSIF" 2 1000 4.92929292929293
372.263 30.696 0 0 347.113776454932 15.7227474949129 "uLSIF" 2 1000 4.96464646464646
379.249 30.939 0 0 355.686046342224 15.8959731051912 "uLSIF" 2 1000 5
