150.995 15.21 0 0 "KDE LDA" 45 800 2.4
151.005 15.22 0 0 "KDE LDA" 45 800 2.41010101010101
151.005 15.23 0 0 "KDE LDA" 45 800 2.42020202020202
153.295 15.235 0 0 "KDE LDA" 45 800 2.43030303030303
153.51 15.24 0 0 "KDE LDA" 45 800 2.44040404040404
153.52 15.26 0 0 "KDE LDA" 45 800 2.45050505050505
154.085 15.26 0 0 "KDE LDA" 45 800 2.46060606060606
154.105 15.32 0 0 "KDE LDA" 45 800 2.47070707070707
154.615 15.32 0 0 "KDE LDA" 45 800 2.48080808080808
155.43 15.355 0 0 "KDE LDA" 45 800 2.49090909090909
155.43 15.38 0 0 "KDE LDA" 45 800 2.5010101010101
157.98 15.385 0 0 "KDE LDA" 45 800 2.51111111111111
158.765 15.415 0 0 "KDE LDA" 45 800 2.52121212121212
162.895 15.65 0 0 "KDE LDA" 45 800 2.53131313131313
166.2 15.695 0 0 "KDE LDA" 45 800 2.54141414141414
166.295 15.705 0 0 "KDE LDA" 45 800 2.55151515151515
166.35 15.715 0 0 "KDE LDA" 45 800 2.56161616161616
166.495 15.81 0 0 "KDE LDA" 45 800 2.57171717171717
166.505 15.815 0 0 "KDE LDA" 45 800 2.58181818181818
167.79 15.83 0 0 "KDE LDA" 45 800 2.59191919191919
168.14 15.83 0 0 "KDE LDA" 45 800 2.6020202020202
168.375 15.83 0 0 "KDE LDA" 45 800 2.61212121212121
169.255 15.86 0 0 "KDE LDA" 45 800 2.62222222222222
169.825 15.895 0 0 "KDE LDA" 45 800 2.63232323232323
170.505 15.97 0 0 "KDE LDA" 45 800 2.64242424242424
171.925 16.095 0 0 "KDE LDA" 45 800 2.65252525252525
182.66 16.17 0 0 "KDE LDA" 45 800 2.66262626262626
185.99 16.425 0 0 "KDE LDA" 45 800 2.67272727272727
189.045 16.445 0 0 "KDE LDA" 45 800 2.68282828282828
189.9 16.595 0 0 "KDE LDA" 45 800 2.69292929292929
189.955 16.6 0 0 "KDE LDA" 45 800 2.7030303030303
189.955 16.68 0 0 "KDE LDA" 45 800 2.71313131313131
192.465 16.7 0 0 "KDE LDA" 45 800 2.72323232323232
195.14 16.72 0 0 "KDE LDA" 45 800 2.73333333333333
195.96 17.435 0 0 "KDE LDA" 45 800 2.74343434343434
197.73 17.45 0 0 "KDE LDA" 45 800 2.75353535353535
202.325 17.535 0 0 "KDE LDA" 45 800 2.76363636363636
205.1 17.6 0 0 "KDE LDA" 45 800 2.77373737373737
213.355 17.715 0 0 "KDE LDA" 45 800 2.78383838383838
215.685 18.27 0 0 "KDE LDA" 45 800 2.79393939393939
260.045 19.02 0 0 "KDE LDA" 45 800 2.8040404040404
260.96 19.03 0 0 "KDE LDA" 45 800 2.81414141414141
265.44 19.045 0 0 "KDE LDA" 45 800 2.82424242424242
265.445 19.045 0 0 "KDE LDA" 45 800 2.83434343434343
270.765 19.07 0 0 "KDE LDA" 45 800 2.84444444444444
271.985 19.095 0 0 "KDE LDA" 45 800 2.85454545454545
275.935 19.105 0 0 "KDE LDA" 45 800 2.86464646464646
280.235 19.14 0 0 "KDE LDA" 45 800 2.87474747474747
283.93 19.165 0 0 "KDE LDA" 45 800 2.88484848484848
291.385 19.17 0 0 "KDE LDA" 45 800 2.89494949494949
293.76 19.175 0 0 "KDE LDA" 45 800 2.90505050505051
294.095 19.21 0 0 "KDE LDA" 45 800 2.91515151515152
294.115 19.26 0 0 "KDE LDA" 45 800 2.92525252525253
304.64 19.29 0 0 "KDE LDA" 45 800 2.93535353535354
323.365 19.305 0 0 "KDE LDA" 45 800 2.94545454545455
326.895 19.36 0 0 "KDE LDA" 45 800 2.95555555555556
327.57 19.445 0 0 "KDE LDA" 45 800 2.96565656565657
333.2 19.54 0 0 "KDE LDA" 45 800 2.97575757575758
333.205 19.58 0 0 "KDE LDA" 45 800 2.98585858585859
333.245 19.6 0 0 "KDE LDA" 45 800 2.9959595959596
333.245 19.635 0 0 "KDE LDA" 45 800 3.00606060606061
333.245 19.645 0 0 "KDE LDA" 45 800 3.01616161616162
333.35 19.7 0 0 "KDE LDA" 45 800 3.02626262626263
334.06 19.705 0 0 "KDE LDA" 45 800 3.03636363636364
335.64 19.805 0 0 "KDE LDA" 45 800 3.04646464646465
339.25 19.865 0 0 "KDE LDA" 45 800 3.05656565656566
343.135 19.885 0 0 "KDE LDA" 45 800 3.06666666666667
344.19 20.05 0 0 "KDE LDA" 45 800 3.07676767676768
349.67 20.21 0 0 "KDE LDA" 45 800 3.08686868686869
367.055 20.505 0 0 "KDE LDA" 45 800 3.0969696969697
371.695 20.595 0 0 "KDE LDA" 45 800 3.10707070707071
373.43 20.63 0 0 "KDE LDA" 45 800 3.11717171717172
373.43 20.63 0 0 "KDE LDA" 45 800 3.12727272727273
374.405 20.645 0 0 "KDE LDA" 45 800 3.13737373737374
374.43 20.835 0 0 "KDE LDA" 45 800 3.14747474747475
380.99 20.84 0 0 "KDE LDA" 45 800 3.15757575757576
385.27 20.845 0 0 "KDE LDA" 45 800 3.16767676767677
385.28 21.005 0 0 "KDE LDA" 45 800 3.17777777777778
385.325 21.12 0 0 "KDE LDA" 45 800 3.18787878787879
390.88 21.125 0 0 "KDE LDA" 45 800 3.1979797979798
390.925 21.15 0 0 "KDE LDA" 45 800 3.20808080808081
395.71 21.205 0 0 "KDE LDA" 45 800 3.21818181818182
443.66 21.305 0 0 "KDE LDA" 45 800 3.22828282828283
451.895 21.365 0 0 "KDE LDA" 45 800 3.23838383838384
455.495 21.495 0 0 "KDE LDA" 45 800 3.24848484848485
464.205 21.86 0 0 "KDE LDA" 45 800 3.25858585858586
475.54 21.94 0 0 "KDE LDA" 45 800 3.26868686868687
478.195 21.995 0 0 "KDE LDA" 45 800 3.27878787878788
480.275 22.005 0 0 "KDE LDA" 45 800 3.28888888888889
491.495 22.115 0 0 "KDE LDA" 45 800 3.2989898989899
494.77 22.205 0 0 "KDE LDA" 45 800 3.30909090909091
511.565 22.21 0 0 "KDE LDA" 45 800 3.31919191919192
515.58 22.225 0 0 "KDE LDA" 45 800 3.32929292929293
521.655 22.825 0 0 "KDE LDA" 45 800 3.33939393939394
530.215 23.1 0 0 "KDE LDA" 45 800 3.34949494949495
598.825 23.465 0 0 "KDE LDA" 45 800 3.35959595959596
608.605 23.485 0 0 "KDE LDA" 45 800 3.36969696969697
639.615 23.55 0 0 "KDE LDA" 45 800 3.37979797979798
644.175 23.55 0 0 "KDE LDA" 45 800 3.38989898989899
646.145 23.69 0 0 "KDE LDA" 45 800 3.4
291.85 18.84 0 0 "KDE QDA" 45 800 4.3
293.045 18.84 0 0 "KDE QDA" 45 800 4.31010101010101
295.015 18.85 0 0 "KDE QDA" 45 800 4.32020202020202
295.035 18.89 0 0 "KDE QDA" 45 800 4.33030303030303
296.875 18.9 0 0 "KDE QDA" 45 800 4.34040404040404
317.43 19.45 0 0 "KDE QDA" 45 800 4.35050505050505
321.085 19.455 0 0 "KDE QDA" 45 800 4.36060606060606
326.675 19.485 0 0 "KDE QDA" 45 800 4.37070707070707
326.8 19.5 0 0 "KDE QDA" 45 800 4.38080808080808
326.835 19.535 0 0 "KDE QDA" 45 800 4.39090909090909
330.875 19.58 0 0 "KDE QDA" 45 800 4.4010101010101
332.455 19.795 0 0 "KDE QDA" 45 800 4.41111111111111
332.46 19.81 0 0 "KDE QDA" 45 800 4.42121212121212
332.495 19.815 0 0 "KDE QDA" 45 800 4.43131313131313
332.525 19.865 0 0 "KDE QDA" 45 800 4.44141414141414
336.69 20 0 0 "KDE QDA" 45 800 4.45151515151515
337.33 20.085 0 0 "KDE QDA" 45 800 4.46161616161616
337.34 20.09 0 0 "KDE QDA" 45 800 4.47171717171717
358.425 20.34 0 0 "KDE QDA" 45 800 4.48181818181818
360.99 20.395 0 0 "KDE QDA" 45 800 4.49191919191919
361.74 20.47 0 0 "KDE QDA" 45 800 4.5020202020202
364.355 20.915 0 0 "KDE QDA" 45 800 4.51212121212121
364.465 20.92 0 0 "KDE QDA" 45 800 4.52222222222222
376.5 20.975 0 0 "KDE QDA" 45 800 4.53232323232323
386.705 20.985 0 0 "KDE QDA" 45 800 4.54242424242424
387.945 20.995 0 0 "KDE QDA" 45 800 4.55252525252525
387.995 20.995 0 0 "KDE QDA" 45 800 4.56262626262626
397.96 20.995 0 0 "KDE QDA" 45 800 4.57272727272727
404.07 21.025 0 0 "KDE QDA" 45 800 4.58282828282828
404.075 21.035 0 0 "KDE QDA" 45 800 4.59292929292929
404.145 21.05 0 0 "KDE QDA" 45 800 4.6030303030303
407.945 21.08 0 0 "KDE QDA" 45 800 4.61313131313131
415.74 21.095 0 0 "KDE QDA" 45 800 4.62323232323232
416.135 21.095 0 0 "KDE QDA" 45 800 4.63333333333333
428.445 21.23 0 0 "KDE QDA" 45 800 4.64343434343434
428.49 21.24 0 0 "KDE QDA" 45 800 4.65353535353535
434.74 21.295 0 0 "KDE QDA" 45 800 4.66363636363636
436.47 21.315 0 0 "KDE QDA" 45 800 4.67373737373737
436.515 21.315 0 0 "KDE QDA" 45 800 4.68383838383838
436.525 21.41 0 0 "KDE QDA" 45 800 4.69393939393939
447.1 21.415 0 0 "KDE QDA" 45 800 4.7040404040404
452.085 21.445 0 0 "KDE QDA" 45 800 4.71414141414141
452.085 21.535 0 0 "KDE QDA" 45 800 4.72424242424242
453.01 21.54 0 0 "KDE QDA" 45 800 4.73434343434343
460.635 21.56 0 0 "KDE QDA" 45 800 4.74444444444444
466.55 21.65 0 0 "KDE QDA" 45 800 4.75454545454545
466.59 21.655 0 0 "KDE QDA" 45 800 4.76464646464646
467.96 21.905 0 0 "KDE QDA" 45 800 4.77474747474747
467.965 22 0 0 "KDE QDA" 45 800 4.78484848484849
468.03 22.1 0 0 "KDE QDA" 45 800 4.79494949494949
468.075 22.17 0 0 "KDE QDA" 45 800 4.80505050505051
468.91 22.225 0 0 "KDE QDA" 45 800 4.81515151515152
468.935 22.235 0 0 "KDE QDA" 45 800 4.82525252525252
469.325 22.245 0 0 "KDE QDA" 45 800 4.83535353535354
469.335 22.25 0 0 "KDE QDA" 45 800 4.84545454545455
477.365 22.27 0 0 "KDE QDA" 45 800 4.85555555555556
480.355 22.275 0 0 "KDE QDA" 45 800 4.86565656565657
484.73 22.32 0 0 "KDE QDA" 45 800 4.87575757575758
491.945 22.335 0 0 "KDE QDA" 45 800 4.88585858585859
491.955 22.345 0 0 "KDE QDA" 45 800 4.8959595959596
513.9 22.53 0 0 "KDE QDA" 45 800 4.90606060606061
513.905 22.535 0 0 "KDE QDA" 45 800 4.91616161616162
516.49 22.58 0 0 "KDE QDA" 45 800 4.92626262626263
525.625 22.775 0 0 "KDE QDA" 45 800 4.93636363636364
531.135 22.785 0 0 "KDE QDA" 45 800 4.94646464646465
534.51 22.8 0 0 "KDE QDA" 45 800 4.95656565656566
536 22.82 0 0 "KDE QDA" 45 800 4.96666666666667
536.22 22.83 0 0 "KDE QDA" 45 800 4.97676767676768
536.275 22.86 0 0 "KDE QDA" 45 800 4.98686868686869
538.81 22.89 0 0 "KDE QDA" 45 800 4.9969696969697
542.64 22.935 0 0 "KDE QDA" 45 800 5.00707070707071
547.82 22.97 0 0 "KDE QDA" 45 800 5.01717171717172
550.74 22.99 0 0 "KDE QDA" 45 800 5.02727272727273
564.155 23.295 0 0 "KDE QDA" 45 800 5.03737373737374
564.605 23.295 0 0 "KDE QDA" 45 800 5.04747474747475
578.37 23.4 0 0 "KDE QDA" 45 800 5.05757575757576
596.585 23.54 0 0 "KDE QDA" 45 800 5.06767676767677
598.57 23.555 0 0 "KDE QDA" 45 800 5.07777777777778
604.46 23.58 0 0 "KDE QDA" 45 800 5.08787878787879
604.48 23.6 0 0 "KDE QDA" 45 800 5.0979797979798
606.115 23.62 0 0 "KDE QDA" 45 800 5.10808080808081
606.13 23.63 0 0 "KDE QDA" 45 800 5.11818181818182
606.865 23.63 0 0 "KDE QDA" 45 800 5.12828282828283
612.865 23.645 0 0 "KDE QDA" 45 800 5.13838383838384
618.685 23.67 0 0 "KDE QDA" 45 800 5.14848484848485
621.75 23.675 0 0 "KDE QDA" 45 800 5.15858585858586
621.621212121212 23.68 2 0 "KDE QDA" 45 800 5.16868686868687
632.590909090909 23.725 2 0 "KDE QDA" 45 800 5.17878787878788
643.954545454545 23.725 2 0 "KDE QDA" 45 800 5.18888888888889
646.742424242424 23.91 2 0 "KDE QDA" 45 800 5.1989898989899
647.873737373737 23.915 2 0 "KDE QDA" 45 800 5.20909090909091
647.893939393939 23.93 2 0 "KDE QDA" 45 800 5.21919191919192
660.116161616162 24.01 2 0 "KDE QDA" 45 800 5.22929292929293
662.287878787879 24.015 2 0 "KDE QDA" 45 800 5.23939393939394
662.368686868687 24.095 2 0 "KDE QDA" 45 800 5.24949494949495
663.99494949495 24.16 2 0 "KDE QDA" 45 800 5.25959595959596
664.045454545455 24.175 2 0 "KDE QDA" 45 800 5.26969696969697
664.055555555556 24.23 2 0 "KDE QDA" 45 800 5.27979797979798
666.762626262626 24.245 2 0 "KDE QDA" 45 800 5.28989898989899
667.308080808081 24.245 2 0 "KDE QDA" 45 800 5.3
