136.34 14.03 0 0 "KDE LDA" 149 1000 2.5
136.35 14.04 0 0 "KDE LDA" 149 1000 2.51010101010101
138.905 14.175 0 0 "KDE LDA" 149 1000 2.52020202020202
141.46 14.235 0 0 "KDE LDA" 149 1000 2.53030303030303
148.69 14.36 0 0 "KDE LDA" 149 1000 2.54040404040404
148.695 14.37 0 0 "KDE LDA" 149 1000 2.55050505050505
148.715 14.565 0 0 "KDE LDA" 149 1000 2.56060606060606
150.095 14.57 0 0 "KDE LDA" 149 1000 2.57070707070707
150.135 14.655 0 0 "KDE LDA" 149 1000 2.58080808080808
151.915 14.66 0 0 "KDE LDA" 149 1000 2.59090909090909
155.735 14.66 0 0 "KDE LDA" 149 1000 2.6010101010101
158.31 14.68 0 0 "KDE LDA" 149 1000 2.61111111111111
158.34 14.69 0 0 "KDE LDA" 149 1000 2.62121212121212
158.345 14.7 0 0 "KDE LDA" 149 1000 2.63131313131313
159.68 14.905 0 0 "KDE LDA" 149 1000 2.64141414141414
160.985 15.03 0 0 "KDE LDA" 149 1000 2.65151515151515
171.725 15.18 0 0 "KDE LDA" 149 1000 2.66161616161616
182.39 15.545 0 0 "KDE LDA" 149 1000 2.67171717171717
182.39 15.545 0 0 "KDE LDA" 149 1000 2.68181818181818
183.325 15.6 0 0 "KDE LDA" 149 1000 2.69191919191919
183.33 15.605 0 0 "KDE LDA" 149 1000 2.7020202020202
184.195 15.755 0 0 "KDE LDA" 149 1000 2.71212121212121
185.11 15.76 0 0 "KDE LDA" 149 1000 2.72222222222222
186.58 15.85 0 0 "KDE LDA" 149 1000 2.73232323232323
186.595 15.855 0 0 "KDE LDA" 149 1000 2.74242424242424
187.485 15.865 0 0 "KDE LDA" 149 1000 2.75252525252525
189.12 15.925 0 0 "KDE LDA" 149 1000 2.76262626262626
189.16 15.93 0 0 "KDE LDA" 149 1000 2.77272727272727
193.715 16.03 0 0 "KDE LDA" 149 1000 2.78282828282828
206.4 16.1 0 0 "KDE LDA" 149 1000 2.79292929292929
241.11 16.91 0 0 "KDE LDA" 149 1000 2.8030303030303
243.79 16.93 0 0 "KDE LDA" 149 1000 2.81313131313131
244.795 16.96 0 0 "KDE LDA" 149 1000 2.82323232323232
245.02 16.995 0 0 "KDE LDA" 149 1000 2.83333333333333
245.05 17.005 0 0 "KDE LDA" 149 1000 2.84343434343434
245.055 17.005 0 0 "KDE LDA" 149 1000 2.85353535353535
245.055 17.015 0 0 "KDE LDA" 149 1000 2.86363636363636
246.15 17.04 0 0 "KDE LDA" 149 1000 2.87373737373737
248.09 17.145 0 0 "KDE LDA" 149 1000 2.88383838383838
248.115 17.165 0 0 "KDE LDA" 149 1000 2.89393939393939
254.41 17.165 0 0 "KDE LDA" 149 1000 2.9040404040404
254.75 17.19 0 0 "KDE LDA" 149 1000 2.91414141414141
257.05 17.26 0 0 "KDE LDA" 149 1000 2.92424242424242
257.345 17.305 0 0 "KDE LDA" 149 1000 2.93434343434343
258.6 17.325 0 0 "KDE LDA" 149 1000 2.94444444444444
258.635 17.395 0 0 "KDE LDA" 149 1000 2.95454545454545
261.835 17.645 0 0 "KDE LDA" 149 1000 2.96464646464646
265.175 17.645 0 0 "KDE LDA" 149 1000 2.97474747474747
272.36 17.805 0 0 "KDE LDA" 149 1000 2.98484848484848
272.36 17.81 0 0 "KDE LDA" 149 1000 2.99494949494949
272.925 17.82 0 0 "KDE LDA" 149 1000 3.00505050505051
272.94 17.845 0 0 "KDE LDA" 149 1000 3.01515151515152
275.4 17.87 0 0 "KDE LDA" 149 1000 3.02525252525253
275.42 17.885 0 0 "KDE LDA" 149 1000 3.03535353535354
275.445 17.91 0 0 "KDE LDA" 149 1000 3.04545454545455
275.45 18.065 0 0 "KDE LDA" 149 1000 3.05555555555556
278.92 18.145 0 0 "KDE LDA" 149 1000 3.06565656565657
280.89 18.155 0 0 "KDE LDA" 149 1000 3.07575757575758
286.945 18.38 0 0 "KDE LDA" 149 1000 3.08585858585859
305.295 18.475 0 0 "KDE LDA" 149 1000 3.0959595959596
310.82 18.49 0 0 "KDE LDA" 149 1000 3.10606060606061
315.95 18.5 0 0 "KDE LDA" 149 1000 3.11616161616162
315.95 18.65 0 0 "KDE LDA" 149 1000 3.12626262626263
317.055 18.67 0 0 "KDE LDA" 149 1000 3.13636363636364
317.13 18.68 0 0 "KDE LDA" 149 1000 3.14646464646465
319.525 18.685 0 0 "KDE LDA" 149 1000 3.15656565656566
319.525 18.765 0 0 "KDE LDA" 149 1000 3.16666666666667
327.345 18.81 0 0 "KDE LDA" 149 1000 3.17676767676768
327.49 18.87 0 0 "KDE LDA" 149 1000 3.18686868686869
335.905 18.915 0 0 "KDE LDA" 149 1000 3.1969696969697
345.54 19.07 0 0 "KDE LDA" 149 1000 3.20707070707071
351.055 19.29 0 0 "KDE LDA" 149 1000 3.21717171717172
384.175 19.74 0 0 "KDE LDA" 149 1000 3.22727272727273
384.77 19.82 0 0 "KDE LDA" 149 1000 3.23737373737374
386.05 19.88 0 0 "KDE LDA" 149 1000 3.24747474747475
387.23 19.89 0 0 "KDE LDA" 149 1000 3.25757575757576
394.62 19.92 0 0 "KDE LDA" 149 1000 3.26767676767677
395.23 19.92 0 0 "KDE LDA" 149 1000 3.27777777777778
395.23 19.935 0 0 "KDE LDA" 149 1000 3.28787878787879
395.3 19.935 0 0 "KDE LDA" 149 1000 3.2979797979798
395.365 19.97 0 0 "KDE LDA" 149 1000 3.30808080808081
399.315 19.995 0 0 "KDE LDA" 149 1000 3.31818181818182
401.9 20 0 0 "KDE LDA" 149 1000 3.32828282828283
402.62 20.01 0 0 "KDE LDA" 149 1000 3.33838383838384
410.92 20.155 0 0 "KDE LDA" 149 1000 3.34848484848485
476.465 21.1 0 0 "KDE LDA" 149 1000 3.35858585858586
483.935 21.105 0 0 "KDE LDA" 149 1000 3.36868686868687
485.96 21.135 0 0 "KDE LDA" 149 1000 3.37878787878788
493.07 21.29 0 0 "KDE LDA" 149 1000 3.38888888888889
499.14 21.46 0 0 "KDE LDA" 149 1000 3.3989898989899
506.845 21.465 0 0 "KDE LDA" 149 1000 3.40909090909091
515.55 21.475 0 0 "KDE LDA" 149 1000 3.41919191919192
515.555 21.5 0 0 "KDE LDA" 149 1000 3.42929292929293
515.555 21.51 0 0 "KDE LDA" 149 1000 3.43939393939394
516.295 21.555 0 0 "KDE LDA" 149 1000 3.44949494949495
532.945 21.57 0 0 "KDE LDA" 149 1000 3.45959595959596
548.365 21.605 0 0 "KDE LDA" 149 1000 3.46969696969697
554.08 21.7 0 0 "KDE LDA" 149 1000 3.47979797979798
559.235 21.735 0 0 "KDE LDA" 149 1000 3.48989898989899
559.4 21.775 0 0 "KDE LDA" 149 1000 3.5
161.435 14.265 0 0 "KDE QDA" 149 1000 3.5
163.42 14.275 0 0 "KDE QDA" 149 1000 3.51010101010101
164.09 14.395 0 0 "KDE QDA" 149 1000 3.52020202020202
165.44 14.43 0 0 "KDE QDA" 149 1000 3.53030303030303
172.225 14.47 0 0 "KDE QDA" 149 1000 3.54040404040404
172.695 14.505 0 0 "KDE QDA" 149 1000 3.55050505050505
172.695 14.52 0 0 "KDE QDA" 149 1000 3.56060606060606
174.42 14.52 0 0 "KDE QDA" 149 1000 3.57070707070707
174.455 14.53 0 0 "KDE QDA" 149 1000 3.58080808080808
174.675 14.545 0 0 "KDE QDA" 149 1000 3.59090909090909
177.06 14.575 0 0 "KDE QDA" 149 1000 3.6010101010101
179.86 14.615 0 0 "KDE QDA" 149 1000 3.61111111111111
179.86 14.615 0 0 "KDE QDA" 149 1000 3.62121212121212
179.875 14.62 0 0 "KDE QDA" 149 1000 3.63131313131313
179.905 14.62 0 0 "KDE QDA" 149 1000 3.64141414141414
185.94 14.895 0 0 "KDE QDA" 149 1000 3.65151515151515
188.16 15.005 0 0 "KDE QDA" 149 1000 3.66161616161616
188.175 15.005 0 0 "KDE QDA" 149 1000 3.67171717171717
192.405 15.025 0 0 "KDE QDA" 149 1000 3.68181818181818
192.705 15.035 0 0 "KDE QDA" 149 1000 3.69191919191919
193.71 15.04 0 0 "KDE QDA" 149 1000 3.7020202020202
193.835 15.105 0 0 "KDE QDA" 149 1000 3.71212121212121
193.92 15.105 0 0 "KDE QDA" 149 1000 3.72222222222222
193.93 15.11 0 0 "KDE QDA" 149 1000 3.73232323232323
193.93 15.11 0 0 "KDE QDA" 149 1000 3.74242424242424
194.78 15.125 0 0 "KDE QDA" 149 1000 3.75252525252525
198.955 15.125 0 0 "KDE QDA" 149 1000 3.76262626262626
199 15.13 0 0 "KDE QDA" 149 1000 3.77272727272727
200.425 15.145 0 0 "KDE QDA" 149 1000 3.78282828282828
206.725 15.605 0 0 "KDE QDA" 149 1000 3.79292929292929
207.835 15.625 0 0 "KDE QDA" 149 1000 3.8030303030303
213.985 15.7 0 0 "KDE QDA" 149 1000 3.81313131313131
214.71 15.735 0 0 "KDE QDA" 149 1000 3.82323232323232
214.73 15.775 0 0 "KDE QDA" 149 1000 3.83333333333333
216.025 15.855 0 0 "KDE QDA" 149 1000 3.84343434343434
216.135 15.855 0 0 "KDE QDA" 149 1000 3.85353535353535
218.145 15.86 0 0 "KDE QDA" 149 1000 3.86363636363636
220.47 15.875 0 0 "KDE QDA" 149 1000 3.87373737373737
221.745 15.875 0 0 "KDE QDA" 149 1000 3.88383838383838
227.14 15.89 0 0 "KDE QDA" 149 1000 3.89393939393939
228.745 15.93 0 0 "KDE QDA" 149 1000 3.9040404040404
228.755 15.945 0 0 "KDE QDA" 149 1000 3.91414141414141
250.345 16.5 0 0 "KDE QDA" 149 1000 3.92424242424242
252.31 16.525 0 0 "KDE QDA" 149 1000 3.93434343434343
253.075 16.675 0 0 "KDE QDA" 149 1000 3.94444444444444
256.68 16.715 0 0 "KDE QDA" 149 1000 3.95454545454545
256.71 16.715 0 0 "KDE QDA" 149 1000 3.96464646464646
264.275 16.715 0 0 "KDE QDA" 149 1000 3.97474747474747
264.295 16.755 0 0 "KDE QDA" 149 1000 3.98484848484848
268.88 16.76 0 0 "KDE QDA" 149 1000 3.99494949494949
268.88 16.765 0 0 "KDE QDA" 149 1000 4.00505050505051
270.76 16.77 0 0 "KDE QDA" 149 1000 4.01515151515152
270.765 16.775 0 0 "KDE QDA" 149 1000 4.02525252525253
271.475 16.775 0 0 "KDE QDA" 149 1000 4.03535353535354
271.955 16.815 0 0 "KDE QDA" 149 1000 4.04545454545455
271.985 16.815 0 0 "KDE QDA" 149 1000 4.05555555555556
271.99 16.84 0 0 "KDE QDA" 149 1000 4.06565656565657
275.15 16.875 0 0 "KDE QDA" 149 1000 4.07575757575758
279.215 17.13 0 0 "KDE QDA" 149 1000 4.08585858585859
279.245 17.17 0 0 "KDE QDA" 149 1000 4.0959595959596
279.315 17.305 0 0 "KDE QDA" 149 1000 4.10606060606061
281.11 17.325 0 0 "KDE QDA" 149 1000 4.11616161616162
282.57 17.325 0 0 "KDE QDA" 149 1000 4.12626262626263
285.12 17.335 0 0 "KDE QDA" 149 1000 4.13636363636364
285.125 17.37 0 0 "KDE QDA" 149 1000 4.14646464646465
287.13 17.395 0 0 "KDE QDA" 149 1000 4.15656565656566
287.16 17.395 0 0 "KDE QDA" 149 1000 4.16666666666667
287.175 17.395 0 0 "KDE QDA" 149 1000 4.17676767676768
288.45 17.4 0 0 "KDE QDA" 149 1000 4.18686868686869
294.23 17.45 0 0 "KDE QDA" 149 1000 4.1969696969697
294.235 17.47 0 0 "KDE QDA" 149 1000 4.20707070707071
300.655 17.77 0 0 "KDE QDA" 149 1000 4.21717171717172
301.365 17.78 0 0 "KDE QDA" 149 1000 4.22727272727273
305.62 17.965 0 0 "KDE QDA" 149 1000 4.23737373737374
305.63 17.985 0 0 "KDE QDA" 149 1000 4.24747474747475
307.47 17.99 0 0 "KDE QDA" 149 1000 4.25757575757576
307.55 18.005 0 0 "KDE QDA" 149 1000 4.26767676767677
307.57 18.01 0 0 "KDE QDA" 149 1000 4.27777777777778
307.8 18.01 0 0 "KDE QDA" 149 1000 4.28787878787879
307.81 18.02 0 0 "KDE QDA" 149 1000 4.2979797979798
308.84 18.02 0 0 "KDE QDA" 149 1000 4.30808080808081
315.405 18.02 0 0 "KDE QDA" 149 1000 4.31818181818182
315.43 18.025 0 0 "KDE QDA" 149 1000 4.32828282828283
318.335 18.03 0 0 "KDE QDA" 149 1000 4.33838383838384
325.68 19.165 0 0 "KDE QDA" 149 1000 4.34848484848485
330.895 19.19 0 0 "KDE QDA" 149 1000 4.35858585858586
330.9 19.215 0 0 "KDE QDA" 149 1000 4.36868686868687
331.035 19.375 0 0 "KDE QDA" 149 1000 4.37878787878788
334.475 19.405 0 0 "KDE QDA" 149 1000 4.38888888888889
334.485 19.495 0 0 "KDE QDA" 149 1000 4.3989898989899
334.49 19.495 0 0 "KDE QDA" 149 1000 4.40909090909091
341.24 19.505 0 0 "KDE QDA" 149 1000 4.41919191919192
351.77 19.52 0 0 "KDE QDA" 149 1000 4.42929292929293
353.005 19.535 0 0 "KDE QDA" 149 1000 4.43939393939394
354.47 19.545 0 0 "KDE QDA" 149 1000 4.44949494949495
357.715 19.555 0 0 "KDE QDA" 149 1000 4.45959595959596
357.72 19.58 0 0 "KDE QDA" 149 1000 4.46969696969697
368.165 19.925 0 0 "KDE QDA" 149 1000 4.47979797979798
368.18 20.01 0 0 "KDE QDA" 149 1000 4.48989898989899
369.765 20.045 0 0 "KDE QDA" 149 1000 4.5
