136.69 14.87 0 0 "KDE LDA" 197 2000 2.5
137.24 14.91 0 0 "KDE LDA" 197 2000 2.51010101010101
138.015 15.26 0 0 "KDE LDA" 197 2000 2.52020202020202
138.34 15.34 0 0 "KDE LDA" 197 2000 2.53030303030303
138.37 15.475 0 0 "KDE LDA" 197 2000 2.54040404040404
138.61 15.485 0 0 "KDE LDA" 197 2000 2.55050505050505
139.085 15.59 0 0 "KDE LDA" 197 2000 2.56060606060606
141.11 15.615 0 0 "KDE LDA" 197 2000 2.57070707070707
143.215 15.625 0 0 "KDE LDA" 197 2000 2.58080808080808
143.635 15.63 0 0 "KDE LDA" 197 2000 2.59090909090909
144 15.65 0 0 "KDE LDA" 197 2000 2.6010101010101
145.345 15.655 0 0 "KDE LDA" 197 2000 2.61111111111111
147.89 15.68 0 0 "KDE LDA" 197 2000 2.62121212121212
147.89 15.74 0 0 "KDE LDA" 197 2000 2.63131313131313
150.355 15.745 0 0 "KDE LDA" 197 2000 2.64141414141414
157.49 15.835 0 0 "KDE LDA" 197 2000 2.65151515151515
164.645 16.025 0 0 "KDE LDA" 197 2000 2.66161616161616
174.04 16.105 0 0 "KDE LDA" 197 2000 2.67171717171717
175.865 16.12 0 0 "KDE LDA" 197 2000 2.68181818181818
176.745 16.13 0 0 "KDE LDA" 197 2000 2.69191919191919
177.62 16.18 0 0 "KDE LDA" 197 2000 2.7020202020202
177.62 16.19 0 0 "KDE LDA" 197 2000 2.71212121212121
177.77 16.26 0 0 "KDE LDA" 197 2000 2.72222222222222
181.365 16.29 0 0 "KDE LDA" 197 2000 2.73232323232323
184.445 16.32 0 0 "KDE LDA" 197 2000 2.74242424242424
185.55 16.335 0 0 "KDE LDA" 197 2000 2.75252525252525
187.08 16.44 0 0 "KDE LDA" 197 2000 2.76262626262626
190.085 16.455 0 0 "KDE LDA" 197 2000 2.77272727272727
197.42 16.49 0 0 "KDE LDA" 197 2000 2.78282828282828
199.875 16.94 0 0 "KDE LDA" 197 2000 2.79292929292929
216.99 17.675 0 0 "KDE LDA" 197 2000 2.8030303030303
219.57 17.785 0 0 "KDE LDA" 197 2000 2.81313131313131
225.24 17.85 0 0 "KDE LDA" 197 2000 2.82323232323232
227.015 17.865 0 0 "KDE LDA" 197 2000 2.83333333333333
228.32 17.895 0 0 "KDE LDA" 197 2000 2.84343434343434
230.16 17.95 0 0 "KDE LDA" 197 2000 2.85353535353535
233.365 18.005 0 0 "KDE LDA" 197 2000 2.86363636363636
237.525 18.05 0 0 "KDE LDA" 197 2000 2.87373737373737
237.54 18.06 0 0 "KDE LDA" 197 2000 2.88383838383838
238.265 18.07 0 0 "KDE LDA" 197 2000 2.89393939393939
238.28 18.085 0 0 "KDE LDA" 197 2000 2.9040404040404
238.315 18.125 0 0 "KDE LDA" 197 2000 2.91414141414141
241.655 18.175 0 0 "KDE LDA" 197 2000 2.92424242424242
242.655 18.185 0 0 "KDE LDA" 197 2000 2.93434343434343
247.145 18.385 0 0 "KDE LDA" 197 2000 2.94444444444444
247.815 18.43 0 0 "KDE LDA" 197 2000 2.95454545454545
249.575 18.455 0 0 "KDE LDA" 197 2000 2.96464646464646
249.6 18.465 0 0 "KDE LDA" 197 2000 2.97474747474747
251.035 18.475 0 0 "KDE LDA" 197 2000 2.98484848484848
251.26 18.605 0 0 "KDE LDA" 197 2000 2.99494949494949
254.565 18.61 0 0 "KDE LDA" 197 2000 3.00505050505051
256.635 18.66 0 0 "KDE LDA" 197 2000 3.01515151515152
261.315 18.665 0 0 "KDE LDA" 197 2000 3.02525252525253
263.865 18.705 0 0 "KDE LDA" 197 2000 3.03535353535354
266.14 18.74 0 0 "KDE LDA" 197 2000 3.04545454545455
271.72 18.77 0 0 "KDE LDA" 197 2000 3.05555555555556
275.61 18.8 0 0 "KDE LDA" 197 2000 3.06565656565657
284.24 18.855 0 0 "KDE LDA" 197 2000 3.07575757575758
291.67 19.155 0 0 "KDE LDA" 197 2000 3.08585858585859
312.755 19.765 0 0 "KDE LDA" 197 2000 3.0959595959596
316.055 19.805 0 0 "KDE LDA" 197 2000 3.10606060606061
324.205 19.825 0 0 "KDE LDA" 197 2000 3.11616161616162
324.24 19.84 0 0 "KDE LDA" 197 2000 3.12626262626263
325.385 20.14 0 0 "KDE LDA" 197 2000 3.13636363636364
327.815 20.175 0 0 "KDE LDA" 197 2000 3.14646464646465
331.79 20.18 0 0 "KDE LDA" 197 2000 3.15656565656566
331.805 20.19 0 0 "KDE LDA" 197 2000 3.16666666666667
333.085 20.225 0 0 "KDE LDA" 197 2000 3.17676767676768
333.3 20.255 0 0 "KDE LDA" 197 2000 3.18686868686869
338.66 20.285 0 0 "KDE LDA" 197 2000 3.1969696969697
344.245 20.32 0 0 "KDE LDA" 197 2000 3.20707070707071
356.01 20.48 0 0 "KDE LDA" 197 2000 3.21717171717172
379.995 20.58 0 0 "KDE LDA" 197 2000 3.22727272727273
384.645 20.63 0 0 "KDE LDA" 197 2000 3.23737373737374
391.21 20.67 0 0 "KDE LDA" 197 2000 3.24747474747475
400.34 20.695 0 0 "KDE LDA" 197 2000 3.25757575757576
401.755 20.7 0 0 "KDE LDA" 197 2000 3.26767676767677
411.315 20.915 0 0 "KDE LDA" 197 2000 3.27777777777778
417.145 21.02 0 0 "KDE LDA" 197 2000 3.28787878787879
420.995 21.155 0 0 "KDE LDA" 197 2000 3.2979797979798
421 21.21 0 0 "KDE LDA" 197 2000 3.30808080808081
422.1 21.27 0 0 "KDE LDA" 197 2000 3.31818181818182
437.305 21.31 0 0 "KDE LDA" 197 2000 3.32828282828283
445.335 21.385 0 0 "KDE LDA" 197 2000 3.33838383838384
451.13 21.48 0 0 "KDE LDA" 197 2000 3.34848484848485
505.605 22.255 0 0 "KDE LDA" 197 2000 3.35858585858586
519.72 22.265 0 0 "KDE LDA" 197 2000 3.36868686868687
519.795 22.305 0 0 "KDE LDA" 197 2000 3.37878787878788
525.28 22.325 0 0 "KDE LDA" 197 2000 3.38888888888889
526.89 22.495 0 0 "KDE LDA" 197 2000 3.3989898989899
540.115 22.495 0 0 "KDE LDA" 197 2000 3.40909090909091
540.115 22.55 0 0 "KDE LDA" 197 2000 3.41919191919192
548.525 22.55 0 0 "KDE LDA" 197 2000 3.42929292929293
554.395 22.585 0 0 "KDE LDA" 197 2000 3.43939393939394
562.35 22.61 0 0 "KDE LDA" 197 2000 3.44949494949495
571.51 22.675 0 0 "KDE LDA" 197 2000 3.45959595959596
579.26 22.69 0 0 "KDE LDA" 197 2000 3.46969696969697
585.66 22.77 0 0 "KDE LDA" 197 2000 3.47979797979798
587.09 22.85 0 0 "KDE LDA" 197 2000 3.48989898989899
590.635 22.875 0 0 "KDE LDA" 197 2000 3.5
87.37 11.965 0 0 "KDE QDA" 197 2000 2.7
88.085 11.965 0 0 "KDE QDA" 197 2000 2.71010101010101
88.42 11.97 0 0 "KDE QDA" 197 2000 2.72020202020202
88.425 11.97 0 0 "KDE QDA" 197 2000 2.73030303030303
88.425 11.975 0 0 "KDE QDA" 197 2000 2.74040404040404
88.73 11.975 0 0 "KDE QDA" 197 2000 2.75050505050505
89.48 11.98 0 0 "KDE QDA" 197 2000 2.76060606060606
89.48 11.995 0 0 "KDE QDA" 197 2000 2.77070707070707
90.23 12.005 0 0 "KDE QDA" 197 2000 2.78080808080808
92.005 12.005 0 0 "KDE QDA" 197 2000 2.79090909090909
111.47 13.185 0 0 "KDE QDA" 197 2000 2.8010101010101
111.47 13.185 0 0 "KDE QDA" 197 2000 2.81111111111111
111.49 13.205 0 0 "KDE QDA" 197 2000 2.82121212121212
117.155 13.36 0 0 "KDE QDA" 197 2000 2.83131313131313
117.525 13.385 0 0 "KDE QDA" 197 2000 2.84141414141414
117.705 13.48 0 0 "KDE QDA" 197 2000 2.85151515151515
117.71 13.49 0 0 "KDE QDA" 197 2000 2.86161616161616
117.715 13.49 0 0 "KDE QDA" 197 2000 2.87171717171717
117.72 13.525 0 0 "KDE QDA" 197 2000 2.88181818181818
118.71 13.55 0 0 "KDE QDA" 197 2000 2.89191919191919
118.735 13.55 0 0 "KDE QDA" 197 2000 2.9020202020202
118.775 13.555 0 0 "KDE QDA" 197 2000 2.91212121212121
118.775 13.555 0 0 "KDE QDA" 197 2000 2.92222222222222
118.79 13.555 0 0 "KDE QDA" 197 2000 2.93232323232323
118.79 13.555 0 0 "KDE QDA" 197 2000 2.94242424242424
121.48 13.555 0 0 "KDE QDA" 197 2000 2.95252525252525
124.23 13.705 0 0 "KDE QDA" 197 2000 2.96262626262626
124.23 13.735 0 0 "KDE QDA" 197 2000 2.97272727272727
124.845 13.75 0 0 "KDE QDA" 197 2000 2.98282828282828
125.88 13.76 0 0 "KDE QDA" 197 2000 2.99292929292929
126.255 13.76 0 0 "KDE QDA" 197 2000 3.0030303030303
126.255 13.76 0 0 "KDE QDA" 197 2000 3.01313131313131
126.255 13.76 0 0 "KDE QDA" 197 2000 3.02323232323232
127.795 13.78 0 0 "KDE QDA" 197 2000 3.03333333333333
127.795 13.82 0 0 "KDE QDA" 197 2000 3.04343434343434
127.82 13.82 0 0 "KDE QDA" 197 2000 3.05353535353535
127.825 13.82 0 0 "KDE QDA" 197 2000 3.06363636363636
127.84 13.82 0 0 "KDE QDA" 197 2000 3.07373737373737
127.95 13.82 0 0 "KDE QDA" 197 2000 3.08383838383838
148.86 14.105 0 0 "KDE QDA" 197 2000 3.09393939393939
153 14.115 0 0 "KDE QDA" 197 2000 3.1040404040404
153.025 14.185 0 0 "KDE QDA" 197 2000 3.11414141414141
155.895 14.195 0 0 "KDE QDA" 197 2000 3.12424242424242
155.895 14.195 0 0 "KDE QDA" 197 2000 3.13434343434343
156.02 14.195 0 0 "KDE QDA" 197 2000 3.14444444444444
156.025 14.195 0 0 "KDE QDA" 197 2000 3.15454545454545
156.05 14.195 0 0 "KDE QDA" 197 2000 3.16464646464646
156.055 14.195 0 0 "KDE QDA" 197 2000 3.17474747474748
156.055 14.245 0 0 "KDE QDA" 197 2000 3.18484848484849
157.94 14.325 0 0 "KDE QDA" 197 2000 3.19494949494949
160.41 14.33 0 0 "KDE QDA" 197 2000 3.20505050505051
160.415 14.34 0 0 "KDE QDA" 197 2000 3.21515151515152
172.545 15.11 0 0 "KDE QDA" 197 2000 3.22525252525253
172.56 15.12 0 0 "KDE QDA" 197 2000 3.23535353535354
174.115 15.16 0 0 "KDE QDA" 197 2000 3.24545454545455
175.835 15.235 0 0 "KDE QDA" 197 2000 3.25555555555556
176.24 15.355 0 0 "KDE QDA" 197 2000 3.26565656565657
177.645 15.36 0 0 "KDE QDA" 197 2000 3.27575757575758
177.645 15.37 0 0 "KDE QDA" 197 2000 3.28585858585859
178.525 15.405 0 0 "KDE QDA" 197 2000 3.2959595959596
178.525 15.405 0 0 "KDE QDA" 197 2000 3.30606060606061
178.54 15.405 0 0 "KDE QDA" 197 2000 3.31616161616162
178.54 15.495 0 0 "KDE QDA" 197 2000 3.32626262626263
178.55 15.5 0 0 "KDE QDA" 197 2000 3.33636363636364
178.595 15.505 0 0 "KDE QDA" 197 2000 3.34646464646465
181.19 15.51 0 0 "KDE QDA" 197 2000 3.35656565656566
201.67 16.285 0 0 "KDE QDA" 197 2000 3.36666666666667
201.7 16.29 0 0 "KDE QDA" 197 2000 3.37676767676768
206.785 16.415 0 0 "KDE QDA" 197 2000 3.38686868686869
206.81 16.445 0 0 "KDE QDA" 197 2000 3.3969696969697
206.825 16.46 0 0 "KDE QDA" 197 2000 3.40707070707071
207.735 16.49 0 0 "KDE QDA" 197 2000 3.41717171717172
208.665 16.49 0 0 "KDE QDA" 197 2000 3.42727272727273
208.745 16.49 0 0 "KDE QDA" 197 2000 3.43737373737374
208.745 16.49 0 0 "KDE QDA" 197 2000 3.44747474747475
209.7 16.5 0 0 "KDE QDA" 197 2000 3.45757575757576
209.705 16.505 0 0 "KDE QDA" 197 2000 3.46767676767677
210.485 16.525 0 0 "KDE QDA" 197 2000 3.47777777777778
210.485 16.53 0 0 "KDE QDA" 197 2000 3.48787878787879
210.51 16.53 0 0 "KDE QDA" 197 2000 3.4979797979798
210.51 16.54 0 0 "KDE QDA" 197 2000 3.50808080808081
217.515 16.76 0 0 "KDE QDA" 197 2000 3.51818181818182
219.19 16.815 0 0 "KDE QDA" 197 2000 3.52828282828283
222.05 16.835 0 0 "KDE QDA" 197 2000 3.53838383838384
223.795 16.88 0 0 "KDE QDA" 197 2000 3.54848484848485
223.8 16.88 0 0 "KDE QDA" 197 2000 3.55858585858586
223.82 16.895 0 0 "KDE QDA" 197 2000 3.56868686868687
223.885 17.065 0 0 "KDE QDA" 197 2000 3.57878787878788
223.885 17.11 0 0 "KDE QDA" 197 2000 3.58888888888889
223.885 17.12 0 0 "KDE QDA" 197 2000 3.5989898989899
227.06 17.12 0 0 "KDE QDA" 197 2000 3.60909090909091
227.06 17.12 0 0 "KDE QDA" 197 2000 3.61919191919192
227.625 17.12 0 0 "KDE QDA" 197 2000 3.62929292929293
231.575 17.12 0 0 "KDE QDA" 197 2000 3.63939393939394
231.58 17.12 0 0 "KDE QDA" 197 2000 3.64949494949495
252.39 17.545 0 0 "KDE QDA" 197 2000 3.65959595959596
252.395 17.565 0 0 "KDE QDA" 197 2000 3.66969696969697
257.105 17.62 0 0 "KDE QDA" 197 2000 3.67979797979798
257.665 17.645 0 0 "KDE QDA" 197 2000 3.68989898989899
257.68 17.645 0 0 "KDE QDA" 197 2000 3.7
