43.837 0 39.7710720143318 "LDA" 43 3 1 1.5
46.175 0 41.3162608231724 "LDA" 43 3 1 1.53535353535354
48.163 0 43.9768392838025 "LDA" 43 3 1 1.57070707070707
50.62 0 45.7783273531838 "LDA" 43 3 1 1.60606060606061
53.201 0 47.9381128295812 "LDA" 43 3 1 1.64141414141414
54.784 0 48.8464463325565 "LDA" 43 3 1 1.67676767676768
58.272 0 52.4673120603184 "LDA" 43 3 1 1.71212121212121
60.566 0 55.2581134595012 "LDA" 43 3 1 1.74747474747475
63.7 0 58.5846580783925 "LDA" 43 3 1 1.78282828282828
67.144 0 61.5236086264323 "LDA" 43 3 1 1.81818181818182
70.881 0 65.6034499980881 "LDA" 43 3 1 1.85353535353535
74.377 0 67.881284163897 "LDA" 43 3 1 1.88888888888889
77.769 0 69.4629594945518 "LDA" 43 3 1 1.92424242424242
80.882 0 71.716506700573 "LDA" 43 3 1 1.95959595959596
84.46 0 75.5658825304291 "LDA" 43 3 1 1.99494949494949
88.188 0 79.9688293628816 "LDA" 43 3 1 2.03030303030303
92.425 0 82.8202364556306 "LDA" 43 3 1 2.06565656565657
94.804 0 84.4536322487079 "LDA" 43 3 1 2.1010101010101
98.948 0 88.7313278642022 "LDA" 43 3 1 2.13636363636364
105.333 0 96.8577696343383 "LDA" 43 3 1 2.17171717171717
108.38 0 98.8674991207039 "LDA" 43 3 1 2.20707070707071
113.727 0 105.180242224262 "LDA" 43 3 1 2.24242424242424
117.856 0 110.945717430716 "LDA" 43 3 1 2.27777777777778
124.634 0 120.312805699207 "LDA" 43 3 1 2.31313131313131
132.398 0 129.591147311309 "LDA" 43 3 1 2.34848484848485
139.034 0 133.869263925009 "LDA" 43 3 1 2.38383838383838
144.042 0 139.362075271661 "LDA" 43 3 1 2.41919191919192
152.062 0 148.65337527948 "LDA" 43 3 1 2.45454545454545
159.055 0 152.979576171872 "LDA" 43 3 1 2.48989898989899
166.127 0 156.603152645208 "LDA" 43 3 1 2.52525252525253
172.117 0 160.674109552474 "LDA" 43 3 1 2.56060606060606
177.812 0 167.520141038783 "LDA" 43 3 1 2.5959595959596
183.824 0 172.391106840573 "LDA" 43 3 1 2.63131313131313
190.409 0 179.408503505631 "LDA" 43 3 1 2.66666666666667
198.264 0 185.667209319838 "LDA" 43 3 1 2.7020202020202
205.217 0 192.869693393311 "LDA" 43 3 1 2.73737373737374
213.504 0 200.041056806868 "LDA" 43 3 1 2.77272727272727
224 0 212.874506589107 "LDA" 43 3 1 2.80808080808081
236.052 0 225.533036263973 "LDA" 43 3 1 2.84343434343434
246.239 0 235.981395660968 "LDA" 43 3 1 2.87878787878788
257.214 0 245.543058540855 "LDA" 43 3 1 2.91414141414141
263.486 0 250.889049420494 "LDA" 43 3 1 2.94949494949495
272.182 0 258.825763114207 "LDA" 43 3 1 2.98484848484848
281.415 0 264.499797576327 "LDA" 43 3 1 3.02020202020202
288.927 0 274.241448441046 "LDA" 43 3 1 3.05555555555556
299.052052052052 1 283.291983630444 "LDA" 43 3 1 3.09090909090909
309.03003003003 1 288.162781560097 "LDA" 43 3 1 3.12626262626263
317.176176176176 1 295.477737197495 "LDA" 43 3 1 3.16161616161616
326.458917835671 2 300.725855116313 "LDA" 43 3 1 3.1969696969697
338.165330661323 2 310.613008490584 "LDA" 43 3 1 3.23232323232323
349.965863453815 4 319.936681611472 "LDA" 43 3 1 3.26767676767677
359.599397590361 4 328.391060479197 "LDA" 43 3 1 3.3030303030303
374.294176706827 4 339.41442746898 "LDA" 43 3 1 3.33838383838384
385.684422110553 5 351.698838992446 "LDA" 43 3 1 3.37373737373737
401.798792756539 6 368.098009736476 "LDA" 43 3 1 3.40909090909091
417.672379032258 8 383.335673621992 "LDA" 43 3 1 3.44444444444444
433.236602628918 11 393.545156387906 "LDA" 43 3 1 3.47979797979798
449.492401215805 13 403.790333666978 "LDA" 43 3 1 3.51515151515152
460.267548321465 17 409.613787391953 "LDA" 43 3 1 3.55050505050505
472.279591836735 20 418.132925519273 "LDA" 43 3 1 3.58585858585859
483.283231083845 22 423.653373291321 "LDA" 43 3 1 3.62121212121212
498.294358974359 25 433.14945483611 "LDA" 43 3 1 3.65656565656566
514.440329218107 28 443.272094639153 "LDA" 43 3 1 3.69191919191919
522.931747673216 33 449.286691955907 "LDA" 43 3 1 3.72727272727273
540.272821576763 36 457.653379799013 "LDA" 43 3 1 3.76262626262626
563.258872651357 42 474.03203446237 "LDA" 43 3 1 3.7979797979798
579.727655099895 49 483.008447635258 "LDA" 43 3 1 3.83333333333333
599.810381355932 56 494.02777586686 "LDA" 43 3 1 3.86868686868687
612.812834224599 65 500.164814641262 "LDA" 43 3 1 3.9040404040404
627.894396551724 72 509.627583265982 "LDA" 43 3 1 3.93939393939394
638.336590662324 79 512.128320851682 "LDA" 43 3 1 3.97474747474747
650.694840834248 89 518.863039759337 "LDA" 43 3 1 4.01010101010101
657.882222222222 100 520.140476357323 "LDA" 43 3 1 4.04545454545454
669.047085201794 108 522.825516581155 "LDA" 43 3 1 4.08080808080808
684.048532731377 114 528.277684334864 "LDA" 43 3 1 4.11616161616162
691.83541430193 119 529.58681485822 "LDA" 43 3 1 4.15151515151515
700.450688073395 128 531.42797026222 "LDA" 43 3 1 4.18686868686869
710.810465116279 140 538.841803374433 "LDA" 43 3 1 4.22222222222222
718.591499409681 153 537.735595361392 "LDA" 43 3 1 4.25757575757576
731.489260143198 162 544.341873964062 "LDA" 43 3 1 4.29292929292929
743.73696969697 175 545.673359212632 "LDA" 43 3 1 4.32828282828283
749.556511056511 186 543.398889298767 "LDA" 43 3 1 4.36363636363636
757.606965174129 196 546.804815817754 "LDA" 43 3 1 4.3989898989899
778.529336734694 216 555.059969750551 "LDA" 43 3 1 4.43434343434343
777.70925684485 233 557.025860812528 "LDA" 43 3 1 4.46969696969697
783.743386243386 244 555.050633352795 "LDA" 43 3 1 4.50505050505051
802.342780026991 259 560.894976118492 "LDA" 43 3 1 4.54040404040404
811.69387755102 265 561.050005934097 "LDA" 43 3 1 4.57575757575758
826.28453038674 276 563.327273801869 "LDA" 43 3 1 4.61111111111111
841.200278164117 281 559.48994026611 "LDA" 43 3 1 4.64646464646465
846.695652173913 287 562.30529333847 "LDA" 43 3 1 4.68181818181818
854.391428571429 300 565.799158506087 "LDA" 43 3 1 4.71717171717172
854.508797653959 318 563.708942258159 "LDA" 43 3 1 4.75252525252525
861.496987951807 336 562.924643124697 "LDA" 43 3 1 4.78787878787879
869.847926267281 349 562.706003227947 "LDA" 43 3 1 4.82323232323232
872.488958990536 366 561.641290377068 "LDA" 43 3 1 4.85858585858586
873.817292006525 387 568.681595809919 "LDA" 43 3 1 4.89393939393939
879.861204013378 402 568.235585713276 "LDA" 43 3 1 4.92929292929293
880.294017094017 415 570.1974475209 "LDA" 43 3 1 4.96464646464646
891.048951048951 428 570.858788071391 "LDA" 43 3 1 5
22.829 0 18.2961336764768 "uLSIF" 43 3 1 1.5
23.828 0 19.1599979520229 "uLSIF" 43 3 1 1.53535353535354
24.971 0 19.9484861857009 "uLSIF" 43 3 1 1.57070707070707
26.245 0 21.0594985096388 "uLSIF" 43 3 1 1.60606060606061
27.099 0 21.6734616048738 "uLSIF" 43 3 1 1.64141414141414
27.982 0 22.1125901387115 "uLSIF" 43 3 1 1.67676767676768
29.242 0 23.3076958252995 "uLSIF" 43 3 1 1.71212121212121
30.299 0 24.3418184021474 "uLSIF" 43 3 1 1.74747474747475
31.139 0 24.9831510590005 "uLSIF" 43 3 1 1.78282828282828
32.114 0 26.3535863881088 "uLSIF" 43 3 1 1.81818181818182
33.211 0 27.4081682475624 "uLSIF" 43 3 1 1.85353535353535
34.458 0 29.2362616453437 "uLSIF" 43 3 1 1.88888888888889
35.718 0 30.6142075792549 "uLSIF" 43 3 1 1.92424242424242
36.933 0 31.8962047723374 "uLSIF" 43 3 1 1.95959595959596
38.208 0 32.938331312768 "uLSIF" 43 3 1 1.99494949494949
39.159 0 33.6995159664998 "uLSIF" 43 3 1 2.03030303030303
40.988 0 35.2323881844132 "uLSIF" 43 3 1 2.06565656565657
41.831 0 35.7833325150954 "uLSIF" 43 3 1 2.1010101010101
42.798 0 36.5912026600946 "uLSIF" 43 3 1 2.13636363636364
44.273 0 37.559088862167 "uLSIF" 43 3 1 2.17171717171717
45.575 0 38.9213212037341 "uLSIF" 43 3 1 2.20707070707071
46.784 0 39.7959930780106 "uLSIF" 43 3 1 2.24242424242424
48.183 0 40.6699096698352 "uLSIF" 43 3 1 2.27777777777778
49.732 0 41.9117497937126 "uLSIF" 43 3 1 2.31313131313131
50.956 0 42.5171938840721 "uLSIF" 43 3 1 2.34848484848485
52.974 0 45.5160085138298 "uLSIF" 43 3 1 2.38383838383838
54.437 0 47.079618961091 "uLSIF" 43 3 1 2.41919191919192
56.093 0 48.7431661594448 "uLSIF" 43 3 1 2.45454545454545
57.545 0 49.5526936144186 "uLSIF" 43 3 1 2.48989898989899
59.16 0 50.8982615914633 "uLSIF" 43 3 1 2.52525252525253
60.857 0 52.2046729601755 "uLSIF" 43 3 1 2.56060606060606
62.12 0 53.3586989229568 "uLSIF" 43 3 1 2.5959595959596
64.012 0 54.7349958963712 "uLSIF" 43 3 1 2.63131313131313
66.042 0 55.9450452147827 "uLSIF" 43 3 1 2.66666666666667
68.612 0 59.8473320972553 "uLSIF" 43 3 1 2.7020202020202
70.706 0 61.9235503672883 "uLSIF" 43 3 1 2.73737373737374
72.584 0 63.4740253638911 "uLSIF" 43 3 1 2.77272727272727
74.456 0 64.4118385776167 "uLSIF" 43 3 1 2.80808080808081
76.77 0 66.5727950219685 "uLSIF" 43 3 1 2.84343434343434
79.291 0 69.7167895829243 "uLSIF" 43 3 1 2.87878787878788
80.983 0 71.1333864628254 "uLSIF" 43 3 1 2.91414141414141
83.032 0 73.1160922023253 "uLSIF" 43 3 1 2.94949494949495
85.582 0 74.2085452234726 "uLSIF" 43 3 1 2.98484848484848
88.288 0 76.4427403260018 "uLSIF" 43 3 1 3.02020202020202
91.353 0 79.2460871799569 "uLSIF" 43 3 1 3.05555555555556
93.617 0 80.8109319196216 "uLSIF" 43 3 1 3.09090909090909
97.478 0 85.5160599683622 "uLSIF" 43 3 1 3.12626262626263
100.258 0 88.6520198112633 "uLSIF" 43 3 1 3.16161616161616
103.752 0 91.661717016246 "uLSIF" 43 3 1 3.1969696969697
106.211 0 93.7137489685785 "uLSIF" 43 3 1 3.23232323232323
107.792 0 95.0016423439513 "uLSIF" 43 3 1 3.26767676767677
111.275 0 98.7947254299174 "uLSIF" 43 3 1 3.3030303030303
114.112 0 100.598257765557 "uLSIF" 43 3 1 3.33838383838384
117.663 0 104.329938978067 "uLSIF" 43 3 1 3.37373737373737
119.622 0 104.957520917737 "uLSIF" 43 3 1 3.40909090909091
121.144 0 105.538465175649 "uLSIF" 43 3 1 3.44444444444444
123.559 0 106.101923343251 "uLSIF" 43 3 1 3.47979797979798
126.898 0 110.818745663315 "uLSIF" 43 3 1 3.51515151515152
129.554 0 112.158087182871 "uLSIF" 43 3 1 3.55050505050505
132.156 0 115.379695519351 "uLSIF" 43 3 1 3.58585858585859
134.684 0 117.478940433788 "uLSIF" 43 3 1 3.62121212121212
137.341 0 119.197167263672 "uLSIF" 43 3 1 3.65656565656566
140.231 0 121.379275692218 "uLSIF" 43 3 1 3.69191919191919
144.101 0 124.431965801048 "uLSIF" 43 3 1 3.72727272727273
147.019 0 126.615821306838 "uLSIF" 43 3 1 3.76262626262626
149.606 0 128.140074304031 "uLSIF" 43 3 1 3.7979797979798
151.877 0 129.386323433706 "uLSIF" 43 3 1 3.83333333333333
155.423 0 131.966856908552 "uLSIF" 43 3 1 3.86868686868687
161.022 0 140.416317635303 "uLSIF" 43 3 1 3.9040404040404
163.789 0 143.92725778856 "uLSIF" 43 3 1 3.93939393939394
167.864 0 145.405826425073 "uLSIF" 43 3 1 3.97474747474747
170.461 0 146.960102581452 "uLSIF" 43 3 1 4.01010101010101
173 0 148.636492177415 "uLSIF" 43 3 1 4.04545454545454
178.941 0 154.344373738419 "uLSIF" 43 3 1 4.08080808080808
181.801 0 158.117147809564 "uLSIF" 43 3 1 4.11616161616162
185.403 0 162.163737218494 "uLSIF" 43 3 1 4.15151515151515
187.823 0 166.370396344361 "uLSIF" 43 3 1 4.18686868686869
192.264 0 171.83874667507 "uLSIF" 43 3 1 4.22222222222222
195.394 0 173.871383562742 "uLSIF" 43 3 1 4.25757575757576
199.314 0 177.949058079191 "uLSIF" 43 3 1 4.29292929292929
204.28 0 180.945945063809 "uLSIF" 43 3 1 4.32828282828283
208.861 0 186.185990079549 "uLSIF" 43 3 1 4.36363636363636
211.543 0 188.715334905854 "uLSIF" 43 3 1 4.3989898989899
214.97 0 191.303403242316 "uLSIF" 43 3 1 4.43434343434343
219.464 0 193.786134100894 "uLSIF" 43 3 1 4.46969696969697
225.006 0 199.793035967776 "uLSIF" 43 3 1 4.50505050505051
231.953 0 208.853543406842 "uLSIF" 43 3 1 4.54040404040404
236.194 0 211.453088822965 "uLSIF" 43 3 1 4.57575757575758
240.978 0 218.073454477035 "uLSIF" 43 3 1 4.61111111111111
244.384 0 221.107392511022 "uLSIF" 43 3 1 4.64646464646465
252.41 0 230.760469522608 "uLSIF" 43 3 1 4.68181818181818
257.761 0 236.42125303764 "uLSIF" 43 3 1 4.71717171717172
263.509 0 241.516322539602 "uLSIF" 43 3 1 4.75252525252525
269.176 0 246.720092063512 "uLSIF" 43 3 1 4.78787878787879
275.697 0 251.085808587969 "uLSIF" 43 3 1 4.82323232323232
279.485 0 252.309083563491 "uLSIF" 43 3 1 4.85858585858586
285.289 0 258.067848624143 "uLSIF" 43 3 1 4.89393939393939
292.656 0 264.306624312853 "uLSIF" 43 3 1 4.92929292929293
296.094094094094 1 266.428559862068 "uLSIF" 43 3 1 4.96464646464646
298.75975975976 1 267.661086556967 "uLSIF" 43 3 1 5
