143.03 14.05 0 0 "KDE LDA" 153 800 2.4
143.035 14.06 0 0 "KDE LDA" 153 800 2.41010101010101
145.135 14.335 0 0 "KDE LDA" 153 800 2.42020202020202
145.63 14.35 0 0 "KDE LDA" 153 800 2.43030303030303
147.275 14.355 0 0 "KDE LDA" 153 800 2.44040404040404
149.155 14.36 0 0 "KDE LDA" 153 800 2.45050505050505
151.555 14.36 0 0 "KDE LDA" 153 800 2.46060606060606
154.08 14.425 0 0 "KDE LDA" 153 800 2.47070707070707
154.09 14.44 0 0 "KDE LDA" 153 800 2.48080808080808
156.935 14.455 0 0 "KDE LDA" 153 800 2.49090909090909
158.845 14.555 0 0 "KDE LDA" 153 800 2.5010101010101
160.21 14.61 0 0 "KDE LDA" 153 800 2.51111111111111
161.265 14.645 0 0 "KDE LDA" 153 800 2.52121212121212
167.055 14.895 0 0 "KDE LDA" 153 800 2.53131313131313
168.835 14.91 0 0 "KDE LDA" 153 800 2.54141414141414
169.67 14.955 0 0 "KDE LDA" 153 800 2.55151515151515
171.38 15.03 0 0 "KDE LDA" 153 800 2.56161616161616
172.84 15.035 0 0 "KDE LDA" 153 800 2.57171717171717
172.84 15.155 0 0 "KDE LDA" 153 800 2.58181818181818
173.175 15.22 0 0 "KDE LDA" 153 800 2.59191919191919
173.96 15.255 0 0 "KDE LDA" 153 800 2.6020202020202
173.98 15.285 0 0 "KDE LDA" 153 800 2.61212121212121
174.915 15.3 0 0 "KDE LDA" 153 800 2.62222222222222
176.205 15.425 0 0 "KDE LDA" 153 800 2.63232323232323
178.41 15.44 0 0 "KDE LDA" 153 800 2.64242424242424
182.025 15.595 0 0 "KDE LDA" 153 800 2.65252525252525
184.305 16.04 0 0 "KDE LDA" 153 800 2.66262626262626
192.8 17.045 0 0 "KDE LDA" 153 800 2.67272727272727
200.565 17.15 0 0 "KDE LDA" 153 800 2.68282828282828
201.31 17.175 0 0 "KDE LDA" 153 800 2.69292929292929
201.895 17.175 0 0 "KDE LDA" 153 800 2.7030303030303
201.9 17.2 0 0 "KDE LDA" 153 800 2.71313131313131
201.91 17.215 0 0 "KDE LDA" 153 800 2.72323232323232
202.1 17.22 0 0 "KDE LDA" 153 800 2.73333333333333
203.025 17.235 0 0 "KDE LDA" 153 800 2.74343434343434
204.535 17.245 0 0 "KDE LDA" 153 800 2.75353535353535
210.17 17.34 0 0 "KDE LDA" 153 800 2.76363636363636
215.48 17.39 0 0 "KDE LDA" 153 800 2.77373737373737
216.9 17.51 0 0 "KDE LDA" 153 800 2.78383838383838
219.83 17.615 0 0 "KDE LDA" 153 800 2.79393939393939
247.125 18.375 0 0 "KDE LDA" 153 800 2.8040404040404
247.13 18.62 0 0 "KDE LDA" 153 800 2.81414141414141
256.79 18.685 0 0 "KDE LDA" 153 800 2.82424242424242
256.805 18.695 0 0 "KDE LDA" 153 800 2.83434343434343
257.97 18.845 0 0 "KDE LDA" 153 800 2.84444444444444
260.465 18.86 0 0 "KDE LDA" 153 800 2.85454545454545
262.51 18.865 0 0 "KDE LDA" 153 800 2.86464646464646
263.195 18.88 0 0 "KDE LDA" 153 800 2.87474747474747
264.96 18.9 0 0 "KDE LDA" 153 800 2.88484848484848
270.23 18.905 0 0 "KDE LDA" 153 800 2.89494949494949
270.46 18.985 0 0 "KDE LDA" 153 800 2.90505050505051
270.59 19.015 0 0 "KDE LDA" 153 800 2.91515151515152
270.595 19.15 0 0 "KDE LDA" 153 800 2.92525252525253
270.6 19.215 0 0 "KDE LDA" 153 800 2.93535353535354
270.835 19.225 0 0 "KDE LDA" 153 800 2.94545454545455
271.33 19.285 0 0 "KDE LDA" 153 800 2.95555555555556
275.995 19.315 0 0 "KDE LDA" 153 800 2.96565656565657
276 19.355 0 0 "KDE LDA" 153 800 2.97575757575758
277.615 19.615 0 0 "KDE LDA" 153 800 2.98585858585859
280.845 19.685 0 0 "KDE LDA" 153 800 2.9959595959596
281.835 19.695 0 0 "KDE LDA" 153 800 3.00606060606061
281.84 19.695 0 0 "KDE LDA" 153 800 3.01616161616162
283.07 19.715 0 0 "KDE LDA" 153 800 3.02626262626263
283.075 20.05 0 0 "KDE LDA" 153 800 3.03636363636364
285.01 20.055 0 0 "KDE LDA" 153 800 3.04646464646465
288.09 20.165 0 0 "KDE LDA" 153 800 3.05656565656566
291.705 20.21 0 0 "KDE LDA" 153 800 3.06666666666667
291.71 20.345 0 0 "KDE LDA" 153 800 3.07676767676768
295.925 20.385 0 0 "KDE LDA" 153 800 3.08686868686869
306.3 20.415 0 0 "KDE LDA" 153 800 3.0969696969697
309.435 20.425 0 0 "KDE LDA" 153 800 3.10707070707071
310.325 20.43 0 0 "KDE LDA" 153 800 3.11717171717172
315.02 20.435 0 0 "KDE LDA" 153 800 3.12727272727273
315.025 20.525 0 0 "KDE LDA" 153 800 3.13737373737374
315.03 20.535 0 0 "KDE LDA" 153 800 3.14747474747475
321.54 20.55 0 0 "KDE LDA" 153 800 3.15757575757576
326.59 20.57 0 0 "KDE LDA" 153 800 3.16767676767677
326.605 20.61 0 0 "KDE LDA" 153 800 3.17777777777778
330.875 20.715 0 0 "KDE LDA" 153 800 3.18787878787879
335.765 20.765 0 0 "KDE LDA" 153 800 3.1979797979798
339.205 21.095 0 0 "KDE LDA" 153 800 3.20808080808081
345.29 21.56 0 0 "KDE LDA" 153 800 3.21818181818182
378.12 21.9 0 0 "KDE LDA" 153 800 3.22828282828283
381.315 21.9 0 0 "KDE LDA" 153 800 3.23838383838384
387.96 21.91 0 0 "KDE LDA" 153 800 3.24848484848485
388.215 21.945 0 0 "KDE LDA" 153 800 3.25858585858586
395.245 22.05 0 0 "KDE LDA" 153 800 3.26868686868687
396.76 22.065 0 0 "KDE LDA" 153 800 3.27878787878788
398.975 22.085 0 0 "KDE LDA" 153 800 3.28888888888889
402.47 22.085 0 0 "KDE LDA" 153 800 3.2989898989899
403.98 22.095 0 0 "KDE LDA" 153 800 3.30909090909091
404.755 22.125 0 0 "KDE LDA" 153 800 3.31919191919192
404.76 22.205 0 0 "KDE LDA" 153 800 3.32929292929293
408.515 22.34 0 0 "KDE LDA" 153 800 3.33939393939394
427.59 22.39 0 0 "KDE LDA" 153 800 3.34949494949495
466.645 22.68 0 0 "KDE LDA" 153 800 3.35959595959596
466.655 22.685 0 0 "KDE LDA" 153 800 3.36969696969697
477.1 22.73 0 0 "KDE LDA" 153 800 3.37979797979798
482.505 22.815 0 0 "KDE LDA" 153 800 3.38989898989899
483.065 22.91 0 0 "KDE LDA" 153 800 3.4
215.54 18.83 0 0 "KDE QDA" 153 800 4.3
216.22 18.845 0 0 "KDE QDA" 153 800 4.31010101010101
218.15 18.875 0 0 "KDE QDA" 153 800 4.32020202020202
218.59 18.915 0 0 "KDE QDA" 153 800 4.33030303030303
219.295 18.935 0 0 "KDE QDA" 153 800 4.34040404040404
223.715 19.295 0 0 "KDE QDA" 153 800 4.35050505050505
225.41 19.305 0 0 "KDE QDA" 153 800 4.36060606060606
230.235 19.34 0 0 "KDE QDA" 153 800 4.37070707070707
232.985 19.35 0 0 "KDE QDA" 153 800 4.38080808080808
235.195 19.36 0 0 "KDE QDA" 153 800 4.39090909090909
235.195 19.36 0 0 "KDE QDA" 153 800 4.4010101010101
241.33 19.37 0 0 "KDE QDA" 153 800 4.41111111111111
241.44 19.44 0 0 "KDE QDA" 153 800 4.42121212121212
245.365 19.46 0 0 "KDE QDA" 153 800 4.43131313131313
245.525 19.465 0 0 "KDE QDA" 153 800 4.44141414141414
246.43 19.465 0 0 "KDE QDA" 153 800 4.45151515151515
247.225 19.535 0 0 "KDE QDA" 153 800 4.46161616161616
247.27 19.55 0 0 "KDE QDA" 153 800 4.47171717171717
248.71 19.91 0 0 "KDE QDA" 153 800 4.48181818181818
251.51 19.915 0 0 "KDE QDA" 153 800 4.49191919191919
255.385 19.94 0 0 "KDE QDA" 153 800 4.5020202020202
257.585 20.085 0 0 "KDE QDA" 153 800 4.51212121212121
263.915 20.15 0 0 "KDE QDA" 153 800 4.52222222222222
267.085 20.195 0 0 "KDE QDA" 153 800 4.53232323232323
275.95 20.195 0 0 "KDE QDA" 153 800 4.54242424242424
276.035 20.255 0 0 "KDE QDA" 153 800 4.55252525252525
276.14 20.275 0 0 "KDE QDA" 153 800 4.56262626262626
277.19 20.275 0 0 "KDE QDA" 153 800 4.57272727272727
277.71 20.29 0 0 "KDE QDA" 153 800 4.58282828282828
278.47 20.305 0 0 "KDE QDA" 153 800 4.59292929292929
283.86 20.33 0 0 "KDE QDA" 153 800 4.6030303030303
284.06 20.35 0 0 "KDE QDA" 153 800 4.61313131313131
284.34 20.35 0 0 "KDE QDA" 153 800 4.62323232323232
285.055 20.4 0 0 "KDE QDA" 153 800 4.63333333333333
291.495 20.57 0 0 "KDE QDA" 153 800 4.64343434343434
291.615 20.585 0 0 "KDE QDA" 153 800 4.65353535353535
294.92 20.615 0 0 "KDE QDA" 153 800 4.66363636363636
303.925 20.625 0 0 "KDE QDA" 153 800 4.67373737373737
303.935 20.67 0 0 "KDE QDA" 153 800 4.68383838383838
303.985 20.68 0 0 "KDE QDA" 153 800 4.69393939393939
305.28 20.69 0 0 "KDE QDA" 153 800 4.7040404040404
310.33 20.71 0 0 "KDE QDA" 153 800 4.71414141414141
311.67 20.775 0 0 "KDE QDA" 153 800 4.72424242424242
317.135 20.795 0 0 "KDE QDA" 153 800 4.73434343434343
317.31 20.8 0 0 "KDE QDA" 153 800 4.74444444444444
317.39 20.805 0 0 "KDE QDA" 153 800 4.75454545454545
317.39 20.815 0 0 "KDE QDA" 153 800 4.76464646464646
330.44 21.12 0 0 "KDE QDA" 153 800 4.77474747474747
333.335 21.135 0 0 "KDE QDA" 153 800 4.78484848484849
333.49 21.165 0 0 "KDE QDA" 153 800 4.79494949494949
334.745 21.21 0 0 "KDE QDA" 153 800 4.80505050505051
334.775 21.275 0 0 "KDE QDA" 153 800 4.81515151515152
339.185 21.315 0 0 "KDE QDA" 153 800 4.82525252525252
339.59 21.315 0 0 "KDE QDA" 153 800 4.83535353535354
341.855 21.385 0 0 "KDE QDA" 153 800 4.84545454545455
348.195 21.41 0 0 "KDE QDA" 153 800 4.85555555555556
348.235 21.455 0 0 "KDE QDA" 153 800 4.86565656565657
348.25 21.465 0 0 "KDE QDA" 153 800 4.87575757575758
350.855 21.47 0 0 "KDE QDA" 153 800 4.88585858585859
352.385 21.56 0 0 "KDE QDA" 153 800 4.8959595959596
365.07 21.945 0 0 "KDE QDA" 153 800 4.90606060606061
365.29 21.945 0 0 "KDE QDA" 153 800 4.91616161616162
372.43 21.985 0 0 "KDE QDA" 153 800 4.92626262626263
379.42 22.055 0 0 "KDE QDA" 153 800 4.93636363636364
381.01 22.08 0 0 "KDE QDA" 153 800 4.94646464646465
381.02 22.125 0 0 "KDE QDA" 153 800 4.95656565656566
381.02 22.145 0 0 "KDE QDA" 153 800 4.96666666666667
383.235 22.225 0 0 "KDE QDA" 153 800 4.97676767676768
383.265 22.23 0 0 "KDE QDA" 153 800 4.98686868686869
389 22.24 0 0 "KDE QDA" 153 800 4.9969696969697
389.015 22.25 0 0 "KDE QDA" 153 800 5.00707070707071
389.435 22.255 0 0 "KDE QDA" 153 800 5.01717171717172
389.475 22.31 0 0 "KDE QDA" 153 800 5.02727272727273
397.48 22.46 0 0 "KDE QDA" 153 800 5.03737373737374
399.61 22.49 0 0 "KDE QDA" 153 800 5.04747474747475
399.63 22.515 0 0 "KDE QDA" 153 800 5.05757575757576
406.585 22.595 0 0 "KDE QDA" 153 800 5.06767676767677
406.655 22.765 0 0 "KDE QDA" 153 800 5.07777777777778
407.59 22.795 0 0 "KDE QDA" 153 800 5.08787878787879
408.48 22.83 0 0 "KDE QDA" 153 800 5.0979797979798
408.515 22.87 0 0 "KDE QDA" 153 800 5.10808080808081
409.115 22.915 0 0 "KDE QDA" 153 800 5.11818181818182
410.37 22.975 0 0 "KDE QDA" 153 800 5.12828282828283
410.435 22.99 0 0 "KDE QDA" 153 800 5.13838383838384
410.445 23.075 0 0 "KDE QDA" 153 800 5.14848484848485
412.355 23.08 0 0 "KDE QDA" 153 800 5.15858585858586
416.4 23.09 0 0 "KDE QDA" 153 800 5.16868686868687
418.535 23.095 0 0 "KDE QDA" 153 800 5.17878787878788
420.165 23.105 0 0 "KDE QDA" 153 800 5.18888888888889
427.13 23.27 0 0 "KDE QDA" 153 800 5.1989898989899
427.195 23.29 0 0 "KDE QDA" 153 800 5.20909090909091
427.28 23.34 0 0 "KDE QDA" 153 800 5.21919191919192
431.93 23.42 0 0 "KDE QDA" 153 800 5.22929292929293
432.115 23.59 0 0 "KDE QDA" 153 800 5.23939393939394
433.525 23.61 0 0 "KDE QDA" 153 800 5.24949494949495
435.195 23.635 0 0 "KDE QDA" 153 800 5.25959595959596
435.62 23.685 0 0 "KDE QDA" 153 800 5.26969696969697
437.975 23.69 0 0 "KDE QDA" 153 800 5.27979797979798
441.445 23.705 0 0 "KDE QDA" 153 800 5.28989898989899
446.06 23.725 0 0 "KDE QDA" 153 800 5.3
