119.08 14.445 0 0 "KDE LDA" 50 1000 2.5
119.29 14.47 0 0 "KDE LDA" 50 1000 2.51010101010101
119.58 14.54 0 0 "KDE LDA" 50 1000 2.52020202020202
127.465 14.605 0 0 "KDE LDA" 50 1000 2.53030303030303
128.625 14.85 0 0 "KDE LDA" 50 1000 2.54040404040404
130.095 15 0 0 "KDE LDA" 50 1000 2.55050505050505
130.125 15.02 0 0 "KDE LDA" 50 1000 2.56060606060606
130.13 15.045 0 0 "KDE LDA" 50 1000 2.57070707070707
130.135 15.19 0 0 "KDE LDA" 50 1000 2.58080808080808
130.66 15.2 0 0 "KDE LDA" 50 1000 2.59090909090909
132.75 15.295 0 0 "KDE LDA" 50 1000 2.6010101010101
134.055 15.355 0 0 "KDE LDA" 50 1000 2.61111111111111
135.12 15.36 0 0 "KDE LDA" 50 1000 2.62121212121212
135.825 15.47 0 0 "KDE LDA" 50 1000 2.63131313131313
139.15 15.505 0 0 "KDE LDA" 50 1000 2.64141414141414
142.42 15.66 0 0 "KDE LDA" 50 1000 2.65151515151515
152.89 15.875 0 0 "KDE LDA" 50 1000 2.66161616161616
163.575 16.265 0 0 "KDE LDA" 50 1000 2.67171717171717
165.575 16.275 0 0 "KDE LDA" 50 1000 2.68181818181818
165.575 16.305 0 0 "KDE LDA" 50 1000 2.69191919191919
171.075 16.335 0 0 "KDE LDA" 50 1000 2.7020202020202
171.085 16.335 0 0 "KDE LDA" 50 1000 2.71212121212121
177.35 16.52 0 0 "KDE LDA" 50 1000 2.72222222222222
177.385 16.605 0 0 "KDE LDA" 50 1000 2.73232323232323
178.015 16.615 0 0 "KDE LDA" 50 1000 2.74242424242424
180.655 16.65 0 0 "KDE LDA" 50 1000 2.75252525252525
182.925 16.745 0 0 "KDE LDA" 50 1000 2.76262626262626
187.77 16.77 0 0 "KDE LDA" 50 1000 2.77272727272727
192.575 16.845 0 0 "KDE LDA" 50 1000 2.78282828282828
208.47 17.09 0 0 "KDE LDA" 50 1000 2.79292929292929
252.155 17.58 0 0 "KDE LDA" 50 1000 2.8030303030303
252.215 17.59 0 0 "KDE LDA" 50 1000 2.81313131313131
255.89 17.71 0 0 "KDE LDA" 50 1000 2.82323232323232
256.72 17.71 0 0 "KDE LDA" 50 1000 2.83333333333333
258.025 17.765 0 0 "KDE LDA" 50 1000 2.84343434343434
258.075 17.79 0 0 "KDE LDA" 50 1000 2.85353535353535
258.105 17.8 0 0 "KDE LDA" 50 1000 2.86363636363636
258.115 17.81 0 0 "KDE LDA" 50 1000 2.87373737373737
258.145 17.825 0 0 "KDE LDA" 50 1000 2.88383838383838
263.505 17.825 0 0 "KDE LDA" 50 1000 2.89393939393939
263.51 17.87 0 0 "KDE LDA" 50 1000 2.9040404040404
265.305 17.89 0 0 "KDE LDA" 50 1000 2.91414141414141
268.375 17.905 0 0 "KDE LDA" 50 1000 2.92424242424242
270.21 17.985 0 0 "KDE LDA" 50 1000 2.93434343434343
272 17.985 0 0 "KDE LDA" 50 1000 2.94444444444444
281.71 18.115 0 0 "KDE LDA" 50 1000 2.95454545454545
287.585 18.16 0 0 "KDE LDA" 50 1000 2.96464646464646
287.59 18.17 0 0 "KDE LDA" 50 1000 2.97474747474747
292.465 18.17 0 0 "KDE LDA" 50 1000 2.98484848484848
294.12 18.45 0 0 "KDE LDA" 50 1000 2.99494949494949
301.57 18.52 0 0 "KDE LDA" 50 1000 3.00505050505051
304.61 18.525 0 0 "KDE LDA" 50 1000 3.01515151515152
313.01 18.56 0 0 "KDE LDA" 50 1000 3.02525252525253
314.22 18.56 0 0 "KDE LDA" 50 1000 3.03535353535354
315.26 18.585 0 0 "KDE LDA" 50 1000 3.04545454545455
315.545 18.595 0 0 "KDE LDA" 50 1000 3.05555555555556
319.685 18.675 0 0 "KDE LDA" 50 1000 3.06565656565657
319.71 18.7 0 0 "KDE LDA" 50 1000 3.07575757575758
326.24 18.875 0 0 "KDE LDA" 50 1000 3.08585858585859
334.315 18.975 0 0 "KDE LDA" 50 1000 3.0959595959596
335 18.985 0 0 "KDE LDA" 50 1000 3.10606060606061
335.625 19.13 0 0 "KDE LDA" 50 1000 3.11616161616162
338.99 19.13 0 0 "KDE LDA" 50 1000 3.12626262626263
344.325 19.155 0 0 "KDE LDA" 50 1000 3.13636363636364
345.025 19.175 0 0 "KDE LDA" 50 1000 3.14646464646465
345.83 19.18 0 0 "KDE LDA" 50 1000 3.15656565656566
349.525 19.185 0 0 "KDE LDA" 50 1000 3.16666666666667
354.945 19.21 0 0 "KDE LDA" 50 1000 3.17676767676768
357.12 19.27 0 0 "KDE LDA" 50 1000 3.18686868686869
357.86 19.355 0 0 "KDE LDA" 50 1000 3.1969696969697
367.515 19.375 0 0 "KDE LDA" 50 1000 3.20707070707071
369.825 19.42 0 0 "KDE LDA" 50 1000 3.21717171717172
413.49 19.82 0 0 "KDE LDA" 50 1000 3.22727272727273
413.495 19.895 0 0 "KDE LDA" 50 1000 3.23737373737374
413.54 20.12 0 0 "KDE LDA" 50 1000 3.24747474747475
414.855 20.165 0 0 "KDE LDA" 50 1000 3.25757575757576
418.66 20.32 0 0 "KDE LDA" 50 1000 3.26767676767677
422.605 20.33 0 0 "KDE LDA" 50 1000 3.27777777777778
423.37 20.38 0 0 "KDE LDA" 50 1000 3.28787878787879
423.625 20.66 0 0 "KDE LDA" 50 1000 3.2979797979798
423.665 20.78 0 0 "KDE LDA" 50 1000 3.30808080808081
425.495 21.055 0 0 "KDE LDA" 50 1000 3.31818181818182
425.79 21.105 0 0 "KDE LDA" 50 1000 3.32828282828283
427.83 21.19 0 0 "KDE LDA" 50 1000 3.33838383838384
443.16 21.36 0 0 "KDE LDA" 50 1000 3.34848484848485
502.44 21.75 0 0 "KDE LDA" 50 1000 3.35858585858586
502.465 21.82 0 0 "KDE LDA" 50 1000 3.36868686868687
502.505 21.865 0 0 "KDE LDA" 50 1000 3.37878787878788
507.725 21.885 0 0 "KDE LDA" 50 1000 3.38888888888889
511.185 21.915 0 0 "KDE LDA" 50 1000 3.3989898989899
512.935 21.915 0 0 "KDE LDA" 50 1000 3.40909090909091
512.945 21.92 0 0 "KDE LDA" 50 1000 3.41919191919192
514.025 22.09 0 0 "KDE LDA" 50 1000 3.42929292929293
523.54 22.135 0 0 "KDE LDA" 50 1000 3.43939393939394
523.595 22.14 0 0 "KDE LDA" 50 1000 3.44949494949495
523.815 22.19 0 0 "KDE LDA" 50 1000 3.45959595959596
531.375 22.195 0 0 "KDE LDA" 50 1000 3.46969696969697
536.95 22.215 0 0 "KDE LDA" 50 1000 3.47979797979798
541.27 22.355 0 0 "KDE LDA" 50 1000 3.48989898989899
542.34 22.41 0 0 "KDE LDA" 50 1000 3.5
139.38 15.61 0 0 "KDE QDA" 50 1000 3.5
139.615 15.61 0 0 "KDE QDA" 50 1000 3.51010101010101
142.38 15.76 0 0 "KDE QDA" 50 1000 3.52020202020202
143.335 15.79 0 0 "KDE QDA" 50 1000 3.53030303030303
145.005 15.815 0 0 "KDE QDA" 50 1000 3.54040404040404
146.77 15.835 0 0 "KDE QDA" 50 1000 3.55050505050505
146.785 15.835 0 0 "KDE QDA" 50 1000 3.56060606060606
148.005 15.835 0 0 "KDE QDA" 50 1000 3.57070707070707
149.78 15.86 0 0 "KDE QDA" 50 1000 3.58080808080808
152.1 15.885 0 0 "KDE QDA" 50 1000 3.59090909090909
152.325 15.89 0 0 "KDE QDA" 50 1000 3.6010101010101
153.26 15.895 0 0 "KDE QDA" 50 1000 3.61111111111111
153.6 15.895 0 0 "KDE QDA" 50 1000 3.62121212121212
154.32 15.92 0 0 "KDE QDA" 50 1000 3.63131313131313
156.49 15.96 0 0 "KDE QDA" 50 1000 3.64141414141414
158.245 16.29 0 0 "KDE QDA" 50 1000 3.65151515151515
162.245 16.32 0 0 "KDE QDA" 50 1000 3.66161616161616
162.46 16.32 0 0 "KDE QDA" 50 1000 3.67171717171717
164.755 16.635 0 0 "KDE QDA" 50 1000 3.68181818181818
165.56 16.645 0 0 "KDE QDA" 50 1000 3.69191919191919
165.58 16.645 0 0 "KDE QDA" 50 1000 3.7020202020202
165.59 16.675 0 0 "KDE QDA" 50 1000 3.71212121212121
165.59 16.68 0 0 "KDE QDA" 50 1000 3.72222222222222
165.705 16.69 0 0 "KDE QDA" 50 1000 3.73232323232323
165.75 16.705 0 0 "KDE QDA" 50 1000 3.74242424242424
168.125 16.715 0 0 "KDE QDA" 50 1000 3.75252525252525
168.215 16.73 0 0 "KDE QDA" 50 1000 3.76262626262626
168.69 16.74 0 0 "KDE QDA" 50 1000 3.77272727272727
171.325 16.76 0 0 "KDE QDA" 50 1000 3.78282828282828
174.96 17.145 0 0 "KDE QDA" 50 1000 3.79292929292929
175.94 17.15 0 0 "KDE QDA" 50 1000 3.8030303030303
179.945 17.205 0 0 "KDE QDA" 50 1000 3.81313131313131
180.015 17.245 0 0 "KDE QDA" 50 1000 3.82323232323232
180.74 17.34 0 0 "KDE QDA" 50 1000 3.83333333333333
181.8 17.37 0 0 "KDE QDA" 50 1000 3.84343434343434
184.445 17.385 0 0 "KDE QDA" 50 1000 3.85353535353535
186.57 17.39 0 0 "KDE QDA" 50 1000 3.86363636363636
190.165 17.39 0 0 "KDE QDA" 50 1000 3.87373737373737
190.72 17.4 0 0 "KDE QDA" 50 1000 3.88383838383838
190.745 17.42 0 0 "KDE QDA" 50 1000 3.89393939393939
190.75 17.42 0 0 "KDE QDA" 50 1000 3.9040404040404
193.025 17.425 0 0 "KDE QDA" 50 1000 3.91414141414141
203.09 17.815 0 0 "KDE QDA" 50 1000 3.92424242424242
204.93 17.865 0 0 "KDE QDA" 50 1000 3.93434343434343
206.525 17.91 0 0 "KDE QDA" 50 1000 3.94444444444444
207.565 17.925 0 0 "KDE QDA" 50 1000 3.95454545454545
207.65 17.94 0 0 "KDE QDA" 50 1000 3.96464646464646
208.19 18.04 0 0 "KDE QDA" 50 1000 3.97474747474747
208.53 18.045 0 0 "KDE QDA" 50 1000 3.98484848484848
208.56 18.045 0 0 "KDE QDA" 50 1000 3.99494949494949
209.105 18.095 0 0 "KDE QDA" 50 1000 4.00505050505051
209.72 18.1 0 0 "KDE QDA" 50 1000 4.01515151515152
209.79 18.105 0 0 "KDE QDA" 50 1000 4.02525252525253
210.44 18.12 0 0 "KDE QDA" 50 1000 4.03535353535354
210.81 18.16 0 0 "KDE QDA" 50 1000 4.04545454545455
212.44 18.19 0 0 "KDE QDA" 50 1000 4.05555555555556
216.75 18.195 0 0 "KDE QDA" 50 1000 4.06565656565657
219.04 18.195 0 0 "KDE QDA" 50 1000 4.07575757575758
220.12 18.49 0 0 "KDE QDA" 50 1000 4.08585858585859
220.125 18.51 0 0 "KDE QDA" 50 1000 4.0959595959596
223.685 18.535 0 0 "KDE QDA" 50 1000 4.10606060606061
223.695 18.545 0 0 "KDE QDA" 50 1000 4.11616161616162
224.59 18.545 0 0 "KDE QDA" 50 1000 4.12626262626263
233.365 18.575 0 0 "KDE QDA" 50 1000 4.13636363636364
234.11 18.6 0 0 "KDE QDA" 50 1000 4.14646464646465
234.99 18.675 0 0 "KDE QDA" 50 1000 4.15656565656566
242.065 18.68 0 0 "KDE QDA" 50 1000 4.16666666666667
245.39 18.68 0 0 "KDE QDA" 50 1000 4.17676767676768
245.865 18.695 0 0 "KDE QDA" 50 1000 4.18686868686869
247.76 18.81 0 0 "KDE QDA" 50 1000 4.1969696969697
251.195 18.825 0 0 "KDE QDA" 50 1000 4.20707070707071
259.195 19.08 0 0 "KDE QDA" 50 1000 4.21717171717172
260.045 19.105 0 0 "KDE QDA" 50 1000 4.22727272727273
261.41 19.2 0 0 "KDE QDA" 50 1000 4.23737373737374
268.265 19.265 0 0 "KDE QDA" 50 1000 4.24747474747475
268.675 19.265 0 0 "KDE QDA" 50 1000 4.25757575757576
272.37 19.285 0 0 "KDE QDA" 50 1000 4.26767676767677
275.035 19.29 0 0 "KDE QDA" 50 1000 4.27777777777778
275.27 19.355 0 0 "KDE QDA" 50 1000 4.28787878787879
275.29 19.535 0 0 "KDE QDA" 50 1000 4.2979797979798
276.625 19.54 0 0 "KDE QDA" 50 1000 4.30808080808081
278.47 19.585 0 0 "KDE QDA" 50 1000 4.31818181818182
278.805 19.605 0 0 "KDE QDA" 50 1000 4.32828282828283
278.875 19.63 0 0 "KDE QDA" 50 1000 4.33838383838384
299.525 19.79 0 0 "KDE QDA" 50 1000 4.34848484848485
299.665 19.815 0 0 "KDE QDA" 50 1000 4.35858585858586
300.5 19.83 0 0 "KDE QDA" 50 1000 4.36868686868687
303.8 19.885 0 0 "KDE QDA" 50 1000 4.37878787878788
303.965 19.93 0 0 "KDE QDA" 50 1000 4.38888888888889
304.255 19.945 0 0 "KDE QDA" 50 1000 4.3989898989899
306.57 19.965 0 0 "KDE QDA" 50 1000 4.40909090909091
307.22 19.965 0 0 "KDE QDA" 50 1000 4.41919191919192
308.175 19.97 0 0 "KDE QDA" 50 1000 4.42929292929293
308.78 19.975 0 0 "KDE QDA" 50 1000 4.43939393939394
308.79 20.01 0 0 "KDE QDA" 50 1000 4.44949494949495
308.91 20.015 0 0 "KDE QDA" 50 1000 4.45959595959596
310.45 20.025 0 0 "KDE QDA" 50 1000 4.46969696969697
315.275 20.38 0 0 "KDE QDA" 50 1000 4.47979797979798
315.36 20.4 0 0 "KDE QDA" 50 1000 4.48989898989899
315.36 20.445 0 0 "KDE QDA" 50 1000 4.5
