145.215 12.945 0 0 "KDE LDA" 96 800 2.4
145.215 12.97 0 0 "KDE LDA" 96 800 2.41010101010101
145.24 13.06 0 0 "KDE LDA" 96 800 2.42020202020202
145.24 13.085 0 0 "KDE LDA" 96 800 2.43030303030303
146.57 13.13 0 0 "KDE LDA" 96 800 2.44040404040404
146.745 13.145 0 0 "KDE LDA" 96 800 2.45050505050505
147.255 13.185 0 0 "KDE LDA" 96 800 2.46060606060606
148.775 13.205 0 0 "KDE LDA" 96 800 2.47070707070707
149.7 13.23 0 0 "KDE LDA" 96 800 2.48080808080808
151.395 13.235 0 0 "KDE LDA" 96 800 2.49090909090909
152.195 13.235 0 0 "KDE LDA" 96 800 2.5010101010101
152.915 13.4 0 0 "KDE LDA" 96 800 2.51111111111111
153.215 13.425 0 0 "KDE LDA" 96 800 2.52121212121212
154.73 13.61 0 0 "KDE LDA" 96 800 2.53131313131313
156.335 13.615 0 0 "KDE LDA" 96 800 2.54141414141414
157.62 13.705 0 0 "KDE LDA" 96 800 2.55151515151515
158.83 13.94 0 0 "KDE LDA" 96 800 2.56161616161616
159.43 13.95 0 0 "KDE LDA" 96 800 2.57171717171717
160.15 14 0 0 "KDE LDA" 96 800 2.58181818181818
161.735 14.005 0 0 "KDE LDA" 96 800 2.59191919191919
162.49 14.155 0 0 "KDE LDA" 96 800 2.6020202020202
162.72 14.22 0 0 "KDE LDA" 96 800 2.61212121212121
162.72 14.285 0 0 "KDE LDA" 96 800 2.62222222222222
163.08 14.31 0 0 "KDE LDA" 96 800 2.63232323232323
163.85 14.38 0 0 "KDE LDA" 96 800 2.64242424242424
165.51 14.4 0 0 "KDE LDA" 96 800 2.65252525252525
171.145 14.595 0 0 "KDE LDA" 96 800 2.66262626262626
186.16 14.725 0 0 "KDE LDA" 96 800 2.67272727272727
188.33 14.78 0 0 "KDE LDA" 96 800 2.68282828282828
188.33 14.795 0 0 "KDE LDA" 96 800 2.69292929292929
191.805 14.795 0 0 "KDE LDA" 96 800 2.7030303030303
191.82 15.01 0 0 "KDE LDA" 96 800 2.71313131313131
192.145 15.02 0 0 "KDE LDA" 96 800 2.72323232323232
192.15 15.035 0 0 "KDE LDA" 96 800 2.73333333333333
197.46 15.045 0 0 "KDE LDA" 96 800 2.74343434343434
198.475 15.145 0 0 "KDE LDA" 96 800 2.75353535353535
207.305 15.2 0 0 "KDE LDA" 96 800 2.76363636363636
212.24 15.225 0 0 "KDE LDA" 96 800 2.77373737373737
214.535 15.24 0 0 "KDE LDA" 96 800 2.78383838383838
217.435 15.385 0 0 "KDE LDA" 96 800 2.79393939393939
251.75 16.66 0 0 "KDE LDA" 96 800 2.8040404040404
253.68 16.67 0 0 "KDE LDA" 96 800 2.81414141414141
261.095 16.68 0 0 "KDE LDA" 96 800 2.82424242424242
261.095 16.69 0 0 "KDE LDA" 96 800 2.83434343434343
261.105 16.7 0 0 "KDE LDA" 96 800 2.84444444444444
266.51 16.71 0 0 "KDE LDA" 96 800 2.85454545454545
269.85 16.745 0 0 "KDE LDA" 96 800 2.86464646464646
272.995 16.75 0 0 "KDE LDA" 96 800 2.87474747474747
273 16.775 0 0 "KDE LDA" 96 800 2.88484848484848
273.03 16.775 0 0 "KDE LDA" 96 800 2.89494949494949
273.08 17.015 0 0 "KDE LDA" 96 800 2.90505050505051
274.985 17.23 0 0 "KDE LDA" 96 800 2.91515151515152
275.6 17.24 0 0 "KDE LDA" 96 800 2.92525252525253
280.09 17.34 0 0 "KDE LDA" 96 800 2.93535353535354
280.11 17.38 0 0 "KDE LDA" 96 800 2.94545454545455
280.97 17.43 0 0 "KDE LDA" 96 800 2.95555555555556
289.2 17.46 0 0 "KDE LDA" 96 800 2.96565656565657
289.21 17.46 0 0 "KDE LDA" 96 800 2.97575757575758
293.96 17.465 0 0 "KDE LDA" 96 800 2.98585858585859
296.62 17.47 0 0 "KDE LDA" 96 800 2.9959595959596
296.625 17.475 0 0 "KDE LDA" 96 800 3.00606060606061
296.645 17.81 0 0 "KDE LDA" 96 800 3.01616161616162
303.6 17.95 0 0 "KDE LDA" 96 800 3.02626262626263
305.055 17.97 0 0 "KDE LDA" 96 800 3.03636363636364
306.395 17.97 0 0 "KDE LDA" 96 800 3.04646464646465
307.29 17.99 0 0 "KDE LDA" 96 800 3.05656565656566
318.105 18.035 0 0 "KDE LDA" 96 800 3.06666666666667
323.42 18.065 0 0 "KDE LDA" 96 800 3.07676767676768
326.45 18.16 0 0 "KDE LDA" 96 800 3.08686868686869
348.715 18.425 0 0 "KDE LDA" 96 800 3.0969696969697
357.58 18.44 0 0 "KDE LDA" 96 800 3.10707070707071
357.585 18.475 0 0 "KDE LDA" 96 800 3.11717171717172
362.225 18.505 0 0 "KDE LDA" 96 800 3.12727272727273
362.26 18.505 0 0 "KDE LDA" 96 800 3.13737373737374
362.275 18.54 0 0 "KDE LDA" 96 800 3.14747474747475
362.91 18.57 0 0 "KDE LDA" 96 800 3.15757575757576
369.055 18.62 0 0 "KDE LDA" 96 800 3.16767676767677
370.925 18.74 0 0 "KDE LDA" 96 800 3.17777777777778
375.23 18.79 0 0 "KDE LDA" 96 800 3.18787878787879
387.23 18.795 0 0 "KDE LDA" 96 800 3.1979797979798
391.205 18.81 0 0 "KDE LDA" 96 800 3.20808080808081
394.055 18.98 0 0 "KDE LDA" 96 800 3.21818181818182
418.06 19.34 0 0 "KDE LDA" 96 800 3.22828282828283
418.49 19.39 0 0 "KDE LDA" 96 800 3.23838383838384
421.33 19.395 0 0 "KDE LDA" 96 800 3.24848484848485
422.615 19.4 0 0 "KDE LDA" 96 800 3.25858585858586
422.63 19.425 0 0 "KDE LDA" 96 800 3.26868686868687
422.66 19.44 0 0 "KDE LDA" 96 800 3.27878787878788
425.765 19.465 0 0 "KDE LDA" 96 800 3.28888888888889
426.39 19.475 0 0 "KDE LDA" 96 800 3.2989898989899
426.42 19.605 0 0 "KDE LDA" 96 800 3.30909090909091
426.49 19.88 0 0 "KDE LDA" 96 800 3.31919191919192
428.75 19.915 0 0 "KDE LDA" 96 800 3.32929292929293
432.81 20.045 0 0 "KDE LDA" 96 800 3.33939393939394
461.12 20.17 0 0 "KDE LDA" 96 800 3.34949494949495
510.59 20.62 0 0 "KDE LDA" 96 800 3.35959595959596
512.265 20.665 0 0 "KDE LDA" 96 800 3.36969696969697
522.1 20.71 0 0 "KDE LDA" 96 800 3.37979797979798
555.795 20.9 0 0 "KDE LDA" 96 800 3.38989898989899
555.805 20.985 0 0 "KDE LDA" 96 800 3.4
123.72 16.84 0 0 "KDE QDA" 96 800 4.3
124.075 16.845 0 0 "KDE QDA" 96 800 4.31010101010101
124.835 16.85 0 0 "KDE QDA" 96 800 4.32020202020202
126.94 16.855 0 0 "KDE QDA" 96 800 4.33030303030303
127.295 16.88 0 0 "KDE QDA" 96 800 4.34040404040404
127.72 17.32 0 0 "KDE QDA" 96 800 4.35050505050505
128.02 17.345 0 0 "KDE QDA" 96 800 4.36060606060606
128.155 17.385 0 0 "KDE QDA" 96 800 4.37070707070707
129.03 17.47 0 0 "KDE QDA" 96 800 4.38080808080808
129.03 17.48 0 0 "KDE QDA" 96 800 4.39090909090909
131.61 17.48 0 0 "KDE QDA" 96 800 4.4010101010101
131.955 17.545 0 0 "KDE QDA" 96 800 4.41111111111111
131.98 17.57 0 0 "KDE QDA" 96 800 4.42121212121212
133.795 17.665 0 0 "KDE QDA" 96 800 4.43131313131313
134.64 17.71 0 0 "KDE QDA" 96 800 4.44141414141414
134.86 17.71 0 0 "KDE QDA" 96 800 4.45151515151515
135.12 17.745 0 0 "KDE QDA" 96 800 4.46161616161616
135.785 17.79 0 0 "KDE QDA" 96 800 4.47171717171717
140.79 18.08 0 0 "KDE QDA" 96 800 4.48181818181818
140.825 18.22 0 0 "KDE QDA" 96 800 4.49191919191919
142.875 18.235 0 0 "KDE QDA" 96 800 4.5020202020202
143.5 18.265 0 0 "KDE QDA" 96 800 4.51212121212121
144.38 18.29 0 0 "KDE QDA" 96 800 4.52222222222222
144.505 18.3 0 0 "KDE QDA" 96 800 4.53232323232323
144.53 18.31 0 0 "KDE QDA" 96 800 4.54242424242424
145.77 18.31 0 0 "KDE QDA" 96 800 4.55252525252525
145.99 18.335 0 0 "KDE QDA" 96 800 4.56262626262626
147.62 18.34 0 0 "KDE QDA" 96 800 4.57272727272727
147.975 18.35 0 0 "KDE QDA" 96 800 4.58282828282828
148.8 18.365 0 0 "KDE QDA" 96 800 4.59292929292929
148.97 18.38 0 0 "KDE QDA" 96 800 4.6030303030303
149 18.38 0 0 "KDE QDA" 96 800 4.61313131313131
149.335 18.445 0 0 "KDE QDA" 96 800 4.62323232323232
149.465 18.455 0 0 "KDE QDA" 96 800 4.63333333333333
151.315 18.61 0 0 "KDE QDA" 96 800 4.64343434343434
151.34 18.615 0 0 "KDE QDA" 96 800 4.65353535353535
153.035 18.65 0 0 "KDE QDA" 96 800 4.66363636363636
154.2 18.695 0 0 "KDE QDA" 96 800 4.67373737373737
154.495 18.76 0 0 "KDE QDA" 96 800 4.68383838383838
155.05 18.77 0 0 "KDE QDA" 96 800 4.69393939393939
155.075 18.79 0 0 "KDE QDA" 96 800 4.7040404040404
155.5 18.8 0 0 "KDE QDA" 96 800 4.71414141414141
155.545 18.815 0 0 "KDE QDA" 96 800 4.72424242424242
156.575 18.845 0 0 "KDE QDA" 96 800 4.73434343434343
156.765 18.845 0 0 "KDE QDA" 96 800 4.74444444444444
157.38 18.895 0 0 "KDE QDA" 96 800 4.75454545454545
157.475 18.93 0 0 "KDE QDA" 96 800 4.76464646464646
157.585 19.085 0 0 "KDE QDA" 96 800 4.77474747474747
157.615 19.21 0 0 "KDE QDA" 96 800 4.78484848484849
157.675 19.225 0 0 "KDE QDA" 96 800 4.79494949494949
157.75 19.25 0 0 "KDE QDA" 96 800 4.80505050505051
158.06 19.26 0 0 "KDE QDA" 96 800 4.81515151515152
158.13 19.265 0 0 "KDE QDA" 96 800 4.82525252525252
158.325 19.27 0 0 "KDE QDA" 96 800 4.83535353535354
158.58 19.295 0 0 "KDE QDA" 96 800 4.84545454545455
160.95 19.3 0 0 "KDE QDA" 96 800 4.85555555555556
161.475 19.33 0 0 "KDE QDA" 96 800 4.86565656565657
165.685 19.365 0 0 "KDE QDA" 96 800 4.87575757575758
166.225 19.385 0 0 "KDE QDA" 96 800 4.88585858585859
167.68 19.425 0 0 "KDE QDA" 96 800 4.8959595959596
168.54 19.77 0 0 "KDE QDA" 96 800 4.90606060606061
171.89 19.785 0 0 "KDE QDA" 96 800 4.91616161616162
171.995 19.795 0 0 "KDE QDA" 96 800 4.92626262626263
172.135 19.91 0 0 "KDE QDA" 96 800 4.93636363636364
173.255 19.94 0 0 "KDE QDA" 96 800 4.94646464646465
173.325 19.94 0 0 "KDE QDA" 96 800 4.95656565656566
173.33 19.95 0 0 "KDE QDA" 96 800 4.96666666666667
173.86 19.99 0 0 "KDE QDA" 96 800 4.97676767676768
174.78 20.02 0 0 "KDE QDA" 96 800 4.98686868686869
174.78 20.045 0 0 "KDE QDA" 96 800 4.9969696969697
175.035 20.05 0 0 "KDE QDA" 96 800 5.00707070707071
175.705 20.065 0 0 "KDE QDA" 96 800 5.01717171717172
175.75 20.08 0 0 "KDE QDA" 96 800 5.02727272727273
178.75 20.18 0 0 "KDE QDA" 96 800 5.03737373737374
180.26 20.325 0 0 "KDE QDA" 96 800 5.04747474747475
181.335 20.36 0 0 "KDE QDA" 96 800 5.05757575757576
182.735 20.61 0 0 "KDE QDA" 96 800 5.06767676767677
182.755 20.645 0 0 "KDE QDA" 96 800 5.07777777777778
182.83 20.66 0 0 "KDE QDA" 96 800 5.08787878787879
182.845 20.79 0 0 "KDE QDA" 96 800 5.0979797979798
183.08 20.805 0 0 "KDE QDA" 96 800 5.10808080808081
183.125 20.86 0 0 "KDE QDA" 96 800 5.11818181818182
183.165 20.87 0 0 "KDE QDA" 96 800 5.12828282828283
183.195 20.885 0 0 "KDE QDA" 96 800 5.13838383838384
183.985 20.89 0 0 "KDE QDA" 96 800 5.14848484848485
184.06 20.905 0 0 "KDE QDA" 96 800 5.15858585858586
184.19 20.905 0 0 "KDE QDA" 96 800 5.16868686868687
184.72 20.97 0 0 "KDE QDA" 96 800 5.17878787878788
185.205 20.985 0 0 "KDE QDA" 96 800 5.18888888888889
185.945 21.105 0 0 "KDE QDA" 96 800 5.1989898989899
186.005 21.145 0 0 "KDE QDA" 96 800 5.20909090909091
189.595 21.155 0 0 "KDE QDA" 96 800 5.21919191919192
189.635 21.185 0 0 "KDE QDA" 96 800 5.22929292929293
189.9 21.23 0 0 "KDE QDA" 96 800 5.23939393939394
190.39 21.235 0 0 "KDE QDA" 96 800 5.24949494949495
193.07 21.26 0 0 "KDE QDA" 96 800 5.25959595959596
193.105 21.26 0 0 "KDE QDA" 96 800 5.26969696969697
193.13 21.265 0 0 "KDE QDA" 96 800 5.27979797979798
193.41 21.275 0 0 "KDE QDA" 96 800 5.28989898989899
197.79 21.275 0 0 "KDE QDA" 96 800 5.3
