123.93 15.135 0 0 "KDE LDA" 132 1000 2.5
127.995 15.185 0 0 "KDE LDA" 132 1000 2.51010101010101
128.425 15.205 0 0 "KDE LDA" 132 1000 2.52020202020202
131.035 15.275 0 0 "KDE LDA" 132 1000 2.53030303030303
134.595 15.32 0 0 "KDE LDA" 132 1000 2.54040404040404
134.62 15.33 0 0 "KDE LDA" 132 1000 2.55050505050505
134.875 15.335 0 0 "KDE LDA" 132 1000 2.56060606060606
134.88 15.34 0 0 "KDE LDA" 132 1000 2.57070707070707
135.28 15.355 0 0 "KDE LDA" 132 1000 2.58080808080808
135.4 15.425 0 0 "KDE LDA" 132 1000 2.59090909090909
135.77 15.515 0 0 "KDE LDA" 132 1000 2.6010101010101
136.005 15.545 0 0 "KDE LDA" 132 1000 2.61111111111111
136.2 15.57 0 0 "KDE LDA" 132 1000 2.62121212121212
137.32 15.615 0 0 "KDE LDA" 132 1000 2.63131313131313
137.9 15.835 0 0 "KDE LDA" 132 1000 2.64141414141414
140.225 15.89 0 0 "KDE LDA" 132 1000 2.65151515151515
143.655 16.48 0 0 "KDE LDA" 132 1000 2.66161616161616
159.565 16.905 0 0 "KDE LDA" 132 1000 2.67171717171717
160.25 16.94 0 0 "KDE LDA" 132 1000 2.68181818181818
164.59 16.945 0 0 "KDE LDA" 132 1000 2.69191919191919
169.78 16.95 0 0 "KDE LDA" 132 1000 2.7020202020202
171.31 17.125 0 0 "KDE LDA" 132 1000 2.71212121212121
180.33 17.185 0 0 "KDE LDA" 132 1000 2.72222222222222
181.04 17.235 0 0 "KDE LDA" 132 1000 2.73232323232323
184.055 17.345 0 0 "KDE LDA" 132 1000 2.74242424242424
184.055 17.405 0 0 "KDE LDA" 132 1000 2.75252525252525
185.56 17.44 0 0 "KDE LDA" 132 1000 2.76262626262626
188.58 17.685 0 0 "KDE LDA" 132 1000 2.77272727272727
190.985 17.81 0 0 "KDE LDA" 132 1000 2.78282828282828
196.36 18.18 0 0 "KDE LDA" 132 1000 2.79292929292929
238.34 19.14 0 0 "KDE LDA" 132 1000 2.8030303030303
239.95 19.15 0 0 "KDE LDA" 132 1000 2.81313131313131
241.725 19.17 0 0 "KDE LDA" 132 1000 2.82323232323232
242.03 19.2 0 0 "KDE LDA" 132 1000 2.83333333333333
242.04 19.205 0 0 "KDE LDA" 132 1000 2.84343434343434
242.075 19.37 0 0 "KDE LDA" 132 1000 2.85353535353535
242.27 19.375 0 0 "KDE LDA" 132 1000 2.86363636363636
242.27 19.39 0 0 "KDE LDA" 132 1000 2.87373737373737
242.425 19.39 0 0 "KDE LDA" 132 1000 2.88383838383838
243.805 19.6 0 0 "KDE LDA" 132 1000 2.89393939393939
245.05 19.605 0 0 "KDE LDA" 132 1000 2.9040404040404
247.115 19.78 0 0 "KDE LDA" 132 1000 2.91414141414141
247.125 19.84 0 0 "KDE LDA" 132 1000 2.92424242424242
249.17 19.84 0 0 "KDE LDA" 132 1000 2.93434343434343
249.515 19.885 0 0 "KDE LDA" 132 1000 2.94444444444444
255.8 19.91 0 0 "KDE LDA" 132 1000 2.95454545454545
264.725 20.05 0 0 "KDE LDA" 132 1000 2.96464646464646
265.04 20.05 0 0 "KDE LDA" 132 1000 2.97474747474747
265.045 20.055 0 0 "KDE LDA" 132 1000 2.98484848484848
265.065 20.09 0 0 "KDE LDA" 132 1000 2.99494949494949
265.425 20.095 0 0 "KDE LDA" 132 1000 3.00505050505051
265.425 20.145 0 0 "KDE LDA" 132 1000 3.01515151515152
270.455 20.24 0 0 "KDE LDA" 132 1000 3.02525252525253
271.81 20.255 0 0 "KDE LDA" 132 1000 3.03535353535354
272.31 20.3 0 0 "KDE LDA" 132 1000 3.04545454545455
272.845 20.465 0 0 "KDE LDA" 132 1000 3.05555555555556
272.865 20.58 0 0 "KDE LDA" 132 1000 3.06565656565657
272.87 20.64 0 0 "KDE LDA" 132 1000 3.07575757575758
274.145 21.09 0 0 "KDE LDA" 132 1000 3.08585858585859
291.855 21.305 0 0 "KDE LDA" 132 1000 3.0959595959596
291.855 21.33 0 0 "KDE LDA" 132 1000 3.10606060606061
294.25 21.405 0 0 "KDE LDA" 132 1000 3.11616161616162
296.475 21.41 0 0 "KDE LDA" 132 1000 3.12626262626263
296.575 21.42 0 0 "KDE LDA" 132 1000 3.13636363636364
296.575 21.545 0 0 "KDE LDA" 132 1000 3.14646464646465
296.6 21.57 0 0 "KDE LDA" 132 1000 3.15656565656566
304.66 21.625 0 0 "KDE LDA" 132 1000 3.16666666666667
306.445 21.635 0 0 "KDE LDA" 132 1000 3.17676767676768
311.075 21.99 0 0 "KDE LDA" 132 1000 3.18686868686869
312.36 22.03 0 0 "KDE LDA" 132 1000 3.1969696969697
312.395 22.065 0 0 "KDE LDA" 132 1000 3.20707070707071
319.49 22.195 0 0 "KDE LDA" 132 1000 3.21717171717172
336.76 22.9 0 0 "KDE LDA" 132 1000 3.22727272727273
342.235 22.935 0 0 "KDE LDA" 132 1000 3.23737373737374
344.585 22.935 0 0 "KDE LDA" 132 1000 3.24747474747475
346.05 22.945 0 0 "KDE LDA" 132 1000 3.25757575757576
347.28 22.98 0 0 "KDE LDA" 132 1000 3.26767676767677
350.115 23.025 0 0 "KDE LDA" 132 1000 3.27777777777778
354.755 23.035 0 0 "KDE LDA" 132 1000 3.28787878787879
361.135 23.055 0 0 "KDE LDA" 132 1000 3.2979797979798
361.135 23.115 0 0 "KDE LDA" 132 1000 3.30808080808081
387.73 23.125 0 0 "KDE LDA" 132 1000 3.31818181818182
390.79 23.195 0 0 "KDE LDA" 132 1000 3.32828282828283
400.875 23.24 0 0 "KDE LDA" 132 1000 3.33838383838384
405.37 23.35 0 0 "KDE LDA" 132 1000 3.34848484848485
462.43 23.725 0 0 "KDE LDA" 132 1000 3.35858585858586
473.75 24.115 0 0 "KDE LDA" 132 1000 3.36868686868687
483.345 24.175 0 0 "KDE LDA" 132 1000 3.37878787878788
484.155 24.205 0 0 "KDE LDA" 132 1000 3.38888888888889
487.34 24.22 0 0 "KDE LDA" 132 1000 3.3989898989899
482.1608040201 24.225 1 0 "KDE LDA" 132 1000 3.40909090909091
489.05527638191 24.23 1 0 "KDE LDA" 132 1000 3.41919191919192
489.070351758794 24.25 1 0 "KDE LDA" 132 1000 3.42929292929293
493.824120603015 24.295 1 0 "KDE LDA" 132 1000 3.43939393939394
497.291457286432 24.295 1 0 "KDE LDA" 132 1000 3.44949494949495
508.763819095477 24.3 1 0 "KDE LDA" 132 1000 3.45959595959596
527.457286432161 24.3 1 0 "KDE LDA" 132 1000 3.46969696969697
536.43216080402 24.38 1 0 "KDE LDA" 132 1000 3.47979797979798
536.663316582915 24.415 1 0 "KDE LDA" 132 1000 3.48989898989899
536.673366834171 24.435 1 0 "KDE LDA" 132 1000 3.5
144.505 14.86 0 0 "KDE QDA" 132 1000 3.5
144.52 14.865 0 0 "KDE QDA" 132 1000 3.51010101010101
147.31 15.145 0 0 "KDE QDA" 132 1000 3.52020202020202
149.225 15.15 0 0 "KDE QDA" 132 1000 3.53030303030303
149.655 15.155 0 0 "KDE QDA" 132 1000 3.54040404040404
150.04 15.185 0 0 "KDE QDA" 132 1000 3.55050505050505
150.085 15.23 0 0 "KDE QDA" 132 1000 3.56060606060606
150.135 15.24 0 0 "KDE QDA" 132 1000 3.57070707070707
151.06 15.275 0 0 "KDE QDA" 132 1000 3.58080808080808
151.065 15.28 0 0 "KDE QDA" 132 1000 3.59090909090909
151.08 15.29 0 0 "KDE QDA" 132 1000 3.6010101010101
152.41 15.295 0 0 "KDE QDA" 132 1000 3.61111111111111
153.125 15.295 0 0 "KDE QDA" 132 1000 3.62121212121212
155.015 15.325 0 0 "KDE QDA" 132 1000 3.63131313131313
158.255 15.37 0 0 "KDE QDA" 132 1000 3.64141414141414
161.95 15.675 0 0 "KDE QDA" 132 1000 3.65151515151515
168.635 15.69 0 0 "KDE QDA" 132 1000 3.66161616161616
171.765 15.69 0 0 "KDE QDA" 132 1000 3.67171717171717
172.19 15.7 0 0 "KDE QDA" 132 1000 3.68181818181818
172.235 15.705 0 0 "KDE QDA" 132 1000 3.69191919191919
173.14 15.74 0 0 "KDE QDA" 132 1000 3.7020202020202
173.14 15.76 0 0 "KDE QDA" 132 1000 3.71212121212121
175.2 15.775 0 0 "KDE QDA" 132 1000 3.72222222222222
176.215 15.805 0 0 "KDE QDA" 132 1000 3.73232323232323
176.23 15.835 0 0 "KDE QDA" 132 1000 3.74242424242424
178.735 15.855 0 0 "KDE QDA" 132 1000 3.75252525252525
179.575 15.87 0 0 "KDE QDA" 132 1000 3.76262626262626
180.995 15.875 0 0 "KDE QDA" 132 1000 3.77272727272727
185.695 15.875 0 0 "KDE QDA" 132 1000 3.78282828282828
192.645 16.5 0 0 "KDE QDA" 132 1000 3.79292929292929
193.45 16.575 0 0 "KDE QDA" 132 1000 3.8030303030303
194.39 16.745 0 0 "KDE QDA" 132 1000 3.81313131313131
195.985 16.785 0 0 "KDE QDA" 132 1000 3.82323232323232
195.99 16.79 0 0 "KDE QDA" 132 1000 3.83333333333333
196.05 16.795 0 0 "KDE QDA" 132 1000 3.84343434343434
197.37 16.8 0 0 "KDE QDA" 132 1000 3.85353535353535
197.38 16.825 0 0 "KDE QDA" 132 1000 3.86363636363636
197.47 16.84 0 0 "KDE QDA" 132 1000 3.87373737373737
197.47 16.845 0 0 "KDE QDA" 132 1000 3.88383838383838
197.515 16.845 0 0 "KDE QDA" 132 1000 3.89393939393939
199.46 16.85 0 0 "KDE QDA" 132 1000 3.9040404040404
199.9 16.85 0 0 "KDE QDA" 132 1000 3.91414141414141
206.8 17.21 0 0 "KDE QDA" 132 1000 3.92424242424242
208.33 17.22 0 0 "KDE QDA" 132 1000 3.93434343434343
214.415 17.355 0 0 "KDE QDA" 132 1000 3.94444444444444
214.43 17.37 0 0 "KDE QDA" 132 1000 3.95454545454545
214.54 17.385 0 0 "KDE QDA" 132 1000 3.96464646464646
214.655 17.4 0 0 "KDE QDA" 132 1000 3.97474747474747
226.065 17.405 0 0 "KDE QDA" 132 1000 3.98484848484848
226.13 17.405 0 0 "KDE QDA" 132 1000 3.99494949494949
226.13 17.43 0 0 "KDE QDA" 132 1000 4.00505050505051
227.08 17.445 0 0 "KDE QDA" 132 1000 4.01515151515152
231.11 17.52 0 0 "KDE QDA" 132 1000 4.02525252525253
231.13 17.525 0 0 "KDE QDA" 132 1000 4.03535353535354
233.87 17.525 0 0 "KDE QDA" 132 1000 4.04545454545455
234.95 17.53 0 0 "KDE QDA" 132 1000 4.05555555555556
236.865 17.545 0 0 "KDE QDA" 132 1000 4.06565656565657
238.61 17.56 0 0 "KDE QDA" 132 1000 4.07575757575758
243.455 17.725 0 0 "KDE QDA" 132 1000 4.08585858585859
244.35 17.73 0 0 "KDE QDA" 132 1000 4.0959595959596
244.365 17.74 0 0 "KDE QDA" 132 1000 4.10606060606061
248.905 17.815 0 0 "KDE QDA" 132 1000 4.11616161616162
248.91 17.825 0 0 "KDE QDA" 132 1000 4.12626262626263
249.63 17.83 0 0 "KDE QDA" 132 1000 4.13636363636364
250.625 17.88 0 0 "KDE QDA" 132 1000 4.14646464646465
252.51 17.925 0 0 "KDE QDA" 132 1000 4.15656565656566
252.515 18.035 0 0 "KDE QDA" 132 1000 4.16666666666667
252.54 18.04 0 0 "KDE QDA" 132 1000 4.17676767676768
252.54 18.16 0 0 "KDE QDA" 132 1000 4.18686868686869
254 18.16 0 0 "KDE QDA" 132 1000 4.1969696969697
260.85 18.185 0 0 "KDE QDA" 132 1000 4.20707070707071
277.38 18.55 0 0 "KDE QDA" 132 1000 4.21717171717172
277.405 18.57 0 0 "KDE QDA" 132 1000 4.22727272727273
279.015 18.605 0 0 "KDE QDA" 132 1000 4.23737373737374
296.96 18.625 0 0 "KDE QDA" 132 1000 4.24747474747475
300.655 18.625 0 0 "KDE QDA" 132 1000 4.25757575757576
301.86 18.65 0 0 "KDE QDA" 132 1000 4.26767676767677
302.045 18.66 0 0 "KDE QDA" 132 1000 4.27777777777778
302.05 18.68 0 0 "KDE QDA" 132 1000 4.28787878787879
305.745 18.69 0 0 "KDE QDA" 132 1000 4.2979797979798
305.765 18.865 0 0 "KDE QDA" 132 1000 4.30808080808081
307.37 18.875 0 0 "KDE QDA" 132 1000 4.31818181818182
307.82 18.89 0 0 "KDE QDA" 132 1000 4.32828282828283
307.88 18.895 0 0 "KDE QDA" 132 1000 4.33838383838384
317.11 19.245 0 0 "KDE QDA" 132 1000 4.34848484848485
320.805 19.26 0 0 "KDE QDA" 132 1000 4.35858585858586
325.38 19.26 0 0 "KDE QDA" 132 1000 4.36868686868687
327.38 19.29 0 0 "KDE QDA" 132 1000 4.37878787878788
329.885 19.325 0 0 "KDE QDA" 132 1000 4.38888888888889
330.04 19.375 0 0 "KDE QDA" 132 1000 4.3989898989899
330.085 19.4 0 0 "KDE QDA" 132 1000 4.40909090909091
333.12 19.42 0 0 "KDE QDA" 132 1000 4.41919191919192
337.385 19.425 0 0 "KDE QDA" 132 1000 4.42929292929293
342.725 19.44 0 0 "KDE QDA" 132 1000 4.43939393939394
342.745 19.465 0 0 "KDE QDA" 132 1000 4.44949494949495
342.78 19.47 0 0 "KDE QDA" 132 1000 4.45959595959596
342.785 19.475 0 0 "KDE QDA" 132 1000 4.46969696969697
345.86 19.89 0 0 "KDE QDA" 132 1000 4.47979797979798
354.185 19.92 0 0 "KDE QDA" 132 1000 4.48989898989899
355.035 19.945 0 0 "KDE QDA" 132 1000 4.5
