30.573 0 25.1440030999818 "LDA" 5 1 3 1.5
31.946 0 26.3815668805147 "LDA" 5 1 3 1.53535353535354
33.237 0 27.8551025440176 "LDA" 5 1 3 1.57070707070707
34.357 0 28.8766586088559 "LDA" 5 1 3 1.60606060606061
35.579 0 29.6559477041998 "LDA" 5 1 3 1.64141414141414
36.83 0 30.3669104330561 "LDA" 5 1 3 1.67676767676768
37.905 0 31.2526591461223 "LDA" 5 1 3 1.71212121212121
39.264 0 32.6967794038401 "LDA" 5 1 3 1.74747474747475
41.172 0 34.2822941427742 "LDA" 5 1 3 1.78282828282828
42.997 0 35.5972492638849 "LDA" 5 1 3 1.81818181818182
45.087 0 37.8144861973076 "LDA" 5 1 3 1.85353535353535
46.222 0 38.2864018231612 "LDA" 5 1 3 1.88888888888889
47.444 0 39.2593703739905 "LDA" 5 1 3 1.92424242424242
49.505 0 40.9455310322325 "LDA" 5 1 3 1.95959595959596
50.74 0 41.198054319102 "LDA" 5 1 3 1.99494949494949
52.407 0 42.5192572634828 "LDA" 5 1 3 2.03030303030303
54.174 0 44.2545838551465 "LDA" 5 1 3 2.06565656565657
56.142 0 46.8227744608135 "LDA" 5 1 3 2.1010101010101
58.07 0 47.7441997378593 "LDA" 5 1 3 2.13636363636364
59.88 0 49.7322923350704 "LDA" 5 1 3 2.17171717171717
61.171 0 50.4828314902728 "LDA" 5 1 3 2.20707070707071
63.408 0 52.2841579177591 "LDA" 5 1 3 2.24242424242424
65.212 0 53.4494330923902 "LDA" 5 1 3 2.27777777777778
67.176 0 55.6538262150265 "LDA" 5 1 3 2.31313131313131
69.304 0 57.1256941220755 "LDA" 5 1 3 2.34848484848485
71.745 0 58.5304860119305 "LDA" 5 1 3 2.38383838383838
73.199 0 59.257040052603 "LDA" 5 1 3 2.41919191919192
75.903 0 62.4622215432666 "LDA" 5 1 3 2.45454545454545
78.186 0 64.2299999758438 "LDA" 5 1 3 2.48989898989899
81.322 0 66.4734159723346 "LDA" 5 1 3 2.52525252525253
84.295 0 71.1521370135964 "LDA" 5 1 3 2.56060606060606
85.688 0 71.449126192233 "LDA" 5 1 3 2.5959595959596
89.468 0 75.1895501013568 "LDA" 5 1 3 2.63131313131313
91.669 0 75.7375707203408 "LDA" 5 1 3 2.66666666666667
95.52 0 79.6273326949491 "LDA" 5 1 3 2.7020202020202
98.247 0 81.8440128136044 "LDA" 5 1 3 2.73737373737374
99.95 0 83.0869962686638 "LDA" 5 1 3 2.77272727272727
102.482 0 84.2352732366748 "LDA" 5 1 3 2.80808080808081
105.761 0 87.4259410825767 "LDA" 5 1 3 2.84343434343434
108.401 0 91.2807777102024 "LDA" 5 1 3 2.87878787878788
112.514 0 96.4574094397928 "LDA" 5 1 3 2.91414141414141
115.529 0 98.572316908251 "LDA" 5 1 3 2.94949494949495
117.525 0 99.711623107754 "LDA" 5 1 3 2.98484848484848
120.057 0 101.775488213032 "LDA" 5 1 3 3.02020202020202
123.847 0 106.137272961537 "LDA" 5 1 3 3.05555555555556
126.446 0 107.391312395268 "LDA" 5 1 3 3.09090909090909
128.706 0 108.447546926772 "LDA" 5 1 3 3.12626262626263
130.825 0 108.58578750577 "LDA" 5 1 3 3.16161616161616
133.268 0 110.126236492327 "LDA" 5 1 3 3.1969696969697
135.913 0 113.20017540053 "LDA" 5 1 3 3.23232323232323
139.08 0 119.509012229221 "LDA" 5 1 3 3.26767676767677
143.609 0 122.106167063892 "LDA" 5 1 3 3.3030303030303
147.622 0 125.35301549821 "LDA" 5 1 3 3.33838383838384
152.256 0 130.437795452401 "LDA" 5 1 3 3.37373737373737
155.797 0 132.206832037673 "LDA" 5 1 3 3.40909090909091
157.717 0 133.725036161133 "LDA" 5 1 3 3.44444444444444
160.363 0 135.161917620959 "LDA" 5 1 3 3.47979797979798
164.696 0 138.793621082719 "LDA" 5 1 3 3.51515151515152
170.843 0 147.009809996596 "LDA" 5 1 3 3.55050505050505
176.474 0 149.853653413727 "LDA" 5 1 3 3.58585858585859
181.106 0 153.355804476931 "LDA" 5 1 3 3.62121212121212
185.062 0 158.505236714962 "LDA" 5 1 3 3.65656565656566
189.166 0 160.475751784844 "LDA" 5 1 3 3.69191919191919
193.486 0 163.223575931113 "LDA" 5 1 3 3.72727272727273
198.391 0 166.040554036008 "LDA" 5 1 3 3.76262626262626
204.624 0 174.454558601995 "LDA" 5 1 3 3.7979797979798
208.463 0 179.968005806905 "LDA" 5 1 3 3.83333333333333
211.303 0 183.365465900984 "LDA" 5 1 3 3.86868686868687
217.728 0 193.852647299089 "LDA" 5 1 3 3.9040404040404
221.443 0 194.623727089341 "LDA" 5 1 3 3.93939393939394
223.262 0 196.215279200657 "LDA" 5 1 3 3.97474747474747
226.688 0 203.45162378123 "LDA" 5 1 3 4.01010101010101
232.921 0 209.053285157242 "LDA" 5 1 3 4.04545454545454
236.794 0 210.402444740437 "LDA" 5 1 3 4.08080808080808
239.449 0 211.890171654666 "LDA" 5 1 3 4.11616161616162
246.392 0 220.407640212094 "LDA" 5 1 3 4.15151515151515
251.096 0 222.889736458677 "LDA" 5 1 3 4.18686868686869
253.895 0 225.500071523841 "LDA" 5 1 3 4.22222222222222
259.729 0 231.303966857648 "LDA" 5 1 3 4.25757575757576
263.841 0 234.226907000376 "LDA" 5 1 3 4.29292929292929
268.497 0 236.618567186384 "LDA" 5 1 3 4.32828282828283
272.177 0 239.194271609022 "LDA" 5 1 3 4.36363636363636
276.714 0 242.263707368454 "LDA" 5 1 3 4.3989898989899
283.314 0 247.749731247752 "LDA" 5 1 3 4.43434343434343
288.409409409409 1 251.669920828157 "LDA" 5 1 3 4.46969696969697
292.375375375375 1 253.983565486645 "LDA" 5 1 3 4.50505050505051
298.201201201201 1 259.056524960882 "LDA" 5 1 3 4.54040404040404
304.780780780781 1 263.737201801755 "LDA" 5 1 3 4.57575757575758
310.171171171171 1 267.413690549898 "LDA" 5 1 3 4.61111111111111
314.239239239239 1 268.698421105952 "LDA" 5 1 3 4.64646464646465
321.217217217217 1 277.760280477042 "LDA" 5 1 3 4.68181818181818
327.32032032032 1 283.317873655304 "LDA" 5 1 3 4.71717171717172
337.038038038038 1 296.459929052177 "LDA" 5 1 3 4.75252525252525
345.079158316633 2 300.786859672006 "LDA" 5 1 3 4.78787878787879
349.380761523046 2 303.326686175582 "LDA" 5 1 3 4.82323232323232
358.455911823647 2 311.731543520699 "LDA" 5 1 3 4.85858585858586
363.044088176353 2 314.204665425971 "LDA" 5 1 3 4.89393939393939
365.7625250501 2 314.264929727462 "LDA" 5 1 3 4.92929292929293
375.001002004008 2 321.877396182954 "LDA" 5 1 3 4.96464646464646
379.482965931864 2 324.680908412063 "LDA" 5 1 3 5
14.439 0 9.25558992960173 "uLSIF" 5 1 3 1.5
14.884 0 9.46266802155112 "uLSIF" 5 1 3 1.53535353535354
15.329 0 9.7959542526351 "uLSIF" 5 1 3 1.57070707070707
15.714 0 9.89647129759614 "uLSIF" 5 1 3 1.60606060606061
16.185 0 10.1677016654285 "uLSIF" 5 1 3 1.64141414141414
16.646 0 10.4682504874629 "uLSIF" 5 1 3 1.67676767676768
17.092 0 10.865891753722 "uLSIF" 5 1 3 1.71212121212121
17.53 0 11.1623338821994 "uLSIF" 5 1 3 1.74747474747475
18.072 0 11.4358031459795 "uLSIF" 5 1 3 1.78282828282828
18.487 0 11.6122640202364 "uLSIF" 5 1 3 1.81818181818182
18.993 0 11.9554122841031 "uLSIF" 5 1 3 1.85353535353535
19.405 0 12.2104902060102 "uLSIF" 5 1 3 1.88888888888889
19.933 0 12.7315593547532 "uLSIF" 5 1 3 1.92424242424242
20.257 0 12.891747288407 "uLSIF" 5 1 3 1.95959595959596
20.842 0 13.3758719323246 "uLSIF" 5 1 3 1.99494949494949
21.243 0 13.5007489133463 "uLSIF" 5 1 3 2.03030303030303
21.734 0 13.8922366175587 "uLSIF" 5 1 3 2.06565656565657
22.285 0 14.3327318471463 "uLSIF" 5 1 3 2.1010101010101
22.751 0 14.4955551849565 "uLSIF" 5 1 3 2.13636363636364
23.261 0 14.67829456481 "uLSIF" 5 1 3 2.17171717171717
23.842 0 15.1269249968346 "uLSIF" 5 1 3 2.20707070707071
24.236 0 15.5710873982122 "uLSIF" 5 1 3 2.24242424242424
24.803 0 15.9368181633968 "uLSIF" 5 1 3 2.27777777777778
25.141 0 16.0963415474204 "uLSIF" 5 1 3 2.31313131313131
25.605 0 16.2916049360212 "uLSIF" 5 1 3 2.34848484848485
26.309 0 16.7819889808733 "uLSIF" 5 1 3 2.38383838383838
26.778 0 17.0088217115712 "uLSIF" 5 1 3 2.41919191919192
27.318 0 17.1745696261025 "uLSIF" 5 1 3 2.45454545454545
27.908 0 17.6391234100415 "uLSIF" 5 1 3 2.48989898989899
28.53 0 18.23056371738 "uLSIF" 5 1 3 2.52525252525253
29.035 0 18.519739624405 "uLSIF" 5 1 3 2.56060606060606
29.614 0 18.9385763370343 "uLSIF" 5 1 3 2.5959595959596
30.472 0 19.7053677336283 "uLSIF" 5 1 3 2.63131313131313
30.923 0 19.7599475334963 "uLSIF" 5 1 3 2.66666666666667
31.557 0 20.0384203291899 "uLSIF" 5 1 3 2.7020202020202
32.117 0 20.2280123463351 "uLSIF" 5 1 3 2.73737373737374
32.606 0 20.4521650456634 "uLSIF" 5 1 3 2.77272727272727
33.359 0 20.8349757670897 "uLSIF" 5 1 3 2.80808080808081
34.016 0 21.5208943330172 "uLSIF" 5 1 3 2.84343434343434
34.822 0 22.3563888882826 "uLSIF" 5 1 3 2.87878787878788
35.176 0 22.6144298277988 "uLSIF" 5 1 3 2.91414141414141
35.791 0 23.1141857867541 "uLSIF" 5 1 3 2.94949494949495
36.327 0 23.3143223926545 "uLSIF" 5 1 3 2.98484848484848
36.938 0 24.0536220293895 "uLSIF" 5 1 3 3.02020202020202
37.378 0 24.1874378169361 "uLSIF" 5 1 3 3.05555555555556
38.016 0 24.3923088027503 "uLSIF" 5 1 3 3.09090909090909
38.39 0 24.5210354834616 "uLSIF" 5 1 3 3.12626262626263
38.906 0 24.7409231290443 "uLSIF" 5 1 3 3.16161616161616
39.54 0 25.1326490854038 "uLSIF" 5 1 3 3.1969696969697
39.914 0 25.3636732339762 "uLSIF" 5 1 3 3.23232323232323
40.411 0 25.3567553926768 "uLSIF" 5 1 3 3.26767676767677
40.842 0 25.3989397838205 "uLSIF" 5 1 3 3.3030303030303
41.589 0 25.8630813705169 "uLSIF" 5 1 3 3.33838383838384
42.405 0 26.612651281077 "uLSIF" 5 1 3 3.37373737373737
43.058 0 27.0939609270907 "uLSIF" 5 1 3 3.40909090909091
43.749 0 27.3310626574597 "uLSIF" 5 1 3 3.44444444444444
44.516 0 27.8277942016634 "uLSIF" 5 1 3 3.47979797979798
45.045 0 27.9885035564842 "uLSIF" 5 1 3 3.51515151515152
45.688 0 28.6589251366828 "uLSIF" 5 1 3 3.55050505050505
46.191 0 29.198511470143 "uLSIF" 5 1 3 3.58585858585859
46.952 0 29.3161923710283 "uLSIF" 5 1 3 3.62121212121212
47.389 0 29.4918539337297 "uLSIF" 5 1 3 3.65656565656566
47.777 0 29.6856616821911 "uLSIF" 5 1 3 3.69191919191919
48.436 0 29.9900868506463 "uLSIF" 5 1 3 3.72727272727273
48.995 0 30.370501186881 "uLSIF" 5 1 3 3.76262626262626
49.684 0 30.8851750527343 "uLSIF" 5 1 3 3.7979797979798
50.165 0 31.0614969309528 "uLSIF" 5 1 3 3.83333333333333
50.805 0 31.6436770508311 "uLSIF" 5 1 3 3.86868686868687
51.238 0 31.8605469264175 "uLSIF" 5 1 3 3.9040404040404
51.863 0 32.193923024069 "uLSIF" 5 1 3 3.93939393939394
52.554 0 32.4474640291336 "uLSIF" 5 1 3 3.97474747474747
53.296 0 33.0077247609388 "uLSIF" 5 1 3 4.01010101010101
53.989 0 33.2033031239113 "uLSIF" 5 1 3 4.04545454545454
54.79 0 33.8170000072373 "uLSIF" 5 1 3 4.08080808080808
55.536 0 34.4938912350076 "uLSIF" 5 1 3 4.11616161616162
56.453 0 35.2205092989195 "uLSIF" 5 1 3 4.15151515151515
57.378 0 35.9432195418139 "uLSIF" 5 1 3 4.18686868686869
57.966 0 36.1113953881164 "uLSIF" 5 1 3 4.22222222222222
58.317 0 36.3100941052751 "uLSIF" 5 1 3 4.25757575757576
58.87 0 36.4373267238251 "uLSIF" 5 1 3 4.29292929292929
60.023 0 38.4673394869883 "uLSIF" 5 1 3 4.32828282828283
60.767 0 38.8608913932745 "uLSIF" 5 1 3 4.36363636363636
61.41 0 39.5912283891946 "uLSIF" 5 1 3 4.3989898989899
61.941 0 39.9380842000411 "uLSIF" 5 1 3 4.43434343434343
62.589 0 40.326248093336 "uLSIF" 5 1 3 4.46969696969697
63.3 0 40.8251232783281 "uLSIF" 5 1 3 4.50505050505051
63.827 0 40.9209921507116 "uLSIF" 5 1 3 4.54040404040404
64.493 0 41.1508121467893 "uLSIF" 5 1 3 4.57575757575758
64.823 0 41.3896457314359 "uLSIF" 5 1 3 4.61111111111111
65.265 0 41.495525706438 "uLSIF" 5 1 3 4.64646464646465
65.798 0 41.6373253567381 "uLSIF" 5 1 3 4.68181818181818
66.262 0 41.7824500134821 "uLSIF" 5 1 3 4.71717171717172
66.849 0 42.1237059813783 "uLSIF" 5 1 3 4.75252525252525
67.496 0 42.6827811160871 "uLSIF" 5 1 3 4.78787878787879
67.868 0 42.8139885272747 "uLSIF" 5 1 3 4.82323232323232
68.809 0 44.1231160319437 "uLSIF" 5 1 3 4.85858585858586
69.641 0 44.4657544895206 "uLSIF" 5 1 3 4.89393939393939
70.026 0 44.5425342943277 "uLSIF" 5 1 3 4.92929292929293
70.719 0 44.8846373458633 "uLSIF" 5 1 3 4.96464646464646
71.588 0 45.2146726475225 "uLSIF" 5 1 3 5
