147.965 16.085 0 0 "KDE LDA" 91 800 2.4
148.73 16.09 0 0 "KDE LDA" 91 800 2.41010101010101
148.755 16.11 0 0 "KDE LDA" 91 800 2.42020202020202
149.785 16.125 0 0 "KDE LDA" 91 800 2.43030303030303
150.495 16.135 0 0 "KDE LDA" 91 800 2.44040404040404
152.725 16.17 0 0 "KDE LDA" 91 800 2.45050505050505
153.175 16.17 0 0 "KDE LDA" 91 800 2.46060606060606
153.175 16.18 0 0 "KDE LDA" 91 800 2.47070707070707
154.06 16.18 0 0 "KDE LDA" 91 800 2.48080808080808
157.135 16.28 0 0 "KDE LDA" 91 800 2.49090909090909
159.095 16.325 0 0 "KDE LDA" 91 800 2.5010101010101
160.845 16.37 0 0 "KDE LDA" 91 800 2.51111111111111
161.53 16.455 0 0 "KDE LDA" 91 800 2.52121212121212
166.815 16.63 0 0 "KDE LDA" 91 800 2.53131313131313
168.48 16.76 0 0 "KDE LDA" 91 800 2.54141414141414
168.485 16.78 0 0 "KDE LDA" 91 800 2.55151515151515
169.37 16.845 0 0 "KDE LDA" 91 800 2.56161616161616
169.37 16.875 0 0 "KDE LDA" 91 800 2.57171717171717
169.375 16.95 0 0 "KDE LDA" 91 800 2.58181818181818
170.015 16.96 0 0 "KDE LDA" 91 800 2.59191919191919
170.505 16.97 0 0 "KDE LDA" 91 800 2.6020202020202
171.115 16.975 0 0 "KDE LDA" 91 800 2.61212121212121
175.885 17.085 0 0 "KDE LDA" 91 800 2.62222222222222
175.9 17.1 0 0 "KDE LDA" 91 800 2.63232323232323
176.545 17.265 0 0 "KDE LDA" 91 800 2.64242424242424
178.5 17.285 0 0 "KDE LDA" 91 800 2.65252525252525
185.945 17.435 0 0 "KDE LDA" 91 800 2.66262626262626
198.08 17.77 0 0 "KDE LDA" 91 800 2.67272727272727
198.315 17.92 0 0 "KDE LDA" 91 800 2.68282828282828
202.62 18 0 0 "KDE LDA" 91 800 2.69292929292929
202.66 18.025 0 0 "KDE LDA" 91 800 2.7030303030303
202.665 18.05 0 0 "KDE LDA" 91 800 2.71313131313131
205.515 18.055 0 0 "KDE LDA" 91 800 2.72323232323232
207.01 18.09 0 0 "KDE LDA" 91 800 2.73333333333333
211.71 18.125 0 0 "KDE LDA" 91 800 2.74343434343434
212.29 18.175 0 0 "KDE LDA" 91 800 2.75353535353535
213.915 18.2 0 0 "KDE LDA" 91 800 2.76363636363636
214.045 18.21 0 0 "KDE LDA" 91 800 2.77373737373737
216.82 18.305 0 0 "KDE LDA" 91 800 2.78383838383838
222.86 18.415 0 0 "KDE LDA" 91 800 2.79393939393939
274.08 19.015 0 0 "KDE LDA" 91 800 2.8040404040404
277.3 19.125 0 0 "KDE LDA" 91 800 2.81414141414141
282 19.4 0 0 "KDE LDA" 91 800 2.82424242424242
284.525 19.405 0 0 "KDE LDA" 91 800 2.83434343434343
286.66 19.405 0 0 "KDE LDA" 91 800 2.84444444444444
288.85 19.59 0 0 "KDE LDA" 91 800 2.85454545454545
290.155 19.625 0 0 "KDE LDA" 91 800 2.86464646464646
291.68 19.64 0 0 "KDE LDA" 91 800 2.87474747474747
292.16 19.665 0 0 "KDE LDA" 91 800 2.88484848484848
292.17 19.695 0 0 "KDE LDA" 91 800 2.89494949494949
292.21 19.75 0 0 "KDE LDA" 91 800 2.90505050505051
293.075 19.795 0 0 "KDE LDA" 91 800 2.91515151515152
295.7 19.9 0 0 "KDE LDA" 91 800 2.92525252525253
295.705 20 0 0 "KDE LDA" 91 800 2.93535353535354
296.9 20.015 0 0 "KDE LDA" 91 800 2.94545454545455
296.925 20.045 0 0 "KDE LDA" 91 800 2.95555555555556
305.605 20.145 0 0 "KDE LDA" 91 800 2.96565656565657
306.3 20.145 0 0 "KDE LDA" 91 800 2.97575757575758
306.315 20.19 0 0 "KDE LDA" 91 800 2.98585858585859
307.45 20.385 0 0 "KDE LDA" 91 800 2.9959595959596
309.64 20.405 0 0 "KDE LDA" 91 800 3.00606060606061
309.645 20.41 0 0 "KDE LDA" 91 800 3.01616161616162
312.69 20.45 0 0 "KDE LDA" 91 800 3.02626262626263
312.695 20.45 0 0 "KDE LDA" 91 800 3.03636363636364
314.015 20.46 0 0 "KDE LDA" 91 800 3.04646464646465
321.11 20.46 0 0 "KDE LDA" 91 800 3.05656565656566
330.465 20.565 0 0 "KDE LDA" 91 800 3.06666666666667
338.12 20.77 0 0 "KDE LDA" 91 800 3.07676767676768
338.785 20.82 0 0 "KDE LDA" 91 800 3.08686868686869
341.125 21.245 0 0 "KDE LDA" 91 800 3.0969696969697
341.13 21.34 0 0 "KDE LDA" 91 800 3.10707070707071
341.355 21.38 0 0 "KDE LDA" 91 800 3.11717171717172
343.755 21.4 0 0 "KDE LDA" 91 800 3.12727272727273
347.005 21.505 0 0 "KDE LDA" 91 800 3.13737373737374
347.405 21.515 0 0 "KDE LDA" 91 800 3.14747474747475
355.545 21.57 0 0 "KDE LDA" 91 800 3.15757575757576
358.35 21.585 0 0 "KDE LDA" 91 800 3.16767676767677
359.09 21.635 0 0 "KDE LDA" 91 800 3.17777777777778
359.09 21.73 0 0 "KDE LDA" 91 800 3.18787878787879
359.095 21.765 0 0 "KDE LDA" 91 800 3.1979797979798
369.235 21.77 0 0 "KDE LDA" 91 800 3.20808080808081
379.805 21.835 0 0 "KDE LDA" 91 800 3.21818181818182
405.235 21.92 0 0 "KDE LDA" 91 800 3.22828282828283
410.555 21.95 0 0 "KDE LDA" 91 800 3.23838383838384
417.45 21.965 0 0 "KDE LDA" 91 800 3.24848484848485
420.745 22.02 0 0 "KDE LDA" 91 800 3.25858585858586
424.47 22.04 0 0 "KDE LDA" 91 800 3.26868686868687
427.81 22.075 0 0 "KDE LDA" 91 800 3.27878787878788
431.5 22.115 0 0 "KDE LDA" 91 800 3.28888888888889
433.38 22.12 0 0 "KDE LDA" 91 800 3.2989898989899
438.435 22.125 0 0 "KDE LDA" 91 800 3.30909090909091
442.665 22.14 0 0 "KDE LDA" 91 800 3.31919191919192
442.685 22.18 0 0 "KDE LDA" 91 800 3.32929292929293
444.13 22.48 0 0 "KDE LDA" 91 800 3.33939393939394
457.925 22.59 0 0 "KDE LDA" 91 800 3.34949494949495
514.68 23.01 0 0 "KDE LDA" 91 800 3.35959595959596
516.505 23.205 0 0 "KDE LDA" 91 800 3.36969696969697
520.27 23.225 0 0 "KDE LDA" 91 800 3.37979797979798
522.89 23.585 0 0 "KDE LDA" 91 800 3.38989898989899
535.265 23.665 0 0 "KDE LDA" 91 800 3.4
198.215 18.61 0 0 "KDE QDA" 91 800 4.3
200.73 18.63 0 0 "KDE QDA" 91 800 4.31010101010101
202.43 18.635 0 0 "KDE QDA" 91 800 4.32020202020202
203.02 18.705 0 0 "KDE QDA" 91 800 4.33030303030303
206.59 18.735 0 0 "KDE QDA" 91 800 4.34040404040404
222.49 18.87 0 0 "KDE QDA" 91 800 4.35050505050505
222.565 18.94 0 0 "KDE QDA" 91 800 4.36060606060606
223.225 19.025 0 0 "KDE QDA" 91 800 4.37070707070707
225.61 19.025 0 0 "KDE QDA" 91 800 4.38080808080808
225.62 19.025 0 0 "KDE QDA" 91 800 4.39090909090909
227.83 19.05 0 0 "KDE QDA" 91 800 4.4010101010101
227.88 19.1 0 0 "KDE QDA" 91 800 4.41111111111111
228.015 19.125 0 0 "KDE QDA" 91 800 4.42121212121212
228.045 19.13 0 0 "KDE QDA" 91 800 4.43131313131313
228.085 19.13 0 0 "KDE QDA" 91 800 4.44141414141414
228.16 19.145 0 0 "KDE QDA" 91 800 4.45151515151515
229.775 19.23 0 0 "KDE QDA" 91 800 4.46161616161616
229.815 19.255 0 0 "KDE QDA" 91 800 4.47171717171717
236.435 19.59 0 0 "KDE QDA" 91 800 4.48181818181818
237.245 19.64 0 0 "KDE QDA" 91 800 4.49191919191919
239.935 19.665 0 0 "KDE QDA" 91 800 4.5020202020202
240.51 19.735 0 0 "KDE QDA" 91 800 4.51212121212121
240.515 19.75 0 0 "KDE QDA" 91 800 4.52222222222222
240.52 19.795 0 0 "KDE QDA" 91 800 4.53232323232323
241.12 19.84 0 0 "KDE QDA" 91 800 4.54242424242424
241.14 19.84 0 0 "KDE QDA" 91 800 4.55252525252525
243.615 19.855 0 0 "KDE QDA" 91 800 4.56262626262626
244.32 19.91 0 0 "KDE QDA" 91 800 4.57272727272727
248.305 19.915 0 0 "KDE QDA" 91 800 4.58282828282828
248.345 19.915 0 0 "KDE QDA" 91 800 4.59292929292929
248.695 19.975 0 0 "KDE QDA" 91 800 4.6030303030303
250.7 19.99 0 0 "KDE QDA" 91 800 4.61313131313131
250.94 20 0 0 "KDE QDA" 91 800 4.62323232323232
250.97 20.03 0 0 "KDE QDA" 91 800 4.63333333333333
255.035 20.24 0 0 "KDE QDA" 91 800 4.64343434343434
255.255 20.275 0 0 "KDE QDA" 91 800 4.65353535353535
255.255 20.31 0 0 "KDE QDA" 91 800 4.66363636363636
255.305 20.31 0 0 "KDE QDA" 91 800 4.67373737373737
255.375 20.31 0 0 "KDE QDA" 91 800 4.68383838383838
255.39 20.32 0 0 "KDE QDA" 91 800 4.69393939393939
255.405 20.33 0 0 "KDE QDA" 91 800 4.7040404040404
256.94 20.35 0 0 "KDE QDA" 91 800 4.71414141414141
262.82 20.36 0 0 "KDE QDA" 91 800 4.72424242424242
262.88 20.41 0 0 "KDE QDA" 91 800 4.73434343434343
266.905 20.415 0 0 "KDE QDA" 91 800 4.74444444444444
270.675 20.52 0 0 "KDE QDA" 91 800 4.75454545454545
281.375 20.57 0 0 "KDE QDA" 91 800 4.76464646464646
288.12 20.875 0 0 "KDE QDA" 91 800 4.77474747474747
289.825 20.88 0 0 "KDE QDA" 91 800 4.78484848484849
291.15 20.885 0 0 "KDE QDA" 91 800 4.79494949494949
291.715 20.95 0 0 "KDE QDA" 91 800 4.80505050505051
291.72 20.955 0 0 "KDE QDA" 91 800 4.81515151515152
292.605 20.99 0 0 "KDE QDA" 91 800 4.82525252525252
292.69 21.005 0 0 "KDE QDA" 91 800 4.83535353535354
295.18 21.01 0 0 "KDE QDA" 91 800 4.84545454545455
295.25 21.05 0 0 "KDE QDA" 91 800 4.85555555555556
297.86 21.05 0 0 "KDE QDA" 91 800 4.86565656565657
302.39 21.06 0 0 "KDE QDA" 91 800 4.87575757575758
303.935 21.07 0 0 "KDE QDA" 91 800 4.88585858585859
306.255 21.085 0 0 "KDE QDA" 91 800 4.8959595959596
313.61 21.29 0 0 "KDE QDA" 91 800 4.90606060606061
313.705 21.3 0 0 "KDE QDA" 91 800 4.91616161616162
315.82 21.445 0 0 "KDE QDA" 91 800 4.92626262626263
322.52 21.475 0 0 "KDE QDA" 91 800 4.93636363636364
323.75 21.475 0 0 "KDE QDA" 91 800 4.94646464646465
323.89 21.515 0 0 "KDE QDA" 91 800 4.95656565656566
324.81 21.52 0 0 "KDE QDA" 91 800 4.96666666666667
329.905 21.545 0 0 "KDE QDA" 91 800 4.97676767676768
329.91 21.56 0 0 "KDE QDA" 91 800 4.98686868686869
330.795 21.565 0 0 "KDE QDA" 91 800 4.9969696969697
330.855 21.58 0 0 "KDE QDA" 91 800 5.00707070707071
333.9 21.585 0 0 "KDE QDA" 91 800 5.01717171717172
333.91 21.59 0 0 "KDE QDA" 91 800 5.02727272727273
334.145 21.91 0 0 "KDE QDA" 91 800 5.03737373737374
334.22 21.97 0 0 "KDE QDA" 91 800 5.04747474747475
339.95 21.985 0 0 "KDE QDA" 91 800 5.05757575757576
340.655 22.215 0 0 "KDE QDA" 91 800 5.06767676767677
341.28 22.245 0 0 "KDE QDA" 91 800 5.07777777777778
344.83 22.25 0 0 "KDE QDA" 91 800 5.08787878787879
346.35 22.255 0 0 "KDE QDA" 91 800 5.0979797979798
346.585 22.255 0 0 "KDE QDA" 91 800 5.10808080808081
346.705 22.255 0 0 "KDE QDA" 91 800 5.11818181818182
353.545 22.305 0 0 "KDE QDA" 91 800 5.12828282828283
358.31 22.315 0 0 "KDE QDA" 91 800 5.13838383838384
358.35 22.335 0 0 "KDE QDA" 91 800 5.14848484848485
358.445 22.34 0 0 "KDE QDA" 91 800 5.15858585858586
363.86 22.405 0 0 "KDE QDA" 91 800 5.16868686868687
364.525 22.42 0 0 "KDE QDA" 91 800 5.17878787878788
365.315 22.44 0 0 "KDE QDA" 91 800 5.18888888888889
370.67 22.685 0 0 "KDE QDA" 91 800 5.1989898989899
370.68 22.74 0 0 "KDE QDA" 91 800 5.20909090909091
370.695 22.805 0 0 "KDE QDA" 91 800 5.21919191919192
370.705 22.855 0 0 "KDE QDA" 91 800 5.22929292929293
370.82 22.86 0 0 "KDE QDA" 91 800 5.23939393939394
374.245 22.935 0 0 "KDE QDA" 91 800 5.24949494949495
381.33 22.935 0 0 "KDE QDA" 91 800 5.25959595959596
381.515 22.95 0 0 "KDE QDA" 91 800 5.26969696969697
382.145 23.055 0 0 "KDE QDA" 91 800 5.27979797979798
382.565 23.055 0 0 "KDE QDA" 91 800 5.28989898989899
382.6 23.07 0 0 "KDE QDA" 91 800 5.3
