129.145 15.36 0 0 "KDE LDA" 135 800 2.4
131.985 15.415 0 0 "KDE LDA" 135 800 2.41010101010101
132.105 15.62 0 0 "KDE LDA" 135 800 2.42020202020202
132.48 15.62 0 0 "KDE LDA" 135 800 2.43030303030303
132.875 15.655 0 0 "KDE LDA" 135 800 2.44040404040404
133.805 15.7 0 0 "KDE LDA" 135 800 2.45050505050505
134.21 15.77 0 0 "KDE LDA" 135 800 2.46060606060606
135.575 15.775 0 0 "KDE LDA" 135 800 2.47070707070707
137.905 15.78 0 0 "KDE LDA" 135 800 2.48080808080808
137.92 15.8 0 0 "KDE LDA" 135 800 2.49090909090909
138.495 15.82 0 0 "KDE LDA" 135 800 2.5010101010101
142.14 15.845 0 0 "KDE LDA" 135 800 2.51111111111111
142.395 15.94 0 0 "KDE LDA" 135 800 2.52121212121212
148.18 16.215 0 0 "KDE LDA" 135 800 2.53131313131313
148.2 16.235 0 0 "KDE LDA" 135 800 2.54141414141414
148.975 16.235 0 0 "KDE LDA" 135 800 2.55151515151515
152.415 16.4 0 0 "KDE LDA" 135 800 2.56161616161616
153.695 16.425 0 0 "KDE LDA" 135 800 2.57171717171717
153.695 16.435 0 0 "KDE LDA" 135 800 2.58181818181818
153.805 16.47 0 0 "KDE LDA" 135 800 2.59191919191919
153.805 16.52 0 0 "KDE LDA" 135 800 2.6020202020202
153.815 16.525 0 0 "KDE LDA" 135 800 2.61212121212121
157.445 16.53 0 0 "KDE LDA" 135 800 2.62222222222222
157.905 16.555 0 0 "KDE LDA" 135 800 2.63232323232323
160.88 16.57 0 0 "KDE LDA" 135 800 2.64242424242424
163.08 16.645 0 0 "KDE LDA" 135 800 2.65252525252525
171.265 16.845 0 0 "KDE LDA" 135 800 2.66262626262626
190.855 17.145 0 0 "KDE LDA" 135 800 2.67272727272727
194.07 17.155 0 0 "KDE LDA" 135 800 2.68282828282828
194.735 17.195 0 0 "KDE LDA" 135 800 2.69292929292929
197.715 17.215 0 0 "KDE LDA" 135 800 2.7030303030303
199.625 17.285 0 0 "KDE LDA" 135 800 2.71313131313131
200.51 17.33 0 0 "KDE LDA" 135 800 2.72323232323232
201.52 17.34 0 0 "KDE LDA" 135 800 2.73333333333333
204.445 17.595 0 0 "KDE LDA" 135 800 2.74343434343434
204.485 17.685 0 0 "KDE LDA" 135 800 2.75353535353535
209.42 17.985 0 0 "KDE LDA" 135 800 2.76363636363636
213.345 17.995 0 0 "KDE LDA" 135 800 2.77373737373737
215.26 18.475 0 0 "KDE LDA" 135 800 2.78383838383838
230.32 18.59 0 0 "KDE LDA" 135 800 2.79393939393939
268.15 19.24 0 0 "KDE LDA" 135 800 2.8040404040404
269.07 19.245 0 0 "KDE LDA" 135 800 2.81414141414141
274.575 19.34 0 0 "KDE LDA" 135 800 2.82424242424242
274.58 19.355 0 0 "KDE LDA" 135 800 2.83434343434343
275.885 19.37 0 0 "KDE LDA" 135 800 2.84444444444444
275.885 19.38 0 0 "KDE LDA" 135 800 2.85454545454545
280.255 19.43 0 0 "KDE LDA" 135 800 2.86464646464646
283.845 19.47 0 0 "KDE LDA" 135 800 2.87474747474747
284.21 19.475 0 0 "KDE LDA" 135 800 2.88484848484848
284.22 19.475 0 0 "KDE LDA" 135 800 2.89494949494949
285.805 19.5 0 0 "KDE LDA" 135 800 2.90505050505051
287.92 19.515 0 0 "KDE LDA" 135 800 2.91515151515152
287.93 19.565 0 0 "KDE LDA" 135 800 2.92525252525253
289.415 19.66 0 0 "KDE LDA" 135 800 2.93535353535354
290.885 19.675 0 0 "KDE LDA" 135 800 2.94545454545455
294.215 19.765 0 0 "KDE LDA" 135 800 2.95555555555556
302.935 20.035 0 0 "KDE LDA" 135 800 2.96565656565657
302.97 20.145 0 0 "KDE LDA" 135 800 2.97575757575758
306.3 20.235 0 0 "KDE LDA" 135 800 2.98585858585859
306.3 20.255 0 0 "KDE LDA" 135 800 2.9959595959596
308.7 20.275 0 0 "KDE LDA" 135 800 3.00606060606061
308.7 20.295 0 0 "KDE LDA" 135 800 3.01616161616162
315.055 20.35 0 0 "KDE LDA" 135 800 3.02626262626263
321.355 20.405 0 0 "KDE LDA" 135 800 3.03636363636364
331.135 20.42 0 0 "KDE LDA" 135 800 3.04646464646465
335.65 20.435 0 0 "KDE LDA" 135 800 3.05656565656566
340.68 20.49 0 0 "KDE LDA" 135 800 3.06666666666667
350.965 20.54 0 0 "KDE LDA" 135 800 3.07676767676768
352.445 20.595 0 0 "KDE LDA" 135 800 3.08686868686869
364.02 20.73 0 0 "KDE LDA" 135 800 3.0969696969697
365.135 20.775 0 0 "KDE LDA" 135 800 3.10707070707071
374.055 20.825 0 0 "KDE LDA" 135 800 3.11717171717172
374.215 20.94 0 0 "KDE LDA" 135 800 3.12727272727273
378.635 21.04 0 0 "KDE LDA" 135 800 3.13737373737374
378.635 21.09 0 0 "KDE LDA" 135 800 3.14747474747475
378.8 21.165 0 0 "KDE LDA" 135 800 3.15757575757576
382.835 21.435 0 0 "KDE LDA" 135 800 3.16767676767677
384.315 21.445 0 0 "KDE LDA" 135 800 3.17777777777778
394.955 21.5 0 0 "KDE LDA" 135 800 3.18787878787879
395.015 21.625 0 0 "KDE LDA" 135 800 3.1979797979798
400.685 21.695 0 0 "KDE LDA" 135 800 3.20808080808081
405.045 21.785 0 0 "KDE LDA" 135 800 3.21818181818182
422.935 22.3 0 0 "KDE LDA" 135 800 3.22828282828283
422.97 22.305 0 0 "KDE LDA" 135 800 3.23838383838384
433.555 22.385 0 0 "KDE LDA" 135 800 3.24848484848485
442.74 22.865 0 0 "KDE LDA" 135 800 3.25858585858586
451.15 22.89 0 0 "KDE LDA" 135 800 3.26868686868687
473.79 22.92 0 0 "KDE LDA" 135 800 3.27878787878788
479.17 23.26 0 0 "KDE LDA" 135 800 3.28888888888889
481.725 23.28 0 0 "KDE LDA" 135 800 3.2989898989899
481.74 23.48 0 0 "KDE LDA" 135 800 3.30909090909091
492.78 23.525 0 0 "KDE LDA" 135 800 3.31919191919192
492.79 23.545 0 0 "KDE LDA" 135 800 3.32929292929293
498.335 23.57 0 0 "KDE LDA" 135 800 3.33939393939394
505.285 23.74 0 0 "KDE LDA" 135 800 3.34949494949495
569.705 24.08 0 0 "KDE LDA" 135 800 3.35959595959596
579.875 24.11 0 0 "KDE LDA" 135 800 3.36969696969697
592.29 24.125 0 0 "KDE LDA" 135 800 3.37979797979798
593.795 24.215 0 0 "KDE LDA" 135 800 3.38989898989899
593.8 24.25 0 0 "KDE LDA" 135 800 3.4
187.51 17.72 0 0 "KDE QDA" 135 800 4.3
188.25 17.735 0 0 "KDE QDA" 135 800 4.31010101010101
188.26 17.74 0 0 "KDE QDA" 135 800 4.32020202020202
188.705 17.765 0 0 "KDE QDA" 135 800 4.33030303030303
189.79 17.93 0 0 "KDE QDA" 135 800 4.34040404040404
195.805 18.31 0 0 "KDE QDA" 135 800 4.35050505050505
200.85 18.35 0 0 "KDE QDA" 135 800 4.36060606060606
201.61 18.395 0 0 "KDE QDA" 135 800 4.37070707070707
202.13 18.455 0 0 "KDE QDA" 135 800 4.38080808080808
202.64 18.465 0 0 "KDE QDA" 135 800 4.39090909090909
204.26 18.5 0 0 "KDE QDA" 135 800 4.4010101010101
205.635 18.54 0 0 "KDE QDA" 135 800 4.41111111111111
205.665 18.54 0 0 "KDE QDA" 135 800 4.42121212121212
206.125 18.55 0 0 "KDE QDA" 135 800 4.43131313131313
208.13 18.555 0 0 "KDE QDA" 135 800 4.44141414141414
208.37 18.56 0 0 "KDE QDA" 135 800 4.45151515151515
208.385 18.66 0 0 "KDE QDA" 135 800 4.46161616161616
208.415 18.71 0 0 "KDE QDA" 135 800 4.47171717171717
208.9 19.025 0 0 "KDE QDA" 135 800 4.48181818181818
208.93 19.03 0 0 "KDE QDA" 135 800 4.49191919191919
210.05 19.05 0 0 "KDE QDA" 135 800 4.5020202020202
211.245 19.21 0 0 "KDE QDA" 135 800 4.51212121212121
213.565 19.245 0 0 "KDE QDA" 135 800 4.52222222222222
213.725 19.26 0 0 "KDE QDA" 135 800 4.53232323232323
213.76 19.26 0 0 "KDE QDA" 135 800 4.54242424242424
215.785 19.315 0 0 "KDE QDA" 135 800 4.55252525252525
218.49 19.325 0 0 "KDE QDA" 135 800 4.56262626262626
218.535 19.325 0 0 "KDE QDA" 135 800 4.57272727272727
225.395 19.335 0 0 "KDE QDA" 135 800 4.58282828282828
225.49 19.335 0 0 "KDE QDA" 135 800 4.59292929292929
226.155 19.335 0 0 "KDE QDA" 135 800 4.6030303030303
227.78 19.375 0 0 "KDE QDA" 135 800 4.61313131313131
227.835 19.375 0 0 "KDE QDA" 135 800 4.62323232323232
230 19.41 0 0 "KDE QDA" 135 800 4.63333333333333
231.915 19.515 0 0 "KDE QDA" 135 800 4.64343434343434
234.035 19.59 0 0 "KDE QDA" 135 800 4.65353535353535
234.875 19.615 0 0 "KDE QDA" 135 800 4.66363636363636
234.88 19.64 0 0 "KDE QDA" 135 800 4.67373737373737
234.91 19.665 0 0 "KDE QDA" 135 800 4.68383838383838
234.94 19.675 0 0 "KDE QDA" 135 800 4.69393939393939
235.035 19.71 0 0 "KDE QDA" 135 800 4.7040404040404
235.045 19.71 0 0 "KDE QDA" 135 800 4.71414141414141
240.135 19.75 0 0 "KDE QDA" 135 800 4.72424242424242
240.18 19.77 0 0 "KDE QDA" 135 800 4.73434343434343
240.215 19.775 0 0 "KDE QDA" 135 800 4.74444444444444
248.35 19.835 0 0 "KDE QDA" 135 800 4.75454545454545
249.51 19.895 0 0 "KDE QDA" 135 800 4.76464646464646
250.62 20.115 0 0 "KDE QDA" 135 800 4.77474747474747
251.06 20.13 0 0 "KDE QDA" 135 800 4.78484848484849
251.965 20.145 0 0 "KDE QDA" 135 800 4.79494949494949
253.48 20.22 0 0 "KDE QDA" 135 800 4.80505050505051
253.49 20.25 0 0 "KDE QDA" 135 800 4.81515151515152
255.46 20.285 0 0 "KDE QDA" 135 800 4.82525252525252
256.105 20.29 0 0 "KDE QDA" 135 800 4.83535353535354
256.775 20.335 0 0 "KDE QDA" 135 800 4.84545454545455
257.73 20.34 0 0 "KDE QDA" 135 800 4.85555555555556
260.095 20.355 0 0 "KDE QDA" 135 800 4.86565656565657
261.17 20.37 0 0 "KDE QDA" 135 800 4.87575757575758
262.245 20.37 0 0 "KDE QDA" 135 800 4.88585858585859
263.415 20.41 0 0 "KDE QDA" 135 800 4.8959595959596
263.835 20.625 0 0 "KDE QDA" 135 800 4.90606060606061
271.48 20.635 0 0 "KDE QDA" 135 800 4.91616161616162
271.51 20.67 0 0 "KDE QDA" 135 800 4.92626262626263
273.315 20.735 0 0 "KDE QDA" 135 800 4.93636363636364
273.32 20.745 0 0 "KDE QDA" 135 800 4.94646464646465
274.08 20.8 0 0 "KDE QDA" 135 800 4.95656565656566
275.565 20.825 0 0 "KDE QDA" 135 800 4.96666666666667
276.845 20.825 0 0 "KDE QDA" 135 800 4.97676767676768
285.655 20.825 0 0 "KDE QDA" 135 800 4.98686868686869
287.285 20.84 0 0 "KDE QDA" 135 800 4.9969696969697
288.61 20.855 0 0 "KDE QDA" 135 800 5.00707070707071
291.195 20.87 0 0 "KDE QDA" 135 800 5.01717171717172
292.395 20.915 0 0 "KDE QDA" 135 800 5.02727272727273
294.275 21.205 0 0 "KDE QDA" 135 800 5.03737373737374
294.45 21.225 0 0 "KDE QDA" 135 800 5.04747474747475
294.56 21.225 0 0 "KDE QDA" 135 800 5.05757575757576
294.85 21.27 0 0 "KDE QDA" 135 800 5.06767676767677
296.965 21.275 0 0 "KDE QDA" 135 800 5.07777777777778
299.395 21.315 0 0 "KDE QDA" 135 800 5.08787878787879
305.385 21.375 0 0 "KDE QDA" 135 800 5.0979797979798
305.63 21.395 0 0 "KDE QDA" 135 800 5.10808080808081
306.935 21.455 0 0 "KDE QDA" 135 800 5.11818181818182
306.95 21.46 0 0 "KDE QDA" 135 800 5.12828282828283
307.005 21.46 0 0 "KDE QDA" 135 800 5.13838383838384
311.395 21.48 0 0 "KDE QDA" 135 800 5.14848484848485
312.145 21.48 0 0 "KDE QDA" 135 800 5.15858585858586
312.15 21.51 0 0 "KDE QDA" 135 800 5.16868686868687
314.32 21.515 0 0 "KDE QDA" 135 800 5.17878787878788
318.56 21.525 0 0 "KDE QDA" 135 800 5.18888888888889
322.285 21.75 0 0 "KDE QDA" 135 800 5.1989898989899
330.785 21.815 0 0 "KDE QDA" 135 800 5.20909090909091
330.795 21.825 0 0 "KDE QDA" 135 800 5.21919191919192
333.37 21.865 0 0 "KDE QDA" 135 800 5.22929292929293
342.335 21.885 0 0 "KDE QDA" 135 800 5.23939393939394
343.06 21.905 0 0 "KDE QDA" 135 800 5.24949494949495
343.07 21.92 0 0 "KDE QDA" 135 800 5.25959595959596
361.5 21.925 0 0 "KDE QDA" 135 800 5.26969696969697
362.59 21.935 0 0 "KDE QDA" 135 800 5.27979797979798
362.675 21.935 0 0 "KDE QDA" 135 800 5.28989898989899
362.74 21.965 0 0 "KDE QDA" 135 800 5.3
