35.414 10.178 0 0 31.7804751789932 6.68573219737487 "LDA" 32 5000 1.5
37.333 10.475 0 0 34.1231373044669 6.86720711305066 "LDA" 32 5000 1.53535353535354
39.386 10.833 0 0 36.1384420111187 6.98483349113627 "LDA" 32 5000 1.57070707070707
41.102 11.301 0 0 37.4008612256512 7.42195961215665 "LDA" 32 5000 1.60606060606061
43.567 11.594 0 0 39.2939629781284 7.61624390176491 "LDA" 32 5000 1.64141414141414
45.896 11.878 0 0 41.1253264604243 7.72960948967429 "LDA" 32 5000 1.67676767676768
47.875 12.054 0 0 42.8078484262744 7.81448335785227 "LDA" 32 5000 1.71212121212121
50.683 12.281 0 0 46.8441125637137 7.97393394897541 "LDA" 32 5000 1.74747474747475
53.372 12.488 0 0 50.9928807765348 8.1677762315436 "LDA" 32 5000 1.78282828282828
55.387 12.866 0 0 51.8874892680552 8.53421800031361 "LDA" 32 5000 1.81818181818182
58.938 13.109 0 0 56.7514130121786 8.75875760795073 "LDA" 32 5000 1.85353535353535
61.488 13.54 0 0 59.9621991034462 9.07528295761409 "LDA" 32 5000 1.88888888888889
63.925 13.829 0 0 62.3241178892303 9.40564858078512 "LDA" 32 5000 1.92424242424242
68.399 14.019 0 0 67.2067596864151 9.43396197992332 "LDA" 32 5000 1.95959595959596
71.168 14.338 0 0 70.0919443064369 9.58705729969669 "LDA" 32 5000 1.99494949494949
74.157 14.653 0 0 72.5607843012906 9.77558965756814 "LDA" 32 5000 2.03030303030303
77.813 15.009 0 0 76.8791807932384 9.93758897694379 "LDA" 32 5000 2.06565656565657
82.582 15.472 0 0 82.5512809712241 10.5063599595483 "LDA" 32 5000 2.1010101010101
86.974 15.799 0 0 87.0192143590579 10.6092957427039 "LDA" 32 5000 2.13636363636364
91.88 16.146 0 0 91.535317306023 10.8274612868353 "LDA" 32 5000 2.17171717171717
95.122 16.53 0 0 94.8221828601428 11.1103798558168 "LDA" 32 5000 2.20707070707071
99.601 16.743 0 0 99.243090389155 11.1367400067514 "LDA" 32 5000 2.24242424242424
103.796 17.075 0 0 101.385005317864 11.3089905945786 "LDA" 32 5000 2.27777777777778
107.347 17.383 0 0 102.702923432011 11.5780119779417 "LDA" 32 5000 2.31313131313131
111.484 17.59 0 0 106.68735602655 11.6390449508268 "LDA" 32 5000 2.34848484848485
117.282 17.817 0 0 112.02438099779 11.630338592482 "LDA" 32 5000 2.38383838383838
122.27 18.13 0 0 116.297954901685 11.762034069218 "LDA" 32 5000 2.41919191919192
127.44 18.421 0 0 119.800712062202 11.8371397253254 "LDA" 32 5000 2.45454545454545
133.709 18.791 0 0 124.440828665028 12.1249467352782 "LDA" 32 5000 2.48989898989899
140.49 19.059 0 0 129.251537166333 12.1373322371036 "LDA" 32 5000 2.52525252525253
148.774 19.392 0 0 138.796539594485 12.2917624213708 "LDA" 32 5000 2.56060606060606
156.095 19.697 0 0 146.098256922099 12.4684663713567 "LDA" 32 5000 2.5959595959596
163.462 19.988 0 0 151.555612432069 12.5424546708038 "LDA" 32 5000 2.63131313131313
171.025 20.388 0 0 158.728614774237 12.7926974915031 "LDA" 32 5000 2.66666666666667
178.83 20.671 0 0 167.355444921714 12.8557391475181 "LDA" 32 5000 2.7020202020202
183.81 20.993 0 0 175.185804122269 12.9346146156449 "LDA" 32 5000 2.73737373737374
192.216 21.36 0 0 181.102765179209 13.2544362415034 "LDA" 32 5000 2.77272727272727
198.176 21.747 0 0 184.570331394922 13.5985996673523 "LDA" 32 5000 2.80808080808081
206.745 22.076 0 0 190.485907236876 13.7893571413018 "LDA" 32 5000 2.84343434343434
214.364 22.394 0 0 197.751670605402 13.9840021566187 "LDA" 32 5000 2.87878787878788
222.409 22.751 0 0 202.956811135242 14.1854229836556 "LDA" 32 5000 2.91414141414141
231.773 23.073 0 0 209.727277677469 14.4310750440474 "LDA" 32 5000 2.94949494949495
237.192 23.339 0 0 213.737368746784 14.4555540205847 "LDA" 32 5000 2.98484848484848
246.297 23.619 0 0 221.774693790355 14.5264881460681 "LDA" 32 5000 3.02020202020202
255.481 23.844 0 0 235.209057946202 14.6915453749939 "LDA" 32 5000 3.05555555555556
270.835 24.265 0 0 253.704023433816 14.7802987869742 "LDA" 32 5000 3.09090909090909
280.316 24.519 0 0 264.603210492622 14.8319123724699 "LDA" 32 5000 3.12626262626263
296.062 24.909 0 0 279.240544043012 15.0183311079916 "LDA" 32 5000 3.16161616161616
310.69 25.424 0 0 294.185252626407 15.5193129059592 "LDA" 32 5000 3.1969696969697
320.685 25.76 0 0 301.711968418369 15.6399811064147 "LDA" 32 5000 3.23232323232323
333.246 26.082 0 0 311.353867351467 16.1037451112034 "LDA" 32 5000 3.26767676767677
345.671 26.444 0 0 330.978221855068 16.6241157727329 "LDA" 32 5000 3.3030303030303
363.86 26.704 0 0 364.379020348964 16.7248349499809 "LDA" 32 5000 3.33838383838384
373.81 26.98 0 0 370.030475032061 16.8448612149032 "LDA" 32 5000 3.37373737373737
381.627 27.306 0 0 377.376784007851 17.0608744628591 "LDA" 32 5000 3.40909090909091
399.702 27.634 0 0 389.493561474937 17.1932443608428 "LDA" 32 5000 3.44444444444444
411.964 27.912 0 0 399.097032242969 17.2379059459495 "LDA" 32 5000 3.47979797979798
430.096 28.169 0 0 417.491671869129 17.3388891246261 "LDA" 32 5000 3.51515151515152
444.557 28.455 0 0 429.869806804109 17.3706567151249 "LDA" 32 5000 3.55050505050505
463.81 28.647 0 0 456.441074350627 17.3590820243678 "LDA" 32 5000 3.58585858585859
480.946 28.841 0 0 467.40519541475 17.3556601124226 "LDA" 32 5000 3.62121212121212
498.841 29.275 0 0 477.139728003275 17.6421830174619 "LDA" 32 5000 3.65656565656566
523.015 29.617 0 0 496.489553416436 17.7053605100487 "LDA" 32 5000 3.69191919191919
538.451 30.004 0 0 517.479031601424 17.85589025551 "LDA" 32 5000 3.72727272727273
554.977 30.405 0 0 538.883172445146 18.0774934869514 "LDA" 32 5000 3.76262626262626
570.101 30.66 0 0 552.853942991529 18.1862899223877 "LDA" 32 5000 3.7979797979798
586.381 30.983 0 0 568.672499995605 18.2887175107548 "LDA" 32 5000 3.83333333333333
607.672 31.329 0 0 603.350055693795 18.5399160593431 "LDA" 32 5000 3.86868686868687
639.063 31.613 0 0 632.467487032459 18.6490487161683 "LDA" 32 5000 3.9040404040404
664.02 31.877 0 0 652.971188470803 18.6851011237297 "LDA" 32 5000 3.93939393939394
682.979 32.338 0 0 671.693072871191 19.3242123042876 "LDA" 32 5000 3.97474747474747
706.65 32.692 0 0 694.687746087812 19.4701366770298 "LDA" 32 5000 4.01010101010101
735.611 33.052 0 0 717.883754352864 19.6165263006503 "LDA" 32 5000 4.04545454545454
764.185 33.519 0 0 739.080683709182 19.9013995664804 "LDA" 32 5000 4.08080808080808
791.044 33.88 0 0 754.853008955472 19.9818135531506 "LDA" 32 5000 4.11616161616162
845.975 34.21 0 0 826.46276932726 20.1212018220275 "LDA" 32 5000 4.15151515151515
871.096 34.518 0 0 859.405018469039 20.2094061292284 "LDA" 32 5000 4.18686868686869
907.814 34.83 0 0 889.081937785318 20.3300371472954 "LDA" 32 5000 4.22222222222222
952.245 35.224 0 0 939.616238498809 20.4154503897077 "LDA" 32 5000 4.25757575757576
995.468 35.464 0 0 980.00927809953 20.4552467870989 "LDA" 32 5000 4.29292929292929
1031.186 35.726 0 0 1017.79763087827 20.5515276631517 "LDA" 32 5000 4.32828282828283
1076.038 35.994 0 0 1058.86253518784 20.6681188097789 "LDA" 32 5000 4.36363636363636
1112.94 36.274 0 0 1081.61388628244 20.761935891963 "LDA" 32 5000 4.3989898989899
1142.067 36.533 0 0 1099.92745074751 20.7645389324463 "LDA" 32 5000 4.43434343434343
1184.776 36.988 0 0 1158.6303120599 20.946326756847 "LDA" 32 5000 4.46969696969697
1228.228 37.345 0 0 1216.18971276419 21.3008380281317 "LDA" 32 5000 4.50505050505051
1263.098 37.634 0 0 1260.62821636512 21.3937312251915 "LDA" 32 5000 4.54040404040404
1293.185 38.002 0 0 1296.67196659909 21.5588213680335 "LDA" 32 5000 4.57575757575758
1348.356 38.257 0 0 1342.08145949041 21.6040201047093 "LDA" 32 5000 4.61111111111111
1385.375 38.628 0 0 1377.25001723906 21.7519830076424 "LDA" 32 5000 4.64646464646465
1426.756 38.946 0 0 1406.82598135157 22.0298524370546 "LDA" 32 5000 4.68181818181818
1479.05310621242 39.175 2 0 1463.84907025514 22.053542430497 "LDA" 32 5000 4.71717171717172
1550.96893787575 39.517 2 0 1506.11741475829 22.0229589683521 "LDA" 32 5000 4.75252525252525
1598.54864593781 39.743 3 0 1533.78927269125 22.0235780242219 "LDA" 32 5000 4.78787878787879
1657.7218875502 39.994 4 0 1579.49485594688 22.0255553639196 "LDA" 32 5000 4.82323232323232
1712.99497487437 40.401 5 0 1628.43166732465 22.1951982605659 "LDA" 32 5000 4.85858585858586
1780.54371859296 40.632 5 0 1669.2287996442 22.3700020785201 "LDA" 32 5000 4.89393939393939
1837.29778672032 41.006 6 0 1717.28279125809 22.4538669306679 "LDA" 32 5000 4.92929292929293
1894.77263581489 41.282 6 0 1748.82659109926 22.4858197112778 "LDA" 32 5000 4.96464646464646
1947.76559356137 41.578 6 0 1791.04620148512 22.4781935480853 "LDA" 32 5000 5
19.135 7.582 0 0 15.7210663419161 4.57801640825306 "uLSIF" 32 5000 1.5
19.916 7.755 0 0 16.5098006504475 4.66376733186013 "uLSIF" 32 5000 1.53535353535354
20.783 7.984 0 0 17.3646030890556 4.80008174771897 "uLSIF" 32 5000 1.57070707070707
21.315 8.146 0 0 17.4931353617579 4.88124067328282 "uLSIF" 32 5000 1.60606060606061
22.247 8.326 0 0 18.1565870320568 4.9980700980183 "uLSIF" 32 5000 1.64141414141414
23.121 8.491 0 0 19.0303576822275 5.03361264463767 "uLSIF" 32 5000 1.67676767676768
24.201 8.673 0 0 19.9297213425776 5.10471636128092 "uLSIF" 32 5000 1.71212121212121
25.226 8.878 0 0 20.8809227989794 5.18227478738555 "uLSIF" 32 5000 1.74747474747475
25.96 9.112 0 0 21.6595830416363 5.29561134332 "uLSIF" 32 5000 1.78282828282828
26.812 9.329 0 0 22.327946461625 5.4365720187739 "uLSIF" 32 5000 1.81818181818182
27.788 9.527 0 0 22.9929060740423 5.47971699071205 "uLSIF" 32 5000 1.85353535353535
28.509 9.707 0 0 23.3047856036487 5.56921602805702 "uLSIF" 32 5000 1.88888888888889
29.331 9.883 0 0 23.813956906477 5.6257408365441 "uLSIF" 32 5000 1.92424242424242
30.425 10.086 0 0 25.210949346801 5.79276791872074 "uLSIF" 32 5000 1.95959595959596
31.801 10.306 0 0 26.5257802150288 5.94320500114927 "uLSIF" 32 5000 1.99494949494949
32.762 10.588 0 0 27.7022520884272 6.1691421052132 "uLSIF" 32 5000 2.03030303030303
33.888 10.759 0 0 28.5585897594585 6.204467294975 "uLSIF" 32 5000 2.06565656565657
34.808 11.012 0 0 29.3778861764456 6.25963569539307 "uLSIF" 32 5000 2.1010101010101
36.164 11.252 0 0 30.6585232692158 6.43256355381537 "uLSIF" 32 5000 2.13636363636364
37.52 11.484 0 0 31.7519099234012 6.61191813783727 "uLSIF" 32 5000 2.17171717171717
39.022 11.735 0 0 33.5418629860145 6.67287811235169 "uLSIF" 32 5000 2.20707070707071
40.052 11.893 0 0 34.2040818502005 6.7325238861721 "uLSIF" 32 5000 2.24242424242424
41.27 12.09 0 0 35.0523004061611 6.85601231802459 "uLSIF" 32 5000 2.27777777777778
42.257 12.371 0 0 35.2837624821233 7.11463119050995 "uLSIF" 32 5000 2.31313131313131
43.374 12.581 0 0 35.7144178679094 7.18171400266093 "uLSIF" 32 5000 2.34848484848485
44.471 12.823 0 0 36.3390655725582 7.20830289531667 "uLSIF" 32 5000 2.38383838383838
46.377 13.09 0 0 38.926625247421 7.28237138114591 "uLSIF" 32 5000 2.41919191919192
47.653 13.318 0 0 40.0934667630161 7.43263883961276 "uLSIF" 32 5000 2.45454545454545
49.047 13.533 0 0 41.4945368402587 7.49340123455711 "uLSIF" 32 5000 2.48989898989899
49.928 13.738 0 0 41.9232677206391 7.59348516934201 "uLSIF" 32 5000 2.52525252525253
51.421 13.956 0 0 43.543516128085 7.67678298488351 "uLSIF" 32 5000 2.56060606060606
52.503 14.128 0 0 44.2594044908637 7.75162587485385 "uLSIF" 32 5000 2.5959595959596
53.667 14.336 0 0 44.8847273551901 7.84401890822763 "uLSIF" 32 5000 2.63131313131313
55.717 14.578 0 0 46.603849946435 7.99573935592249 "uLSIF" 32 5000 2.66666666666667
57.192 14.728 0 0 47.4237931016927 8.05238206103367 "uLSIF" 32 5000 2.7020202020202
58.488 14.901 0 0 47.7020475592122 8.03590534879392 "uLSIF" 32 5000 2.73737373737374
60.514 15.175 0 0 49.2343561532577 8.25727300975071 "uLSIF" 32 5000 2.77272727272727
62.289 15.411 0 0 50.6696249235169 8.2836403650628 "uLSIF" 32 5000 2.80808080808081
64.043 15.581 0 0 52.6400049498584 8.28517248360486 "uLSIF" 32 5000 2.84343434343434
65.919 15.793 0 0 54.2385126571079 8.38202895541464 "uLSIF" 32 5000 2.87878787878788
67.775 15.97 0 0 55.9771007717514 8.40522145738872 "uLSIF" 32 5000 2.91414141414141
69.317 16.15 0 0 56.8494711793643 8.54731282664654 "uLSIF" 32 5000 2.94949494949495
70.478 16.355 0 0 57.3392649700649 8.67503494121097 "uLSIF" 32 5000 2.98484848484848
71.786 16.585 0 0 58.3119755323938 8.77255565572158 "uLSIF" 32 5000 3.02020202020202
74.335 16.883 0 0 59.9503195639174 9.00724383157475 "uLSIF" 32 5000 3.05555555555556
76.942 17.056 0 0 61.8416447470879 9.04680654754531 "uLSIF" 32 5000 3.09090909090909
79.081 17.289 0 0 64.5977655210326 9.07754817562985 "uLSIF" 32 5000 3.12626262626263
81.288 17.484 0 0 67.2856032774353 9.14020170933264 "uLSIF" 32 5000 3.16161616161616
83.124 17.673 0 0 68.031793662588 9.19731817768971 "uLSIF" 32 5000 3.1969696969697
85.645 17.875 0 0 70.9990129145105 9.39167602606577 "uLSIF" 32 5000 3.23232323232323
88.938 18.08 0 0 75.1244023725436 9.46367587997186 "uLSIF" 32 5000 3.26767676767677
90.215 18.359 0 0 76.6090185077235 9.63477804352274 "uLSIF" 32 5000 3.3030303030303
91.176 18.478 0 0 76.9893524091766 9.65726559533178 "uLSIF" 32 5000 3.33838383838384
93.054 18.71 0 0 77.465618218704 9.78578876032288 "uLSIF" 32 5000 3.37373737373737
94.934 18.926 0 0 79.5024042169561 9.84619070866858 "uLSIF" 32 5000 3.40909090909091
97.982 19.189 0 0 82.2753602903744 9.92934392952882 "uLSIF" 32 5000 3.44444444444444
100.576 19.372 0 0 84.4704770051968 9.97632914168048 "uLSIF" 32 5000 3.47979797979798
102.577 19.555 0 0 87.7900516241115 10.0720614285965 "uLSIF" 32 5000 3.51515151515152
103.845 19.722 0 0 88.4170829396421 10.067376424276 "uLSIF" 32 5000 3.55050505050505
106.948 20.025 0 0 91.5836385980534 10.2477993926693 "uLSIF" 32 5000 3.58585858585859
109.153 20.231 0 0 92.4282022088689 10.3433371608792 "uLSIF" 32 5000 3.62121212121212
110.82 20.498 0 0 93.0511155769242 10.5343708387814 "uLSIF" 32 5000 3.65656565656566
112.417 20.691 0 0 93.6758147510299 10.5800499269359 "uLSIF" 32 5000 3.69191919191919
115.537 20.9 0 0 97.2261155685475 10.6303812257607 "uLSIF" 32 5000 3.72727272727273
118.767 21.206 0 0 102.41771379551 10.8129775956711 "uLSIF" 32 5000 3.76262626262626
120.248 21.413 0 0 102.782794274133 10.85210574954 "uLSIF" 32 5000 3.7979797979798
122.244 21.696 0 0 103.676010625309 10.9934726288121 "uLSIF" 32 5000 3.83333333333333
123.935 21.872 0 0 105.010113317237 11.0253877562277 "uLSIF" 32 5000 3.86868686868687
126.15 22.062 0 0 107.801292286404 11.0709856256217 "uLSIF" 32 5000 3.9040404040404
128.1 22.266 0 0 109.004963566262 11.1324379708658 "uLSIF" 32 5000 3.93939393939394
131.026 22.467 0 0 113.172688319141 11.1633118083538 "uLSIF" 32 5000 3.97474747474747
134.35 22.629 0 0 117.122735774209 11.1658423343264 "uLSIF" 32 5000 4.01010101010101
136.869 22.785 0 0 119.647429334467 11.203315995244 "uLSIF" 32 5000 4.04545454545454
139.851 23.017 0 0 121.617283157299 11.2882299380875 "uLSIF" 32 5000 4.08080808080808
143.074 23.229 0 0 124.686740703682 11.3300895817257 "uLSIF" 32 5000 4.11616161616162
146.021 23.446 0 0 127.518333915106 11.3866913869105 "uLSIF" 32 5000 4.15151515151515
149.038 23.619 0 0 129.391934945068 11.3971809994724 "uLSIF" 32 5000 4.18686868686869
151.347 23.835 0 0 131.181603909253 11.4790916254094 "uLSIF" 32 5000 4.22222222222222
153.382 24.053 0 0 131.799405003054 11.5390355030367 "uLSIF" 32 5000 4.25757575757576
157.098 24.269 0 0 135.122272125747 11.5883963485001 "uLSIF" 32 5000 4.29292929292929
158.94 24.44 0 0 136.113494126348 11.5918406981277 "uLSIF" 32 5000 4.32828282828283
161.605 24.614 0 0 138.710618233106 11.6142108597138 "uLSIF" 32 5000 4.36363636363636
165.846 24.788 0 0 143.879747239372 11.6449414193744 "uLSIF" 32 5000 4.3989898989899
167.88 24.963 0 0 144.926924390927 11.6648059863291 "uLSIF" 32 5000 4.43434343434343
171.364 25.174 0 0 148.867494890708 11.7361604224491 "uLSIF" 32 5000 4.46969696969697
175.118 25.391 0 0 152.749666240344 11.7659064910255 "uLSIF" 32 5000 4.50505050505051
178.465 25.585 0 0 156.287903190502 11.8383665225369 "uLSIF" 32 5000 4.54040404040404
182.516 25.796 0 0 159.06871030658 11.9311666125629 "uLSIF" 32 5000 4.57575757575758
185.209 25.973 0 0 160.587856884569 11.9506103646671 "uLSIF" 32 5000 4.61111111111111
191.022 26.249 0 0 165.804072647527 12.0958384706604 "uLSIF" 32 5000 4.64646464646465
192.775 26.412 0 0 166.213962880549 12.1412382262134 "uLSIF" 32 5000 4.68181818181818
197.503 26.63 0 0 172.041891420094 12.1559395715373 "uLSIF" 32 5000 4.71717171717172
201.425 26.847 0 0 174.699795058247 12.200674057094 "uLSIF" 32 5000 4.75252525252525
205.69 27.038 0 0 179.505799996079 12.2325873057253 "uLSIF" 32 5000 4.78787878787879
210.785 27.26 0 0 184.44690139559 12.4200103323893 "uLSIF" 32 5000 4.82323232323232
215.195 27.488 0 0 190.580113744207 12.5212874193766 "uLSIF" 32 5000 4.85858585858586
222.031 27.65 0 0 201.914584759345 12.4974271626477 "uLSIF" 32 5000 4.89393939393939
224.387 27.902 0 0 204.314736969076 12.6539526835894 "uLSIF" 32 5000 4.92929292929293
227.021 28.166 0 0 206.751572598062 12.7526889350864 "uLSIF" 32 5000 4.96464646464646
228.704 28.373 0 0 207.623476254233 12.8530569154607 "uLSIF" 32 5000 5
