145.575 16.095 0 0 "KDE LDA" 153 1000 2.5
146.755 16.11 0 0 "KDE LDA" 153 1000 2.51010101010101
149.625 16.16 0 0 "KDE LDA" 153 1000 2.52020202020202
150.53 16.305 0 0 "KDE LDA" 153 1000 2.53030303030303
153.81 16.43 0 0 "KDE LDA" 153 1000 2.54040404040404
154.05 16.51 0 0 "KDE LDA" 153 1000 2.55050505050505
155.895 16.905 0 0 "KDE LDA" 153 1000 2.56060606060606
156.25 16.955 0 0 "KDE LDA" 153 1000 2.57070707070707
156.755 16.97 0 0 "KDE LDA" 153 1000 2.58080808080808
157.11 17.005 0 0 "KDE LDA" 153 1000 2.59090909090909
159.82 17.01 0 0 "KDE LDA" 153 1000 2.6010101010101
160.325 17.08 0 0 "KDE LDA" 153 1000 2.61111111111111
163.83 17.2 0 0 "KDE LDA" 153 1000 2.62121212121212
168.805 17.245 0 0 "KDE LDA" 153 1000 2.63131313131313
170.67 17.28 0 0 "KDE LDA" 153 1000 2.64141414141414
171.29 17.31 0 0 "KDE LDA" 153 1000 2.65151515151515
177.025 17.38 0 0 "KDE LDA" 153 1000 2.66161616161616
189.525 17.49 0 0 "KDE LDA" 153 1000 2.67171717171717
196.315 17.495 0 0 "KDE LDA" 153 1000 2.68181818181818
197.25 17.655 0 0 "KDE LDA" 153 1000 2.69191919191919
197.765 17.685 0 0 "KDE LDA" 153 1000 2.7020202020202
197.775 17.71 0 0 "KDE LDA" 153 1000 2.71212121212121
197.775 17.72 0 0 "KDE LDA" 153 1000 2.72222222222222
197.825 17.755 0 0 "KDE LDA" 153 1000 2.73232323232323
198.625 17.765 0 0 "KDE LDA" 153 1000 2.74242424242424
198.765 17.825 0 0 "KDE LDA" 153 1000 2.75252525252525
201.265 17.84 0 0 "KDE LDA" 153 1000 2.76262626262626
213.075 17.88 0 0 "KDE LDA" 153 1000 2.77272727272727
218.49 17.915 0 0 "KDE LDA" 153 1000 2.78282828282828
226.48 18.195 0 0 "KDE LDA" 153 1000 2.79292929292929
245.89 18.88 0 0 "KDE LDA" 153 1000 2.8030303030303
249.77 18.905 0 0 "KDE LDA" 153 1000 2.81313131313131
253.065 18.925 0 0 "KDE LDA" 153 1000 2.82323232323232
254.32 18.93 0 0 "KDE LDA" 153 1000 2.83333333333333
254.36 18.95 0 0 "KDE LDA" 153 1000 2.84343434343434
255.98 19.04 0 0 "KDE LDA" 153 1000 2.85353535353535
258.82 19.045 0 0 "KDE LDA" 153 1000 2.86363636363636
258.825 19.07 0 0 "KDE LDA" 153 1000 2.87373737373737
259.575 19.08 0 0 "KDE LDA" 153 1000 2.88383838383838
259.725 19.085 0 0 "KDE LDA" 153 1000 2.89393939393939
260.94 19.14 0 0 "KDE LDA" 153 1000 2.9040404040404
260.945 19.215 0 0 "KDE LDA" 153 1000 2.91414141414141
263.395 19.255 0 0 "KDE LDA" 153 1000 2.92424242424242
268.31 19.3 0 0 "KDE LDA" 153 1000 2.93434343434343
269.23 19.36 0 0 "KDE LDA" 153 1000 2.94444444444444
269.885 19.45 0 0 "KDE LDA" 153 1000 2.95454545454545
269.905 19.53 0 0 "KDE LDA" 153 1000 2.96464646464646
280.445 19.535 0 0 "KDE LDA" 153 1000 2.97474747474747
280.445 19.535 0 0 "KDE LDA" 153 1000 2.98484848484848
280.87 19.575 0 0 "KDE LDA" 153 1000 2.99494949494949
280.87 19.605 0 0 "KDE LDA" 153 1000 3.00505050505051
284.705 19.785 0 0 "KDE LDA" 153 1000 3.01515151515152
284.8 19.855 0 0 "KDE LDA" 153 1000 3.02525252525253
284.805 19.865 0 0 "KDE LDA" 153 1000 3.03535353535354
292.91 20.055 0 0 "KDE LDA" 153 1000 3.04545454545455
292.94 20.195 0 0 "KDE LDA" 153 1000 3.05555555555556
294.81 20.215 0 0 "KDE LDA" 153 1000 3.06565656565657
295.235 20.345 0 0 "KDE LDA" 153 1000 3.07575757575758
297.855 20.41 0 0 "KDE LDA" 153 1000 3.08585858585859
306.965 20.605 0 0 "KDE LDA" 153 1000 3.0959595959596
306.975 20.61 0 0 "KDE LDA" 153 1000 3.10606060606061
308.94 20.62 0 0 "KDE LDA" 153 1000 3.11616161616162
310.13 20.735 0 0 "KDE LDA" 153 1000 3.12626262626263
312.475 20.755 0 0 "KDE LDA" 153 1000 3.13636363636364
312.57 20.775 0 0 "KDE LDA" 153 1000 3.14646464646465
313.225 20.785 0 0 "KDE LDA" 153 1000 3.15656565656566
313.235 20.8 0 0 "KDE LDA" 153 1000 3.16666666666667
314.935 21.205 0 0 "KDE LDA" 153 1000 3.17676767676768
318.2 21.29 0 0 "KDE LDA" 153 1000 3.18686868686869
318.2 21.335 0 0 "KDE LDA" 153 1000 3.1969696969697
324.45 21.54 0 0 "KDE LDA" 153 1000 3.20707070707071
338.65 21.745 0 0 "KDE LDA" 153 1000 3.21717171717172
375.22 22.325 0 0 "KDE LDA" 153 1000 3.22727272727273
375.225 22.355 0 0 "KDE LDA" 153 1000 3.23737373737374
377.905 22.435 0 0 "KDE LDA" 153 1000 3.24747474747475
382.31 22.745 0 0 "KDE LDA" 153 1000 3.25757575757576
383.435 22.79 0 0 "KDE LDA" 153 1000 3.26767676767677
383.45 22.805 0 0 "KDE LDA" 153 1000 3.27777777777778
383.745 22.895 0 0 "KDE LDA" 153 1000 3.28787878787879
384.54 22.935 0 0 "KDE LDA" 153 1000 3.2979797979798
391.44 22.985 0 0 "KDE LDA" 153 1000 3.30808080808081
397.77 23.01 0 0 "KDE LDA" 153 1000 3.31818181818182
418.32 23.03 0 0 "KDE LDA" 153 1000 3.32828282828283
420.255 23.22 0 0 "KDE LDA" 153 1000 3.33838383838384
439.72 23.34 0 0 "KDE LDA" 153 1000 3.34848484848485
511.505 23.61 0 0 "KDE LDA" 153 1000 3.35858585858586
519.735 23.735 0 0 "KDE LDA" 153 1000 3.36868686868687
522.815 23.815 0 0 "KDE LDA" 153 1000 3.37878787878788
542.695 23.89 0 0 "KDE LDA" 153 1000 3.38888888888889
549.475 24.03 0 0 "KDE LDA" 153 1000 3.3989898989899
549.655 24.055 0 0 "KDE LDA" 153 1000 3.40909090909091
554.915 24.065 0 0 "KDE LDA" 153 1000 3.41919191919192
554.915 24.095 0 0 "KDE LDA" 153 1000 3.42929292929293
572.525 24.18 0 0 "KDE LDA" 153 1000 3.43939393939394
578.13 24.18 0 0 "KDE LDA" 153 1000 3.44949494949495
580.725 24.205 0 0 "KDE LDA" 153 1000 3.45959595959596
580.75 24.225 0 0 "KDE LDA" 153 1000 3.46969696969697
584.035 24.245 0 0 "KDE LDA" 153 1000 3.47979797979798
590.285 24.26 0 0 "KDE LDA" 153 1000 3.48989898989899
590.285 24.305 0 0 "KDE LDA" 153 1000 3.5
111.185 14.4 0 0 "KDE QDA" 153 1000 3.5
111.83 14.4 0 0 "KDE QDA" 153 1000 3.51010101010101
112.505 14.48 0 0 "KDE QDA" 153 1000 3.52020202020202
113.295 14.535 0 0 "KDE QDA" 153 1000 3.53030303030303
113.365 14.545 0 0 "KDE QDA" 153 1000 3.54040404040404
115.35 14.56 0 0 "KDE QDA" 153 1000 3.55050505050505
116.685 14.575 0 0 "KDE QDA" 153 1000 3.56060606060606
116.715 14.58 0 0 "KDE QDA" 153 1000 3.57070707070707
117.465 14.585 0 0 "KDE QDA" 153 1000 3.58080808080808
118.685 14.585 0 0 "KDE QDA" 153 1000 3.59090909090909
119.62 14.61 0 0 "KDE QDA" 153 1000 3.6010101010101
120.215 14.61 0 0 "KDE QDA" 153 1000 3.61111111111111
120.82 14.61 0 0 "KDE QDA" 153 1000 3.62121212121212
122.835 14.665 0 0 "KDE QDA" 153 1000 3.63131313131313
124.035 14.69 0 0 "KDE QDA" 153 1000 3.64141414141414
126.845 14.925 0 0 "KDE QDA" 153 1000 3.65151515151515
128.005 14.97 0 0 "KDE QDA" 153 1000 3.66161616161616
128.06 15.165 0 0 "KDE QDA" 153 1000 3.67171717171717
128.1 15.2 0 0 "KDE QDA" 153 1000 3.68181818181818
128.105 15.26 0 0 "KDE QDA" 153 1000 3.69191919191919
128.11 15.345 0 0 "KDE QDA" 153 1000 3.7020202020202
128.385 15.375 0 0 "KDE QDA" 153 1000 3.71212121212121
128.56 15.395 0 0 "KDE QDA" 153 1000 3.72222222222222
128.955 15.42 0 0 "KDE QDA" 153 1000 3.73232323232323
129.685 15.43 0 0 "KDE QDA" 153 1000 3.74242424242424
130.27 15.445 0 0 "KDE QDA" 153 1000 3.75252525252525
130.345 15.45 0 0 "KDE QDA" 153 1000 3.76262626262626
130.385 15.45 0 0 "KDE QDA" 153 1000 3.77272727272727
133.4 15.56 0 0 "KDE QDA" 153 1000 3.78282828282828
137.735 15.8 0 0 "KDE QDA" 153 1000 3.79292929292929
137.785 15.83 0 0 "KDE QDA" 153 1000 3.8030303030303
139.15 15.925 0 0 "KDE QDA" 153 1000 3.81313131313131
139.25 15.955 0 0 "KDE QDA" 153 1000 3.82323232323232
142.395 16.015 0 0 "KDE QDA" 153 1000 3.83333333333333
142.465 16.07 0 0 "KDE QDA" 153 1000 3.84343434343434
144.385 16.125 0 0 "KDE QDA" 153 1000 3.85353535353535
145.64 16.13 0 0 "KDE QDA" 153 1000 3.86363636363636
146.205 16.135 0 0 "KDE QDA" 153 1000 3.87373737373737
150.01 16.14 0 0 "KDE QDA" 153 1000 3.88383838383838
150.93 16.145 0 0 "KDE QDA" 153 1000 3.89393939393939
151.515 16.155 0 0 "KDE QDA" 153 1000 3.9040404040404
152.49 16.175 0 0 "KDE QDA" 153 1000 3.91414141414141
156.75 16.71 0 0 "KDE QDA" 153 1000 3.92424242424242
156.75 16.72 0 0 "KDE QDA" 153 1000 3.93434343434343
157.225 16.825 0 0 "KDE QDA" 153 1000 3.94444444444444
161.015 16.855 0 0 "KDE QDA" 153 1000 3.95454545454545
161.08 16.87 0 0 "KDE QDA" 153 1000 3.96464646464646
161.105 16.885 0 0 "KDE QDA" 153 1000 3.97474747474747
161.21 16.95 0 0 "KDE QDA" 153 1000 3.98484848484848
161.235 16.955 0 0 "KDE QDA" 153 1000 3.99494949494949
161.51 16.985 0 0 "KDE QDA" 153 1000 4.00505050505051
161.62 17 0 0 "KDE QDA" 153 1000 4.01515151515152
161.63 17.03 0 0 "KDE QDA" 153 1000 4.02525252525253
162.465 17.03 0 0 "KDE QDA" 153 1000 4.03535353535354
163.98 17.05 0 0 "KDE QDA" 153 1000 4.04545454545455
164.435 17.06 0 0 "KDE QDA" 153 1000 4.05555555555556
166.285 17.085 0 0 "KDE QDA" 153 1000 4.06565656565657
169.23 17.115 0 0 "KDE QDA" 153 1000 4.07575757575758
171.365 17.45 0 0 "KDE QDA" 153 1000 4.08585858585859
171.72 17.5 0 0 "KDE QDA" 153 1000 4.0959595959596
171.72 17.525 0 0 "KDE QDA" 153 1000 4.10606060606061
176.685 17.605 0 0 "KDE QDA" 153 1000 4.11616161616162
176.72 17.61 0 0 "KDE QDA" 153 1000 4.12626262626263
178.86 17.62 0 0 "KDE QDA" 153 1000 4.13636363636364
180.77 17.645 0 0 "KDE QDA" 153 1000 4.14646464646465
180.81 17.675 0 0 "KDE QDA" 153 1000 4.15656565656566
184.09 17.68 0 0 "KDE QDA" 153 1000 4.16666666666667
184.11 17.695 0 0 "KDE QDA" 153 1000 4.17676767676768
186.72 17.7 0 0 "KDE QDA" 153 1000 4.18686868686869
188.6 17.75 0 0 "KDE QDA" 153 1000 4.1969696969697
191.87 17.785 0 0 "KDE QDA" 153 1000 4.20707070707071
192.925 18.07 0 0 "KDE QDA" 153 1000 4.21717171717172
192.995 18.09 0 0 "KDE QDA" 153 1000 4.22727272727273
196.39 18.115 0 0 "KDE QDA" 153 1000 4.23737373737374
199.24 18.13 0 0 "KDE QDA" 153 1000 4.24747474747475
199.27 18.185 0 0 "KDE QDA" 153 1000 4.25757575757576
199.275 18.195 0 0 "KDE QDA" 153 1000 4.26767676767677
201.675 18.195 0 0 "KDE QDA" 153 1000 4.27777777777778
201.72 18.2 0 0 "KDE QDA" 153 1000 4.28787878787879
201.75 18.23 0 0 "KDE QDA" 153 1000 4.2979797979798
202.12 18.25 0 0 "KDE QDA" 153 1000 4.30808080808081
202.445 18.255 0 0 "KDE QDA" 153 1000 4.31818181818182
202.75 18.27 0 0 "KDE QDA" 153 1000 4.32828282828283
203.415 18.29 0 0 "KDE QDA" 153 1000 4.33838383838384
207.145 18.69 0 0 "KDE QDA" 153 1000 4.34848484848485
208.4 18.74 0 0 "KDE QDA" 153 1000 4.35858585858586
212.44 18.81 0 0 "KDE QDA" 153 1000 4.36868686868687
216.845 18.895 0 0 "KDE QDA" 153 1000 4.37878787878788
216.91 18.92 0 0 "KDE QDA" 153 1000 4.38888888888889
220.015 18.925 0 0 "KDE QDA" 153 1000 4.3989898989899
220.16 18.945 0 0 "KDE QDA" 153 1000 4.40909090909091
222.88 18.95 0 0 "KDE QDA" 153 1000 4.41919191919192
224.09 18.955 0 0 "KDE QDA" 153 1000 4.42929292929293
228.26 18.98 0 0 "KDE QDA" 153 1000 4.43939393939394
230.59 19.02 0 0 "KDE QDA" 153 1000 4.44949494949495
234.51 19.02 0 0 "KDE QDA" 153 1000 4.45959595959596
234.61 19.09 0 0 "KDE QDA" 153 1000 4.46969696969697
236.305 19.33 0 0 "KDE QDA" 153 1000 4.47979797979798
236.32 19.355 0 0 "KDE QDA" 153 1000 4.48989898989899
237.35 19.41 0 0 "KDE QDA" 153 1000 4.5
