141.89 14.725 0 0 "KDE LDA" 143 2000 2.5
146.355 14.79 0 0 "KDE LDA" 143 2000 2.51010101010101
148.47 14.805 0 0 "KDE LDA" 143 2000 2.52020202020202
153.16 15.05 0 0 "KDE LDA" 143 2000 2.53030303030303
155.855 15.17 0 0 "KDE LDA" 143 2000 2.54040404040404
155.87 15.295 0 0 "KDE LDA" 143 2000 2.55050505050505
156.345 15.375 0 0 "KDE LDA" 143 2000 2.56060606060606
156.37 15.395 0 0 "KDE LDA" 143 2000 2.57070707070707
156.64 15.405 0 0 "KDE LDA" 143 2000 2.58080808080808
157.05 15.415 0 0 "KDE LDA" 143 2000 2.59090909090909
157.22 15.43 0 0 "KDE LDA" 143 2000 2.6010101010101
157.22 15.47 0 0 "KDE LDA" 143 2000 2.61111111111111
158.025 15.64 0 0 "KDE LDA" 143 2000 2.62121212121212
158.04 15.715 0 0 "KDE LDA" 143 2000 2.63131313131313
161.635 15.745 0 0 "KDE LDA" 143 2000 2.64141414141414
164.025 15.815 0 0 "KDE LDA" 143 2000 2.65151515151515
172.06 15.975 0 0 "KDE LDA" 143 2000 2.66161616161616
180.6 16.16 0 0 "KDE LDA" 143 2000 2.67171717171717
181.32 16.185 0 0 "KDE LDA" 143 2000 2.68181818181818
183.125 16.255 0 0 "KDE LDA" 143 2000 2.69191919191919
186.13 16.31 0 0 "KDE LDA" 143 2000 2.7020202020202
186.13 16.375 0 0 "KDE LDA" 143 2000 2.71212121212121
186.155 16.395 0 0 "KDE LDA" 143 2000 2.72222222222222
186.175 16.485 0 0 "KDE LDA" 143 2000 2.73232323232323
188.385 16.54 0 0 "KDE LDA" 143 2000 2.74242424242424
192.14 16.555 0 0 "KDE LDA" 143 2000 2.75252525252525
196.255 16.575 0 0 "KDE LDA" 143 2000 2.76262626262626
197.365 16.61 0 0 "KDE LDA" 143 2000 2.77272727272727
205.075 16.655 0 0 "KDE LDA" 143 2000 2.78282828282828
217.175 16.985 0 0 "KDE LDA" 143 2000 2.79292929292929
264.505 17.495 0 0 "KDE LDA" 143 2000 2.8030303030303
270.51 17.5 0 0 "KDE LDA" 143 2000 2.81313131313131
282.62 17.55 0 0 "KDE LDA" 143 2000 2.82323232323232
283.625 17.57 0 0 "KDE LDA" 143 2000 2.83333333333333
283.625 17.575 0 0 "KDE LDA" 143 2000 2.84343434343434
283.625 17.62 0 0 "KDE LDA" 143 2000 2.85353535353535
290.195 17.635 0 0 "KDE LDA" 143 2000 2.86363636363636
290.23 17.645 0 0 "KDE LDA" 143 2000 2.87373737373737
291.665 17.645 0 0 "KDE LDA" 143 2000 2.88383838383838
291.865 17.645 0 0 "KDE LDA" 143 2000 2.89393939393939
301.19 17.98 0 0 "KDE LDA" 143 2000 2.9040404040404
301.22 18.01 0 0 "KDE LDA" 143 2000 2.91414141414141
303.165 18.04 0 0 "KDE LDA" 143 2000 2.92424242424242
306.475 18.07 0 0 "KDE LDA" 143 2000 2.93434343434343
311.895 18.08 0 0 "KDE LDA" 143 2000 2.94444444444444
312.905 18.095 0 0 "KDE LDA" 143 2000 2.95454545454545
314.21 18.275 0 0 "KDE LDA" 143 2000 2.96464646464646
314.545 18.285 0 0 "KDE LDA" 143 2000 2.97474747474747
315.84 18.325 0 0 "KDE LDA" 143 2000 2.98484848484848
315.85 18.33 0 0 "KDE LDA" 143 2000 2.99494949494949
315.855 18.335 0 0 "KDE LDA" 143 2000 3.00505050505051
317.61 18.34 0 0 "KDE LDA" 143 2000 3.01515151515152
317.985 18.415 0 0 "KDE LDA" 143 2000 3.02525252525253
319.26 18.45 0 0 "KDE LDA" 143 2000 3.03535353535354
320.165 18.47 0 0 "KDE LDA" 143 2000 3.04545454545455
320.195 18.53 0 0 "KDE LDA" 143 2000 3.05555555555556
322.495 18.545 0 0 "KDE LDA" 143 2000 3.06565656565657
326.35 18.57 0 0 "KDE LDA" 143 2000 3.07575757575758
329.315 18.805 0 0 "KDE LDA" 143 2000 3.08585858585859
337.04 19.025 0 0 "KDE LDA" 143 2000 3.0959595959596
339.42 19.035 0 0 "KDE LDA" 143 2000 3.10606060606061
339.475 19.15 0 0 "KDE LDA" 143 2000 3.11616161616162
339.51 19.165 0 0 "KDE LDA" 143 2000 3.12626262626263
340.94 19.22 0 0 "KDE LDA" 143 2000 3.13636363636364
341.02 19.285 0 0 "KDE LDA" 143 2000 3.14646464646465
344.93 19.415 0 0 "KDE LDA" 143 2000 3.15656565656566
345.81 19.42 0 0 "KDE LDA" 143 2000 3.16666666666667
346.58 19.425 0 0 "KDE LDA" 143 2000 3.17676767676768
346.595 19.48 0 0 "KDE LDA" 143 2000 3.18686868686869
355.985 19.545 0 0 "KDE LDA" 143 2000 3.1969696969697
357.81 19.575 0 0 "KDE LDA" 143 2000 3.20707070707071
368.925 19.6 0 0 "KDE LDA" 143 2000 3.21717171717172
382.86 19.945 0 0 "KDE LDA" 143 2000 3.22727272727273
393.225 20.28 0 0 "KDE LDA" 143 2000 3.23737373737374
393.885 20.53 0 0 "KDE LDA" 143 2000 3.24747474747475
394.145 20.63 0 0 "KDE LDA" 143 2000 3.25757575757576
396 20.63 0 0 "KDE LDA" 143 2000 3.26767676767677
396.4 20.825 0 0 "KDE LDA" 143 2000 3.27777777777778
404.83 20.845 0 0 "KDE LDA" 143 2000 3.28787878787879
406.45 20.86 0 0 "KDE LDA" 143 2000 3.2979797979798
409.125 20.89 0 0 "KDE LDA" 143 2000 3.30808080808081
412.97 20.97 0 0 "KDE LDA" 143 2000 3.31818181818182
415.96 21.065 0 0 "KDE LDA" 143 2000 3.32828282828283
420.79 21.11 0 0 "KDE LDA" 143 2000 3.33838383838384
436.88 21.575 0 0 "KDE LDA" 143 2000 3.34848484848485
489.11 21.98 0 0 "KDE LDA" 143 2000 3.35858585858586
489.12 21.98 0 0 "KDE LDA" 143 2000 3.36868686868687
498.447236180904 22.02 1 0 "KDE LDA" 143 2000 3.37878787878788
501.256281407035 22.07 1 0 "KDE LDA" 143 2000 3.38888888888889
507.507537688442 22.11 1 0 "KDE LDA" 143 2000 3.3989898989899
525.376884422111 22.25 1 0 "KDE LDA" 143 2000 3.40909090909091
526.608040201005 22.275 1 0 "KDE LDA" 143 2000 3.41919191919192
527.130653266332 22.315 1 0 "KDE LDA" 143 2000 3.42929292929293
528.291457286432 22.33 1 0 "KDE LDA" 143 2000 3.43939393939394
528.477386934673 22.33 1 0 "KDE LDA" 143 2000 3.44949494949495
536.150753768844 22.38 1 0 "KDE LDA" 143 2000 3.45959595959596
543.442211055276 22.545 1 0 "KDE LDA" 143 2000 3.46969696969697
555.884422110553 22.555 1 0 "KDE LDA" 143 2000 3.47979797979798
567.678391959799 22.57 1 0 "KDE LDA" 143 2000 3.48989898989899
577.819095477387 22.915 1 0 "KDE LDA" 143 2000 3.5
81.345 11.51 0 0 "KDE QDA" 143 2000 2.7
81.38 11.515 0 0 "KDE QDA" 143 2000 2.71010101010101
81.38 11.52 0 0 "KDE QDA" 143 2000 2.72020202020202
81.975 11.53 0 0 "KDE QDA" 143 2000 2.73030303030303
81.98 11.535 0 0 "KDE QDA" 143 2000 2.74040404040404
81.985 11.535 0 0 "KDE QDA" 143 2000 2.75050505050505
81.985 11.535 0 0 "KDE QDA" 143 2000 2.76060606060606
81.985 11.54 0 0 "KDE QDA" 143 2000 2.77070707070707
83.385 11.54 0 0 "KDE QDA" 143 2000 2.78080808080808
84.445 11.555 0 0 "KDE QDA" 143 2000 2.79090909090909
99.11 12.33 0 0 "KDE QDA" 143 2000 2.8010101010101
99.48 12.33 0 0 "KDE QDA" 143 2000 2.81111111111111
99.745 12.33 0 0 "KDE QDA" 143 2000 2.82121212121212
102.325 12.505 0 0 "KDE QDA" 143 2000 2.83131313131313
102.515 12.505 0 0 "KDE QDA" 143 2000 2.84141414141414
104.485 12.505 0 0 "KDE QDA" 143 2000 2.85151515151515
105.955 12.505 0 0 "KDE QDA" 143 2000 2.86161616161616
105.955 12.51 0 0 "KDE QDA" 143 2000 2.87171717171717
105.96 12.51 0 0 "KDE QDA" 143 2000 2.88181818181818
106.7 12.55 0 0 "KDE QDA" 143 2000 2.89191919191919
107.55 12.55 0 0 "KDE QDA" 143 2000 2.9020202020202
107.57 12.55 0 0 "KDE QDA" 143 2000 2.91212121212121
107.585 12.555 0 0 "KDE QDA" 143 2000 2.92222222222222
108.455 12.555 0 0 "KDE QDA" 143 2000 2.93232323232323
108.455 12.555 0 0 "KDE QDA" 143 2000 2.94242424242424
108.46 12.56 0 0 "KDE QDA" 143 2000 2.95252525252525
112.705 12.82 0 0 "KDE QDA" 143 2000 2.96262626262626
113.975 12.82 0 0 "KDE QDA" 143 2000 2.97272727272727
113.975 12.825 0 0 "KDE QDA" 143 2000 2.98282828282828
114.74 12.825 0 0 "KDE QDA" 143 2000 2.99292929292929
115.375 12.83 0 0 "KDE QDA" 143 2000 3.0030303030303
115.43 12.83 0 0 "KDE QDA" 143 2000 3.01313131313131
118.78 12.855 0 0 "KDE QDA" 143 2000 3.02323232323232
118.78 12.865 0 0 "KDE QDA" 143 2000 3.03333333333333
118.99 12.87 0 0 "KDE QDA" 143 2000 3.04343434343434
118.99 12.87 0 0 "KDE QDA" 143 2000 3.05353535353535
119.34 12.87 0 0 "KDE QDA" 143 2000 3.06363636363636
119.775 12.87 0 0 "KDE QDA" 143 2000 3.07373737373737
121.1 12.87 0 0 "KDE QDA" 143 2000 3.08383838383838
129.765 13.31 0 0 "KDE QDA" 143 2000 3.09393939393939
129.77 13.345 0 0 "KDE QDA" 143 2000 3.1040404040404
129.95 13.385 0 0 "KDE QDA" 143 2000 3.11414141414141
133.26 13.385 0 0 "KDE QDA" 143 2000 3.12424242424242
133.265 13.39 0 0 "KDE QDA" 143 2000 3.13434343434343
133.265 13.395 0 0 "KDE QDA" 143 2000 3.14444444444444
133.275 13.395 0 0 "KDE QDA" 143 2000 3.15454545454545
133.275 13.4 0 0 "KDE QDA" 143 2000 3.16464646464646
133.275 13.405 0 0 "KDE QDA" 143 2000 3.17474747474748
133.875 13.41 0 0 "KDE QDA" 143 2000 3.18484848484849
133.875 13.42 0 0 "KDE QDA" 143 2000 3.19494949494949
133.9 13.42 0 0 "KDE QDA" 143 2000 3.20505050505051
134.215 13.425 0 0 "KDE QDA" 143 2000 3.21515151515152
140.6 14.06 0 0 "KDE QDA" 143 2000 3.22525252525253
142.3 14.09 0 0 "KDE QDA" 143 2000 3.23535353535354
142.385 14.095 0 0 "KDE QDA" 143 2000 3.24545454545455
143.64 14.15 0 0 "KDE QDA" 143 2000 3.25555555555556
143.645 14.155 0 0 "KDE QDA" 143 2000 3.26565656565657
145.34 14.165 0 0 "KDE QDA" 143 2000 3.27575757575758
145.34 14.185 0 0 "KDE QDA" 143 2000 3.28585858585859
145.345 14.185 0 0 "KDE QDA" 143 2000 3.2959595959596
147.455 14.22 0 0 "KDE QDA" 143 2000 3.30606060606061
148.76 14.225 0 0 "KDE QDA" 143 2000 3.31616161616162
149.915 14.23 0 0 "KDE QDA" 143 2000 3.32626262626263
151.445 14.24 0 0 "KDE QDA" 143 2000 3.33636363636364
151.715 14.26 0 0 "KDE QDA" 143 2000 3.34646464646465
153.45 14.265 0 0 "KDE QDA" 143 2000 3.35656565656566
171.655 15.18 0 0 "KDE QDA" 143 2000 3.36666666666667
171.7 15.18 0 0 "KDE QDA" 143 2000 3.37676767676768
174.005 15.41 0 0 "KDE QDA" 143 2000 3.38686868686869
179.125 15.43 0 0 "KDE QDA" 143 2000 3.3969696969697
180.335 15.43 0 0 "KDE QDA" 143 2000 3.40707070707071
181.515 15.435 0 0 "KDE QDA" 143 2000 3.41717171717172
181.515 15.435 0 0 "KDE QDA" 143 2000 3.42727272727273
186.34 15.44 0 0 "KDE QDA" 143 2000 3.43737373737374
187.63 15.44 0 0 "KDE QDA" 143 2000 3.44747474747475
187.645 15.445 0 0 "KDE QDA" 143 2000 3.45757575757576
187.655 15.445 0 0 "KDE QDA" 143 2000 3.46767676767677
187.655 15.45 0 0 "KDE QDA" 143 2000 3.47777777777778
187.845 15.45 0 0 "KDE QDA" 143 2000 3.48787878787879
187.86 15.45 0 0 "KDE QDA" 143 2000 3.4979797979798
187.86 15.455 0 0 "KDE QDA" 143 2000 3.50808080808081
198.31 15.775 0 0 "KDE QDA" 143 2000 3.51818181818182
198.325 15.785 0 0 "KDE QDA" 143 2000 3.52828282828283
198.715 15.79 0 0 "KDE QDA" 143 2000 3.53838383838384
200.69 15.815 0 0 "KDE QDA" 143 2000 3.54848484848485
202.62 15.815 0 0 "KDE QDA" 143 2000 3.55858585858586
203.99 15.825 0 0 "KDE QDA" 143 2000 3.56868686868687
204.22 15.825 0 0 "KDE QDA" 143 2000 3.57878787878788
205.17 15.825 0 0 "KDE QDA" 143 2000 3.58888888888889
205.175 15.86 0 0 "KDE QDA" 143 2000 3.5989898989899
205.185 15.865 0 0 "KDE QDA" 143 2000 3.60909090909091
205.19 15.865 0 0 "KDE QDA" 143 2000 3.61919191919192
205.19 15.865 0 0 "KDE QDA" 143 2000 3.62929292929293
205.19 15.865 0 0 "KDE QDA" 143 2000 3.63939393939394
205.345 15.87 0 0 "KDE QDA" 143 2000 3.64949494949495
232.63 16.14 0 0 "KDE QDA" 143 2000 3.65959595959596
234.59 16.285 0 0 "KDE QDA" 143 2000 3.66969696969697
237.56 16.295 0 0 "KDE QDA" 143 2000 3.67979797979798
237.84 16.38 0 0 "KDE QDA" 143 2000 3.68989898989899
239.765 16.385 0 0 "KDE QDA" 143 2000 3.7
