143.485 15.2 0 0 "KDE LDA" 21 600 2.3
143.74 15.215 0 0 "KDE LDA" 21 600 2.31010101010101
144.225 15.22 0 0 "KDE LDA" 21 600 2.32020202020202
144.225 15.22 0 0 "KDE LDA" 21 600 2.33030303030303
144.23 15.3 0 0 "KDE LDA" 21 600 2.34040404040404
152.43 15.4 0 0 "KDE LDA" 21 600 2.35050505050505
153.065 15.4 0 0 "KDE LDA" 21 600 2.36060606060606
153.065 15.405 0 0 "KDE LDA" 21 600 2.37070707070707
154.48 15.77 0 0 "KDE LDA" 21 600 2.38080808080808
156.52 15.785 0 0 "KDE LDA" 21 600 2.39090909090909
159.445 15.905 0 0 "KDE LDA" 21 600 2.4010101010101
163.28 15.97 0 0 "KDE LDA" 21 600 2.41111111111111
164.775 16 0 0 "KDE LDA" 21 600 2.42121212121212
165.17 16.005 0 0 "KDE LDA" 21 600 2.43131313131313
165.18 16.02 0 0 "KDE LDA" 21 600 2.44141414141414
165.19 16.19 0 0 "KDE LDA" 21 600 2.45151515151515
166.325 16.225 0 0 "KDE LDA" 21 600 2.46161616161616
166.655 16.23 0 0 "KDE LDA" 21 600 2.47171717171717
167.525 16.39 0 0 "KDE LDA" 21 600 2.48181818181818
168.35 16.635 0 0 "KDE LDA" 21 600 2.49191919191919
168.365 16.635 0 0 "KDE LDA" 21 600 2.5020202020202
168.4 16.655 0 0 "KDE LDA" 21 600 2.51212121212121
170.09 16.73 0 0 "KDE LDA" 21 600 2.52222222222222
179.965 16.805 0 0 "KDE LDA" 21 600 2.53232323232323
184.185 16.81 0 0 "KDE LDA" 21 600 2.54242424242424
185.06 16.86 0 0 "KDE LDA" 21 600 2.55252525252525
185.065 16.875 0 0 "KDE LDA" 21 600 2.56262626262626
191.125 16.875 0 0 "KDE LDA" 21 600 2.57272727272727
191.305 16.955 0 0 "KDE LDA" 21 600 2.58282828282828
191.34 17.075 0 0 "KDE LDA" 21 600 2.59292929292929
191.345 17.11 0 0 "KDE LDA" 21 600 2.6030303030303
193.645 17.185 0 0 "KDE LDA" 21 600 2.61313131313131
193.91 17.2 0 0 "KDE LDA" 21 600 2.62323232323232
195.78 17.33 0 0 "KDE LDA" 21 600 2.63333333333333
199.58 17.39 0 0 "KDE LDA" 21 600 2.64343434343434
199.695 17.53 0 0 "KDE LDA" 21 600 2.65353535353535
206.36 17.67 0 0 "KDE LDA" 21 600 2.66363636363636
225.49 17.74 0 0 "KDE LDA" 21 600 2.67373737373737
225.5 17.75 0 0 "KDE LDA" 21 600 2.68383838383838
228.14 17.98 0 0 "KDE LDA" 21 600 2.69393939393939
230.935 17.985 0 0 "KDE LDA" 21 600 2.7040404040404
232.05 18.075 0 0 "KDE LDA" 21 600 2.71414141414141
234.29 18.13 0 0 "KDE LDA" 21 600 2.72424242424242
234.315 18.175 0 0 "KDE LDA" 21 600 2.73434343434343
234.335 18.2 0 0 "KDE LDA" 21 600 2.74444444444444
234.93 18.305 0 0 "KDE LDA" 21 600 2.75454545454545
242.29 18.405 0 0 "KDE LDA" 21 600 2.76464646464646
249.5 18.44 0 0 "KDE LDA" 21 600 2.77474747474747
255.6 18.565 0 0 "KDE LDA" 21 600 2.78484848484848
266.46 18.93 0 0 "KDE LDA" 21 600 2.79494949494949
305.58 19.71 0 0 "KDE LDA" 21 600 2.80505050505051
306.315 19.73 0 0 "KDE LDA" 21 600 2.81515151515151
312.405 19.75 0 0 "KDE LDA" 21 600 2.82525252525252
313.73 19.75 0 0 "KDE LDA" 21 600 2.83535353535354
315.115 19.765 0 0 "KDE LDA" 21 600 2.84545454545455
315.99 19.8 0 0 "KDE LDA" 21 600 2.85555555555556
315.99 19.8 0 0 "KDE LDA" 21 600 2.86565656565657
316.63 19.815 0 0 "KDE LDA" 21 600 2.87575757575758
318.445 19.88 0 0 "KDE LDA" 21 600 2.88585858585859
318.45 19.885 0 0 "KDE LDA" 21 600 2.8959595959596
318.475 19.965 0 0 "KDE LDA" 21 600 2.90606060606061
322.8 19.97 0 0 "KDE LDA" 21 600 2.91616161616162
322.835 19.98 0 0 "KDE LDA" 21 600 2.92626262626263
323.745 20.01 0 0 "KDE LDA" 21 600 2.93636363636364
330.695 20.09 0 0 "KDE LDA" 21 600 2.94646464646465
334.505 20.115 0 0 "KDE LDA" 21 600 2.95656565656566
334.505 20.16 0 0 "KDE LDA" 21 600 2.96666666666667
336.915 20.17 0 0 "KDE LDA" 21 600 2.97676767676768
340.945 20.185 0 0 "KDE LDA" 21 600 2.98686868686869
341.915 20.33 0 0 "KDE LDA" 21 600 2.9969696969697
341.95 20.365 0 0 "KDE LDA" 21 600 3.00707070707071
341.98 20.4 0 0 "KDE LDA" 21 600 3.01717171717172
346.855 20.435 0 0 "KDE LDA" 21 600 3.02727272727273
348.675 20.46 0 0 "KDE LDA" 21 600 3.03737373737374
349.86 20.485 0 0 "KDE LDA" 21 600 3.04747474747475
353.585 20.57 0 0 "KDE LDA" 21 600 3.05757575757576
358.22 20.75 0 0 "KDE LDA" 21 600 3.06767676767677
359.64 20.77 0 0 "KDE LDA" 21 600 3.07777777777778
376.18 20.82 0 0 "KDE LDA" 21 600 3.08787878787879
399.49 21.33 0 0 "KDE LDA" 21 600 3.0979797979798
402.25 21.355 0 0 "KDE LDA" 21 600 3.10808080808081
402.565 21.595 0 0 "KDE LDA" 21 600 3.11818181818182
402.58 21.64 0 0 "KDE LDA" 21 600 3.12828282828283
402.59 21.69 0 0 "KDE LDA" 21 600 3.13838383838384
402.615 21.71 0 0 "KDE LDA" 21 600 3.14848484848485
402.815 21.84 0 0 "KDE LDA" 21 600 3.15858585858586
404.52 21.91 0 0 "KDE LDA" 21 600 3.16868686868687
409.485 21.94 0 0 "KDE LDA" 21 600 3.17878787878788
413.585 21.985 0 0 "KDE LDA" 21 600 3.18888888888889
424.715 22.15 0 0 "KDE LDA" 21 600 3.1989898989899
426.93 22.385 0 0 "KDE LDA" 21 600 3.20909090909091
450.7 22.43 0 0 "KDE LDA" 21 600 3.21919191919192
473.825 22.66 0 0 "KDE LDA" 21 600 3.22929292929293
473.825 22.7 0 0 "KDE LDA" 21 600 3.23939393939394
478.265 22.715 0 0 "KDE LDA" 21 600 3.24949494949495
484.29 22.715 0 0 "KDE LDA" 21 600 3.25959595959596
484.87 22.72 0 0 "KDE LDA" 21 600 3.26969696969697
486.63 22.77 0 0 "KDE LDA" 21 600 3.27979797979798
496.115 22.8 0 0 "KDE LDA" 21 600 3.28989898989899
497.765 22.825 0 0 "KDE LDA" 21 600 3.3
501.795 23.61 0 0 "KDE QDA" 21 600 4.5
518.835 23.725 0 0 "KDE QDA" 21 600 4.51010101010101
521.195 23.73 0 0 "KDE QDA" 21 600 4.52020202020202
521.82 23.86 0 0 "KDE QDA" 21 600 4.53030303030303
530.91 23.88 0 0 "KDE QDA" 21 600 4.54040404040404
533.785 23.88 0 0 "KDE QDA" 21 600 4.55050505050505
534.32 23.89 0 0 "KDE QDA" 21 600 4.56060606060606
537.98 23.89 0 0 "KDE QDA" 21 600 4.57070707070707
538.4 23.91 0 0 "KDE QDA" 21 600 4.58080808080808
542.675 24.025 0 0 "KDE QDA" 21 600 4.59090909090909
546.255 24.105 0 0 "KDE QDA" 21 600 4.6010101010101
547.99 24.125 0 0 "KDE QDA" 21 600 4.61111111111111
550.33 24.125 0 0 "KDE QDA" 21 600 4.62121212121212
551.26 24.135 0 0 "KDE QDA" 21 600 4.63131313131313
595.31 24.36 0 0 "KDE QDA" 21 600 4.64141414141414
596.89 24.41 0 0 "KDE QDA" 21 600 4.65151515151515
609.02 24.445 0 0 "KDE QDA" 21 600 4.66161616161616
609.07 24.45 0 0 "KDE QDA" 21 600 4.67171717171717
609.08 24.475 0 0 "KDE QDA" 21 600 4.68181818181818
609.1 24.48 0 0 "KDE QDA" 21 600 4.69191919191919
609.425 24.605 0 0 "KDE QDA" 21 600 4.7020202020202
610.84 24.635 0 0 "KDE QDA" 21 600 4.71212121212121
618.375 24.655 0 0 "KDE QDA" 21 600 4.72222222222222
622.43 24.675 0 0 "KDE QDA" 21 600 4.73232323232323
631.62 24.74 0 0 "KDE QDA" 21 600 4.74242424242424
633.045 24.745 0 0 "KDE QDA" 21 600 4.75252525252525
634.935 24.75 0 0 "KDE QDA" 21 600 4.76262626262626
681.32 25.06 0 0 "KDE QDA" 21 600 4.77272727272727
682.93 25.06 0 0 "KDE QDA" 21 600 4.78282828282828
693.085 25.125 0 0 "KDE QDA" 21 600 4.79292929292929
708.185 25.24 0 0 "KDE QDA" 21 600 4.8030303030303
711.03 25.24 0 0 "KDE QDA" 21 600 4.81313131313131
712.1 25.245 0 0 "KDE QDA" 21 600 4.82323232323232
712.165 25.255 0 0 "KDE QDA" 21 600 4.83333333333333
712.23 25.26 0 0 "KDE QDA" 21 600 4.84343434343434
714.405 25.295 0 0 "KDE QDA" 21 600 4.85353535353535
714.42 25.3 0 0 "KDE QDA" 21 600 4.86363636363636
728.58 25.385 0 0 "KDE QDA" 21 600 4.87373737373737
733.844221105528 25.405 1 0 "KDE QDA" 21 600 4.88383838383838
722.717171717172 25.505 2 0 "KDE QDA" 21 600 4.89393939393939
763.823232323232 25.825 2 0 "KDE QDA" 21 600 4.9040404040404
772.429292929293 25.865 2 0 "KDE QDA" 21 600 4.91414141414141
773.646464646465 25.895 2 0 "KDE QDA" 21 600 4.92424242424242
812.686868686869 26.24 2 0 "KDE QDA" 21 600 4.93434343434343
812.717171717172 26.245 2 0 "KDE QDA" 21 600 4.94444444444444
812.772727272727 26.265 2 0 "KDE QDA" 21 600 4.95454545454546
812.80303030303 26.325 2 0 "KDE QDA" 21 600 4.96464646464646
812.848484848485 26.335 2 0 "KDE QDA" 21 600 4.97474747474747
824.272727272727 26.395 2 0 "KDE QDA" 21 600 4.98484848484848
832.136363636364 26.41 2 0 "KDE QDA" 21 600 4.99494949494949
833.161616161616 26.415 2 0 "KDE QDA" 21 600 5.00505050505051
833.191919191919 26.44 2 0 "KDE QDA" 21 600 5.01515151515152
834.580808080808 26.465 2 0 "KDE QDA" 21 600 5.02525252525253
839.929292929293 26.52 2 0 "KDE QDA" 21 600 5.03535353535354
845.075757575758 26.805 2 0 "KDE QDA" 21 600 5.04545454545455
845.393939393939 26.89 2 0 "KDE QDA" 21 600 5.05555555555556
845.147208121827 27.045 3 0 "KDE QDA" 21 600 5.06565656565657
845.223350253807 27.055 3 0 "KDE QDA" 21 600 5.07575757575758
846.852791878173 27.075 3 0 "KDE QDA" 21 600 5.08585858585859
839.295918367347 27.15 4 0 "KDE QDA" 21 600 5.0959595959596
840.989795918367 27.17 4 0 "KDE QDA" 21 600 5.10606060606061
841.010204081633 27.175 4 0 "KDE QDA" 21 600 5.11616161616162
847.326530612245 27.175 4 0 "KDE QDA" 21 600 5.12626262626263
835.938461538462 27.175 5 0 "KDE QDA" 21 600 5.13636363636364
835.979487179487 27.185 5 0 "KDE QDA" 21 600 5.14646464646465
835.994871794872 27.355 5 0 "KDE QDA" 21 600 5.15656565656566
839.733333333333 27.36 5 0 "KDE QDA" 21 600 5.16666666666667
838.639175257732 27.36 6 0 "KDE QDA" 21 600 5.17676767676768
839.768041237113 27.375 6 0 "KDE QDA" 21 600 5.18686868686869
858.520618556701 27.625 6 0 "KDE QDA" 21 600 5.1969696969697
873.067010309278 27.755 6 0 "KDE QDA" 21 600 5.20707070707071
876.685567010309 27.755 6 0 "KDE QDA" 21 600 5.21717171717172
876.010362694301 27.875 7 0 "KDE QDA" 21 600 5.22727272727273
876.725388601036 27.965 7 0 "KDE QDA" 21 600 5.23737373737374
877.025906735751 27.97 7 0 "KDE QDA" 21 600 5.24747474747475
904.093264248705 27.97 7 0 "KDE QDA" 21 600 5.25757575757576
906.471502590674 27.97 7 0 "KDE QDA" 21 600 5.26767676767677
916.564766839378 27.98 7 0 "KDE QDA" 21 600 5.27777777777778
924.305699481865 27.995 7 0 "KDE QDA" 21 600 5.28787878787879
925.865284974093 28.01 7 0 "KDE QDA" 21 600 5.2979797979798
925.943005181347 28.02 7 0 "KDE QDA" 21 600 5.30808080808081
936.849740932642 28.03 7 0 "KDE QDA" 21 600 5.31818181818182
961.39896373057 28.055 7 0 "KDE QDA" 21 600 5.32828282828283
1032.92708333333 28.23 8 0 "KDE QDA" 21 600 5.33838383838384
1047.46354166667 28.24 8 0 "KDE QDA" 21 600 5.34848484848485
1089.296875 28.375 8 0 "KDE QDA" 21 600 5.35858585858586
1087.68586387435 28.375 9 0 "KDE QDA" 21 600 5.36868686868687
1090.86387434555 28.425 9 0 "KDE QDA" 21 600 5.37878787878788
1094.20418848168 28.505 9 0 "KDE QDA" 21 600 5.38888888888889
1107.70680628272 28.56 9 0 "KDE QDA" 21 600 5.3989898989899
1107.74345549738 28.56 9 0 "KDE QDA" 21 600 5.40909090909091
1120.42408376963 28.575 9 0 "KDE QDA" 21 600 5.41919191919192
1136.30890052356 28.585 9 0 "KDE QDA" 21 600 5.42929292929293
1150.17277486911 28.605 9 0 "KDE QDA" 21 600 5.43939393939394
1150.18848167539 28.64 9 0 "KDE QDA" 21 600 5.44949494949495
1172.41884816754 28.67 9 0 "KDE QDA" 21 600 5.45959595959596
1200.46842105263 29.34 10 0 "KDE QDA" 21 600 5.46969696969697
1206.08465608466 29.34 11 0 "KDE QDA" 21 600 5.47979797979798
1245.78306878307 29.43 11 0 "KDE QDA" 21 600 5.48989898989899
1245.89417989418 29.445 11 0 "KDE QDA" 21 600 5.5
