134.06 14.91 0 0 "KDE LDA" 55 800 2.4
134.485 14.97 0 0 "KDE LDA" 55 800 2.41010101010101
135.38 14.99 0 0 "KDE LDA" 55 800 2.42020202020202
135.39 14.99 0 0 "KDE LDA" 55 800 2.43030303030303
136.43 14.995 0 0 "KDE LDA" 55 800 2.44040404040404
137.54 14.995 0 0 "KDE LDA" 55 800 2.45050505050505
139.23 15.02 0 0 "KDE LDA" 55 800 2.46060606060606
140.15 15.05 0 0 "KDE LDA" 55 800 2.47070707070707
140.165 15.09 0 0 "KDE LDA" 55 800 2.48080808080808
142.265 15.1 0 0 "KDE LDA" 55 800 2.49090909090909
142.495 15.125 0 0 "KDE LDA" 55 800 2.5010101010101
143.89 15.13 0 0 "KDE LDA" 55 800 2.51111111111111
144.675 15.195 0 0 "KDE LDA" 55 800 2.52121212121212
150.935 15.555 0 0 "KDE LDA" 55 800 2.53131313131313
151.56 15.65 0 0 "KDE LDA" 55 800 2.54141414141414
151.61 15.735 0 0 "KDE LDA" 55 800 2.55151515151515
152.625 15.89 0 0 "KDE LDA" 55 800 2.56161616161616
152.715 15.91 0 0 "KDE LDA" 55 800 2.57171717171717
152.73 15.93 0 0 "KDE LDA" 55 800 2.58181818181818
153.46 15.985 0 0 "KDE LDA" 55 800 2.59191919191919
153.48 16.13 0 0 "KDE LDA" 55 800 2.6020202020202
156.275 16.185 0 0 "KDE LDA" 55 800 2.61212121212121
161.29 16.195 0 0 "KDE LDA" 55 800 2.62222222222222
162.675 16.195 0 0 "KDE LDA" 55 800 2.63232323232323
163.08 16.295 0 0 "KDE LDA" 55 800 2.64242424242424
163.735 16.485 0 0 "KDE LDA" 55 800 2.65252525252525
170.11 16.57 0 0 "KDE LDA" 55 800 2.66262626262626
182.965 16.855 0 0 "KDE LDA" 55 800 2.67272727272727
186.05 16.925 0 0 "KDE LDA" 55 800 2.68282828282828
186.74 16.975 0 0 "KDE LDA" 55 800 2.69292929292929
186.74 17.185 0 0 "KDE LDA" 55 800 2.7030303030303
187.29 17.19 0 0 "KDE LDA" 55 800 2.71313131313131
190.175 17.205 0 0 "KDE LDA" 55 800 2.72323232323232
190.725 17.33 0 0 "KDE LDA" 55 800 2.73333333333333
190.96 17.33 0 0 "KDE LDA" 55 800 2.74343434343434
193.54 17.35 0 0 "KDE LDA" 55 800 2.75353535353535
193.925 17.435 0 0 "KDE LDA" 55 800 2.76363636363636
196.5 17.44 0 0 "KDE LDA" 55 800 2.77373737373737
198.785 17.545 0 0 "KDE LDA" 55 800 2.78383838383838
206.54 17.985 0 0 "KDE LDA" 55 800 2.79393939393939
235.035 18.605 0 0 "KDE LDA" 55 800 2.8040404040404
240.02 18.655 0 0 "KDE LDA" 55 800 2.81414141414141
240.075 18.865 0 0 "KDE LDA" 55 800 2.82424242424242
240.315 18.9 0 0 "KDE LDA" 55 800 2.83434343434343
240.32 19.205 0 0 "KDE LDA" 55 800 2.84444444444444
240.32 19.235 0 0 "KDE LDA" 55 800 2.85454545454545
240.35 19.245 0 0 "KDE LDA" 55 800 2.86464646464646
240.52 19.26 0 0 "KDE LDA" 55 800 2.87474747474747
240.555 19.27 0 0 "KDE LDA" 55 800 2.88484848484848
240.56 19.285 0 0 "KDE LDA" 55 800 2.89494949494949
240.86 19.32 0 0 "KDE LDA" 55 800 2.90505050505051
241.675 19.35 0 0 "KDE LDA" 55 800 2.91515151515152
241.975 19.4 0 0 "KDE LDA" 55 800 2.92525252525253
246.53 19.445 0 0 "KDE LDA" 55 800 2.93535353535354
249.125 19.52 0 0 "KDE LDA" 55 800 2.94545454545455
252.125 19.585 0 0 "KDE LDA" 55 800 2.95555555555556
256.715 19.88 0 0 "KDE LDA" 55 800 2.96565656565657
258.83 19.9 0 0 "KDE LDA" 55 800 2.97575757575758
260.765 19.97 0 0 "KDE LDA" 55 800 2.98585858585859
263.52 19.98 0 0 "KDE LDA" 55 800 2.9959595959596
267.23 20.025 0 0 "KDE LDA" 55 800 3.00606060606061
267.32 20.085 0 0 "KDE LDA" 55 800 3.01616161616162
269.71 20.155 0 0 "KDE LDA" 55 800 3.02626262626263
271.885 20.225 0 0 "KDE LDA" 55 800 3.03636363636364
271.885 20.225 0 0 "KDE LDA" 55 800 3.04646464646465
276.93 20.34 0 0 "KDE LDA" 55 800 3.05656565656566
279.265 20.35 0 0 "KDE LDA" 55 800 3.06666666666667
288.34 20.45 0 0 "KDE LDA" 55 800 3.07676767676768
294.04 20.725 0 0 "KDE LDA" 55 800 3.08686868686869
305.385 20.915 0 0 "KDE LDA" 55 800 3.0969696969697
305.39 20.945 0 0 "KDE LDA" 55 800 3.10707070707071
308.85 20.955 0 0 "KDE LDA" 55 800 3.11717171717172
310.455 21.04 0 0 "KDE LDA" 55 800 3.12727272727273
313.675 21.05 0 0 "KDE LDA" 55 800 3.13737373737374
314.625 21.06 0 0 "KDE LDA" 55 800 3.14747474747475
314.705 21.085 0 0 "KDE LDA" 55 800 3.15757575757576
314.735 21.1 0 0 "KDE LDA" 55 800 3.16767676767677
315.765 21.115 0 0 "KDE LDA" 55 800 3.17777777777778
317.5 21.12 0 0 "KDE LDA" 55 800 3.18787878787879
335.42 21.135 0 0 "KDE LDA" 55 800 3.1979797979798
345.19 21.145 0 0 "KDE LDA" 55 800 3.20808080808081
348.455 21.21 0 0 "KDE LDA" 55 800 3.21818181818182
400.705 21.485 0 0 "KDE LDA" 55 800 3.22828282828283
405.54 21.495 0 0 "KDE LDA" 55 800 3.23838383838384
410.67 21.54 0 0 "KDE LDA" 55 800 3.24848484848485
418.035 21.555 0 0 "KDE LDA" 55 800 3.25858585858586
419.255 21.595 0 0 "KDE LDA" 55 800 3.26868686868687
419.295 21.775 0 0 "KDE LDA" 55 800 3.27878787878788
422.095 21.845 0 0 "KDE LDA" 55 800 3.28888888888889
422.3 21.86 0 0 "KDE LDA" 55 800 3.2989898989899
427.725 21.875 0 0 "KDE LDA" 55 800 3.30909090909091
427.745 22.26 0 0 "KDE LDA" 55 800 3.31919191919192
429.02 22.265 0 0 "KDE LDA" 55 800 3.32929292929293
439.46 22.285 0 0 "KDE LDA" 55 800 3.33939393939394
442.37 22.37 0 0 "KDE LDA" 55 800 3.34949494949495
478.745 22.77 0 0 "KDE LDA" 55 800 3.35959595959596
487.08 22.975 0 0 "KDE LDA" 55 800 3.36969696969697
487.09 22.99 0 0 "KDE LDA" 55 800 3.37979797979798
496.78 23.13 0 0 "KDE LDA" 55 800 3.38989898989899
496.78 23.165 0 0 "KDE LDA" 55 800 3.4
197.55 18.35 0 0 "KDE QDA" 55 800 4.3
197.735 18.375 0 0 "KDE QDA" 55 800 4.31010101010101
197.755 18.385 0 0 "KDE QDA" 55 800 4.32020202020202
199.13 18.4 0 0 "KDE QDA" 55 800 4.33030303030303
199.175 18.41 0 0 "KDE QDA" 55 800 4.34040404040404
200.56 18.705 0 0 "KDE QDA" 55 800 4.35050505050505
200.575 18.725 0 0 "KDE QDA" 55 800 4.36060606060606
201.505 18.79 0 0 "KDE QDA" 55 800 4.37070707070707
201.585 18.805 0 0 "KDE QDA" 55 800 4.38080808080808
201.585 18.835 0 0 "KDE QDA" 55 800 4.39090909090909
201.665 19.095 0 0 "KDE QDA" 55 800 4.4010101010101
201.695 19.155 0 0 "KDE QDA" 55 800 4.41111111111111
202.65 19.24 0 0 "KDE QDA" 55 800 4.42121212121212
202.725 19.275 0 0 "KDE QDA" 55 800 4.43131313131313
203.93 19.365 0 0 "KDE QDA" 55 800 4.44141414141414
205.975 19.375 0 0 "KDE QDA" 55 800 4.45151515151515
206.27 19.45 0 0 "KDE QDA" 55 800 4.46161616161616
206.32 19.455 0 0 "KDE QDA" 55 800 4.47171717171717
211.975 19.66 0 0 "KDE QDA" 55 800 4.48181818181818
212.01 19.665 0 0 "KDE QDA" 55 800 4.49191919191919
215.995 19.675 0 0 "KDE QDA" 55 800 4.5020202020202
220.98 19.755 0 0 "KDE QDA" 55 800 4.51212121212121
222.27 19.76 0 0 "KDE QDA" 55 800 4.52222222222222
224.355 19.78 0 0 "KDE QDA" 55 800 4.53232323232323
224.425 19.79 0 0 "KDE QDA" 55 800 4.54242424242424
225.415 19.805 0 0 "KDE QDA" 55 800 4.55252525252525
227.685 19.82 0 0 "KDE QDA" 55 800 4.56262626262626
227.835 19.84 0 0 "KDE QDA" 55 800 4.57272727272727
227.86 19.855 0 0 "KDE QDA" 55 800 4.58282828282828
231.105 19.855 0 0 "KDE QDA" 55 800 4.59292929292929
232.025 19.86 0 0 "KDE QDA" 55 800 4.6030303030303
232.15 19.875 0 0 "KDE QDA" 55 800 4.61313131313131
233.05 19.885 0 0 "KDE QDA" 55 800 4.62323232323232
235.615 19.905 0 0 "KDE QDA" 55 800 4.63333333333333
244.27 20.32 0 0 "KDE QDA" 55 800 4.64343434343434
244.415 20.375 0 0 "KDE QDA" 55 800 4.65353535353535
247.345 20.43 0 0 "KDE QDA" 55 800 4.66363636363636
247.425 20.485 0 0 "KDE QDA" 55 800 4.67373737373737
247.46 20.49 0 0 "KDE QDA" 55 800 4.68383838383838
248.735 20.49 0 0 "KDE QDA" 55 800 4.69393939393939
249.055 20.53 0 0 "KDE QDA" 55 800 4.7040404040404
249.425 20.535 0 0 "KDE QDA" 55 800 4.71414141414141
249.92 20.56 0 0 "KDE QDA" 55 800 4.72424242424242
258.505 20.585 0 0 "KDE QDA" 55 800 4.73434343434343
259.315 20.61 0 0 "KDE QDA" 55 800 4.74444444444444
261.335 20.635 0 0 "KDE QDA" 55 800 4.75454545454545
262.545 20.635 0 0 "KDE QDA" 55 800 4.76464646464646
267.895 20.815 0 0 "KDE QDA" 55 800 4.77474747474747
278.77 20.84 0 0 "KDE QDA" 55 800 4.78484848484849
283.495 20.9 0 0 "KDE QDA" 55 800 4.79494949494949
283.575 21.085 0 0 "KDE QDA" 55 800 4.80505050505051
285.655 21.09 0 0 "KDE QDA" 55 800 4.81515151515152
286.13 21.115 0 0 "KDE QDA" 55 800 4.82525252525252
286.74 21.125 0 0 "KDE QDA" 55 800 4.83535353535354
287.265 21.16 0 0 "KDE QDA" 55 800 4.84545454545455
288.325 21.18 0 0 "KDE QDA" 55 800 4.85555555555556
290.405 21.19 0 0 "KDE QDA" 55 800 4.86565656565657
290.43 21.25 0 0 "KDE QDA" 55 800 4.87575757575758
290.44 21.255 0 0 "KDE QDA" 55 800 4.88585858585859
294.44 21.285 0 0 "KDE QDA" 55 800 4.8959595959596
296.535 21.72 0 0 "KDE QDA" 55 800 4.90606060606061
298.415 21.75 0 0 "KDE QDA" 55 800 4.91616161616162
300.925 21.765 0 0 "KDE QDA" 55 800 4.92626262626263
306.24 21.9 0 0 "KDE QDA" 55 800 4.93636363636364
307.995 21.99 0 0 "KDE QDA" 55 800 4.94646464646465
308.005 22.01 0 0 "KDE QDA" 55 800 4.95656565656566
309.59 22.03 0 0 "KDE QDA" 55 800 4.96666666666667
310.56 22.03 0 0 "KDE QDA" 55 800 4.97676767676768
317.26 22.06 0 0 "KDE QDA" 55 800 4.98686868686869
317.265 22.075 0 0 "KDE QDA" 55 800 4.9969696969697
317.265 22.12 0 0 "KDE QDA" 55 800 5.00707070707071
318.47 22.125 0 0 "KDE QDA" 55 800 5.01717171717172
323.535 22.25 0 0 "KDE QDA" 55 800 5.02727272727273
338.855 22.385 0 0 "KDE QDA" 55 800 5.03737373737374
341.355 22.425 0 0 "KDE QDA" 55 800 5.04747474747475
344.645 22.43 0 0 "KDE QDA" 55 800 5.05757575757576
348.94 22.69 0 0 "KDE QDA" 55 800 5.06767676767677
353.59 22.705 0 0 "KDE QDA" 55 800 5.07777777777778
354.335 22.725 0 0 "KDE QDA" 55 800 5.08787878787879
357.5 22.765 0 0 "KDE QDA" 55 800 5.0979797979798
361.095 22.875 0 0 "KDE QDA" 55 800 5.10808080808081
361.145 22.905 0 0 "KDE QDA" 55 800 5.11818181818182
361.81 22.91 0 0 "KDE QDA" 55 800 5.12828282828283
362.515 22.915 0 0 "KDE QDA" 55 800 5.13838383838384
369.735 22.93 0 0 "KDE QDA" 55 800 5.14848484848485
369.8 22.94 0 0 "KDE QDA" 55 800 5.15858585858586
376.845 22.99 0 0 "KDE QDA" 55 800 5.16868686868687
377.595 23 0 0 "KDE QDA" 55 800 5.17878787878788
377.65 23.015 0 0 "KDE QDA" 55 800 5.18888888888889
379.51 23.145 0 0 "KDE QDA" 55 800 5.1989898989899
381.635 23.195 0 0 "KDE QDA" 55 800 5.20909090909091
381.67 23.235 0 0 "KDE QDA" 55 800 5.21919191919192
382.735 23.315 0 0 "KDE QDA" 55 800 5.22929292929293
383.435 23.33 0 0 "KDE QDA" 55 800 5.23939393939394
387 23.34 0 0 "KDE QDA" 55 800 5.24949494949495
388.17 23.34 0 0 "KDE QDA" 55 800 5.25959595959596
388.18 23.35 0 0 "KDE QDA" 55 800 5.26969696969697
394.85 23.4 0 0 "KDE QDA" 55 800 5.27979797979798
396.63 23.445 0 0 "KDE QDA" 55 800 5.28989898989899
400.31 23.455 0 0 "KDE QDA" 55 800 5.3
