132.5 15.065 0 0 "KDE LDA" 138 3000 2.5
132.56 15.07 0 0 "KDE LDA" 138 3000 2.51010101010101
135.025 15.095 0 0 "KDE LDA" 138 3000 2.52020202020202
138.275 15.13 0 0 "KDE LDA" 138 3000 2.53030303030303
138.33 15.415 0 0 "KDE LDA" 138 3000 2.54040404040404
140.115 15.435 0 0 "KDE LDA" 138 3000 2.55050505050505
140.755 15.48 0 0 "KDE LDA" 138 3000 2.56060606060606
142.045 15.645 0 0 "KDE LDA" 138 3000 2.57070707070707
142.385 15.74 0 0 "KDE LDA" 138 3000 2.58080808080808
142.545 15.745 0 0 "KDE LDA" 138 3000 2.59090909090909
145.87 16.015 0 0 "KDE LDA" 138 3000 2.6010101010101
148.495 16.015 0 0 "KDE LDA" 138 3000 2.61111111111111
150.48 16.015 0 0 "KDE LDA" 138 3000 2.62121212121212
152.235 16.065 0 0 "KDE LDA" 138 3000 2.63131313131313
156.575 16.14 0 0 "KDE LDA" 138 3000 2.64141414141414
157.735 16.225 0 0 "KDE LDA" 138 3000 2.65151515151515
161.68 16.44 0 0 "KDE LDA" 138 3000 2.66161616161616
171.79 17.11 0 0 "KDE LDA" 138 3000 2.67171717171717
173.1 17.25 0 0 "KDE LDA" 138 3000 2.68181818181818
174.12 17.325 0 0 "KDE LDA" 138 3000 2.69191919191919
175.76 17.35 0 0 "KDE LDA" 138 3000 2.7020202020202
175.765 17.37 0 0 "KDE LDA" 138 3000 2.71212121212121
176.96 17.465 0 0 "KDE LDA" 138 3000 2.72222222222222
177.92 17.585 0 0 "KDE LDA" 138 3000 2.73232323232323
177.995 17.63 0 0 "KDE LDA" 138 3000 2.74242424242424
188.44 17.655 0 0 "KDE LDA" 138 3000 2.75252525252525
189.455 17.795 0 0 "KDE LDA" 138 3000 2.76262626262626
190.515 17.865 0 0 "KDE LDA" 138 3000 2.77272727272727
193.615 18.16 0 0 "KDE LDA" 138 3000 2.78282828282828
205.285 18.625 0 0 "KDE LDA" 138 3000 2.79292929292929
234.87 18.985 0 0 "KDE LDA" 138 3000 2.8030303030303
238.27 18.995 0 0 "KDE LDA" 138 3000 2.81313131313131
240.85 19.14 0 0 "KDE LDA" 138 3000 2.82323232323232
240.86 19.16 0 0 "KDE LDA" 138 3000 2.83333333333333
241.53 19.165 0 0 "KDE LDA" 138 3000 2.84343434343434
242.275 19.17 0 0 "KDE LDA" 138 3000 2.85353535353535
242.315 19.2 0 0 "KDE LDA" 138 3000 2.86363636363636
242.33 19.2 0 0 "KDE LDA" 138 3000 2.87373737373737
243.15 19.425 0 0 "KDE LDA" 138 3000 2.88383838383838
250.24 19.465 0 0 "KDE LDA" 138 3000 2.89393939393939
250.245 19.465 0 0 "KDE LDA" 138 3000 2.9040404040404
255.68 19.615 0 0 "KDE LDA" 138 3000 2.91414141414141
258.64 19.65 0 0 "KDE LDA" 138 3000 2.92424242424242
260.85 19.66 0 0 "KDE LDA" 138 3000 2.93434343434343
265.51 19.68 0 0 "KDE LDA" 138 3000 2.94444444444444
267.375 19.715 0 0 "KDE LDA" 138 3000 2.95454545454545
274.43 19.8 0 0 "KDE LDA" 138 3000 2.96464646464646
280.495 19.8 0 0 "KDE LDA" 138 3000 2.97474747474747
281.42 19.815 0 0 "KDE LDA" 138 3000 2.98484848484848
283.37 19.845 0 0 "KDE LDA" 138 3000 2.99494949494949
283.38 19.87 0 0 "KDE LDA" 138 3000 3.00505050505051
285.565 19.875 0 0 "KDE LDA" 138 3000 3.01515151515152
285.915 19.915 0 0 "KDE LDA" 138 3000 3.02525252525253
285.925 19.915 0 0 "KDE LDA" 138 3000 3.03535353535354
286.76 19.995 0 0 "KDE LDA" 138 3000 3.04545454545455
289.05 20.035 0 0 "KDE LDA" 138 3000 3.05555555555556
289.55 20.15 0 0 "KDE LDA" 138 3000 3.06565656565657
291.315 20.205 0 0 "KDE LDA" 138 3000 3.07575757575758
305.47 20.445 0 0 "KDE LDA" 138 3000 3.08585858585859
305.58 20.52 0 0 "KDE LDA" 138 3000 3.0959595959596
310.26 20.575 0 0 "KDE LDA" 138 3000 3.10606060606061
311.08 20.735 0 0 "KDE LDA" 138 3000 3.11616161616162
311.095 20.895 0 0 "KDE LDA" 138 3000 3.12626262626263
311.1 20.895 0 0 "KDE LDA" 138 3000 3.13636363636364
319.665 20.925 0 0 "KDE LDA" 138 3000 3.14646464646465
321.765 20.95 0 0 "KDE LDA" 138 3000 3.15656565656566
323.225 20.975 0 0 "KDE LDA" 138 3000 3.16666666666667
323.35 21.04 0 0 "KDE LDA" 138 3000 3.17676767676768
323.96 21.075 0 0 "KDE LDA" 138 3000 3.18686868686869
329.59 21.13 0 0 "KDE LDA" 138 3000 3.1969696969697
334.475 21.645 0 0 "KDE LDA" 138 3000 3.20707070707071
346.4 21.705 0 0 "KDE LDA" 138 3000 3.21717171717172
366.53 21.945 0 0 "KDE LDA" 138 3000 3.22727272727273
369.92 21.95 0 0 "KDE LDA" 138 3000 3.23737373737374
369.925 21.99 0 0 "KDE LDA" 138 3000 3.24747474747475
369.94 22.045 0 0 "KDE LDA" 138 3000 3.25757575757576
369.96 22.05 0 0 "KDE LDA" 138 3000 3.26767676767677
369.975 22.085 0 0 "KDE LDA" 138 3000 3.27777777777778
371.225 22.15 0 0 "KDE LDA" 138 3000 3.28787878787879
373.415 22.17 0 0 "KDE LDA" 138 3000 3.2979797979798
380.88 22.32 0 0 "KDE LDA" 138 3000 3.30808080808081
385.595 22.55 0 0 "KDE LDA" 138 3000 3.31818181818182
386.16 22.685 0 0 "KDE LDA" 138 3000 3.32828282828283
387.51 22.81 0 0 "KDE LDA" 138 3000 3.33838383838384
397.805 22.905 0 0 "KDE LDA" 138 3000 3.34848484848485
433.79 23.235 0 0 "KDE LDA" 138 3000 3.35858585858586
435.92 23.26 0 0 "KDE LDA" 138 3000 3.36868686868687
451.225 23.295 0 0 "KDE LDA" 138 3000 3.37878787878788
456.77 23.36 0 0 "KDE LDA" 138 3000 3.38888888888889
461.585 23.41 0 0 "KDE LDA" 138 3000 3.3989898989899
461.725 23.425 0 0 "KDE LDA" 138 3000 3.40909090909091
468.36 23.635 0 0 "KDE LDA" 138 3000 3.41919191919192
468.36 23.64 0 0 "KDE LDA" 138 3000 3.42929292929293
468.38 23.645 0 0 "KDE LDA" 138 3000 3.43939393939394
468.385 23.66 0 0 "KDE LDA" 138 3000 3.44949494949495
479.37 23.7 0 0 "KDE LDA" 138 3000 3.45959595959596
479.375 23.72 0 0 "KDE LDA" 138 3000 3.46969696969697
481.665 23.735 0 0 "KDE LDA" 138 3000 3.47979797979798
481.67 23.775 0 0 "KDE LDA" 138 3000 3.48989898989899
483.415 23.815 0 0 "KDE LDA" 138 3000 3.5
107.005 12.11 0 0 "KDE QDA" 138 3000 2.7
107.01 12.115 0 0 "KDE QDA" 138 3000 2.71010101010101
107.055 12.115 0 0 "KDE QDA" 138 3000 2.72020202020202
107.06 12.115 0 0 "KDE QDA" 138 3000 2.73030303030303
107.12 12.115 0 0 "KDE QDA" 138 3000 2.74040404040404
107.12 12.115 0 0 "KDE QDA" 138 3000 2.75050505050505
107.12 12.115 0 0 "KDE QDA" 138 3000 2.76060606060606
107.12 12.115 0 0 "KDE QDA" 138 3000 2.77070707070707
107.12 12.115 0 0 "KDE QDA" 138 3000 2.78080808080808
107.12 12.14 0 0 "KDE QDA" 138 3000 2.79090909090909
143.315 13.19 0 0 "KDE QDA" 138 3000 2.8010101010101
143.32 13.19 0 0 "KDE QDA" 138 3000 2.81111111111111
143.32 13.195 0 0 "KDE QDA" 138 3000 2.82121212121212
150.58 13.31 0 0 "KDE QDA" 138 3000 2.83131313131313
152.53 13.315 0 0 "KDE QDA" 138 3000 2.84141414141414
152.54 13.335 0 0 "KDE QDA" 138 3000 2.85151515151515
152.545 13.335 0 0 "KDE QDA" 138 3000 2.86161616161616
154.495 13.335 0 0 "KDE QDA" 138 3000 2.87171717171717
157.595 13.335 0 0 "KDE QDA" 138 3000 2.88181818181818
157.595 13.335 0 0 "KDE QDA" 138 3000 2.89191919191919
157.595 13.335 0 0 "KDE QDA" 138 3000 2.9020202020202
157.595 13.335 0 0 "KDE QDA" 138 3000 2.91212121212121
158.185 13.335 0 0 "KDE QDA" 138 3000 2.92222222222222
158.19 13.335 0 0 "KDE QDA" 138 3000 2.93232323232323
158.495 13.34 0 0 "KDE QDA" 138 3000 2.94242424242424
159.235 13.345 0 0 "KDE QDA" 138 3000 2.95252525252525
172.11 13.59 0 0 "KDE QDA" 138 3000 2.96262626262626
172.125 13.605 0 0 "KDE QDA" 138 3000 2.97272727272727
173.95 13.63 0 0 "KDE QDA" 138 3000 2.98282828282828
174.31 13.63 0 0 "KDE QDA" 138 3000 2.99292929292929
174.31 13.63 0 0 "KDE QDA" 138 3000 3.0030303030303
174.325 13.635 0 0 "KDE QDA" 138 3000 3.01313131313131
174.38 13.635 0 0 "KDE QDA" 138 3000 3.02323232323232
174.38 13.635 0 0 "KDE QDA" 138 3000 3.03333333333333
174.635 13.64 0 0 "KDE QDA" 138 3000 3.04343434343434
174.64 13.64 0 0 "KDE QDA" 138 3000 3.05353535353535
174.645 13.64 0 0 "KDE QDA" 138 3000 3.06363636363636
174.66 13.645 0 0 "KDE QDA" 138 3000 3.07373737373737
174.66 13.655 0 0 "KDE QDA" 138 3000 3.08383838383838
189.65 14.115 0 0 "KDE QDA" 138 3000 3.09393939393939
191.74 14.14 0 0 "KDE QDA" 138 3000 3.1040404040404
191.755 14.14 0 0 "KDE QDA" 138 3000 3.11414141414141
194.08 14.2 0 0 "KDE QDA" 138 3000 3.12424242424242
194.08 14.2 0 0 "KDE QDA" 138 3000 3.13434343434343
194.08 14.2 0 0 "KDE QDA" 138 3000 3.14444444444444
194.095 14.2 0 0 "KDE QDA" 138 3000 3.15454545454545
194.12 14.205 0 0 "KDE QDA" 138 3000 3.16464646464646
194.145 14.265 0 0 "KDE QDA" 138 3000 3.17474747474748
194.15 14.27 0 0 "KDE QDA" 138 3000 3.18484848484849
194.165 14.27 0 0 "KDE QDA" 138 3000 3.19494949494949
194.18 14.27 0 0 "KDE QDA" 138 3000 3.20505050505051
195.51 14.27 0 0 "KDE QDA" 138 3000 3.21515151515152
220.335 14.915 0 0 "KDE QDA" 138 3000 3.22525252525253
222.59 14.92 0 0 "KDE QDA" 138 3000 3.23535353535354
222.59 14.92 0 0 "KDE QDA" 138 3000 3.24545454545455
224.91 15.075 0 0 "KDE QDA" 138 3000 3.25555555555556
227.06 15.075 0 0 "KDE QDA" 138 3000 3.26565656565657
228.075 15.085 0 0 "KDE QDA" 138 3000 3.27575757575758
229.475 15.1 0 0 "KDE QDA" 138 3000 3.28585858585859
230.61 15.1 0 0 "KDE QDA" 138 3000 3.2959595959596
230.61 15.105 0 0 "KDE QDA" 138 3000 3.30606060606061
230.615 15.105 0 0 "KDE QDA" 138 3000 3.31616161616162
230.615 15.105 0 0 "KDE QDA" 138 3000 3.32626262626263
230.63 15.115 0 0 "KDE QDA" 138 3000 3.33636363636364
230.63 15.115 0 0 "KDE QDA" 138 3000 3.34646464646465
230.755 15.12 0 0 "KDE QDA" 138 3000 3.35656565656566
255.475 15.9 0 0 "KDE QDA" 138 3000 3.36666666666667
255.475 15.905 0 0 "KDE QDA" 138 3000 3.37676767676768
262.07 16.01 0 0 "KDE QDA" 138 3000 3.38686868686869
266.3 16.135 0 0 "KDE QDA" 138 3000 3.3969696969697
266.305 16.135 0 0 "KDE QDA" 138 3000 3.40707070707071
266.335 16.24 0 0 "KDE QDA" 138 3000 3.41717171717172
266.345 16.245 0 0 "KDE QDA" 138 3000 3.42727272727273
266.35 16.245 0 0 "KDE QDA" 138 3000 3.43737373737374
268.185 16.25 0 0 "KDE QDA" 138 3000 3.44747474747475
268.325 16.25 0 0 "KDE QDA" 138 3000 3.45757575757576
268.325 16.255 0 0 "KDE QDA" 138 3000 3.46767676767677
268.325 16.255 0 0 "KDE QDA" 138 3000 3.47777777777778
270.935 16.255 0 0 "KDE QDA" 138 3000 3.48787878787879
270.94 16.26 0 0 "KDE QDA" 138 3000 3.4979797979798
271.275 16.265 0 0 "KDE QDA" 138 3000 3.50808080808081
278.005 16.55 0 0 "KDE QDA" 138 3000 3.51818181818182
279.51 16.675 0 0 "KDE QDA" 138 3000 3.52828282828283
279.545 16.675 0 0 "KDE QDA" 138 3000 3.53838383838384
282.695 16.895 0 0 "KDE QDA" 138 3000 3.54848484848485
282.73 16.895 0 0 "KDE QDA" 138 3000 3.55858585858586
282.765 16.905 0 0 "KDE QDA" 138 3000 3.56868686868687
284.79 16.91 0 0 "KDE QDA" 138 3000 3.57878787878788
284.79 16.91 0 0 "KDE QDA" 138 3000 3.58888888888889
284.805 16.91 0 0 "KDE QDA" 138 3000 3.5989898989899
284.815 16.915 0 0 "KDE QDA" 138 3000 3.60909090909091
285.82 16.94 0 0 "KDE QDA" 138 3000 3.61919191919192
285.845 16.96 0 0 "KDE QDA" 138 3000 3.62929292929293
285.85 16.965 0 0 "KDE QDA" 138 3000 3.63939393939394
287.905 16.975 0 0 "KDE QDA" 138 3000 3.64949494949495
307.11 17.455 0 0 "KDE QDA" 138 3000 3.65959595959596
307.19 17.455 0 0 "KDE QDA" 138 3000 3.66969696969697
322.58 17.52 0 0 "KDE QDA" 138 3000 3.67979797979798
322.585 17.52 0 0 "KDE QDA" 138 3000 3.68989898989899
323.11 17.52 0 0 "KDE QDA" 138 3000 3.7
