142.415 14.97 0 0 "KDE LDA" 173 2000 2.5
144.27 14.995 0 0 "KDE LDA" 173 2000 2.51010101010101
147.46 15.185 0 0 "KDE LDA" 173 2000 2.52020202020202
149.79 15.345 0 0 "KDE LDA" 173 2000 2.53030303030303
152.49 15.405 0 0 "KDE LDA" 173 2000 2.54040404040404
153.115 15.41 0 0 "KDE LDA" 173 2000 2.55050505050505
153.605 15.41 0 0 "KDE LDA" 173 2000 2.56060606060606
156.65 15.445 0 0 "KDE LDA" 173 2000 2.57070707070707
157.1 15.46 0 0 "KDE LDA" 173 2000 2.58080808080808
157.22 15.485 0 0 "KDE LDA" 173 2000 2.59090909090909
157.24 15.515 0 0 "KDE LDA" 173 2000 2.6010101010101
157.48 15.57 0 0 "KDE LDA" 173 2000 2.61111111111111
157.485 15.595 0 0 "KDE LDA" 173 2000 2.62121212121212
158.38 15.655 0 0 "KDE LDA" 173 2000 2.63131313131313
158.735 15.665 0 0 "KDE LDA" 173 2000 2.64141414141414
160.28 15.845 0 0 "KDE LDA" 173 2000 2.65151515151515
169.61 16.02 0 0 "KDE LDA" 173 2000 2.66161616161616
182.88 16.25 0 0 "KDE LDA" 173 2000 2.67171717171717
183.69 16.285 0 0 "KDE LDA" 173 2000 2.68181818181818
185.16 16.31 0 0 "KDE LDA" 173 2000 2.69191919191919
185.995 16.46 0 0 "KDE LDA" 173 2000 2.7020202020202
186.715 16.52 0 0 "KDE LDA" 173 2000 2.71212121212121
189.905 16.6 0 0 "KDE LDA" 173 2000 2.72222222222222
190.645 16.73 0 0 "KDE LDA" 173 2000 2.73232323232323
191.51 16.82 0 0 "KDE LDA" 173 2000 2.74242424242424
193.48 16.845 0 0 "KDE LDA" 173 2000 2.75252525252525
194.46 16.855 0 0 "KDE LDA" 173 2000 2.76262626262626
195.065 16.86 0 0 "KDE LDA" 173 2000 2.77272727272727
197.135 16.9 0 0 "KDE LDA" 173 2000 2.78282828282828
204.3 17.165 0 0 "KDE LDA" 173 2000 2.79292929292929
244.39 17.765 0 0 "KDE LDA" 173 2000 2.8030303030303
248.575 17.815 0 0 "KDE LDA" 173 2000 2.81313131313131
248.89 17.91 0 0 "KDE LDA" 173 2000 2.82323232323232
249.565 17.965 0 0 "KDE LDA" 173 2000 2.83333333333333
252.795 17.99 0 0 "KDE LDA" 173 2000 2.84343434343434
252.86 18.02 0 0 "KDE LDA" 173 2000 2.85353535353535
254.68 18.03 0 0 "KDE LDA" 173 2000 2.86363636363636
256.145 18.03 0 0 "KDE LDA" 173 2000 2.87373737373737
256.15 18.045 0 0 "KDE LDA" 173 2000 2.88383838383838
256.17 18.055 0 0 "KDE LDA" 173 2000 2.89393939393939
260.91 18.14 0 0 "KDE LDA" 173 2000 2.9040404040404
260.91 18.185 0 0 "KDE LDA" 173 2000 2.91414141414141
262.375 18.23 0 0 "KDE LDA" 173 2000 2.92424242424242
262.375 18.235 0 0 "KDE LDA" 173 2000 2.93434343434343
264.515 18.28 0 0 "KDE LDA" 173 2000 2.94444444444444
267.475 18.38 0 0 "KDE LDA" 173 2000 2.95454545454545
267.485 18.4 0 0 "KDE LDA" 173 2000 2.96464646464646
267.49 18.605 0 0 "KDE LDA" 173 2000 2.97474747474747
267.495 18.695 0 0 "KDE LDA" 173 2000 2.98484848484848
272.15 18.7 0 0 "KDE LDA" 173 2000 2.99494949494949
273.915 18.875 0 0 "KDE LDA" 173 2000 3.00505050505051
274.21 18.88 0 0 "KDE LDA" 173 2000 3.01515151515152
274.23 18.885 0 0 "KDE LDA" 173 2000 3.02525252525253
274.875 18.945 0 0 "KDE LDA" 173 2000 3.03535353535354
275.635 18.96 0 0 "KDE LDA" 173 2000 3.04545454545455
280.46 19.08 0 0 "KDE LDA" 173 2000 3.05555555555556
282.65 19.08 0 0 "KDE LDA" 173 2000 3.06565656565657
285.125 19.17 0 0 "KDE LDA" 173 2000 3.07575757575758
285.72 19.23 0 0 "KDE LDA" 173 2000 3.08585858585859
296.815 19.395 0 0 "KDE LDA" 173 2000 3.0959595959596
297.01 19.455 0 0 "KDE LDA" 173 2000 3.10606060606061
298.25 19.485 0 0 "KDE LDA" 173 2000 3.11616161616162
302.24 19.52 0 0 "KDE LDA" 173 2000 3.12626262626263
302.245 19.665 0 0 "KDE LDA" 173 2000 3.13636363636364
302.245 19.73 0 0 "KDE LDA" 173 2000 3.14646464646465
304.15 19.73 0 0 "KDE LDA" 173 2000 3.15656565656566
305.545 19.835 0 0 "KDE LDA" 173 2000 3.16666666666667
308.105 20.015 0 0 "KDE LDA" 173 2000 3.17676767676768
311.64 20.085 0 0 "KDE LDA" 173 2000 3.18686868686869
313.9 20.13 0 0 "KDE LDA" 173 2000 3.1969696969697
325.53 20.135 0 0 "KDE LDA" 173 2000 3.20707070707071
344.525 20.18 0 0 "KDE LDA" 173 2000 3.21717171717172
362.5 20.305 0 0 "KDE LDA" 173 2000 3.22727272727273
369.73 20.685 0 0 "KDE LDA" 173 2000 3.23737373737374
374.62 20.71 0 0 "KDE LDA" 173 2000 3.24747474747475
382.67 20.725 0 0 "KDE LDA" 173 2000 3.25757575757576
382.7 20.745 0 0 "KDE LDA" 173 2000 3.26767676767677
383.325 20.755 0 0 "KDE LDA" 173 2000 3.27777777777778
384.23 20.875 0 0 "KDE LDA" 173 2000 3.28787878787879
391.88 20.9 0 0 "KDE LDA" 173 2000 3.2979797979798
394.965 21 0 0 "KDE LDA" 173 2000 3.30808080808081
394.995 21.005 0 0 "KDE LDA" 173 2000 3.31818181818182
397.585 21.22 0 0 "KDE LDA" 173 2000 3.32828282828283
406.48 21.235 0 0 "KDE LDA" 173 2000 3.33838383838384
418.175 21.43 0 0 "KDE LDA" 173 2000 3.34848484848485
484.375 21.78 0 0 "KDE LDA" 173 2000 3.35858585858586
484.385 21.82 0 0 "KDE LDA" 173 2000 3.36868686868687
484.395 21.915 0 0 "KDE LDA" 173 2000 3.37878787878788
494 21.925 0 0 "KDE LDA" 173 2000 3.38888888888889
494 21.94 0 0 "KDE LDA" 173 2000 3.3989898989899
505.195 21.95 0 0 "KDE LDA" 173 2000 3.40909090909091
505.195 22.045 0 0 "KDE LDA" 173 2000 3.41919191919192
506.885 22.085 0 0 "KDE LDA" 173 2000 3.42929292929293
509.695 22.13 0 0 "KDE LDA" 173 2000 3.43939393939394
514.92 22.16 0 0 "KDE LDA" 173 2000 3.44949494949495
527.8 22.23 0 0 "KDE LDA" 173 2000 3.45959595959596
528.97 22.23 0 0 "KDE LDA" 173 2000 3.46969696969697
555.34 22.465 0 0 "KDE LDA" 173 2000 3.47979797979798
573.925 22.47 0 0 "KDE LDA" 173 2000 3.48989898989899
576.085 22.545 0 0 "KDE LDA" 173 2000 3.5
101.97 11.29 0 0 "KDE QDA" 173 2000 2.7
102.14 11.35 0 0 "KDE QDA" 173 2000 2.71010101010101
102.295 11.355 0 0 "KDE QDA" 173 2000 2.72020202020202
102.295 11.37 0 0 "KDE QDA" 173 2000 2.73030303030303
102.295 11.37 0 0 "KDE QDA" 173 2000 2.74040404040404
102.295 11.37 0 0 "KDE QDA" 173 2000 2.75050505050505
102.315 11.37 0 0 "KDE QDA" 173 2000 2.76060606060606
102.47 11.385 0 0 "KDE QDA" 173 2000 2.77070707070707
103.05 11.385 0 0 "KDE QDA" 173 2000 2.78080808080808
103.05 11.385 0 0 "KDE QDA" 173 2000 2.79090909090909
121.995 12.785 0 0 "KDE QDA" 173 2000 2.8010101010101
122 12.785 0 0 "KDE QDA" 173 2000 2.81111111111111
122 12.785 0 0 "KDE QDA" 173 2000 2.82121212121212
126.255 12.945 0 0 "KDE QDA" 173 2000 2.83131313131313
130.635 12.99 0 0 "KDE QDA" 173 2000 2.84141414141414
130.705 12.995 0 0 "KDE QDA" 173 2000 2.85151515151515
130.71 13.025 0 0 "KDE QDA" 173 2000 2.86161616161616
130.715 13.025 0 0 "KDE QDA" 173 2000 2.87171717171717
131.21 13.03 0 0 "KDE QDA" 173 2000 2.88181818181818
131.21 13.035 0 0 "KDE QDA" 173 2000 2.89191919191919
131.215 13.04 0 0 "KDE QDA" 173 2000 2.9020202020202
133.99 13.04 0 0 "KDE QDA" 173 2000 2.91212121212121
134.015 13.04 0 0 "KDE QDA" 173 2000 2.92222222222222
134.03 13.05 0 0 "KDE QDA" 173 2000 2.93232323232323
134.045 13.05 0 0 "KDE QDA" 173 2000 2.94242424242424
134.48 13.085 0 0 "KDE QDA" 173 2000 2.95252525252525
140.145 13.32 0 0 "KDE QDA" 173 2000 2.96262626262626
140.675 13.325 0 0 "KDE QDA" 173 2000 2.97272727272727
142 13.345 0 0 "KDE QDA" 173 2000 2.98282828282828
142.555 13.355 0 0 "KDE QDA" 173 2000 2.99292929292929
142.555 13.36 0 0 "KDE QDA" 173 2000 3.0030303030303
143.53 13.36 0 0 "KDE QDA" 173 2000 3.01313131313131
143.64 13.365 0 0 "KDE QDA" 173 2000 3.02323232323232
143.645 13.365 0 0 "KDE QDA" 173 2000 3.03333333333333
143.645 13.365 0 0 "KDE QDA" 173 2000 3.04343434343434
143.66 13.365 0 0 "KDE QDA" 173 2000 3.05353535353535
143.66 13.365 0 0 "KDE QDA" 173 2000 3.06363636363636
143.68 13.38 0 0 "KDE QDA" 173 2000 3.07373737373737
143.68 13.38 0 0 "KDE QDA" 173 2000 3.08383838383838
154.86 14.015 0 0 "KDE QDA" 173 2000 3.09393939393939
154.885 14.025 0 0 "KDE QDA" 173 2000 3.1040404040404
155.24 14.025 0 0 "KDE QDA" 173 2000 3.11414141414141
157.005 14.3 0 0 "KDE QDA" 173 2000 3.12424242424242
157.01 14.335 0 0 "KDE QDA" 173 2000 3.13434343434343
157.545 14.35 0 0 "KDE QDA" 173 2000 3.14444444444444
159.455 14.37 0 0 "KDE QDA" 173 2000 3.15454545454545
159.46 14.38 0 0 "KDE QDA" 173 2000 3.16464646464646
159.485 14.38 0 0 "KDE QDA" 173 2000 3.17474747474748
159.495 14.38 0 0 "KDE QDA" 173 2000 3.18484848484849
159.495 14.385 0 0 "KDE QDA" 173 2000 3.19494949494949
163.995 14.39 0 0 "KDE QDA" 173 2000 3.20505050505051
165.44 14.405 0 0 "KDE QDA" 173 2000 3.21515151515152
177.22 14.76 0 0 "KDE QDA" 173 2000 3.22525252525253
180.625 14.765 0 0 "KDE QDA" 173 2000 3.23535353535354
184.355 14.785 0 0 "KDE QDA" 173 2000 3.24545454545455
188.11 14.85 0 0 "KDE QDA" 173 2000 3.25555555555556
189.4 14.855 0 0 "KDE QDA" 173 2000 3.26565656565657
189.415 14.87 0 0 "KDE QDA" 173 2000 3.27575757575758
189.415 14.875 0 0 "KDE QDA" 173 2000 3.28585858585859
189.68 14.875 0 0 "KDE QDA" 173 2000 3.2959595959596
189.725 14.875 0 0 "KDE QDA" 173 2000 3.30606060606061
189.73 14.875 0 0 "KDE QDA" 173 2000 3.31616161616162
191.23 14.875 0 0 "KDE QDA" 173 2000 3.32626262626263
191.265 14.875 0 0 "KDE QDA" 173 2000 3.33636363636364
191.275 14.875 0 0 "KDE QDA" 173 2000 3.34646464646465
191.275 14.88 0 0 "KDE QDA" 173 2000 3.35656565656566
238.16 15.645 0 0 "KDE QDA" 173 2000 3.36666666666667
238.16 15.65 0 0 "KDE QDA" 173 2000 3.37676767676768
243.24 15.96 0 0 "KDE QDA" 173 2000 3.38686868686869
247.685 15.96 0 0 "KDE QDA" 173 2000 3.3969696969697
248.395 15.965 0 0 "KDE QDA" 173 2000 3.40707070707071
248.96 16 0 0 "KDE QDA" 173 2000 3.41717171717172
248.96 16 0 0 "KDE QDA" 173 2000 3.42727272727273
250.395 16.08 0 0 "KDE QDA" 173 2000 3.43737373737374
250.4 16.085 0 0 "KDE QDA" 173 2000 3.44747474747475
250.915 16.085 0 0 "KDE QDA" 173 2000 3.45757575757576
250.955 16.1 0 0 "KDE QDA" 173 2000 3.46767676767677
250.985 16.1 0 0 "KDE QDA" 173 2000 3.47777777777778
254.89 16.105 0 0 "KDE QDA" 173 2000 3.48787878787879
256.695 16.115 0 0 "KDE QDA" 173 2000 3.4979797979798
256.695 16.115 0 0 "KDE QDA" 173 2000 3.50808080808081
270.02 16.275 0 0 "KDE QDA" 173 2000 3.51818181818182
275.82 16.285 0 0 "KDE QDA" 173 2000 3.52828282828283
275.845 16.305 0 0 "KDE QDA" 173 2000 3.53838383838384
278.98 16.34 0 0 "KDE QDA" 173 2000 3.54848484848485
278.98 16.35 0 0 "KDE QDA" 173 2000 3.55858585858586
279 16.405 0 0 "KDE QDA" 173 2000 3.56868686868687
279.97 16.425 0 0 "KDE QDA" 173 2000 3.57878787878788
281.525 16.43 0 0 "KDE QDA" 173 2000 3.58888888888889
285.21 16.43 0 0 "KDE QDA" 173 2000 3.5989898989899
285.555 16.43 0 0 "KDE QDA" 173 2000 3.60909090909091
285.555 16.435 0 0 "KDE QDA" 173 2000 3.61919191919192
286.95 16.455 0 0 "KDE QDA" 173 2000 3.62929292929293
287.855 16.47 0 0 "KDE QDA" 173 2000 3.63939393939394
288.59 16.475 0 0 "KDE QDA" 173 2000 3.64949494949495
310.185 16.75 0 0 "KDE QDA" 173 2000 3.65959595959596
310.185 16.775 0 0 "KDE QDA" 173 2000 3.66969696969697
312.005 16.81 0 0 "KDE QDA" 173 2000 3.67979797979798
313.16 16.84 0 0 "KDE QDA" 173 2000 3.68989898989899
313.585 16.845 0 0 "KDE QDA" 173 2000 3.7
