35.946 0 31.0602289402674 "LDA" 28 2 1 1.5
37.947 0 32.5021627216033 "LDA" 28 2 1 1.53535353535354
39.174 0 33.3412261526381 "LDA" 28 2 1 1.57070707070707
40.635 0 33.9736955156042 "LDA" 28 2 1 1.60606060606061
42.641 0 36.5893276502575 "LDA" 28 2 1 1.64141414141414
44.061 0 37.7351456896647 "LDA" 28 2 1 1.67676767676768
45.474 0 38.4802813926309 "LDA" 28 2 1 1.71212121212121
46.717 0 39.0536566674505 "LDA" 28 2 1 1.74747474747475
48.883 0 40.960237451119 "LDA" 28 2 1 1.78282828282828
51.41 0 43.5844410713675 "LDA" 28 2 1 1.81818181818182
53.42 0 45.1054775399186 "LDA" 28 2 1 1.85353535353535
55.279 0 46.7164809097238 "LDA" 28 2 1 1.88888888888889
57.34 0 48.2434226379911 "LDA" 28 2 1 1.92424242424242
60.135 0 50.9514162886747 "LDA" 28 2 1 1.95959595959596
62.062 0 52.2706263055492 "LDA" 28 2 1 1.99494949494949
64.392 0 53.9961101924566 "LDA" 28 2 1 2.03030303030303
66.664 0 56.1164339401406 "LDA" 28 2 1 2.06565656565657
69.38 0 58.7753361550586 "LDA" 28 2 1 2.1010101010101
71.781 0 60.537987139373 "LDA" 28 2 1 2.13636363636364
75.626 0 64.6535088003752 "LDA" 28 2 1 2.17171717171717
76.862 0 65.0937643261945 "LDA" 28 2 1 2.20707070707071
80.718 0 68.3038057935712 "LDA" 28 2 1 2.24242424242424
83.022 0 70.1065078180224 "LDA" 28 2 1 2.27777777777778
85.762 0 71.9947122682951 "LDA" 28 2 1 2.31313131313131
88.645 0 74.7403444873924 "LDA" 28 2 1 2.34848484848485
91.131 0 78.1395138366155 "LDA" 28 2 1 2.38383838383838
94.005 0 81.2923207714998 "LDA" 28 2 1 2.41919191919192
97.537 0 85.6235599880373 "LDA" 28 2 1 2.45454545454545
100.915 0 88.0320021833447 "LDA" 28 2 1 2.48989898989899
104.483 0 94.1212118149438 "LDA" 28 2 1 2.52525252525253
108.836 0 97.3302536844649 "LDA" 28 2 1 2.56060606060606
114.041 0 102.92006538503 "LDA" 28 2 1 2.5959595959596
118.429 0 108.479928345542 "LDA" 28 2 1 2.63131313131313
121.956 0 110.01092885922 "LDA" 28 2 1 2.66666666666667
125.3 0 112.672112809714 "LDA" 28 2 1 2.7020202020202
129.46 0 114.783202532355 "LDA" 28 2 1 2.73737373737374
134.425 0 121.139420231955 "LDA" 28 2 1 2.77272727272727
137.748 0 124.314957686936 "LDA" 28 2 1 2.80808080808081
141.325 0 126.01359768613 "LDA" 28 2 1 2.84343434343434
147.496 0 132.652080867805 "LDA" 28 2 1 2.87878787878788
152.08 0 139.60903367004 "LDA" 28 2 1 2.91414141414141
159.456 0 145.74473435288 "LDA" 28 2 1 2.94949494949495
165.325 0 151.442491405824 "LDA" 28 2 1 2.98484848484848
171.091 0 155.493507742124 "LDA" 28 2 1 3.02020202020202
176.78 0 159.451216020105 "LDA" 28 2 1 3.05555555555556
182.83 0 165.487755732251 "LDA" 28 2 1 3.09090909090909
188.292 0 171.667097395885 "LDA" 28 2 1 3.12626262626263
194.549 0 177.490107716845 "LDA" 28 2 1 3.16161616161616
198.375 0 179.840459757992 "LDA" 28 2 1 3.1969696969697
206.404 0 187.933722008233 "LDA" 28 2 1 3.23232323232323
210.769 0 191.097634587519 "LDA" 28 2 1 3.26767676767677
216.779 0 197.726619287781 "LDA" 28 2 1 3.3030303030303
223.255 0 200.705033533007 "LDA" 28 2 1 3.33838383838384
231.044 0 207.672077458082 "LDA" 28 2 1 3.37373737373737
240.2 0 218.961864940675 "LDA" 28 2 1 3.40909090909091
244.142 0 221.941090570637 "LDA" 28 2 1 3.44444444444444
250.515 0 227.298958624081 "LDA" 28 2 1 3.47979797979798
258.171 0 235.311519629342 "LDA" 28 2 1 3.51515151515152
262.669 0 238.562548461674 "LDA" 28 2 1 3.55050505050505
268.008 0 245.056509051746 "LDA" 28 2 1 3.58585858585859
276.795 0 252.645920085672 "LDA" 28 2 1 3.62121212121212
285.743 0 265.486768361768 "LDA" 28 2 1 3.65656565656566
294.526 0 275.194650055955 "LDA" 28 2 1 3.69191919191919
302.563 0 283.306584201024 "LDA" 28 2 1 3.72727272727273
309.909 0 287.155890108882 "LDA" 28 2 1 3.76262626262626
317.219 0 289.953306514961 "LDA" 28 2 1 3.7979797979798
326.409 0 300.222006142075 "LDA" 28 2 1 3.83333333333333
334.134 0 306.751450683606 "LDA" 28 2 1 3.86868686868687
340.044044044044 1 313.414785416223 "LDA" 28 2 1 3.9040404040404
349.437437437437 1 319.828883732503 "LDA" 28 2 1 3.93939393939394
361.001001001001 1 328.890810649459 "LDA" 28 2 1 3.97474747474747
368.560560560561 1 331.871522582291 "LDA" 28 2 1 4.01010101010101
376.855711422846 2 339.348770421235 "LDA" 28 2 1 4.04545454545454
386.756513026052 2 343.721219395389 "LDA" 28 2 1 4.08080808080808
394.125376128385 3 346.735567172092 "LDA" 28 2 1 4.11616161616162
404.31124497992 4 353.907107469806 "LDA" 28 2 1 4.15151515151515
413.585341365462 4 361.01898465648 "LDA" 28 2 1 4.18686868686869
423.893252769386 7 369.722011259366 "LDA" 28 2 1 4.22222222222222
434.319234642497 7 378.722925417132 "LDA" 28 2 1 4.25757575757576
443.810292633703 9 385.385275327703 "LDA" 28 2 1 4.29292929292929
454.101917255298 9 391.724373190992 "LDA" 28 2 1 4.32828282828283
461.72351160444 9 392.357191728649 "LDA" 28 2 1 4.36363636363636
467.953441295547 12 399.506389785612 "LDA" 28 2 1 4.3989898989899
478.496453900709 13 403.447844237476 "LDA" 28 2 1 4.43434343434343
488.753299492386 15 406.393311247371 "LDA" 28 2 1 4.46969696969697
499.808943089431 16 410.929106415933 "LDA" 28 2 1 4.50505050505051
509.019328585961 17 417.665791602942 "LDA" 28 2 1 4.54040404040404
518.046795523906 17 422.195189277048 "LDA" 28 2 1 4.57575757575758
525.893184130214 17 424.750821627039 "LDA" 28 2 1 4.61111111111111
533.453524004086 21 428.657199303435 "LDA" 28 2 1 4.64646464646465
541.877300613497 22 432.575358065387 "LDA" 28 2 1 4.68181818181818
554.780962128966 23 441.83494888388 "LDA" 28 2 1 4.71717171717172
560.63309352518 27 442.998878314204 "LDA" 28 2 1 4.75252525252525
574.390319258496 29 449.370073500376 "LDA" 28 2 1 4.78787878787879
585.693498452012 31 454.28979397535 "LDA" 28 2 1 4.82323232323232
603.229102167183 31 462.124340557452 "LDA" 28 2 1 4.85858585858586
616.407484407484 38 470.900698129187 "LDA" 28 2 1 4.89393939393939
622.935214211076 43 474.746532222183 "LDA" 28 2 1 4.92929292929293
632.738219895288 45 481.838145527414 "LDA" 28 2 1 4.96464646464646
644.181722689076 48 487.026873123067 "LDA" 28 2 1 5
13.654 0 9.88260845880023 "uLSIF" 28 2 1 1.5
14.119 0 10.2620733357908 "uLSIF" 28 2 1 1.53535353535354
14.505 0 10.5131584931219 "uLSIF" 28 2 1 1.57070707070707
14.911 0 10.7325797116661 "uLSIF" 28 2 1 1.60606060606061
15.315 0 10.9549891276435 "uLSIF" 28 2 1 1.64141414141414
15.809 0 11.2231224477628 "uLSIF" 28 2 1 1.67676767676768
16.229 0 11.4301008834658 "uLSIF" 28 2 1 1.71212121212121
16.811 0 12.0084754437223 "uLSIF" 28 2 1 1.74747474747475
17.317 0 12.3598250908448 "uLSIF" 28 2 1 1.78282828282828
17.735 0 12.6637729822572 "uLSIF" 28 2 1 1.81818181818182
18.186 0 12.9589868176235 "uLSIF" 28 2 1 1.85353535353535
18.685 0 13.3642200437353 "uLSIF" 28 2 1 1.88888888888889
19.1 0 13.5371065317982 "uLSIF" 28 2 1 1.92424242424242
19.75 0 13.8830197809496 "uLSIF" 28 2 1 1.95959595959596
20.217 0 13.98697774884 "uLSIF" 28 2 1 1.99494949494949
20.559 0 14.2807022746592 "uLSIF" 28 2 1 2.03030303030303
21.259 0 14.7516619582517 "uLSIF" 28 2 1 2.06565656565657
21.749 0 15.0760500890083 "uLSIF" 28 2 1 2.1010101010101
22.131 0 15.2262167552113 "uLSIF" 28 2 1 2.13636363636364
22.548 0 15.4174379646358 "uLSIF" 28 2 1 2.17171717171717
22.838 0 15.5370252994309 "uLSIF" 28 2 1 2.20707070707071
23.42 0 16.3678192043261 "uLSIF" 28 2 1 2.24242424242424
23.926 0 16.6437236680239 "uLSIF" 28 2 1 2.27777777777778
24.526 0 16.8775642844629 "uLSIF" 28 2 1 2.31313131313131
25.097 0 17.3175485704094 "uLSIF" 28 2 1 2.34848484848485
25.578 0 17.664029379899 "uLSIF" 28 2 1 2.38383838383838
25.992 0 17.9695531619693 "uLSIF" 28 2 1 2.41919191919192
26.639 0 18.6173382706628 "uLSIF" 28 2 1 2.45454545454545
27.146 0 18.8988849367324 "uLSIF" 28 2 1 2.48989898989899
27.554 0 19.05460999764 "uLSIF" 28 2 1 2.52525252525253
27.95 0 19.2944493514528 "uLSIF" 28 2 1 2.56060606060606
28.571 0 19.9346017604402 "uLSIF" 28 2 1 2.5959595959596
29.168 0 20.3486078600439 "uLSIF" 28 2 1 2.63131313131313
29.727 0 20.4273774319845 "uLSIF" 28 2 1 2.66666666666667
30.189 0 20.7707656022522 "uLSIF" 28 2 1 2.7020202020202
30.646 0 20.9461075960051 "uLSIF" 28 2 1 2.73737373737374
31.162 0 21.2924663936596 "uLSIF" 28 2 1 2.77272727272727
31.576 0 21.4860856340999 "uLSIF" 28 2 1 2.80808080808081
32.19 0 21.7330675751544 "uLSIF" 28 2 1 2.84343434343434
32.701 0 21.9597775678815 "uLSIF" 28 2 1 2.87878787878788
33.405 0 22.3290743776486 "uLSIF" 28 2 1 2.91414141414141
33.923 0 22.7238078332493 "uLSIF" 28 2 1 2.94949494949495
34.416 0 22.905449212002 "uLSIF" 28 2 1 2.98484848484848
34.947 0 23.246474777686 "uLSIF" 28 2 1 3.02020202020202
35.356 0 23.4299002179741 "uLSIF" 28 2 1 3.05555555555556
35.94 0 23.7246972849236 "uLSIF" 28 2 1 3.09090909090909
36.28 0 23.80576220822 "uLSIF" 28 2 1 3.12626262626263
36.867 0 24.2200727274491 "uLSIF" 28 2 1 3.16161616161616
37.242 0 24.3603543254786 "uLSIF" 28 2 1 3.1969696969697
37.669 0 24.4431771238501 "uLSIF" 28 2 1 3.23232323232323
38.628 0 25.1363372719943 "uLSIF" 28 2 1 3.26767676767677
39.023 0 25.2087276741797 "uLSIF" 28 2 1 3.3030303030303
39.576 0 25.7404505553962 "uLSIF" 28 2 1 3.33838383838384
40.072 0 26.0333353712226 "uLSIF" 28 2 1 3.37373737373737
40.602 0 26.1023165049949 "uLSIF" 28 2 1 3.40909090909091
41.047 0 26.1671838857855 "uLSIF" 28 2 1 3.44444444444444
41.643 0 26.5512809770361 "uLSIF" 28 2 1 3.47979797979798
42.397 0 27.0811887069564 "uLSIF" 28 2 1 3.51515151515152
43.088 0 27.6582941852392 "uLSIF" 28 2 1 3.55050505050505
43.541 0 27.7385606466296 "uLSIF" 28 2 1 3.58585858585859
43.893 0 27.8007631807732 "uLSIF" 28 2 1 3.62121212121212
44.335 0 27.8047816190108 "uLSIF" 28 2 1 3.65656565656566
44.768 0 27.8954177299844 "uLSIF" 28 2 1 3.69191919191919
45.711 0 28.7240064675447 "uLSIF" 28 2 1 3.72727272727273
46.089 0 28.8817456922921 "uLSIF" 28 2 1 3.76262626262626
46.626 0 29.1053817574559 "uLSIF" 28 2 1 3.7979797979798
47.078 0 29.1584658741185 "uLSIF" 28 2 1 3.83333333333333
47.611 0 29.4038477969341 "uLSIF" 28 2 1 3.86868686868687
48.038 0 29.4611356623351 "uLSIF" 28 2 1 3.9040404040404
48.453 0 29.4960303567583 "uLSIF" 28 2 1 3.93939393939394
48.942 0 29.6737791521264 "uLSIF" 28 2 1 3.97474747474747
49.518 0 30.3778948002078 "uLSIF" 28 2 1 4.01010101010101
50.179 0 30.7683872286581 "uLSIF" 28 2 1 4.04545454545454
50.59 0 30.883420887034 "uLSIF" 28 2 1 4.08080808080808
51.082 0 31.1421436177587 "uLSIF" 28 2 1 4.11616161616162
51.538 0 31.2893205036092 "uLSIF" 28 2 1 4.15151515151515
52.151 0 31.6992909075904 "uLSIF" 28 2 1 4.18686868686869
52.775 0 32.0879106363909 "uLSIF" 28 2 1 4.22222222222222
53.404 0 32.2774940263432 "uLSIF" 28 2 1 4.25757575757576
53.82 0 32.6389476071288 "uLSIF" 28 2 1 4.29292929292929
54.308 0 33.1096569807871 "uLSIF" 28 2 1 4.32828282828283
54.89 0 33.5350338973811 "uLSIF" 28 2 1 4.36363636363636
55.334 0 33.8319234310295 "uLSIF" 28 2 1 4.3989898989899
56.2 0 34.5130286869922 "uLSIF" 28 2 1 4.43434343434343
56.834 0 34.784485110526 "uLSIF" 28 2 1 4.46969696969697
57.383 0 34.9132531604582 "uLSIF" 28 2 1 4.50505050505051
57.736 0 34.9774459577272 "uLSIF" 28 2 1 4.54040404040404
58.26 0 35.1402224699167 "uLSIF" 28 2 1 4.57575757575758
58.944 0 35.4588521274194 "uLSIF" 28 2 1 4.61111111111111
59.367 0 35.4920554067667 "uLSIF" 28 2 1 4.64646464646465
60.24 0 35.9908841756318 "uLSIF" 28 2 1 4.68181818181818
60.824 0 36.7705193748347 "uLSIF" 28 2 1 4.71717171717172
61.563 0 37.4050687764395 "uLSIF" 28 2 1 4.75252525252525
62.138 0 37.7173375724421 "uLSIF" 28 2 1 4.78787878787879
62.553 0 37.9197190930536 "uLSIF" 28 2 1 4.82323232323232
63.143 0 38.0650692958847 "uLSIF" 28 2 1 4.85858585858586
64.082 0 38.7188898139968 "uLSIF" 28 2 1 4.89393939393939
64.786 0 39.1088955317037 "uLSIF" 28 2 1 4.92929292929293
65.482 0 39.8992183334915 "uLSIF" 28 2 1 4.96464646464646
66.102 0 40.1192615977806 "uLSIF" 28 2 1 5
