134.06 15.08 0 0 "KDE LDA" 117 5000 2.5
137.4 15.095 0 0 "KDE LDA" 117 5000 2.51010101010101
139.05 15.11 0 0 "KDE LDA" 117 5000 2.52020202020202
143.165 15.26 0 0 "KDE LDA" 117 5000 2.53030303030303
144.635 15.315 0 0 "KDE LDA" 117 5000 2.54040404040404
148.615 15.425 0 0 "KDE LDA" 117 5000 2.55050505050505
148.615 15.425 0 0 "KDE LDA" 117 5000 2.56060606060606
149.2 15.44 0 0 "KDE LDA" 117 5000 2.57070707070707
149.21 15.445 0 0 "KDE LDA" 117 5000 2.58080808080808
149.665 15.46 0 0 "KDE LDA" 117 5000 2.59090909090909
150.375 15.47 0 0 "KDE LDA" 117 5000 2.6010101010101
154.19 15.62 0 0 "KDE LDA" 117 5000 2.61111111111111
154.285 15.715 0 0 "KDE LDA" 117 5000 2.62121212121212
154.975 15.805 0 0 "KDE LDA" 117 5000 2.63131313131313
157.275 15.87 0 0 "KDE LDA" 117 5000 2.64141414141414
158.745 15.905 0 0 "KDE LDA" 117 5000 2.65151515151515
166.12 16.075 0 0 "KDE LDA" 117 5000 2.66161616161616
176.025 16.19 0 0 "KDE LDA" 117 5000 2.67171717171717
177.285 16.215 0 0 "KDE LDA" 117 5000 2.68181818181818
177.285 16.255 0 0 "KDE LDA" 117 5000 2.69191919191919
179.075 16.275 0 0 "KDE LDA" 117 5000 2.7020202020202
179.085 16.28 0 0 "KDE LDA" 117 5000 2.71212121212121
179.15 16.39 0 0 "KDE LDA" 117 5000 2.72222222222222
181.84 16.525 0 0 "KDE LDA" 117 5000 2.73232323232323
185.43 16.695 0 0 "KDE LDA" 117 5000 2.74242424242424
186.91 16.725 0 0 "KDE LDA" 117 5000 2.75252525252525
191.51 16.75 0 0 "KDE LDA" 117 5000 2.76262626262626
192.48 16.775 0 0 "KDE LDA" 117 5000 2.77272727272727
193.945 17.005 0 0 "KDE LDA" 117 5000 2.78282828282828
211.25 17.18 0 0 "KDE LDA" 117 5000 2.79292929292929
229.165 17.81 0 0 "KDE LDA" 117 5000 2.8030303030303
231.955 17.81 0 0 "KDE LDA" 117 5000 2.81313131313131
234.645 18.045 0 0 "KDE LDA" 117 5000 2.82323232323232
234.65 18.06 0 0 "KDE LDA" 117 5000 2.83333333333333
237.815 18.065 0 0 "KDE LDA" 117 5000 2.84343434343434
237.825 18.075 0 0 "KDE LDA" 117 5000 2.85353535353535
243.165 18.085 0 0 "KDE LDA" 117 5000 2.86363636363636
243.17 18.095 0 0 "KDE LDA" 117 5000 2.87373737373737
245.29 18.12 0 0 "KDE LDA" 117 5000 2.88383838383838
249.64 18.125 0 0 "KDE LDA" 117 5000 2.89393939393939
249.84 18.16 0 0 "KDE LDA" 117 5000 2.9040404040404
253.585 18.17 0 0 "KDE LDA" 117 5000 2.91414141414141
253.61 18.235 0 0 "KDE LDA" 117 5000 2.92424242424242
259.35 18.285 0 0 "KDE LDA" 117 5000 2.93434343434343
264.62 18.39 0 0 "KDE LDA" 117 5000 2.94444444444444
271.1 18.425 0 0 "KDE LDA" 117 5000 2.95454545454545
272.325 18.43 0 0 "KDE LDA" 117 5000 2.96464646464646
273.415 18.455 0 0 "KDE LDA" 117 5000 2.97474747474747
282.335 18.47 0 0 "KDE LDA" 117 5000 2.98484848484848
284.95 18.505 0 0 "KDE LDA" 117 5000 2.99494949494949
292.095 18.505 0 0 "KDE LDA" 117 5000 3.00505050505051
292.305 18.595 0 0 "KDE LDA" 117 5000 3.01515151515152
300.1 18.735 0 0 "KDE LDA" 117 5000 3.02525252525253
300.1 18.84 0 0 "KDE LDA" 117 5000 3.03535353535354
308.66 18.865 0 0 "KDE LDA" 117 5000 3.04545454545455
308.69 18.875 0 0 "KDE LDA" 117 5000 3.05555555555556
308.705 18.885 0 0 "KDE LDA" 117 5000 3.06565656565657
310.9 18.945 0 0 "KDE LDA" 117 5000 3.07575757575758
311.625 19.09 0 0 "KDE LDA" 117 5000 3.08585858585859
317.975 19.22 0 0 "KDE LDA" 117 5000 3.0959595959596
318.825 19.235 0 0 "KDE LDA" 117 5000 3.10606060606061
321.32 19.25 0 0 "KDE LDA" 117 5000 3.11616161616162
321.325 19.285 0 0 "KDE LDA" 117 5000 3.12626262626263
325.335 19.35 0 0 "KDE LDA" 117 5000 3.13636363636364
327.065 19.38 0 0 "KDE LDA" 117 5000 3.14646464646465
328.54 19.47 0 0 "KDE LDA" 117 5000 3.15656565656566
328.61 19.805 0 0 "KDE LDA" 117 5000 3.16666666666667
334.19 19.875 0 0 "KDE LDA" 117 5000 3.17676767676768
342.43 19.95 0 0 "KDE LDA" 117 5000 3.18686868686869
351.815 20.105 0 0 "KDE LDA" 117 5000 3.1969696969697
352.685 20.125 0 0 "KDE LDA" 117 5000 3.20707070707071
357.18 20.345 0 0 "KDE LDA" 117 5000 3.21717171717172
381.785 20.42 0 0 "KDE LDA" 117 5000 3.22727272727273
382.305 20.485 0 0 "KDE LDA" 117 5000 3.23737373737374
382.415 20.71 0 0 "KDE LDA" 117 5000 3.24747474747475
383.8 20.805 0 0 "KDE LDA" 117 5000 3.25757575757576
390.455 20.805 0 0 "KDE LDA" 117 5000 3.26767676767677
392.055 20.845 0 0 "KDE LDA" 117 5000 3.27777777777778
396.92 20.845 0 0 "KDE LDA" 117 5000 3.28787878787879
396.945 20.995 0 0 "KDE LDA" 117 5000 3.2979797979798
404.995 21.05 0 0 "KDE LDA" 117 5000 3.30808080808081
408.99 21.21 0 0 "KDE LDA" 117 5000 3.31818181818182
417.565 21.275 0 0 "KDE LDA" 117 5000 3.32828282828283
426.435 21.325 0 0 "KDE LDA" 117 5000 3.33838383838384
440.77 21.375 0 0 "KDE LDA" 117 5000 3.34848484848485
491.19 21.655 0 0 "KDE LDA" 117 5000 3.35858585858586
492.95 21.665 0 0 "KDE LDA" 117 5000 3.36868686868687
496.74 21.68 0 0 "KDE LDA" 117 5000 3.37878787878788
498.35 21.71 0 0 "KDE LDA" 117 5000 3.38888888888889
501.745 21.725 0 0 "KDE LDA" 117 5000 3.3989898989899
519.845 21.785 0 0 "KDE LDA" 117 5000 3.40909090909091
519.87 21.81 0 0 "KDE LDA" 117 5000 3.41919191919192
522.125 21.835 0 0 "KDE LDA" 117 5000 3.42929292929293
525.32 21.835 0 0 "KDE LDA" 117 5000 3.43939393939394
528.83 21.835 0 0 "KDE LDA" 117 5000 3.44949494949495
529.455 21.85 0 0 "KDE LDA" 117 5000 3.45959595959596
535.575 21.855 0 0 "KDE LDA" 117 5000 3.46969696969697
544.315 21.89 0 0 "KDE LDA" 117 5000 3.47979797979798
549.725 21.935 0 0 "KDE LDA" 117 5000 3.48989898989899
549.785 22.035 0 0 "KDE LDA" 117 5000 3.5
107.805 12.105 0 0 "KDE QDA" 117 5000 2.7
108.285 12.105 0 0 "KDE QDA" 117 5000 2.71010101010101
109.83 12.11 0 0 "KDE QDA" 117 5000 2.72020202020202
109.83 12.11 0 0 "KDE QDA" 117 5000 2.73030303030303
109.83 12.11 0 0 "KDE QDA" 117 5000 2.74040404040404
109.835 12.11 0 0 "KDE QDA" 117 5000 2.75050505050505
109.835 12.11 0 0 "KDE QDA" 117 5000 2.76060606060606
109.84 12.11 0 0 "KDE QDA" 117 5000 2.77070707070707
109.84 12.11 0 0 "KDE QDA" 117 5000 2.78080808080808
109.84 12.11 0 0 "KDE QDA" 117 5000 2.79090909090909
145.485 13.15 0 0 "KDE QDA" 117 5000 2.8010101010101
145.485 13.155 0 0 "KDE QDA" 117 5000 2.81111111111111
145.485 13.155 0 0 "KDE QDA" 117 5000 2.82121212121212
154.05 13.21 0 0 "KDE QDA" 117 5000 2.83131313131313
154.05 13.21 0 0 "KDE QDA" 117 5000 2.84141414141414
154.73 13.22 0 0 "KDE QDA" 117 5000 2.85151515151515
156.375 13.22 0 0 "KDE QDA" 117 5000 2.86161616161616
156.375 13.22 0 0 "KDE QDA" 117 5000 2.87171717171717
156.56 13.225 0 0 "KDE QDA" 117 5000 2.88181818181818
156.56 13.225 0 0 "KDE QDA" 117 5000 2.89191919191919
156.56 13.225 0 0 "KDE QDA" 117 5000 2.9020202020202
156.56 13.225 0 0 "KDE QDA" 117 5000 2.91212121212121
156.56 13.225 0 0 "KDE QDA" 117 5000 2.92222222222222
156.56 13.225 0 0 "KDE QDA" 117 5000 2.93232323232323
156.56 13.225 0 0 "KDE QDA" 117 5000 2.94242424242424
156.56 13.225 0 0 "KDE QDA" 117 5000 2.95252525252525
166.425 13.365 0 0 "KDE QDA" 117 5000 2.96262626262626
166.425 13.375 0 0 "KDE QDA" 117 5000 2.97272727272727
167.26 13.405 0 0 "KDE QDA" 117 5000 2.98282828282828
167.265 13.405 0 0 "KDE QDA" 117 5000 2.99292929292929
167.265 13.405 0 0 "KDE QDA" 117 5000 3.0030303030303
167.265 13.41 0 0 "KDE QDA" 117 5000 3.01313131313131
167.265 13.41 0 0 "KDE QDA" 117 5000 3.02323232323232
167.265 13.41 0 0 "KDE QDA" 117 5000 3.03333333333333
167.265 13.41 0 0 "KDE QDA" 117 5000 3.04343434343434
167.27 13.41 0 0 "KDE QDA" 117 5000 3.05353535353535
167.815 13.41 0 0 "KDE QDA" 117 5000 3.06363636363636
167.82 13.41 0 0 "KDE QDA" 117 5000 3.07373737373737
167.82 13.41 0 0 "KDE QDA" 117 5000 3.08383838383838
180.17 14.03 0 0 "KDE QDA" 117 5000 3.09393939393939
180.24 14.03 0 0 "KDE QDA" 117 5000 3.1040404040404
181.58 14.03 0 0 "KDE QDA" 117 5000 3.11414141414141
184.02 14.28 0 0 "KDE QDA" 117 5000 3.12424242424242
184.025 14.28 0 0 "KDE QDA" 117 5000 3.13434343434343
184.025 14.285 0 0 "KDE QDA" 117 5000 3.14444444444444
184.025 14.285 0 0 "KDE QDA" 117 5000 3.15454545454545
184.025 14.285 0 0 "KDE QDA" 117 5000 3.16464646464646
184.025 14.285 0 0 "KDE QDA" 117 5000 3.17474747474748
184.025 14.285 0 0 "KDE QDA" 117 5000 3.18484848484849
184.025 14.285 0 0 "KDE QDA" 117 5000 3.19494949494949
184.025 14.285 0 0 "KDE QDA" 117 5000 3.20505050505051
184.025 14.285 0 0 "KDE QDA" 117 5000 3.21515151515152
219.115 15.065 0 0 "KDE QDA" 117 5000 3.22525252525253
219.715 15.065 0 0 "KDE QDA" 117 5000 3.23535353535354
219.715 15.065 0 0 "KDE QDA" 117 5000 3.24545454545455
222.515 15.275 0 0 "KDE QDA" 117 5000 3.25555555555556
222.55 15.275 0 0 "KDE QDA" 117 5000 3.26565656565657
222.56 15.29 0 0 "KDE QDA" 117 5000 3.27575757575758
222.56 15.29 0 0 "KDE QDA" 117 5000 3.28585858585859
222.56 15.29 0 0 "KDE QDA" 117 5000 3.2959595959596
224.045 15.29 0 0 "KDE QDA" 117 5000 3.30606060606061
224.045 15.29 0 0 "KDE QDA" 117 5000 3.31616161616162
224.09 15.29 0 0 "KDE QDA" 117 5000 3.32626262626263
224.09 15.29 0 0 "KDE QDA" 117 5000 3.33636363636364
224.09 15.29 0 0 "KDE QDA" 117 5000 3.34646464646465
224.095 15.29 0 0 "KDE QDA" 117 5000 3.35656565656566
254.995 15.81 0 0 "KDE QDA" 117 5000 3.36666666666667
255 15.815 0 0 "KDE QDA" 117 5000 3.37676767676768
261.625 15.85 0 0 "KDE QDA" 117 5000 3.38686868686869
261.815 15.85 0 0 "KDE QDA" 117 5000 3.3969696969697
261.815 15.855 0 0 "KDE QDA" 117 5000 3.40707070707071
261.85 15.895 0 0 "KDE QDA" 117 5000 3.41717171717172
261.85 15.895 0 0 "KDE QDA" 117 5000 3.42727272727273
264.535 15.92 0 0 "KDE QDA" 117 5000 3.43737373737374
264.535 15.92 0 0 "KDE QDA" 117 5000 3.44747474747475
264.535 15.92 0 0 "KDE QDA" 117 5000 3.45757575757576
264.535 15.925 0 0 "KDE QDA" 117 5000 3.46767676767677
264.535 15.925 0 0 "KDE QDA" 117 5000 3.47777777777778
264.535 15.925 0 0 "KDE QDA" 117 5000 3.48787878787879
264.535 15.925 0 0 "KDE QDA" 117 5000 3.4979797979798
264.535 15.925 0 0 "KDE QDA" 117 5000 3.50808080808081
295.26 16.365 0 0 "KDE QDA" 117 5000 3.51818181818182
296.23 16.37 0 0 "KDE QDA" 117 5000 3.52828282828283
296.235 16.375 0 0 "KDE QDA" 117 5000 3.53838383838384
300.605 16.415 0 0 "KDE QDA" 117 5000 3.54848484848485
300.935 16.415 0 0 "KDE QDA" 117 5000 3.55858585858586
300.935 16.435 0 0 "KDE QDA" 117 5000 3.56868686868687
300.935 16.435 0 0 "KDE QDA" 117 5000 3.57878787878788
300.935 16.435 0 0 "KDE QDA" 117 5000 3.58888888888889
300.935 16.435 0 0 "KDE QDA" 117 5000 3.5989898989899
300.94 16.435 0 0 "KDE QDA" 117 5000 3.60909090909091
300.94 16.435 0 0 "KDE QDA" 117 5000 3.61919191919192
300.94 16.435 0 0 "KDE QDA" 117 5000 3.62929292929293
300.965 16.435 0 0 "KDE QDA" 117 5000 3.63939393939394
300.965 16.435 0 0 "KDE QDA" 117 5000 3.64949494949495
329.83 16.875 0 0 "KDE QDA" 117 5000 3.65959595959596
329.98 16.875 0 0 "KDE QDA" 117 5000 3.66969696969697
336.025 16.93 0 0 "KDE QDA" 117 5000 3.67979797979798
336.04 16.93 0 0 "KDE QDA" 117 5000 3.68989898989899
336.045 16.93 0 0 "KDE QDA" 117 5000 3.7
