133.265 14.085 0 0 "KDE LDA" 194 600 2.3
133.27 14.085 0 0 "KDE LDA" 194 600 2.31010101010101
135.98 14.085 0 0 "KDE LDA" 194 600 2.32020202020202
136.92 14.085 0 0 "KDE LDA" 194 600 2.33030303030303
137.385 14.085 0 0 "KDE LDA" 194 600 2.34040404040404
137.4 14.1 0 0 "KDE LDA" 194 600 2.35050505050505
138.245 14.105 0 0 "KDE LDA" 194 600 2.36060606060606
142.42 14.135 0 0 "KDE LDA" 194 600 2.37070707070707
142.76 14.14 0 0 "KDE LDA" 194 600 2.38080808080808
142.78 14.18 0 0 "KDE LDA" 194 600 2.39090909090909
143.925 14.56 0 0 "KDE LDA" 194 600 2.4010101010101
143.93 14.625 0 0 "KDE LDA" 194 600 2.41111111111111
143.94 14.665 0 0 "KDE LDA" 194 600 2.42121212121212
143.945 14.675 0 0 "KDE LDA" 194 600 2.43131313131313
145.435 14.785 0 0 "KDE LDA" 194 600 2.44141414141414
145.44 14.875 0 0 "KDE LDA" 194 600 2.45151515151515
145.445 14.95 0 0 "KDE LDA" 194 600 2.46161616161616
145.445 14.975 0 0 "KDE LDA" 194 600 2.47171717171717
148.025 15.005 0 0 "KDE LDA" 194 600 2.48181818181818
150.48 15.085 0 0 "KDE LDA" 194 600 2.49191919191919
151.835 15.325 0 0 "KDE LDA" 194 600 2.5020202020202
152.54 15.365 0 0 "KDE LDA" 194 600 2.51212121212121
157.535 15.58 0 0 "KDE LDA" 194 600 2.52222222222222
166.88 15.865 0 0 "KDE LDA" 194 600 2.53232323232323
167.065 15.895 0 0 "KDE LDA" 194 600 2.54242424242424
170.855 15.9 0 0 "KDE LDA" 194 600 2.55252525252525
171.13 15.945 0 0 "KDE LDA" 194 600 2.56262626262626
171.135 15.985 0 0 "KDE LDA" 194 600 2.57272727272727
171.14 15.995 0 0 "KDE LDA" 194 600 2.58282828282828
172.835 16.015 0 0 "KDE LDA" 194 600 2.59292929292929
175.285 16.105 0 0 "KDE LDA" 194 600 2.6030303030303
175.315 16.17 0 0 "KDE LDA" 194 600 2.61313131313131
175.765 16.395 0 0 "KDE LDA" 194 600 2.62323232323232
176.565 16.42 0 0 "KDE LDA" 194 600 2.63333333333333
177.65 16.515 0 0 "KDE LDA" 194 600 2.64343434343434
182.48 16.855 0 0 "KDE LDA" 194 600 2.65353535353535
198.37 17.125 0 0 "KDE LDA" 194 600 2.66363636363636
207.23 17.615 0 0 "KDE LDA" 194 600 2.67373737373737
207.715 17.625 0 0 "KDE LDA" 194 600 2.68383838383838
207.775 17.675 0 0 "KDE LDA" 194 600 2.69393939393939
208.36 17.69 0 0 "KDE LDA" 194 600 2.7040404040404
214.42 17.715 0 0 "KDE LDA" 194 600 2.71414141414141
216.49 17.715 0 0 "KDE LDA" 194 600 2.72424242424242
218.14 17.72 0 0 "KDE LDA" 194 600 2.73434343434343
218.195 17.815 0 0 "KDE LDA" 194 600 2.74444444444444
219.475 17.84 0 0 "KDE LDA" 194 600 2.75454545454545
221.51 17.85 0 0 "KDE LDA" 194 600 2.76464646464646
225.075 17.96 0 0 "KDE LDA" 194 600 2.77474747474747
225.145 17.985 0 0 "KDE LDA" 194 600 2.78484848484848
229.125 18.12 0 0 "KDE LDA" 194 600 2.79494949494949
284.005 18.77 0 0 "KDE LDA" 194 600 2.80505050505051
286.51 18.825 0 0 "KDE LDA" 194 600 2.81515151515151
299.34 18.905 0 0 "KDE LDA" 194 600 2.82525252525252
300 18.925 0 0 "KDE LDA" 194 600 2.83535353535354
300.025 18.935 0 0 "KDE LDA" 194 600 2.84545454545455
305.835 19.03 0 0 "KDE LDA" 194 600 2.85555555555556
305.94 19.075 0 0 "KDE LDA" 194 600 2.86565656565657
306.7 19.11 0 0 "KDE LDA" 194 600 2.87575757575758
308.47 19.115 0 0 "KDE LDA" 194 600 2.88585858585859
311.125 19.12 0 0 "KDE LDA" 194 600 2.8959595959596
311.62 19.145 0 0 "KDE LDA" 194 600 2.90606060606061
312.875 19.28 0 0 "KDE LDA" 194 600 2.91616161616162
315.02 19.29 0 0 "KDE LDA" 194 600 2.92626262626263
316.295 19.365 0 0 "KDE LDA" 194 600 2.93636363636364
320.64 19.56 0 0 "KDE LDA" 194 600 2.94646464646465
322.675 19.59 0 0 "KDE LDA" 194 600 2.95656565656566
325.24 19.635 0 0 "KDE LDA" 194 600 2.96666666666667
325.295 19.65 0 0 "KDE LDA" 194 600 2.97676767676768
327.145 19.685 0 0 "KDE LDA" 194 600 2.98686868686869
328.94 19.7 0 0 "KDE LDA" 194 600 2.9969696969697
329.32 19.725 0 0 "KDE LDA" 194 600 3.00707070707071
329.32 19.81 0 0 "KDE LDA" 194 600 3.01717171717172
329.355 19.84 0 0 "KDE LDA" 194 600 3.02727272727273
337.18 19.87 0 0 "KDE LDA" 194 600 3.03737373737374
337.195 19.895 0 0 "KDE LDA" 194 600 3.04747474747475
337.425 20.035 0 0 "KDE LDA" 194 600 3.05757575757576
339.605 20.035 0 0 "KDE LDA" 194 600 3.06767676767677
340.645 20.09 0 0 "KDE LDA" 194 600 3.07777777777778
343.89 20.175 0 0 "KDE LDA" 194 600 3.08787878787879
353.295 20.53 0 0 "KDE LDA" 194 600 3.0979797979798
358.435 20.545 0 0 "KDE LDA" 194 600 3.10808080808081
358.455 20.58 0 0 "KDE LDA" 194 600 3.11818181818182
359.41 20.58 0 0 "KDE LDA" 194 600 3.12828282828283
359.51 20.595 0 0 "KDE LDA" 194 600 3.13838383838384
361.93 20.61 0 0 "KDE LDA" 194 600 3.14848484848485
365.265 20.61 0 0 "KDE LDA" 194 600 3.15858585858586
366.665 20.63 0 0 "KDE LDA" 194 600 3.16868686868687
376.06 20.695 0 0 "KDE LDA" 194 600 3.17878787878788
376.075 20.81 0 0 "KDE LDA" 194 600 3.18888888888889
380.52 20.845 0 0 "KDE LDA" 194 600 3.1989898989899
391.23 20.88 0 0 "KDE LDA" 194 600 3.20909090909091
402.705 21.08 0 0 "KDE LDA" 194 600 3.21919191919192
423.673366834171 21.905 1 0 "KDE LDA" 194 600 3.22929292929293
427.663316582915 21.91 1 0 "KDE LDA" 194 600 3.23939393939394
433.984924623116 22.115 1 0 "KDE LDA" 194 600 3.24949494949495
442.190954773869 22.18 1 0 "KDE LDA" 194 600 3.25959595959596
452.035175879397 22.185 1 0 "KDE LDA" 194 600 3.26969696969697
452.758793969849 22.2 1 0 "KDE LDA" 194 600 3.27979797979798
452.773869346734 22.22 1 0 "KDE LDA" 194 600 3.28989898989899
454.206030150754 22.26 1 0 "KDE LDA" 194 600 3.3
263.61 20.875 0 0 "KDE QDA" 194 600 4.5
265.305 21.005 0 0 "KDE QDA" 194 600 4.51010101010101
272.885 21.03 0 0 "KDE QDA" 194 600 4.52020202020202
273.905 21.05 0 0 "KDE QDA" 194 600 4.53030303030303
275.78 21.115 0 0 "KDE QDA" 194 600 4.54040404040404
276.465 21.115 0 0 "KDE QDA" 194 600 4.55050505050505
276.695 21.225 0 0 "KDE QDA" 194 600 4.56060606060606
276.7 21.23 0 0 "KDE QDA" 194 600 4.57070707070707
276.715 21.235 0 0 "KDE QDA" 194 600 4.58080808080808
276.72 21.255 0 0 "KDE QDA" 194 600 4.59090909090909
281.055 21.255 0 0 "KDE QDA" 194 600 4.6010101010101
281.065 21.275 0 0 "KDE QDA" 194 600 4.61111111111111
281.865 21.29 0 0 "KDE QDA" 194 600 4.62121212121212
283.075 21.34 0 0 "KDE QDA" 194 600 4.63131313131313
286.69 21.71 0 0 "KDE QDA" 194 600 4.64141414141414
286.7 21.72 0 0 "KDE QDA" 194 600 4.65151515151515
288.175 21.745 0 0 "KDE QDA" 194 600 4.66161616161616
295.035 21.81 0 0 "KDE QDA" 194 600 4.67171717171717
295.04 21.86 0 0 "KDE QDA" 194 600 4.68181818181818
295.05 21.875 0 0 "KDE QDA" 194 600 4.69191919191919
295.73 21.885 0 0 "KDE QDA" 194 600 4.7020202020202
295.735 21.89 0 0 "KDE QDA" 194 600 4.71212121212121
297.125 21.89 0 0 "KDE QDA" 194 600 4.72222222222222
303.015 21.95 0 0 "KDE QDA" 194 600 4.73232323232323
303.77 21.985 0 0 "KDE QDA" 194 600 4.74242424242424
306.125 21.99 0 0 "KDE QDA" 194 600 4.75252525252525
308.25 22.03 0 0 "KDE QDA" 194 600 4.76262626262626
310.995 22.415 0 0 "KDE QDA" 194 600 4.77272727272727
313.775 22.575 0 0 "KDE QDA" 194 600 4.78282828282828
315.01 22.59 0 0 "KDE QDA" 194 600 4.79292929292929
317.405 22.655 0 0 "KDE QDA" 194 600 4.8030303030303
317.43 22.7 0 0 "KDE QDA" 194 600 4.81313131313131
325.485 22.74 0 0 "KDE QDA" 194 600 4.82323232323232
330.7 22.745 0 0 "KDE QDA" 194 600 4.83333333333333
331.2 22.755 0 0 "KDE QDA" 194 600 4.84343434343434
336.715 22.765 0 0 "KDE QDA" 194 600 4.85353535353535
336.715 22.82 0 0 "KDE QDA" 194 600 4.86363636363636
345.895 22.86 0 0 "KDE QDA" 194 600 4.87373737373737
345.92 22.895 0 0 "KDE QDA" 194 600 4.88383838383838
346.055 22.9 0 0 "KDE QDA" 194 600 4.89393939393939
355.695 23.235 0 0 "KDE QDA" 194 600 4.9040404040404
357.985 23.245 0 0 "KDE QDA" 194 600 4.91414141414141
362.085 23.27 0 0 "KDE QDA" 194 600 4.92424242424242
366.685 23.35 0 0 "KDE QDA" 194 600 4.93434343434343
368.1 23.36 0 0 "KDE QDA" 194 600 4.94444444444444
368.12 23.37 0 0 "KDE QDA" 194 600 4.95454545454546
368.175 23.395 0 0 "KDE QDA" 194 600 4.96464646464646
376.94 23.425 0 0 "KDE QDA" 194 600 4.97474747474747
379.56 23.44 0 0 "KDE QDA" 194 600 4.98484848484848
380.415 23.45 0 0 "KDE QDA" 194 600 4.99494949494949
380.51 23.455 0 0 "KDE QDA" 194 600 5.00505050505051
385.625 23.5 0 0 "KDE QDA" 194 600 5.01515151515152
385.93 23.52 0 0 "KDE QDA" 194 600 5.02525252525253
391.4 23.56 0 0 "KDE QDA" 194 600 5.03535353535354
394.775 23.73 0 0 "KDE QDA" 194 600 5.04545454545455
395.91 23.755 0 0 "KDE QDA" 194 600 5.05555555555556
397.405 24.055 0 0 "KDE QDA" 194 600 5.06565656565657
405.115 24.065 0 0 "KDE QDA" 194 600 5.07575757575758
405.325 24.07 0 0 "KDE QDA" 194 600 5.08585858585859
409.015 24.115 0 0 "KDE QDA" 194 600 5.0959595959596
411.6 24.12 0 0 "KDE QDA" 194 600 5.10606060606061
411.61 24.13 0 0 "KDE QDA" 194 600 5.11616161616162
413.625 24.185 0 0 "KDE QDA" 194 600 5.12626262626263
417.39 24.19 0 0 "KDE QDA" 194 600 5.13636363636364
417.425 24.195 0 0 "KDE QDA" 194 600 5.14646464646465
424.22 24.2 0 0 "KDE QDA" 194 600 5.15656565656566
424.245 24.2 0 0 "KDE QDA" 194 600 5.16666666666667
425.115 24.225 0 0 "KDE QDA" 194 600 5.17676767676768
425.14 24.24 0 0 "KDE QDA" 194 600 5.18686868686869
439.94 24.41 0 0 "KDE QDA" 194 600 5.1969696969697
440.08 24.43 0 0 "KDE QDA" 194 600 5.20707070707071
443.945 24.435 0 0 "KDE QDA" 194 600 5.21717171717172
448.615 24.535 0 0 "KDE QDA" 194 600 5.22727272727273
451.025 24.55 0 0 "KDE QDA" 194 600 5.23737373737374
455.575 24.575 0 0 "KDE QDA" 194 600 5.24747474747475
457.445 24.745 0 0 "KDE QDA" 194 600 5.25757575757576
457.51 24.75 0 0 "KDE QDA" 194 600 5.26767676767677
461.555 24.75 0 0 "KDE QDA" 194 600 5.27777777777778
461.62 24.75 0 0 "KDE QDA" 194 600 5.28787878787879
462.15 24.755 0 0 "KDE QDA" 194 600 5.2979797979798
463.61 24.76 0 0 "KDE QDA" 194 600 5.30808080808081
466.905 24.765 0 0 "KDE QDA" 194 600 5.31818181818182
473.945 24.84 0 0 "KDE QDA" 194 600 5.32828282828283
478.795 25.01 0 0 "KDE QDA" 194 600 5.33838383838384
479.455 25.095 0 0 "KDE QDA" 194 600 5.34848484848485
480.02 25.235 0 0 "KDE QDA" 194 600 5.35858585858586
483.805 25.285 0 0 "KDE QDA" 194 600 5.36868686868687
490.635 25.285 0 0 "KDE QDA" 194 600 5.37878787878788
491.775 25.36 0 0 "KDE QDA" 194 600 5.38888888888889
494.245 25.58 0 0 "KDE QDA" 194 600 5.3989898989899
494.765 25.59 0 0 "KDE QDA" 194 600 5.40909090909091
496.075 25.685 0 0 "KDE QDA" 194 600 5.41919191919192
496.105 25.71 0 0 "KDE QDA" 194 600 5.42929292929293
502.365 25.73 0 0 "KDE QDA" 194 600 5.43939393939394
506.075 25.73 0 0 "KDE QDA" 194 600 5.44949494949495
507.52 25.755 0 0 "KDE QDA" 194 600 5.45959595959596
510.7 25.87 0 0 "KDE QDA" 194 600 5.46969696969697
515.015 25.905 0 0 "KDE QDA" 194 600 5.47979797979798
515.1 26.25 0 0 "KDE QDA" 194 600 5.48989898989899
517.735 26.255 0 0 "KDE QDA" 194 600 5.5
