138.835 15.175 0 0 "KDE LDA" 94 5000 2.5
139.175 15.21 0 0 "KDE LDA" 94 5000 2.51010101010101
139.925 15.23 0 0 "KDE LDA" 94 5000 2.52020202020202
144.18 15.43 0 0 "KDE LDA" 94 5000 2.53030303030303
145.09 15.435 0 0 "KDE LDA" 94 5000 2.54040404040404
147.885 15.545 0 0 "KDE LDA" 94 5000 2.55050505050505
147.935 15.555 0 0 "KDE LDA" 94 5000 2.56060606060606
149.745 15.575 0 0 "KDE LDA" 94 5000 2.57070707070707
152.68 15.59 0 0 "KDE LDA" 94 5000 2.58080808080808
154.15 15.635 0 0 "KDE LDA" 94 5000 2.59090909090909
154.605 15.665 0 0 "KDE LDA" 94 5000 2.6010101010101
155.25 15.695 0 0 "KDE LDA" 94 5000 2.61111111111111
160.935 15.7 0 0 "KDE LDA" 94 5000 2.62121212121212
165.72 15.93 0 0 "KDE LDA" 94 5000 2.63131313131313
167.41 15.945 0 0 "KDE LDA" 94 5000 2.64141414141414
170.49 16.19 0 0 "KDE LDA" 94 5000 2.65151515151515
176.19 16.325 0 0 "KDE LDA" 94 5000 2.66161616161616
181.82 16.63 0 0 "KDE LDA" 94 5000 2.67171717171717
181.83 16.69 0 0 "KDE LDA" 94 5000 2.68181818181818
181.94 16.69 0 0 "KDE LDA" 94 5000 2.69191919191919
184.455 16.745 0 0 "KDE LDA" 94 5000 2.7020202020202
186.475 17.005 0 0 "KDE LDA" 94 5000 2.71212121212121
186.475 17.015 0 0 "KDE LDA" 94 5000 2.72222222222222
186.52 17.135 0 0 "KDE LDA" 94 5000 2.73232323232323
190.2 17.265 0 0 "KDE LDA" 94 5000 2.74242424242424
191.225 17.275 0 0 "KDE LDA" 94 5000 2.75252525252525
191.87 17.36 0 0 "KDE LDA" 94 5000 2.76262626262626
197.055 17.415 0 0 "KDE LDA" 94 5000 2.77272727272727
201.85 17.445 0 0 "KDE LDA" 94 5000 2.78282828282828
210.72 17.6 0 0 "KDE LDA" 94 5000 2.79292929292929
225.01 18.005 0 0 "KDE LDA" 94 5000 2.8030303030303
225.64 18.05 0 0 "KDE LDA" 94 5000 2.81313131313131
226.92 18.09 0 0 "KDE LDA" 94 5000 2.82323232323232
226.945 18.105 0 0 "KDE LDA" 94 5000 2.83333333333333
227.12 18.115 0 0 "KDE LDA" 94 5000 2.84343434343434
227.125 18.225 0 0 "KDE LDA" 94 5000 2.85353535353535
227.675 18.225 0 0 "KDE LDA" 94 5000 2.86363636363636
230.265 18.245 0 0 "KDE LDA" 94 5000 2.87373737373737
230.3 18.39 0 0 "KDE LDA" 94 5000 2.88383838383838
230.315 18.39 0 0 "KDE LDA" 94 5000 2.89393939393939
230.68 18.485 0 0 "KDE LDA" 94 5000 2.9040404040404
230.75 18.515 0 0 "KDE LDA" 94 5000 2.91414141414141
239.16 18.545 0 0 "KDE LDA" 94 5000 2.92424242424242
239.775 18.55 0 0 "KDE LDA" 94 5000 2.93434343434343
242.66 18.55 0 0 "KDE LDA" 94 5000 2.94444444444444
251.54 18.615 0 0 "KDE LDA" 94 5000 2.95454545454545
263.51 18.735 0 0 "KDE LDA" 94 5000 2.96464646464646
263.535 18.945 0 0 "KDE LDA" 94 5000 2.97474747474747
263.54 18.945 0 0 "KDE LDA" 94 5000 2.98484848484848
264.66 19.225 0 0 "KDE LDA" 94 5000 2.99494949494949
265.585 19.23 0 0 "KDE LDA" 94 5000 3.00505050505051
265.59 19.295 0 0 "KDE LDA" 94 5000 3.01515151515152
269.86 19.39 0 0 "KDE LDA" 94 5000 3.02525252525253
273.46 19.4 0 0 "KDE LDA" 94 5000 3.03535353535354
274.545 19.54 0 0 "KDE LDA" 94 5000 3.04545454545455
275.14 19.66 0 0 "KDE LDA" 94 5000 3.05555555555556
280.885 19.67 0 0 "KDE LDA" 94 5000 3.06565656565657
289.58 19.705 0 0 "KDE LDA" 94 5000 3.07575757575758
293.705 19.855 0 0 "KDE LDA" 94 5000 3.08585858585859
302.19 20.07 0 0 "KDE LDA" 94 5000 3.0959595959596
308.135 20.07 0 0 "KDE LDA" 94 5000 3.10606060606061
308.14 20.075 0 0 "KDE LDA" 94 5000 3.11616161616162
311.645 20.195 0 0 "KDE LDA" 94 5000 3.12626262626263
314.635 20.205 0 0 "KDE LDA" 94 5000 3.13636363636364
316.455 20.275 0 0 "KDE LDA" 94 5000 3.14646464646465
316.99 20.435 0 0 "KDE LDA" 94 5000 3.15656565656566
321.655 20.495 0 0 "KDE LDA" 94 5000 3.16666666666667
324.76 20.59 0 0 "KDE LDA" 94 5000 3.17676767676768
339.02 20.875 0 0 "KDE LDA" 94 5000 3.18686868686869
339.315 21.08 0 0 "KDE LDA" 94 5000 3.1969696969697
341.75 21.115 0 0 "KDE LDA" 94 5000 3.20707070707071
342.29 21.415 0 0 "KDE LDA" 94 5000 3.21717171717172
369.655 21.71 0 0 "KDE LDA" 94 5000 3.22727272727273
378.76 21.895 0 0 "KDE LDA" 94 5000 3.23737373737374
388.115 21.92 0 0 "KDE LDA" 94 5000 3.24747474747475
388.12 22.145 0 0 "KDE LDA" 94 5000 3.25757575757576
394.885 22.285 0 0 "KDE LDA" 94 5000 3.26767676767677
394.9 22.375 0 0 "KDE LDA" 94 5000 3.27777777777778
397.215 22.385 0 0 "KDE LDA" 94 5000 3.28787878787879
406.92 22.41 0 0 "KDE LDA" 94 5000 3.2979797979798
410.305 22.475 0 0 "KDE LDA" 94 5000 3.30808080808081
414.785 22.5 0 0 "KDE LDA" 94 5000 3.31818181818182
418.645 22.555 0 0 "KDE LDA" 94 5000 3.32828282828283
431.775 22.68 0 0 "KDE LDA" 94 5000 3.33838383838384
432.78 22.87 0 0 "KDE LDA" 94 5000 3.34848484848485
492 23.035 0 0 "KDE LDA" 94 5000 3.35858585858586
501.22 23.06 0 0 "KDE LDA" 94 5000 3.36868686868687
501.235 23.09 0 0 "KDE LDA" 94 5000 3.37878787878788
502.9 23.19 0 0 "KDE LDA" 94 5000 3.38888888888889
505.365 23.295 0 0 "KDE LDA" 94 5000 3.3989898989899
507.88 23.32 0 0 "KDE LDA" 94 5000 3.40909090909091
509.435 23.455 0 0 "KDE LDA" 94 5000 3.41919191919192
509.62 23.48 0 0 "KDE LDA" 94 5000 3.42929292929293
509.62 23.515 0 0 "KDE LDA" 94 5000 3.43939393939394
515.755 23.52 0 0 "KDE LDA" 94 5000 3.44949494949495
518 23.56 0 0 "KDE LDA" 94 5000 3.45959595959596
527.085 23.78 0 0 "KDE LDA" 94 5000 3.46969696969697
536.99 23.805 0 0 "KDE LDA" 94 5000 3.47979797979798
543.67 23.875 0 0 "KDE LDA" 94 5000 3.48989898989899
559.5 23.89 0 0 "KDE LDA" 94 5000 3.5
101.14 11.545 0 0 "KDE QDA" 94 5000 2.7
102.635 11.545 0 0 "KDE QDA" 94 5000 2.71010101010101
102.635 11.545 0 0 "KDE QDA" 94 5000 2.72020202020202
102.635 11.545 0 0 "KDE QDA" 94 5000 2.73030303030303
102.635 11.545 0 0 "KDE QDA" 94 5000 2.74040404040404
102.635 11.545 0 0 "KDE QDA" 94 5000 2.75050505050505
102.64 11.545 0 0 "KDE QDA" 94 5000 2.76060606060606
102.64 11.545 0 0 "KDE QDA" 94 5000 2.77070707070707
102.64 11.545 0 0 "KDE QDA" 94 5000 2.78080808080808
102.64 11.545 0 0 "KDE QDA" 94 5000 2.79090909090909
143.315 12.525 0 0 "KDE QDA" 94 5000 2.8010101010101
143.315 12.525 0 0 "KDE QDA" 94 5000 2.81111111111111
143.315 12.525 0 0 "KDE QDA" 94 5000 2.82121212121212
145.95 12.64 0 0 "KDE QDA" 94 5000 2.83131313131313
145.955 12.64 0 0 "KDE QDA" 94 5000 2.84141414141414
145.975 12.66 0 0 "KDE QDA" 94 5000 2.85151515151515
145.975 12.66 0 0 "KDE QDA" 94 5000 2.86161616161616
145.975 12.66 0 0 "KDE QDA" 94 5000 2.87171717171717
145.975 12.66 0 0 "KDE QDA" 94 5000 2.88181818181818
145.975 12.66 0 0 "KDE QDA" 94 5000 2.89191919191919
145.975 12.66 0 0 "KDE QDA" 94 5000 2.9020202020202
145.975 12.66 0 0 "KDE QDA" 94 5000 2.91212121212121
147.18 12.66 0 0 "KDE QDA" 94 5000 2.92222222222222
147.18 12.66 0 0 "KDE QDA" 94 5000 2.93232323232323
147.18 12.66 0 0 "KDE QDA" 94 5000 2.94242424242424
147.18 12.66 0 0 "KDE QDA" 94 5000 2.95252525252525
157.94 12.8 0 0 "KDE QDA" 94 5000 2.96262626262626
157.94 12.805 0 0 "KDE QDA" 94 5000 2.97272727272727
157.94 12.815 0 0 "KDE QDA" 94 5000 2.98282828282828
159.015 12.82 0 0 "KDE QDA" 94 5000 2.99292929292929
160.045 12.82 0 0 "KDE QDA" 94 5000 3.0030303030303
162.375 12.825 0 0 "KDE QDA" 94 5000 3.01313131313131
162.53 12.825 0 0 "KDE QDA" 94 5000 3.02323232323232
162.53 12.825 0 0 "KDE QDA" 94 5000 3.03333333333333
162.53 12.83 0 0 "KDE QDA" 94 5000 3.04343434343434
162.53 12.83 0 0 "KDE QDA" 94 5000 3.05353535353535
162.53 12.845 0 0 "KDE QDA" 94 5000 3.06363636363636
162.53 12.87 0 0 "KDE QDA" 94 5000 3.07373737373737
163.415 12.87 0 0 "KDE QDA" 94 5000 3.08383838383838
184.73 13.405 0 0 "KDE QDA" 94 5000 3.09393939393939
185.905 13.405 0 0 "KDE QDA" 94 5000 3.1040404040404
185.905 13.405 0 0 "KDE QDA" 94 5000 3.11414141414141
188.675 13.425 0 0 "KDE QDA" 94 5000 3.12424242424242
189.575 13.425 0 0 "KDE QDA" 94 5000 3.13434343434343
189.885 13.425 0 0 "KDE QDA" 94 5000 3.14444444444444
190.715 13.43 0 0 "KDE QDA" 94 5000 3.15454545454545
190.715 13.43 0 0 "KDE QDA" 94 5000 3.16464646464646
190.715 13.43 0 0 "KDE QDA" 94 5000 3.17474747474748
190.715 13.43 0 0 "KDE QDA" 94 5000 3.18484848484849
190.715 13.43 0 0 "KDE QDA" 94 5000 3.19494949494949
190.715 13.43 0 0 "KDE QDA" 94 5000 3.20505050505051
190.715 13.43 0 0 "KDE QDA" 94 5000 3.21515151515152
210.52 13.89 0 0 "KDE QDA" 94 5000 3.22525252525253
215.69 13.905 0 0 "KDE QDA" 94 5000 3.23535353535354
215.69 13.905 0 0 "KDE QDA" 94 5000 3.24545454545455
220.815 14 0 0 "KDE QDA" 94 5000 3.25555555555556
220.815 14.005 0 0 "KDE QDA" 94 5000 3.26565656565657
220.83 14.01 0 0 "KDE QDA" 94 5000 3.27575757575758
220.835 14.01 0 0 "KDE QDA" 94 5000 3.28585858585859
220.835 14.01 0 0 "KDE QDA" 94 5000 3.2959595959596
220.84 14.01 0 0 "KDE QDA" 94 5000 3.30606060606061
221.24 14.01 0 0 "KDE QDA" 94 5000 3.31616161616162
221.24 14.01 0 0 "KDE QDA" 94 5000 3.32626262626263
221.24 14.01 0 0 "KDE QDA" 94 5000 3.33636363636364
221.24 14.01 0 0 "KDE QDA" 94 5000 3.34646464646465
221.265 14.01 0 0 "KDE QDA" 94 5000 3.35656565656566
265.245 14.94 0 0 "KDE QDA" 94 5000 3.36666666666667
265.245 14.94 0 0 "KDE QDA" 94 5000 3.37676767676768
270.235 15.1 0 0 "KDE QDA" 94 5000 3.38686868686869
273.585 15.1 0 0 "KDE QDA" 94 5000 3.3969696969697
273.59 15.1 0 0 "KDE QDA" 94 5000 3.40707070707071
274.075 15.115 0 0 "KDE QDA" 94 5000 3.41717171717172
274.075 15.115 0 0 "KDE QDA" 94 5000 3.42727272727273
274.075 15.115 0 0 "KDE QDA" 94 5000 3.43737373737374
274.075 15.115 0 0 "KDE QDA" 94 5000 3.44747474747475
274.075 15.115 0 0 "KDE QDA" 94 5000 3.45757575757576
274.08 15.115 0 0 "KDE QDA" 94 5000 3.46767676767677
274.08 15.115 0 0 "KDE QDA" 94 5000 3.47777777777778
274.08 15.13 0 0 "KDE QDA" 94 5000 3.48787878787879
274.08 15.13 0 0 "KDE QDA" 94 5000 3.4979797979798
274.08 15.13 0 0 "KDE QDA" 94 5000 3.50808080808081
292.59 15.315 0 0 "KDE QDA" 94 5000 3.51818181818182
295.275 15.32 0 0 "KDE QDA" 94 5000 3.52828282828283
295.32 15.32 0 0 "KDE QDA" 94 5000 3.53838383838384
296.815 15.36 0 0 "KDE QDA" 94 5000 3.54848484848485
296.815 15.36 0 0 "KDE QDA" 94 5000 3.55858585858586
296.82 15.36 0 0 "KDE QDA" 94 5000 3.56868686868687
296.845 15.37 0 0 "KDE QDA" 94 5000 3.57878787878788
296.85 15.37 0 0 "KDE QDA" 94 5000 3.58888888888889
296.85 15.375 0 0 "KDE QDA" 94 5000 3.5989898989899
296.85 15.375 0 0 "KDE QDA" 94 5000 3.60909090909091
296.85 15.375 0 0 "KDE QDA" 94 5000 3.61919191919192
297.67 15.38 0 0 "KDE QDA" 94 5000 3.62929292929293
297.67 15.38 0 0 "KDE QDA" 94 5000 3.63939393939394
297.675 15.38 0 0 "KDE QDA" 94 5000 3.64949494949495
326.5 15.795 0 0 "KDE QDA" 94 5000 3.65959595959596
326.525 15.795 0 0 "KDE QDA" 94 5000 3.66969696969697
331.08 15.915 0 0 "KDE QDA" 94 5000 3.67979797979798
331.08 15.915 0 0 "KDE QDA" 94 5000 3.68989898989899
336.3 15.915 0 0 "KDE QDA" 94 5000 3.7
