41.566 11.341 0 0 38.476617498087 7.91045474636536 "LDA" 33 200 1.5
43.248 11.692 0 0 39.8399010254006 8.28986476716345 "LDA" 33 200 1.53535353535354
46.074 12.109 0 0 42.6157086368703 8.59377518742328 "LDA" 33 200 1.57070707070707
48.497 12.356 0 0 44.175711476834 8.59890720994274 "LDA" 33 200 1.60606060606061
50.408 12.739 0 0 45.9384139242298 8.81002244579975 "LDA" 33 200 1.64141414141414
52.133 12.997 0 0 47.5706661639216 8.91125139368211 "LDA" 33 200 1.67676767676768
54.446 13.172 0 0 50.0705516660656 8.94731638372481 "LDA" 33 200 1.71212121212121
57.474 13.413 0 0 52.5755219613606 9.01930034862898 "LDA" 33 200 1.74747474747475
60.376 13.703 0 0 55.173496705744 9.09799783274125 "LDA" 33 200 1.78282828282828
63.126 14.032 0 0 58.8726431554768 9.24458968469875 "LDA" 33 200 1.81818181818182
66.115 14.33 0 0 62.6354130661718 9.28629825793547 "LDA" 33 200 1.85353535353535
69.308 14.643 0 0 66.1514107570288 9.48427659352586 "LDA" 33 200 1.88888888888889
72.99 14.926 0 0 70.0246624651155 9.68919007989855 "LDA" 33 200 1.92424242424242
76.958 15.152 0 0 73.2659958107589 9.69261795609643 "LDA" 33 200 1.95959595959596
81.158 15.369 0 0 76.5014084935794 9.72581258458287 "LDA" 33 200 1.99494949494949
84.565 15.658 0 0 79.1531489960823 9.90591556410427 "LDA" 33 200 2.03030303030303
89.873 15.912 0 0 84.4071171906281 10.0397735558653 "LDA" 33 200 2.06565656565657
94.8 16.175 0 0 88.7177143124914 10.2239377885384 "LDA" 33 200 2.1010101010101
99.487 16.417 0 0 92.9667502263452 10.2693997668594 "LDA" 33 200 2.13636363636364
103.749 16.729 0 0 96.7598598049288 10.4137411627621 "LDA" 33 200 2.17171717171717
107.753 17.042 0 0 100.832242522579 10.5455889093708 "LDA" 33 200 2.20707070707071
111.895 17.265 0 0 102.780697832068 10.6303235500515 "LDA" 33 200 2.24242424242424
117.095 17.521 0 0 108.872325033308 10.8079772099765 "LDA" 33 200 2.27777777777778
123.015 17.933 0 0 115.552555870341 11.0875355442246 "LDA" 33 200 2.31313131313131
128.577 18.292 0 0 119.265260127471 11.3451067622763 "LDA" 33 200 2.34848484848485
135.282 18.579 0 0 127.204282181872 11.4402201743514 "LDA" 33 200 2.38383838383838
141.828 18.835 0 0 132.234368998171 11.5345923994661 "LDA" 33 200 2.41919191919192
148.226 19.175 0 0 138.881334055189 11.7583431500205 "LDA" 33 200 2.45454545454545
154.421 19.467 0 0 147.889475812365 11.8140798830668 "LDA" 33 200 2.48989898989899
162.672 19.82 0 0 155.549690202591 12.3102860707273 "LDA" 33 200 2.52525252525253
172.173 20.169 0 0 162.414215659986 12.4863264152171 "LDA" 33 200 2.56060606060606
177.839 20.386 0 0 169.619461857538 12.506935173232 "LDA" 33 200 2.5959595959596
187.618 20.706 0 0 178.478347696847 12.8299716356729 "LDA" 33 200 2.63131313131313
198.884 21.161 0 0 187.831299684427 13.2801898496385 "LDA" 33 200 2.66666666666667
205.599 21.383 0 0 196.174240234368 13.296657930176 "LDA" 33 200 2.7020202020202
211.179 21.67 0 0 199.547468415791 13.4176426071472 "LDA" 33 200 2.73737373737374
217.981 22.077 0 0 203.346227718459 13.8099161758783 "LDA" 33 200 2.77272727272727
228.638 22.366 0 0 213.528061830733 13.865002065715 "LDA" 33 200 2.80808080808081
240.866 22.755 0 0 223.534009711045 14.0619598105568 "LDA" 33 200 2.84343434343434
248.746 23.052 0 0 230.618981436044 14.2099690083835 "LDA" 33 200 2.87878787878788
260.241 23.281 0 0 242.948304784779 14.2817368343982 "LDA" 33 200 2.91414141414141
268.199 23.575 0 0 248.33468447745 14.3764758566924 "LDA" 33 200 2.94949494949495
283.795 23.9 0 0 264.287167077181 14.4731292909126 "LDA" 33 200 2.98484848484848
293.813 24.208 0 0 272.623082985239 14.5405007534872 "LDA" 33 200 3.02020202020202
306.111 24.649 0 0 288.05354628007 14.7619007147695 "LDA" 33 200 3.05555555555556
317.991 25.009 0 0 296.270736435896 14.9191655430356 "LDA" 33 200 3.09090909090909
333.116 25.485 0 0 313.31265113519 15.3281677876949 "LDA" 33 200 3.12626262626263
345.933 25.805 0 0 331.925544479599 15.4447244881388 "LDA" 33 200 3.16161616161616
355.765 26.22 0 0 342.294231789138 15.6890326580623 "LDA" 33 200 3.1969696969697
371.406 26.563 0 0 362.539476520883 15.6977211546597 "LDA" 33 200 3.23232323232323
386.056 26.868 0 0 374.683338925643 15.754134973675 "LDA" 33 200 3.26767676767677
403.378 27.135 0 0 385.871999912298 15.7817565194385 "LDA" 33 200 3.3030303030303
416.419 27.54 0 0 402.886295132765 16.1768380745463 "LDA" 33 200 3.33838383838384
433.982 27.885 0 0 418.054459618848 16.2691874862103 "LDA" 33 200 3.37373737373737
456.958 28.285 0 0 436.012427658975 16.7559104657293 "LDA" 33 200 3.40909090909091
475.545 28.676 0 0 457.912211639489 16.9424930890372 "LDA" 33 200 3.44444444444444
494.07 29.019 0 0 479.820778081857 17.2031563263137 "LDA" 33 200 3.47979797979798
512.72 29.327 0 0 497.924325810895 17.2975511641468 "LDA" 33 200 3.51515151515152
537.3 29.73 0 0 519.334628593604 17.5148471266486 "LDA" 33 200 3.55050505050505
560.58 29.99 0 0 549.402138975005 17.611191159432 "LDA" 33 200 3.58585858585859
581.252 30.431 0 0 568.690975769725 18.1250588069875 "LDA" 33 200 3.62121212121212
600.127 30.943 0 0 580.840319147481 18.6095154441233 "LDA" 33 200 3.65656565656566
620.605 31.386 0 0 602.77830141409 18.8599762116155 "LDA" 33 200 3.69191919191919
648.035 31.635 0 0 629.470115574522 18.8638707751251 "LDA" 33 200 3.72727272727273
660.305 31.93 0 0 636.417028849488 18.8661345015621 "LDA" 33 200 3.76262626262626
680.632 32.39 0 0 656.029131058063 19.1567450492217 "LDA" 33 200 3.7979797979798
704.451 32.801 0 0 673.493973047072 19.3202140171808 "LDA" 33 200 3.83333333333333
746.399 33.126 0 0 725.316367961342 19.3938197435225 "LDA" 33 200 3.86868686868687
779.458 33.413 0 0 758.243922548729 19.4795247088548 "LDA" 33 200 3.9040404040404
814.148 33.867 0 0 788.193603915468 19.4955735588463 "LDA" 33 200 3.93939393939394
846.241 34.256 0 0 825.009524572071 19.6329293768382 "LDA" 33 200 3.97474747474747
872.681 34.612 0 0 852.093684336344 19.78769842627 "LDA" 33 200 4.01010101010101
906.188 34.975 0 0 902.430341454218 20.0087662219769 "LDA" 33 200 4.04545454545454
961.253 35.303 0 0 959.180091243786 20.1555808261245 "LDA" 33 200 4.08080808080808
1010.414 35.585 0 0 999.282135029637 20.148914455964 "LDA" 33 200 4.11616161616162
1048.521 36.011 0 0 1038.97624669681 20.2901594269136 "LDA" 33 200 4.15151515151515
1079.791 36.35 0 0 1077.78474812102 20.4138733763641 "LDA" 33 200 4.18686868686869
1145.272 36.634 0 0 1153.04736426577 20.4660426781267 "LDA" 33 200 4.22222222222222
1180.177 36.985 0 0 1176.39616694913 20.6404652031829 "LDA" 33 200 4.25757575757576
1210.498 37.369 0 0 1202.9469129065 20.7796687565907 "LDA" 33 200 4.29292929292929
1255.74 37.684 0 0 1231.33294084549 20.9719805447165 "LDA" 33 200 4.32828282828283
1329.673 37.968 0 0 1286.13042944818 20.9981880146812 "LDA" 33 200 4.36363636363636
1354.632 38.29 0 0 1296.14089272339 20.9537337713105 "LDA" 33 200 4.3989898989899
1407.389 38.713 0 0 1332.46452237288 21.4091798998463 "LDA" 33 200 4.43434343434343
1512 39.12 0 0 1449.87463266672 21.4917075518325 "LDA" 33 200 4.46969696969697
1557.757 39.509 0 0 1486.70081902052 21.8150364385397 "LDA" 33 200 4.50505050505051
1610.32232232232 39.824 1 0 1534.11900465809 21.9246827962394 "LDA" 33 200 4.54040404040404
1671.25425425425 40.126 1 0 1579.39505472735 22.043276299816 "LDA" 33 200 4.57575757575758
1737.37374749499 40.488 2 0 1650.29092040102 22.1439429689071 "LDA" 33 200 4.61111111111111
1797.58074222668 40.878 3 0 1671.57182982945 22.5047457123954 "LDA" 33 200 4.64646464646465
1876.3483935743 41.205 4 0 1753.40234946316 22.7166243095232 "LDA" 33 200 4.68181818181818
1957 41.497 5 0 1830.54358618569 22.8204900421916 "LDA" 33 200 4.71717171717172
2026.80885311871 41.981 6 0 1895.96654125568 23.1784356434786 "LDA" 33 200 4.75252525252525
2096.39090909091 42.435 10 0 1930.45384095838 23.3460663456141 "LDA" 33 200 4.78787878787879
2143.04347826087 42.941 11 0 1944.59697518046 23.7805179092473 "LDA" 33 200 4.82323232323232
2223.93110435664 43.142 13 0 2017.30361662748 23.9012783571739 "LDA" 33 200 4.85858585858586
2308.93110435664 43.407 13 0 2083.51270307852 24.0190813160551 "LDA" 33 200 4.89393939393939
2361.21181262729 44.034 18 0 2131.75993965288 24.8551125650362 "LDA" 33 200 4.92929292929293
2413.04480651731 44.448 18 0 2156.31551859354 24.9805388917718 "LDA" 33 200 4.96464646464646
2467.52653061225 44.815 20 0 2152.01418546759 25.1478665136864 "LDA" 33 200 5
242.041 34.106 0 0 223.563091262343 18.1967548174362 "uLSIF" 33 200 1.5
261.911 34.966 0 0 241.427646278108 18.4056407552579 "uLSIF" 33 200 1.53535353535354
278.449 36.205 0 0 254.27440860982 19.4718804723409 "uLSIF" 33 200 1.57070707070707
297.761 37.161 0 0 271.023887926557 19.7199887666539 "uLSIF" 33 200 1.60606060606061
319.325 37.922 0 0 303.595968166389 20.0084045403988 "uLSIF" 33 200 1.64141414141414
345.724 38.872 0 0 336.274084764324 20.2886975246625 "uLSIF" 33 200 1.67676767676768
367.891 39.822 0 0 353.648481358774 20.57920843521 "uLSIF" 33 200 1.71212121212121
390.958 40.867 0 0 369.752112719942 21.1035701167284 "uLSIF" 33 200 1.74747474747475
419.249 41.699 0 0 393.488841604775 21.4197386586346 "uLSIF" 33 200 1.78282828282828
444.952 42.546 0 0 417.381174396667 21.8746974010245 "uLSIF" 33 200 1.81818181818182
475.396 43.437 0 0 452.003566809387 21.9582831113272 "uLSIF" 33 200 1.85353535353535
507.473 44.438 0 0 477.218837735991 22.2519505955165 "uLSIF" 33 200 1.88888888888889
532.149 45.174 0 0 495.170914971825 22.4527024620166 "uLSIF" 33 200 1.92424242424242
576.281 46.262 0 0 536.630002700929 22.774284270291 "uLSIF" 33 200 1.95959595959596
613.256 47.178 0 0 575.37048904481 23.4573776148265 "uLSIF" 33 200 1.99494949494949
645.299 48.248 0 0 599.697452582245 24.0981995016063 "uLSIF" 33 200 2.03030303030303
680.659 48.997 0 0 626.787125601523 24.291213515468 "uLSIF" 33 200 2.06565656565657
725.223 49.751 0 0 668.586030778053 24.4815920100664 "uLSIF" 33 200 2.1010101010101
774.225 50.704 0 0 711.015093256 24.5964910377755 "uLSIF" 33 200 2.13636363636364
818.948 51.687 0 0 752.772217411952 24.968108407275 "uLSIF" 33 200 2.17171717171717
868.848848848849 52.719 1 0 790.308540606064 25.1879032368609 "uLSIF" 33 200 2.20707070707071
912.201201201201 53.92 1 0 818.10275442156 26.0722335322726 "uLSIF" 33 200 2.24242424242424
968.016016016016 54.966 1 0 902.856723001097 26.4156891379467 "uLSIF" 33 200 2.27777777777778
1027.12912912913 55.846 1 0 959.666068102273 26.8831729710053 "uLSIF" 33 200 2.31313131313131
1078.14614614615 56.788 1 0 1002.03601582812 27.1796576466627 "uLSIF" 33 200 2.34848484848485
1147.55455455455 57.834 1 0 1053.23047508324 27.3417998313574 "uLSIF" 33 200 2.38383838383838
1260.62962962963 58.689 1 0 1187.18460212471 27.7471833739064 "uLSIF" 33 200 2.41919191919192
1319.92992992993 60.007 1 0 1231.91964637526 28.7426005797681 "uLSIF" 33 200 2.45454545454545
1383.82282282282 60.695 1 0 1287.30171017741 28.9679325481836 "uLSIF" 33 200 2.48989898989899
1446.04004004004 61.886 1 0 1332.65406167339 29.6098589619699 "uLSIF" 33 200 2.52525252525253
1524.58316633267 62.843 2 0 1400.04856506867 30.0017742384923 "uLSIF" 33 200 2.56060606060606
1639.64729458918 63.88 2 0 1553.97118221451 30.2128849734417 "uLSIF" 33 200 2.5959595959596
1704.22066198596 65.198 3 0 1578.73895759854 30.6184631600981 "uLSIF" 33 200 2.63131313131313
1780.80522088353 66.41 4 0 1627.41647408198 31.3622622189709 "uLSIF" 33 200 2.66666666666667
1877.95879396985 67.483 5 0 1718.3302793714 31.7651181917167 "uLSIF" 33 200 2.7020202020202
1972.59296482412 68.337 5 0 1780.39793388123 31.981279418329 "uLSIF" 33 200 2.73737373737374
2049.80563947633 69.175 7 0 1840.49816776129 32.3691231752597 "uLSIF" 33 200 2.77272727272727
2150.60182370821 70.05 13 0 1915.44908024803 32.6101966403903 "uLSIF" 33 200 2.80808080808081
2223.41955193483 70.978 18 0 1923.15444796523 32.9627981527974 "uLSIF" 33 200 2.84343434343434
2322.81818181818 72.039 21 0 1980.32099648439 33.1933318043892 "uLSIF" 33 200 2.87878787878788
2454.86386898669 73.272 23 0 2047.50499381249 34.0544523039458 "uLSIF" 33 200 2.91414141414141
2566.57098765432 74.327 28 0 2103.82526746558 34.4005736939149 "uLSIF" 33 200 2.94949494949495
2639.62913223141 75.107 32 0 2129.03992808156 34.4443313618215 "uLSIF" 33 200 2.98484848484848
2777.95534787124 76.049 37 0 2184.63270058508 34.6045961842799 "uLSIF" 33 200 3.02020202020202
2881.03753910323 77.141 41 0 2238.08956302413 34.9661228726999 "uLSIF" 33 200 3.05555555555556
2968.60063224447 78.474 51 0 2293.57563781335 35.5537254221184 "uLSIF" 33 200 3.09090909090909
3081.67765957447 79.367 60 0 2337.74239221629 35.6602574999812 "uLSIF" 33 200 3.12626262626263
3226.33905579399 80.267 68 0 2419.16854827008 35.7959643264721 "uLSIF" 33 200 3.16161616161616
3344.25621621622 81.432 75 0 2454.00950480029 36.0623330896362 "uLSIF" 33 200 3.1969696969697
3428.52188183807 82.393 86 0 2492.1707354988 36.284502423433 "uLSIF" 33 200 3.23232323232323
3488.16111111111 83.38 100 0 2512.73868503365 36.4147447283876 "uLSIF" 33 200 3.26767676767677
3603.66778900112 84.249 109 0 2558.46795397838 36.7109069581465 "uLSIF" 33 200 3.3030303030303
3697.16551724138 85.372 130 0 2585.78236022673 36.9812551061917 "uLSIF" 33 200 3.33838383838384
3775.10470588235 86.429 150 0 2612.26175049499 37.7695048219393 "uLSIF" 33 200 3.37373737373737
3814.24940047962 87.62 166 0 2597.40374578869 38.2343231071699 "uLSIF" 33 200 3.40909090909091
3901.53997539975 88.578 187 0 2624.93387952165 38.9204408597425 "uLSIF" 33 200 3.44444444444444
4009.1582278481 89.358 210 0 2660.51227883505 39.0240017003473 "uLSIF" 33 200 3.47979797979798
4053.9370904325 90.107 237 0 2668.04083826923 39.1707275512837 "uLSIF" 33 200 3.51515151515152
4099.84779706275 90.932 251 0 2676.63486166598 39.3892992180985 "uLSIF" 33 200 3.55050505050505
4213.13461538462 91.854 272 0 2706.02780672975 39.4990995196455 "uLSIF" 33 200 3.58585858585859
4296.44617563739 92.705 294 0 2720.27729303458 39.4851497661089 "uLSIF" 33 200 3.62121212121212
4352.48265895954 93.538 308 0 2744.48441821787 39.6482854931023 "uLSIF" 33 200 3.65656565656566
4374.15269461078 94.642 332 0 2736.80023346221 39.8508711062623 "uLSIF" 33 200 3.69191919191919
4441.06923076923 95.587 350 0 2767.18426860257 40.0797557105556 "uLSIF" 33 200 3.72727272727273
4434.61844197138 96.488 371 0 2734.82909095421 40.4120649186724 "uLSIF" 33 200 3.76262626262626
4451.7048092869 97.395 397 0 2716.92411932921 40.8377606841719 "uLSIF" 33 200 3.7979797979798
4548.68707482993 98.171 412 0 2736.35014322735 40.9072262584517 "uLSIF" 33 200 3.83333333333333
4609.26964285714 99.008 440 0 2750.79856230563 41.0660243310009 "uLSIF" 33 200 3.86868686868687
4599.74259259259 99.976 460 0 2733.2833691899 41.3682336431561 "uLSIF" 33 200 3.9040404040404
4637.77159309021 101.126 479 0 2735.35347027497 41.6282720880538 "uLSIF" 33 200 3.93939393939394
4674.39130434783 102.069 494 0 2750.9797608484 41.952786263552 "uLSIF" 33 200 3.97474747474747
4740.31006160164 103.073 513 0 2765.60120945781 42.1971595166223 "uLSIF" 33 200 4.01010101010101
4727.33190578158 104.064 533 0 2781.6328747137 42.3700971102159 "uLSIF" 33 200 4.04545454545454
4759.87554585153 105.026 542 0 2768.587274498 42.9357287209709 "uLSIF" 33 200 4.08080808080808
4741.57207207207 106.224 556 0 2766.85931374591 43.2769536672664 "uLSIF" 33 200 4.11616161616162
4751.86935866983 106.992 579 0 2764.27153661327 43.3195396849796 "uLSIF" 33 200 4.15151515151515
4735.59949622166 108.015 603 0 2766.98629283689 43.7367772095828 "uLSIF" 33 200 4.18686868686869
4784.51958224543 109.041 617 0 2826.01250150224 43.8499959081086 "uLSIF" 33 200 4.22222222222222
4746.96739130435 109.973 632 0 2821.40106923567 43.9532952480603 "uLSIF" 33 200 4.25757575757576
4876.11079545455 110.916 648 0 2805.11459038348 44.1738188327687 "uLSIF" 33 200 4.29292929292929
4885.96449704142 111.914 662 0 2767.80185928599 44.3306418835754 "uLSIF" 33 200 4.32828282828283
4913.49544072948 113 671 0 2760.14048900306 44.7998105244098 "uLSIF" 33 200 4.36363636363636
5014 114.059 685 0 2762.37754606541 44.6461285644769 "uLSIF" 33 200 4.3989898989899
5037.74915254237 115.031 705 0 2752.82547701985 44.8448112505348 "uLSIF" 33 200 4.43434343434343
5013.83802816901 116.428 716 0 2739.07522021788 45.6091110087338 "uLSIF" 33 200 4.46969696969697
4985.46641791045 117.362 732 0 2729.1653007043 45.9855153675983 "uLSIF" 33 200 4.50505050505051
4898.31225296443 118.236 747 0 2724.59970726153 46.2255676774997 "uLSIF" 33 200 4.54040404040404
4931.75630252101 119.243 762 0 2720.98726642997 46.3387443747695 "uLSIF" 33 200 4.57575757575758
4942.6943231441 120.22 771 0 2708.70973249696 46.3244379734234 "uLSIF" 33 200 4.61111111111111
4967.3018018018 121.132 778 0 2711.41147792458 46.3886028942291 "uLSIF" 33 200 4.64646464646465
4978.12980769231 121.838 792 0 2736.03394642965 46.4711235211859 "uLSIF" 33 200 4.68181818181818
4962.24137931035 122.918 797 0 2719.63676153911 46.6324335614158 "uLSIF" 33 200 4.71717171717172
4910.58638743456 123.825 809 0 2722.9523260846 46.7031214862193 "uLSIF" 33 200 4.75252525252525
4884.36021505376 124.866 814 0 2701.30106877007 46.7682511252379 "uLSIF" 33 200 4.78787878787879
4842.16477272727 126.025 824 0 2687.38043265885 47.3954713628391 "uLSIF" 33 200 4.82323232323232
4848.89090909091 126.975 835 0 2678.36984462788 47.3579682012663 "uLSIF" 33 200 4.85858585858586
4876.62576687117 128.102 837 0 2672.33687461569 47.4768748934642 "uLSIF" 33 200 4.89393939393939
4813.21854304636 129.356 849 0 2635.73898529183 47.7935506892665 "uLSIF" 33 200 4.92929292929293
4850.44827586207 130.153 855 0 2621.73235224725 47.9508172179773 "uLSIF" 33 200 4.96464646464646
4883.60294117647 130.871 864 0 2650.61621704564 48.1100918720796 "uLSIF" 33 200 5
