130.33 13.67 0 0 "KDE LDA" 180 800 2.4
133.1 13.68 0 0 "KDE LDA" 180 800 2.41010101010101
134.615 13.705 0 0 "KDE LDA" 180 800 2.42020202020202
134.615 13.73 0 0 "KDE LDA" 180 800 2.43030303030303
135.55 13.76 0 0 "KDE LDA" 180 800 2.44040404040404
135.55 13.845 0 0 "KDE LDA" 180 800 2.45050505050505
135.895 13.92 0 0 "KDE LDA" 180 800 2.46060606060606
135.965 13.925 0 0 "KDE LDA" 180 800 2.47070707070707
138.495 13.925 0 0 "KDE LDA" 180 800 2.48080808080808
140.16 14 0 0 "KDE LDA" 180 800 2.49090909090909
141.455 14.03 0 0 "KDE LDA" 180 800 2.5010101010101
141.47 14.335 0 0 "KDE LDA" 180 800 2.51111111111111
141.7 14.575 0 0 "KDE LDA" 180 800 2.52121212121212
144.2 14.93 0 0 "KDE LDA" 180 800 2.53131313131313
146.595 15.035 0 0 "KDE LDA" 180 800 2.54141414141414
146.785 15.09 0 0 "KDE LDA" 180 800 2.55151515151515
146.785 15.1 0 0 "KDE LDA" 180 800 2.56161616161616
147.925 15.105 0 0 "KDE LDA" 180 800 2.57171717171717
150.795 15.11 0 0 "KDE LDA" 180 800 2.58181818181818
151.505 15.275 0 0 "KDE LDA" 180 800 2.59191919191919
152.785 15.3 0 0 "KDE LDA" 180 800 2.6020202020202
156.33 15.315 0 0 "KDE LDA" 180 800 2.61212121212121
158.31 15.36 0 0 "KDE LDA" 180 800 2.62222222222222
159.355 15.37 0 0 "KDE LDA" 180 800 2.63232323232323
160.89 15.5 0 0 "KDE LDA" 180 800 2.64242424242424
161.43 15.54 0 0 "KDE LDA" 180 800 2.65252525252525
169.44 15.765 0 0 "KDE LDA" 180 800 2.66262626262626
184.18 16.06 0 0 "KDE LDA" 180 800 2.67272727272727
184.185 16.06 0 0 "KDE LDA" 180 800 2.68282828282828
184.5 16.06 0 0 "KDE LDA" 180 800 2.69292929292929
186.95 16.15 0 0 "KDE LDA" 180 800 2.7030303030303
186.96 16.2 0 0 "KDE LDA" 180 800 2.71313131313131
188.8 16.24 0 0 "KDE LDA" 180 800 2.72323232323232
189.085 16.295 0 0 "KDE LDA" 180 800 2.73333333333333
193.32 16.6 0 0 "KDE LDA" 180 800 2.74343434343434
193.665 16.665 0 0 "KDE LDA" 180 800 2.75353535353535
196.46 16.67 0 0 "KDE LDA" 180 800 2.76363636363636
199.57 16.82 0 0 "KDE LDA" 180 800 2.77373737373737
203.43 16.915 0 0 "KDE LDA" 180 800 2.78383838383838
211.195 17.185 0 0 "KDE LDA" 180 800 2.79393939393939
248.2 17.785 0 0 "KDE LDA" 180 800 2.8040404040404
248.215 17.79 0 0 "KDE LDA" 180 800 2.81414141414141
254.335 17.815 0 0 "KDE LDA" 180 800 2.82424242424242
254.36 17.845 0 0 "KDE LDA" 180 800 2.83434343434343
257.15 17.92 0 0 "KDE LDA" 180 800 2.84444444444444
259.085 18 0 0 "KDE LDA" 180 800 2.85454545454545
260.005 18.01 0 0 "KDE LDA" 180 800 2.86464646464646
260.01 18.03 0 0 "KDE LDA" 180 800 2.87474747474747
260.04 18.03 0 0 "KDE LDA" 180 800 2.88484848484848
260.045 18.095 0 0 "KDE LDA" 180 800 2.89494949494949
262.59 18.115 0 0 "KDE LDA" 180 800 2.90505050505051
264.2 18.16 0 0 "KDE LDA" 180 800 2.91515151515152
268.78 18.16 0 0 "KDE LDA" 180 800 2.92525252525253
271.095 18.345 0 0 "KDE LDA" 180 800 2.93535353535354
271.11 18.43 0 0 "KDE LDA" 180 800 2.94545454545455
274.78 18.625 0 0 "KDE LDA" 180 800 2.95555555555556
277.345 18.825 0 0 "KDE LDA" 180 800 2.96565656565657
279.045 18.88 0 0 "KDE LDA" 180 800 2.97575757575758
279.145 18.885 0 0 "KDE LDA" 180 800 2.98585858585859
280.165 18.97 0 0 "KDE LDA" 180 800 2.9959595959596
280.165 18.985 0 0 "KDE LDA" 180 800 3.00606060606061
281.64 19 0 0 "KDE LDA" 180 800 3.01616161616162
285.58 19.07 0 0 "KDE LDA" 180 800 3.02626262626263
287.565 19.095 0 0 "KDE LDA" 180 800 3.03636363636364
288.26 19.105 0 0 "KDE LDA" 180 800 3.04646464646465
290.495 19.36 0 0 "KDE LDA" 180 800 3.05656565656566
296.995 19.39 0 0 "KDE LDA" 180 800 3.06666666666667
300.66 19.41 0 0 "KDE LDA" 180 800 3.07676767676768
301.73 19.705 0 0 "KDE LDA" 180 800 3.08686868686869
312.02 20.085 0 0 "KDE LDA" 180 800 3.0969696969697
313.7 20.11 0 0 "KDE LDA" 180 800 3.10707070707071
319.73 20.135 0 0 "KDE LDA" 180 800 3.11717171717172
323.155 20.165 0 0 "KDE LDA" 180 800 3.12727272727273
323.635 20.18 0 0 "KDE LDA" 180 800 3.13737373737374
324.45 20.275 0 0 "KDE LDA" 180 800 3.14747474747475
324.46 20.415 0 0 "KDE LDA" 180 800 3.15757575757576
325.1 20.44 0 0 "KDE LDA" 180 800 3.16767676767677
327.3 20.45 0 0 "KDE LDA" 180 800 3.17777777777778
332.165 20.545 0 0 "KDE LDA" 180 800 3.18787878787879
337.89 20.555 0 0 "KDE LDA" 180 800 3.1979797979798
342.69 20.575 0 0 "KDE LDA" 180 800 3.20808080808081
351.28 20.785 0 0 "KDE LDA" 180 800 3.21818181818182
371.27 21.01 0 0 "KDE LDA" 180 800 3.22828282828283
371.31 21.04 0 0 "KDE LDA" 180 800 3.23838383838384
374.65 21.475 0 0 "KDE LDA" 180 800 3.24848484848485
377.905 21.51 0 0 "KDE LDA" 180 800 3.25858585858586
382.505 21.535 0 0 "KDE LDA" 180 800 3.26868686868687
390.355 21.57 0 0 "KDE LDA" 180 800 3.27878787878788
390.36 21.585 0 0 "KDE LDA" 180 800 3.28888888888889
390.36 21.6 0 0 "KDE LDA" 180 800 3.2989898989899
403.74 21.64 0 0 "KDE LDA" 180 800 3.30909090909091
413.335 21.8 0 0 "KDE LDA" 180 800 3.31919191919192
418.18 21.85 0 0 "KDE LDA" 180 800 3.32929292929293
437.03 22.1 0 0 "KDE LDA" 180 800 3.33939393939394
447.175 22.12 0 0 "KDE LDA" 180 800 3.34949494949495
507.055 23.135 0 0 "KDE LDA" 180 800 3.35959595959596
507.075 23.135 0 0 "KDE LDA" 180 800 3.36969696969697
509.175 23.175 0 0 "KDE LDA" 180 800 3.37979797979798
509.285 23.235 0 0 "KDE LDA" 180 800 3.38989898989899
516.28 23.25 0 0 "KDE LDA" 180 800 3.4
168.09 17.59 0 0 "KDE QDA" 180 800 4.3
170.6 17.6 0 0 "KDE QDA" 180 800 4.31010101010101
172.115 17.605 0 0 "KDE QDA" 180 800 4.32020202020202
172.41 17.615 0 0 "KDE QDA" 180 800 4.33030303030303
173.475 17.635 0 0 "KDE QDA" 180 800 4.34040404040404
177.935 17.835 0 0 "KDE QDA" 180 800 4.35050505050505
179.805 17.9 0 0 "KDE QDA" 180 800 4.36060606060606
181.76 17.98 0 0 "KDE QDA" 180 800 4.37070707070707
182.13 18.065 0 0 "KDE QDA" 180 800 4.38080808080808
184.915 18.065 0 0 "KDE QDA" 180 800 4.39090909090909
185.335 18.065 0 0 "KDE QDA" 180 800 4.4010101010101
185.545 18.09 0 0 "KDE QDA" 180 800 4.41111111111111
189.065 18.125 0 0 "KDE QDA" 180 800 4.42121212121212
189.08 18.155 0 0 "KDE QDA" 180 800 4.43131313131313
193.005 18.18 0 0 "KDE QDA" 180 800 4.44141414141414
194.305 18.205 0 0 "KDE QDA" 180 800 4.45151515151515
196.835 18.235 0 0 "KDE QDA" 180 800 4.46161616161616
197.545 18.25 0 0 "KDE QDA" 180 800 4.47171717171717
201.2 18.77 0 0 "KDE QDA" 180 800 4.48181818181818
201.325 18.815 0 0 "KDE QDA" 180 800 4.49191919191919
203.43 18.815 0 0 "KDE QDA" 180 800 4.5020202020202
203.905 18.925 0 0 "KDE QDA" 180 800 4.51212121212121
203.92 18.96 0 0 "KDE QDA" 180 800 4.52222222222222
205.57 18.965 0 0 "KDE QDA" 180 800 4.53232323232323
205.69 18.985 0 0 "KDE QDA" 180 800 4.54242424242424
206.93 19.045 0 0 "KDE QDA" 180 800 4.55252525252525
206.93 19.07 0 0 "KDE QDA" 180 800 4.56262626262626
206.94 19.1 0 0 "KDE QDA" 180 800 4.57272727272727
206.975 19.105 0 0 "KDE QDA" 180 800 4.58282828282828
208.5 19.11 0 0 "KDE QDA" 180 800 4.59292929292929
211.355 19.115 0 0 "KDE QDA" 180 800 4.6030303030303
214.09 19.145 0 0 "KDE QDA" 180 800 4.61313131313131
215.45 19.2 0 0 "KDE QDA" 180 800 4.62323232323232
215.48 19.205 0 0 "KDE QDA" 180 800 4.63333333333333
216.585 19.33 0 0 "KDE QDA" 180 800 4.64343434343434
217.975 19.345 0 0 "KDE QDA" 180 800 4.65353535353535
218.32 19.365 0 0 "KDE QDA" 180 800 4.66363636363636
218.415 19.405 0 0 "KDE QDA" 180 800 4.67373737373737
218.47 19.405 0 0 "KDE QDA" 180 800 4.68383838383838
218.955 19.475 0 0 "KDE QDA" 180 800 4.69393939393939
222.88 19.475 0 0 "KDE QDA" 180 800 4.7040404040404
224.575 19.495 0 0 "KDE QDA" 180 800 4.71414141414141
225.915 19.495 0 0 "KDE QDA" 180 800 4.72424242424242
227.25 19.5 0 0 "KDE QDA" 180 800 4.73434343434343
229.66 19.5 0 0 "KDE QDA" 180 800 4.74444444444444
229.99 19.575 0 0 "KDE QDA" 180 800 4.75454545454545
229.995 19.595 0 0 "KDE QDA" 180 800 4.76464646464646
234.685 19.79 0 0 "KDE QDA" 180 800 4.77474747474747
235.585 19.83 0 0 "KDE QDA" 180 800 4.78484848484849
236.39 19.84 0 0 "KDE QDA" 180 800 4.79494949494949
237.97 19.93 0 0 "KDE QDA" 180 800 4.80505050505051
239.695 19.935 0 0 "KDE QDA" 180 800 4.81515151515152
239.715 19.94 0 0 "KDE QDA" 180 800 4.82525252525252
240.465 19.96 0 0 "KDE QDA" 180 800 4.83535353535354
241.55 20.03 0 0 "KDE QDA" 180 800 4.84545454545455
241.635 20.035 0 0 "KDE QDA" 180 800 4.85555555555556
241.67 20.15 0 0 "KDE QDA" 180 800 4.86565656565657
241.675 20.155 0 0 "KDE QDA" 180 800 4.87575757575758
243.435 20.195 0 0 "KDE QDA" 180 800 4.88585858585859
250.075 20.26 0 0 "KDE QDA" 180 800 4.8959595959596
253.545 20.355 0 0 "KDE QDA" 180 800 4.90606060606061
253.855 20.435 0 0 "KDE QDA" 180 800 4.91616161616162
253.89 20.455 0 0 "KDE QDA" 180 800 4.92626262626263
259.165 20.585 0 0 "KDE QDA" 180 800 4.93636363636364
259.85 20.595 0 0 "KDE QDA" 180 800 4.94646464646465
261.435 20.595 0 0 "KDE QDA" 180 800 4.95656565656566
261.795 20.605 0 0 "KDE QDA" 180 800 4.96666666666667
263.35 20.62 0 0 "KDE QDA" 180 800 4.97676767676768
263.39 20.67 0 0 "KDE QDA" 180 800 4.98686868686869
263.415 20.675 0 0 "KDE QDA" 180 800 4.9969696969697
263.435 20.69 0 0 "KDE QDA" 180 800 5.00707070707071
264.96 20.7 0 0 "KDE QDA" 180 800 5.01717171717172
265 20.805 0 0 "KDE QDA" 180 800 5.02727272727273
270.05 21.02 0 0 "KDE QDA" 180 800 5.03737373737374
270.495 21.02 0 0 "KDE QDA" 180 800 5.04747474747475
272.985 21.035 0 0 "KDE QDA" 180 800 5.05757575757576
274.325 21.07 0 0 "KDE QDA" 180 800 5.06767676767677
274.45 21.14 0 0 "KDE QDA" 180 800 5.07777777777778
274.765 21.145 0 0 "KDE QDA" 180 800 5.08787878787879
276.645 21.155 0 0 "KDE QDA" 180 800 5.0979797979798
276.69 21.17 0 0 "KDE QDA" 180 800 5.10808080808081
277.695 21.205 0 0 "KDE QDA" 180 800 5.11818181818182
278.525 21.235 0 0 "KDE QDA" 180 800 5.12828282828283
278.98 21.245 0 0 "KDE QDA" 180 800 5.13838383838384
279.075 21.245 0 0 "KDE QDA" 180 800 5.14848484848485
279.125 21.31 0 0 "KDE QDA" 180 800 5.15858585858586
280.835 21.32 0 0 "KDE QDA" 180 800 5.16868686868687
285.7 21.355 0 0 "KDE QDA" 180 800 5.17878787878788
285.71 21.395 0 0 "KDE QDA" 180 800 5.18888888888889
290.38 21.51 0 0 "KDE QDA" 180 800 5.1989898989899
290.44 21.56 0 0 "KDE QDA" 180 800 5.20909090909091
292.1 21.57 0 0 "KDE QDA" 180 800 5.21919191919192
299.385 21.665 0 0 "KDE QDA" 180 800 5.22929292929293
300.63 21.665 0 0 "KDE QDA" 180 800 5.23939393939394
300.64 21.74 0 0 "KDE QDA" 180 800 5.24949494949495
300.685 21.75 0 0 "KDE QDA" 180 800 5.25959595959596
302.86 21.845 0 0 "KDE QDA" 180 800 5.26969696969697
305.995 21.895 0 0 "KDE QDA" 180 800 5.27979797979798
306.025 21.9 0 0 "KDE QDA" 180 800 5.28989898989899
306.105 21.905 0 0 "KDE QDA" 180 800 5.3
