140.02 13.725 0 0 "KDE LDA" 186 2000 2.5
143.05 13.77 0 0 "KDE LDA" 186 2000 2.51010101010101
145.975 13.8 0 0 "KDE LDA" 186 2000 2.52020202020202
149.05 13.895 0 0 "KDE LDA" 186 2000 2.53030303030303
151.555 14 0 0 "KDE LDA" 186 2000 2.54040404040404
151.595 14.06 0 0 "KDE LDA" 186 2000 2.55050505050505
151.61 14.095 0 0 "KDE LDA" 186 2000 2.56060606060606
151.62 14.11 0 0 "KDE LDA" 186 2000 2.57070707070707
151.655 14.125 0 0 "KDE LDA" 186 2000 2.58080808080808
151.97 14.18 0 0 "KDE LDA" 186 2000 2.59090909090909
151.995 14.19 0 0 "KDE LDA" 186 2000 2.6010101010101
152.41 14.245 0 0 "KDE LDA" 186 2000 2.61111111111111
153.785 14.35 0 0 "KDE LDA" 186 2000 2.62121212121212
154.35 14.37 0 0 "KDE LDA" 186 2000 2.63131313131313
160.355 14.435 0 0 "KDE LDA" 186 2000 2.64141414141414
166.285 14.495 0 0 "KDE LDA" 186 2000 2.65151515151515
172.74 14.71 0 0 "KDE LDA" 186 2000 2.66161616161616
183.49 14.785 0 0 "KDE LDA" 186 2000 2.67171717171717
183.51 14.845 0 0 "KDE LDA" 186 2000 2.68181818181818
187.045 14.885 0 0 "KDE LDA" 186 2000 2.69191919191919
187.05 14.9 0 0 "KDE LDA" 186 2000 2.7020202020202
187.81 14.925 0 0 "KDE LDA" 186 2000 2.71212121212121
190.865 14.935 0 0 "KDE LDA" 186 2000 2.72222222222222
192.78 15.01 0 0 "KDE LDA" 186 2000 2.73232323232323
196.47 15.18 0 0 "KDE LDA" 186 2000 2.74242424242424
203.665 15.315 0 0 "KDE LDA" 186 2000 2.75252525252525
205.305 15.325 0 0 "KDE LDA" 186 2000 2.76262626262626
209.585 15.42 0 0 "KDE LDA" 186 2000 2.77272727272727
213.675 15.55 0 0 "KDE LDA" 186 2000 2.78282828282828
219.075 15.875 0 0 "KDE LDA" 186 2000 2.79292929292929
240.43 16.25 0 0 "KDE LDA" 186 2000 2.8030303030303
240.7 16.28 0 0 "KDE LDA" 186 2000 2.81313131313131
242.425 16.455 0 0 "KDE LDA" 186 2000 2.82323232323232
243.425 16.48 0 0 "KDE LDA" 186 2000 2.83333333333333
244.7 16.8 0 0 "KDE LDA" 186 2000 2.84343434343434
244.7 16.81 0 0 "KDE LDA" 186 2000 2.85353535353535
244.7 16.815 0 0 "KDE LDA" 186 2000 2.86363636363636
246.17 16.88 0 0 "KDE LDA" 186 2000 2.87373737373737
246.17 16.905 0 0 "KDE LDA" 186 2000 2.88383838383838
247.075 16.925 0 0 "KDE LDA" 186 2000 2.89393939393939
247.145 16.95 0 0 "KDE LDA" 186 2000 2.9040404040404
250.79 17.02 0 0 "KDE LDA" 186 2000 2.91414141414141
259.03 17.355 0 0 "KDE LDA" 186 2000 2.92424242424242
261.185 17.385 0 0 "KDE LDA" 186 2000 2.93434343434343
261.215 17.46 0 0 "KDE LDA" 186 2000 2.94444444444444
266.425 17.535 0 0 "KDE LDA" 186 2000 2.95454545454545
266.735 17.58 0 0 "KDE LDA" 186 2000 2.96464646464646
269.705 17.585 0 0 "KDE LDA" 186 2000 2.97474747474747
270.335 17.6 0 0 "KDE LDA" 186 2000 2.98484848484848
276.235 17.61 0 0 "KDE LDA" 186 2000 2.99494949494949
276.235 17.615 0 0 "KDE LDA" 186 2000 3.00505050505051
278.03 17.62 0 0 "KDE LDA" 186 2000 3.01515151515152
284.305 17.655 0 0 "KDE LDA" 186 2000 3.02525252525253
284.325 17.655 0 0 "KDE LDA" 186 2000 3.03535353535354
286.595 17.66 0 0 "KDE LDA" 186 2000 3.04545454545455
290.83 17.69 0 0 "KDE LDA" 186 2000 3.05555555555556
292.225 17.8 0 0 "KDE LDA" 186 2000 3.06565656565657
302.96 17.81 0 0 "KDE LDA" 186 2000 3.07575757575758
305.06 18.035 0 0 "KDE LDA" 186 2000 3.08585858585859
311.945 18.17 0 0 "KDE LDA" 186 2000 3.0959595959596
311.96 18.18 0 0 "KDE LDA" 186 2000 3.10606060606061
315.055 18.18 0 0 "KDE LDA" 186 2000 3.11616161616162
316.805 18.215 0 0 "KDE LDA" 186 2000 3.12626262626263
317.525 18.26 0 0 "KDE LDA" 186 2000 3.13636363636364
317.755 18.31 0 0 "KDE LDA" 186 2000 3.14646464646465
318.54 18.34 0 0 "KDE LDA" 186 2000 3.15656565656566
318.655 18.44 0 0 "KDE LDA" 186 2000 3.16666666666667
319.85 18.505 0 0 "KDE LDA" 186 2000 3.17676767676768
323.205 18.545 0 0 "KDE LDA" 186 2000 3.18686868686869
323.235 18.695 0 0 "KDE LDA" 186 2000 3.1969696969697
332.085 18.78 0 0 "KDE LDA" 186 2000 3.20707070707071
335.89 18.805 0 0 "KDE LDA" 186 2000 3.21717171717172
356.315 19.105 0 0 "KDE LDA" 186 2000 3.22727272727273
362.5 19.355 0 0 "KDE LDA" 186 2000 3.23737373737374
362.605 19.395 0 0 "KDE LDA" 186 2000 3.24747474747475
364.945 19.405 0 0 "KDE LDA" 186 2000 3.25757575757576
365 19.44 0 0 "KDE LDA" 186 2000 3.26767676767677
368.195 19.45 0 0 "KDE LDA" 186 2000 3.27777777777778
368.615 19.595 0 0 "KDE LDA" 186 2000 3.28787878787879
375.025 19.685 0 0 "KDE LDA" 186 2000 3.2979797979798
380.37 19.75 0 0 "KDE LDA" 186 2000 3.30808080808081
382.085 19.86 0 0 "KDE LDA" 186 2000 3.31818181818182
383.165 19.955 0 0 "KDE LDA" 186 2000 3.32828282828283
386.265 20 0 0 "KDE LDA" 186 2000 3.33838383838384
393.855 20.075 0 0 "KDE LDA" 186 2000 3.34848484848485
457.28 20.36 0 0 "KDE LDA" 186 2000 3.35858585858586
457.285 20.4 0 0 "KDE LDA" 186 2000 3.36868686868687
464.775 20.415 0 0 "KDE LDA" 186 2000 3.37878787878788
470.76 20.44 0 0 "KDE LDA" 186 2000 3.38888888888889
483.35 20.46 0 0 "KDE LDA" 186 2000 3.3989898989899
486.025 20.485 0 0 "KDE LDA" 186 2000 3.40909090909091
486.04 20.49 0 0 "KDE LDA" 186 2000 3.41919191919192
486.04 20.51 0 0 "KDE LDA" 186 2000 3.42929292929293
487.965 20.725 0 0 "KDE LDA" 186 2000 3.43939393939394
503.41 20.795 0 0 "KDE LDA" 186 2000 3.44949494949495
504.16 20.83 0 0 "KDE LDA" 186 2000 3.45959595959596
504.165 20.865 0 0 "KDE LDA" 186 2000 3.46969696969697
509.675 20.865 0 0 "KDE LDA" 186 2000 3.47979797979798
510.31 20.925 0 0 "KDE LDA" 186 2000 3.48989898989899
531.475 20.96 0 0 "KDE LDA" 186 2000 3.5
97.34 12.715 0 0 "KDE QDA" 186 2000 2.7
98.235 12.72 0 0 "KDE QDA" 186 2000 2.71010101010101
98.505 12.725 0 0 "KDE QDA" 186 2000 2.72020202020202
98.505 12.725 0 0 "KDE QDA" 186 2000 2.73030303030303
99.12 12.725 0 0 "KDE QDA" 186 2000 2.74040404040404
99.12 12.725 0 0 "KDE QDA" 186 2000 2.75050505050505
99.12 12.725 0 0 "KDE QDA" 186 2000 2.76060606060606
99.12 12.725 0 0 "KDE QDA" 186 2000 2.77070707070707
99.125 12.74 0 0 "KDE QDA" 186 2000 2.78080808080808
99.145 12.745 0 0 "KDE QDA" 186 2000 2.79090909090909
124.95 13.595 0 0 "KDE QDA" 186 2000 2.8010101010101
125.57 13.6 0 0 "KDE QDA" 186 2000 2.81111111111111
127.92 13.605 0 0 "KDE QDA" 186 2000 2.82121212121212
130.395 13.645 0 0 "KDE QDA" 186 2000 2.83131313131313
130.465 13.645 0 0 "KDE QDA" 186 2000 2.84141414141414
130.575 13.66 0 0 "KDE QDA" 186 2000 2.85151515151515
130.58 13.665 0 0 "KDE QDA" 186 2000 2.86161616161616
130.59 13.71 0 0 "KDE QDA" 186 2000 2.87171717171717
130.59 13.73 0 0 "KDE QDA" 186 2000 2.88181818181818
130.595 13.77 0 0 "KDE QDA" 186 2000 2.89191919191919
130.97 13.775 0 0 "KDE QDA" 186 2000 2.9020202020202
130.97 13.775 0 0 "KDE QDA" 186 2000 2.91212121212121
130.975 13.775 0 0 "KDE QDA" 186 2000 2.92222222222222
131.17 13.775 0 0 "KDE QDA" 186 2000 2.93232323232323
131.635 13.775 0 0 "KDE QDA" 186 2000 2.94242424242424
131.635 13.775 0 0 "KDE QDA" 186 2000 2.95252525252525
133.495 13.96 0 0 "KDE QDA" 186 2000 2.96262626262626
133.89 13.965 0 0 "KDE QDA" 186 2000 2.97272727272727
134.16 13.97 0 0 "KDE QDA" 186 2000 2.98282828282828
138.225 14.02 0 0 "KDE QDA" 186 2000 2.99292929292929
138.54 14.025 0 0 "KDE QDA" 186 2000 3.0030303030303
138.565 14.025 0 0 "KDE QDA" 186 2000 3.01313131313131
138.57 14.03 0 0 "KDE QDA" 186 2000 3.02323232323232
138.57 14.03 0 0 "KDE QDA" 186 2000 3.03333333333333
138.57 14.03 0 0 "KDE QDA" 186 2000 3.04343434343434
138.57 14.055 0 0 "KDE QDA" 186 2000 3.05353535353535
139.24 14.055 0 0 "KDE QDA" 186 2000 3.06363636363636
139.96 14.055 0 0 "KDE QDA" 186 2000 3.07373737373737
139.96 14.055 0 0 "KDE QDA" 186 2000 3.08383838383838
147.11 14.39 0 0 "KDE QDA" 186 2000 3.09393939393939
147.765 14.44 0 0 "KDE QDA" 186 2000 3.1040404040404
147.785 14.445 0 0 "KDE QDA" 186 2000 3.11414141414141
147.85 14.5 0 0 "KDE QDA" 186 2000 3.12424242424242
147.95 14.505 0 0 "KDE QDA" 186 2000 3.13434343434343
147.95 14.515 0 0 "KDE QDA" 186 2000 3.14444444444444
147.95 14.535 0 0 "KDE QDA" 186 2000 3.15454545454545
148.105 14.535 0 0 "KDE QDA" 186 2000 3.16464646464646
148.11 14.535 0 0 "KDE QDA" 186 2000 3.17474747474748
149.16 14.57 0 0 "KDE QDA" 186 2000 3.18484848484849
149.34 14.605 0 0 "KDE QDA" 186 2000 3.19494949494949
150.175 14.625 0 0 "KDE QDA" 186 2000 3.20505050505051
150.175 14.625 0 0 "KDE QDA" 186 2000 3.21515151515152
159.71 15.085 0 0 "KDE QDA" 186 2000 3.22525252525253
160.85 15.12 0 0 "KDE QDA" 186 2000 3.23535353535354
161.515 15.135 0 0 "KDE QDA" 186 2000 3.24545454545455
165.14 15.205 0 0 "KDE QDA" 186 2000 3.25555555555556
165.16 15.235 0 0 "KDE QDA" 186 2000 3.26565656565657
165.205 15.245 0 0 "KDE QDA" 186 2000 3.27575757575758
165.64 15.25 0 0 "KDE QDA" 186 2000 3.28585858585859
165.65 15.25 0 0 "KDE QDA" 186 2000 3.2959595959596
165.855 15.25 0 0 "KDE QDA" 186 2000 3.30606060606061
165.86 15.255 0 0 "KDE QDA" 186 2000 3.31616161616162
165.86 15.255 0 0 "KDE QDA" 186 2000 3.32626262626263
165.89 15.26 0 0 "KDE QDA" 186 2000 3.33636363636364
166.615 15.26 0 0 "KDE QDA" 186 2000 3.34646464646465
167.255 15.355 0 0 "KDE QDA" 186 2000 3.35656565656566
193.47 15.845 0 0 "KDE QDA" 186 2000 3.36666666666667
193.47 15.845 0 0 "KDE QDA" 186 2000 3.37676767676768
202.28 16.025 0 0 "KDE QDA" 186 2000 3.38686868686869
203.01 16.065 0 0 "KDE QDA" 186 2000 3.3969696969697
203.015 16.1 0 0 "KDE QDA" 186 2000 3.40707070707071
206.535 16.12 0 0 "KDE QDA" 186 2000 3.41717171717172
206.55 16.21 0 0 "KDE QDA" 186 2000 3.42727272727273
207.015 16.215 0 0 "KDE QDA" 186 2000 3.43737373737374
207.97 16.215 0 0 "KDE QDA" 186 2000 3.44747474747475
207.97 16.225 0 0 "KDE QDA" 186 2000 3.45757575757576
207.97 16.225 0 0 "KDE QDA" 186 2000 3.46767676767677
207.995 16.23 0 0 "KDE QDA" 186 2000 3.47777777777778
208.38 16.23 0 0 "KDE QDA" 186 2000 3.48787878787879
208.395 16.23 0 0 "KDE QDA" 186 2000 3.4979797979798
211.405 16.23 0 0 "KDE QDA" 186 2000 3.50808080808081
219.18 16.465 0 0 "KDE QDA" 186 2000 3.51818181818182
219.21 16.51 0 0 "KDE QDA" 186 2000 3.52828282828283
221.005 16.53 0 0 "KDE QDA" 186 2000 3.53838383838384
223.225 16.59 0 0 "KDE QDA" 186 2000 3.54848484848485
223.275 16.6 0 0 "KDE QDA" 186 2000 3.55858585858586
223.29 16.605 0 0 "KDE QDA" 186 2000 3.56868686868687
223.305 16.635 0 0 "KDE QDA" 186 2000 3.57878787878788
223.305 16.64 0 0 "KDE QDA" 186 2000 3.58888888888889
223.33 16.64 0 0 "KDE QDA" 186 2000 3.5989898989899
223.33 16.72 0 0 "KDE QDA" 186 2000 3.60909090909091
223.33 16.725 0 0 "KDE QDA" 186 2000 3.61919191919192
224.28 16.73 0 0 "KDE QDA" 186 2000 3.62929292929293
224.95 16.73 0 0 "KDE QDA" 186 2000 3.63939393939394
226.645 16.735 0 0 "KDE QDA" 186 2000 3.64949494949495
252.08 17.035 0 0 "KDE QDA" 186 2000 3.65959595959596
252.675 17.055 0 0 "KDE QDA" 186 2000 3.66969696969697
256.665 17.1 0 0 "KDE QDA" 186 2000 3.67979797979798
258.865 17.11 0 0 "KDE QDA" 186 2000 3.68989898989899
258.88 17.11 0 0 "KDE QDA" 186 2000 3.7
