135.715 14.305 0 0 "KDE LDA" 59 600 2.3
135.715 14.315 0 0 "KDE LDA" 59 600 2.31010101010101
138.955 14.35 0 0 "KDE LDA" 59 600 2.32020202020202
139.305 14.365 0 0 "KDE LDA" 59 600 2.33030303030303
139.57 14.37 0 0 "KDE LDA" 59 600 2.34040404040404
139.605 14.375 0 0 "KDE LDA" 59 600 2.35050505050505
141.23 14.385 0 0 "KDE LDA" 59 600 2.36060606060606
141.235 14.41 0 0 "KDE LDA" 59 600 2.37070707070707
141.24 14.42 0 0 "KDE LDA" 59 600 2.38080808080808
142.205 14.48 0 0 "KDE LDA" 59 600 2.39090909090909
143.815 14.63 0 0 "KDE LDA" 59 600 2.4010101010101
143.815 14.645 0 0 "KDE LDA" 59 600 2.41111111111111
143.82 14.665 0 0 "KDE LDA" 59 600 2.42121212121212
145.025 14.67 0 0 "KDE LDA" 59 600 2.43131313131313
146.4 14.745 0 0 "KDE LDA" 59 600 2.44141414141414
147.87 14.76 0 0 "KDE LDA" 59 600 2.45151515151515
148.62 14.805 0 0 "KDE LDA" 59 600 2.46161616161616
149.42 14.805 0 0 "KDE LDA" 59 600 2.47171717171717
149.62 14.81 0 0 "KDE LDA" 59 600 2.48181818181818
149.745 14.835 0 0 "KDE LDA" 59 600 2.49191919191919
150.98 14.895 0 0 "KDE LDA" 59 600 2.5020202020202
153.625 14.945 0 0 "KDE LDA" 59 600 2.51212121212121
153.63 14.965 0 0 "KDE LDA" 59 600 2.52222222222222
160.965 15.395 0 0 "KDE LDA" 59 600 2.53232323232323
164.3 15.405 0 0 "KDE LDA" 59 600 2.54242424242424
165.41 15.425 0 0 "KDE LDA" 59 600 2.55252525252525
165.415 15.555 0 0 "KDE LDA" 59 600 2.56262626262626
165.825 15.57 0 0 "KDE LDA" 59 600 2.57272727272727
165.825 15.58 0 0 "KDE LDA" 59 600 2.58282828282828
167.1 15.58 0 0 "KDE LDA" 59 600 2.59292929292929
167.57 15.725 0 0 "KDE LDA" 59 600 2.6030303030303
167.575 15.73 0 0 "KDE LDA" 59 600 2.61313131313131
168.065 15.815 0 0 "KDE LDA" 59 600 2.62323232323232
168.25 15.82 0 0 "KDE LDA" 59 600 2.63333333333333
171.305 15.87 0 0 "KDE LDA" 59 600 2.64343434343434
171.32 15.915 0 0 "KDE LDA" 59 600 2.65353535353535
173.215 16.115 0 0 "KDE LDA" 59 600 2.66363636363636
190.035 17.19 0 0 "KDE LDA" 59 600 2.67373737373737
191.04 17.225 0 0 "KDE LDA" 59 600 2.68383838383838
191.15 17.27 0 0 "KDE LDA" 59 600 2.69393939393939
191.365 17.305 0 0 "KDE LDA" 59 600 2.7040404040404
191.365 17.35 0 0 "KDE LDA" 59 600 2.71414141414141
192.26 17.355 0 0 "KDE LDA" 59 600 2.72424242424242
192.26 17.415 0 0 "KDE LDA" 59 600 2.73434343434343
195.135 17.44 0 0 "KDE LDA" 59 600 2.74444444444444
195.145 17.625 0 0 "KDE LDA" 59 600 2.75454545454545
199.68 17.63 0 0 "KDE LDA" 59 600 2.76464646464646
200.325 17.76 0 0 "KDE LDA" 59 600 2.77474747474747
205.355 17.83 0 0 "KDE LDA" 59 600 2.78484848484848
219.185 17.985 0 0 "KDE LDA" 59 600 2.79494949494949
257.83 18.815 0 0 "KDE LDA" 59 600 2.80505050505051
257.83 19.05 0 0 "KDE LDA" 59 600 2.81515151515151
266.275 19.13 0 0 "KDE LDA" 59 600 2.82525252525252
266.99 19.135 0 0 "KDE LDA" 59 600 2.83535353535354
266.995 19.275 0 0 "KDE LDA" 59 600 2.84545454545455
268.31 19.46 0 0 "KDE LDA" 59 600 2.85555555555556
268.315 19.505 0 0 "KDE LDA" 59 600 2.86565656565657
268.315 19.515 0 0 "KDE LDA" 59 600 2.87575757575758
268.33 19.515 0 0 "KDE LDA" 59 600 2.88585858585859
271.215 19.62 0 0 "KDE LDA" 59 600 2.8959595959596
271.24 19.645 0 0 "KDE LDA" 59 600 2.90606060606061
271.285 19.645 0 0 "KDE LDA" 59 600 2.91616161616162
273.29 19.71 0 0 "KDE LDA" 59 600 2.92626262626263
273.295 19.95 0 0 "KDE LDA" 59 600 2.93636363636364
277.485 19.98 0 0 "KDE LDA" 59 600 2.94646464646465
281.56 20.09 0 0 "KDE LDA" 59 600 2.95656565656566
283.575 20.195 0 0 "KDE LDA" 59 600 2.96666666666667
284.03 20.24 0 0 "KDE LDA" 59 600 2.97676767676768
286.285 20.445 0 0 "KDE LDA" 59 600 2.98686868686869
286.3 20.46 0 0 "KDE LDA" 59 600 2.9969696969697
286.315 20.505 0 0 "KDE LDA" 59 600 3.00707070707071
290.225 20.545 0 0 "KDE LDA" 59 600 3.01717171717172
290.225 20.55 0 0 "KDE LDA" 59 600 3.02727272727273
294.94 20.67 0 0 "KDE LDA" 59 600 3.03737373737374
295.54 20.71 0 0 "KDE LDA" 59 600 3.04747474747475
295.58 20.74 0 0 "KDE LDA" 59 600 3.05757575757576
298.425 20.84 0 0 "KDE LDA" 59 600 3.06767676767677
300.83 21.055 0 0 "KDE LDA" 59 600 3.07777777777778
311.025 21.065 0 0 "KDE LDA" 59 600 3.08787878787879
336.545 21.29 0 0 "KDE LDA" 59 600 3.0979797979798
336.69 21.32 0 0 "KDE LDA" 59 600 3.10808080808081
341.06 21.465 0 0 "KDE LDA" 59 600 3.11818181818182
341.085 21.59 0 0 "KDE LDA" 59 600 3.12828282828283
341.085 21.755 0 0 "KDE LDA" 59 600 3.13838383838384
343.69 21.76 0 0 "KDE LDA" 59 600 3.14848484848485
345.415 21.94 0 0 "KDE LDA" 59 600 3.15858585858586
353.7 21.97 0 0 "KDE LDA" 59 600 3.16868686868687
353.7 21.98 0 0 "KDE LDA" 59 600 3.17878787878788
353.965 21.99 0 0 "KDE LDA" 59 600 3.18888888888889
358.085 22.26 0 0 "KDE LDA" 59 600 3.1989898989899
360.415 22.325 0 0 "KDE LDA" 59 600 3.20909090909091
371.735 22.335 0 0 "KDE LDA" 59 600 3.21919191919192
422.795 22.61 0 0 "KDE LDA" 59 600 3.22929292929293
431.12 22.77 0 0 "KDE LDA" 59 600 3.23939393939394
439.225 22.815 0 0 "KDE LDA" 59 600 3.24949494949495
440.035 22.855 0 0 "KDE LDA" 59 600 3.25959595959596
440.185 22.855 0 0 "KDE LDA" 59 600 3.26969696969697
440.185 22.9 0 0 "KDE LDA" 59 600 3.27979797979798
441.075 23 0 0 "KDE LDA" 59 600 3.28989898989899
441.09 23.01 0 0 "KDE LDA" 59 600 3.3
183.8 18.225 0 0 "KDE QDA" 59 600 4.5
184.81 18.285 0 0 "KDE QDA" 59 600 4.51010101010101
184.895 18.365 0 0 "KDE QDA" 59 600 4.52020202020202
185.09 18.39 0 0 "KDE QDA" 59 600 4.53030303030303
185.185 18.41 0 0 "KDE QDA" 59 600 4.54040404040404
185.205 18.41 0 0 "KDE QDA" 59 600 4.55050505050505
185.215 18.44 0 0 "KDE QDA" 59 600 4.56060606060606
185.29 18.445 0 0 "KDE QDA" 59 600 4.57070707070707
185.295 18.455 0 0 "KDE QDA" 59 600 4.58080808080808
185.335 18.465 0 0 "KDE QDA" 59 600 4.59090909090909
186.61 18.465 0 0 "KDE QDA" 59 600 4.6010101010101
188.31 18.47 0 0 "KDE QDA" 59 600 4.61111111111111
193.345 18.485 0 0 "KDE QDA" 59 600 4.62121212121212
197.63 18.49 0 0 "KDE QDA" 59 600 4.63131313131313
199.59 18.69 0 0 "KDE QDA" 59 600 4.64141414141414
200.85 18.695 0 0 "KDE QDA" 59 600 4.65151515151515
200.86 18.695 0 0 "KDE QDA" 59 600 4.66161616161616
201.205 18.76 0 0 "KDE QDA" 59 600 4.67171717171717
204.83 18.77 0 0 "KDE QDA" 59 600 4.68181818181818
205.44 18.79 0 0 "KDE QDA" 59 600 4.69191919191919
207.36 18.825 0 0 "KDE QDA" 59 600 4.7020202020202
207.375 18.83 0 0 "KDE QDA" 59 600 4.71212121212121
207.4 18.855 0 0 "KDE QDA" 59 600 4.72222222222222
207.495 18.86 0 0 "KDE QDA" 59 600 4.73232323232323
209.93 18.86 0 0 "KDE QDA" 59 600 4.74242424242424
210.015 18.87 0 0 "KDE QDA" 59 600 4.75252525252525
211.4 18.9 0 0 "KDE QDA" 59 600 4.76262626262626
219.87 19.19 0 0 "KDE QDA" 59 600 4.77272727272727
219.89 19.205 0 0 "KDE QDA" 59 600 4.78282828282828
221.665 19.23 0 0 "KDE QDA" 59 600 4.79292929292929
223.465 19.26 0 0 "KDE QDA" 59 600 4.8030303030303
223.52 19.27 0 0 "KDE QDA" 59 600 4.81313131313131
224.3 19.27 0 0 "KDE QDA" 59 600 4.82323232323232
226.5 19.28 0 0 "KDE QDA" 59 600 4.83333333333333
226.595 19.28 0 0 "KDE QDA" 59 600 4.84343434343434
229.22 19.34 0 0 "KDE QDA" 59 600 4.85353535353535
230.02 19.34 0 0 "KDE QDA" 59 600 4.86363636363636
230.15 19.345 0 0 "KDE QDA" 59 600 4.87373737373737
234.205 19.42 0 0 "KDE QDA" 59 600 4.88383838383838
235.55 19.44 0 0 "KDE QDA" 59 600 4.89393939393939
239.035 19.73 0 0 "KDE QDA" 59 600 4.9040404040404
243.785 19.735 0 0 "KDE QDA" 59 600 4.91414141414141
243.795 19.735 0 0 "KDE QDA" 59 600 4.92424242424242
244.3 19.815 0 0 "KDE QDA" 59 600 4.93434343434343
244.925 19.885 0 0 "KDE QDA" 59 600 4.94444444444444
247.255 19.93 0 0 "KDE QDA" 59 600 4.95454545454546
251.44 19.945 0 0 "KDE QDA" 59 600 4.96464646464646
251.515 19.95 0 0 "KDE QDA" 59 600 4.97474747474747
251.525 19.965 0 0 "KDE QDA" 59 600 4.98484848484848
251.535 19.97 0 0 "KDE QDA" 59 600 4.99494949494949
252.04 19.995 0 0 "KDE QDA" 59 600 5.00505050505051
253.645 20 0 0 "KDE QDA" 59 600 5.01515151515152
254.355 20.045 0 0 "KDE QDA" 59 600 5.02525252525253
255.88 20.045 0 0 "KDE QDA" 59 600 5.03535353535354
255.925 20.25 0 0 "KDE QDA" 59 600 5.04545454545455
255.93 20.27 0 0 "KDE QDA" 59 600 5.05555555555556
256.06 20.455 0 0 "KDE QDA" 59 600 5.06565656565657
256.895 20.465 0 0 "KDE QDA" 59 600 5.07575757575758
258.815 20.49 0 0 "KDE QDA" 59 600 5.08585858585859
259.055 20.6 0 0 "KDE QDA" 59 600 5.0959595959596
259.275 20.74 0 0 "KDE QDA" 59 600 5.10606060606061
259.275 20.765 0 0 "KDE QDA" 59 600 5.11616161616162
261.335 20.77 0 0 "KDE QDA" 59 600 5.12626262626263
261.34 20.78 0 0 "KDE QDA" 59 600 5.13636363636364
261.47 20.81 0 0 "KDE QDA" 59 600 5.14646464646465
264.115 20.81 0 0 "KDE QDA" 59 600 5.15656565656566
265.62 20.815 0 0 "KDE QDA" 59 600 5.16666666666667
265.645 20.82 0 0 "KDE QDA" 59 600 5.17676767676768
268.435 20.855 0 0 "KDE QDA" 59 600 5.18686868686869
271.845 21.365 0 0 "KDE QDA" 59 600 5.1969696969697
275.565 21.42 0 0 "KDE QDA" 59 600 5.20707070707071
275.575 21.435 0 0 "KDE QDA" 59 600 5.21717171717172
275.825 21.45 0 0 "KDE QDA" 59 600 5.22727272727273
275.85 21.49 0 0 "KDE QDA" 59 600 5.23737373737374
275.865 21.505 0 0 "KDE QDA" 59 600 5.24747474747475
279.045 21.545 0 0 "KDE QDA" 59 600 5.25757575757576
281.45 21.545 0 0 "KDE QDA" 59 600 5.26767676767677
281.485 21.57 0 0 "KDE QDA" 59 600 5.27777777777778
281.585 21.58 0 0 "KDE QDA" 59 600 5.28787878787879
281.59 21.585 0 0 "KDE QDA" 59 600 5.2979797979798
281.615 21.67 0 0 "KDE QDA" 59 600 5.30808080808081
283.7 21.67 0 0 "KDE QDA" 59 600 5.31818181818182
284.545 21.705 0 0 "KDE QDA" 59 600 5.32828282828283
285.285 21.875 0 0 "KDE QDA" 59 600 5.33838383838384
291.72 21.915 0 0 "KDE QDA" 59 600 5.34848484848485
293.765 21.95 0 0 "KDE QDA" 59 600 5.35858585858586
296.575 21.955 0 0 "KDE QDA" 59 600 5.36868686868687
296.575 21.97 0 0 "KDE QDA" 59 600 5.37878787878788
306.86 21.985 0 0 "KDE QDA" 59 600 5.38888888888889
306.955 22 0 0 "KDE QDA" 59 600 5.3989898989899
307.15 22.015 0 0 "KDE QDA" 59 600 5.40909090909091
307.18 22.015 0 0 "KDE QDA" 59 600 5.41919191919192
307.56 22.015 0 0 "KDE QDA" 59 600 5.42929292929293
308.005 22.025 0 0 "KDE QDA" 59 600 5.43939393939394
308.03 22.055 0 0 "KDE QDA" 59 600 5.44949494949495
308.87 22.115 0 0 "KDE QDA" 59 600 5.45959595959596
313.93 22.485 0 0 "KDE QDA" 59 600 5.46969696969697
314.825 22.505 0 0 "KDE QDA" 59 600 5.47979797979798
317.285 22.59 0 0 "KDE QDA" 59 600 5.48989898989899
320.355 22.595 0 0 "KDE QDA" 59 600 5.5
