121.25 13.415 0 0 "KDE LDA" 179 5000 2.5
124.915 13.485 0 0 "KDE LDA" 179 5000 2.51010101010101
127.2 13.785 0 0 "KDE LDA" 179 5000 2.52020202020202
131.165 13.965 0 0 "KDE LDA" 179 5000 2.53030303030303
132.32 14.07 0 0 "KDE LDA" 179 5000 2.54040404040404
133.16 14.535 0 0 "KDE LDA" 179 5000 2.55050505050505
134.96 14.79 0 0 "KDE LDA" 179 5000 2.56060606060606
135.315 14.805 0 0 "KDE LDA" 179 5000 2.57070707070707
135.735 14.83 0 0 "KDE LDA" 179 5000 2.58080808080808
135.765 14.85 0 0 "KDE LDA" 179 5000 2.59090909090909
135.8 14.865 0 0 "KDE LDA" 179 5000 2.6010101010101
136.195 14.875 0 0 "KDE LDA" 179 5000 2.61111111111111
136.305 14.955 0 0 "KDE LDA" 179 5000 2.62121212121212
137.495 15.055 0 0 "KDE LDA" 179 5000 2.63131313131313
140.515 15.105 0 0 "KDE LDA" 179 5000 2.64141414141414
140.545 15.16 0 0 "KDE LDA" 179 5000 2.65151515151515
142.225 15.51 0 0 "KDE LDA" 179 5000 2.66161616161616
150.495 15.66 0 0 "KDE LDA" 179 5000 2.67171717171717
153.36 15.695 0 0 "KDE LDA" 179 5000 2.68181818181818
153.985 15.695 0 0 "KDE LDA" 179 5000 2.69191919191919
156.98 15.915 0 0 "KDE LDA" 179 5000 2.7020202020202
157.16 15.95 0 0 "KDE LDA" 179 5000 2.71212121212121
157.165 16.08 0 0 "KDE LDA" 179 5000 2.72222222222222
158.33 16.22 0 0 "KDE LDA" 179 5000 2.73232323232323
160.285 16.31 0 0 "KDE LDA" 179 5000 2.74242424242424
161.63 16.32 0 0 "KDE LDA" 179 5000 2.75252525252525
164.16 16.34 0 0 "KDE LDA" 179 5000 2.76262626262626
165.745 16.375 0 0 "KDE LDA" 179 5000 2.77272727272727
176.265 16.71 0 0 "KDE LDA" 179 5000 2.78282828282828
185.26 16.915 0 0 "KDE LDA" 179 5000 2.79292929292929
216.21 17.21 0 0 "KDE LDA" 179 5000 2.8030303030303
217.265 17.34 0 0 "KDE LDA" 179 5000 2.81313131313131
224.39 17.35 0 0 "KDE LDA" 179 5000 2.82323232323232
224.39 17.405 0 0 "KDE LDA" 179 5000 2.83333333333333
224.645 17.415 0 0 "KDE LDA" 179 5000 2.84343434343434
228.2 17.45 0 0 "KDE LDA" 179 5000 2.85353535353535
229.115 17.485 0 0 "KDE LDA" 179 5000 2.86363636363636
229.6 17.485 0 0 "KDE LDA" 179 5000 2.87373737373737
229.605 17.49 0 0 "KDE LDA" 179 5000 2.88383838383838
229.605 17.535 0 0 "KDE LDA" 179 5000 2.89393939393939
230.295 17.545 0 0 "KDE LDA" 179 5000 2.9040404040404
238.485 17.565 0 0 "KDE LDA" 179 5000 2.91414141414141
239.25 17.6 0 0 "KDE LDA" 179 5000 2.92424242424242
244.765 17.695 0 0 "KDE LDA" 179 5000 2.93434343434343
244.775 17.7 0 0 "KDE LDA" 179 5000 2.94444444444444
253.155 17.72 0 0 "KDE LDA" 179 5000 2.95454545454545
256.605 17.735 0 0 "KDE LDA" 179 5000 2.96464646464646
256.61 17.74 0 0 "KDE LDA" 179 5000 2.97474747474747
256.615 17.75 0 0 "KDE LDA" 179 5000 2.98484848484848
258.59 17.76 0 0 "KDE LDA" 179 5000 2.99494949494949
260.94 17.765 0 0 "KDE LDA" 179 5000 3.00505050505051
264.22 17.775 0 0 "KDE LDA" 179 5000 3.01515151515152
266.75 17.805 0 0 "KDE LDA" 179 5000 3.02525252525253
266.855 17.865 0 0 "KDE LDA" 179 5000 3.03535353535354
266.92 17.885 0 0 "KDE LDA" 179 5000 3.04545454545455
269.66 17.92 0 0 "KDE LDA" 179 5000 3.05555555555556
271.955 17.97 0 0 "KDE LDA" 179 5000 3.06565656565657
274.405 18.025 0 0 "KDE LDA" 179 5000 3.07575757575758
286.02 18.105 0 0 "KDE LDA" 179 5000 3.08585858585859
299.185 18.295 0 0 "KDE LDA" 179 5000 3.0959595959596
301.91 18.35 0 0 "KDE LDA" 179 5000 3.10606060606061
303.63 18.365 0 0 "KDE LDA" 179 5000 3.11616161616162
303.785 18.43 0 0 "KDE LDA" 179 5000 3.12626262626263
304.195 18.435 0 0 "KDE LDA" 179 5000 3.13636363636364
307.75 18.46 0 0 "KDE LDA" 179 5000 3.14646464646465
307.78 18.47 0 0 "KDE LDA" 179 5000 3.15656565656566
310.51 18.505 0 0 "KDE LDA" 179 5000 3.16666666666667
311.62 18.585 0 0 "KDE LDA" 179 5000 3.17676767676768
316.445 18.68 0 0 "KDE LDA" 179 5000 3.18686868686869
319.815 18.755 0 0 "KDE LDA" 179 5000 3.1969696969697
324.485 18.845 0 0 "KDE LDA" 179 5000 3.20707070707071
336.605 19.025 0 0 "KDE LDA" 179 5000 3.21717171717172
351.655 19.6 0 0 "KDE LDA" 179 5000 3.22727272727273
351.665 19.645 0 0 "KDE LDA" 179 5000 3.23737373737374
353.29 19.67 0 0 "KDE LDA" 179 5000 3.24747474747475
353.345 19.865 0 0 "KDE LDA" 179 5000 3.25757575757576
353.875 19.88 0 0 "KDE LDA" 179 5000 3.26767676767677
356.745 19.935 0 0 "KDE LDA" 179 5000 3.27777777777778
374.61 20.025 0 0 "KDE LDA" 179 5000 3.28787878787879
374.715 20.09 0 0 "KDE LDA" 179 5000 3.2979797979798
376.965 20.13 0 0 "KDE LDA" 179 5000 3.30808080808081
379.315 20.185 0 0 "KDE LDA" 179 5000 3.31818181818182
391.645 20.22 0 0 "KDE LDA" 179 5000 3.32828282828283
412.005 20.31 0 0 "KDE LDA" 179 5000 3.33838383838384
422.51 20.505 0 0 "KDE LDA" 179 5000 3.34848484848485
472.935 21.045 0 0 "KDE LDA" 179 5000 3.35858585858586
478.875 21.045 0 0 "KDE LDA" 179 5000 3.36868686868687
482.92 21.055 0 0 "KDE LDA" 179 5000 3.37878787878788
497.985 21.12 0 0 "KDE LDA" 179 5000 3.38888888888889
498.01 21.405 0 0 "KDE LDA" 179 5000 3.3989898989899
501.165 21.415 0 0 "KDE LDA" 179 5000 3.40909090909091
507.97 21.46 0 0 "KDE LDA" 179 5000 3.41919191919192
511.875 21.515 0 0 "KDE LDA" 179 5000 3.42929292929293
511.905 21.58 0 0 "KDE LDA" 179 5000 3.43939393939394
511.91 21.595 0 0 "KDE LDA" 179 5000 3.44949494949495
512.175 21.69 0 0 "KDE LDA" 179 5000 3.45959595959596
514.985 21.775 0 0 "KDE LDA" 179 5000 3.46969696969697
528.035 21.995 0 0 "KDE LDA" 179 5000 3.47979797979798
528.08 22.05 0 0 "KDE LDA" 179 5000 3.48989898989899
534.27 22.075 0 0 "KDE LDA" 179 5000 3.5
113.795 12.72 0 0 "KDE QDA" 179 5000 2.7
114.035 12.725 0 0 "KDE QDA" 179 5000 2.71010101010101
114.035 12.73 0 0 "KDE QDA" 179 5000 2.72020202020202
114.035 12.73 0 0 "KDE QDA" 179 5000 2.73030303030303
114.035 12.73 0 0 "KDE QDA" 179 5000 2.74040404040404
114.035 12.73 0 0 "KDE QDA" 179 5000 2.75050505050505
114.035 12.73 0 0 "KDE QDA" 179 5000 2.76060606060606
114.035 12.73 0 0 "KDE QDA" 179 5000 2.77070707070707
114.095 12.73 0 0 "KDE QDA" 179 5000 2.78080808080808
114.095 12.73 0 0 "KDE QDA" 179 5000 2.79090909090909
145.795 13.635 0 0 "KDE QDA" 179 5000 2.8010101010101
145.795 13.66 0 0 "KDE QDA" 179 5000 2.81111111111111
145.795 13.67 0 0 "KDE QDA" 179 5000 2.82121212121212
152.525 13.79 0 0 "KDE QDA" 179 5000 2.83131313131313
152.525 13.79 0 0 "KDE QDA" 179 5000 2.84141414141414
152.845 13.8 0 0 "KDE QDA" 179 5000 2.85151515151515
152.845 13.8 0 0 "KDE QDA" 179 5000 2.86161616161616
152.845 13.825 0 0 "KDE QDA" 179 5000 2.87171717171717
152.845 13.825 0 0 "KDE QDA" 179 5000 2.88181818181818
152.845 13.825 0 0 "KDE QDA" 179 5000 2.89191919191919
152.845 13.825 0 0 "KDE QDA" 179 5000 2.9020202020202
152.845 13.825 0 0 "KDE QDA" 179 5000 2.91212121212121
152.845 13.825 0 0 "KDE QDA" 179 5000 2.92222222222222
152.845 13.825 0 0 "KDE QDA" 179 5000 2.93232323232323
152.85 13.85 0 0 "KDE QDA" 179 5000 2.94242424242424
152.85 13.85 0 0 "KDE QDA" 179 5000 2.95252525252525
157.99 14.185 0 0 "KDE QDA" 179 5000 2.96262626262626
157.99 14.185 0 0 "KDE QDA" 179 5000 2.97272727272727
158.095 14.325 0 0 "KDE QDA" 179 5000 2.98282828282828
158.16 14.325 0 0 "KDE QDA" 179 5000 2.99292929292929
158.28 14.325 0 0 "KDE QDA" 179 5000 3.0030303030303
158.28 14.325 0 0 "KDE QDA" 179 5000 3.01313131313131
158.28 14.325 0 0 "KDE QDA" 179 5000 3.02323232323232
158.285 14.325 0 0 "KDE QDA" 179 5000 3.03333333333333
158.285 14.325 0 0 "KDE QDA" 179 5000 3.04343434343434
158.285 14.33 0 0 "KDE QDA" 179 5000 3.05353535353535
158.285 14.33 0 0 "KDE QDA" 179 5000 3.06363636363636
158.285 14.33 0 0 "KDE QDA" 179 5000 3.07373737373737
158.285 14.33 0 0 "KDE QDA" 179 5000 3.08383838383838
168.65 14.66 0 0 "KDE QDA" 179 5000 3.09393939393939
169.97 14.665 0 0 "KDE QDA" 179 5000 3.1040404040404
170.955 14.665 0 0 "KDE QDA" 179 5000 3.11414141414141
172.265 14.705 0 0 "KDE QDA" 179 5000 3.12424242424242
172.27 14.705 0 0 "KDE QDA" 179 5000 3.13434343434343
172.285 14.705 0 0 "KDE QDA" 179 5000 3.14444444444444
172.285 14.705 0 0 "KDE QDA" 179 5000 3.15454545454545
172.29 14.71 0 0 "KDE QDA" 179 5000 3.16464646464646
172.29 14.715 0 0 "KDE QDA" 179 5000 3.17474747474748
172.29 14.715 0 0 "KDE QDA" 179 5000 3.18484848484849
173.205 14.715 0 0 "KDE QDA" 179 5000 3.19494949494949
173.205 14.715 0 0 "KDE QDA" 179 5000 3.20505050505051
173.205 14.715 0 0 "KDE QDA" 179 5000 3.21515151515152
200.17 15.45 0 0 "KDE QDA" 179 5000 3.22525252525253
200.35 15.455 0 0 "KDE QDA" 179 5000 3.23535353535354
200.35 15.455 0 0 "KDE QDA" 179 5000 3.24545454545455
201.695 15.555 0 0 "KDE QDA" 179 5000 3.25555555555556
201.695 15.555 0 0 "KDE QDA" 179 5000 3.26565656565657
201.99 15.575 0 0 "KDE QDA" 179 5000 3.27575757575758
203.225 15.575 0 0 "KDE QDA" 179 5000 3.28585858585859
203.225 15.575 0 0 "KDE QDA" 179 5000 3.2959595959596
203.24 15.575 0 0 "KDE QDA" 179 5000 3.30606060606061
203.24 15.575 0 0 "KDE QDA" 179 5000 3.31616161616162
203.24 15.575 0 0 "KDE QDA" 179 5000 3.32626262626263
203.285 15.575 0 0 "KDE QDA" 179 5000 3.33636363636364
203.285 15.575 0 0 "KDE QDA" 179 5000 3.34646464646465
203.715 15.575 0 0 "KDE QDA" 179 5000 3.35656565656566
238.605 16.245 0 0 "KDE QDA" 179 5000 3.36666666666667
238.605 16.255 0 0 "KDE QDA" 179 5000 3.37676767676768
249.97 16.48 0 0 "KDE QDA" 179 5000 3.38686868686869
249.98 16.505 0 0 "KDE QDA" 179 5000 3.3969696969697
249.98 16.51 0 0 "KDE QDA" 179 5000 3.40707070707071
251.915 16.54 0 0 "KDE QDA" 179 5000 3.41717171717172
251.915 16.54 0 0 "KDE QDA" 179 5000 3.42727272727273
251.92 16.655 0 0 "KDE QDA" 179 5000 3.43737373737374
252.96 16.655 0 0 "KDE QDA" 179 5000 3.44747474747475
252.96 16.655 0 0 "KDE QDA" 179 5000 3.45757575757576
252.965 16.655 0 0 "KDE QDA" 179 5000 3.46767676767677
252.965 16.655 0 0 "KDE QDA" 179 5000 3.47777777777778
252.965 16.655 0 0 "KDE QDA" 179 5000 3.48787878787879
252.97 16.655 0 0 "KDE QDA" 179 5000 3.4979797979798
254.56 16.655 0 0 "KDE QDA" 179 5000 3.50808080808081
271.82 16.925 0 0 "KDE QDA" 179 5000 3.51818181818182
271.82 16.925 0 0 "KDE QDA" 179 5000 3.52828282828283
271.82 16.925 0 0 "KDE QDA" 179 5000 3.53838383838384
271.88 17.005 0 0 "KDE QDA" 179 5000 3.54848484848485
271.88 17.005 0 0 "KDE QDA" 179 5000 3.55858585858586
271.88 17.005 0 0 "KDE QDA" 179 5000 3.56868686868687
271.885 17.005 0 0 "KDE QDA" 179 5000 3.57878787878788
271.91 17.005 0 0 "KDE QDA" 179 5000 3.58888888888889
271.91 17.005 0 0 "KDE QDA" 179 5000 3.5989898989899
273.26 17.01 0 0 "KDE QDA" 179 5000 3.60909090909091
273.26 17.01 0 0 "KDE QDA" 179 5000 3.61919191919192
273.26 17.01 0 0 "KDE QDA" 179 5000 3.62929292929293
273.26 17.01 0 0 "KDE QDA" 179 5000 3.63939393939394
273.265 17.01 0 0 "KDE QDA" 179 5000 3.64949494949495
283.415 17.475 0 0 "KDE QDA" 179 5000 3.65959595959596
292.195 17.485 0 0 "KDE QDA" 179 5000 3.66969696969697
300.33 17.63 0 0 "KDE QDA" 179 5000 3.67979797979798
300.335 17.63 0 0 "KDE QDA" 179 5000 3.68989898989899
300.34 17.63 0 0 "KDE QDA" 179 5000 3.7
