38.813 0 32.083287991856 "LDA" 35 1 3 1.5
40.404 0 33.9403702503778 "LDA" 35 1 3 1.53535353535354
41.908 0 35.0717202538108 "LDA" 35 1 3 1.57070707070707
44.12 0 36.7993721929301 "LDA" 35 1 3 1.60606060606061
45.436 0 38.2093163489725 "LDA" 35 1 3 1.64141414141414
46.853 0 39.554594637753 "LDA" 35 1 3 1.67676767676768
48.668 0 41.2139826802551 "LDA" 35 1 3 1.71212121212121
50.493 0 43.1864216857338 "LDA" 35 1 3 1.74747474747475
52.123 0 44.8509473531884 "LDA" 35 1 3 1.78282828282828
54.017 0 47.3121035903726 "LDA" 35 1 3 1.81818181818182
56.039 0 49.77522528379 "LDA" 35 1 3 1.85353535353535
58.534 0 52.3675587096172 "LDA" 35 1 3 1.88888888888889
60.57 0 54.1814980849989 "LDA" 35 1 3 1.92424242424242
62.425 0 55.8498485278213 "LDA" 35 1 3 1.95959595959596
65.173 0 58.5761575834165 "LDA" 35 1 3 1.99494949494949
67.966 0 60.8601906570034 "LDA" 35 1 3 2.03030303030303
70.824 0 64.0034332162226 "LDA" 35 1 3 2.06565656565657
72.805 0 65.0732933584009 "LDA" 35 1 3 2.1010101010101
75.92 0 67.1648473289169 "LDA" 35 1 3 2.13636363636364
79.428 0 70.3933664633397 "LDA" 35 1 3 2.17171717171717
81.483 0 72.2241790748988 "LDA" 35 1 3 2.20707070707071
85.949 0 79.4756867462231 "LDA" 35 1 3 2.24242424242424
89.022 0 81.1405034326094 "LDA" 35 1 3 2.27777777777778
91.82 0 81.955098915432 "LDA" 35 1 3 2.31313131313131
95.244 0 84.5467836326292 "LDA" 35 1 3 2.34848484848485
99.333 0 89.0969717856975 "LDA" 35 1 3 2.38383838383838
103.091 0 91.294936795446 "LDA" 35 1 3 2.41919191919192
105.591 0 93.8314876097948 "LDA" 35 1 3 2.45454545454545
108.026 0 95.8281605811171 "LDA" 35 1 3 2.48989898989899
112.131 0 98.7216785149483 "LDA" 35 1 3 2.52525252525253
113.759 0 99.2510639373337 "LDA" 35 1 3 2.56060606060606
118.754 0 106.573295676503 "LDA" 35 1 3 2.5959595959596
122.532 0 111.255331219339 "LDA" 35 1 3 2.63131313131313
125.55 0 113.883356637039 "LDA" 35 1 3 2.66666666666667
127.849 0 115.574182197369 "LDA" 35 1 3 2.7020202020202
131.196 0 117.838310627111 "LDA" 35 1 3 2.73737373737374
135.275 0 120.222721970008 "LDA" 35 1 3 2.77272727272727
138.854 0 123.738627485244 "LDA" 35 1 3 2.80808080808081
142.53 0 126.863735982776 "LDA" 35 1 3 2.84343434343434
146.204 0 128.670666915675 "LDA" 35 1 3 2.87878787878788
151.306 0 137.011322402444 "LDA" 35 1 3 2.91414141414141
154.186 0 137.775998017179 "LDA" 35 1 3 2.94949494949495
157.692 0 140.212583974138 "LDA" 35 1 3 2.98484848484848
162.054 0 143.973287075733 "LDA" 35 1 3 3.02020202020202
166.449 0 146.964246974864 "LDA" 35 1 3 3.05555555555556
169.246 0 148.751330893012 "LDA" 35 1 3 3.09090909090909
173.997 0 154.785036093281 "LDA" 35 1 3 3.12626262626263
179.306 0 164.359838526693 "LDA" 35 1 3 3.16161616161616
183.429 0 167.663663514379 "LDA" 35 1 3 3.1969696969697
188.469 0 173.422410234005 "LDA" 35 1 3 3.23232323232323
194.503 0 178.420923708563 "LDA" 35 1 3 3.26767676767677
198.952 0 182.274852401031 "LDA" 35 1 3 3.3030303030303
202.876 0 185.042755722685 "LDA" 35 1 3 3.33838383838384
209.715 0 192.7228317166 "LDA" 35 1 3 3.37373737373737
213.658 0 195.317162148721 "LDA" 35 1 3 3.40909090909091
217.846 0 198.201251307907 "LDA" 35 1 3 3.44444444444444
221.68 0 199.818069405299 "LDA" 35 1 3 3.47979797979798
225.516 0 200.775113971803 "LDA" 35 1 3 3.51515151515152
229.572 0 202.896845579092 "LDA" 35 1 3 3.55050505050505
234.851 0 204.729257478915 "LDA" 35 1 3 3.58585858585859
241.22 0 211.319742649932 "LDA" 35 1 3 3.62121212121212
247.216 0 219.71943011935 "LDA" 35 1 3 3.65656565656566
254.46 0 224.068219448825 "LDA" 35 1 3 3.69191919191919
261.959 0 231.055395771046 "LDA" 35 1 3 3.72727272727273
268.716 0 237.010943906672 "LDA" 35 1 3 3.76262626262626
278.229 0 247.609420224643 "LDA" 35 1 3 3.7979797979798
282.791 0 254.124305176584 "LDA" 35 1 3 3.83333333333333
292.927 0 263.09759408823 "LDA" 35 1 3 3.86868686868687
297.281 0 265.477336613232 "LDA" 35 1 3 3.9040404040404
303.579 0 271.417322811427 "LDA" 35 1 3 3.93939393939394
310.016 0 275.70590398011 "LDA" 35 1 3 3.97474747474747
317.721 0 281.924167810061 "LDA" 35 1 3 4.01010101010101
326.63 0 289.413695922269 "LDA" 35 1 3 4.04545454545454
331.77 0 291.264161736235 "LDA" 35 1 3 4.08080808080808
340.504 0 297.804932399989 "LDA" 35 1 3 4.11616161616162
348.603 0 306.354122282105 "LDA" 35 1 3 4.15151515151515
352.959 0 309.197911810005 "LDA" 35 1 3 4.18686868686869
361.761761761762 1 317.825665430771 "LDA" 35 1 3 4.22222222222222
367.256513026052 2 321.121793017099 "LDA" 35 1 3 4.25757575757576
372.235470941884 2 325.41340062796 "LDA" 35 1 3 4.29292929292929
378.243486973948 2 330.343400295847 "LDA" 35 1 3 4.32828282828283
384.236472945892 2 335.046116067715 "LDA" 35 1 3 4.36363636363636
388.473420260782 3 337.273688135423 "LDA" 35 1 3 4.3989898989899
394.869608826479 3 342.467614992164 "LDA" 35 1 3 4.43434343434343
403.159638554217 4 343.873228974716 "LDA" 35 1 3 4.46969696969697
409.667670682731 4 351.131152749442 "LDA" 35 1 3 4.50505050505051
418.696787148594 4 358.579677835347 "LDA" 35 1 3 4.54040404040404
423.978915662651 4 360.154886498256 "LDA" 35 1 3 4.57575757575758
431.733935742972 4 366.165177452562 "LDA" 35 1 3 4.61111111111111
441.222334004024 6 371.895417117631 "LDA" 35 1 3 4.64646464646465
453.761569416499 6 382.116929653011 "LDA" 35 1 3 4.68181818181818
462.26586102719 7 390.423237329263 "LDA" 35 1 3 4.71717171717172
473.572004028197 7 399.664818111881 "LDA" 35 1 3 4.75252525252525
480.754032258065 8 404.952511802567 "LDA" 35 1 3 4.78787878787879
486.730303030303 10 407.281285466585 "LDA" 35 1 3 4.82323232323232
494.378159757331 11 413.806696848334 "LDA" 35 1 3 4.85858585858586
497.250253292806 13 413.47435688401 "LDA" 35 1 3 4.89393939393939
502.721095334686 14 415.1609195701 "LDA" 35 1 3 4.92929292929293
507.98985801217 14 417.967202825954 "LDA" 35 1 3 4.96464646464646
512.544715447154 16 422.620866472234 "LDA" 35 1 3 5
18.409 0 13.3111571963487 "uLSIF" 35 1 3 1.5
19.02 0 13.6982934427338 "uLSIF" 35 1 3 1.53535353535354
19.714 0 14.1332923961105 "uLSIF" 35 1 3 1.57070707070707
20.161 0 14.3852011808321 "uLSIF" 35 1 3 1.60606060606061
20.806 0 14.8127573996802 "uLSIF" 35 1 3 1.64141414141414
21.301 0 14.8854955233938 "uLSIF" 35 1 3 1.67676767676768
22.246 0 16.2266690601857 "uLSIF" 35 1 3 1.71212121212121
22.949 0 16.6797065805011 "uLSIF" 35 1 3 1.74747474747475
23.631 0 17.300987346483 "uLSIF" 35 1 3 1.78282828282828
24.169 0 17.6226841882273 "uLSIF" 35 1 3 1.81818181818182
24.943 0 18.3014396617778 "uLSIF" 35 1 3 1.85353535353535
25.639 0 18.8019731196806 "uLSIF" 35 1 3 1.88888888888889
26.37 0 19.4575357045977 "uLSIF" 35 1 3 1.92424242424242
26.875 0 19.6055030731361 "uLSIF" 35 1 3 1.95959595959596
27.718 0 20.2170028244348 "uLSIF" 35 1 3 1.99494949494949
28.454 0 20.9469964591743 "uLSIF" 35 1 3 2.03030303030303
29.372 0 21.8158095322073 "uLSIF" 35 1 3 2.06565656565657
30.21 0 22.5545695726744 "uLSIF" 35 1 3 2.1010101010101
31.074 0 23.6459648916185 "uLSIF" 35 1 3 2.13636363636364
31.965 0 24.4358524689827 "uLSIF" 35 1 3 2.17171717171717
32.797 0 24.923341749532 "uLSIF" 35 1 3 2.20707070707071
33.196 0 24.929963639907 "uLSIF" 35 1 3 2.24242424242424
34.504 0 26.3889439038466 "uLSIF" 35 1 3 2.27777777777778
35.234 0 27.1046473119631 "uLSIF" 35 1 3 2.31313131313131
36.259 0 27.6109449907692 "uLSIF" 35 1 3 2.34848484848485
37.276 0 28.4703421894501 "uLSIF" 35 1 3 2.38383838383838
38.239 0 29.2234475873209 "uLSIF" 35 1 3 2.41919191919192
39.174 0 30.4677535766588 "uLSIF" 35 1 3 2.45454545454545
39.958 0 31.3025252029942 "uLSIF" 35 1 3 2.48989898989899
40.711 0 31.5796889749686 "uLSIF" 35 1 3 2.52525252525253
41.762 0 32.2029250905005 "uLSIF" 35 1 3 2.56060606060606
42.627 0 32.5202927483816 "uLSIF" 35 1 3 2.5959595959596
43.705 0 33.8483335584587 "uLSIF" 35 1 3 2.63131313131313
44.466 0 34.2343809179725 "uLSIF" 35 1 3 2.66666666666667
45.026 0 34.242457123721 "uLSIF" 35 1 3 2.7020202020202
45.588 0 34.4164313482201 "uLSIF" 35 1 3 2.73737373737374
46.355 0 34.8347302764559 "uLSIF" 35 1 3 2.77272727272727
47.628 0 36.0550076907436 "uLSIF" 35 1 3 2.80808080808081
48.217 0 36.2417076359872 "uLSIF" 35 1 3 2.84343434343434
48.96 0 36.2886658237426 "uLSIF" 35 1 3 2.87878787878788
49.614 0 36.5535383398812 "uLSIF" 35 1 3 2.91414141414141
50.848 0 37.0721626188875 "uLSIF" 35 1 3 2.94949494949495
51.587 0 37.3340094184814 "uLSIF" 35 1 3 2.98484848484848
52.51 0 38.1878542499079 "uLSIF" 35 1 3 3.02020202020202
53.904 0 39.309464738381 "uLSIF" 35 1 3 3.05555555555556
54.88 0 39.5296368841429 "uLSIF" 35 1 3 3.09090909090909
55.831 0 40.4010728284001 "uLSIF" 35 1 3 3.12626262626263
57.149 0 41.5856966897174 "uLSIF" 35 1 3 3.16161616161616
57.861 0 41.6688129056849 "uLSIF" 35 1 3 3.1969696969697
58.771 0 41.9488529672179 "uLSIF" 35 1 3 3.23232323232323
59.906 0 43.0370927846591 "uLSIF" 35 1 3 3.26767676767677
61.101 0 44.6651292707496 "uLSIF" 35 1 3 3.3030303030303
62.469 0 45.5396849121939 "uLSIF" 35 1 3 3.33838383838384
63.638 0 46.9243524286788 "uLSIF" 35 1 3 3.37373737373737
64.948 0 48.4248930434159 "uLSIF" 35 1 3 3.40909090909091
65.995 0 48.8556429580949 "uLSIF" 35 1 3 3.44444444444444
67.067 0 49.6609577205446 "uLSIF" 35 1 3 3.47979797979798
68.723 0 51.7802420278668 "uLSIF" 35 1 3 3.51515151515152
70.183 0 52.8640153139649 "uLSIF" 35 1 3 3.55050505050505
71.104 0 53.158470698535 "uLSIF" 35 1 3 3.58585858585859
72.409 0 53.7628697631104 "uLSIF" 35 1 3 3.62121212121212
73.594 0 54.8370336931554 "uLSIF" 35 1 3 3.65656565656566
74.215 0 55.0271456806708 "uLSIF" 35 1 3 3.69191919191919
75.337 0 55.4611338539735 "uLSIF" 35 1 3 3.72727272727273
76.753 0 56.5410548352423 "uLSIF" 35 1 3 3.76262626262626
77.575 0 57.3293382835353 "uLSIF" 35 1 3 3.7979797979798
79.276 0 59.5991265026584 "uLSIF" 35 1 3 3.83333333333333
80.205 0 60.2797862274546 "uLSIF" 35 1 3 3.86868686868687
81.272 0 61.0457254572062 "uLSIF" 35 1 3 3.9040404040404
82.378 0 61.7945927058969 "uLSIF" 35 1 3 3.93939393939394
83.536 0 62.2604454454597 "uLSIF" 35 1 3 3.97474747474747
84.422 0 62.5338820352807 "uLSIF" 35 1 3 4.01010101010101
85.212 0 63.0674762660007 "uLSIF" 35 1 3 4.04545454545454
86.55 0 63.9195526361786 "uLSIF" 35 1 3 4.08080808080808
87.53 0 65.2356404796396 "uLSIF" 35 1 3 4.11616161616162
89.586 0 68.0942246260828 "uLSIF" 35 1 3 4.15151515151515
91.25 0 70.6630509302193 "uLSIF" 35 1 3 4.18686868686869
92.243 0 70.9816056407527 "uLSIF" 35 1 3 4.22222222222222
93.933 0 72.6842728141 "uLSIF" 35 1 3 4.25757575757576
94.976 0 73.5219484297098 "uLSIF" 35 1 3 4.29292929292929
97.478 0 76.1695169428776 "uLSIF" 35 1 3 4.32828282828283
98.139 0 76.2406080072117 "uLSIF" 35 1 3 4.36363636363636
99.93 0 78.0169708957464 "uLSIF" 35 1 3 4.3989898989899
100.976 0 78.5354393840083 "uLSIF" 35 1 3 4.43434343434343
102.173 0 79.998930617227 "uLSIF" 35 1 3 4.46969696969697
103.506 0 80.5307094167136 "uLSIF" 35 1 3 4.50505050505051
104.514 0 80.8881245467633 "uLSIF" 35 1 3 4.54040404040404
105.345 0 81.0156992102057 "uLSIF" 35 1 3 4.57575757575758
107.216 0 82.1716345311539 "uLSIF" 35 1 3 4.61111111111111
108.1 0 82.4032177180618 "uLSIF" 35 1 3 4.64646464646465
109.533 0 83.3847703776351 "uLSIF" 35 1 3 4.68181818181818
110.835 0 84.415791181513 "uLSIF" 35 1 3 4.71717171717172
111.645 0 84.4731832814041 "uLSIF" 35 1 3 4.75252525252525
113.531 0 86.3086219170322 "uLSIF" 35 1 3 4.78787878787879
114.827 0 86.5307728247335 "uLSIF" 35 1 3 4.82323232323232
116.721 0 88.1638816581316 "uLSIF" 35 1 3 4.85858585858586
118.507 0 89.2119763693627 "uLSIF" 35 1 3 4.89393939393939
120.197 0 90.4095242387276 "uLSIF" 35 1 3 4.92929292929293
121.769 0 90.7897594413567 "uLSIF" 35 1 3 4.96464646464646
123.609 0 93.4185481804558 "uLSIF" 35 1 3 5
