56.348 13.216 0 0 52.9212391536097 9.19216186975838 "LDA" 16 5000 1.5
59.746 13.548 0 0 55.09983190061 9.2800762828662 "LDA" 16 5000 1.53535353535354
63.577 14.019 0 0 57.5622052954756 9.77262212219132 "LDA" 16 5000 1.57070707070707
67.291 14.606 0 0 63.1825003252273 10.3536448636199 "LDA" 16 5000 1.60606060606061
72.867 15.071 0 0 69.7214916463883 10.7027336464806 "LDA" 16 5000 1.64141414141414
76.923 15.516 0 0 72.429794602402 10.9824568452764 "LDA" 16 5000 1.67676767676768
80.346 15.885 0 0 74.8583466024735 11.2005905303349 "LDA" 16 5000 1.71212121212121
83.968 16.215 0 0 76.6959924067174 11.4751232434974 "LDA" 16 5000 1.74747474747475
87.702 16.65 0 0 82.0617897278224 11.7934976400806 "LDA" 16 5000 1.78282828282828
90.873 17.207 0 0 84.7750416023412 12.7362617499549 "LDA" 16 5000 1.81818181818182
95.529 17.701 0 0 89.4003668034119 13.0928614909813 "LDA" 16 5000 1.85353535353535
100.699 18.229 0 0 97.0267622441952 13.6185176514562 "LDA" 16 5000 1.88888888888889
105.481 18.576 0 0 101.405476724434 13.7431837322761 "LDA" 16 5000 1.92424242424242
110.87 19.138 0 0 106.020599260085 14.0886992816032 "LDA" 16 5000 1.95959595959596
117.07 19.736 0 0 111.772340747415 14.5768579875359 "LDA" 16 5000 1.99494949494949
123.387 20.185 0 0 117.789182536099 14.8353247979902 "LDA" 16 5000 2.03030303030303
130.416 20.664 0 0 125.797368501578 15.0533620067979 "LDA" 16 5000 2.06565656565657
138.857 21.176 0 0 133.411338109383 15.3713793559102 "LDA" 16 5000 2.1010101010101
144.651 21.576 0 0 137.344270530837 15.7016803803531 "LDA" 16 5000 2.13636363636364
153.743 21.765 0 0 148.380894460307 15.771001854654 "LDA" 16 5000 2.17171717171717
161.477 22.321 0 0 155.341741098545 16.1046365472282 "LDA" 16 5000 2.20707070707071
168.869 22.824 0 0 161.239356141635 16.3709814315768 "LDA" 16 5000 2.24242424242424
180.003 23.441 0 0 169.679433347419 17.2262376119181 "LDA" 16 5000 2.27777777777778
188.065 23.814 0 0 176.371260687779 17.3944235308322 "LDA" 16 5000 2.31313131313131
198.027 24.448 0 0 187.80606323649 17.7212115087354 "LDA" 16 5000 2.34848484848485
210.417 24.945 0 0 203.882066420782 17.963648506572 "LDA" 16 5000 2.38383838383838
220.707 25.47 0 0 214.49365650219 18.1441536123984 "LDA" 16 5000 2.41919191919192
234.278 25.86 0 0 227.356182123006 18.229061925911 "LDA" 16 5000 2.45454545454545
245.116 26.302 0 0 238.619315483306 18.5900076488522 "LDA" 16 5000 2.48989898989899
259.846 26.828 0 0 256.315621806362 18.9058151330707 "LDA" 16 5000 2.52525252525253
274.962 27.274 0 0 273.045022185244 19.2212481483482 "LDA" 16 5000 2.56060606060606
286.464 27.643 0 0 285.552332924875 19.3517968944241 "LDA" 16 5000 2.5959595959596
299.195 28.19 0 0 293.586372185313 19.6636354359655 "LDA" 16 5000 2.63131313131313
314.996 28.807 0 0 308.397407487393 20.0154032526794 "LDA" 16 5000 2.66666666666667
329.211 29.369 0 0 319.936634240171 20.4944104540692 "LDA" 16 5000 2.7020202020202
348.758 29.854 0 0 345.81604672741 20.7233718815771 "LDA" 16 5000 2.73737373737374
362.331 30.107 0 0 355.694348997716 20.7783852185942 "LDA" 16 5000 2.77272727272727
376.538 30.766 0 0 367.745353745226 21.1245708001723 "LDA" 16 5000 2.80808080808081
403.467 31.35 0 0 384.994550240279 21.8378660219444 "LDA" 16 5000 2.84343434343434
419.791 31.82 0 0 396.784714207123 21.9012160224784 "LDA" 16 5000 2.87878787878788
442.014 32.238 0 0 412.855087321359 22.1944576403649 "LDA" 16 5000 2.91414141414141
462.005 32.745 0 0 428.655316490249 22.2512267547677 "LDA" 16 5000 2.94949494949495
475.966 33.14 0 0 441.720628857152 22.420014653364 "LDA" 16 5000 2.98484848484848
499.83 33.605 0 0 463.015142432861 22.7263605195038 "LDA" 16 5000 3.02020202020202
526.468 34.075 0 0 485.394155776996 22.9102215889164 "LDA" 16 5000 3.05555555555556
555.283 34.577 0 0 518.408225242423 23.1607964779602 "LDA" 16 5000 3.09090909090909
579.782 35.124 0 0 537.430540686015 23.5770757835339 "LDA" 16 5000 3.12626262626263
604.028 35.682 0 0 552.636986506382 23.9822856714289 "LDA" 16 5000 3.16161616161616
631.391 36.045 0 0 576.278304991437 24.0881966161067 "LDA" 16 5000 3.1969696969697
658.687 36.419 0 0 606.598188584003 24.1336667929445 "LDA" 16 5000 3.23232323232323
689.649 36.894 0 0 632.83136247529 24.2996138906616 "LDA" 16 5000 3.26767676767677
720.921 37.704 0 0 658.851921613357 25.1367109669948 "LDA" 16 5000 3.3030303030303
753.272 38.113 0 0 703.962989017112 25.4534498469089 "LDA" 16 5000 3.33838383838384
782.06 38.981 0 0 733.021096782574 26.1066695922172 "LDA" 16 5000 3.37373737373737
822.816 39.67 0 0 769.102529475001 26.3884340090398 "LDA" 16 5000 3.40909090909091
858.71 40.141 0 0 802.813777822642 26.5202270246965 "LDA" 16 5000 3.44444444444444
925 40.651 0 0 886.984176256222 27.043604707131 "LDA" 16 5000 3.47979797979798
974.249 41.121 0 0 961.416704180907 27.4411620813765 "LDA" 16 5000 3.51515151515152
1028.977 41.792 0 0 1012.79100019751 27.970468052628 "LDA" 16 5000 3.55050505050505
1063.574 42.178 0 0 1028.59161927523 28.1649352844912 "LDA" 16 5000 3.58585858585859
1107.44244244244 42.589 1 0 1054.27458103897 28.3727879154322 "LDA" 16 5000 3.62121212121212
1166.65265265265 43.214 1 0 1121.74203311107 28.5897110089552 "LDA" 16 5000 3.65656565656566
1224.16716716717 43.602 1 0 1176.14009715653 28.906213262293 "LDA" 16 5000 3.69191919191919
1276.26626626627 44.199 1 0 1205.33534826484 29.1212542045573 "LDA" 16 5000 3.72727272727273
1332.73473473473 44.745 1 0 1262.85544241674 29.2464926500996 "LDA" 16 5000 3.76262626262626
1393.13026052104 45.343 2 0 1341.56199589606 29.7342138701274 "LDA" 16 5000 3.7979797979798
1455.09418837675 45.642 2 0 1414.76930405539 29.6863118812882 "LDA" 16 5000 3.83333333333333
1526.374749499 46.093 2 0 1467.83185990444 29.9181457721973 "LDA" 16 5000 3.86868686868687
1628.86860581745 46.673 3 0 1575.5564197816 30.0152125427088 "LDA" 16 5000 3.9040404040404
1680.43831494483 47.092 3 0 1612.1512522393 30.0687489873733 "LDA" 16 5000 3.93939393939394
1748.54363089268 47.547 3 0 1676.6392552128 30.1256592682442 "LDA" 16 5000 3.97474747474747
1812.06733668342 48.187 5 0 1702.85427461421 30.2532194698067 "LDA" 16 5000 4.01010101010101
1875.32024169184 48.784 7 0 1762.50249203757 30.7138516745244 "LDA" 16 5000 4.04545454545454
1988.22704339051 49.261 9 0 1861.75058705489 30.8486063788223 "LDA" 16 5000 4.08080808080808
2071.6467611336 49.889 12 0 1948.99386812621 31.2145964258715 "LDA" 16 5000 4.11616161616162
2134.96032553408 50.509 17 0 1978.76523386846 31.3425313794734 "LDA" 16 5000 4.15151515151515
2206.24387755102 51.174 20 0 2026.76487026478 32.0911134671822 "LDA" 16 5000 4.18686868686869
2262.48568507157 51.571 22 0 2069.66713938749 32.2129886169482 "LDA" 16 5000 4.22222222222222
2344.37860082305 52.25 28 0 2111.7182803212 32.6318301101292 "LDA" 16 5000 4.25757575757576
2398.25077720207 52.864 35 0 2127.8988524498 33.0211735391385 "LDA" 16 5000 4.29292929292929
2480.859375 53.393 40 0 2203.57579390273 33.2110150781713 "LDA" 16 5000 4.32828282828283
2517.59706190976 53.867 47 0 2195.51298614795 33.4771568540554 "LDA" 16 5000 4.36363636363636
2600.35443037975 54.381 52 0 2240.71835595159 33.6103778094876 "LDA" 16 5000 4.3989898989899
2642.92046659597 54.953 57 0 2255.43990912836 33.9234962024051 "LDA" 16 5000 4.43434343434343
2712.09839572193 55.528 65 0 2274.72710765287 34.0905468037898 "LDA" 16 5000 4.46969696969697
2815.12231759657 55.992 68 0 2343.6281639925 34.1586702134429 "LDA" 16 5000 4.50505050505051
2919.55351351351 56.33 75 0 2411.00133330987 34.2601643145339 "LDA" 16 5000 4.54040404040404
2956.18818380744 57.114 86 0 2407.50688732593 34.9313785185355 "LDA" 16 5000 4.57575757575758
3033.78818283166 57.591 103 0 2442.24682572462 34.9932028148788 "LDA" 16 5000 4.61111111111111
3118.60520361991 58.248 116 0 2499.06316154852 35.5767930567695 "LDA" 16 5000 4.64646464646465
3180.75545350172 58.733 129 0 2537.92517006785 35.7383959341203 "LDA" 16 5000 4.68181818181818
3267.03125 59.256 136 0 2567.09694961694 35.9381136401455 "LDA" 16 5000 4.71717171717172
3330.72202591284 59.786 151 0 2597.04799315903 36.0501569735531 "LDA" 16 5000 4.75252525252525
3394.36081242533 60.357 163 0 2595.19310872477 36.5234652588513 "LDA" 16 5000 4.78787878787879
3464.03260869565 60.91 172 0 2622.14464272117 36.9164560152342 "LDA" 16 5000 4.82323232323232
3544.85171568627 61.589 184 0 2629.37120269145 37.2861681771852 "LDA" 16 5000 4.85858585858586
3600.67781908302 62.506 193 0 2651.14822968707 37.7915885901634 "LDA" 16 5000 4.89393939393939
3640.64150943396 62.889 205 0 2648.44383632997 37.9740794451914 "LDA" 16 5000 4.92929292929293
3693.70955414013 63.311 215 0 2653.82703051283 38.2154510597441 "LDA" 16 5000 4.96464646464646
3743.97806451613 63.868 225 0 2686.33887785992 38.3212616584462 "LDA" 16 5000 5
31.874 11.555 0 0 27.1389507285497 7.30755604668041 "uLSIF" 16 5000 1.5
33.526 11.824 0 0 28.9788387810329 7.45000178030358 "uLSIF" 16 5000 1.53535353535354
34.925 12.178 0 0 29.9125079713008 7.61999871262328 "uLSIF" 16 5000 1.57070707070707
36.32 12.546 0 0 31.3546282502713 7.88619528518512 "uLSIF" 16 5000 1.60606060606061
37.344 12.97 0 0 31.8018084237205 8.48357654949085 "uLSIF" 16 5000 1.64141414141414
39.88 13.268 0 0 34.457087672798 8.54981141752701 "uLSIF" 16 5000 1.67676767676768
41.179 13.526 0 0 35.2650617975296 8.6053108819714 "uLSIF" 16 5000 1.71212121212121
42.349 13.833 0 0 35.8692040446788 8.82263849140097 "uLSIF" 16 5000 1.74747474747475
44.033 14.195 0 0 37.4099373751736 8.94152816502447 "uLSIF" 16 5000 1.78282828282828
46.235 14.499 0 0 39.333712206146 9.04067103332118 "uLSIF" 16 5000 1.81818181818182
48.17 14.795 0 0 40.5520599916893 9.27917442869128 "uLSIF" 16 5000 1.85353535353535
49.774 15.119 0 0 41.3633152424688 9.46363563327538 "uLSIF" 16 5000 1.88888888888889
51.852 15.302 0 0 42.9539420442075 9.45770819195878 "uLSIF" 16 5000 1.92424242424242
53.899 15.592 0 0 45.014120785261 9.53459199150359 "uLSIF" 16 5000 1.95959595959596
54.973 15.981 0 0 45.5627724928723 9.89487481212105 "uLSIF" 16 5000 1.99494949494949
57.405 16.298 0 0 47.670047287667 9.97851525863276 "uLSIF" 16 5000 2.03030303030303
58.806 16.64 0 0 48.8130830933786 10.107846880942 "uLSIF" 16 5000 2.06565656565657
61.373 17.012 0 0 50.974859561428 10.1596788864154 "uLSIF" 16 5000 2.1010101010101
63.398 17.351 0 0 52.804070542581 10.3308530879848 "uLSIF" 16 5000 2.13636363636364
65.41 17.735 0 0 54.4050531642954 10.6573145469838 "uLSIF" 16 5000 2.17171717171717
68.133 18.053 0 0 58.4428342560136 10.7992043139212 "uLSIF" 16 5000 2.20707070707071
70.049 18.417 0 0 59.8340598130673 11.1883103858129 "uLSIF" 16 5000 2.24242424242424
72.572 18.775 0 0 62.5757504193161 11.4873118410415 "uLSIF" 16 5000 2.27777777777778
75.209 19.095 0 0 65.6147896409005 11.5220107503739 "uLSIF" 16 5000 2.31313131313131
77.95 19.448 0 0 67.7615608522201 11.6600708940063 "uLSIF" 16 5000 2.34848484848485
80.344 19.741 0 0 70.4573196899932 11.8079357360356 "uLSIF" 16 5000 2.38383838383838
81.587 20.108 0 0 71.0292445728137 11.9730401189376 "uLSIF" 16 5000 2.41919191919192
84.954 20.433 0 0 73.9985788625273 12.198209184438 "uLSIF" 16 5000 2.45454545454545
87.119 20.683 0 0 76.3026010429915 12.2756344928563 "uLSIF" 16 5000 2.48989898989899
89.455 21.185 0 0 77.8238686363607 12.5703933824598 "uLSIF" 16 5000 2.52525252525253
91.937 21.466 0 0 79.4202783400538 12.641782257999 "uLSIF" 16 5000 2.56060606060606
94.344 21.768 0 0 82.3816144196895 12.7822361721868 "uLSIF" 16 5000 2.5959595959596
97.603 22.162 0 0 85.6214016202457 12.9587686793802 "uLSIF" 16 5000 2.63131313131313
100.647 22.62 0 0 88.4537871629218 13.4694850319909 "uLSIF" 16 5000 2.66666666666667
103.314 22.891 0 0 89.8963556478168 13.4985677140329 "uLSIF" 16 5000 2.7020202020202
106.164 23.212 0 0 92.6165261976766 13.5934483424125 "uLSIF" 16 5000 2.73737373737374
108.09 23.533 0 0 94.0896527932948 13.639829762719 "uLSIF" 16 5000 2.77272727272727
109.981 23.855 0 0 94.7135433520164 13.8328349343987 "uLSIF" 16 5000 2.80808080808081
113.079 24.324 0 0 96.8153085155595 14.1786479629779 "uLSIF" 16 5000 2.84343434343434
116.307 24.593 0 0 100.386733422536 14.2424084057858 "uLSIF" 16 5000 2.87878787878788
118.743 25.074 0 0 101.92278059494 14.7156064459836 "uLSIF" 16 5000 2.91414141414141
121.87 25.56 0 0 105.903222767735 15.3643243412284 "uLSIF" 16 5000 2.94949494949495
123.92 25.886 0 0 106.512659090582 15.5157256273028 "uLSIF" 16 5000 2.98484848484848
127.988 26.102 0 0 112.11644818649 15.5726717073245 "uLSIF" 16 5000 3.02020202020202
130.761 26.549 0 0 114.55512540151 15.6956029177267 "uLSIF" 16 5000 3.05555555555556
135.362 26.951 0 0 120.206882709147 16.0441270567461 "uLSIF" 16 5000 3.09090909090909
139.24 27.387 0 0 129.628144536038 16.2599390102367 "uLSIF" 16 5000 3.12626262626263
142.668 27.755 0 0 131.041763265456 16.4181768638156 "uLSIF" 16 5000 3.16161616161616
147.14 28.127 0 0 135.799823239914 16.5311266751286 "uLSIF" 16 5000 3.1969696969697
149.77 28.481 0 0 138.96762609004 16.6698987556771 "uLSIF" 16 5000 3.23232323232323
154.358 28.817 0 0 146.084538978389 16.7954636315464 "uLSIF" 16 5000 3.26767676767677
159.042 29.077 0 0 148.855406916135 16.8396153056904 "uLSIF" 16 5000 3.3030303030303
163.93 29.401 0 0 151.420987367721 16.9650821693564 "uLSIF" 16 5000 3.33838383838384
167.694 29.708 0 0 154.672376033692 17.028702613902 "uLSIF" 16 5000 3.37373737373737
172.047 30.011 0 0 157.775809289628 17.0381682753217 "uLSIF" 16 5000 3.40909090909091
176.028 30.476 0 0 160.399979330951 17.2757597770945 "uLSIF" 16 5000 3.44444444444444
179.038 30.969 0 0 163.043637667294 17.6353350987171 "uLSIF" 16 5000 3.47979797979798
183.379 31.286 0 0 170.620592970912 17.6373830621575 "uLSIF" 16 5000 3.51515151515152
189.875 31.76 0 0 176.363764851379 17.9214837438081 "uLSIF" 16 5000 3.55050505050505
194.921 32.346 0 0 182.513319708099 18.3332045859525 "uLSIF" 16 5000 3.58585858585859
198.783 32.752 0 0 183.582931133599 18.6075989514698 "uLSIF" 16 5000 3.62121212121212
205.286 33.163 0 0 196.38257641736 18.9056566893312 "uLSIF" 16 5000 3.65656565656566
211.233 33.454 0 0 199.986507830689 18.9829986629678 "uLSIF" 16 5000 3.69191919191919
216.928 33.905 0 0 204.812433579968 19.1774281056858 "uLSIF" 16 5000 3.72727272727273
221.797 34.279 0 0 206.511740319745 19.1757364361285 "uLSIF" 16 5000 3.76262626262626
225.398 34.596 0 0 210.71733053878 19.2304080193997 "uLSIF" 16 5000 3.7979797979798
230.131 34.89 0 0 214.920861751054 19.2316862952201 "uLSIF" 16 5000 3.83333333333333
233.358 35.208 0 0 215.686027128088 19.3331452822997 "uLSIF" 16 5000 3.86868686868687
239.151 35.53 0 0 225.088371476569 19.3894055878216 "uLSIF" 16 5000 3.9040404040404
244.205 35.97 0 0 231.885471400963 19.5320403593839 "uLSIF" 16 5000 3.93939393939394
251.785 36.239 0 0 240.08154015026 19.6256221313884 "uLSIF" 16 5000 3.97474747474747
255.127 36.569 0 0 243.528554851434 19.8088270381825 "uLSIF" 16 5000 4.01010101010101
262.541 36.889 0 0 251.661860461634 19.9818405797102 "uLSIF" 16 5000 4.04545454545454
269.481 37.087 0 0 261.513489028662 20.0212957443639 "uLSIF" 16 5000 4.08080808080808
276.724 37.523 0 0 265.412444300544 20.5211741766788 "uLSIF" 16 5000 4.11616161616162
281.343 37.912 0 0 268.868539704151 20.7460997938566 "uLSIF" 16 5000 4.15151515151515
289.789 38.23 0 0 281.546687098279 20.8312515476397 "uLSIF" 16 5000 4.18686868686869
295.547 38.688 0 0 284.48837837147 21.0259065142206 "uLSIF" 16 5000 4.22222222222222
303.94 38.934 0 0 294.532908236132 21.0753841202436 "uLSIF" 16 5000 4.25757575757576
311.67 39.34 0 0 300.580144925648 21.1344994515382 "uLSIF" 16 5000 4.29292929292929
321.333 39.713 0 0 314.635245083014 21.2549383297953 "uLSIF" 16 5000 4.32828282828283
327.451 39.98 0 0 319.616877757648 21.3137485177027 "uLSIF" 16 5000 4.36363636363636
332.178 40.295 0 0 319.694020248397 21.443875927985 "uLSIF" 16 5000 4.3989898989899
342.542 40.637 0 0 328.534621057254 21.5440334286868 "uLSIF" 16 5000 4.43434343434343
350.6 40.93 0 0 338.232259048514 21.5498374818813 "uLSIF" 16 5000 4.46969696969697
352.773 41.216 0 0 338.232003747959 21.5598741223638 "uLSIF" 16 5000 4.50505050505051
359.534 41.523 0 0 340.471601981363 21.589571106916 "uLSIF" 16 5000 4.54040404040404
368.979 41.869 0 0 347.582928883815 21.7635357993707 "uLSIF" 16 5000 4.57575757575758
377.132 42.135 0 0 352.9005119681 21.9634051587218 "uLSIF" 16 5000 4.61111111111111
384.671 42.513 0 0 364.938593376935 22.0656004160712 "uLSIF" 16 5000 4.64646464646465
392.577 42.835 0 0 370.96873705863 22.3222323493206 "uLSIF" 16 5000 4.68181818181818
402.563 43.135 0 0 379.961335727265 22.4943720021647 "uLSIF" 16 5000 4.71717171717172
409.323 43.48 0 0 384.636761255485 22.6975941628354 "uLSIF" 16 5000 4.75252525252525
417.188 43.768 0 0 393.874118821582 22.7063813884061 "uLSIF" 16 5000 4.78787878787879
424.832 44.115 0 0 398.119862856905 22.7609717902562 "uLSIF" 16 5000 4.82323232323232
430.63 44.582 0 0 403.408258868511 22.8095495692386 "uLSIF" 16 5000 4.85858585858586
438.339 44.851 0 0 412.39718417627 22.8240166214173 "uLSIF" 16 5000 4.89393939393939
444.428 45.302 0 0 414.864828156885 23.1631026705259 "uLSIF" 16 5000 4.92929292929293
455.307 45.641 0 0 430.000487406898 23.2931898135848 "uLSIF" 16 5000 4.96464646464646
467.666 45.897 0 0 441.831517134681 23.287006584696 "uLSIF" 16 5000 5
