125.45 14.935 0 0 "KDE LDA" 169 3000 2.5
125.79 14.975 0 0 "KDE LDA" 169 3000 2.51010101010101
128.695 15.015 0 0 "KDE LDA" 169 3000 2.52020202020202
131.725 15.315 0 0 "KDE LDA" 169 3000 2.53030303030303
136.83 15.43 0 0 "KDE LDA" 169 3000 2.54040404040404
137.25 15.47 0 0 "KDE LDA" 169 3000 2.55050505050505
140.645 15.535 0 0 "KDE LDA" 169 3000 2.56060606060606
141.195 15.56 0 0 "KDE LDA" 169 3000 2.57070707070707
142.37 15.575 0 0 "KDE LDA" 169 3000 2.58080808080808
142.94 15.605 0 0 "KDE LDA" 169 3000 2.59090909090909
145.905 15.625 0 0 "KDE LDA" 169 3000 2.6010101010101
147.48 15.735 0 0 "KDE LDA" 169 3000 2.61111111111111
150.385 15.77 0 0 "KDE LDA" 169 3000 2.62121212121212
150.48 15.795 0 0 "KDE LDA" 169 3000 2.63131313131313
154.415 15.84 0 0 "KDE LDA" 169 3000 2.64141414141414
155.74 16.165 0 0 "KDE LDA" 169 3000 2.65151515151515
158.38 16.24 0 0 "KDE LDA" 169 3000 2.66161616161616
164.915 16.58 0 0 "KDE LDA" 169 3000 2.67171717171717
166.84 16.755 0 0 "KDE LDA" 169 3000 2.68181818181818
170.315 16.835 0 0 "KDE LDA" 169 3000 2.69191919191919
170.32 16.835 0 0 "KDE LDA" 169 3000 2.7020202020202
170.34 16.855 0 0 "KDE LDA" 169 3000 2.71212121212121
173.71 16.905 0 0 "KDE LDA" 169 3000 2.72222222222222
176.615 16.96 0 0 "KDE LDA" 169 3000 2.73232323232323
177.46 17.02 0 0 "KDE LDA" 169 3000 2.74242424242424
177.98 17.05 0 0 "KDE LDA" 169 3000 2.75252525252525
181.415 17.13 0 0 "KDE LDA" 169 3000 2.76262626262626
181.765 17.285 0 0 "KDE LDA" 169 3000 2.77272727272727
183.87 17.325 0 0 "KDE LDA" 169 3000 2.78282828282828
190.435 17.405 0 0 "KDE LDA" 169 3000 2.79292929292929
217.83 17.895 0 0 "KDE LDA" 169 3000 2.8030303030303
219.47 17.93 0 0 "KDE LDA" 169 3000 2.81313131313131
227.165 17.945 0 0 "KDE LDA" 169 3000 2.82323232323232
227.195 18.045 0 0 "KDE LDA" 169 3000 2.83333333333333
230.73 18.095 0 0 "KDE LDA" 169 3000 2.84343434343434
230.735 18.12 0 0 "KDE LDA" 169 3000 2.85353535353535
230.735 18.135 0 0 "KDE LDA" 169 3000 2.86363636363636
232.945 18.14 0 0 "KDE LDA" 169 3000 2.87373737373737
233.035 18.14 0 0 "KDE LDA" 169 3000 2.88383838383838
236.345 18.175 0 0 "KDE LDA" 169 3000 2.89393939393939
237.61 18.205 0 0 "KDE LDA" 169 3000 2.9040404040404
237.62 18.365 0 0 "KDE LDA" 169 3000 2.91414141414141
239.92 18.365 0 0 "KDE LDA" 169 3000 2.92424242424242
241.1 18.37 0 0 "KDE LDA" 169 3000 2.93434343434343
241.125 18.43 0 0 "KDE LDA" 169 3000 2.94444444444444
243.825 18.465 0 0 "KDE LDA" 169 3000 2.95454545454545
251.815 18.545 0 0 "KDE LDA" 169 3000 2.96464646464646
253.3 18.57 0 0 "KDE LDA" 169 3000 2.97474747474747
255.39 18.615 0 0 "KDE LDA" 169 3000 2.98484848484848
255.775 18.67 0 0 "KDE LDA" 169 3000 2.99494949494949
257.38 18.675 0 0 "KDE LDA" 169 3000 3.00505050505051
261.665 18.71 0 0 "KDE LDA" 169 3000 3.01515151515152
261.74 18.775 0 0 "KDE LDA" 169 3000 3.02525252525253
265.265 18.925 0 0 "KDE LDA" 169 3000 3.03535353535354
267.64 18.955 0 0 "KDE LDA" 169 3000 3.04545454545455
268.755 19.015 0 0 "KDE LDA" 169 3000 3.05555555555556
271.885 19.07 0 0 "KDE LDA" 169 3000 3.06565656565657
272.9 19.155 0 0 "KDE LDA" 169 3000 3.07575757575758
274.91 19.265 0 0 "KDE LDA" 169 3000 3.08585858585859
287.45 19.355 0 0 "KDE LDA" 169 3000 3.0959595959596
288.9 19.375 0 0 "KDE LDA" 169 3000 3.10606060606061
297.69 19.395 0 0 "KDE LDA" 169 3000 3.11616161616162
298.595 19.42 0 0 "KDE LDA" 169 3000 3.12626262626263
299.1 19.43 0 0 "KDE LDA" 169 3000 3.13636363636364
302.26 19.46 0 0 "KDE LDA" 169 3000 3.14646464646465
302.295 19.48 0 0 "KDE LDA" 169 3000 3.15656565656566
309.87 19.545 0 0 "KDE LDA" 169 3000 3.16666666666667
309.91 19.815 0 0 "KDE LDA" 169 3000 3.17676767676768
312.66 19.835 0 0 "KDE LDA" 169 3000 3.18686868686869
316.84 19.865 0 0 "KDE LDA" 169 3000 3.1969696969697
320.315 19.88 0 0 "KDE LDA" 169 3000 3.20707070707071
325.21 19.935 0 0 "KDE LDA" 169 3000 3.21717171717172
354.735 20.08 0 0 "KDE LDA" 169 3000 3.22727272727273
359.765 20.1 0 0 "KDE LDA" 169 3000 3.23737373737374
362.485 20.15 0 0 "KDE LDA" 169 3000 3.24747474747475
369.26 20.155 0 0 "KDE LDA" 169 3000 3.25757575757576
370.125 20.16 0 0 "KDE LDA" 169 3000 3.26767676767677
370.13 20.32 0 0 "KDE LDA" 169 3000 3.27777777777778
372.42 20.36 0 0 "KDE LDA" 169 3000 3.28787878787879
372.45 20.56 0 0 "KDE LDA" 169 3000 3.2979797979798
372.615 20.58 0 0 "KDE LDA" 169 3000 3.30808080808081
382.01 20.645 0 0 "KDE LDA" 169 3000 3.31818181818182
389.965 20.7 0 0 "KDE LDA" 169 3000 3.32828282828283
392.685 20.84 0 0 "KDE LDA" 169 3000 3.33838383838384
400.965 20.975 0 0 "KDE LDA" 169 3000 3.34848484848485
453.21 21.435 0 0 "KDE LDA" 169 3000 3.35858585858586
453.25 21.455 0 0 "KDE LDA" 169 3000 3.36868686868687
457.53 21.475 0 0 "KDE LDA" 169 3000 3.37878787878788
460.68 21.655 0 0 "KDE LDA" 169 3000 3.38888888888889
467.11 21.685 0 0 "KDE LDA" 169 3000 3.3989898989899
469.86 21.695 0 0 "KDE LDA" 169 3000 3.40909090909091
469.86 21.795 0 0 "KDE LDA" 169 3000 3.41919191919192
469.865 21.81 0 0 "KDE LDA" 169 3000 3.42929292929293
469.89 21.84 0 0 "KDE LDA" 169 3000 3.43939393939394
470.66 21.875 0 0 "KDE LDA" 169 3000 3.44949494949495
470.685 21.985 0 0 "KDE LDA" 169 3000 3.45959595959596
471.25 22.02 0 0 "KDE LDA" 169 3000 3.46969696969697
471.65 22.195 0 0 "KDE LDA" 169 3000 3.47979797979798
476.56 22.205 0 0 "KDE LDA" 169 3000 3.48989898989899
477.34 22.465 0 0 "KDE LDA" 169 3000 3.5
103.25 12.025 0 0 "KDE QDA" 169 3000 2.7
103.275 12.03 0 0 "KDE QDA" 169 3000 2.71010101010101
103.71 12.03 0 0 "KDE QDA" 169 3000 2.72020202020202
103.71 12.11 0 0 "KDE QDA" 169 3000 2.73030303030303
103.71 12.11 0 0 "KDE QDA" 169 3000 2.74040404040404
103.725 12.11 0 0 "KDE QDA" 169 3000 2.75050505050505
103.8 12.125 0 0 "KDE QDA" 169 3000 2.76060606060606
103.8 12.125 0 0 "KDE QDA" 169 3000 2.77070707070707
104.065 12.125 0 0 "KDE QDA" 169 3000 2.78080808080808
104.34 12.125 0 0 "KDE QDA" 169 3000 2.79090909090909
122.975 13.49 0 0 "KDE QDA" 169 3000 2.8010101010101
122.975 13.49 0 0 "KDE QDA" 169 3000 2.81111111111111
122.99 13.49 0 0 "KDE QDA" 169 3000 2.82121212121212
131.165 13.585 0 0 "KDE QDA" 169 3000 2.83131313131313
131.165 13.62 0 0 "KDE QDA" 169 3000 2.84141414141414
131.37 13.655 0 0 "KDE QDA" 169 3000 2.85151515151515
131.37 13.655 0 0 "KDE QDA" 169 3000 2.86161616161616
131.37 13.655 0 0 "KDE QDA" 169 3000 2.87171717171717
131.375 13.655 0 0 "KDE QDA" 169 3000 2.88181818181818
131.375 13.655 0 0 "KDE QDA" 169 3000 2.89191919191919
131.375 13.655 0 0 "KDE QDA" 169 3000 2.9020202020202
131.76 13.655 0 0 "KDE QDA" 169 3000 2.91212121212121
131.76 13.66 0 0 "KDE QDA" 169 3000 2.92222222222222
131.76 13.66 0 0 "KDE QDA" 169 3000 2.93232323232323
131.76 13.66 0 0 "KDE QDA" 169 3000 2.94242424242424
131.77 13.66 0 0 "KDE QDA" 169 3000 2.95252525252525
139.585 13.87 0 0 "KDE QDA" 169 3000 2.96262626262626
139.595 13.885 0 0 "KDE QDA" 169 3000 2.97272727272727
141.315 13.895 0 0 "KDE QDA" 169 3000 2.98282828282828
142.605 13.945 0 0 "KDE QDA" 169 3000 2.99292929292929
144.465 13.99 0 0 "KDE QDA" 169 3000 3.0030303030303
144.47 14.08 0 0 "KDE QDA" 169 3000 3.01313131313131
144.47 14.08 0 0 "KDE QDA" 169 3000 3.02323232323232
144.47 14.085 0 0 "KDE QDA" 169 3000 3.03333333333333
144.47 14.1 0 0 "KDE QDA" 169 3000 3.04343434343434
145.5 14.1 0 0 "KDE QDA" 169 3000 3.05353535353535
145.53 14.12 0 0 "KDE QDA" 169 3000 3.06363636363636
145.53 14.125 0 0 "KDE QDA" 169 3000 3.07373737373737
145.545 14.125 0 0 "KDE QDA" 169 3000 3.08383838383838
151.12 14.63 0 0 "KDE QDA" 169 3000 3.09393939393939
153.325 14.635 0 0 "KDE QDA" 169 3000 3.1040404040404
153.34 14.635 0 0 "KDE QDA" 169 3000 3.11414141414141
156.435 14.73 0 0 "KDE QDA" 169 3000 3.12424242424242
156.435 14.73 0 0 "KDE QDA" 169 3000 3.13434343434343
158.505 14.73 0 0 "KDE QDA" 169 3000 3.14444444444444
158.505 14.73 0 0 "KDE QDA" 169 3000 3.15454545454545
158.54 14.73 0 0 "KDE QDA" 169 3000 3.16464646464646
158.545 14.74 0 0 "KDE QDA" 169 3000 3.17474747474748
158.685 14.745 0 0 "KDE QDA" 169 3000 3.18484848484849
158.765 14.745 0 0 "KDE QDA" 169 3000 3.19494949494949
158.765 14.745 0 0 "KDE QDA" 169 3000 3.20505050505051
158.78 14.76 0 0 "KDE QDA" 169 3000 3.21515151515152
174.21 15.11 0 0 "KDE QDA" 169 3000 3.22525252525253
174.7 15.11 0 0 "KDE QDA" 169 3000 3.23535353535354
176.7 15.12 0 0 "KDE QDA" 169 3000 3.24545454545455
182.42 15.375 0 0 "KDE QDA" 169 3000 3.25555555555556
186.83 15.375 0 0 "KDE QDA" 169 3000 3.26565656565657
187.005 15.39 0 0 "KDE QDA" 169 3000 3.27575757575758
187.035 15.39 0 0 "KDE QDA" 169 3000 3.28585858585859
187.49 15.39 0 0 "KDE QDA" 169 3000 3.2959595959596
187.5 15.46 0 0 "KDE QDA" 169 3000 3.30606060606061
187.5 15.46 0 0 "KDE QDA" 169 3000 3.31616161616162
187.515 15.46 0 0 "KDE QDA" 169 3000 3.32626262626263
187.515 15.46 0 0 "KDE QDA" 169 3000 3.33636363636364
187.53 15.475 0 0 "KDE QDA" 169 3000 3.34646464646465
188.045 15.475 0 0 "KDE QDA" 169 3000 3.35656565656566
219.135 16.29 0 0 "KDE QDA" 169 3000 3.36666666666667
219.14 16.29 0 0 "KDE QDA" 169 3000 3.37676767676768
228.655 16.48 0 0 "KDE QDA" 169 3000 3.38686868686869
228.695 16.49 0 0 "KDE QDA" 169 3000 3.3969696969697
228.7 16.5 0 0 "KDE QDA" 169 3000 3.40707070707071
228.735 16.55 0 0 "KDE QDA" 169 3000 3.41717171717172
228.735 16.55 0 0 "KDE QDA" 169 3000 3.42727272727273
228.735 16.55 0 0 "KDE QDA" 169 3000 3.43737373737374
229.575 16.55 0 0 "KDE QDA" 169 3000 3.44747474747475
229.58 16.55 0 0 "KDE QDA" 169 3000 3.45757575757576
229.58 16.575 0 0 "KDE QDA" 169 3000 3.46767676767677
230.9 16.58 0 0 "KDE QDA" 169 3000 3.47777777777778
230.9 16.585 0 0 "KDE QDA" 169 3000 3.48787878787879
230.9 16.585 0 0 "KDE QDA" 169 3000 3.4979797979798
231.04 16.585 0 0 "KDE QDA" 169 3000 3.50808080808081
256.565 16.945 0 0 "KDE QDA" 169 3000 3.51818181818182
259.55 16.945 0 0 "KDE QDA" 169 3000 3.52828282828283
261.13 16.945 0 0 "KDE QDA" 169 3000 3.53838383838384
266.2 16.975 0 0 "KDE QDA" 169 3000 3.54848484848485
266.2 16.98 0 0 "KDE QDA" 169 3000 3.55858585858586
266.205 16.99 0 0 "KDE QDA" 169 3000 3.56868686868687
266.425 16.99 0 0 "KDE QDA" 169 3000 3.57878787878788
266.425 16.995 0 0 "KDE QDA" 169 3000 3.58888888888889
266.425 16.995 0 0 "KDE QDA" 169 3000 3.5989898989899
270.755 16.995 0 0 "KDE QDA" 169 3000 3.60909090909091
270.755 17 0 0 "KDE QDA" 169 3000 3.61919191919192
270.765 17.045 0 0 "KDE QDA" 169 3000 3.62929292929293
270.78 17.05 0 0 "KDE QDA" 169 3000 3.63939393939394
270.78 17.08 0 0 "KDE QDA" 169 3000 3.64949494949495
289.405 17.42 0 0 "KDE QDA" 169 3000 3.65959595959596
289.43 17.42 0 0 "KDE QDA" 169 3000 3.66969696969697
294.115 17.48 0 0 "KDE QDA" 169 3000 3.67979797979798
296.69 17.48 0 0 "KDE QDA" 169 3000 3.68989898989899
296.695 17.485 0 0 "KDE QDA" 169 3000 3.7
