142.73 14.975 0 0 "KDE LDA" 116 5000 2.5
142.735 14.985 0 0 "KDE LDA" 116 5000 2.51010101010101
144.455 15 0 0 "KDE LDA" 116 5000 2.52020202020202
147.105 15.18 0 0 "KDE LDA" 116 5000 2.53030303030303
150.055 15.285 0 0 "KDE LDA" 116 5000 2.54040404040404
150.07 15.3 0 0 "KDE LDA" 116 5000 2.55050505050505
151.33 15.315 0 0 "KDE LDA" 116 5000 2.56060606060606
151.33 15.335 0 0 "KDE LDA" 116 5000 2.57070707070707
151.41 15.365 0 0 "KDE LDA" 116 5000 2.58080808080808
151.49 15.37 0 0 "KDE LDA" 116 5000 2.59090909090909
151.495 15.445 0 0 "KDE LDA" 116 5000 2.6010101010101
151.73 15.465 0 0 "KDE LDA" 116 5000 2.61111111111111
155.09 15.575 0 0 "KDE LDA" 116 5000 2.62121212121212
155.11 15.635 0 0 "KDE LDA" 116 5000 2.63131313131313
157.69 15.7 0 0 "KDE LDA" 116 5000 2.64141414141414
159.575 15.755 0 0 "KDE LDA" 116 5000 2.65151515151515
167.33 15.96 0 0 "KDE LDA" 116 5000 2.66161616161616
171.845 16.35 0 0 "KDE LDA" 116 5000 2.67171717171717
171.85 16.4 0 0 "KDE LDA" 116 5000 2.68181818181818
171.87 16.415 0 0 "KDE LDA" 116 5000 2.69191919191919
173.115 16.435 0 0 "KDE LDA" 116 5000 2.7020202020202
173.51 16.61 0 0 "KDE LDA" 116 5000 2.71212121212121
173.51 16.62 0 0 "KDE LDA" 116 5000 2.72222222222222
177.57 16.79 0 0 "KDE LDA" 116 5000 2.73232323232323
181.1 16.835 0 0 "KDE LDA" 116 5000 2.74242424242424
181.115 16.875 0 0 "KDE LDA" 116 5000 2.75252525252525
185.76 16.875 0 0 "KDE LDA" 116 5000 2.76262626262626
187 16.915 0 0 "KDE LDA" 116 5000 2.77272727272727
191.025 16.92 0 0 "KDE LDA" 116 5000 2.78282828282828
192.49 17.13 0 0 "KDE LDA" 116 5000 2.79292929292929
221.955 17.555 0 0 "KDE LDA" 116 5000 2.8030303030303
225.66 17.58 0 0 "KDE LDA" 116 5000 2.81313131313131
225.675 17.66 0 0 "KDE LDA" 116 5000 2.82323232323232
225.69 17.665 0 0 "KDE LDA" 116 5000 2.83333333333333
227.89 17.8 0 0 "KDE LDA" 116 5000 2.84343434343434
227.89 17.83 0 0 "KDE LDA" 116 5000 2.85353535353535
227.91 17.845 0 0 "KDE LDA" 116 5000 2.86363636363636
228.165 17.855 0 0 "KDE LDA" 116 5000 2.87373737373737
228.375 17.905 0 0 "KDE LDA" 116 5000 2.88383838383838
233.145 17.92 0 0 "KDE LDA" 116 5000 2.89393939393939
235.035 17.97 0 0 "KDE LDA" 116 5000 2.9040404040404
238.48 17.985 0 0 "KDE LDA" 116 5000 2.91414141414141
238.5 18.1 0 0 "KDE LDA" 116 5000 2.92424242424242
243.09 18.135 0 0 "KDE LDA" 116 5000 2.93434343434343
243.2 18.2 0 0 "KDE LDA" 116 5000 2.94444444444444
250.19 18.64 0 0 "KDE LDA" 116 5000 2.95454545454545
254.485 18.72 0 0 "KDE LDA" 116 5000 2.96464646464646
255.185 18.725 0 0 "KDE LDA" 116 5000 2.97474747474747
256.045 18.82 0 0 "KDE LDA" 116 5000 2.98484848484848
261.045 18.85 0 0 "KDE LDA" 116 5000 2.99494949494949
261.06 18.855 0 0 "KDE LDA" 116 5000 3.00505050505051
261.105 18.875 0 0 "KDE LDA" 116 5000 3.01515151515152
261.12 18.925 0 0 "KDE LDA" 116 5000 3.02525252525253
268.985 18.98 0 0 "KDE LDA" 116 5000 3.03535353535354
270.68 19.035 0 0 "KDE LDA" 116 5000 3.04545454545455
278.085 19.06 0 0 "KDE LDA" 116 5000 3.05555555555556
280.035 19.115 0 0 "KDE LDA" 116 5000 3.06565656565657
280.895 19.205 0 0 "KDE LDA" 116 5000 3.07575757575758
285.29 19.335 0 0 "KDE LDA" 116 5000 3.08585858585859
295.645 19.555 0 0 "KDE LDA" 116 5000 3.0959595959596
299.395 19.75 0 0 "KDE LDA" 116 5000 3.10606060606061
299.635 19.845 0 0 "KDE LDA" 116 5000 3.11616161616162
301.915 19.865 0 0 "KDE LDA" 116 5000 3.12626262626263
301.92 19.9 0 0 "KDE LDA" 116 5000 3.13636363636364
306.375 19.905 0 0 "KDE LDA" 116 5000 3.14646464646465
307.37 20.03 0 0 "KDE LDA" 116 5000 3.15656565656566
307.385 20.105 0 0 "KDE LDA" 116 5000 3.16666666666667
308.55 20.12 0 0 "KDE LDA" 116 5000 3.17676767676768
314.195 20.2 0 0 "KDE LDA" 116 5000 3.18686868686869
319.225 20.255 0 0 "KDE LDA" 116 5000 3.1969696969697
319.285 20.355 0 0 "KDE LDA" 116 5000 3.20707070707071
343.35 20.38 0 0 "KDE LDA" 116 5000 3.21717171717172
360.425 20.66 0 0 "KDE LDA" 116 5000 3.22727272727273
363.095 20.745 0 0 "KDE LDA" 116 5000 3.23737373737374
377.99 20.855 0 0 "KDE LDA" 116 5000 3.24747474747475
378.165 20.87 0 0 "KDE LDA" 116 5000 3.25757575757576
378.185 20.93 0 0 "KDE LDA" 116 5000 3.26767676767677
383.05 20.955 0 0 "KDE LDA" 116 5000 3.27777777777778
384.835 20.965 0 0 "KDE LDA" 116 5000 3.28787878787879
393.945 20.975 0 0 "KDE LDA" 116 5000 3.2979797979798
395.335 21.235 0 0 "KDE LDA" 116 5000 3.30808080808081
400.7 21.325 0 0 "KDE LDA" 116 5000 3.31818181818182
421.085 21.34 0 0 "KDE LDA" 116 5000 3.32828282828283
434.07 21.415 0 0 "KDE LDA" 116 5000 3.33838383838384
449.94 21.48 0 0 "KDE LDA" 116 5000 3.34848484848485
495.87 22.055 0 0 "KDE LDA" 116 5000 3.35858585858586
495.885 22.095 0 0 "KDE LDA" 116 5000 3.36868686868687
510.005 22.12 0 0 "KDE LDA" 116 5000 3.37878787878788
511.75 22.145 0 0 "KDE LDA" 116 5000 3.38888888888889
511.755 22.16 0 0 "KDE LDA" 116 5000 3.3989898989899
529.755 22.17 0 0 "KDE LDA" 116 5000 3.40909090909091
529.915 22.34 0 0 "KDE LDA" 116 5000 3.41919191919192
534.125 22.365 0 0 "KDE LDA" 116 5000 3.42929292929293
537.8 22.38 0 0 "KDE LDA" 116 5000 3.43939393939394
540.95 22.385 0 0 "KDE LDA" 116 5000 3.44949494949495
549.345 22.575 0 0 "KDE LDA" 116 5000 3.45959595959596
551.025 22.63 0 0 "KDE LDA" 116 5000 3.46969696969697
559.02 22.665 0 0 "KDE LDA" 116 5000 3.47979797979798
562 22.745 0 0 "KDE LDA" 116 5000 3.48989898989899
568.13 22.76 0 0 "KDE LDA" 116 5000 3.5
96.49 12 0 0 "KDE QDA" 116 5000 2.7
96.505 12 0 0 "KDE QDA" 116 5000 2.71010101010101
96.52 12 0 0 "KDE QDA" 116 5000 2.72020202020202
96.52 12 0 0 "KDE QDA" 116 5000 2.73030303030303
96.52 12 0 0 "KDE QDA" 116 5000 2.74040404040404
96.52 12 0 0 "KDE QDA" 116 5000 2.75050505050505
96.52 12 0 0 "KDE QDA" 116 5000 2.76060606060606
96.52 12 0 0 "KDE QDA" 116 5000 2.77070707070707
96.52 12 0 0 "KDE QDA" 116 5000 2.78080808080808
96.52 12 0 0 "KDE QDA" 116 5000 2.79090909090909
125.02 12.99 0 0 "KDE QDA" 116 5000 2.8010101010101
125.02 12.99 0 0 "KDE QDA" 116 5000 2.81111111111111
125.035 12.99 0 0 "KDE QDA" 116 5000 2.82121212121212
129.61 13.22 0 0 "KDE QDA" 116 5000 2.83131313131313
129.635 13.22 0 0 "KDE QDA" 116 5000 2.84141414141414
130.97 13.26 0 0 "KDE QDA" 116 5000 2.85151515151515
130.97 13.26 0 0 "KDE QDA" 116 5000 2.86161616161616
130.97 13.26 0 0 "KDE QDA" 116 5000 2.87171717171717
131.115 13.26 0 0 "KDE QDA" 116 5000 2.88181818181818
131.115 13.26 0 0 "KDE QDA" 116 5000 2.89191919191919
131.12 13.26 0 0 "KDE QDA" 116 5000 2.9020202020202
131.12 13.26 0 0 "KDE QDA" 116 5000 2.91212121212121
131.12 13.26 0 0 "KDE QDA" 116 5000 2.92222222222222
131.12 13.26 0 0 "KDE QDA" 116 5000 2.93232323232323
131.12 13.26 0 0 "KDE QDA" 116 5000 2.94242424242424
131.12 13.26 0 0 "KDE QDA" 116 5000 2.95252525252525
139.005 13.495 0 0 "KDE QDA" 116 5000 2.96262626262626
139.17 13.5 0 0 "KDE QDA" 116 5000 2.97272727272727
140.31 13.58 0 0 "KDE QDA" 116 5000 2.98282828282828
140.31 13.59 0 0 "KDE QDA" 116 5000 2.99292929292929
140.31 13.59 0 0 "KDE QDA" 116 5000 3.0030303030303
140.31 13.595 0 0 "KDE QDA" 116 5000 3.01313131313131
140.31 13.595 0 0 "KDE QDA" 116 5000 3.02323232323232
140.31 13.595 0 0 "KDE QDA" 116 5000 3.03333333333333
140.395 13.595 0 0 "KDE QDA" 116 5000 3.04343434343434
140.395 13.595 0 0 "KDE QDA" 116 5000 3.05353535353535
140.395 13.595 0 0 "KDE QDA" 116 5000 3.06363636363636
140.395 13.595 0 0 "KDE QDA" 116 5000 3.07373737373737
140.395 13.595 0 0 "KDE QDA" 116 5000 3.08383838383838
147.645 14.055 0 0 "KDE QDA" 116 5000 3.09393939393939
147.645 14.07 0 0 "KDE QDA" 116 5000 3.1040404040404
147.645 14.095 0 0 "KDE QDA" 116 5000 3.11414141414141
147.655 14.2 0 0 "KDE QDA" 116 5000 3.12424242424242
147.95 14.2 0 0 "KDE QDA" 116 5000 3.13434343434343
149.01 14.205 0 0 "KDE QDA" 116 5000 3.14444444444444
149.01 14.205 0 0 "KDE QDA" 116 5000 3.15454545454545
149.85 14.205 0 0 "KDE QDA" 116 5000 3.16464646464646
149.85 14.205 0 0 "KDE QDA" 116 5000 3.17474747474748
149.85 14.205 0 0 "KDE QDA" 116 5000 3.18484848484849
150.64 14.205 0 0 "KDE QDA" 116 5000 3.19494949494949
151.08 14.205 0 0 "KDE QDA" 116 5000 3.20505050505051
151.08 14.21 0 0 "KDE QDA" 116 5000 3.21515151515152
182.335 14.625 0 0 "KDE QDA" 116 5000 3.22525252525253
183.595 14.63 0 0 "KDE QDA" 116 5000 3.23535353535354
183.64 14.63 0 0 "KDE QDA" 116 5000 3.24545454545455
191.375 14.72 0 0 "KDE QDA" 116 5000 3.25555555555556
191.375 14.72 0 0 "KDE QDA" 116 5000 3.26565656565657
191.38 14.735 0 0 "KDE QDA" 116 5000 3.27575757575758
193.39 14.735 0 0 "KDE QDA" 116 5000 3.28585858585859
193.39 14.735 0 0 "KDE QDA" 116 5000 3.2959595959596
193.415 14.735 0 0 "KDE QDA" 116 5000 3.30606060606061
193.415 14.735 0 0 "KDE QDA" 116 5000 3.31616161616162
193.415 14.735 0 0 "KDE QDA" 116 5000 3.32626262626263
193.415 14.735 0 0 "KDE QDA" 116 5000 3.33636363636364
193.415 14.735 0 0 "KDE QDA" 116 5000 3.34646464646465
193.42 14.735 0 0 "KDE QDA" 116 5000 3.35656565656566
231.62 15.535 0 0 "KDE QDA" 116 5000 3.36666666666667
231.62 15.535 0 0 "KDE QDA" 116 5000 3.37676767676768
240.26 15.825 0 0 "KDE QDA" 116 5000 3.38686868686869
240.275 15.83 0 0 "KDE QDA" 116 5000 3.3969696969697
240.275 15.865 0 0 "KDE QDA" 116 5000 3.40707070707071
243.69 15.875 0 0 "KDE QDA" 116 5000 3.41717171717172
243.69 15.875 0 0 "KDE QDA" 116 5000 3.42727272727273
243.695 15.875 0 0 "KDE QDA" 116 5000 3.43737373737374
243.695 15.875 0 0 "KDE QDA" 116 5000 3.44747474747475
243.7 15.875 0 0 "KDE QDA" 116 5000 3.45757575757576
243.7 15.875 0 0 "KDE QDA" 116 5000 3.46767676767677
243.7 15.875 0 0 "KDE QDA" 116 5000 3.47777777777778
243.7 15.88 0 0 "KDE QDA" 116 5000 3.48787878787879
243.7 15.88 0 0 "KDE QDA" 116 5000 3.4979797979798
243.7 15.88 0 0 "KDE QDA" 116 5000 3.50808080808081
266.185 16.35 0 0 "KDE QDA" 116 5000 3.51818181818182
266.195 16.365 0 0 "KDE QDA" 116 5000 3.52828282828283
266.195 16.365 0 0 "KDE QDA" 116 5000 3.53838383838384
267.09 16.47 0 0 "KDE QDA" 116 5000 3.54848484848485
267.09 16.475 0 0 "KDE QDA" 116 5000 3.55858585858586
270.54 16.48 0 0 "KDE QDA" 116 5000 3.56868686868687
270.54 16.505 0 0 "KDE QDA" 116 5000 3.57878787878788
271.375 16.505 0 0 "KDE QDA" 116 5000 3.58888888888889
271.425 16.505 0 0 "KDE QDA" 116 5000 3.5989898989899
271.725 16.505 0 0 "KDE QDA" 116 5000 3.60909090909091
271.73 16.505 0 0 "KDE QDA" 116 5000 3.61919191919192
271.73 16.52 0 0 "KDE QDA" 116 5000 3.62929292929293
271.73 16.52 0 0 "KDE QDA" 116 5000 3.63939393939394
271.73 16.52 0 0 "KDE QDA" 116 5000 3.64949494949495
287.74 16.965 0 0 "KDE QDA" 116 5000 3.65959595959596
287.74 16.965 0 0 "KDE QDA" 116 5000 3.66969696969697
295.83 17.075 0 0 "KDE QDA" 116 5000 3.67979797979798
297.32 17.075 0 0 "KDE QDA" 116 5000 3.68989898989899
297.32 17.075 0 0 "KDE QDA" 116 5000 3.7
