127.805 14.38 0 0 "KDE LDA" 88 5000 2.5
127.805 14.605 0 0 "KDE LDA" 88 5000 2.51010101010101
128.71 14.68 0 0 "KDE LDA" 88 5000 2.52020202020202
131.48 14.72 0 0 "KDE LDA" 88 5000 2.53030303030303
132.62 14.785 0 0 "KDE LDA" 88 5000 2.54040404040404
135.145 14.795 0 0 "KDE LDA" 88 5000 2.55050505050505
135.77 14.875 0 0 "KDE LDA" 88 5000 2.56060606060606
137.29 14.88 0 0 "KDE LDA" 88 5000 2.57070707070707
137.3 14.955 0 0 "KDE LDA" 88 5000 2.58080808080808
137.88 14.98 0 0 "KDE LDA" 88 5000 2.59090909090909
139.575 15.015 0 0 "KDE LDA" 88 5000 2.6010101010101
140.945 15.035 0 0 "KDE LDA" 88 5000 2.61111111111111
145.225 15.06 0 0 "KDE LDA" 88 5000 2.62121212121212
147.72 15.095 0 0 "KDE LDA" 88 5000 2.63131313131313
149.865 15.105 0 0 "KDE LDA" 88 5000 2.64141414141414
152.425 15.175 0 0 "KDE LDA" 88 5000 2.65151515151515
153.9 15.395 0 0 "KDE LDA" 88 5000 2.66161616161616
166.89 15.65 0 0 "KDE LDA" 88 5000 2.67171717171717
166.9 15.695 0 0 "KDE LDA" 88 5000 2.68181818181818
168.475 15.725 0 0 "KDE LDA" 88 5000 2.69191919191919
168.91 15.745 0 0 "KDE LDA" 88 5000 2.7020202020202
169.015 15.775 0 0 "KDE LDA" 88 5000 2.71212121212121
169.73 15.775 0 0 "KDE LDA" 88 5000 2.72222222222222
171.275 15.785 0 0 "KDE LDA" 88 5000 2.73232323232323
173.045 15.865 0 0 "KDE LDA" 88 5000 2.74242424242424
173.175 15.875 0 0 "KDE LDA" 88 5000 2.75252525252525
178.65 16.025 0 0 "KDE LDA" 88 5000 2.76262626262626
180.37 16.1 0 0 "KDE LDA" 88 5000 2.77272727272727
183.215 16.125 0 0 "KDE LDA" 88 5000 2.78282828282828
190.905 16.51 0 0 "KDE LDA" 88 5000 2.79292929292929
211.12 16.895 0 0 "KDE LDA" 88 5000 2.8030303030303
211.48 16.91 0 0 "KDE LDA" 88 5000 2.81313131313131
213.35 16.95 0 0 "KDE LDA" 88 5000 2.82323232323232
216.54 16.985 0 0 "KDE LDA" 88 5000 2.83333333333333
220.02 17.005 0 0 "KDE LDA" 88 5000 2.84343434343434
220.02 17.025 0 0 "KDE LDA" 88 5000 2.85353535353535
224.825 17.04 0 0 "KDE LDA" 88 5000 2.86363636363636
227.285 17.07 0 0 "KDE LDA" 88 5000 2.87373737373737
233.235 17.09 0 0 "KDE LDA" 88 5000 2.88383838383838
233.685 17.09 0 0 "KDE LDA" 88 5000 2.89393939393939
233.81 17.11 0 0 "KDE LDA" 88 5000 2.9040404040404
233.87 17.125 0 0 "KDE LDA" 88 5000 2.91414141414141
234.2 17.235 0 0 "KDE LDA" 88 5000 2.92424242424242
236.51 17.26 0 0 "KDE LDA" 88 5000 2.93434343434343
239.965 17.26 0 0 "KDE LDA" 88 5000 2.94444444444444
240.795 17.28 0 0 "KDE LDA" 88 5000 2.95454545454545
250.235 17.635 0 0 "KDE LDA" 88 5000 2.96464646464646
251.385 17.67 0 0 "KDE LDA" 88 5000 2.97474747474747
251.56 17.7 0 0 "KDE LDA" 88 5000 2.98484848484848
252.31 17.705 0 0 "KDE LDA" 88 5000 2.99494949494949
252.73 17.74 0 0 "KDE LDA" 88 5000 3.00505050505051
252.74 17.77 0 0 "KDE LDA" 88 5000 3.01515151515152
255.975 17.81 0 0 "KDE LDA" 88 5000 3.02525252525253
260.07 17.815 0 0 "KDE LDA" 88 5000 3.03535353535354
262.685 17.915 0 0 "KDE LDA" 88 5000 3.04545454545455
262.71 17.955 0 0 "KDE LDA" 88 5000 3.05555555555556
265.545 17.97 0 0 "KDE LDA" 88 5000 3.06565656565657
265.59 18.07 0 0 "KDE LDA" 88 5000 3.07575757575758
269.055 18.08 0 0 "KDE LDA" 88 5000 3.08585858585859
277.425 18.185 0 0 "KDE LDA" 88 5000 3.0959595959596
281.16 18.2 0 0 "KDE LDA" 88 5000 3.10606060606061
285.225 18.215 0 0 "KDE LDA" 88 5000 3.11616161616162
285.595 18.23 0 0 "KDE LDA" 88 5000 3.12626262626263
286.335 18.24 0 0 "KDE LDA" 88 5000 3.13636363636364
286.34 18.25 0 0 "KDE LDA" 88 5000 3.14646464646465
288.875 18.35 0 0 "KDE LDA" 88 5000 3.15656565656566
290 18.65 0 0 "KDE LDA" 88 5000 3.16666666666667
297.685 18.66 0 0 "KDE LDA" 88 5000 3.17676767676768
300.405 18.71 0 0 "KDE LDA" 88 5000 3.18686868686869
311.955 18.725 0 0 "KDE LDA" 88 5000 3.1969696969697
314.82 18.755 0 0 "KDE LDA" 88 5000 3.20707070707071
319.985 18.895 0 0 "KDE LDA" 88 5000 3.21717171717172
346.105 19.105 0 0 "KDE LDA" 88 5000 3.22727272727273
348.275 19.23 0 0 "KDE LDA" 88 5000 3.23737373737374
356.185 19.32 0 0 "KDE LDA" 88 5000 3.24747474747475
359.245 19.33 0 0 "KDE LDA" 88 5000 3.25757575757576
367.615 19.35 0 0 "KDE LDA" 88 5000 3.26767676767677
374.725 19.375 0 0 "KDE LDA" 88 5000 3.27777777777778
378.385 19.38 0 0 "KDE LDA" 88 5000 3.28787878787879
378.42 19.545 0 0 "KDE LDA" 88 5000 3.2979797979798
378.44 19.64 0 0 "KDE LDA" 88 5000 3.30808080808081
385.745 19.815 0 0 "KDE LDA" 88 5000 3.31818181818182
395.01 19.85 0 0 "KDE LDA" 88 5000 3.32828282828283
406.15 19.96 0 0 "KDE LDA" 88 5000 3.33838383838384
424.765 20.15 0 0 "KDE LDA" 88 5000 3.34848484848485
460.06 20.64 0 0 "KDE LDA" 88 5000 3.35858585858586
461.4 20.715 0 0 "KDE LDA" 88 5000 3.36868686868687
471.995 20.73 0 0 "KDE LDA" 88 5000 3.37878787878788
473.94 20.75 0 0 "KDE LDA" 88 5000 3.38888888888889
473.965 20.785 0 0 "KDE LDA" 88 5000 3.3989898989899
474.23 20.835 0 0 "KDE LDA" 88 5000 3.40909090909091
478.935 20.965 0 0 "KDE LDA" 88 5000 3.41919191919192
483.715 20.995 0 0 "KDE LDA" 88 5000 3.42929292929293
491.215 21.035 0 0 "KDE LDA" 88 5000 3.43939393939394
494.75 21.04 0 0 "KDE LDA" 88 5000 3.44949494949495
496.595 21.21 0 0 "KDE LDA" 88 5000 3.45959595959596
498.83 21.315 0 0 "KDE LDA" 88 5000 3.46969696969697
505.07 21.37 0 0 "KDE LDA" 88 5000 3.47979797979798
506.185 21.495 0 0 "KDE LDA" 88 5000 3.48989898989899
513.211055276382 21.5 1 0 "KDE LDA" 88 5000 3.5
106.945 12.795 0 0 "KDE QDA" 88 5000 2.7
106.945 12.795 0 0 "KDE QDA" 88 5000 2.71010101010101
106.95 12.795 0 0 "KDE QDA" 88 5000 2.72020202020202
106.95 12.8 0 0 "KDE QDA" 88 5000 2.73030303030303
107.855 12.8 0 0 "KDE QDA" 88 5000 2.74040404040404
107.86 12.8 0 0 "KDE QDA" 88 5000 2.75050505050505
107.86 12.8 0 0 "KDE QDA" 88 5000 2.76060606060606
107.895 12.815 0 0 "KDE QDA" 88 5000 2.77070707070707
107.895 12.815 0 0 "KDE QDA" 88 5000 2.78080808080808
107.895 12.815 0 0 "KDE QDA" 88 5000 2.79090909090909
129.55 13.845 0 0 "KDE QDA" 88 5000 2.8010101010101
129.55 13.845 0 0 "KDE QDA" 88 5000 2.81111111111111
130.23 13.845 0 0 "KDE QDA" 88 5000 2.82121212121212
134.485 14 0 0 "KDE QDA" 88 5000 2.83131313131313
134.485 14 0 0 "KDE QDA" 88 5000 2.84141414141414
134.54 14.015 0 0 "KDE QDA" 88 5000 2.85151515151515
134.54 14.015 0 0 "KDE QDA" 88 5000 2.86161616161616
134.545 14.015 0 0 "KDE QDA" 88 5000 2.87171717171717
134.545 14.015 0 0 "KDE QDA" 88 5000 2.88181818181818
134.555 14.015 0 0 "KDE QDA" 88 5000 2.89191919191919
134.555 14.015 0 0 "KDE QDA" 88 5000 2.9020202020202
134.555 14.015 0 0 "KDE QDA" 88 5000 2.91212121212121
134.58 14.015 0 0 "KDE QDA" 88 5000 2.92222222222222
134.585 14.015 0 0 "KDE QDA" 88 5000 2.93232323232323
137.945 14.015 0 0 "KDE QDA" 88 5000 2.94242424242424
137.945 14.015 0 0 "KDE QDA" 88 5000 2.95252525252525
149.825 14.485 0 0 "KDE QDA" 88 5000 2.96262626262626
149.825 14.49 0 0 "KDE QDA" 88 5000 2.97272727272727
149.835 14.505 0 0 "KDE QDA" 88 5000 2.98282828282828
151.055 14.595 0 0 "KDE QDA" 88 5000 2.99292929292929
151.055 14.6 0 0 "KDE QDA" 88 5000 3.0030303030303
152.13 14.605 0 0 "KDE QDA" 88 5000 3.01313131313131
152.61 14.61 0 0 "KDE QDA" 88 5000 3.02323232323232
153.07 14.61 0 0 "KDE QDA" 88 5000 3.03333333333333
153.07 14.61 0 0 "KDE QDA" 88 5000 3.04343434343434
153.07 14.615 0 0 "KDE QDA" 88 5000 3.05353535353535
153.07 14.615 0 0 "KDE QDA" 88 5000 3.06363636363636
153.07 14.62 0 0 "KDE QDA" 88 5000 3.07373737373737
153.07 14.645 0 0 "KDE QDA" 88 5000 3.08383838383838
165.88 15.11 0 0 "KDE QDA" 88 5000 3.09393939393939
165.88 15.11 0 0 "KDE QDA" 88 5000 3.1040404040404
168.19 15.11 0 0 "KDE QDA" 88 5000 3.11414141414141
170.625 15.235 0 0 "KDE QDA" 88 5000 3.12424242424242
170.625 15.235 0 0 "KDE QDA" 88 5000 3.13434343434343
170.625 15.24 0 0 "KDE QDA" 88 5000 3.14444444444444
172.165 15.24 0 0 "KDE QDA" 88 5000 3.15454545454545
172.165 15.24 0 0 "KDE QDA" 88 5000 3.16464646464646
172.165 15.245 0 0 "KDE QDA" 88 5000 3.17474747474748
172.165 15.245 0 0 "KDE QDA" 88 5000 3.18484848484849
172.165 15.25 0 0 "KDE QDA" 88 5000 3.19494949494949
172.165 15.25 0 0 "KDE QDA" 88 5000 3.20505050505051
172.17 15.25 0 0 "KDE QDA" 88 5000 3.21515151515152
197.145 15.9 0 0 "KDE QDA" 88 5000 3.22525252525253
197.155 15.925 0 0 "KDE QDA" 88 5000 3.23535353535354
197.16 15.925 0 0 "KDE QDA" 88 5000 3.24545454545455
203.5 16.04 0 0 "KDE QDA" 88 5000 3.25555555555556
204.31 16.04 0 0 "KDE QDA" 88 5000 3.26565656565657
205.17 16.115 0 0 "KDE QDA" 88 5000 3.27575757575758
207.39 16.12 0 0 "KDE QDA" 88 5000 3.28585858585859
207.39 16.125 0 0 "KDE QDA" 88 5000 3.2959595959596
207.39 16.125 0 0 "KDE QDA" 88 5000 3.30606060606061
208.26 16.125 0 0 "KDE QDA" 88 5000 3.31616161616162
208.265 16.125 0 0 "KDE QDA" 88 5000 3.32626262626263
208.265 16.125 0 0 "KDE QDA" 88 5000 3.33636363636364
208.265 16.125 0 0 "KDE QDA" 88 5000 3.34646464646465
208.77 16.125 0 0 "KDE QDA" 88 5000 3.35656565656566
246 16.605 0 0 "KDE QDA" 88 5000 3.36666666666667
246.01 16.61 0 0 "KDE QDA" 88 5000 3.37676767676768
265.495 16.765 0 0 "KDE QDA" 88 5000 3.38686868686869
265.505 16.775 0 0 "KDE QDA" 88 5000 3.3969696969697
265.505 16.775 0 0 "KDE QDA" 88 5000 3.40707070707071
269.02 16.81 0 0 "KDE QDA" 88 5000 3.41717171717172
269.62 16.81 0 0 "KDE QDA" 88 5000 3.42727272727273
269.63 16.82 0 0 "KDE QDA" 88 5000 3.43737373737374
269.735 16.82 0 0 "KDE QDA" 88 5000 3.44747474747475
269.735 16.82 0 0 "KDE QDA" 88 5000 3.45757575757576
269.735 16.82 0 0 "KDE QDA" 88 5000 3.46767676767677
269.735 16.82 0 0 "KDE QDA" 88 5000 3.47777777777778
270.25 16.82 0 0 "KDE QDA" 88 5000 3.48787878787879
270.25 16.825 0 0 "KDE QDA" 88 5000 3.4979797979798
270.25 16.825 0 0 "KDE QDA" 88 5000 3.50808080808081
282.33 17.06 0 0 "KDE QDA" 88 5000 3.51818181818182
282.335 17.18 0 0 "KDE QDA" 88 5000 3.52828282828283
282.335 17.18 0 0 "KDE QDA" 88 5000 3.53838383838384
292.535 17.195 0 0 "KDE QDA" 88 5000 3.54848484848485
292.535 17.2 0 0 "KDE QDA" 88 5000 3.55858585858586
292.535 17.205 0 0 "KDE QDA" 88 5000 3.56868686868687
292.535 17.28 0 0 "KDE QDA" 88 5000 3.57878787878788
292.535 17.28 0 0 "KDE QDA" 88 5000 3.58888888888889
292.535 17.28 0 0 "KDE QDA" 88 5000 3.5989898989899
292.535 17.28 0 0 "KDE QDA" 88 5000 3.60909090909091
292.535 17.285 0 0 "KDE QDA" 88 5000 3.61919191919192
292.535 17.29 0 0 "KDE QDA" 88 5000 3.62929292929293
292.535 17.29 0 0 "KDE QDA" 88 5000 3.63939393939394
293.225 17.29 0 0 "KDE QDA" 88 5000 3.64949494949495
311.78 17.605 0 0 "KDE QDA" 88 5000 3.65959595959596
311.78 17.63 0 0 "KDE QDA" 88 5000 3.66969696969697
325.505 17.92 0 0 "KDE QDA" 88 5000 3.67979797979798
325.52 17.92 0 0 "KDE QDA" 88 5000 3.68989898989899
325.52 17.92 0 0 "KDE QDA" 88 5000 3.7
