56.254 14.433 0 0 51.5943549379335 9.93671219515033 "LDA" 2 5000 1.5
60.228 14.841 0 0 54.0851848774063 10.1827013314938 "LDA" 2 5000 1.53535353535354
63.621 15.288 0 0 55.8223565831334 10.7189529316978 "LDA" 2 5000 1.57070707070707
66.19 15.961 0 0 57.2160080010094 11.4146297694131 "LDA" 2 5000 1.60606060606061
71.204 16.463 0 0 63.3923100144566 11.7219467254819 "LDA" 2 5000 1.64141414141414
75.391 16.966 0 0 68.2202618224463 12.1935034147502 "LDA" 2 5000 1.67676767676768
77.641 17.345 0 0 69.303138774835 12.520412762195 "LDA" 2 5000 1.71212121212121
81.586 17.706 0 0 74.003169344786 12.8679893203697 "LDA" 2 5000 1.74747474747475
85.078 18.137 0 0 75.5623291169719 13.1576348313196 "LDA" 2 5000 1.78282828282828
90.129 18.445 0 0 82.5836207332508 13.2138404932321 "LDA" 2 5000 1.81818181818182
95.985 18.758 0 0 90.2082385444994 13.3199420740804 "LDA" 2 5000 1.85353535353535
101.622 19.117 0 0 96.8072557237357 13.5885967252311 "LDA" 2 5000 1.88888888888889
108.082 19.474 0 0 100.950514026835 13.649602032134 "LDA" 2 5000 1.92424242424242
112.698 20.044 0 0 103.972886644342 13.9265937692608 "LDA" 2 5000 1.95959595959596
119.597 20.428 0 0 109.522224724979 14.1847814232023 "LDA" 2 5000 1.99494949494949
125.604 20.698 0 0 116.200308500863 14.3038245023978 "LDA" 2 5000 2.03030303030303
131.821 21.144 0 0 120.112513815068 14.5518046653678 "LDA" 2 5000 2.06565656565657
137.266 21.506 0 0 127.829784079055 14.7312244220558 "LDA" 2 5000 2.1010101010101
143.536 22.126 0 0 135.263605404214 15.3576033279929 "LDA" 2 5000 2.13636363636364
149.746 22.725 0 0 140.574395409138 16.2930303454526 "LDA" 2 5000 2.17171717171717
157.878 23.214 0 0 152.190732750503 16.5413366999109 "LDA" 2 5000 2.20707070707071
166.718 23.537 0 0 161.818316774226 16.6109769596961 "LDA" 2 5000 2.24242424242424
176.608 24.207 0 0 170.635995554804 17.1076831810688 "LDA" 2 5000 2.27777777777778
191.225 24.582 0 0 186.455624948874 17.2316628973006 "LDA" 2 5000 2.31313131313131
197.309 24.953 0 0 191.275382082459 17.4310249736391 "LDA" 2 5000 2.34848484848485
204.779 25.541 0 0 197.364137476295 17.7179639136455 "LDA" 2 5000 2.38383838383838
215.105 26.063 0 0 208.808421602032 18.135322465314 "LDA" 2 5000 2.41919191919192
224.965 26.627 0 0 216.754627040216 18.3524026133278 "LDA" 2 5000 2.45454545454545
238.139 27.199 0 0 227.392636402523 18.8959905127373 "LDA" 2 5000 2.48989898989899
255.4 27.666 0 0 249.355308886877 19.1275797817787 "LDA" 2 5000 2.52525252525253
269.777 28.281 0 0 260.134590695425 19.4982620051435 "LDA" 2 5000 2.56060606060606
282.746 28.553 0 0 270.803637520056 19.5546817048137 "LDA" 2 5000 2.5959595959596
299.474 28.878 0 0 286.028963379396 19.6663642263099 "LDA" 2 5000 2.63131313131313
313.841 29.202 0 0 298.515090033951 19.6838677767011 "LDA" 2 5000 2.66666666666667
329.011 29.718 0 0 317.802831199658 19.8027934046343 "LDA" 2 5000 2.7020202020202
352.679 30.272 0 0 346.818132132355 20.0852042915035 "LDA" 2 5000 2.73737373737374
371.921 30.746 0 0 366.544045506534 20.4263241607177 "LDA" 2 5000 2.77272727272727
388.781 31.25 0 0 376.78094022378 20.9319766779836 "LDA" 2 5000 2.80808080808081
410.47 31.919 0 0 402.410379107216 21.1876226687742 "LDA" 2 5000 2.84343434343434
436.826 32.346 0 0 438.230237963408 21.3890573839937 "LDA" 2 5000 2.87878787878788
455.696 32.863 0 0 444.575943291305 21.65403260661 "LDA" 2 5000 2.91414141414141
481.674 33.405 0 0 482.712955618058 22.0461109043297 "LDA" 2 5000 2.94949494949495
500.255 33.773 0 0 498.269228629663 22.2096091306835 "LDA" 2 5000 2.98484848484848
523.734 34.254 0 0 512.547619549936 22.5976578020409 "LDA" 2 5000 3.02020202020202
546.349 34.593 0 0 531.933720196118 22.6404492212708 "LDA" 2 5000 3.05555555555556
571.973 35.135 0 0 555.419667709272 22.8768469227104 "LDA" 2 5000 3.09090909090909
600.865 35.752 0 0 596.926010018358 23.3672532516024 "LDA" 2 5000 3.12626262626263
640.95 36.346 0 0 654.478814032982 23.753536884315 "LDA" 2 5000 3.16161616161616
674.261 36.796 0 0 686.231271684144 24.1770327565835 "LDA" 2 5000 3.1969696969697
713.631 37.647 0 0 717.943171313883 24.4686555843615 "LDA" 2 5000 3.23232323232323
740.647 38.321 0 0 742.44955770526 25.0362291843594 "LDA" 2 5000 3.26767676767677
775.258 38.784 0 0 788.635376579819 25.1559966641787 "LDA" 2 5000 3.3030303030303
813.259 39.431 0 0 837.135439258584 25.5039151639251 "LDA" 2 5000 3.33838383838384
836.532 39.895 0 0 857.864382215671 25.5529044518608 "LDA" 2 5000 3.37373737373737
869.443 40.357 0 0 888.119462082624 25.6459990694118 "LDA" 2 5000 3.40909090909091
903.412 40.843 0 0 922.509788873032 26.090094749618 "LDA" 2 5000 3.44444444444444
942.436 41.478 0 0 953.013427238303 26.556030176567 "LDA" 2 5000 3.47979797979798
992.219 42.082 0 0 1001.14765227746 27.0394602092647 "LDA" 2 5000 3.51515151515152
1036.646 42.534 0 0 1041.26630609283 27.4016732280293 "LDA" 2 5000 3.55050505050505
1070.408 42.983 0 0 1064.80894700863 27.6299135562007 "LDA" 2 5000 3.58585858585859
1127.538 43.47 0 0 1118.00276687616 27.878707328754 "LDA" 2 5000 3.62121212121212
1169.897 43.882 0 0 1178.4416112061 28.1148451982315 "LDA" 2 5000 3.65656565656566
1223.632 44.651 0 0 1222.27304722716 28.5838457040902 "LDA" 2 5000 3.69191919191919
1275.177 45.266 0 0 1243.38270545445 28.9002503184396 "LDA" 2 5000 3.72727272727273
1344.423 45.583 0 0 1310.68268057534 29.0834825968274 "LDA" 2 5000 3.76262626262626
1402.447 46.002 0 0 1359.12754695057 29.373607282811 "LDA" 2 5000 3.7979797979798
1468.64964964965 46.418 1 0 1427.66820177733 29.5260404230412 "LDA" 2 5000 3.83333333333333
1528.75851703407 46.904 2 0 1465.30874355695 29.7401960864965 "LDA" 2 5000 3.86868686868687
1596.97394789579 47.374 2 0 1534.73796760564 29.7969458499018 "LDA" 2 5000 3.9040404040404
1641.30260521042 47.958 2 0 1559.56471263359 30.144467567448 "LDA" 2 5000 3.93939393939394
1698.72244488978 48.65 2 0 1605.23078769457 30.5028182619561 "LDA" 2 5000 3.97474747474747
1770.42326980943 49.026 3 0 1658.23382641666 30.8026967996331 "LDA" 2 5000 4.01010101010101
1832.40703517588 49.608 5 0 1739.2851801178 30.9209709168784 "LDA" 2 5000 4.04545454545454
1907.26565656566 50.232 10 0 1764.43380387682 31.3609579841829 "LDA" 2 5000 4.08080808080808
1987.50859453994 50.598 11 0 1814.43042366602 31.3968813763431 "LDA" 2 5000 4.11616161616162
2076.98380566802 50.874 12 0 1899.27266666781 31.4476243471121 "LDA" 2 5000 4.15151515151515
2165.40526849037 51.251 13 0 1934.62223144211 31.475716349588 "LDA" 2 5000 4.18686868686869
2254.41116751269 51.552 15 0 1988.82109196649 31.4682307342746 "LDA" 2 5000 4.22222222222222
2350.75686673449 51.948 17 0 2057.70184249271 31.5507645984491 "LDA" 2 5000 4.25757575757576
2421.5 52.468 26 0 2112.05671900057 31.6120277156701 "LDA" 2 5000 4.29292929292929
2475.91958762887 53.019 30 0 2160.16819991822 31.9788255613661 "LDA" 2 5000 4.32828282828283
2539.82541322314 53.601 32 0 2206.16755477135 32.2742843209331 "LDA" 2 5000 4.36363636363636
2652.53160621762 54.242 35 0 2259.90455548055 32.4170680707294 "LDA" 2 5000 4.3989898989899
2727.47862356621 54.822 41 0 2316.31410853235 32.698463350829 "LDA" 2 5000 4.43434343434343
2804.79664570231 55.308 46 0 2351.28815503003 32.8234140898309 "LDA" 2 5000 4.46969696969697
2929.92631578947 55.649 50 0 2412.43119500743 32.8998814770084 "LDA" 2 5000 4.50505050505051
3026.80319148936 56.288 60 0 2483.11060560117 33.4217903780164 "LDA" 2 5000 4.54040404040404
3090.0171858217 57.022 69 0 2497.27384689205 33.8473508440344 "LDA" 2 5000 4.57575757575758
3132.93376764387 57.681 79 0 2491.12649936247 34.4407230238043 "LDA" 2 5000 4.61111111111111
3218.07692307692 58.509 90 0 2524.69712560428 34.6578574941684 "LDA" 2 5000 4.64646464646465
3347.91574279379 59.152 98 0 2616.66978107103 34.9340705513298 "LDA" 2 5000 4.68181818181818
3404.32174887892 59.72 108 0 2623.3448248988 35.1921594689511 "LDA" 2 5000 4.71717171717172
3448.94778660613 60.228 119 0 2645.58143068052 35.2173860512145 "LDA" 2 5000 4.75252525252525
3540.33988439306 60.676 135 0 2654.41589403612 35.2854656776425 "LDA" 2 5000 4.78787878787879
3590.80325960419 61.102 141 0 2675.61991896431 35.3984837055014 "LDA" 2 5000 4.82323232323232
3644.93152302243 61.678 153 0 2693.02415498344 35.5421941298447 "LDA" 2 5000 4.85858585858586
3710.1686746988 62.136 170 0 2719.61109615643 35.7045980557452 "LDA" 2 5000 4.89393939393939
3785.86274509804 62.65 184 0 2731.17851652239 35.8747613023209 "LDA" 2 5000 4.92929292929293
3825.10736579276 63.083 199 0 2730.36431881501 35.9897954478263 "LDA" 2 5000 4.96464646464646
3851.81139240506 63.625 210 0 2720.49007292416 36.522023947657 "LDA" 2 5000 5
77.145 20.768 0 0 73.1839727595385 16.8577685462923 "uLSIF" 2 5000 1.5
82.182 21.681 0 0 78.6232312264542 17.3008253432476 "uLSIF" 2 5000 1.53535353535354
89.685 22.547 0 0 85.6394762647162 17.9676550397548 "uLSIF" 2 5000 1.57070707070707
96.272 23.348 0 0 93.5233801711563 18.6422216602107 "uLSIF" 2 5000 1.60606060606061
101.587 23.998 0 0 98.5724249166772 18.7976953201543 "uLSIF" 2 5000 1.64141414141414
107.124 24.667 0 0 103.729679795469 19.0156700304435 "uLSIF" 2 5000 1.67676767676768
114.423 25.565 0 0 110.996090936588 19.8619805979483 "uLSIF" 2 5000 1.71212121212121
123.109 26.859 0 0 119.517008975436 20.9012435271441 "uLSIF" 2 5000 1.74747474747475
132.437 27.595 0 0 131.000347793898 21.2735878624303 "uLSIF" 2 5000 1.78282828282828
140.181 28.634 0 0 138.665166019687 22.1165817247419 "uLSIF" 2 5000 1.81818181818182
151.761 29.804 0 0 146.535847606085 23.3359840622193 "uLSIF" 2 5000 1.85353535353535
163.467 30.666 0 0 159.084659347908 23.8207865922575 "uLSIF" 2 5000 1.88888888888889
171.743 31.405 0 0 162.78697291107 24.1109583657165 "uLSIF" 2 5000 1.92424242424242
182.989 32.21 0 0 172.569223837902 24.4680318902969 "uLSIF" 2 5000 1.95959595959596
193.584 32.785 0 0 182.886293473131 24.9633319679674 "uLSIF" 2 5000 1.99494949494949
209.428 33.59 0 0 204.654514453716 25.2435960025338 "uLSIF" 2 5000 2.03030303030303
220.929 35.002 0 0 210.180831525953 25.9367058183708 "uLSIF" 2 5000 2.06565656565657
231.73 36.099 0 0 218.087687271289 26.9814973676444 "uLSIF" 2 5000 2.1010101010101
244.852 37.149 0 0 229.046227365286 27.6990258860314 "uLSIF" 2 5000 2.13636363636364
260.958 37.992 0 0 248.379888084371 28.1966130055541 "uLSIF" 2 5000 2.17171717171717
274.642 38.934 0 0 267.089844098986 28.7762700452598 "uLSIF" 2 5000 2.20707070707071
291.234 39.574 0 0 284.68737616225 29.210542271238 "uLSIF" 2 5000 2.24242424242424
308.422 40.563 0 0 300.319146085469 30.2022218587508 "uLSIF" 2 5000 2.27777777777778
323.413 41.612 0 0 307.697312414436 30.6085664535329 "uLSIF" 2 5000 2.31313131313131
346.159 43.011 0 0 326.204366935834 31.858402923512 "uLSIF" 2 5000 2.34848484848485
359.844 43.822 0 0 333.548356569434 32.4488712476296 "uLSIF" 2 5000 2.38383838383838
385.495 45.142 0 0 354.09684911554 33.4273424493067 "uLSIF" 2 5000 2.41919191919192
404.993 46.323 0 0 366.822212367908 33.8519515777987 "uLSIF" 2 5000 2.45454545454545
424.879 47.465 0 0 388.758865898663 34.5582558594621 "uLSIF" 2 5000 2.48989898989899
439.082 48.435 0 0 396.594624992035 35.3025784758996 "uLSIF" 2 5000 2.52525252525253
467.864 49.429 0 0 427.228219404402 36.3397790105903 "uLSIF" 2 5000 2.56060606060606
495.369 50.764 0 0 472.711316585321 37.4393377079244 "uLSIF" 2 5000 2.5959595959596
531.508 52.12 0 0 507.45857381676 38.4260870264481 "uLSIF" 2 5000 2.63131313131313
556.853 53.259 0 0 536.832805305201 40.1546798930999 "uLSIF" 2 5000 2.66666666666667
596.16 54.228 0 0 578.844043613499 40.5837782748115 "uLSIF" 2 5000 2.7020202020202
629.863 55.329 0 0 623.45838240061 41.6901286376742 "uLSIF" 2 5000 2.73737373737374
669.438 56.274 0 0 665.127505636893 42.168009972787 "uLSIF" 2 5000 2.77272727272727
698.105 56.81 0 0 697.298747681737 42.4828753110556 "uLSIF" 2 5000 2.80808080808081
732.508 57.948 0 0 734.940402571073 43.493228863318 "uLSIF" 2 5000 2.84343434343434
768.776 58.938 0 0 769.853035013514 44.4261391281961 "uLSIF" 2 5000 2.87878787878788
810.831 59.528 0 0 810.34390457551 44.7111653203571 "uLSIF" 2 5000 2.91414141414141
858.756 60.519 0 0 858.34135420842 45.1975492417173 "uLSIF" 2 5000 2.94949494949495
892.791791791792 62.068 1 0 888.186829659985 46.1401591922946 "uLSIF" 2 5000 2.98484848484848
953.55955955956 62.892 1 0 949.911263763229 46.497207726124 "uLSIF" 2 5000 3.02020202020202
1007.76376376376 64.651 1 0 989.716704192348 48.5329645462509 "uLSIF" 2 5000 3.05555555555556
1062.98998998999 65.779 1 0 1030.70777086318 49.3708379373759 "uLSIF" 2 5000 3.09090909090909
1124.78778778779 67.005 1 0 1095.76164386757 50.2407913165399 "uLSIF" 2 5000 3.12626262626263
1172.68568568569 68.374 1 0 1131.33834293623 51.9390776948512 "uLSIF" 2 5000 3.16161616161616
1228.67367367367 69.591 1 0 1180.54909595219 52.4759511056679 "uLSIF" 2 5000 3.1969696969697
1294.12012012012 70.998 1 0 1235.14039735892 53.6927267411975 "uLSIF" 2 5000 3.23232323232323
1380.80680680681 72.319 1 0 1335.76903150386 54.4240867651467 "uLSIF" 2 5000 3.26767676767677
1461.37137137137 73.556 1 0 1436.8384030273 56.3322304208185 "uLSIF" 2 5000 3.3030303030303
1525.21042084168 75.002 2 0 1471.70456573254 57.5060426471944 "uLSIF" 2 5000 3.33838383838384
1585.04208416834 76.128 2 0 1540.37921519745 57.9661598839503 "uLSIF" 2 5000 3.37373737373737
1676.62988966901 77.056 3 0 1644.87316207254 58.9497747234028 "uLSIF" 2 5000 3.40909090909091
1772.35341365462 78.633 4 0 1707.38786401606 63.0658196538236 "uLSIF" 2 5000 3.44444444444444
1908.83199195171 80.264 6 0 1804.80813991292 64.2362405391116 "uLSIF" 2 5000 3.47979797979798
2007.39314516129 81.44 8 0 1881.24154065392 64.771813219855 "uLSIF" 2 5000 3.51515151515152
2101.8512145749 83.118 12 0 1952.34733296603 66.1041438476729 "uLSIF" 2 5000 3.55050505050505
2177.63275686673 85.128 17 0 2010.03622648886 67.1772312349683 "uLSIF" 2 5000 3.58585858585859
2290.48879837067 86.479 18 0 2054.43420421941 68.3168701987566 "uLSIF" 2 5000 3.62121212121212
2435.94575230297 87.995 23 0 2160.21145038486 69.2504628259018 "uLSIF" 2 5000 3.65656565656566
2510.09846153846 89.489 25 0 2207.5623893383 70.3235471252715 "uLSIF" 2 5000 3.69191919191919
2597.12538540596 90.556 27 0 2246.32441221671 70.595641569495 "uLSIF" 2 5000 3.72727272727273
2684.50877192982 92.793 31 0 2298.68149014961 72.9021596105073 "uLSIF" 2 5000 3.76262626262626
2806.69094693028 94.106 39 0 2372.53732917841 73.3374743848542 "uLSIF" 2 5000 3.7979797979798
2934.83594566353 95.313 43 0 2460.28033220123 73.9291860874686 "uLSIF" 2 5000 3.83333333333333
3020.23834745763 97.489 56 0 2503.82398092111 75.5876270851809 "uLSIF" 2 5000 3.86868686868687
3115.6113490364 99.087 66 0 2559.483140046 76.6468405687356 "uLSIF" 2 5000 3.9040404040404
3175.04880694143 100.878 78 0 2581.54598884315 80.0021465928225 "uLSIF" 2 5000 3.93939393939394
3246.76509330406 102.613 89 0 2593.6169931961 80.7075147302526 "uLSIF" 2 5000 3.97474747474747
3354.39130434783 104.918 103 0 2646.27541649938 83.0354391820755 "uLSIF" 2 5000 4.01010101010101
3423.57709750567 106.973 118 0 2671.49038977792 84.3860609240547 "uLSIF" 2 5000 4.04545454545454
3511.83657142857 109.17 125 0 2703.77684177201 85.4622542231183 "uLSIF" 2 5000 4.08080808080808
3645.60581395349 111.237 140 0 2740.98206727036 86.6845143958022 "uLSIF" 2 5000 4.11616161616162
3716.11575178998 113.797 162 0 2768.48680806289 89.2966498961897 "uLSIF" 2 5000 4.15151515151515
3780.94884287454 115.255 179 0 2786.22706686147 90.4332690504504 "uLSIF" 2 5000 4.18686868686869
3828.68695652174 117.274 195 0 2782.200526122 93.033629297046 "uLSIF" 2 5000 4.22222222222222
3926.05710659898 119.246 212 0 2798.0316793808 93.5107894937892 "uLSIF" 2 5000 4.25757575757576
3986.82767624021 120.723 234 0 2824.48505602413 94.8684367494863 "uLSIF" 2 5000 4.29292929292929
4054.3598937583 123.504 247 0 2848.06246837419 96.9268631536212 "uLSIF" 2 5000 4.32828282828283
4145.52845528455 126.441 262 0 2865.62587543121 99.4499814872674 "uLSIF" 2 5000 4.36363636363636
4210.21329639889 127.78 278 0 2858.28219780063 100.060690292151 "uLSIF" 2 5000 4.3989898989899
4221.4907275321 129.766 299 0 2867.41957944015 102.091164406377 "uLSIF" 2 5000 4.43434343434343
4266.46627565982 131.932 318 0 2883.35696213766 103.656200894997 "uLSIF" 2 5000 4.46969696969697
4354.98644578313 133.702 336 0 2914.1987675568 104.902610805231 "uLSIF" 2 5000 4.50505050505051
4407.25271317829 135.704 355 0 2931.18840339942 106.771674963796 "uLSIF" 2 5000 4.54040404040404
4461.79193548387 137.651 380 0 2964.57559128543 107.650145158995 "uLSIF" 2 5000 4.57575757575758
4437.64226289518 140.117 399 0 2953.60609089029 109.826632472275 "uLSIF" 2 5000 4.61111111111111
4478.34693877551 142.411 412 0 2966.38128600201 112.950448794517 "uLSIF" 2 5000 4.64646464646465
4467.40734265734 144.19 428 0 2938.72551276664 114.228166289992 "uLSIF" 2 5000 4.68181818181818
4535.44665461121 145.523 447 0 2898.63779434744 115.061708085999 "uLSIF" 2 5000 4.71717171717172
4549.26716141002 147.132 461 0 2904.88908589546 116.777187359036 "uLSIF" 2 5000 4.75252525252525
4588.13926499033 148.759 483 0 2902.04204366569 118.114978165629 "uLSIF" 2 5000 4.78787878787879
4637.22155688623 151.315 499 0 2914.45966052275 119.529674634034 "uLSIF" 2 5000 4.82323232323232
4676.78881987578 154.422 517 0 2933.48370088539 121.182478556552 "uLSIF" 2 5000 4.85858585858586
4718.51716738197 156.6 534 0 2915.13888208696 121.953346073893 "uLSIF" 2 5000 4.89393939393939
4756.54606741573 159.353 555 0 2909.63497614083 123.319155061187 "uLSIF" 2 5000 4.92929292929293
4814.49061032864 162.275 574 0 2904.33846288108 124.955236729743 "uLSIF" 2 5000 4.96464646464646
4806.22604422604 164.003 593 0 2865.39507897783 125.566236986185 "uLSIF" 2 5000 5
